19743
22348
14237
14237
10747
14226
14220
14220
20941
14225
14225
14227
14227
14227
14234
14229
18335
03297
21029
03288
18146
14228
14228
14233
14218
14218
14234
14230
04771
02533
14219
14228
14223
14230
01173
01966
14237
02358
13028
09017
14224
14224
14225
01524
04063
06193
10001
01113
05540
02056
02056
02056
02056
15035
18145
14218
14218
14218
00970
18893
14219
14228
01183
14974
07117
14233
14219
14222
14234
14231
14219
14235
03699
00568
14998
00240
09159
01647
00121
01070
03760
03406
07157
02221
01963
01695
01696
01817
06173
00133
00052
01704
01703
03686
04043
03687
02990
02686
02963
02939
02314
07175
03564
14260
00003
01733
03753
03750
03636
01714
03635
03695
00154
05541
08295
01999
01997
01998
01995
01996
14287
13634
03795
11720
07091
01255
02339
01999
01647
00058
06177
03772
00281
02437
00605
05833
05832
01989
01841
01953
00598
00024
03710
00241
00242
00239
14232
01607
01607
00135
07246
02034
02033
02035
01560
12972
07025
03522
03521
03924
08305
02258
02274
02275
02169
03216
03496
05834
08369
01799
07402
03464
02106
09780
01055
01032
01031
02624
09989
02027
02025
02026
01053
03701
00860
03111
01153
01154
03427
07112
07112
01647
03303
00566
03543
01951
01698
08973
07018
07258
02950
02992
02355
02358
02946
02906
02926
02892
02886
02965
02890
02982
02878
02904
02961
02821
11189
08483
01546
01547
01548
07646
07667
03644
03801
09158
02116
02108
02110
02109
02113
02111
02115
02112
02114
07577
03724
04567
02956
00962
01803
03075
01759
01759
00330
00331
00332
00333
00334
00335
00336
00337
00338
00339
00340
00341
00342
00343
01995
01996
01999
01999
01997
01998
01738
02004
13993
02003
00791
06889
01126
03572
03975
04062
01448
06925
00311
03781
07044
00058
01053
03782
03885
01028
01029
03408
09919
01950
04751
06966
00901
03088
01652
01653
00053
01649
07262
00684
09790
01462
00990
01265
07234
08167
01999
01409
07183
08223
02509
00151
05921
00077
01142
03413
01194
03776
03585
09800
00609
06131
02014
02455
03802
03802
05805
03919
03781
03412
00575
02014
02035
02033
02034
03654
00793
00797
02014
00822
00140
01999
01997
01998
01995
01996
00029
02528
03771
04744
07102
09761
03735
03736
06872
03744
07019
03585
03577
01821
03406
01638
00117
08983
01887
03673
09774
06861
03092
03406
07444
02471
07039
03406
03743
01095
00946
00101
06048
07088
00609
07090
16011
03296
15011
15726
00974
01069
06177
11939
03719
15726
15012
01659
01075
01897
13745
06867
03406
02313
02338
03406
00548
03654
00261
02014
01455
11921
10001
06076
01483
02029
02029
00548
09952
01114
07058
00528
03406
10125
10126
07391
04752
03320
11472
11473
00432
01775
02035
01555
00799
00077
04485
00826
08218
01295
06140
06222
01142
00762
02434
03655
02433
02435
03569
03570
03571
05515
02029
07090
02066
02065
02067
03088
00390
06143
07641
07663
05595
01061
01752
01969
07124
05539
03616
14267
00674
02670
01439
07320
06158
00023
00626
03821
05810
07006
05366
06969
00382
02470
03427
03427
01154
01153
07043
01974
06940
14414
11089
14415
07074
00003
03394
02189
02189
05934
09945
03722
02342
01649
01626
03554
00626
10680
00799
06940
03495
03501
03496
07002
03497
13775
13777
13778
01163
05936
03795
06042
02188
00595
09780
00798
13069
09707
06895
05596
02049
02050
00285
05596
01596
06920
03670
01754
09456
00450
08195
01750
01733
07275
14519
07387
01907
01476
01750
03610
03609
03608
01760
06131
06181
07126
06175
07507
13639
14540
01652
01919
01999
06915
06991
01875
01754
03527
03774
03630
01119
06886
02004
03593
07001
00156
01874
03169
03524
07649
03553
03565
03074
03072
03210
04090
08304
11712
11711
00982
05375
00453
01556
06940
04758
04759
00116
02968
03980
06879
00472
09861
08300
06179
01091
04773
07056
06287
07040
02911
03621
00648
00645
00059
02078
09458
03088
03597
03598
03596
03100
03685
03595
03584
03474
00997
01207
13953
02057
03446
10440
10441
02526
14441
03322
02356
01640
13051
13892
13889
13890
13891
01266
01779
03703
00995
03530
14188
03367
11740
01791
07290
14162
14161
14160
01507
01755
01738
07238
04564
03299
00059
03639
03752
03750
03671
03469
08307
02051
06187
09747
02343
11103
01647
11263
07160
07722
00101
14348
00427
01430
03701
06938
01640
12972
01968
13766
09858
00626
00906
01673
03412
03411
00575
03408
03407
03413
07140
06942
03655
00612
09153
02805
01791
01711
02377
12452
01464
01534
00285
02967
02357
09903
02838
00806
00981
00099
11749
07277
06142
02536
02372
00677
00748
03470
03437
02014
03088
03841
01256
02836
05522
08591
06985
09767
00075
01940
09913
11754
03749
03558
00764
10764
01707
03088
03746
03760
00031
09005
04564
03601
03561
03559
00912
09791
00979
00939
01424
01356
03578
00285
14682
07146
03611
02045
02047
02046
02048
07002
00574
07167
03088
09701
00574
00989
00942
03060
04760
03705
00858
03631
06958
03575
10563
02494
00919
00948
02897
01056
01754
01470
03406
02014
09928
05794
03717
09962
01599
04066
07088
03656
01058
00773
00799
03408
03406
03406
02034
13522
01950
00763
00789
02517
02517
03978
07399
07147
01586
06202
05366
02662
02663
02664
02665
02666
00891
01735
01129
09941
07491
00265
00266
02029
02065
02066
02067
04754
07323
07122
00790
00765
00013
01885
07552
08169
06959
06980
07082
00943
02341
02676
03424
11085
03641
03640
09748
02600
02519
02834
01118
02073
00627
00163
01491
01414
01807
02342
04755
02835
02493
07390
01338
01881
08311
00931
03979
02899
02888
02523
02652
02653
02654
00859
09862
06923
00620
03070
03600
03599
00413
00412
00411
03282
09808
07462
07053
01867
11811
03744
03046
03043
02935
02864
02863
02867
02601
03073
01920
05782
03549
01919
03498
03499
00147
02340
03643
01869
03561
00215
06186
03711
06023
02806
05808
01923
09914
05838
01588
01589
07566
07275
07259
01628
00854
03190
02518
02050
02049
02051
00029
03458
03406
11103
01953
01953
05946
03606
00799
02014
02013
02016
02015
13821
03215
03559
03561
03832
02192
07107
00681
00763
09760
06966
06199
01469
05564
05563
05562
05561
05560
05559
04044
04082
13628
04488
04487
13643
03702
00832
00382
01753
04762
13924
00928
04075
01962
01247
01883
03768
03269
09933
00681
00163
06133
10531
06160
13255
02014
05375
03088
07001
01574
00019
01474
01473
03281
03789
03284
01243
01624
00873
02016
02015
02013
01262
03969
01611
00615
00134
07010
07347
03775
06911
00681
07127
07402
13482
13481
02057
02057
06015
02029
01494
07054
01525
03746
01681
05788
02945
00800
04517
14170
00831
02469
03286
01584
00208
13893
13894
13895
13896
00164
00658
00382
06916
03722
05807
02337
06891
03694
13652
01141
09959
06999
03786
01886
08972
02029
02029
02057
11003
00761
01754
07088
06915
01945
00228
09710
00783
06287
08301
09461
10546
10548
10547
02057
02057
00883
01631
01684
03406
14652
00794
03625
07107
03562
03560
03646
00428
02297
02298
02299
02300
07090
08303
01682
01644
05896
00278
00833
01935
00652
01737
03342
03517
00767
00606
01918
00057
03071
03676
01834
03797
03594
00954
03110
05595
03089
07152
02259
02276
00432
00799
01756
06938
08972
03637
01902
01903
00145
04096
01462
00604
00927
01591
00097
01714
14236
02000
01895
01687
03594
13292
01578
01999
01997
01998
01995
01996
01533
00404
00405
00407
00406
09926
01420
09792
09888
02224
02231
02016
02015
02013
04719
02227
00817
01972
01908
00219
00567
13529
02527
01895
01721
09181
00573
07304
03711
02003
02004
02014
03092
07552
13288
06013
01724
06949
02227
02884
00554
02860
02959
03823
03306
07220
01996
01995
01998
01997
07478
08987
03634
03466
00384
02902
02913
00507
03500
11175
09915
03406
03550
06217
07042
07560
03710
05591
01241
05548
00014
02769
02770
00882
02768
08483
11183
03435
04045
08289
01118
00074
02509
02510
01778
09921
03733
06969
06204
01419
03667
03925
03438
03586
03587
01928
01929
01000
01925
03588
02563
01924
01921
03589
03590
03531
02535
03147
03406
01159
00981
05818
03814
00014
03832
01147
07000
05837
02433
03568
02232
00768
02053
03761
10773
03745
03113
09954
06886
07322
13771
01053
05596
06895
02073
01079
03723
00991
01770
07638
07659
00019
00951
07088
00275
06145
00851
01690
01625
03576
00549
06952
02033
02034
02035
01644
02014
11753
01870
03101
02053
02053
03324
01821
13979
14347
01799
01502
00450
09461
00180
05548
00179
00647
04079
06182
01738
07027
07137
03406
03522
07516
03799
01465
02004
02003
03928
01626
02558
02160
01961
02687
00856
00526
00525
03806
02667
02668
06950
05786
03557
00602
01845
00941
02657
02658
02659
02660
02487
06596
01669
07735
07447
02825
00609
01465
00655
02011
02454
02453
02463
02462
02461
02460
02459
02458
02457
02456
02452
02233
01754
07397
06134
02033
02035
03770
01755
01265
01652
05712
00135
00135
07003
00823
03455
11927
02114
00154
06995
03406
07007
03671
03628
03546
03547
02909
03327
07636
07657
02039
02036
02038
02037
02040
08296
00937
03431
00796
03798
02427
03624
01955
01956
11737
00140
04565
02014
01053
03192
01429
01428
03829
03187
03188
03189
02034
02033
02035
00822
03406
03413
03407
03406
03406
03408
00575
03411
03412
08084
02655
02674
02673
02672
02671
11752
08995
02421
02420
02419
02418
02417
02416
02415
02414
02413
02412
02411
02410
02409
02408
02423
02422
02407
02406
02406
02556
02557
03413
03414
02401
02400
02404
02405
02398
02386
02387
02388
02389
02390
02391
02392
02393
02394
02395
02396
02397
02032
09458
00036
00616
01810
03406
10227
10228
10229
00007
00616
00847
00854
04077
04078
02355
02072
02071
10979
01012
10001
01965
07588
01847
02033
02034
02031
02032
07154
02035
00135
01706
06145
01495
08310
01876
03688
03690
03183
00058
05813
05814
05815
05816
01126
02492
00285
01104
00059
02051
02049
06876
07154
07458
00558
04565
07154
03500
00817
01693
02501
01814
01784
01792
02500
01496
01523
07001
02503
03116
03117
03118
07114
03924
03424
02454
00059
01845
03177
06207
03088
03664
09801
00088
01951
03657
07733
06075
03271
02670
02669
06997
01620
00077
03406
05358
03086
02316
00681
03787
00573
06194
06180
06024
06178
00940
06941
02656
01892
03977
03666
03665
04088
04087
02502
01939
07101
06183
01915
07708
07712
07518
01772
01740
01736
07738
00600
12573
00703
01236
00975
02051
02050
05836
01745
01712
09975
01468
01613
02518
02073
02071
02072
02403
02402
01595
01749
01719
02496
02498
01873
00963
12339
00252
00523
00950
10763
01933
02346
06886
00101
03769
02453
02462
02461
02460
02459
02458
02457
02456
02455
02454
01790
00973
00067
01710
03525
00375
07734
07043
00655
03273
01879
01878
00647
01716
05597
03820
06189
00457
00500
10439
10441
10440
01433
07507
07673
02575
02575
00370
00371
03106
03669
07715
07711
06168
03827
03088
01996
01999
01998
01997
01995
00299
03981
05520
00874
01685
03534
00041
10439
04763
04083
05589
01689
01627
01937
13038
01520
03775
07287
01714
02622
02621
03406
00868
02238
01251
09458
00059
01952
09781
07275
01740
08303
01297
01434
00074
00788
03149
03154
03153
00941
09136
00384
05524
00957
00381
07090
02048
00299
03411
00575
03408
00362
00363
00372
01673
07007
02970
09117
00799
07246
07001
01685
00135
02510
03592
09889
03831
00640
00697
01092
07814
07402
11177
11178
13483
07141
06140
02033
02034
02032
02035
06978
09822
05577
03717
00820
04042
02057
02057
01866
09001
00641
11719
03270
06041
03455
00759
00380
03650
02035
03217
08998
03536
02914
06195
01783
01091
01657
04782
03227
03226
03225
03230
03229
03228
03224
03223
03222
03220
03219
01658
00766
01609
03648
00647
07107
02078
02078
00135
02014
02014
03594
03386
03387
09773
01007
14393
03772
01640
01714
04091
13635
01872
03439
01894
06955
06911
07146
04562
01760
10804
02003
03218
12410
02858
07240
07240
01262
01255
03559
03559
03561
03832
01738
02471
02014
07649
07774
07795
07793
02014
03555
00208
07395
06153
07789
07788
07799
02019
02020
02018
02017
01756
05020
00700
05343
01662
00795
03602
01011
02996
02871
07115
03642
00297
06442
01251
02837
10004
10002
10003
10001
10806
07516
05501
07649
00930
09691
09690
00681
07568
03655
04761
04047
03179
00286
00864
02444
00373
00374
03769
01673
00525
09973
11068
01142
00287
00560
07058
02291
01338
03544
01358
03545
11903
07169
11906
11893
11892
11891
11890
11902
11901
11900
11898
11897
11896
11895
11907
07043
11177
11178
13483
01776
01676
01679
03168
07664
07642
02002
03769
05527
06190
07305
01999
01997
01998
01995
01996
07516
00626
00046
07119
02348
02012
01637
01868
02520
02916
02887
01889
01890
04764
00661
03893
09771
03529
05367
06894
08224
01755
08082
08083
01755
01061
01779
00285
02335
02204
07093
07231
07338
09947
03657
01295
00364
09958
02529
00852
06726
08309
03672
01087
00697
00845
03897
00836
02050
02049
02051
03119
02027
02025
02026
01633
06200
14058
03551
06911
01438
01246
00574
01912
01996
01999
01998
01997
01995
02450
02451
06182
07240
01118
15034
14237
14221
14221
14233
14228
14228
14232
14232
14233
14225
00111
02874
02895
02931
02954
02994
02933
02881
02988
02907
02876
03076
02919
02952
02948
02986
03040
02879
04046
07056
07460
04098
02303
00480
00249
00249
00248
05973
00956
00632
01897
02010
02058
02058
09810
12340
02650
01992
01992
01990
01545
07684
05874
05874
05874
02483
02483
14742
00090
07794
02483
02483
00344
00344
07749
06020
06016
01167
07232
07168
06867
07011
07506
03566
02030
02030
02030
02030
02030
02030
02028
02028
02028
02031
02032
02031
02032
02031
02032
02031
02032
02031
15724
15773
15727
01840
01708
15461
15554
15634
00102
00104
15553
15539
03929
10831
15555
03929
15551
02050
15738
15552
15256
02428
02031
15725
15357
01692
03560
15727
15725
15727
15578
15577
02001
00459
08086
03767
03086
15342
15342
00666
01081
01487
01485
00108
00253
00020
02028
02483
02483
13590
07213
02379
03521
12262
12262
12262
00355
00355
00537
00537
01185
06016
06016
07481
07486
07486
07486
07497
11745
03457
03457
07222
07165
06893
07116
07126
09951
07130
02484
03719
03719
03574
06147
06147
00128
00128
00128
00034
01728
08261
00064
01179
01179
01458
00249
00249
01505
00004
01501
00459
01897
01046
00666
01768
00020
01426
01426
05603
01826
01713
01856
00141
02480
02480
07506
03566
05799
03719
03719
03719
03719
07782
07733
07346
06147
06148
02055
02055
02054
02052
02052
02058
03298
15268
11004
15977
15987
15977
15977
19736
07464
02847
16135
16092
07486
16088
16147
16090
16137
02014
15555
02028
01801
01983
14229
07165
07038
01977
01977
01977
16165
16165
16171
15726
03321
16267
11959
11959
11959
11960
11960
11960
11961
01978
02067
11961
01980
01980
01980
05825
11961
11962
11962
11963
07012
11963
11963
10001
11962
18981
16203
02226
16841
01985
01985
01985
17103
17325
17322
17323
17321
02066
11209
08738
17324
00705
06044
17247
17103
17228
01990
04084
10111
01992
10112
10112
17686
17836
17723
00254
17836
19746
07263
07263
17762
17763
17836
17837
17752
18029
18139
17315
18028
13995
17938
01801
18009
18143
18144
18030
17850
14578
18243
18242
14581
18118
18138
00647
07046
18379
18373
21430
18374
00138
18457
11904
11904
11904
11904
11904
11904
11904
11904
18480
18661
18850
18879
21686
18778
08598
20862
18902
03790
07278
01971
18901
18903
07050
03526
18979
16898
16899
16238
07746
19117
09951
19221
19200
19118
19119
07448
07062
01066
19302
09459
19267
19295
04771
19302
19337
19416
19295
11209
19577
00799
19707
07315
00992
17722
19777
00799
06131
19784
06131
15777
19804
08992
22209
05770
11751
20034
09796
20035
20074
20074
20807
20074
20444
09788
20455
20429
20534
20628
21394
11529
20757
13439
01214
01563
11991
21006
21007
21008
21010
21011
21053
20940
21021
21023
21012
20942
21009
00821
13877
21019
21019
01139
11527
21394
21394
21393
21393
21395
21405
21393
21395
21395
21395
03651
21420
21405
21699
21645
21645
10026
10914
21645
00043
21929
19591
22003
03892
05802
15576
22132
22131
00097
14274
14274
22185
22187
13876
13875
22186
22292
22296
01337
22303
02257
00611
11206
22452