14224
14224
14234
14219
15640
01897
02313
02338
03629
03453
02469
06895
05596
02470
12583
03436
03709
01990
01990
01990
01990
01495
00796
13940
01918
07154
04567
03696
03575
04485
02040
02037
02038
02036
03306
07220
01791
01061
00847
01126
00941
00788
00878
03305
01875
01304
09760
07259
04075
00760
03798
00645
00163
01438
03762
11068
08987
00640
01738
05782
06989
01857
00448
00449
00481
01031
01032
02624
06999
03637
01624
01556
02952
02919
02518
01265
03076
02876
02907
02988
02881
02933
02994
02931
02895
02874
02961
02904
02878
02982
02890
02965
02886
02892
02926
02906
02946
02358
02355
02935
02864
02863
02867
02601
03073
06980
00937
06975
00133
00075
03147
05592
03466
02283
12510
12511
02836
09812
09811
03664
03750
03639
02020
02018
03750
00373
00371
02575
01126
00761
02034
02529
02529
00847
02532
01620
03684
01681
02469
00426
00425
02470
03086
07043
03657
03426
03657
02071
02072
02073
01845
03154
07053
03117
03088
06966
10008
10005
10006
10007
01647
06207
03149
01870
00528
01358
03545
01808
01256
10805
13639
01657
02500
00765
00794
00793
11752
03811
01783
03500
00604
01462
00982
01915
00606
01265
07738
00013
02337
06180
03101
02221
09772
05810
03531
03589
01924
02563
03588
01925
01000
01929
01928
01940
02034
00566
04487
00796
03216
03522
03521
03969
01698
01749
01772
00231
01599
02492
03777
06942
03527
03601
03602
03790
01951
04077
04078
07043
01153
01154
03427
06199
06199
06949
00800
03088
00164
03578
03564
13789
02472
01874
00052
00826
00946
01703
01704
02341
01255
00382
00658
03801
03644
01915
03827
01697
09767
03799
05786
03308
02503
02551
07093
00627
09861
00134
00766
02276
03710
02275
03686
03705
09940
03596
02968
02340
02237
01869
03116
03118
00563
01462
06916
00806
03584
01649
07042
09761
00156
06997
01738
00239
07071
00817
03284
01903
01902
03762
01652
00943
02039
02618
07178
08296
01421
07736
12506
01883
03218
01087
00697
09781
05916
13771
03654
00162
00161
02613
02612
02611
02610
02609
15977
01354
01912
03587
03438
03925
02346
03070
09927
06048
03449
02483
01952
00252
00074
07107
13529
01246
02003
00074
03762
03648
04077
03704
07175
02654
01673
02616
00453
00299
11175
02003
02897
01056
11717
03313
03723
00831
03657
01689
03885
01754
03624
06888
00382
06287
00942
01591
01955
01956
01465
00609
02825
03625
02356
01735
00891
01736
00014
07082
07447
01872
02986
07478
07560
03550
01159
08681
07282
01284
06215
01868
00876
03704
01057
00688
03702
00859
02945
03306
00873
00266
01695
01696
01662
01876
01892
03074
03072
03210
03551
09710
00969
00147
00931
03979
02899
02888
00940
11754
00957
00390
01873
03544
01358
03523
09013
09015
09014
02259
00615
01810
00036
01609
00975
00703
03075
01803
00927
00134
04564
06958
03703
00655
01091
03701
06916
02426
01652
01653
00053
03819
00958
00957
00955
03100
03470
02002
02000
07460
07391
04096
03733
06929
01740
01805
01939
01652
01952
09858
03212
07071
01772
03300
00928
02343
03924
03088
11753
02956
00215
01714
05847
05846
05846
05845
02016
08369
00602
02003
02015
02015
02016
06193
01952
02034
01638
01637
09975
00943
07020
03696
09019
00285
01207
00868
09125
01588
01589
02259
07056
00549
01740
01809
03924
09458
02078
00790
00057
01921
03655
14267
00954
00963
03724
00783
07107
03524
01972
00773
03424
02478
00161
00162
00627
02034
00099
02528
00919
04042
00948
07795
13979
00962
07173
02015
02013
03466
00995
03565
00791
01778
01881
07090
09748
02600
07742
02519
02834
07160
01938
00031
01129
08094
01534
04095
01433
01491
01142
01867
03781
00240
00239
00242
02168
07335
01740
00641
06999
01880
09936
07240
01129
09780
03789
06925
01775
03282
00820
00997
00012
03431
02996
02871
06173
02879
02948
03040
02992
02950
02013
02015
02015
02016
02016
04096
01895
15554
03782
01126
06901
03183
09959
03340
07090
01142
00762
02529
03046
03043
00252
01462
13288
01079
07090
02909
03800
01256
02435
02434
00060
01468
11065
00794
01265
01935
00833
01012
13745
02967
02357
09903
02838
00981
03665
01866
01356
00817
01693
02501
02520
06442
00858
03631
01937
07727
01647
01720
01908
11103
05896
06024
06178
00945
03977
00864
02440
00111
04066
00789
13038
03060
02916
02887
03437
01889
01890
07101
00145
00620
00930
00611
03402
01755
00759
02108
02110
02109
02113
02111
02115
02112
02114
01443
05838
08999
03928
00655
01626
02003
01687
03517
00278
00767
04487
03824
01714
06153
01586
00003
01733
00872
03628
02835
02493
08281
00763
06891
01776
00989
03547
00116
03652
03781
07058
03106
01895
01895
02016
07040
02911
03685
03529
03110
03320
02015
02015
02959
01887
06960
02860
00554
02884
03100
14228
06941
07090
01425
00344
03449
09117
02553
01669
07458
02379
06996
09793
07693
07778
03975
02484
13950
06131
05571
05569
05567
01494
01676
07088
06915
07250
06213
01752
00627
00162
00161
00817
08972
01756
07402
13482
13481
06901
02575
00372
00363
00362
02013
02015
02016
00140
00014
00600
06995
03767
03303
00098
03303
00782
05845
05846
05847
05846
03310
01644
00019
07118
02034
01028
01029
00648
01744
03088
02437
00605
00281
00252
03579
00886
02013
02015
02015
02016
02003
02217
06959
04762
03449
03704
01817
13821
07071
01584
01579
03701
06726
02168
01433
01631
00883
06048
05520
03313
02034
01744
00615
00615
07154
01684
02475
01916
14225
14221
14221
01990
03293
00305
00303
00600
03919
00847
01712
04047
01745
11069
11071
07127
02647
00865
03464
03381
03521
02361
00216
01252
00849
00965
10547
10548
10546
01804
03522
07088
04095
06975
07238
02939
02963
02990
01153
01154
03427
01638
06911
14233
03293
14232
01858
03980
00384
03671
01433
03501
03217
08998
03536
02914
09005
01153
01154
03427
03556
01608
14234
07156
03530
02954
02913
02902
11738
01661
01911
02548
07399
01926
02283
00262
04768
00286
03168
07146
12510
10773
01895
03786
01923
01945
00764
01933
03695
03439
03686
03687
04043
05834
06048
01425
01126
02016
02015
02015
02013
02015
02016
06133
01673
01969
01644
14218
14218
01739
01897
07052
04092
05364
01934
14229
01897
01768
18230
07045
01239
02013
03762
14233
10242
00758
00128
14260
11072
11601
11601
01992
14235
14231
14228
01739
14220
14220
01992
14236
14225
06867
02029
02028
02510
02075
14237
14228
14237
14237
02509
03709
02030
14230
14228
14232
01046
01176
14227
08194
06147
10241
14219
14219
14225
14225
14225
14225
00130
10947
14223
14223
14230
14230
14230
14218
14218
14232
14232
14232
14219
14222
14230
14234
14234
01259
01607
11737
11737
14233
14219
14237
14237
14226
14226
07132
14229
14229
14229
00001
07794
14393
14233
03574
03380
00567
03294
00851
00045
00854
13953
06147
06147
01692
01802
01840
02057
02057
01990
04517
02484
00721
03709
07483
18230
02483
11070
01515
06187
01664
07222
00854
08483
00882
01715
09167
08981
07386
00619
07067
07729
01426
04518
01507
03153
09684
00805
02552
02549
13640
06994
01596
02238
00059
00232
07442
13527
13570
13571
07304
00626
00059
06988
03889
03890
03891
02274
00135
08167
01692
16013
00360
00852
03647
03718
09684
01479
00276
02077
03469
07393
01470
04750
07004
05350
07776
01322
01480
01092
02004
13573
03727
03647
02049
13280
13280
07025
02566
00059
06221
07032
14162
00153
00700
05794
00564
07586
00626
10947
00616
09762
00598
01011
07305
03499
03499
09118
07177
02342
01262
03593
01439
00674
06994
02342
02050
02049
02051
05522
07077
01496
01523
02033
02035
08372
01524
01524
09684
06346
01466
00088
00088
13787
07654
07670
06179
01409
00867
00939
13669
01719
00389
11263
03711
01011
01989
05832
05833
01823
01784
01885
00027
01784
02025
00365
00666
00666
00851
03299
00033
05522
00058
07030
03635
00374
00027
00046
02035
02033
00626
13641
01191
02004
01092
03316
01113
01885
02035
02033
02348
01488
09009
12503
01679
04488
01619
03783
11263
06994
03177
00830
02446
00135
02035
02033
13280
07032
03325
03294
00101
01724
00135
00004
02035
00626
00666
02033
02823
08688
02033
02035
01488
11263
00241
02056
01489
06976
07793
04518
01243
03743
02433
00639
10232
10233
10234
00652
06988
01814
01817
04763
16163
01104
02619
05570
05568
05565
06902
02351
07245
06196
03499
06877
06147
02035
07503
02342
02035
00712
07104
00712
01958
02004
10563
05794
01966
07768
03457
11603
11603
00104
14223
14224
00042
10947
00897
14228
01187
01802
01081
03897
02074
03417
02031
02032
02614
14977
07029
00970
02001
08093
14645
00301
14652
16014
06177
08225
15371
01055
08316
14761
00273
15034
07214
15372
11602
11602
01835
02363
15553
15733
01834
15521
05602
15526
02428
11741
00459
15520
01082
01713
07284
01840
00392
00368
15733
18926
18926
00594
15771
03530
16163
00130
02083
18955
18955
02424
10009
11733
06221
03299
11733
01977
01977
01977
01977
01977
01977
16264
03321
15772
02851
07260
15770
16783
11601
10118
10119
16785
01985
01985
01985
01985
01985
01985
16784
10010
10117
11991
16786
16787
16923
01190
02303
00681
16840
16925
16785
16786
16787
01719
02303
01980
01980
01980
01980
01980
01980
16841
02029
02030
15582
15581
01992
01992
01990
00151
00265
00951
02028
03574
03574
15580
10112
05845
02027
15555
11069
03671
02026
17686
01739
01533
00971
12574
07284
11928
17755
00128
17828
01069
00254
02031
02032
02031
02032
02031
02032
02031
02032
00956
00663
17883
01267
03343
01297
00104
18277
18118
00138
21688
10947
11928
02015
02031
02032
01465
02031
02032
02040
03671
07058
04064
01897
06997
06886
07140
03969
01724
03564
02342
18353
07260
18455
03380
03574
09796
06168
10531
08744
18775
18701
00304
21687
20814
07316
05342
18917
09693
09692
18833
03503
03502
03497
03496
03111
03496
03111
03497
03496
03111
03502
03503
06147
18930
18929
18928
01436
03976
07483
07483
07483
07483
07483
07483
07816
03526
00571
07448
19265
07497
00020
01990
19302
00020
12954
19267
01785
03722
12954
18816
19577
19577
19710
19784
19784
15777
07119
13775
02033
02034
12132
12132
12132
20074
20074
20074
00526
21071
03332
07100
21147
00821
21147
00529
00529
00632
00525
00857
00558
03553
03546
02316
06191
01520
01174
01174
06217
00560
00287
06191
03006
02314
06191
02335
02031
02031
02032
03636
00525
00526
02335
00980
05710
21417
03741
21416
21471
21481
21471
21471
03651
21471
21600
21562
10914
21885
21885
00936
22010
00302
01816
03595
21903
22187
03077
17758
17759
22319
22297
02257
15640
22317
22320
11206
00728
22468
08300
08301
07566