01916
01419
08900
05515
00343
00342
00341
11753
02412
06178
03177
06180
01975
06178
09903
09862
01247
03885
00239
01704
03783
03856
07303
00331
07823
03587
04564
01657
00324
06282
07386
01588
02341
09930
02313
03282
02888
02899
03979
00059
03892
02909
07056
03497
03496
03501
03657
01885
07071
02315
04075
08482
06996
06137
03495
02535
01611
00797
00058
00655
07010
01873
03215
02238
07223
03210
03072
03074
07154
04744
02902
06196
01885
00991
00344
03667
06346
08998
03536
02914
01681
01129
03322
00677
02372
06287
03596
06142
03553
02838
00059
07734
03431
03710
04063
00853
03307
02529
03306
07486
04561
07322
03724
00294
05366
09888
01814
00111
03521
03522
00616
04047
07006
00433
01154
03427
03594
03568
03270
03724
04066
06958
03271
09763
07407
09458
01448
06044
01482
01159
00845
09992
07305
07305
00343
00239
01848
02346
01624
02626
02343
04518
00123
00283
00282
02337
03470
02274
03168
01153
03685
01903
01883
05349
02112
09807
02440
10543
01874
00782
09778
10773
02338
02470
03601
00954
00956
00525
01696
01695
01878
01879
01892
03040
00333
00341
00342
07304
07304
07304
04082
03644
04078
03801
09137
03711
09747
09915
03154
00426
03153
09748
02434
02335
01056
00609
03043
03046
03649
05788
00864
10563
10563
01278
02433
09769
02199
09017
11177
03832
03559
03562
03631
00174
00175
05595
02446
00252
00612
03975
01706
01053
02082
01754
02669
03565
02669
00826
02520
02916
02887
00720
00720
00226
03737
07399
03701
02503
03642
03575
00957
00390
06903
06907
00124
00127
02380
07007
02078
02275
02276
02276
02529
02380
03521
03522
04755
04488
04487
07646
07646
01547
05349
02529
09958
02926
02892
02886
02965
02890
02982
02878
02904
02961
02874
02895
02931
02954
02994
02933
02881
02988
02907
02876
03076
02518
02919
02952
02948
02986
02879
00147
00605
04567
00332
00339
00340
02108
00340
00339
00336
00334
00332
00330
07240
01265
01869
00318
01768
03186
00059
03453
00240
07192
03969
07107
00981
04750
01849
07727
03569
03570
05837
02662
02663
02664
02665
00016
04751
03320
07090
06872
03744
01273
03704
03407
03408
03413
00140
01845
03544
03545
06941
03634
03978
07124
02529
01470
02416
02405
02400
02401
02421
02420
02419
02390
02389
02411
02410
02409
02408
02388
02387
06861
03092
00872
00995
03624
07736
07447
02871
02996
02967
02357
03641
09990
09726
02110
02113
09955
09957
03543
01784
00433
01653
01652
03703
01191
03717
07220
03306
01673
06942
03924
02200
02198
03572
03628
07391
03686
03687
03705
03593
00425
03405
00208
06925
02160
00111
07025
03110
04096
02528
06990
06223
03602
01586
03523
03531
03590
03589
07491
02556
02557
00459
01895
01895
03595
06217
03654
02968
04065
02356
01512
03179
06200
01924
03588
01925
01929
00241
00240
03642
06199
03437
07106
02558
07507
00605
06167
03529
07402
03574
05794
03814
03118
06202
01744
03555
01962
03150
07491
07005
00382
00627
00163
00266
05524
03809
00615
01808
00033
01057
03564
03296
03270
01652
07027
03070
01897
04763
02959
06960
02860
02884
00793
03752
07020
02564
01703
03413
02392
01200
03195
01061
01178
00036
01301
01301
01654
01937
00554
00052
00820
00052
01933
01885
00850
00688
00876
01619
00760
00311
00681
00053
01687
00806
01915
00939
00945
00943
00626
00788
01791
00703
01434
00012
00164
00759
00800
01000
00789
01251
01937
00765
00013
01693
01595
09949
09925
09924
02115
01928
03438
03925
01627
00266
00817
02501
02500
06929
02836
03820
02536
02517
00344
02340
00133
01613
03789
07588
03116
06888
07154
02437
01714
04757
07403
02392
02393
02394
02396
02397
02557
02556
02385
02406
02407
02422
04069
01756
03325
02039
07979
02276
02275
07152
00817
03106
00001
01488
03671
01866
03446
03060
09800
01893
01129
07054
00764
03833
04094
03977
03722
01737
06920
03750
03637
02945
02935
02864
02863
02867
02601
03073
02913
03088
01963
01637
03550
03650
01868
02355
06969
07164
02469
03701
02398
00123
01546
01548
00231
01889
01848
06223
01028
01029
00333
02652
03412
00575
03412
00575
00331
03652
09704
01912
03274
02377
01711
06006
07259
07263
00820
01415
00969
01262
09131
09117
11381
00882
01758
01556
00452
01599
01772
01114
01209
00688
01752
01206
01805
01194
00262
01235
00975
01791
00937
00858
01712
06041
01689
00500
01415
00558
00248
01785
01609
01817
08963
01494
01006
00074
00939
00088
00600
00931
01974
01151
00384
01745
00806
00099
01640
01113
00681
00286
00003
00928
00705
00990
01415
01426
01270
00130
01921
01338
01358
01635
00989
05970
00965
03527
00384
01091
00548
00548
00432
00075
00042
01739
00256
00809
01207
01142
01491
01283
00796
01669
00641
01740
01415
01042
00948
00791
00789
01921
00681
01952
01972
00873
00946
01638
00912
01918
00606
00457
00451
01555
01887
01338
01092
00674
01738
00640
01255
00057
01497
01593
01495
01735
00278
01923
00566
01647
01354
01620
01734
01858
00605
01301
00248
00573
00891
00133
00928
00215
01776
00748
00134
00927
01803
01749
01273
01802
01591
06015
00655
01778
00772
03797
00074
00705
01443
01783
00950
01008
00767
00773
01915
00951
01770
01945
00851
00567
01626
01785
01804
01209
00135
01187
01875
01409
01596
01809
00971
06013
00979
01914
01195
01356
01322
01187
00942
00066
00012
03100
03100
01867
01939
00940
01462
00641
00639
01667
01507
01872
00030
00873
01322
01465
01201
01940
00611
00145
00003
00507
01114
01775
03797
01462
01736
01698
01812
00074
00658
00859
09141
09121
10536
02825
06153
00648
03799
04077
03798
09710
09705
06173
01266
05365
08715
00783
08978
08976
08972
01658
08591
09973
09974
09761
10545
09760
10544
09764
00794
02275
00854
02529
01187
07241
04652
04651
04656
06894
01067
07089
03686
04043
00820
03218
03919
07147
07019
07018
06442
01468
01881
02356
07140
07458
04517
00762
03584
01876
02970
03625
02950
02992
02355
02358
02946
02906
03525
05520
06188
01265
06215
02563
02114
02111
00337
03101
08641
00330
00335
08681
02527
01560
03500
06281
00558
03698
03086
02316
00459
07456
00382
03639
03517
03665
03666
03704
06207
03832
00788
03820
07300
04751
03088
04750
06006
02493
02835
07568
01190
07560
02078
06996
07729
00997
03655
03088
02939
02963
02990
02897
00919
03551
01845
03723
00963
01207
04760
00001
06911
01779
01476
09767
02654
03592
03568
09934
00568
03406
01426
02529
00849
01784
04655
04654
04653
03303
06045
00091
00008
00008
02291
00514
03926
03149
03466
03976
03407
03408
03406
03702
08995
00926
00819
09807
05896
06024
00817
01902
00766
07576
07473
06996
07090
00060
04065
02429
07315
01113
03824
01673
03980
04762
07460
07156
07245
01733
07738
07001
03313
03585
03296
07459
06966
07566
03386
04756
05810
04773
07341
00995
00261
07040
02911
03621
01755
00930
03402
07462
09804
07058
00325
00324
01262
02834
02519
02600
02314
00604
07058
00338
06911
07214
01870
03281
06168
08999
03856
03704
03075
01673
02536
00031
00587
03182
07075
06187
01090
01520
01760
09001
02956
00962
03664
02456
02456
06158
01515
03701
05873
03424
07289
06926
01897
03309
00790
02533
03823
01095
09166
01126
03100
01956
01955
07978
01737
01737
03111
03284
07117
02106
01952
00615
07397
03183
03558
04487
06901
02195
02194
02197
03147
09808
09164
02417
02435
01951
01719
03773
00322
02482
02004
02669
02482
02003
02004
01821
01733
01811
01297
02653
08282
03409
03117
03640
03741
00845
11179
06859
07154
10947
13020
01821
07042
10979
02274
11085
00847
10907
00619
07458
11755
09964
03594
02024
01676
02666
00186
00187
03530
03469
01760
00456
10747
01993
01993
06859
03767
02017
07662
07640
02453
02529
07636
02652
02664
02653
01990
00176
02049
07082
11927
08309
02456
03560
19092
12251
06864
03733
02657
00177
08296
05343
00175
00174
00645
02417
00375
05522
11175
03116
07217
11068
00479
04651
03789
01673
00609
03273
00965
05349
01643
01644
07478
01104
04042
12574
00602
01992
01473
01474
06883
03719
02020
03710
03530
03530
03446
07071
07095
06997
06966
06966
13015
01705
02667
02668
12452
12454
11178
08301
13051
02109
02109
03272
13018
03333
07669
13017
06898
08307
07788
01952
03524
02050
02051
09774
07667
11527
01243
03666
11749
02018
00024
01890
00486
07090
03392
12308
02549
01808
01114
00316
11752
03217
07098
17686
03832
08178
02038
02036
06889
01961
07172
04749
07114
00978
13640
03696
03321
02347
07216
02037
13038
00375
02081
00611
01079
13832
00528
02005
12573
07052
13529
07107
03973
13990
07152
05807
03088
07250
06988
03317
02303
13789
00124
12373
12373
02005
11261
09457
00995
15727
00641
10217
13979
00034
13993
01990
13810
10778
07443
11754
00265
14221
00384
13639
07058
03782
07516
14224
01183
03771
14229
18929
06998
02016
13628
14234
14232
14225
14220
14228
01983
02003
14228
14233
01628
14228
14232
04072
07216
00185
02004
07025
01768
13655
13292
06131
05939
13651
00632
13599
01955
13766
02523
02549
14219
02013
14218
07491
07491
14225
14225
14260
14233
14230
14226
00303
14233
03088
14223
14234
14228
07537
01977
14218
14237
14233
14228
03088
14222
00941
14231
14235
14230
14237
01980
14441
14218
02304
14415
09810
01985
07126
01784
04771
14234
14219
14219
14219
14227
01966
13770
01524
14652
05606
03088
14414
01978
14229
14237
03561
14230
14232
08995
07124
14219
06133
14162
01990
01192
14236
06204
08191
00337
03296
15726
15383
03088
03088
00146
11991
03297
07031
02492
01992
15067
15257
02031
02277
15738
15633
15725
01715
00123
02428
15855
03088
15773
15987
15977
15977
15977
03320
06580
07486
07486
02358
10716
07705
14189
11070
16167
16211
11071
11069
05817
16264
05349
07038
00970
05350
05349
02040
02067
02034
02069
04757
02003
16937
00184
01760
01738
17108
10439
10439
01990
01992
01992
17247
17103
10439
00392
02065
02065
01992
01992
01992
14223
03416
17489
17490
17489
14224
01990
01990
01990
01990
01990
17837
02003
17752
17836
17758
17759
17828
17763
07315
07452
17836
04749
04749
17762
01720
02003
01961
17947
07814
14742
00433
00124
19270
13010
18139
16554
11785
20461
20459
11782
18286
11784
03742
18707
01971
07171
18928
18930
01971
01872
19055
12132
03526
18979
07746
19221
00338
01724
19147
19225
22468
07062
01426
01990
04771
01992
06881
07315
07315
19710
19689
08744
00547
00297
19802
01182
01090
12132
12132
12132
12132
12132
12132
12132
12132
20265
12132
03332
01236
18890
18889
01179
01214
11529
16554
12132
12132
12132
12132
03605
08776
07263
01295
01262
06974
08677
04761
02081
02081
02529
03088
03088
03088
03088
04749
03571
14161
11085
02050
02066
02068
02035
02033
02004
02004
02004
02004
02004
02004
01991
09800
07789
03832
07799
02477
02477
02477
02477
07814
07814
02395
00845
00845
00845
00176
05606
01754
00812
01438
01649
09458
00059
01897
00760
13483
01768
00316
01426
02841
05946
21071
12132
12132
07315
02004
16554
03307
01758
01055
06152
00012
00965
07407
01187
05349
01709
00156
18123
00823
02276
02259
00363
01673
01444
10026
02492
03594
01710
01710
12132
12132
12132
12132
21071
03088
03088
03088
03088
03088
04749
04749
04749
02945
04043
05808
07277
02004
02004
02004
02004
02004
02003
02003
08177
08177
08191
07027
04759
02418
07662
07662
03413
12132
12132
09825
15836
15836
03704
03704
03497
07734
03088
03088
03088
03695
03770
03771
04047
05589
03294
03294
03294
03294
03294
03294
03294
03294
07302
09022
06937
07141
15977
15977
09181
06381
02005
02005
02039
07214
07216
07001
07025
06978
06978
06996
07052
07052
09955
21029
10716
07114
07114
02014
02014
01991
01991
01991
08968
00821
21147
21142
11936
21470
10914
07334
21302
21575
21929
21929
21929
05802
21990
22044
00754
01463
22136
05275
05275
22187
22205
22278
03079
02257
01551
07755
22445