07397
05515
03816
12297
05365
09758
03787
09483
07267
02654
02653
02652
05358
00627
00627
00382
00382
00382
03587
00833
00859
08082
01596
08083
00666
05366
02884
03596
18137
02233
02361
05820
03502
03786
03602
03449
09927
09765
09712
02302
14159
00794
01752
02769
02770
00278
03557
01963
03609
05516
01673
03666
03282
06207
08084
00381
07267
01695
07044
01696
01817
00798
01126
00507
07664
02014
01876
00982
07568
03744
00773
03210
03072
03074
03630
08994
07053
06190
09780
09767
10806
03672
03610
02338
06178
02621
02460
03629
02470
02600
03608
09966
02160
03601
01673
02313
01933
02959
10938
04565
03497
18923
00658
02657
00058
04774
05783
01962
02622
01756
07054
00564
03569
03466
00163
03624
06138
03760
08167
03760
00626
01895
01895
01895
00652
09684
00567
00626
00626
00626
06958
02619
03316
00832
07090
07090
07090
03767
00812
07661
03561
07659
03841
01625
03773
01091
01091
01091
01091
02116
00265
02017
07666
07657
07235
04090
01525
00262
12064
12065
12066
11731
12340
12063
02237
02014
06223
00931
00134
05786
03098
02909
08218
06194
07258
00566
07153
08984
02036
02038
02037
02040
00836
03580
01483
07000
03611
01919
01923
07478
09160
03575
01246
01595
01687
00604
03500
03308
01866
09001
06158
03702
06169
03474
04773
03981
02517
02238
09808
09768
00831
01993
02469
03522
03521
01778
01586
04568
03473
02379
00865
07044
04760
03799
03584
03595
03685
03100
07107
00943
07082
02048
07002
02046
02047
02045
06920
03564
07552
01952
01129
03550
03551
07107
03562
03560
03646
03641
03640
03437
03088
10763
11175
03746
01126
00901
04077
04078
00111
00864
03761
06137
03820
01056
06139
00655
03665
02528
00097
02871
02996
03599
00796
03798
02427
07574
01956
01955
07443
03426
07506
11749
01270
11928
01840
03768
00108
05600
05599
04763
06181
07258
03885
03775
01669
03453
01714
03733
01579
00253
03686
01613
00763
03781
07560
03625
00946
01095
00820
01776
01468
01745
01712
09975
05836
00457
06177
01845
00788
09781
01867
01902
01903
00164
00240
00239
00242
00241
01647
06938
07146
07039
03086
09158
03801
03216
01875
03634
02899
02888
02523
03585
01873
07088
07645
07001
07340
00795
05523
06153
02616
06076
00390
08301
06287
03571
03570
02435
02433
02434
01754
07001
03310
07552
00380
09790
09977
01439
02660
02658
01881
06193
06980
03981
07088
02014
03652
10563
01894
00027
01890
01874
03655
02939
03189
11102
03168
02662
02664
03581
02501
03187
03188
00014
03977
02618
02609
03190
02614
01912
02616
02610
02611
02612
02613
03789
02316
11085
02961
03547
03979
03070
07636
00826
07862
00074
00427
02916
11103
11068
02563
02500
04485
01814
00817
01507
03555
00765
00013
01424
01676
00925
01690
03299
00851
00147
03797
00940
06941
02656
01892
11311
02858
02897
00948
00919
02494
02492
05807
04044
04082
02111
02115
02112
02114
00432
09895
01262
03185
07056
07460
07160
09967
09967
07722
02051
02049
02050
02948
02952
02919
01744
06024
01755
03529
05896
03431
00088
06940
02014
02535
03531
03590
03589
01921
01924
01920
02014
00762
01142
04084
07127
00140
06995
06200
02356
10857
05837
03642
02357
02967
01265
02575
00322
03644
06445
01251
09761
04564
03179
03181
01915
03305
01262
01658
03593
00140
03975
01951
00984
06911
01887
07223
09816
09817
09823
09815
02108
02110
02109
02113
08484
08311
01703
01704
02078
01745
07107
09458
03071
03676
06949
00208
02340
03643
01869
01652
01653
00053
00135
01118
00481
09928
01494
05541
03106
03525
03528
01972
03594
00697
02170
02169
01935
09906
07040
02911
00645
02078
03527
00942
03060
00563
01000
01929
01928
03586
03438
02048
01885
02192
03594
06872
03744
07044
01735
00891
02666
02665
00615
03752
00372
00362
07183
03583
03582
09773
01007
02297
02298
02299
02300
02990
02963
02314
01775
07395
02454
04754
03092
05808
00790
01665
09956
01783
00963
00012
01810
00101
03777
06177
02014
00285
01775
01652
01462
01425
08223
00615
00615
00548
03306
01753
02956
00962
04083
04066
02456
06878
06189
00311
09986
01776
01772
09862
07007
06199
02909
03327
09936
08300
06179
07233
03517
00252
10002
10004
07347
07345
01012
01159
03823
07113
00789
07400
02003
03814
00937
04761
04567
00957
09965
03300
01637
01430
01429
01428
03543
02453
00448
00449
01857
01032
00991
05589
01689
01627
01937
00793
02339
01255
07091
03797
02667
02668
07262
01733
00003
03981
04758
04759
01925
03588
06204
03651
03147
02039
07115
08309
06217
07042
03832
03809
07058
07078
01414
07070
09159
02879
02517
03745
03657
00526
00525
07639
00330
00331
00334
00335
00336
00337
00338
00339
00340
00341
00342
00343
00761
00528
07007
01624
03771
04744
07102
03501
03559
00912
00979
02341
02676
03424
02456
10773
03616
00783
01338
02014
02016
02013
02015
02015
01754
06911
02168
02527
02836
07462
00275
01737
03648
00945
02945
05788
01591
06916
01638
03559
03559
03832
02033
02034
02968
02553
07223
03723
10017
10015
10016
00600
09936
09936
03710
03885
03781
00154
03455
02913
02902
00154
01433
03832
03559
00287
00560
07093
07093
03118
03117
03116
00641
01649
07336
03545
03544
02078
02455
05596
02437
09912
00927
03495
02687
01945
02073
02071
02072
11103
09857
06192
03808
00948
02013
02015
02016
03543
07566
04096
01462
02014
01740
06959
07638
01693
02204
06188
03549
07347
06923
03312
00140
00822
00549
01738
02346
06966
09858
08369
03101
07391
04752
03320
07738
03192
00939
06911
00135
11183
00882
07084
07275
04079
07002
03703
02837
03424
01681
05539
07347
07345
00989
01114
00767
03806
03980
01991
04762
03553
03565
00677
02372
02536
06142
07277
00099
00981
00806
02838
09903
07708
07712
01770
00285
01679
11179
03750
03635
03639
00324
00631
01657
02358
03073
02601
02867
02863
02864
02935
00324
00325
09710
01816
07678
07501
03215
00950
00606
01918
09889
01868
02520
02887
01889
04764
03774
03101
01870
03673
07071
03153
01698
03543
00681
06223
08369
01714
03088
09790
03758
00116
00995
07447
07735
03631
09913
03218
01803
03075
09748
02519
02834
05563
05562
05561
05560
03688
03690
03183
00609
01465
03439
07004
03387
03628
03671
04075
00286
02221
02335
03325
07240
07240
03387
00640
02337
07305
00432
00990
08289
02167
02168
02168
11103
00528
08303
06180
05810
03664
00954
03451
00135
06911
08973
02950
02992
02355
07044
07044
00684
00384
03656
01520
00930
01749
01719
07107
03746
02452
03811
06989
02019
02020
02018
00216
00937
03578
05782
05550
05549
03704
00286
01883
06041
03270
09774
06861
01556
03076
02876
02907
02988
02881
02012
02011
03430
05306
06446
06446
01031
01032
01640
01968
04488
03530
03770
00496
02231
00768
01626
01993
02014
03683
01465
01940
03464
01031
01032
07112
07112
02933
02994
02954
02931
02895
02874
02904
02878
02982
02890
02965
02886
02892
02926
02906
02946
06915
05916
03978
07044
10805
06966
03284
07323
02067
02066
02065
01662
03600
10857
00075
07107
01114
02343
00616
11250
00052
02518
06173
00133
06923
01409
02970
09117
00764
03558
08296
00057
03732
03704
03089
03154
03149
09861
07018
00784
09916
00858
07645
02454
03785
03043
03046
00673
03040
02986
01878
01879
05526
01484
06447
00673
00840
00261
08160
03923
03177
00554
02860
02655
02674
02672
03781
03503
06975
00640
00375
07734
00426
00425
05782
09801
06186
02670
02669
06997
03546
10764
09747
06187
03684
09902
09989
07320
01736
03644
08994
00003
01118
07240
03710
02051
02050
00154
06911
06901
03470
03563
00928
01872
00134
02502
01939
10914
03695
07044
01626
09771
03694
06891
00145
07043
01807
01754
03499
03498
07507
01531
07275
03824
01256
00878
03735
03736
01951
01886
03269
10679
00791
03572
06925
02049
02014
02106
01029
01028
02914
03536
08998
03217
03650
03981
00760
09962
02558
09922
01588
01589
04043
03687
00425
00426
09909
07078
03110
07390
01265
03311
02768
08483
00375
03111
09799
03707
08987
03701
00766
01609
07402
01495
01599
01590
01252
02363
06942
02072
02071
02073
02073
10001
10003
03576
03576
01682
09800
09800
06134
07667
07646
01548
01547
00950
01633
02493
02835
06136
05784
02458
02459
02461
01546
03719
00266
06222
03719
03561
00029
03711
11893
01092
05527
01104
01104
11902
00031
05548
00074
03381
01477
10026
02659
06596
12061
00647
00647
01759
11936
08195
08195
11755
07126
02671
09946
12979
13292
01950
00228
03286
03892
00059
00059
02624
00059
00059
05564
02624
02517
00657
00840
03446
00558
11209
02483
12072
05597
00117
11746
09470
01515
04042
01243
01207
12059
12060
00602
11931
12056
00031
12057
12058
07124
03769
12410
12067
01061
00823
07019
05794
10804
01760
02168
07304
11747
12068
00647
01069
00748
09810
09017
00666
01497
01491
00219
02655
07215
11896
07642
11719
00626
03496
01081
06168
01785
11907
11891
11892
03496
03496
03574
03496
11901
11897
11900
03417
11903
04487
03524
00059
11717
08224
03561
01243
00042
00130
03386
01659
01358
11936
03743
04755
11895
02650
00970
00568
11263
11753
11752
04091
01784
01784
00299
11747
03119
05358
07090
06001
07098
11720
03496
12262
00974
06895
01058
01487
02474
00956
01897
01607
00004
05685
02688
12957
00537
00215
06183
07216
13038
06879
08995
13288
13378
00297
06867
02462
07246
02503
13482
01079
13795
13788
09806
01087
12339
04030
00951
08084
12658
00019
03719
00620
00146
00219
07017
12573
00529
03296
20319
14052
13930
13934
13935
14058
13954
05540
08368
05834
01479
01779
01802
13928
13929
13932
13933
02004
01826
13794
13796
00799
01825
01782
05524
04691
07782
06956
03574
00632
02663
13895
02203
03809
01555
06518
08305
00117
01791
00276
01488
07025
03821
07397
07397
07126
13979
13888
01654
01273
03782
13652
13643
13774
13776
13777
13778
13779
05297
07276
10778
05297
00024
13481
06133
18138
13821
01153
11754
06972
00557
01934
03457
01856
01961
00020
13893
13745
13931
03297
03297
13896
13894
01130
13639
00121
13628
08997
00508
18145
03762
03762
03288
11890
02315
01113
01977
01977
01977
01977
01977
01977
14228
14228
14228
14237
01969
08281
13635
05520
02014
00058
01070
13771
07088
13766
14393
01505
01055
01011
14231
14231
02463
01434
14220
14220
14220
14220
02010
02029
14287
14223
14347
00135
14233
14233
00459
14228
14260
14219
14219
14219
07003
06992
14236
03897
14228
14234
03457
18146
07213
01392
09935
21029
14228
14227
14227
14227
14227
14227
14227
14232
14232
14348
14230
14230
00433
11737
11737
11737
14219
00459
14393
14225
00941
00674
02358
03772
11735
11735
14237
14233
02442
15396
06867
14235
03457
01046
14234
14234
14267
01985
01985
01985
01985
01985
01985
19302
14170
07346
14219
14441
14225
14225
01173
03293
01524
15125
06919
00249
00249
14224
14224
14224
14224
14226
14218
14222
15778
14219
07273
16238
04750
01607
14229
14229
14230
14230
14230
06133
01980
01980
01980
01980
01980
01980
14233
05559
14230
14218
14218
14218
14218
14218
14218
08196
05595
14742
07168
07278
08316
14652
00249
07394
18923
04085
04085
00799
00799
00799
00130
00128
08196
01263
00001
00249
05817
08196
00459
01607
01055
00090
00355
06177
11939
00220
00800
15725
00799
00799
00799
00799
03743
01941
01457
14682
11741
15553
15724
01096
15554
02428
15633
15553
15551
10831
15555
15553
15552
15738
15256
18147
01082
15554
01692
01692
04093
03286
12543
15726
15461
15536
15727
03298
14415
15866
12542
12541
10716
15977
15984
03327
02226
03781
16092
16090
16088
14235
14235
16088
16090
16137
02014
16087
02029
02028
02030
03320
09024
00131
01139
16053
02030
11735
02617
07165
02014
16345
11733
01990
01800
11734
16235
11737
16264
03321
07122
01166
16692
10014
16839
16137
16842
16872
16840
16841
17103
19611
11209
17218
17713
17228
01990
01992
01992
00821
00254
07318
17733
17737
00001
03298
11734
03321
18139
13794
11939
02031
02032
17938
03366
08485
21449
18143
18144
18118
18320
18320
18320
18303
18302
18301
00138
03446
01426
07263
16234
11904
03462
11904
21645
06218
18902
18893
18900
18794
06218
18850
18901
18903
02625
18974
03976
18975
18972
03526
18979
18997
19278
22444
00499
03446
18972
19165
19165
01066
01992
01992
01992
00638
19302
04771
19577
19577
17686
00992
00799
06132
15777
18791
19810
20034
22443
20533
20455
09788
20534
06996
20881
21053
21062
13877
21061
01768
11935
11931
11937
13877
13877
21021
21801
06889
21416
21417
21472
21420
21699
21747
21756
21757
21758
19591
21990
22003
22027
22025
22105
22067
13874
22132
22186
13875
22292
02257
00611
13061
22550
22549