03711
04042
01703
09811
01990
01990
06988
03639
08982
03417
02614
03523
01784
00849
04078
06891
02291
01975
03525
09903
09763
09762
02108
10773
02428
09764
09967
01883
00239
02259
09014
09015
09013
04488
06147
03517
09165
00059
00208
07090
03684
00548
02004
02003
07465
05337
03433
07646
07667
03644
07305
07304
03801
03306
03786
03149
03154
01996
02945
00130
03702
03701
03703
06958
02033
02034
03075
01057
01810
00616
00615
03153
02434
02575
00374
00373
00371
00370
00370
02078
00645
06911
02050
02050
02049
02051
02529
07164
03563
02397
02396
03281
08323
03734
03147
03088
06980
07560
01834
07736
00991
03218
02039
02040
02037
02038
02036
01733
06201
03704
01433
03282
03798
00963
03750
03637
03790
07056
03424
02528
03088
07243
07224
03709
01992
07175
07259
04075
04567
00925
06949
03088
02669
03710
03090
07048
03710
00164
00627
00162
07160
00426
00425
03117
07238
00852
01586
01733
00872
03628
07025
02835
02493
02110
02109
02113
02114
00790
03924
07503
02406
02407
02422
02387
02388
02408
02409
02410
02411
02414
02389
02390
02385
02556
02557
02415
02416
02417
02419
02420
02421
02401
02400
00853
06910
07052
07071
00658
00382
02231
03969
03799
00856
02275
03891
03890
03889
02276
00845
03924
03925
03438
01928
01929
03588
01924
05810
06997
03216
03635
07177
09131
02313
02469
01664
00111
00162
00817
04750
01802
03569
03570
05837
02888
02899
03979
00147
07241
01869
02237
02238
02340
02968
03596
02601
03705
03686
06217
07042
03595
01649
03584
02316
03338
02433
09812
09951
09992
09952
01925
03652
01956
00099
00600
03100
00554
00990
00057
00705
01322
01785
00860
01734
00027
01720
01659
01495
00965
00989
01776
00763
03797
01719
00010
00010
00010
00975
01255
01246
00796
00674
01752
00130
01915
03527
00567
01754
01689
00948
00697
00943
01303
00133
00928
01183
00390
00366
01805
01933
01952
01952
01809
01875
01939
01945
01756
01923
01921
10563
09458
00648
02825
05515
09458
04077
03696
09748
09710
09760
10553
10554
09761
10552
09684
09772
01858
01903
09767
00325
00324
00324
07220
02017
02018
02020
02529
03307
00764
01952
02314
02075
03711
01494
04043
03687
03686
03695
00762
03975
03111
03980
03088
00384
03671
01448
03497
03496
03501
06346
03217
08998
03536
02914
03568
03432
02909
09791
09795
02435
00294
03605
04651
01870
03101
00833
02056
01990
00817
02501
07034
01895
02500
01696
01999
01997
01998
01995
02946
03499
03499
01990
02469
01758
03086
02613
02612
02611
02610
02609
02483
02005
03046
01039
00525
00526
03412
03781
01624
03043
06045
07735
07009
01907
00549
03664
02836
02283
03466
00363
00362
00372
02575
03070
02479
07654
07670
03413
03409
03413
03408
03407
05595
07053
00140
03336
03337
02058
02057
02056
06605
03593
03088
01657
06966
01439
00605
06942
01724
03574
00240
03553
03724
03466
02956
02834
02519
07742
02600
01881
06976
03810
00991
06941
00981
02838
02357
02967
02405
03733
04096
07391
07460
00219
03118
03727
03820
07738
03722
03665
03565
03449
08999
02437
03977
06024
05896
04763
03631
06442
01755
03402
02887
02916
02520
00793
03500
00604
03718
00259
04066
03060
02823
01955
00609
03625
02356
02662
02654
02669
07131
00014
07082
07447
07478
01876
03074
03072
03210
03551
03550
01159
08681
06215
02355
01868
02529
09384
01990
06044
01236
03684
01662
01681
02884
02860
06960
02959
03106
04751
03320
03110
03529
01512
02911
07040
03655
02902
00946
01921
08372
07653
07669
01808
01426
04063
06886
07107
00957
03111
02518
07090
03406
10240
10241
10242
00130
02341
02343
00794
03629
06966
02077
00594
06187
01961
01673
03407
03602
02446
01679
06888
03624
03405
03885
09009
02428
03723
02897
06911
00135
07301
04749
06877
02283
01895
07152
07245
09117
03704
00619
01848
01880
02274
03587
02563
06180
00161
01657
02335
00231
02470
00525
03177
03470
03685
00954
01704
00956
00575
03601
01056
03168
04518
03436
03545
00333
00335
00342
00343
02338
03767
00161
01883
05350
03798
00575
00331
02358
03040
06173
07258
01589
01588
02274
00161
02111
02115
02112
02470
00341
03412
02342
02337
01695
01889
01892
02346
03544
01873
02990
02963
02939
00700
02379
07588
05838
03521
03522
04487
00172
00169
00170
01652
01653
01649
01885
00826
01358
01358
00940
00931
00969
00806
01006
01804
00606
01915
00982
01915
01255
00891
02233
00768
00766
01626
00788
00297
01000
01012
01935
00652
00013
01693
01814
01496
01609
00873
00859
01915
00130
00134
00036
07442
00800
00721
00945
01937
00858
01866
01940
00611
00930
00145
00765
01783
01462
00789
00942
01591
01465
01735
00891
01736
01872
00951
00759
08256
01599
01520
01092
01772
01061
01061
01183
01183
01142
01356
01778
00791
01714
03465
00215
00962
03519
01669
00772
00919
01507
00760
01495
00796
01918
01579
00278
00767
01698
01749
00286
00805
00075
00939
03431
01775
01409
00088
01181
01867
01595
01640
00248
00012
00067
01687
06118
01840
01251
06153
00800
00820
01443
00518
01790
01619
00845
00626
01887
00003
01791
01262
00626
00688
01620
00566
01972
01687
00053
00058
00052
06153
03575
04485
07067
01845
02492
01926
04768
00318
03182
06196
07399
03179
03186
03183
00330
00332
00334
00336
00337
00338
00339
00340
00175
00174
02913
03073
02867
02863
02864
02935
02950
02992
02355
02906
02926
02892
02886
02965
02890
02982
02878
02904
02961
02874
02895
02931
02954
02994
02933
02881
02988
02907
02876
03076
01265
02919
02952
02948
02986
02879
02871
02996
00820
06994
02057
02056
02058
06925
03789
04078
04077
00088
00790
01951
03657
01849
01902
03704
00382
00973
01710
07058
07011
02025
02026
07027
01711
02377
00819
05364
01770
00831
01647
00275
01179
02653
03531
09694
09695
00033
00847
06178
02652
01129
02663
01151
02484
03524
03530
01874
03335
09694
00821
00627
02282
04047
11212
05343
11175
02412
00265
00266
11717
00031
01625
05794
12574
01992
00602
01950
03088
00874
12234
00655
11779
03711
01491
13288
03657
16264
07034
07776
11753
07030
11752
01990
00042
01890
03496
07124
02302
06994
12503
13641
00281
12373
13542
00995
00995
13527
12511
07284
02503
13570
01799
03655
12510
03657
03564
13280
07250
13038
00620
00074
00074
11754
13668
13640
00024
17329
01897
13787
13940
13573
02548
00941
13993
14218
14230
14229
02405
14232
14220
14225
03088
11069
11071
02413
14225
14224
14232
13571
08281
13572
13626
13953
01934
14230
01181
02013
06945
00064
14234
14219
01179
14267
14233
14223
14231
01992
14225
14233
14236
00344
02035
07693
11072
14237
14228
14228
04517
01980
01985
01977
14219
11070
14232
14219
01515
14227
01524
00966
07768
01784
00040
14224
14230
14237
14219
14218
14234
14233
14218
06133
04567
14235
14229
14228
14226
14161
14162
14222
14234
01011
01011
01983
02074
13993
14228
14941
01040
14223
14233
16013
16012
03086
14652
02031
08316
14228
12141
15342
15371
05602
15521
15526
12510
15520
15525
00368
15866
04093
15987
03518
17828
01087
16146
16147
16148
16301
18682
18955
18958
03284
01193
05349
15035
03699
00970
11645
10117
10118
10119
10118
10119
10117
10117
10440
10543
02851
10545
04757
00529
16937
02030
11105
16785
16786
16787
11991
00927
01803
16927
16881
16137
10439
10440
10823
10439
10440
01978
07778
00360
17330
10441
17331
17218
02028
02029
10112
01992
01992
14237
14221
17641
17686
06378
08221
21688
11782
18286
11784
18285
08300
08301
11785
11783
03742
18455
18472
06168
00854
01992
18917
18955
18955
01971
03526
07448
19190
00798
01621
19265
01785
01990
01990
01990
01992
12952
19355
08744
19710
19668
12132
12132
20074
12132
20444
20444
09691
01179
01214
01214
20814
21071
21140
21147
03636
21148
03636
21473
21471
21471
21401
21567
21600
10914
21929
21929
21929
00936
22010
14274
22205
22187
03077
14441
17758
17759
22316
02257
22311
07566