10563
03304
09761
09160
09811
09013
03641
03560
03562
00384
00762
00163
00382
02493
06204
03651
02835
02494
02897
06942
03745
06923
02275
02258
02276
02259
06131
06200
05838
01420
06916
02669
02670
02823
01465
03832
03734
06598
00833
06969
03628
03671
03642
00824
00793
03625
06168
06217
07042
03820
01869
03643
06287
04744
08305
03771
01586
06195
03806
06888
03184
14682
02423
02408
02409
02410
02411
02413
02414
03749
03801
08301
03568
03192
03592
00285
06204
02192
03594
01866
03525
03190
03187
03188
03189
02575
07102
08484
02358
03073
02601
02867
02863
02864
02935
02950
02992
02355
02946
02906
02926
02892
02886
02965
02890
02982
02878
02904
02961
02874
02895
02931
02954
02994
02933
02881
02988
02907
02876
03076
02919
02952
02948
02986
02879
03427
01153
01975
01512
01090
07278
01881
01653
01649
03789
01873
02339
07091
00970
06925
03572
03666
03665
04088
04087
02502
03218
02990
02686
02963
02939
04485
07390
03977
03186
02687
03557
08482
00127
03498
01895
03529
03528
02356
04568
07053
02406
06603
06603
02407
02422
22348
02039
09826
11719
09903
02342
00795
06206
02518
03694
07153
01681
03744
07001
06959
03563
03565
03553
03743
03555
09921
09798
03564
09920
01878
03767
03770
03086
02316
02970
01633
00950
03182
01934
03185
01902
04751
05807
03071
03216
00605
02437
01895
03417
00382
00658
00164
03118
03117
03116
01523
02500
01814
07560
02517
03499
03500
00604
04096
07566
03841
02527
02517
00573
02902
02913
03110
03089
03630
01876
02498
02496
01719
01755
03704
01637
03638
07289
03575
00826
03892
02536
03111
03701
02909
02662
02663
02664
02665
02666
01735
00266
00325
00324
03551
01142
02843
02844
01095
03799
05527
05896
06024
09015
04488
03517
04764
02887
02916
02520
01868
07347
01104
03583
03582
01845
03613
03612
03614
03615
03616
03617
06199
06199
06213
01737
03451
02888
02899
03979
02968
03980
01870
03101
02671
03654
02860
02884
02399
02398
02386
02387
02388
02389
02390
02391
02392
02393
02394
02395
02396
02397
02291
07275
02469
00058
00817
02945
05788
06207
03602
00700
00975
02621
02415
02416
02419
02420
02421
02401
02400
02404
02405
03414
03407
03408
02237
03722
03769
00374
00373
00371
02575
03151
07218
03702
06178
03406
03406
03722
02553
07552
00363
03634
03466
09456
01438
07282
03723
04567
02836
01885
03269
07462
01733
00991
01627
01962
03559
03559
03561
02372
06142
07277
00981
02838
02357
02967
01265
01439
01077
08296
00406
00407
00405
00404
03924
01126
03686
04043
03687
03705
03631
06186
03664
00799
03406
03106
02956
02834
02519
00340
00339
00337
00336
00330
03075
03431
02427
03624
01955
01956
00763
07403
03469
08307
03608
03609
03610
04079
07722
04655
04654
04653
04656
04652
04651
03619
03620
06281
00567
01652
00426
00425
07182
03585
03577
02676
02078
00059
00645
03621
02911
04773
08300
03559
03561
02238
00836
01919
07568
03072
03074
07180
06415
01703
01963
00764
06941
02656
07393
03809
03750
03639
01885
03752
00864
03147
03637
01768
00760
06980
00241
03597
03598
03803
09458
05524
03981
04763
06968
06949
02557
02556
06187
03596
03595
03584
03474
03215
01756
01679
03703
05595
08309
01662
02837
02556
02557
03296
02742
03635
03424
05539
03644
01256
06204
05595
03753
08481
03578
03112
07235
07237
02224
02193
02194
02195
02197
02198
02199
02200
00362
02517
03274
02232
02224
02233
02227
02231
02557
04748
03308
03673
07399
03978
03611
06966
03657
04761
00820
02114
02113
02109
02110
02108
02116
03497
03496
03501
03495
03650
03217
03536
02914
07090
00616
06189
09158
02283
02282
02280
02279
03701
02535
03531
03590
03589
01921
01924
03588
01925
01929
01928
03586
03438
03925
07056
07460
03271
03600
03599
00413
00412
04691
00817
00790
03092
02806
06958
03821
02996
02871
07397
00766
01091
05844
03683
03544
03545
01710
00973
00957
00925
00208
03821
02463
02462
02461
02460
02459
02458
02457
02456
02455
02454
02453
02452
03554
07285
07285
02169
03179
03655
00963
07287
01714
07175
00023
01159
03550
04066
00123
01515
07220
07304
09773
18928
07305
07305
09792
09774
09967
09780
02426
03530
05801
00162
02020
09812
07088
07080
02557
02652
03070
05566
05567
05569
05570
05571
01433
00549
01907
06076
00390
02164
04561
01897
06445
08998
03408
07082
09748
09912
02501
00127
00123
00954
03574
01601
02305
09384
09786
00265
10038
10037
10036
09895
09933
09948
09931
09928
09888
09747
09800
09938
09926
09768
03711
00029
08982
00782
00783
08981
09117
00794
09014
06891
02221
08312
02672
02672
10773
00018
06718
06720
06153
09810
02492
09790
05516
09823
06886
00127
08973
08303
08591
09710
09801
03520
02346
01601
01602
01624
02335
02825
02548
01507
01586
01784
04083
02434
02433
02435
03569
03570
03571
05837
01682
02342
01589
02338
09806
02470
01879
03786
02007
01807
07258
01430
01429
01428
02528
01056
02274
06001
00609
02340
03043
03046
03040
01448
03601
02412
01889
03581
00575
02622
03412
00370
04564
05365
01704
06173
01696
01892
00239
00240
03685
02341
00648
02343
07259
01883
03787
06176
02337
03470
03177
06175
00343
00342
00341
00338
00335
00334
00333
00332
00331
03798
06282
00525
00526
02563
03587
00411
01588
01657
01673
01665
01903
06180
00282
00283
03168
05366
00324
02313
03629
00655
04077
04078
03926
04084
02160
00329
00356
03149
03154
03733
01419
03667
03183
03688
01585
00797
04752
01754
10763
01695
02112
02115
02111
09701
04774
09908
09165
09167
09159
09808
09959
02032
02031
02034
02033
02035
09820
08083
06158
03303
07216
01658
06973
02600
10255
02487
06596
10943
01897
07089
00990
00674
00937
01087
00697
00845
01915
03439
01778
00930
01791
01953
01953
00097
01525
01595
01626
00919
00948
00012
01810
01935
00574
00802
00641
00286
01920
01438
00560
00600
00946
00147
00969
01687
00287
00145
01267
01933
00556
00053
01255
00950
00606
01918
01579
00791
01939
01775
01491
01465
01940
01507
01945
00975
00030
00798
01972
00626
01867
01772
01494
03386
00931
03527
01613
00135
00554
00568
00891
08963
00681
00831
00800
00945
01591
00688
00703
00705
00088
01951
00376
01356
00951
00031
00382
01496
00773
01736
00052
00133
01817
01092
00640
00940
00939
00390
03738
01495
01724
01834
01207
00278
03413
04562
00796
00275
01069
00681
00788
00859
00767
01740
00632
00262
00548
00075
01000
00013
00765
06041
03270
01611
01609
00574
01669
01923
00134
00615
00789
01251
00297
01338
01358
00067
01790
01654
01953
01654
00634
00652
01012
00942
00989
01952
00681
01409
01414
01262
01950
03797
00057
01725
01610
01720
01659
01693
01462
00228
00681
01749
00982
00626
01551
01647
00891
01599
01887
01628
01578
00768
00014
01698
00855
01783
00134
00615
00927
00873
01520
00428
04754
01912
01007
00215
00858
01457
01129
00962
01803
00806
02342
07447
03593
00383
02342
07457
00124
04075
00344
10764
03427
02030
02019
03741
03605
07574
03809
07058
03548
07154
00208
01153
05808
06861
11179
11180
07637
01154
03746
00537
00974
03775
08311
02482
01738
02668
03100
00997
01716
00943
01104
00979
00912
00566
00928
01872
00134
01687
01354
03797
01739
01638
01875
00684
00948
00003
00573
01770
01689
01937
00748
00677
00099
11181
07636
07322
06179
08224
02667
02650
11085
05515
10914
07675
08084
05982
02417
02418
05589
02959
00957
00956
10941
02619
02036
03181
09966
05799
07708
09815
09816
00647
02653
09694
09695
03775
00322
07088
09817
02065
02065
02066
03210
03640
07478
05810
03060
01676
02067
02066
02278
02660
06039
03519
03518
06920
01890
07589
02200
01908
11105
07090
07090
00627
00812
07660
07657
07684
04042
07684
11749
12262
12297
12340
07112
07112
07112
11473
12251
03831
03831
06902
11892
00523
03496
08305
01894
07301
01874
02658
02659
00242
02314
11211
02657
02342
00175
07152
07152
11065
03087
11175
01983
00174
00175
02650
11105
01961
08316
10856
05568
05565
02655
02651
10854
02358
07673
07673
04061
08082
10855
07738
03273
07712
11472
11896
07400
11894
00104
11903
01759
01473
01474
11754
07391
11904
07126
07095
13292
06907
06903
10804
12982
07184
07133
06997
07735
00381
10674
01118
00602
12410
15778
01980
01980
06889
02002
11909
02575
03496
11891
11905
11906
11901
11910
11908
03524
11753
11904
11717
11895
11893
02302
02018
11900
04653
07090
02556
11720
00023
11927
03711
03657
11752
09007
02474
06950
01897
02037
02038
03704
07320
03567
05297
07346
00174
01991
07080
03415
06978
02077
06076
02044
06140
03695
13038
13288
06910
09001
07182
07182
07182
01079
12339
12510
15539
12573
12511
14058
13953
13821
02523
01151
00805
05785
07003
02481
01991
06987
06999
02044
07234
03646
00031
08714
06147
00823
07156
07245
01154
07043
06990
03799
02558
04487
08352
03296
02000
05571
05567
09181
02014
07313
02031
02032
02034
02033
02035
02010
07246
07121
03690
07028
01782
00620
03655
09457
13895
03306
02203
12262
00052
03641
06946
05772
02004
02003
00801
02040
07019
03272
03832
13993
00114
07395
00955
03782
05773
06857
13775
03618
00024
13641
07576
13643
07516
03088
07501
06147
02168
07798
07787
05540
03856
07286
00525
07221
07402
07141
17230
06957
03732
02503
13896
13894
02003
07182
13893
03558
14220
07484
07003
18929
14237
14229
01977
01977
14229
14393
14219
14233
14233
14234
14232
00835
08281
13634
09932
03821
03286
07491
09006
03152
02012
02011
07183
00627
01992
08218
03325
02014
02848
02225
02016
02015
02013
07147
13924
07010
07040
03747
07088
02069
02483
04762
07004
02004
02003
02067
05820
02003
02004
02005
02004
01951
03088
01951
07236
03532
01719
00784
06978
01921
07007
07100
07001
06194
02006
02654
03576
04748
02448
02005
06992
07122
07323
11189
07262
02170
13771
07001
00632
07157
14160
14225
03574
14236
14233
14221
22044
07003
14232
14234
14224
14225
14223
14228
14218
14218
14228
14230
09818
02001
14219
11179
14237
00941
14218
14228
14230
14445
15396
14683
14170
01985
01985
04517
14267
14234
14219
14441
14227
14227
14225
01524
15035
14219
14235
14224
05570
14218
14218
01978
14222
14237
14228
14161
14228
13628
01011
01011
14233
14226
14230
14261
14223
14162
05569
02017
14742
14232
14652
14231
16013
15011
03321
15012
04085
03324
15034
18366
16012
00372
15578
08483
01082
15577
15738
15576
02428
04765
15371
14415
21430
16011
12543
15724
15577
08086
15578
15342
01082
07468
15773
08679
15977
12542
12541
12960
15984
03320
06518
15975
16092
16089
16091
16091
16089
16137
16137
16079
11645
07038
15060
16291
03321
11960
11961
11959
16692
02008
11962
11963
09819
07012
02303
02226
07402
16915
17218
17226
00184
17103
17247
00185
17713
17229
17226
17226
17227
07576
01990
01992
01990
00821
17686
01533
17865
19745
07263
07263
17758
17759
00254
18138
06281
00122
21430
03585
18232
18233
00138
18365
18364
11904
18480
00995
18661
18691
18691
20862
18778
09892
18800
03526
18979
18997
19000
09951
19123
08678
19124
01139
19125
19046
19221
19416
04771
05568
19342
11991
19339
19340
19341
19641
19640
11209
19661
21696
17686
00992
19696
19804
08992
19810
00812
05770
09796
21420
09788
20455
11529
20881
21029
20978
21025
21218
03636
21307
21308
21309
21405
21405
22044
21470
21564
21600
10026
21703
21929
21929
15576
22205
22292
02257
00611
01551
11206
22491
22452