14980
14981
03560
05349
11741
13581
00254
07172
15532
14229
18138
01259
14233
09955
14234
14231
14233
14237
14228
14222
14219
14235
14228
14230
14228
14232
01187
14225
01802
06926
03500
08316
00065
01179
05800
01209
01524
01524
14652
00042
00053
00210
00568
02529
07729
03574
06147
01815
01190
01190
01190
01190
01190
01198
01198
01209
01067
01069
00015
01458
01659
03417
05973
01028
01029
01739
00529
01048
00666
01487
00457
00839
00799
00721
01113
01113
07263
01271
13051
03088
02529
02529
03719
03719
10947
10947
03704
02970
03767
00970
03111
03530
01992
01992
01990
01990
09810
02004
08191
12340
12062
12064
02483
14266
01802
02483
02483
13591
00344
00433
14266
14266
14266
05989
01802
07483
09807
09955
01426
01113
13641
03574
05595
03500
03799
01591
01783
04043
03686
00215
01520
13038
03406
03688
03183
07726
03406
00990
03555
00029
08218
06925
07102
03671
00602
01867
03980
07154
01977
01977
01977
02338
03629
02470
03549
07124
05685
13888
01920
07056
07727
00989
03705
03687
01061
01940
02386
02313
02109
02110
02108
02116
03529
03575
03470
06980
01465
09986
00228
03216
00411
00412
00413
06950
06942
01056
02897
00948
05810
13292
00286
00641
07478
07115
00790
02518
06287
04077
04078
07727
02392
02391
02004
02003
00767
00278
03517
04047
00812
03832
02014
10536
12251
07267
02343
09747
06187
09760
01462
00604
06173
01439
09978
03284
09823
02014
02835
07140
01834
11752
13051
00425
00426
13013
03636
03635
03637
02687
07010
12256
02950
02992
02355
02358
13652
02946
02906
02926
02892
02886
02965
02890
02982
02878
02904
02961
02874
02895
02931
02954
02994
02933
02881
02988
02907
02876
03076
00939
02952
02948
03040
02879
08151
06134
07126
01425
03313
03147
09471
01915
07407
00626
01720
08995
09950
02004
02003
02014
02014
01740
04564
02014
00428
07156
02014
11811
06987
03088
04755
01631
00883
00626
01782
06999
05527
09882
09883
02902
03781
07736
07300
04762
05524
08714
05794
09981
06890
07667
06213
02109
08138
02529
05970
01206
01956
01955
01322
01638
00059
02017
02018
02020
00800
04758
04759
06901
01243
02529
01625
00845
01690
01057
00036
01595
06886
01256
07716
03088
00982
00019
01752
07667
06204
06886
02200
02198
02197
02200
09160
01969
13766
01968
01640
00263
04090
13622
13622
00648
01652
00252
01750
03210
06996
03594
02192
05349
07275
03703
02523
03695
06995
02520
00681
02346
00681
12410
05837
05515
03571
03570
03569
06024
05896
01207
07052
07577
03724
06953
03098
07086
05341
00847
10979
01674
01224
03088
01051
03088
09862
02417
03801
01894
03704
12942
01662
00795
03602
00574
07167
03088
09701
01811
13587
02401
02421
02420
02408
02388
02387
02418
02419
03701
02416
02415
00995
01993
03781
06193
03317
03446
03543
03205
07458
00558
00939
06206
14205
01918
07001
01142
09771
03327
01626
00383
01807
04042
01091
01491
01028
01029
02066
02065
02067
03568
03924
02529
05349
03292
06214
02411
02417
00901
02400
01181
02412
12686
13584
00575
03412
03413
03408
03407
13588
01738
02426
11357
11068
02837
00549
03752
01181
07667
07646
01548
01547
01546
05539
06985
03702
01633
01737
00384
07276
03624
08191
01724
00500
03168
03412
00575
01887
03387
03386
02221
09131
00052
01704
01703
00826
01649
01653
01652
00053
01687
14393
06937
06134
02839
02498
01719
01749
01409
00057
01895
01247
08989
06941
08738
01419
03667
01104
10773
05844
01716
00647
00208
06889
09983
01620
00077
14347
11755
02500
01814
02501
01089
00013
00765
04046
01114
11069
11071
11070
01679
00626
00023
08296
02393
09769
01934
05794
05349
12257
09888
00615
03704
00564
06183
00134
00927
01624
04080
01760
02048
02046
02047
02045
01262
01972
03631
05807
02535
03531
03590
03589
03798
04075
03640
03641
03562
03551
03550
01159
09922
07278
09800
03710
02291
06966
06891
01443
07107
03186
05970
09987
13592
00788
02356
01092
02909
07300
09705
00930
07025
00674
00560
00287
07473
03593
00791
01785
01687
13953
09985
03657
01868
08998
01883
01495
03559
06180
03089
01939
00831
00941
00796
00075
01924
02563
03588
02916
02887
01915
01845
00135
09472
00822
04094
03088
00259
07126
03744
06872
08988
01889
01890
05820
02914
03536
03217
03978
00640
09457
01925
01000
01929
01928
03587
03438
03925
05801
03694
00548
01921
00548
00297
09946
01507
13589
07001
00847
02429
03294
04773
07146
03787
00573
03829
00285
01775
06207
03832
07336
09939
03734
00380
06876
00140
05970
13821
09955
00852
02856
01738
03196
03195
03204
03201
03199
03198
03197
09955
07233
02529
01875
03118
03117
03116
01190
01190
01190
06214
14266
05946
01187
01710
07483
06147
03406
07484
07484
07165
07165
07165
07168
03406
03406
03406
03406
13583
01811
00537
00537
03741
05970
01802
04063
07483
07483
07484
03296
03307
11745
03284
01447
07165
07165
07165
07165
07011
07017
07045
07126
09807
03497
04084
01730
01815
05349
00003
04099
13637
07782
03111
06214
03466
00820
03431
00338
00339
00340
00341
04487
08884
03325
11811
01534
07233
03088
07798
07787
01534
08151
00433
14266
14266
14266
07483
07165
02860
01885
00566
02397
02396
02389
02390
02409
02410
00616
14441
02806
03092
06861
09774
11719
03684
01142
06997
00788
01869
03643
02340
03497
03496
03501
03495
03650
03628
08973
01772
01599
09773
06287
00014
00859
02342
03071
08304
06915
03789
03711
06168
06217
07042
03820
00789
03439
09748
02600
07742
02519
01433
07148
02834
03177
02956
00962
02884
00554
06894
05367
02959
03106
14261
00024
00241
00242
00239
00240
04755
06143
07152
07043
04750
01903
01902
00164
00658
00382
02390
02389
03733
09921
04066
02113
02111
02115
02112
02114
01778
03110
06190
02042
02044
02041
01581
00809
01579
00525
03841
08311
09798
05785
06223
01241
01730
06890
01644
01077
06916
00133
05786
06889
03750
03638
03639
03827
11189
00783
00969
03979
02899
02888
03814
09768
01283
01654
12511
12510
02283
02282
02281
02280
02279
02278
02651
02651
01665
03797
00526
01255
08738
04518
02199
02196
02195
02194
02193
01681
09965
01682
01812
01953
03497
03530
06988
05349
02014
00852
14347
03205
07344
01555
00832
03534
01129
00451
00275
07028
02913
12573
11753
03413
13593
03601
01945
00912
02527
09778
11085
01092
03592
01077
06955
02529
00363
00372
06911
06889
07397
07301
09761
01919
03305
03568
02275
02274
02258
02276
01126
07735
04566
06920
11940
00773
07568
02427
00088
09967
09967
07722
02051
02050
02049
07341
07154
01707
03535
07341
01684
08989
03088
01951
07733
07344
03704
03088
00606
03977
03918
00764
03558
04485
02314
02014
09930
09930
03088
02455
02454
02654
02456
02453
02458
03545
09924
01358
03544
06201
01192
12308
09704
01206
03710
01197
01874
03218
01061
09790
01278
03073
02601
02867
02863
06169
13633
02864
02935
07058
03564
01866
09001
07018
13643
04487
09014
09013
09015
03496
12068
12067
12066
12065
03981
12063
12061
12060
12059
12058
12057
12072
12056
02342
11717
13628
00655
02622
03320
01915
04751
02014
02939
00342
00343
03524
03525
03821
07462
03704
09005
02259
07093
02871
02996
00145
01881
09808
02337
02967
02357
09903
02838
00806
00981
00099
11749
07277
02536
02372
00677
09949
00748
01647
01356
01609
00766
01658
03665
03666
00824
13599
13598
12506
06167
03424
02341
00943
03642
08987
04085
03723
09159
03655
02517
01669
01011
09969
01937
03075
01803
03770
01657
03455
04564
03743
03644
05939
02014
00382
00627
00162
13583
06889
14415
06153
01647
01810
00265
00266
03320
07305
02302
00381
00390
04083
00161
02013
02015
02016
06969
03437
03579
03294
07007
03046
03043
02836
05366
01448
08300
03149
03154
03786
02160
01961
00684
00525
00133
01876
00937
11175
01933
03684
00940
06158
03534
07154
03477
03926
03606
02529
01685
00040
07110
01637
02335
03406
02793
10778
02346
07397
13582
07090
03722
01649
00817
03521
03522
00074
07148
01755
01586
03406
06195
01494
07729
09973
00821
07263
04095
03205
01114
02014
03781
07473
04761
09791
05838
07657
02039
07636
00147
01873
09991
00573
11443
09919
01091
06179
06199
02503
07126
02434
02433
02435
02073
02072
02071
08323
01235
03292
09992
02014
12373
03496
00820
00101
02036
02038
02037
02040
00931
01733
03406
00384
01738
02204
02316
03086
11754
01963
01695
01696
01817
00845
03282
05788
02945
00945
06975
01061
07552
03654
07447
07088
13979
00609
01465
08591
03168
09974
07007
03182
01206
01206
12308
03455
07386
03585
12658
00285
05349
05349
10126
10125
11103
02005
02003
02004
01051
03088
00019
10563
02968
14160
14161
14162
02014
03088
03832
00428
03088
10218
10220
03088
01892
02493
00928
07304
03088
03553
01872
07088
00031
02533
01087
00697
01118
06911
02433
00681
07127
13481
13482
07402
01129
01588
07133
03497
03337
03335
03336
03338
00010
00140
02300
02299
02298
02297
01589
10806
12972
02556
03596
02014
09807
07407
01195
02575
07183
00362
07263
01206
01811
01205
13637
03088
03406
12308
02963
02990
00645
00059
02078
09458
07082
00942
08738
01620
01338
03530
00330
00331
00332
00333
00334
00335
00336
00337
00065
01689
01091
02911
04764
00648
03621
00946
03625
00794
00793
11752
07738
00600
00643
01698
02557
02621
03584
03595
03685
03100
00997
03474
00762
00951
03060
00950
00058
11927
00874
10192
10194
10193
01192
01815
12661
00648
00059
00648
02078
01649
07154
03664
01714
08309
07148
07313
01991
03328
02472
02339
01255
07091
11720
04744
03771
00097
02528
07340
09861
07566
01354
03823
03496
01265
03630
07147
01756
01923
01952
01952
01952
07390
02986
07313
00012
01953
03205
03196
03195
03204
03203
03200
03201
03199
03198
03197
01251
01012
00973
00067
01710
01790
01284
01776
01070
00121
03406
03648
04565
06177
00432
06911
00954
02469
03111
02406
06603
02406
02406
06602
06601
06952
01006
01879
01878
08218
00919
00311
03215
01181
09691
03273
07031
06041
00979
01627
00955
00957
01754
00857
13522
01673
01950
01754
03773
01784
00963
03185
08484
03676
00620
03769
03070
00655
09811
09812
00760
03924
08738
07402
07303
07302
07141
07552
08191
01785
00457
03406
01533
00406
00407
00405
00404
09792
07054
01735
00891
04763
01962
03442
06178
03572
03101
01870
06182
01246
03088
03649
01736
05516
14266
06142
00799
13590
01083
03406
07258
07214
00253
06919
01190
05349
01198
01198
01209
07484
07165
07483
07483
07484
07484
07484
07126
03307
01209
01759
01607
01271
03566
02529
13642
08191
03153
03832
03559
03561
11941
02919
08602
00324
00324
00325
00281
02437
00605
03527
03469
09981
06217
03791
00858
03317
07659
07638
03179
02394
00873
01489
00035
02429
00064
01685
07275
14232
16013
16012
15011
14219
11939
15726
14225
14223
14226
14219
14228
14218
14219
14229
14234
14225
14237
14224
14224
14233
14220
14233
13585
14221
14221
14232
14227
14227
14227
14218
14218
14218
14230
14230
14230
14218
14234
14237
01053
01178
00128
01941
01457
03406
07782
03406
02483
02483
14266
15012
15011
15034
15578
03929
03929
02554
15461
01082
15532
03929
03929
03929
15738
02428
01692
15727
15577
15725
00459
04765
15576
16079
15371
15778
15977
15987
15918
15977
01198
01209
08679
15923
02014
02014
02014
02014
15923
16092
16090
07483
02083
16087
05296
16210
01801
01983
11072
16514
05349
01978
21430
03699
01992
05349
02342
15012
14998
16264
01985
01985
01985
18828
14998
13485
17210
17209
11532
17247
17218
01980
01980
01980
17208
01990
15894
14236
17662
17686
17675
17836
12574
01190
18148
00663
18195
00329
00356
18234
18335
18337
07046
00138
02488
18587
18588
18676
18676
14266
14266
14266
18707
18901
07171
18893
18786
10747
07171
18829
18831
18902
05366
01971
21029
16898
03496
12069
19055
03976
18979
03526
01820
00611
07746
07746
07746
07746
07746
07493
00798
08678
19092
07062
19265
01785
04771
01992
19267
19355
11209
00799
01179
00992
19802
09796
20266
20266
20326
20444
20533
20527
20527
20530
20529
20531
20531
20532
20533
20532
20528
20528
20529
20530
01179
01179
16554
21053
21062
21062
08968
13609
09806
03892
21420
21607
21495
21600
01176
07062
21883
18336
21929
00424
03741
22067
05275
14274
14274
22187
22185
22186
02257
19784
00728