08156
14237
14228
14233
14229
14229
07448
06881
01843
03743
07052
00700
09815
06925
03530
08301
03723
03525
03770
08325
01915
07106
03182
02970
00847
03088
00057
00615
03778
03585
01740
00641
00003
09816
14652
00604
00177
00175
00174
00176
00831
00942
01921
03924
03657
10773
15738
05349
07133
05349
06287
00748
00554
02013
02015
02016
01870
01873
01338
00979
01627
06041
03281
01867
04761
09710
03798
00981
01613
01251
09793
01579
01918
02529
00286
06997
00382
06173
01744
00215
03100
03701
03427
01154
01153
03530
03215
09807
06180
07560
07139
04066
07391
02563
01924
03590
03531
03168
00703
07568
06153
09811
02523
02429
02884
03787
06131
03186
02356
01194
00991
00912
03070
02426
00919
01808
09790
06207
01735
00029
03551
03088
00793
07636
03702
03664
09760
01755
01438
00930
13043
00145
01940
11068
03602
03601
07443
02835
01869
02950
02992
02355
02946
02906
02926
02892
02886
02965
02890
02982
02878
02904
02961
02874
02895
02931
02954
02994
02933
02881
02988
02876
03076
01265
02518
02919
02952
02948
02986
03040
01783
07023
06158
03218
07043
02445
00111
01126
00849
00645
01809
00528
00266
00343
00342
00341
00340
00339
00338
00337
13378
00331
00330
16153
04564
01667
00133
05366
03113
00928
03524
02474
02437
00024
16089
03624
02879
08191
01803
04567
06973
09808
03183
02346
07217
16052
01881
03088
08591
06168
03977
03811
08138
01805
02313
03564
02503
09817
03305
12960
03561
00174
00175
03088
05807
13038
03631
04077
04078
07085
01442
03427
01154
01153
07137
05808
03733
06894
05367
06942
05349
02529
07056
02517
13652
01886
00606
01951
07783
11065
03530
00390
05349
00677
09748
02600
02519
07507
02916
02887
03654
06969
03217
01937
00931
00147
03581
02007
08717
12308
01448
09014
09013
09015
11717
00943
07397
07082
01173
07727
03594
03106
06199
00925
00873
03786
00946
00760
01950
07164
02888
02899
03737
03654
06861
00800
01736
02493
03565
03190
03189
03188
03187
01428
01429
01430
06199
01689
05349
05349
05349
03088
07568
03088
00278
02837
06911
00705
07387
01778
06142
06142
07277
00806
00858
03474
03210
03625
07007
00243
06978
03701
01770
00259
03979
01079
01734
01887
06167
03118
03116
00948
03978
01442
02016
02015
02013
02968
00946
02990
02963
02939
02945
00876
00281
03775
00384
03437
00097
01868
02520
03695
02343
01866
01633
03308
00794
03629
00024
07107
07566
07053
01810
00057
03569
03570
05515
05837
00262
00605
01126
03088
06950
09888
14441
03110
02913
02902
03075
06142
03550
04043
12257
00859
00796
03671
04485
11749
00099
01991
06872
03744
00655
02622
02621
00891
01776
03466
02469
03327
06178
02959
00566
01462
07447
01880
03630
03685
09458
02078
05995
07460
02527
03827
13993
01462
06187
01676
01624
00656
04069
03310
03118
03116
03473
03313
02909
03817
02358
03073
02601
02867
02863
02864
02935
03043
03046
01752
06076
00812
03530
05592
00208
00426
00425
03315
01091
01714
01972
01939
03521
03522
01425
03704
07124
12410
05606
02871
02996
02967
02357
00012
03572
03686
03687
07056
01775
07456
01448
11537
01284
01284
09761
12140
12141
07240
07240
06969
08303
01875
09861
01662
09903
02838
01610
03558
06949
00556
01151
03797
00962
02956
03734
03526
03655
13789
08303
08169
07148
02355
03269
02529
03390
03388
12339
03088
01872
15633
03424
00346
00347
00348
00349
00350
00351
15987
01960
03282
10716
11755
02500
01814
02501
01089
00817
00013
00765
09117
03453
09922
02836
01883
11927
08641
01876
07478
07095
03696
03327
03439
03648
02548
03086
00789
03088
03544
01358
03545
02914
00790
03585
03820
11754
00945
03527
03797
03536
08998
00067
01790
00973
13747
01712
01745
01468
12267
14155
03555
00876
02470
09812
08289
07085
04759
00297
12573
00075
04075
02340
00954
02536
01159
04095
07322
00761
03665
03832
06941
03501
03088
00773
06180
00067
01790
00973
03584
02687
00850
03088
00240
00239
07001
03703
07085
02016
03585
03760
07109
15977
00600
03088
00009
01126
02445
00820
00757
02338
01926
11753
07107
04079
00179
00180
01091
02003
12340
16053
03771
08307
03650
09808
02834
00950
02341
03284
07058
03270
03438
03587
01928
01000
01925
03588
04762
01056
02897
03088
01649
01703
07154
07154
05970
06975
03575
07301
07238
01126
07783
01465
01956
01955
01591
00762
00609
08218
03671
02337
00014
03797
01892
07282
01993
05811
01154
01154
01154
01154
03427
01153
01704
00052
01733
00872
01687
01652
01653
00053
01953
00927
03658
07001
01889
03495
00826
01874
03517
04773
01737
01495
01588
01589
01952
01923
00764
01933
11175
00602
01945
01491
01163
00767
00783
01893
03092
00262
01950
00705
01929
01890
06001
01586
03179
03596
03628
09939
03839
00791
07078
15977
02217
00648
03621
02911
00134
02065
02066
01756
03088
01126
07783
07462
03801
03644
03470
03561
03424
04096
06959
07138
07407
01912
02372
02078
07107
02078
01745
06871
18682
01840
01218
01270
03292
16211
01834
03699
16363
01270
16264
03177
01278
00567
11645
12373
11105
07658
00929
03617
03613
03612
03614
03615
03803
03499
01082
01006
04517
06201
02371
02004
02004
02005
07052
00616
12373
00853
01176
02238
09011
01784
01077
00639
03718
07386
03593
02428
01424
07079
00647
00647
00059
12373
07114
07114
01489
01639
01322
00674
06889
12373
12373
00939
00784
03932
06889
04518
04516
07657
06889
00639
01619
00845
01297
01262
01719
04763
01409
02348
01206
00548
09704
01191
02124
02123
02120
02118
02117
02121
10563
01585
01206
15460
09702
00657
02564
02564
01759
01537
01580
01480
01787
07588
01572
07025
03976
03606
02014
13990
14232
03768
01104
00059
02798
02799
02800
08483
02784
00241
01934
01092
02342
02014
00854
01785
01885
01077
00845
00088
02342
00721
02014
02566
02823
08974
07098
02428
12373
01258
06889
01607
03386
00058
00852
01835
01847
01847
03498
01206
06201
01192
07263
02014
11085
03469
03442
03783
01277
14233
05340
02067
11720
02008
09810
00951
21571
14223
21571
03559
14223
14218
02006
14219
12343
14222
07091
17103
14228
01978
01977
01977
14228
14234
10947
14225
01992
01990
01990
01980
01980
00096
01983
00951
14236
01897
01897
01897
14234
14224
11527
01992
04084
01985
01985
14230
14235
14221
14221
14230
14219
14231
14230
14237
14220
14226
14232
14225
14225
14225
14234
14228
14233
14233
14224
14234
14227
14218
14219
14219
14228
14229
14232
14230
01190
01190
01190
19271
00018
00971
00290
06518
17828
00226
00254
17837
06921
00661
01187
01187
01187
03585
18139
18138
18220
14742
21449
18234
11785
07713
11784
12373
01190
03101
03772
03772
03088
01126
16089
01190
00969
01126
09979
02003
01190
03088
03088
02528
01126
02907
00647
03088
03088
03088
06131
01250
12373
12373
01187
01126
03088
03088
12373
00615
18285
18139
11782
03742
18707
18691
03446
21572
21572
18785
03496
03497
03169
03496
03497
03502
03503
03497
03496
03496
03497
03502
03503
03111
03502
03503
03111
03496
07483
19055
07483
07483
07483
07483
07483
07483
07483
07483
07483
18979
11991
19002
00986
08678
07746
19221
19158
19159
08678
01710
01710
07405
00798
01785
01992
08217
19302
03088
03088
03616
10206
05770
12137
20265
20265
15527
01179
01179
02081
02081
01200
20866
21071
00821
03553
00558
00857
02314
14623
07455
00558
02314
04068
06217
06223
00560
00287
01493
02316
00558
21636
02335
00525
07497
07497
07497
07497
07497
07497
07497
07497
07497
21572
21573
21574
21572
21572
21572
21572
21572
21572
21572
21572
21572
21572
21572
21572
21572
10026
21572
21572
21572
21572
21572
21575
01176
21571
21571
21572
21572
21572
21814
21993
01071
22132
08364
03595
09022
22230
01130
13566
03389
09516