06314
00611
06948
00602
06377
03784
07084
05786
03327
03310
01754
08303
01915
03469
03893
02006
02008
02007
07107
03284
07137
01012
01962
00850
00873
10439
10543
10545
10544
02549
00432
07218
00878
00788
07444
01299
02274
02275
09014
04488
09013
02073
02072
02071
01740
02437
07226
02013
02015
02016
03664
03928
03075
01689
01803
00927
00134
05311
03092
09762
00384
02500
01814
02501
01693
00013
00765
02502
06023
08972
03701
03702
03797
09811
09812
02836
03070
02422
02407
06603
03563
02397
02396
02398
09770
02406
02422
04061
02240
06381
01448
03070
00928
06407
06406
06405
00012
09930
00208
06213
06180
00858
07816
06886
08602
08680
01661
01911
00426
00425
00526
00525
00426
00425
09815
08998
07173
04047
02050
02049
02051
02006
02008
02007
01610
00789
07139
01869
07007
01439
05820
01975
03521
03522
00313
02016
02015
02015
02013
00147
00931
09749
11068
06131
01867
00648
03695
01955
01956
00930
00145
09767
00548
00768
02232
02189
05936
02188
06042
05895
03439
01953
01669
00266
01687
01652
06950
03282
02400
02401
02421
02420
02419
02418
03413
02417
02416
02415
02385
02390
02389
02413
02412
02411
02410
02409
02408
02388
02387
03706
03667
01419
03733
04094
03168
04096
01902
01903
04061
03470
03100
02884
00554
02860
06960
02959
03106
09787
03110
03529
03685
02078
00645
03621
07571
06382
08884
04075
00760
03798
03525
04083
01738
01665
00796
01633
00950
04567
03708
03696
04485
00991
01770
00640
01883
11145
03218
06962
03091
02913
03073
02601
02867
02863
02864
02935
03043
03046
07590
02950
02992
02355
00088
07258
06215
08681
01875
02343
09747
06187
06317
00943
02341
07056
06284
03424
05985
02528
00919
09685
06412
00948
02897
01056
03723
04769
02499
01493
02238
02340
02968
06012
06385
03596
03705
03687
04043
03686
02687
09761
02970
09117
06438
06217
03595
03584
09773
02316
03086
02250
00243
00012
10439
10440
06726
15770
03655
00852
02529
00963
02372
02392
02392
03569
06283
06381
01480
00797
01775
06959
03095
06925
03789
01409
06158
01926
04078
04077
01480
07258
06379
03091
06406
01935
00833
00945
00655
02945
01823
03977
00057
06398
03530
01495
03183
00940
01736
01735
06208
01657
00766
01609
01817
01696
01695
00817
00800
06407
01586
00793
00794
09763
05896
06024
01620
04564
06373
06374
06178
07399
07775
07651
02016
02015
02013
02227
02231
02233
04486
01507
00382
00627
05571
05570
05569
05568
05567
05566
01737
06920
03697
03758
00162
00161
01462
03499
05823
06199
06199
00937
03415
08483
06885
02314
02939
02963
03111
02990
06942
07150
03497
03497
03501
03495
03650
06346
03217
03536
02914
06878
03466
00763
01924
02529
04768
04766
01866
02986
04486
06286
03311
03151
00858
11065
00925
01940
01755
02337
01963
09699
07588
03408
00033
00036
00784
00286
04763
01839
03783
00756
03588
01925
01000
01928
08384
08724
03438
00077
02911
07040
07177
07001
00954
08976
02276
02274
02275
02259
03588
07175
06207
02371
06200
02160
01640
01921
01929
05592
00997
01838
07238
08969
00899
08963
00619
01951
06901
01588
01589
01756
01923
01952
01952
01952
00764
01933
11175
01945
01486
07094
03657
01972
00294
01486
02435
02433
02434
03088
04758
04759
01512
00860
00958
00390
07058
07300
01676
01247
02828
02829
03969
01734
00606
01918
01579
03722
01893
02086
10773
05366
03700
00111
00865
03654
00384
02013
02016
02015
02015
02170
02169
01611
03455
03657
00782
03303
02026
02025
03604
02647
01118
01744
08884
01153
03427
07071
03565
03303
03575
07586
02035
02033
01845
03564
09825
00700
00975
00975
00688
02548
02552
02551
06223
06153
01448
01892
01876
07478
00566
03581
01872
07447
07082
08303
08303
00876
03624
09959
07727
07341
09384
03147
00116
07282
03523
03885
01778
03885
00872
01733
00003
03644
01810
09779
04565
03609
02888
07584
02899
03979
06209
00278
00767
03517
03550
03551
07568
00773
03210
07462
00759
07560
02291
01953
07148
02895
02931
02954
02994
02933
02881
02988
02907
02876
03076
00939
01265
02518
02919
02952
02948
03040
02879
06173
02871
02996
01448
03593
03088
03631
06399
07699
01126
00263
00929
00382
00166
00167
03431
00820
00655
00997
02160
03625
03601
03602
01662
06442
03402
03527
01151
09817
09816
02076
01867
03546
03547
03521
03522
03671
07243
03703
00241
03308
01714
00928
00133
00962
02956
03177
02834
09764
02519
07742
02600
09748
03763
01881
00099
00981
00806
02838
09903
02357
02967
02405
03411
03408
03407
03412
04562
02404
02313
02338
03629
02470
02469
00969
09710
03710
03466
07574
03704
03469
01637
01356
01915
03713
03665
03666
00791
03572
03555
00175
00174
06416
09769
03553
00995
01738
03169
03217
05833
05832
01989
02342
02026
02025
00231
01772
01599
07533
00831
00239
00240
07107
01776
00989
07095
00826
01652
01653
00053
01649
00052
01703
01704
03545
03544
04076
01338
03978
02492
02497
01749
01719
01698
01845
01873
02652
01433
00797
02913
03486
01226
02818
02819
02621
02622
08591
07152
01754
00287
00560
03118
03116
00651
02553
01719
02768
02769
02770
00882
00864
02221
09772
06997
05810
03091
03091
06383
03531
03590
03589
00075
02563
02874
10112
03149
03154
03153
03707
06969
04088
04087
06180
06973
01647
04564
02040
02358
02946
02906
02926
02892
02886
02965
02890
02982
02878
02904
02961
02037
02038
02036
02039
00845
02243
02244
02245
00891
00605
00282
00283
03800
03716
07001
07658
07636
02335
10563
00859
00134
01611
07738
03346
11144
01868
02520
02916
02887
01804
02529
03437
01889
06994
09888
07456
09786
07180
02669
02653
02662
06287
03088
06904
08989
09125
09775
01681
03413
06196
09976
00615
03569
03570
03571
03610
07086
00285
09771
07089
00009
01638
07322
06911
08223
01938
01126
05813
05815
05814
05816
00381
00380
08981
09167
03216
05350
07507
06967
03786
02356
06390
06391
06392
06393
06394
06396
06397
03655
01752
01752
07030
02902
01783
06949
06941
03500
00604
01462
04066
03060
00942
00762
01591
01955
01956
01465
00609
02825
06180
03101
01870
04074
03498
02557
02556
01613
07015
00014
11071
11070
11069
03305
02003
00783
07652
07668
01939
06294
02824
02490
02009
03768
00812
06384
09681
05337
06307
02503
06299
06300
06403
04518
00104
01760
01739
00819
06302
06303
06304
01182
10810
06415
00318
01358
11184
03574
02242
00847
02809
02810
03488
02777
00259
00656
04069
00556
03976
00790
00343
00342
00341
00340
00339
00338
00337
00333
00332
00331
00330
02114
00761
00600
01808
07566
06387
02493
02835
00857
02909
03628
02446
00790
00616
01624
01937
03048
01887
07213
01874
01890
02112
02115
02111
02113
02109
02110
02108
00567
01907
11942
01847
09698
03892
11618
11622
01421
05739
03888
06295
06285
06417
06298
06426
01785
01209
00031
00027
03496
06301
09682
02103
07697
07680
07691
07692
07777
06404
06378
06380
06401
06375
01476
03795
06408
03328
02619
12263
02443
03648
01880
03387
08369
01489
01619
07304
02239
08965
08964
08966
07105
11753
11752
02247
02236
01784
02443
00027
06976
00265
00265
11473
06019
00074
10026
00016
01104
04042
06436
11072
00703
01048
01154
12574
02414
06313
00575
04517
03886
03887
01992
02598
06889
11707
11710
01897
07152
11755
00974
00260
02246
02248
06431
06432
06433
06411
06428
09946
06296
06297
06305
06328
15977
06422
00491
00634
21900
00059
03574
00059
01308
07027
13300
00558
00853
10240
00059
00059
07124
00059
01090
02859
08967
02277
12410
01193
01934
06349
03722
03657
03711
13052
06434
11617
07090
02650
00805
01491
02423
06425
09706
06318
06595
01847
02823
01897
00626
01101
11686
01992
06168
01092
03524
01069
00595
00074
09015
11717
00661
01990
00652
05946
03386
00024
04487
04487
04487
01916
02303
01895
01895
07090
07090
01243
02237
02303
02251
02253
11708
11709
07098
12257
04767
07979
00096
00951
11754
01961
13767
01424
07729
03321
02347
00520
02799
02800
06183
13038
06413
06414
06386
02826
01534
03741
02862
07182
06409
01193
03409
06402
00128
03294
03294
00620
02664
03410
12574
06308
15518
06371
06410
12573
07284
10027
07483
00020
03406
03406
03406
03406
03406
03406
03406
03406
00968
03483
02798
02057
00805
06327
01664
06395
02217
02116
01174
03215
03655
01537
05565
00949
02663
04072
13292
07250
03657
00625
07038
03855
02226
06518
00620
06408
01791
03693
12508
06429
11189
01515
06400
13993
13853
13789
05799
01174
04720
00841
02827
01958
07042
03782
03480
01961
01449
00058
00215
00121
07697
13533
07697
05601
07248
08222
07496
03317
13953
01449
07114
02057
00318
00666
07052
01990
01992
01992
08713
14230
07052
14233
03296
07484
07483
02056
14234
14229
14229
14229
14224
14224
14224
14224
14224
05822
14228
14228
14228
14237
14237
14237
14237
14220
14220
14220
14220
14225
01983
14393
13628
14225
14225
14228
14228
14230
05967
07052
07483
02851
07113
07335
02039
06926
02224
03394
13626
13770
00632
07459
14218
01187
14233
14233
02013
14225
14225
14225
00941
01271
14540
06131
14233
14233
01187
14230
14230
03436
01977
01977
01977
01977
01977
01977
01977
01977
14236
14236
14219
00666
14230
14230
14230
14228
10907
14237
14222
14233
05937
01980
01980
01980
01980
01980
01980
01980
01980
01985
01985
01985
01985
01985
01985
01985
01985
14232
14232
14234
14234
14234
14234
14221
14221
14221
14221
14219
14219
14219
01449
14218
14218
14218
14218
14227
14227
14227
22491
07720
01524
09388
05519
01990
19689
14235
00537
02304
14226
14226
14223
14223
14223
03406
14231
14231
14231
06919
06919
19689
14660
14652
01176
03297
03091
03215
11749
00564
03296
02249
00571
03611
02428
15342
10441
15583
15519
15633
15771
15772
09022
01966
15582
15581
10823
15580
10241
10242
07130
02031
01835
03839
15973
03320
07464
07483
10010
10716
02424
10009
10716
16188
16331
07038
16509
16511
01838
16264
16167
16168
16511
01978
03299
07260
13532
16173
03321
16786
16787
16785
02027
02034
11751
07012
16898
16785
16786
16787
16881
11991
16869
16925
16899
02030
17217
10823
07680
01992
01992
17216
17103
17218
17462
02029
02028
01992
01992
01990
01990
01990
01990
01990
17472
01990
17686
01821
02027
04757
17828
17733
07145
21472
15035
00138
03742
00960
01200
00015
01585
02913
18672
18707
18682
18692
18928
01356
07172
07171
07171
07171
07723
04844
18967
18929
07496
07496
03466
07029
03526
18979
14742
03892
19088
08365
09951
19224
00354
00571
00798
19221
19090
00571
19091
19064
19075
19225
19341
01567
01990
01992
04771
19342
19405
19411
19302
03574
06881
00887
07315
01258
20483
00547
00297
15777
19955
20074
12132
20201
20116
20117
20118
20345
20344
18889
18890
01208
21029
21022
21064
08968
00821
00435
07258
06958
21481
21464
21479
21465
21468
22044
21471
21567
21567
21600
11923
18244
22043
00754
01463
22136
22135
22132
22187
22230
22187
22278
03077
02257
13566