07099
06926
10040
18672
02217
02503
00949
00001
01708
02005
02004
03296
01270
10206
11072
13747
00996
10039
10040
11189
01759
01897
07793
01501
06147
07793
00805
03574
02823
03779
00547
00625
01715
00951
01934
00104
01270
01436
06350
06351
01077
00290
01784
01840
06015
01615
01534
13542
07005
00603
01615
01615
01615
13789
06889
00075
03282
01866
06872
03547
03546
10026
01737
06920
09457
12942
02843
02843
03273
03274
03272
03271
09824
06861
02517
03270
06041
01627
00979
00748
02313
02338
03629
02470
07090
02469
01999
01997
01998
01995
01996
04767
07023
03426
03625
01409
03601
03602
01662
06442
00858
03402
03631
01515
06416
02049
00005
04758
04759
01889
01890
03708
04485
01872
09949
00677
02517
02536
06142
06142
07277
09800
02067
02065
02066
03569
00790
02114
02112
02115
02111
02109
02110
02108
01791
07240
07240
03327
06317
06187
09747
02343
00651
07098
06199
12942
01776
00566
04487
02990
03111
02963
02939
02314
01756
01939
03312
07085
01425
03310
03523
01935
00833
02346
01740
01706
00176
00174
00175
00177
07447
07082
08303
02356
01163
01952
01626
02502
00765
00013
00817
01693
02501
01814
02500
11755
03431
00820
03517
00278
00767
05311
00134
01689
07473
00366
06889
07088
03823
01776
00260
07023
02434
02433
02435
01879
01878
03086
02316
09773
01007
03315
03711
09816
09817
09815
07642
01681
04069
03734
03617
03613
03612
03614
03615
03439
03588
03587
01491
09137
07173
07636
12410
01875
01581
01462
03075
03928
12573
03664
03778
05810
06997
00286
03521
01868
03340
07088
01624
06180
06199
06864
06898
09121
02007
02008
07138
00783
09825
00640
01738
03308
03308
10806
04068
01040
01039
08301
05837
05515
03571
03570
03569
03630
06287
01443
07106
02809
02810
09963
06942
04486
00969
09710
00243
07120
11921
01703
01704
00052
01246
01653
01652
00053
01652
01653
06923
00567
00549
06409
00135
02123
02124
02121
02119
02122
02117
02118
02120
02006
06196
01356
03665
05592
03466
12574
07027
03471
07053
02654
02768
02769
02770
00882
00016
01372
01104
01468
01712
01012
07010
00548
00759
00937
03798
12942
03575
01295
07160
02039
02036
02038
00821
07584
02899
03043
03046
01154
01154
03427
02071
01012
02073
01551
03325
07137
07043
01265
08974
04758
04758
04759
01662
01409
00297
00375
00384
07461
03704
03311
06518
01295
03453
02012
02011
01480
00831
03744
06872
03150
03979
00931
00147
02003
01938
07084
01745
03300
09707
02040
01480
00797
00385
07095
02879
03040
02986
02948
02952
02919
02518
00939
03076
02876
02907
02988
02881
02933
02994
02954
02931
02895
02874
02961
02904
02878
02982
02890
02965
02886
02892
02926
02906
02946
02355
02992
02950
07590
06158
03585
02471
03310
03218
03091
06153
02358
02913
03073
02601
02867
02863
02864
02935
02071
02072
01993
06975
01657
01658
00766
01609
01817
01696
01695
00014
03785
07341
07729
01448
02334
06188
07396
01153
00336
01304
07282
03695
01681
04761
01681
01465
00111
03307
01751
03523
01749
01910
00789
04066
01462
00604
09729
03500
06941
06949
01783
02016
02013
03561
03559
03325
01778
11069
11070
11071
02888
00973
01710
00067
01790
01810
00930
00611
01940
01755
07137
00031
06901
03657
01972
06200
06217
07042
01489
03595
04077
04078
02528
05985
03424
01874
07078
00963
03789
06925
01610
02072
09005
12511
02283
12510
02282
02282
02280
02279
01714
00928
00133
01520
00788
04069
03312
03799
04763
03666
00791
03572
03555
06168
03088
11144
02011
02012
01480
06016
03312
07133
09760
00681
07133
01258
06959
02006
06173
11752
00793
00794
04083
03553
03565
00757
01839
07238
03523
00626
07089
01873
00975
00975
00688
00700
00950
00796
09007
01737
03216
03307
00872
00003
06209
00057
08591
03977
01823
00655
00945
07007
06178
06024
05896
03706
03733
04094
03168
04096
01867
07862
03453
06213
06969
00088
01679
07080
00266
03092
02529
01714
07150
03497
03496
01258
03501
03495
03650
06346
03217
08998
03536
02914
12941
06883
01424
03458
03816
07010
03655
02355
00615
00788
09787
03106
02959
06960
02860
00554
02884
03100
03470
07460
07391
00876
01885
02871
02996
03147
03737
06966
03655
00012
03310
01056
00948
04042
01754
09685
00919
03312
02340
02238
02237
02566
07150
01775
03581
01611
01207
00074
00626
10773
09157
03584
01142
01681
13292
01869
00943
07056
07023
03564
09861
05808
03070
02836
09812
09811
03797
01151
02520
02916
02887
02956
02824
01951
01620
07240
07240
07166
01923
01243
09807
00384
03671
06142
01870
03437
03499
03498
01572
06889
03110
03529
02825
06180
03101
01091
01876
01892
07560
07462
03074
03072
03210
00773
07568
06381
03551
03550
01159
03701
07107
07095
00027
02073
03319
00763
03705
03687
04043
03686
02687
09761
02970
09117
11358
06013
07736
12506
09698
01883
11145
03465
01733
01950
01854
07271
00991
01295
02837
05946
01613
01531
03453
01918
03502
00145
01915
01439
03525
03523
03524
03798
00760
04075
07571
01533
00891
00014
01736
00800
01735
03856
03530
02499
03723
02446
01937
01887
11928
01448
00997
07478
01586
05833
05832
01989
01989
04069
00656
13049
06180
00868
03724
00878
08659
08483
06967
03698
03671
08641
00703
00705
03300
01643
01644
01646
01752
01752
02909
02835
02493
07566
01808
00600
00761
01493
02335
10563
00859
08309
09013
09014
11717
04488
00962
02777
02902
01945
00602
11175
01933
00764
01588
07456
08303
02456
02653
07738
03531
03589
01921
01924
02563
01925
01000
01929
01928
03438
03925
00762
01591
01955
01956
01465
00609
12940
03286
03545
01358
03544
01338
03978
02507
02454
09767
00266
00528
00772
06019
00784
06206
01649
00602
04070
03780
03596
02968
11753
03177
02834
02519
07742
02600
09748
01571
06952
06016
03763
07507
01881
00099
00981
00806
03702
03701
03703
06889
03116
03118
07138
06958
09762
06871
07576
06207
02337
03521
03522
00873
03499
03498
01104
01991
00012
02838
09903
02357
02967
00826
03685
09458
02078
00059
00645
00648
03621
00616
02911
07040
00925
00954
05337
01012
13038
03060
00942
09777
01687
04567
03624
11065
07105
14218
14228
06972
07496
11754
10041
07246
14232
14219
14229
14229
14228
02015
14234
14220
14220
14225
14225
14225
14225
07126
01980
01980
01980
01980
01980
01980
01983
14225
00215
00058
00058
00058
00058
11085
14155
07459
01977
01977
01977
01977
01977
01977
14219
14229
02010
14236
14223
14233
14226
14224
14218
14218
14223
14223
14234
06921
03892
03527
02945
03892
14228
14228
14233
14230
03574
14222
14222
14233
02304
14441
01985
01985
01985
01985
01985
01985
03324
14232
07658
00941
14219
14234
14170
14225
01524
15125
15051
15035
01470
00104
01978
14232
14230
14219
14221
14221
14221
07045
18475
03763
14233
14235
14227
14227
14228
01607
14218
14231
14231
12960
14540
11749
01739
14652
01524
16089
00030
13927
03215
17836
15633
02428
00812
08679
15986
16092
02358
02334
16052
07316
07316
21449
17836
03299
16363
01156
02851
16786
16785
16787
16789
16928
11720
16950
16951
02030
16850
16849
00927
01803
16785
16786
16787
17103
02029
02028
02030
02030
14237
02010
02010
15553
05592
05601
14230
14224
14224
14237
14237
14228
14237
15554
19165
01267
17828
02107
01156
03742
18707
18682
07012
06147
01872
16898
03526
07464
19119
19117
09951
19118
07451
11991
01990
01992
01992
04771
06881
19689
01258
20534
15777
19802
12132
20074
21636
21636
11529
20904
21071
20903
21471
21449
21600
21929
09022
22212
17758
17759