08744
00130
15371
13628
02351
07245
00297
00620
12511
00965
00520
01491
01628
03769
08296
00823
09125
02963
01061
01061
00766
00831
01704
01703
03624
00052
00826
01649
03885
00053
01653
01652
01687
02434
02433
02435
01972
00566
01126
00763
07141
07402
07161
03519
03518
10544
10543
07667
03088
01126
07341
03652
01755
01940
03402
00611
00930
00145
07090
01890
01889
03437
02887
02916
02520
00765
00794
00793
11752
00604
01462
04066
00789
03060
00942
01591
01955
01956
01465
00609
02825
01644
07588
00790
01679
01848
02446
02114
02112
02115
02111
02113
02109
02110
02108
00600
02493
02835
02909
03628
01733
00003
01586
01887
01928
03116
01750
02274
02275
03891
07001
06929
01892
01486
02618
06898
09121
01595
02343
06187
00626
00928
00133
02406
02407
02422
01601
01602
01661
00626
03564
01738
04719
01480
00567
07734
00382
01883
01873
03405
00239
00240
04077
06199
09137
06199
02040
00088
01951
03657
02291
03568
04077
01733
00697
01087
03639
03637
03893
03147
03111
09118
07177
00031
03635
03594
03496
04748
02387
02388
02408
02409
02410
02411
02412
02389
02390
02385
02556
02557
02415
02416
02417
02418
02419
02420
02421
02401
02400
06941
01783
00855
07507
02529
02035
02033
02034
01623
03592
07053
01662
03750
00963
00036
00845
04487
01999
01996
01995
01998
01997
01952
03636
00242
00962
01092
01714
12574
03466
07258
00872
00995
03553
02549
00791
01778
03665
00674
01439
02051
02050
02049
01356
07738
01620
00946
01596
00681
00259
02379
03183
03701
03703
06958
00134
00927
01803
00241
01875
01849
01903
01902
11175
00602
01711
02194
02195
02197
02198
02199
03593
04486
03521
03522
00286
00330
00331
00332
00333
00334
00335
00336
00337
00338
00339
00340
00341
00342
00343
00059
01114
00426
00425
00919
02528
03424
01874
07056
06942
07478
01876
02231
02233
02227
01790
01354
09014
09015
05710
09013
11717
04488
00865
03718
05844
00788
00163
03469
00382
00658
00548
01255
01848
01724
03524
00973
01710
00067
12234
11212
03545
01358
03544
00940
03569
03570
05515
06966
11779
01057
07442
03433
03432
03100
01867
03117
03118
03727
00140
07568
00773
03072
03074
01872
07447
07082
00014
05837
00767
00278
03517
03390
03389
03388
03521
03522
02437
10440
10439
02529
00847
03734
00937
01810
00616
00859
03702
00283
00282
00605
02437
08999
06196
04763
01937
03631
00858
06442
02035
02033
02034
02035
01640
02031
02032
01907
03153
03154
03149
01533
07667
07646
01548
04074
02221
09772
06997
05810
03531
00075
01924
02563
03588
01925
01000
01928
03587
03438
03925
03800
07258
02316
01006
01880
03584
00806
03075
05595
01520
08483
02440
00864
05878
05879
00111
00113
02443
02034
02033
02013
02945
02335
00648
00059
02078
09458
00033
01695
01696
01817
01609
06980
01657
01496
04078
02500
01814
02501
01693
00817
00013
00873
01546
03595
07042
06217
02283
01895
09761
03686
03705
03799
00800
06208
06178
06024
11473
11472
01129
00074
00523
07316
01681
03710
01589
01588
12511
07164
01507
02884
00554
02860
02959
03106
03110
03088
03529
10563
03685
02078
03621
07040
00954
03655
07030
02902
01772
02035
00036
00074
01885
01649
05589
01689
02499
03723
01056
02897
00948
04042
01652
01278
03798
03478
03710
03684
01866
02551
08680
02548
01911
06888
02337
01895
02275
02356
03625
03786
01736
02654
07400
01142
02372
00164
07071
01358
00989
01776
03664
09811
09812
02836
03070
01251
02313
02338
03629
02470
02469
03980
00384
03671
01858
00606
02314
02939
03111
02990
01494
02259
06891
00285
03711
07776
03205
02396
02397
03563
03407
03408
03412
00575
03413
00074
00891
03523
01915
01915
01950
03086
02492
01749
01698
01845
09767
01247
03823
02913
03088
03073
02601
02867
02863
02864
02935
03043
03046
02950
02992
02355
02358
02946
02906
02926
02892
02886
02965
02890
02982
02878
02904
02961
02874
02895
02931
02954
02994
02933
02881
02988
02907
02876
03076
00939
01265
02518
02919
02952
02948
02986
03040
02879
06173
02871
02996
03431
00820
00997
01775
06925
03789
01409
04078
06207
07027
06994
03470
01929
01921
07010
01092
00027
03733
02405
02967
02357
09903
02838
00981
00099
01881
09748
02600
07742
02519
02834
03177
11753
02956
02888
02899
03979
00931
01996
01995
01998
01997
01999
00147
07161
07039
00969
01626
01745
03795
06042
01555
05936
02188
00595
07386
00451
02232
02230
00123
00161
00162
00627
00382
00525
11731
06910
03281
00101
01012
01547
03088
03601
01808
00432
00135
06180
03101
01870
03551
03550
01159
08681
06215
00995
01868
06988
00208
06911
01151
02968
03596
03734
01669
02340
00796
05838
00684
02003
01869
08641
10112
02026
02025
05499
00640
01738
03575
07075
03977
03527
00655
00945
06016
01712
01468
06903
06907
07009
02039
03711
06877
10773
02342
00231
00768
10805
01647
06864
09822
00615
08300
05520
01104
01104
03218
12506
13282
13288
13541
01990
10780
07045
01796
03644
13527
00344
03890
03889
02276
01599
03571
15521
13542
03406
01840
02031
05844
01784
06118
00951
03394
13570
01802
06147
00058
01198
13038
01259
05896
02614
02055
02054
02053
00805
09457
01426
00603
01434
00666
03969
02437
00210
07034
00632
09386
11754
00721
08256
07566
03457
02035
07693
07027
05337
13051
01515
08884
07736
07067
03696
04567
03525
01918
00950
01633
00796
01495
00760
04075
03088
00943
03168
03499
03499
07053
00764
01933
00762
00027
01952
01952
01923
01756
01945
01939
01834
04043
03687
03686
03695
01915
00325
00324
00324
01845
00031
00266
00265
09760
03320
06876
03926
04101
01647
02624
03497
03496
03501
06346
03217
08998
03536
02914
01187
02027
01055
07005
02004
05343
01580
03782
02484
02483
06168
11263
13640
07465
00024
03752
00215
00632
05364
13993
09009
00666
07646
01992
01156
03892
13668
01535
13821
07092
01183
14229
14232
14224
14225
01983
14233
14225
14230
14232
14234
01426
13571
03404
13787
06960
07052
01658
00112
07075
13626
00518
02224
14234
09711
14232
14226
14225
02052
14228
14219
14233
14228
14221
14223
14227
14233
14136
08677
14234
14236
14223
14218
01980
01980
14447
04518
14228
14162
00941
14235
14219
14237
01966
01524
05606
01985
01985
01985
01985
07483
14219
14230
14237
14218
14224
07768
14237
09004
14219
14222
14220
14228
14233
01977
01977
01011
14228
05555
14229
14231
14218
16012
16013
03086
03086
02031
14652
09710
15520
15746
02428
12510
15916
01692
13766
15526
15342
07483
07483
07483
07483
07483
07483
07483
16163
18955
18955
18955
18955
10716
14230
15495
02017
11645
16264
15035
00970
02056
10545
16652
16653
07012
11991
00966
16881
02193
01978
17218
17218
17218
15496
01990
01990
01990
01992
01992
01992
01992
14161
03671
17828
10027
17829
03520
19784
15856
03742
18455
01992
01990
06147
03526
19046
19123
07448
00798
19135
19124
19125
19126
09951
16020
19221
01990
01785
19302
01066
19302
20074
19710
15777
14941
12132
12132
20074
20444
01179
20814
00821
21140
03636
21401
21929
21929
00936
22010
22297
02257
22311
17758
17759