02458
09927
02888
03575
00602
11719
03885
02460
02470
02469
03167
06001
00176
04771
05515
07216
05522
02890
02874
03385
06176
02863
02992
04568
05786
02338
01876
07568
00166
03547
00123
03649
03814
02341
07588
04567
00954
01669
02946
03584
01028
03500
03629
00019
02453
05520
03555
10563
10563
01644
01029
03652
07456
02493
01695
02601
00782
00925
07042
03406
06864
03043
02864
01962
09014
03411
01886
07071
00133
02499
02913
03587
02478
00833
05366
03602
01754
03177
03550
00123
01802
03060
03111
02481
04773
04066
00342
03572
01596
05366
06442
01953
00963
02954
02956
02536
09949
01756
03046
03110
01649
09936
02909
00826
03168
01585
03470
01878
03424
06187
01696
09747
03977
01703
00282
03722
08296
01588
03640
00957
01704
07461
03641
00864
03303
00425
00525
02837
03496
01897
06076
00648
05592
00820
00648
00604
08591
02343
03665
03166
00790
02337
09812
02238
01845
02160
09811
03624
03686
00525
01433
06974
09153
06076
03704
04069
00948
06196
00627
01142
07386
01991
00826
01738
02280
02279
02278
03088
01875
01338
01356
03688
00990
05844
01867
06178
03088
01974
03284
03593
03546
04756
04761
09779
03088
02340
04074
00847
05516
02492
03089
02906
06207
02963
02990
02897
00948
06412
00919
01299
00760
03153
00278
09181
03521
00769
07001
03098
04083
03833
00341
01042
01012
03928
02014
02016
02015
02013
06204
00208
03752
00370
00373
06199
01733
07020
01821
07646
07667
07178
03595
03088
00655
04655
04654
04653
06281
09760
07507
07347
02454
01507
00640
01738
03704
02456
02454
02452
03628
01972
01512
08301
07058
02418
00013
01693
02970
09117
02316
03086
07164
06023
02795
02796
08483
00789
01251
06153
00845
03832
03559
09800
01295
00145
00930
03499
03498
02003
00784
00528
00057
03695
00133
02523
03182
06346
03217
08998
03625
07738
00600
01808
09458
02078
00645
03621
02911
07040
00500
00556
03979
02899
08963
02434
02433
00340
00339
00334
00764
07107
02806
02557
01945
09690
09691
07566
01698
01921
00860
01858
03075
01803
00927
06140
07322
02026
02025
09780
00275
03744
01626
00831
06902
09862
01848
01849
03639
03644
00627
03424
00382
03801
00928
00814
00123
00127
02380
01745
03704
07180
02305
06204
06911
02342
02342
00886
07032
03088
03704
03190
03188
01246
02049
01126
03642
01783
03553
07735
01975
03281
01265
04561
01278
03116
00759
00226
02687
09761
03704
00655
01848
07574
06180
03559
02357
02967
09903
02838
01652
02427
01866
00036
01262
07112
07112
00384
06923
03106
00943
05810
02669
02836
07037
06217
02968
01869
00995
00278
00762
00681
03408
03408
03637
00384
01881
01591
06381
00773
03210
03072
03074
07088
00111
00112
03154
03149
00788
02342
00860
00164
07112
07157
06898
03407
03413
00946
04043
03687
03771
00097
06942
02110
02114
01952
07018
03592
03568
02283
02282
02585
02596
02584
03308
03310
00123
02379
02459
07403
03215
06013
07161
09817
09816
06996
10979
09807
00375
03469
03684
00655
02051
07478
03282
07576
03798
03687
00261
09965
00942
09791
02517
00912
02843
02527
07112
06966
00241
00240
09913
01872
03439
08307
09924
00852
05592
08884
00639
00325
00858
09930
03088
04046
02018
02020
03672
01637
03284
01868
00384
00615
03696
06966
03183
00428
07501
03799
07305
03564
06980
03088
03088
00720
03325
03671
06196
07006
03088
01638
01912
06045
02291
01823
07058
03638
06204
01640
03147
01689
07107
00003
00940
01902
08999
01465
02825
03100
03596
00925
06200
07113
03281
00697
07001
00773
07019
01653
00053
02520
02916
02887
01737
01495
00174
04564
02950
02355
02926
02892
02886
02965
00376
07218
03088
03327
00783
03179
02835
00765
09793
03832
01951
04760
03978
00859
01940
04094
04096
01428
03696
03402
00145
04084
04488
04082
04044
03408
03407
00756
03783
02939
04488
07226
03113
09136
00688
07443
03744
06872
08988
10979
08976
01619
01839
07444
02040
02037
02038
02036
02039
00404
01885
01129
03558
01480
00809
07053
00343
00342
00341
00340
00339
00338
00333
00332
00331
00330
00330
00333
00336
00337
00338
08218
01462
07000
03685
02335
02933
02945
03579
03694
06891
00684
03885
07234
09763
09769
01151
00982
09808
07277
06142
00677
09131
01599
01772
01662
09748
07742
02519
09764
02834
02982
02878
02904
02961
00772
07798
07233
03500
01687
07234
01858
03100
03388
02806
05808
00099
00981
00806
00928
00575
00575
00575
00575
00575
00575
03703
02274
06173
06173
06925
00997
03474
03431
00796
03798
03320
00566
06871
00384
01283
03676
03799
03717
06937
02003
07014
00673
07560
06208
00800
01956
00014
01736
00891
01735
06929
00573
01733
00943
00507
01810
00012
00995
06281
02557
03413
02044
07054
02377
01711
00012
02003
01919
03797
06920
07259
03630
01439
00322
01952
02313
02994
00344
06131
02688
07341
01737
06997
06287
03770
03570
05837
03671
02492
01749
02935
02867
03073
03218
04043
09158
02045
02050
02047
02046
00426
09129
02025
02026
00140
06077
01998
06974
05844
01870
03101
02895
02931
02881
02988
02907
02876
00939
01265
02919
02952
02948
02986
02879
02959
06960
02860
00554
02884
07460
07056
04562
06180
09165
02066
02065
06861
09774
03270
01937
00979
06180
09005
02676
02035
06901
03517
01338
03544
03545
06988
06949
02355
01620
01095
07391
07175
05589
01997
03594
04759
07282
01493
02259
00563
06076
01912
01912
00180
00179
00929
03521
03522
08304
07577
06179
07152
02276
00266
09165
02012
00615
08296
06044
00705
01885
06169
00817
01255
06374
06373
01586
01714
07736
01939
04744
01933
11175
02902
00605
02437
01734
02518
02274
02276
07152
02688
05982
06910
07001
00763
01647
02533
01419
03975
00405
09792
08178
03088
02048
01996
03924
03088
01991
00381
02120
02118
02117
02122
02119
02124
02123
09003
06969
02170
02169
02051
02050
02049
03925
03438
01928
01929
01000
01925
03588
01924
00075
01921
03589
03531
00950
08984
00989
01008
05807
03565
02669
07089
03750
01996
01995
01998
01997
01999
00969
07001
01873
00767
03525
03088
06969
01649
00052
02355
01667
03702
03667
02346
02380
03741
03561
03734
09786
03089
03775
02996
02871
03657
02558
02945
01236
03664
01918
00606
02528
01409
05820
02342
03313
07301
07102
04561
07082
04656
01998
03723
03980
02586
09121
01507
00937
00851
00033
00036
01057
00286
03639
00123
11065
03832
03559
06158
00294
01993
03654
09013
09015
01997
01999
01996
01995
06041
00616
00962
01520
01923
02533
09141
01673
08602
03701
01999
01997
01998
01995
01996
03926
04773
03465
01952
07220
03306
00134
07137
01887
03408
03408
03407
03527
02006
02007
00945
00791
01613
01712
01468
07095
09120
03580
01438
01778
03117
03118
01935
00788
07010
02314
06213
00548
04069
03634
06915
09767
03657
00975
00615
01808
03856
01817
01609
00766
01579
01006
06195
01724
03305
03724
09919
00457
00451
01775
00873
03798
06131
07708
07712
00705
08972
00324
00175
00135
07058
02041
02042
02044
07447
01963
01915
02502
01719
06024
03497
03497
01995
03585
06176
03557
03631
07462
00283
02446
06941
03296
01961
06990
00609
07722
03590
02600
03225
00077
01489
02669
02653
02668
02667
02672
02654
02662
02665
02666
02356
03832
03562
01776
03797
09924
00931
00147
09710
03737
01740
01126
00425
00426
01620
06888
03327
03549
03551
08482
06871
03453
06140
06039
02517
03088
04758
04758
04759
03781
04078
03787
03733
03601
01673
03412
11085
06282
03226
02275
02275
01679
00163
01999
05776
03040
10938
10773
01902
01883
01903
03786
02346
01892
04561
00958
00794
00793
00167
00956
02204
01448
01658
03724
03412
00906
04652
07636
11105
00186
00187
05788
04047
03466
00661
00058
03228
01759
00124
01890
11942
00567
06958
03767
07090
04751
00971
07090
00812
07657
00658
00666
02457
01091
02462
07074
00632
11927
12140
08309
02461
06282
03820
03186
07304
01916
01270
11747
08309
14393
07305
01835
00703
01480
00332
01955
03529
06177
00821
02652
04763
03189
00177
03092
02113
01893
00324
03412
03412
03412
03412
02501
01673
02614
01710
02674
00175
00174
03789
03554
01448
01879
03070
01159
07090
07110
01657
01889
02109
01951
04075
01903
02500
11068
11068
00174
00175
02563
04485
02358
02588
01676
02591
01814
00343
02587
00817
03705
03501
02111
02108
00088
00088
03657
02435
01424
01755
05896
05794
01983
04764
02358
04077
00335
01652
01681
00371
00239
03569
02115
03222
01056
01682
00631
03076
00331
00901
00337
03655
02372
03229
03230
02112
04651
04565
11473
02455
00965
00031
00031
05396
09019
01104
03711
04042
00074
02824
11472
08966
00104
00228
07098
03530
06883
11749
00262
02671
06019
14160
03574
01297
00059
00381
13015
00694
00598
07713
11752
07787
00694
01515
00059
00059
01207
07289
03478
07315
00059
06883
07124
00059
12454
05521
07278
12410
03711
09790
00748
05595
03574
01497
02478
06889
08256
08256
03296
13292
01491
13051
06934
00951
11749
13057
03333
12339
00060
01897
01358
00652
00626
00626
07222
06168
03524
01069
11717
04487
03316
11720
10026
12141
04487
11753
02302
01950
00024
04755
01895
05951
01895
01895
01895
03496
01874
03496
01874
07090
01710
03497
02237
06911
01533
01092
01593
03227
04767
17686
07013
14048
01758
00616
13688
03521
03522
00311
07114
05520
02347
02347
13038
00215
01843
11189
01119
02651
02575
00297
05343
02503
08715
07182
07182
07182
07182
07263
03088
01207
05946
03386
13788
02664
02793
03410
05349
01087
12574
03634
03168
12510
12511
07017
12573
07182
07182
07182
03709
03648
14058
01655
13963
13529
03406
08224
01560
06415
00797
03406
03406
02077
07216
06204
07793
02433
02057
01990
02004
02004
00721
00029
02051
03407
05524
09125
07448
01697
03561
01782
09457
08884
05520
07051
03088
03089
02203
12506
00620
03769
06944
01791
00620
00930
08352
02217
01488
01488
01761
03832
12132
13979
02315
13979
03500
03342
01958
07343
07027
13775
01934
00024
08884
01738
01843
01897
02004
02004
02004
07346
11754
03793
13789
02121
08309
08776
06330
12137
13953
07001
02663
04750
13993
13993
13953
09700
13573
13953
03630
03559
03671
07516
01266
14229
07484
14229
00091
02657
13572
13490
07714
03088
00588
12984
00970
14230
14228
03561
00284
13628
14232
14261
07052
06147
06147
02058
01992
01992
01992
01990
01990
09810
02650
03408
02477
02477
03753
05986
04760
03536
00573
03408
00059
05847
07052
14225
01897
01130
00876
00548
01426
00799
00091
03296
14219
01628
14232
00185
08281
07799
01087
11731
02003
03605
03605
07027
00124
02237
09942
01955
00508
02276
00632
02004
03408
14393
00941
14161
06518
14221
14219
14232
02027
02027
02569
03769
03750
14238
02057
07713
10112
14236
14347
14237
00185
07502
01392
14233
01561
00303
11261
00830
03307
00799
03309
07112
14230
00433
14234
07101
03407
09835
01992
14228
14228
14218
14228
14224
14237
14219
14224
04517
07484
03307
02005
07216
07216
06204
02482
00974
07126
14393
02005
13993
00302
07113
14219
14225
14218
14223
14267
14228
14233
01980
01980
14441
14205
00966
00001
00015
00248
08906
01739
01739
04518
01985
01985
02056
14234
01977
01977
06893
07003
07003
07100
08995
09981
14234
14219
14231
07052
14226
14227
14227
01966
01524
02017
05606
15035
00508
01784
14233
01978
01990
14230
14218
14218
14225
14237
06330
03886
01784
14220
07052
00104
01844
14223
03296
13993
14222
14233
14162
14235
00674
00634
01524
06020
03560
15011
03086
03088
03088
03088
14652
03628
15012
15257
11529
15633
15738
15725
02428
14415
01715
15727
15778
15876
00700
15977
15987
15977
03320
15977
03224
03223
08679
00148
15726
16147
03301
03526
16052
16055
01801
11645
16167
02535
16264
21430
03699
02277
16329
16171
06147
18014
16692
02067
16692
02008
02048
05845
05846
16843
02003
11991
14393
16915
07091
00184
00184
07098
01990
01990
00860
00390
17103
17218
03385
01990
01990
03671
01992
10112
01533
17686
06180
17752
17758
17759
17762
19745
00254
07263
17763
17837
02160
13292
01961
09022
18139
14128
14126
18013
17947
18138
02794
13572
03585
00124
18011
18012
18118
18285
18369
11785
11784
03742
18707
18700
08744
01971
01971
21672
03469
01971
18912
18928
18929
10747
18930
01971
19055
01872
18979
16149
02277
00798
00571
21498
19341
01992
01992
19342
19302
19302
19355
05988
19340
19710
19713
15777
16066
20035
21349
12132
12132
12132
12132
12132
12132
12132
12132
20074
20074
01214
01214
21006
21071
08968
21147
21142
03636
21405
21929
21929
21929
22132
05275
22205
22318
02257
00611
11206
00590