01992
01533
01990
18672
00919
01754
04042
00948
01056
01752
01752
02909
02835
02493
07566
01808
00761
07246
03734
03439
03588
08384
01491
00826
12410
01875
01581
03312
02012
02011
00793
14652
03310
01999
01997
01998
01995
00831
03744
06872
03150
07238
06350
01295
03575
03798
01938
07084
01745
01712
01468
00783
07138
01910
00789
04066
01462
00604
03500
06941
06949
01783
11752
00876
02871
02996
06173
02016
02013
03561
03523
04083
03565
00757
01839
09013
09014
11717
00962
02902
03655
02355
00615
00941
00878
00794
01448
07088
00609
00788
03106
06960
02860
00554
02884
03100
14540
03470
07460
07391
02654
00832
09457
06920
01737
10026
01465
01956
01955
01591
00762
00943
02341
07056
01874
03424
05985
02528
04078
04077
11065
08223
01873
11754
01643
01644
01646
07560
01892
01876
03101
06180
02825
03529
03110
03671
09807
03300
07023
00260
01681
01620
06199
03701
01923
07166
09157
10773
09765
06381
07568
00773
03210
03072
01751
03310
00074
02217
00868
01950
01733
01159
03550
03551
01778
10206
01735
00800
01736
14170
00014
00891
01640
00014
01652
09989
03785
00891
03147
03737
07080
03074
07736
12506
01883
11145
04485
03671
04070
02474
03437
01870
06142
03271
03272
03274
03273
01693
02501
01814
09824
01610
06925
03789
00963
00012
04759
04758
04758
01265
06901
03657
01972
07088
06200
08303
07456
02968
03596
02500
11755
03431
01868
02520
02916
02887
03282
01866
01915
07478
00997
01448
01887
01937
03723
03530
07571
04075
00760
03798
03524
03525
02016
03780
03705
03687
04043
03686
00602
06168
03555
03572
00791
03666
09798
03799
03340
06967
01776
02015
02013
03561
03832
05810
06997
09772
00286
00077
02073
00868
03624
04567
03312
08659
02003
02071
01889
01890
00991
00973
00067
00176
00174
00175
00177
00748
02072
02502
00765
00013
00817
01790
08177
07042
03584
01142
03315
13292
07099
01869
02237
02340
03312
00979
01627
06041
03270
02517
06861
07462
01996
03523
01935
00833
02346
00566
03324
07270
03545
01358
03544
01338
03978
09767
03702
03701
03703
06958
06871
01653
01652
00053
06923
03453
01687
00375
09817
09816
03300
04487
02990
02963
01993
04069
03979
00931
00147
02003
07160
06287
03630
03569
03570
03571
05515
05837
08301
01040
00077
03308
01662
06442
00858
03402
03631
06416
15553
01624
06180
00215
00133
00928
01714
07053
03466
14441
05592
03665
03312
03625
00075
02600
09748
01356
12960
06019
01295
01613
05946
06178
06024
05896
03706
03733
04094
03168
04096
06206
01952
01163
02356
08303
07082
07447
01872
11358
01681
03778
05919
03664
12573
03928
03075
01918
01579
03453
00074
01951
12940
00950
00796
09007
01737
03216
07088
02002
02001
02000
02040
02037
02038
02036
02039
07862
01867
01588
00764
01933
11175
00602
01945
07742
00145
01534
04759
04758
03564
02768
02769
02770
13529
03426
08159
03685
09458
02078
00645
00648
03621
02911
07040
00075
00820
01689
00134
05311
06911
03308
03724
01012
01586
03547
05523
06213
06969
06207
03763
07507
01881
11749
00099
00981
00806
02838
09903
02357
02519
02967
00925
00954
00384
09117
02503
09761
02687
07088
00873
03522
03521
02337
07137
07043
01091
01626
02073
07095
07107
01151
03797
09811
09812
02836
03070
05808
01247
01687
00177
00175
00174
00176
03601
03602
13789
02837
00872
00003
06209
00057
08591
03977
02945
03527
00655
00945
07007
13038
03060
00942
09777
02456
07738
03531
03589
01921
01924
02563
01925
01000
01929
01928
03438
03925
01012
14155
01706
00763
02069
02068
02956
11753
02834
07090
07088
00677
02372
02535
02517
07095
06966
02536
06142
06142
07277
09800
02065
02066
03569
02851
16960
22278
02446
02499
04763
01571
11189
08483
03698
13049
02004
01077
01854
12942
01258
11085
01489
02238
00752
03498
03499
02843
06889
01958
07240
06199
03215
01448
01687
01304
06942
06213
01066
07106
01443
02879
03040
02986
02952
02518
03076
02876
02907
02988
02881
02933
02994
02954
02931
02895
02874
02961
02904
02878
02982
02890
02965
02886
02892
02926
02906
02899
02888
02434
02435
06975
01879
01878
01295
03086
09773
01007
02015
01695
01696
01817
01609
00766
01657
03043
02072
02071
06956
07085
02935
02864
02863
02867
02601
03073
02913
02358
06153
03091
03218
03310
02471
03585
01012
07010
00297
00759
00937
01524
01524
09128
01295
02529
01714
00243
09710
00969
04486
02946
02355
02992
02950
07590
06158
03695
01358
01448
03046
09787
03581
07118
01091
01611
01409
08974
00016
03574
00790
02114
02112
02115
02111
02109
02110
02108
07240
07240
03327
03856
04517
04767
01439
09121
06898
06864
02454
09762
09815
03711
02123
02124
02121
02119
02122
02117
02118
02120
02005
02004
01039
09825
05337
01480
06351
12942
03574
00603
09729
09685
02823
01243
11069
11071
11072
07316
01156
01104
00626
01715
01934
09698
03708
06889
09952
01885
00626
06317
06187
09747
02343
01775
00651
00805
03617
03613
03612
03614
03615
09137
03286
02010
04488
00058
03299
15051
01708
03177
11105
06889
01607
07105
09949
07393
02067
06714
04069
03310
03737
14534
00528
00266
03826
03092
01755
01940
00611
00930
01810
00031
08309
00859
03310
03154
03149
03150
00788
07636
14155
07173
07137
00111
07080
01823
00929
01409
07491
03386
01515
09155
07793
03471
07027
01784
00772
01262
03498
00030
03499
00027
02428
02824
03307
00088
00547
00882
00567
01372
00059
01759
02566
05833
05832
01989
03311
03704
07461
00384
06409
16089
07098
09963
00939
07126
07584
02433
00548
01258
01784
12942
07035
10563
03325
03148
07658
00625
07079
15986
07793
14230
15633
03929
00058
01679
06346
00016
06883
01424
01784
00812
08679
01740
01246
01425
03310
09760
07150
00549
02073
03501
03495
03650
03217
03536
07010
03310
07010
07088
01649
01703
01704
00052
01939
01756
02939
01776
12941
03823
03816
16092
14232
16089
02358
02030
14232
14232
16052
21449
21449
21449
21449
21449
21449
17836
14222
03299
01270
01270
09022
14234
16786
05825
16785
16787
16789
02847
02029
16928
11991
17828
14236
11720
06016
16899
16785
00927
01803
14228
03559
03779
03559
07271
15555
03832
00681
01448
16786
16787
09022
16957
16959
11070
17103
02029
14218
14235
07045
14234
14228
14233
00681
00951
02028
01897
02030
02030
02030
14225
14226
14237
01977
05592
15554
07271
07576
05601
14228
14230
14224
14224
14237
14237
14233
07318
17836
17836
12574
11928
01658
06518
01267
06972
17836
17758
17759
02313
00128
01739
01791
01615
14229
14229
14220
14220
14221
14221
14231
14228
14223
14234
14218
14219
18220
02470
01980
14229
14233
14233
14224
14230
01985
01985
01985
14225
14225
14225
01977
01977
01980
14219
14237
02809
02810
02614
13927
14228
01980
14219
14219
14233
14235
14223
14225
00104
00104
00104
03629
00949
02338
07090
02107
07010
06871
07080
12942
01358
03310
03737
01703
01703
09022
08641
02469
02843
01681
06714
01745
07053
02959
06409
06147
06147
00963
00817
16089
01693
21900
04078
07240
06871
03737
06871
09862
12942
12942
01358
03299
18302
18303
21993
18475
03742
05366
18707
18682
05366
03111
03502
04940
03497
03496
01872
14742
16898
03526
09951
19137
01710
01710
15515
01897
19055
00336
01066
01990
01992
01992
04771
01615
01615
01615
19353
19353
19334
03275
12942
02653
02073
06881
00525
01258
20534
15777
19802
03616
19955
19955
19955
12132
20074
20038
21636
11529
20904
00821
21071
20903
00525
04068
03553
02315
06217
01493
03465
01520
07455
00558
00558
07474
03546
01520
02316
02314
02335
07741
07005
00526
07497
07497
07497
07497
07497
07497
07497
07497
07497
21394
07497
21471
07497
07497
07497
21600
00344
02334
02334
02334
21936
21929
21903
03595
03892
07483
22212
01585
22300
11206