09761
03098
10773
03925
03687
22348
07246
02039
15864
11719
09903
09771
03496
03522
03521
01999
09015
03594
02402
01719
02498
03496
01640
06895
09862
00140
01962
05596
07322
00817
02672
02673
09861
09921
09922
02204
02666
01652
02469
00783
01999
06911
07232
07078
07507
03630
07240
01760
06911
07275
02040
06966
03664
02967
07726
06920
09125
06985
09159
01653
02621
03608
02622
00901
09781
09773
09803
09792
01055
09774
09791
09701
01031
01673
02563
01476
02492
00127
07088
08303
03306
09915
03217
09919
00826
02412
07258
02992
02946
02961
02346
03781
01032
01673
01589
00411
02654
01056
07320
03772
06929
01095
00364
02518
02517
01892
02341
02274
02535
07102
03147
03088
03975
01624
00239
01682
00324
07576
03182
01998
01995
01996
03596
03088
09458
02078
00059
00645
01091
08300
03776
06894
08083
03657
06949
02227
03823
01996
01995
00507
03500
09810
07462
07053
04748
04561
02305
01119
07028
02379
00954
04564
03601
01883
03424
00325
03733
01644
03438
03771
06023
07259
02906
01845
01897
00324
01262
07010
03775
02483
02650
04096
03701
02483
00380
02528
05875
03270
02035
08998
01512
03981
06985
01652
02926
02892
02456
04077
07455
00123
00101
03517
03676
03089
03216
06131
00655
02825
02658
05540
03981
03806
02558
07000
01928
06969
03550
05591
01738
07027
00459
03701
03799
01640
01968
03406
03408
03407
03413
02419
02414
02407
02406
02406
03413
03414
02401
02390
02391
02393
02395
03656
01058
03500
06186
04562
03559
03578
07098
07007
01897
03523
02045
02046
02072
03671
07636
07657
02036
03186
00154
03695
03635
03753
03564
02990
02886
02890
02982
02878
02339
03802
00609
02454
02453
02463
02461
02904
10563
09889
04773
06190
09771
09989
09937
09888
09858
10004
09747
10001
09800
10002
10003
00648
03711
03525
09923
01886
00928
00549
01659
01772
01740
01736
00600
01613
00626
00046
00943
01069
00128
01507
01950
00053
01649
01649
00788
01669
00164
01141
05916
01945
00228
01255
00626
00311
00135
01872
03439
00684
01706
01708
01053
00020
00567
07304
01012
01759
01690
00275
00674
00626
01972
03379
01491
01414
00558
00986
00382
01753
01297
01740
01265
00990
01462
00031
00031
00979
00939
01424
01356
00626
00937
00796
00568
00831
01469
00763
01551
00384
00794
00970
03610
01626
00626
05301
05301
00285
01596
01754
01752
00626
01856
03464
00548
00891
00528
00432
01775
00446
00446
01617
00762
01061
01698
01638
01887
00790
00946
01783
01091
00766
01609
00286
00012
00020
01246
00574
00845
00697
01087
00500
00457
01716
00067
01790
00558
00930
01750
01251
00297
00820
00036
00616
01810
00789
01735
00765
00013
00817
01693
01496
00859
00931
01881
01126
01495
01426
00948
00919
00858
00989
00942
01803
00262
01689
01627
01937
01520
01011
00681
01092
00640
01687
01687
01578
06016
01494
00376
03560
01525
00573
00940
01939
01915
00287
00560
03715
01358
01338
00382
00384
00574
00948
00758
08082
01999
03569
07068
03570
07090
05595
03744
07019
02669
05501
07115
03919
01081
02460
02459
02034
02663
02066
04754
07323
06923
02032
02033
02897
03705
04760
04083
07287
03594
01420
06024
06941
03630
02487
00537
00558
03566
02487
06872
03744
03576
07795
07794
07738
01995
02044
00799
00799
02005
07483
05795
07560
06048
02500
01586
02110
09709
09710
09748
01247
00957
01929
09801
09760
09767
09790
08304
09913
09914
00019
01879
01878
03781
03381
09954
02451
02952
03040
02907
07101
02876
03076
00962
07117
09933
09941
02017
03551
02073
00337
02314
09959
03673
03092
01821
01159
03075
05367
02867
03169
03750
03654
03688
06134
02427
03667
01866
03179
03169
03169
03169
04063
02470
03722
02342
03554
00799
02358
08591
03640
02355
02950
03685
03595
02863
06195
03169
02874
07673
02113
00333
02671
02676
05366
02358
00404
00253
08305
02914
02258
02276
02503
01998
01997
02450
04079
06189
07043
02837
06147
02455
02035
02033
02035
02032
07147
01129
07122
03070
01876
02035
03631
06147
01714
00135
03543
03980
07552
01998
01997
01999
03723
02232
03686
01999
01997
03621
02168
01755
07552
01998
01997
01870
03324
02454
09808
02448
02004
01008
06917
02259
02011
01154
07140
02668
02667
05837
03832
03406
03406
03588
07137
02409
02400
02404
02396
03308
03313
04066
07088
05782
01869
05838
07068
03074
03072
00799
00604
03496
00102
00798
00249
04561
09456
00548
04069
00249
01796
06446
00261
07058
01995
01996
07391
04752
04485
02433
02435
00339
00340
04763
03775
00499
03602
00795
03831
03592
01821
02004
01999
07175
03466
01875
02660
01153
07090
03106
03568
01147
03549
01919
03499
00615
06938
03303
02014
04744
03455
06940
06952
03205
01999
01067
03406
00571
08218
03298
02067
03446
03585
07444
04761
02444
02670
02575
02405
02037
02038
02357
08309
07447
02662
02664
05807
02487
06596
02674
03593
07107
00526
00525
02112
01657
01679
02838
09014
09117
02297
02899
00525
03118
10747
03522
03521
03411
02410
02556
02557
02386
02389
02394
02397
01999
01470
05794
03717
02864
02601
03561
03284
05812
01458
03734
03497
02575
03406
04082
08982
03111
09005
02909
03624
02887
02916
02192
03088
03719
07112
07112
06199
07733
03088
02834
03630
02408
03744
08365
03558
03088
06140
04488
02403
02518
02968
06940
01104
01991
02057
02019
03745
03636
02939
02963
03597
01724
02884
02860
02959
02913
06886
01826
03071
03926
00537
02659
02657
03557
08738
03088
03586
06204
02418
02417
02408
02423
02422
02406
02398
02387
02388
02935
03073
03643
07497
00658
07042
04750
03565
00432
08972
03637
06147
06442
09001
05516
00575
01897
02233
01754
02517
04078
03978
02665
02030
02029
02501
01784
01523
02503
03117
00412
00413
03574
03979
08311
07390
01458
00058
02031
02034
03575
00411
05515
01448
01681
03841
03271
03637
03111
03497
03530
04095
03111
07002
03497
03088
03406
05596
03474
03598
07040
06287
00472
07220
01126
03630
03110
02169
03470
01997
01998
04043
06867
01703
03648
07568
07486
01999
07399
07491
00790
07395
07787
07233
09771
07787
07793
01999
06959
03694
07497
00140
02014
00382
01007
03628
02600
07277
03497
07787
07056
02411
01029
01028
02420
02421
02931
02954
02881
02988
07152
02919
02014
07814
02002
01533
09926
07493
01487
07218
00480
03977
07243
03101
00520
03805
04084
03673
00001
03546
02012
07112
01997
02042
07552
03641
03750
03639
00390
02048
02004
07091
01706
01908
07240
07088
02670
01439
03529
00382
03312
02047
02048
02073
01993
03327
03832
03561
08359
08357
02945
05786
03325
01433
00459
00249
00249
03571
02028
02029
02030
00108
02065
03543
03800
08973
02821
06872
07577
03724
07039
06861
03743
01658
04047
00111
07056
07460
00373
00374
06997
00104
07684
00370
03769
01996
01995
01897
03672
07336
03820
00655
01710
09690
03814
04044
02434
01996
01998
03177
01889
02948
02986
01142
00123
00266
01919
07344
07505
00981
07798
01885
01256
03296
07007
01640
01873
02010
07566
02835
03774
03655
00575
02114
03427
00338
02510
03587
01902
07213
06940
06996
00799
00529
02116
03577
08995
08983
01633
02014
03642
02518
05805
02462
02458
02457
07397
02067
03116
03282
02494
04062
02014
00407
03734
08364
08363
08365
07733
03304
07733
08365
08363
08364
02408
03981
05527
03154
06891
06287
07735
07154
06942
03589
03795
00363
02911
00124
02392
00330
03760
03320
01912
00332
05559
03111
03427
02416
00974
03787
02221
01868
03599
02956
07154
03498
02160
00208
07649
03746
03650
05808
02806
02996
02871
01776
01007
03386
01595
01749
00950
01933
00791
00077
00951
01770
01079
00768
01733
00003
00052
00133
01817
01207
00997
03100
00104
01061
06013
00554
03101
01867
03527
03101
00278
01579
00767
00606
01918
00057
01834
03797
00626
01626
00014
01921
01924
01000
01778
01241
00626
01465
00666
00626
01740
01599
05597
00773
01505
00285
01920
00147
00215
01923
03738
00873
00134
00059
00982
01756
00145
01462
00927
00566
03572
03634
00797
00641
06041
00759
00681
00003
00558
00793
01951
00088
00748
00677
09158
01662
00099
00806
01426
00285
00995
00574
00948
00758
00764
01940
00075
03340
00598
01647
01409
03611
07018
00558
02108
02109
11189
03584
01695
13017
01704
02340
00335
00343
00341
10806
03789
01903
01419
03590
01588
05366
10979
01874
06173
07168
01458
03769
00248
02041
07119
02348
06980
07082
08307
03671
03752
03408
04751
06966
07262
00249
03149
03153
00384
00381
07001
06916
03722
02003
07301
00761
01754
06915
08301
03772
06177
02437
05833
02483
03885
06955
09181
02527
01897
07588
01965
01759
06145
04565
05539
06158
03821
05810
07001
06969
03885
00163
04755
04488
04487
03702
05874
03778
06867
02858
04750
02003
04762
02335
03719
07664
07642
02001
02000
01895
00405
00406
02224
02231
02016
02015
02013
01560
06075
03458
07127
07402
07054
00344
06194
02656
03666
03665
04088
04087
02502
06183
07712
01142
07058
02291
03544
03671
07644
07665
06999
00163
03269
03768
04075
07774
03786
02342
02111
02115
01807
02493
05589
07157
01963
00963
01696
03412
03043
03046
07001
06181
00334
00864
02994
02879
03215
06187
02687
03561
07708
00058
02933
08303
01925
02965
03412
02415
03111
06202
02413
02902
05816
05816
00851
00797
03600
05815
05815
03644
00371
01707
05896
02895
02888
00647
01814
00605
00573
02653
03625
02316
03086
07659
00991
04719
02227
08084
05541
08303
02686
03495
03531
02655
05814
05814
09694
09695
00574
02071
07638
08296
01955
01975
01956
04764
01637
02553
03559
09458
03286
05788
00090
05560
05561
05562
05563
06175
07507
06207
02519
03437
02372
02536
01153
03770
03530
03703
00925
03778
07576
07665
03749
02836
07107
03562
03560
03646
01644
00241
00242
03924
02004
02003
05813
05813
06153
07183
00362
00372
07234
09013
02970
07749
02356
07344
00252
00523
02517
06148
02056
01738
03616
03183
02065
10819
00336
06182
00382
06178
02299
02300
02066
00652
03210
07478
03594
03424
07090
02652
02275
03802
02520
02313
02338
00973
02343
06217
06142
05524
06182
03801
03469
03545
06168
01996
01995
02020
02018
05773
02337
03060
03218
04567
03609
01676
01591
03501
07118
03431
03553
00906
10763
03746
06180
01890
03205
06958
03767
01847
07090
00832
00627
00666
04090
12063
12071
12064
12065
12066
12057
12058
12059
12061
12062
12340
12063
12266
12266
00331
11473
14682
01118
11749
11754
03496
11711
11712
01894
11209
07077
11103
10764
00956
07458
11085
11175
07862
00074
08483
02314
00342
02487
02298
03497
01983
03798
03798
00240
05973
00265
00856
03273
03719
04042
01625
12061
11472
02452
07552
11811
02496
03710
05520
07734
00620
07240
07086
02624
00558
07473
11745
12059
12060
12056
12072
12057
12058
00602
11927
12062
12064
12067
12410
12068
12068
01907
00666
12067
07305
00912
02005
12070
03496
03496
03547
11753
11752
03688
03524
00023
01243
12056
12060
12072
12065
12066
02303
03688
11720
06001
06911
11928
11720
17686
08358
06950
02474
10804
13590
00626
11717
06910
13288
01692
12972
13926
07726
07246
05834
01534
13482
07516
07497
05772
00029
13795
01961
12339
01822
05832
01989
13038
12573
13628
02523
13529
01534
14058
14060
13953
07516
00029
13794
13796
13292
03655
06879
00281
03657
13016
13018
12990
10217
13979
01754
03342
13634
13643
00150
00150
03536
00024
08310
03690
06938
13481
02484
13821
14218
14218
07516
01534
13893
16090
13993
13896
13522
07043
13894
02342
13895
00121
02003
01113
00800
01113
14228
14230
07497
14393
14233
14225
14232
14162
01070
01969
07027
07649
00822
05564
03325
07481
10680
08169
01534
07644
03585
13771
00632
01465
13766
14233
14229
14232
14220
14220
14347
14233
14287
00941
14260
03297
21029
14221
14221
06857
03741
00941
14219
14234
14224
14224
01978
14229
14237
14237
14155
01977
01977
01977
14228
14225
14225
07497
14161
14219
14232
14231
14233
02533
14160
14170
01985
01985
04517
14234
14219
14219
14219
14267
14234
14225
14441
01966
15726
01524
06020
14652
14623
15035
14226
14237
14237
14227
14227
14227
01980
01980
01980
14222
14228
14228
01011
14235
14223
14230
14236
18893
14578
14579
14580
14581
14540
06133
03699
06872
14998
12537
12536
15011
12538
14218
14218
14218
03321
15724
15012
15034
07213
14742
06919
03324
12536
00141
12055
02031
15727
15634
15539
15738
02428
15725
01692
15725
15578
15577
00459
08086
15342
10001
01840
15268
15866
15866
08679
19592
15977
15987
19597
15727
02847
07493
07486
07486
07486
07486
07486
07497
07497
03630
03111
10009
16092
16088
16090
16137
02424
07239
16053
07316
02028
01801
16784
16242
16243
10216
16244
16246
16245
16249
16165
01156
16171
00459
15461
16264
16267
16783
05825
09691
02303
02226
01985
01533
14998
07091
01533
17103
17325
17322
17323
17321
02067
02066
08738
17324
17247
17716
17103
01990
04084
01992
07576
17686
17686
17686
00254
17836
19746
07263
07263
17754
18139
03760
00249
04782
01611
01167
00122
01066
17850
18242
18118
18138
03585
12055
18364
01791
18139
01156
18366
18365
21430
00138
18480
18661
18640
18850
21686
18831
20862
18778
07316
07278
10747
01971
07665
07050
03526
18979
16898
16899
18997
07746
19155
19156
19129
19157
19170
19127
19221
19171
22468
07012
01155
19130
19068
19128
19344
01992
19342
19345
04771
19337
19416
19339
19340
19341
19577
00799
19713
00992
13609
19784
06131
06131
15777
19804
08992
21636
19961
09796
20034
20035
20074
20266
20266
20074
20444
09788
20455
20527
20531
20529
20532
20532
20531
20533
20533
20527
20528
20528
20529
20530
20530
07344
11529
11751
16554
01563
11991
21006
21007
21008
21010
21011
21071
21012
21019
21009
00821
21019
01139
21394
03741
21405
21393
21395
21420
21470
21563
21699
21703
21563
10914
21645
00043
19591
21929
03892
05802
03741
15576
22132
22131
00097
14274
22187
22292
01337
02257
22348
00611
11206
22452
22491