12340
19416
08316
06858
03969
00128
01835
00249
03719
03892
02338
03629
14393
00876
03402
00024
07093
03781
01879
01878
01246
09894
03978
03500
00604
01462
04096
07479
07566
00228
07275
01895
06987
06886
00014
00075
03524
03525
02358
02470
03297
05539
00381
00390
00322
02336
03410
00817
03782
01595
03773
00346
00347
00348
00349
00350
00351
03734
05952
02346
09703
01754
00694
03840
03308
01070
16090
11927
02024
14683
05844
03782
00874
01625
10227
10228
10229
03088
07182
02342
03317
06139
06138
06137
06136
03498
03499
03747
00020
00020
01426
00839
01278
07304
00380
02014
01897
01897
01273
03925
03438
03586
03587
01928
01929
01000
01925
03588
02563
01924
01921
03589
03590
03531
02535
03070
09862
00859
02654
00767
06985
03806
03807
00163
00627
00382
07460
07121
07056
13747
00906
12524
00872
01733
03648
01810
09861
06878
02221
00286
06997
02669
02670
07447
07735
01920
09761
03610
03609
03608
10680
07267
02429
09001
01866
02227
00266
01251
03088
11720
07091
01255
02339
01873
09893
00655
07712
07708
01915
06207
14155
08973
07648
07693
07778
15371
14230
14230
18930
15396
09983
01563
13409
13408
00344
01664
01768
03566
07116
08282
06147
00557
05799
03767
01990
02483
02483
04760
04760
12961
03325
00121
00616
00799
00219
01679
00799
01243
07729
09167
08981
07678
01487
05851
00253
00472
00632
00632
01560
14225
01048
15724
00471
02653
03442
12543
00130
15256
15257
06177
03574
00537
02650
00030
01573
00018
08992
08086
00813
00956
11741
04765
02342
00970
11991
09017
12262
01271
14645
01082
14231
15738
15773
00114
01729
01729
01046
01120
00108
00091
01467
01436
14742
01271
01271
06938
01807
02428
15539
15576
15723
01426
03292
15894
00058
01934
00974
02083
15461
15460
15726
15725
15577
00851
00059
07017
02619
00059
02200
02193
02342
03469
09749
00626
03406
09696
09697
15578
00290
02450
03451
03743
09806
02441
02481
05540
02055
01992
02483
00118
05499
09017
02477
05812
07004
02016
07394
03502
01802
07483
03406
06149
03796
01011
03803
11179
02014
03548
06445
03711
00851
00548
03307
06603
00575
00674
02851
03386
02014
02116
01489
01759
02014
15727
02238
07004
01719
11779
11779
11212
14941
12234
06988
02014
00639
10563
14162
03973
02483
07393
04774
00830
03560
01782
07114
07114
03307
02014
02004
02004
02005
07263
01572
01571
07386
12286
11085
12285
10927
10926
02414
10943
10942
00059
01507
03455
07126
00799
04518
01784
00799
08997
03406
03442
02010
02017
00626
00045
01724
01082
01505
00248
07665
01104
00241
03177
02014
07660
02004
01885
00652
04767
07017
06147
08305
03617
03616
03615
03614
03612
03613
07017
01759
03386
00575
03406
03406
01156
07316
00564
10924
10925
12278
12276
12284
12283
12282
12281
12280
12279
03307
01785
06889
09898
07019
00799
00799
03635
01104
04063
07304
02030
00799
01243
00845
00700
00033
07305
06179
01560
02348
00799
01488
01834
01840
01069
07186
00939
01692
00219
01077
01077
03768
03593
03606
03793
01439
01515
00569
01104
11209
00027
02665
03406
11085
06889
02454
02463
00135
02258
02274
04085
02116
11105
02067
02014
04763
01525
03406
03406
02014
06177
03406
03087
03409
03286
03776
07640
16013
01243
01989
09705
02004
02014
00567
01585
03769
01190
01659
03417
02014
01092
02674
01916
07167
00657
08305
00647
02274
02427
07258
01424
00852
01262
00700
09705
06889
05844
06970
00059
02014
02014
01692
05524
01077
13628
00088
15268
02806
07657
01409
01113
01259
05595
01580
07386
08234
00568
09966
12942
03307
00383
08679
10947
03111
12541
03100
03685
00275
03424
09929
00759
02343
09747
06187
04079
07136
03100
07726
03314
03603
01354
06996
07243
07107
03558
00764
06169
13483
11178
11177
03269
01883
08307
01874
01494
14445
02517
00982
07461
03272
08989
09980
07568
00773
03210
03072
03074
00640
13643
04487
09014
09013
01881
09941
01491
03545
01358
03544
01338
03530
03770
03453
02968
03980
11753
01870
03101
03774
03527
02671
02672
02673
02655
02680
02655
08084
04751
03775
06980
09159
01079
04485
02536
00600
07738
11752
00793
14652
00794
03625
00946
01095
01662
00795
03602
02556
02557
00574
09701
07157
03088
05807
06180
05810
03695
09930
11755
02500
01814
02501
01089
00817
00013
00765
09973
07285
03684
09902
09160
03611
07026
00690
03750
03327
07141
09989
01738
09906
03473
00133
06173
01963
11754
03749
07160
00243
07397
14260
02275
01129
09858
00549
09940
03829
05776
03431
00796
03798
07574
01869
03643
02340
00969
09710
00783
05515
05837
03642
09158
03801
03644
04773
02742
09899
00384
00684
02518
03694
06891
03704
00031
06181
00566
07153
01756
09913
15918
09895
03185
07178
02003
07043
02298
02297
00690
08303
10679
07152
00975
01295
13639
07137
03437
14540
00761
01991
00640
07001
01638
01637
01425
01029
01028
13634
01752
01665
01676
09760
09015
11717
02426
00940
06941
02656
01892
03977
03601
01951
01058
00901
03594
03594
00404
00405
00407
00406
09926
09792
14055
14058
07001
12410
11065
00278
03088
03597
03598
03596
07235
07236
01875
06199
07478
03466
00259
01591
05788
02945
00945
00800
00831
02469
11107
03424
01923
07287
01714
03567
03564
03809
10763
09938
01933
11175
03811
06957
01118
01740
09768
03522
03521
00311
03839
01194
06145
00824
01673
04761
03576
00651
03408
03408
03412
03407
03414
03413
02405
04562
02404
09948
00962
00147
00931
03168
03075
01803
02422
02407
02406
02406
02406
02397
02396
02395
02394
02393
02392
02391
03415
18139
02390
02389
02388
02387
03415
02386
02398
02399
09860
02337
03470
00748
00677
02372
06142
07277
11749
00099
00981
00806
02838
09903
02357
02967
01265
00990
06175
06879
06966
02237
00963
12990
09688
09689
10107
03305
00605
02437
00281
06222
09984
03387
05516
07270
03654
07058
03701
05520
02300
02299
06916
02115
02111
02109
02110
02108
02114
02112
03088
05803
06203
03529
03528
01972
01972
01061
01273
09456
02616
01972
09928
00912
09791
00979
14441
01886
06219
03778
00432
00563
03273
07014
09904
06899
00850
07146
06182
00166
00167
09699
07115
10805
09807
03607
03797
03308
03315
01256
12297
03812
01716
01669
01669
06876
03640
03641
03562
07107
03551
03550
01159
08310
01876
07715
03703
07689
06911
03924
03088
00957
00860
01953
10026
06920
03702
02192
03088
07390
07180
09786
05820
01736
07320
02003
01919
00077
04567
02836
03088
01887
02837
03832
03561
03561
00453
00263
05800
03721
00500
03970
03969
03974
06006
03563
01872
03565
09919
02167
03321
03571
03570
03569
02400
02401
02421
02420
02419
02418
02417
02416
02415
02413
02412
02411
02410
02409
02408
10941
02406
02805
09950
03841
02558
03186
02553
01586
01778
09921
03733
00640
03657
05786
06213
01952
04075
01962
06076
04754
02198
01058
03585
06895
05596
06886
07007
02011
02012
09897
09915
03583
03582
03581
07516
09748
02600
02519
02834
02956
05777
05778
05779
03664
09801
02168
01725
02355
06968
07020
01627
07644
07787
07156
07233
03184
06168
07042
06189
03820
13788
00925
04080
03624
01955
01956
01647
00242
00239
00240
00164
00658
01903
01902
06222
06178
06024
05896
07053
01657
00766
13498
01696
01695
09780
07637
07589
07071
02003
10804
05541
01012
00833
07301
01893
03808
06192
09857
03781
00133
06996
00077
02445
03531
01265
03517
07711
03113
03413
14170
14187
01626
02884
00554
02860
02959
01295
07396
01740
03106
08296
04752
09781
05365
10773
03704
01126
03683
04564
01194
03799
03412
03411
03408
03407
03413
03789
03575
03439
00703
07773
03592
09889
00111
02444
00864
07407
01714
00849
00965
02529
03701
04046
07107
06158
07070
03745
03654
00631
01754
01687
00826
07391
02521
00053
07552
07278
09800
03088
07107
00931
00450
07133
07154
02529
07443
02114
02112
02115
02111
02113
02109
02110
02108
00817
01969
13766
01968
01640
00975
02426
01142
07101
09808
06987
03638
03637
03636
02018
00640
02887
02916
02520
01868
13481
13482
07402
07127
00451
00457
06996
09707
05526
00688
03645
03924
02493
02835
02492
02494
00919
00948
12957
02897
01056
06942
03310
00640
13924
02622
07000
03651
09920
00215
01908
03686
04043
03687
00641
00019
00858
03631
06186
03979
02899
02888
02523
07238
08309
01825
03639
09954
01626
06074
05995
01935
02169
01939
05838
04047
01589
01588
03313
03628
03671
03732
01524
01698
03424
03118
03117
03116
01653
01652
09897
13288
06949
01613
01126
09798
01734
00145
00930
00611
01940
01755
14682
05366
02662
02666
00891
01735
03112
01783
01867
00673
06447
02621
00609
01845
07223
03579
01975
01433
01284
02527
02841
02961
02904
02878
02982
02890
02965
02886
02892
02926
02906
02946
01681
04077
04078
07113
04084
03786
02160
01961
03568
08301
06287
01586
02517
07659
07638
01610
04083
04762
02452
02453
02455
02456
02457
02458
02459
02460
02461
02462
08312
04760
06959
02170
07400
01779
13652
03327
07152
02259
02276
02275
01356
09986
00762
00989
01154
03427
01153
07733
07154
03501
03495
06205
03650
09767
03217
08998
03536
03723
14445
01207
01434
04764
01890
01889
12257
06916
09908
04691
00790
07122
07323
02066
02065
07301
06041
03270
06901
00997
03474
03584
07462
03981
05801
04744
03771
00097
02528
06195
00928
09005
01682
01682
03832
03561
03561
00472
02040
07636
02970
09117
03086
03673
07023
00372
00363
00362
09962
05527
04568
02356
08714
05592
02302
07175
03580
08218
13292
08484
08311
03573
07184
13821
05589
00991
01770
06176
03787
00573
06194
00021
02355
02992
02950
03046
03043
02935
02864
02863
01775
07106
01207
06991
09937
03666
00791
03572
01448
06925
01599
03426
07740
09823
03088
02939
02963
02990
09918
03071
00057
03216
00426
00425
02356
03088
06076
02003
09950
00820
04042
13529
00325
00324
00324
03189
03188
03187
01428
01429
01430
03190
07733
03630
03424
03312
02687
03557
00602
01945
00855
03669
03670
11719
09774
06861
03092
05808
06958
06213
03600
03599
00413
00412
00411
12941
03088
02996
02871
03215
03717
00012
00067
01790
00973
03554
05782
02503
06153
00950
01633
08591
02952
02919
03076
02876
02907
02988
02881
02933
02994
02954
02931
02895
02874
03218
12573
03182
05368
00425
00426
05800
01738
03704
03688
03690
03667
01419
04066
02909
00029
03764
00297
07058
07560
03089
09811
09812
03110
09891
07751
06206
06204
01894
00950
00606
01918
07089
06200
02867
02601
03073
09964
05591
01465
06193
03098
01495
12251
06953
03724
00847
01652
01772
04087
04088
03665
02529
07226
02013
02015
02429
03710
01811
15034
03885
02879
03040
02986
02948
03183
01414
02044
18138
15984
01154
03543
09794
09967
09190
07664
07642
07340
03781
06141
05805
03752
08323
03569
00873
00036
01057
01690
01625
01792
00134
00705
00134
03310
09916
01091
08300
09958
07006
09912
03168
01484
07088
07302
07303
01007
09773
01283
03424
02341
00943
07082
09458
02078
00645
00648
03621
02911
07040
02199
02197
02196
02195
02194
04061
09808
06969
03578
01083
01141
01443
03547
03555
01937
01689
01649
00052
01703
01704
02451
05590
03724
03655
00556
03060
00942
06999
01749
11068
03088
04761
03306
02039
02036
02038
02037
00937
01524
01623
00927
03472
00615
00789
08325
01999
03303
03315
03656
03179
03181
02415
02439
00060
03320
02496
02498
01464
00140
00822
03147
14153
03154
03149
03150
08990
06918
13926
01993
00140
11211
00954
02913
02902
03630
13038
05501
14161
12542
07798
00254
19736
02014
02014
03307
16092
14234
14234
01977
01977
01977
01977
01977
14227
14227
14227
14218
14218
14218
01985
01985
01985
01985
01985
14236
14228
14228
14234
14228
14232
14232
14226
14237
14237
14237
14218
14237
14233
14229
14229
14229
14220
14220
14235
14235
14228
14222
14225
14225
14225
14233
14233
14233
14228
14221
14221
14221
14221
14232
14237
14223
14223
14223
14230
14224
14233
14219
14230
14224
14224
14224
14219
14219
14219
14228
16088
16090
16089
02358
02014
02014
10716
16087
10716
16053
14219
16074
00568
16171
07675
16264
02487
07165
16211
02014
16165
16345
16264
12982
16165
02014
12262
12262
00209
01992
05349
05350
03321
11959
11960
11961
05350
11962
02020
11963
13693
06016
02030
16840
08721
09810
06075
03559
07245
03559
03559
02303
16872
09809
06218
07662
01175
11209
17713
03457
00265
17247
00951
17103
01990
01990
10111
14578
00681
00681
00681
00681
01992
01992
01992
17686
01533
17743
02477
17758
17759
01658
06518
00537
08485
00661
01497
12574
03634
07577
03790
17737
18138
03585
18138
07003
07814
07814
07003
03741
03296
21430
03772
07003
14579
14580
18242
18243
14585
14584
14582
02313
07165
18299
07798
07787
02014
01439
00406
03406
11927
03566
03832
14155
02014
06076
03406
00450
02015
05801
06006
02393
16012
09950
10716
03406
06889
01255
03781
18298
00138
18307
18301
18301
19572
18446
07645
18456
01437
20978
01801
00995
18697
18676
18691
18850
10747
18800
18831
18831
20862
20881
18778
18918
12066
00526
10747
09797
18893
11811
08722
03585
03746
03496
03503
14266
03646
12067
12065
14581
03111
03496
03497
14266
03503
03502
03497
03497
03496
04565
08722
03976
03526
02663
07483
07483
07483
07483
18979
18997
02664
07746
19166
19226
01710
22452
19228
19229
01239
07746
19227
19092
19230
03446
07448
00798
03722
07497
07497
07497
08777
19337
19302
19302
06867
19610
19609
19577
02030
19707
02014
07119
07147
19804
19810
14578
19954
09796
20074
12132
20074
20276
03292
20276
00507
09788
20455
20444
20534
20542
20543
20541
20525
01069
01214
07216
10227
01200
20920
20920
20988
20988
16554
16554
20975
20974
03148
21053
21029
00821
14379
00525
16011
00971
08968
02495
20977
21218
03676
02314
06223
02316
00857
14059
14059
01286
06217
03553
00560
00287
03546
07336
00558
02315
02335
00980
01139
21217
21397
21420
21472
21430
01420
21575
21699
10914
00344
22105
22132
01816
03595
02257
02257
11391
11206
00424
00275