01919
06167
09761
02113
00330
00331
03527
04087
04488
04487
04566
06173
00609
00616
02114
02112
06213
02427
03584
03564
02836
02433
00338
03100
06207
03694
02834
02519
02600
03118
00099
00343
00342
00341
00340
00339
00335
03978
02835
00413
00412
02357
02967
02518
03977
03201
03199
03198
04564
02038
03644
01965
06180
02902
04066
01719
03595
03106
04043
01299
03640
00525
03153
02314
00648
03621
02911
02036
03179
02914
03536
03310
02879
02948
02952
03076
02876
02988
02881
02933
02994
02954
02931
02895
02874
02961
02904
02878
02982
02890
02965
02886
02892
02926
02906
02946
02358
03218
02945
04773
01955
01679
03801
03630
04078
04077
03695
03495
03733
03628
03667
03183
02275
02274
05807
03210
02338
03684
02996
02871
03593
02435
01681
06195
01589
03199
04088
03685
02258
03101
03676
02493
02372
02108
02110
03590
03498
03798
03070
02194
06204
03110
02198
03664
03624
02111
02340
05515
03074
02065
02523
02066
02335
03629
03980
02968
03702
03072
03182
03531
03496
03497
02860
02884
03743
02520
03588
03185
01878
01879
03686
01159
02276
02169
03517
05524
03205
03196
03195
03204
03203
03601
03650
03655
01056
02897
03455
00162
03568
00384
01462
02337
00241
00242
02986
01095
03545
03544
00788
03466
03562
03572
04096
02669
02078
02913
02469
04079
03703
06187
03688
03555
03587
03111
02313
00969
03474
02341
03147
03060
03424
02197
03787
00332
03701
03625
03217
02563
02356
01092
06179
00526
01883
02316
03086
00919
03926
03168
03570
03569
03177
02956
03596
02528
01409
01808
03642
02919
02899
02888
03438
03592
02115
00333
00334
02342
03089
00337
00336
02470
03186
04044
04082
06147
02343
01749
03040
00228
05837
04764
03687
03075
04763
03154
03149
03628
02916
02887
01889
02959
03762
02012
02067
03553
03148
03602
03671
03204
00161
00858
02909
03071
00793
03723
03469
02838
01892
02259
02193
03704
03684
02199
04485
02990
02963
02939
03465
03551
03550
02195
00341
03589
02037
01902
01903
02970
02371
02011
02022
03641
02950
02992
02355
02358
03073
02601
02867
02863
02864
02935
03043
03046
03470
00652
03525
06168
05567
05566
05566
05571
05570
01588
00411
06287
01956
07018
02434
00950
00954
02109
02109
03770
01929
06942
11753
03386
06134
03657
06999
07152
07088
09903
03431
04075
09773
10773
09791
01419
08591
02446
00794
09747
10563
09985
09991
09987
00240
02221
07258
08973
07080
09710
09760
08738
07462
04042
09808
09810
09458
07042
00928
01945
00820
01507
00948
01265
00658
01918
00995
01935
00970
00940
01873
01647
01951
00627
00643
01866
01915
01000
01783
00655
00554
01868
00133
00134
00789
00767
01599
00053
01497
01778
00927
00674
01598
00764
01439
01770
00991
07447
01924
01924
01867
01937
00029
01885
00762
00088
00645
00943
00806
00981
01923
00606
00790
01494
01972
00600
00942
01006
01920
01921
01915
01872
01925
00275
01928
01760
00800
01358
01338
00604
00566
01756
00799
00164
01714
01698
00208
00859
01869
01591
01613
00997
01881
00384
00962
00946
00833
01803
01633
00568
00568
01409
00059
01142
01689
01934
01495
04487
01887
01870
00075
00791
01875
00930
01885
00382
01520
00615
01939
00795
01485
00773
00215
00939
00945
01772
00344
00796
01465
01255
01952
01012
01952
01933
00057
07716
06980
02488
02520
02519
09816
09815
09817
05527
01874
03203
03201
02200
01578
06904
07738
00239
00812
00812
05568
08300
01462
00821
01890
03201
11175
00329
00356
07058
00031
00382
00602
11754
07552
07391
13292
02858
16264
01491
11752
07390
03524
00024
07460
12262
01876
01876
13598
08309
01262
13821
06925
02040
11749
13599
14231
14230
14230
14228
14225
14225
14232
06985
01966
01091
14232
02010
14230
00941
14233
14228
14219
14234
14222
14234
14228
14233
14237
14219
14227
14236
14218
14219
14228
14233
14223
14228
14224
14225
08316
14229
14220
14219
14237
14229
12340
14235
15633
03560
00254
15371
14226
03526
11645
14998
00096
17103
14221
07263
07263
12574
01916
07277
18588
18587
16898
18990
16899
18989
04771
09159
06890
03558
21929
21977
02257
00611