07719
02005
04042
02409
02409
03406
05366
02475
08744
08384
03438
00175
07029
02379
05515
00132
02406
09749
00283
01515
10773
02189
05936
06042
02188
02338
00351
00348
00347
02890
02913
03624
01880
02412
03629
07588
00954
01883
00179
03660
01876
07568
00394
01448
03547
00609
00610
00282
03498
00794
03584
03497
03545
03572
03571
03525
03648
07456
03575
01704
04023
02446
01703
07042
03601
00925
02863
02867
02864
00133
01848
00970
03060
03665
03498
03498
06381
06382
04069
04517
03553
03550
01695
02760
02477
04075
01696
03177
01889
03091
03385
03768
04564
01665
06379
00969
03551
06168
02419
10544
03752
02033
01142
02916
06442
00963
06158
03737
00567
03110
01649
02493
03499
02835
09936
02469
06206
02469
02470
03470
13038
00350
03169
03168
07566
00283
00995
00349
06180
03736
03424
09747
02907
02556
02406
03186
01588
00162
01624
02405
03977
10440
10441
05934
03303
02837
07089
03496
03555
00820
00648
00604
09729
03500
02421
02401
02341
02404
02400
01677
01915
02346
04562
01845
09812
09811
01733
01297
02346
03763
03685
02335
00766
02420
00575
02888
03666
01956
01734
01752
01042
00773
00759
00951
00600
01620
00067
01872
01409
01839
00286
01356
00791
03315
01938
01495
00796
00950
00656
01486
01486
01464
01938
01746
01921
00919
00926
01478
01255
00626
01919
03738
01914
01939
03431
00929
00634
00929
06153
01953
00929
03465
00640
01770
00074
00278
00767
01875
01439
02492
01749
01698
00943
01924
00948
03797
01937
01791
01714
00616
00857
01791
00790
01775
00768
01273
01687
00656
00823
00041
01685
01126
00003
00765
00013
01693
01814
00656
05396
01736
01735
00891
01940
00681
03738
00789
00102
01409
00882
01520
01815
01951
01923
01952
01952
01933
01945
00928
01972
00989
00962
00962
01358
01338
01609
01817
00606
01436
01867
03439
00788
00878
01687
01812
01686
00027
03409
02994
02334
01997
05799
03614
02313
03613
07447
02470
02343
08884
03734
03612
01998
03617
09121
03781
06223
03070
03070
06187
07138
06897
04077
00826
03412
09807
03625
01572
00179
02433
01644
02592
02588
01869
01752
02237
01008
03310
03833
02076
09779
03210
06871
03072
03074
07560
07478
04487
04488
03711
08303
07015
06390
06391
06392
06393
06394
03519
01995
09775
01662
03402
06399
07699
06384
04763
03783
00756
01153
01154
03979
07574
07301
09710
02503
09761
02687
03687
03705
03596
01929
01928
03438
03925
06942
02034
02033
01426
03088
03574
01091
00703
00975
00700
00018
07088
07160
06967
03086
09768
01129
02986
09773
03595
01489
06217
09117
02970
03631
07462
13020
08303
05592
02446
07636
01996
03615
01465
03686
02600
03413
01159
03527
00945
00797
00962
00099
00806
00554
01783
01462
00942
01778
01611
00057
01000
01619
00760
00688
00975
01921
01910
00042
00027
01667
01006
06012
01273
01870
00600
00859
01468
01745
03738
01478
00858
00928
00215
01714
00027
01012
00826
01740
00930
00145
07304
01687
00053
00928
05966
04835
01846
01286
00052
00036
00860
01620
01687
01689
01803
00927
00134
01866
00639
01425
00931
03100
00566
00134
07304
01739
01739
00651
01921
00681
00899
08963
01628
01686
08282
01805
01785
00789
00850
00603
01712
00075
03797
05946
01775
01443
01613
00762
01893
00788
01886
00882
01955
02823
03649
00030
01810
01776
00760
01868
00705
00688
01887
00634
00962
00939
02387
01903
06173
07217
06603
01589
10947
04567
03581
01902
03043
02428
03786
02337
01892
02408
02340
03657
00793
00282
02825
01956
00872
03040
03046
01448
01658
01448
01448
00198
00198
02499
02411
02388
02422
00864
02238
05919
04940
01704
02664
02008
02663
06178
08483
01646
07668
00335
03517
01740
01808
04069
07652
02990
02963
01738
05895
03093
07056
06284
00763
06373
06374
03088
01990
05985
02528
07301
09685
06412
03723
04769
03530
07571
03296
02564
09001
03478
01222
05568
02759
07106
02759
02760
01591
06407
06406
01271
07507
00174
00243
02078
03802
07089
00627
00382
03488
11189
00874
02050
02049
03704
01207
03980
07979
02041
02042
07306
07007
07137
00605
02437
05837
06213
01449
09936
01873
01759
03825
06911
01926
02031
02032
03826
01007
00375
02761
00174
00161
02510
01756
06173
06173
02434
02435
04751
07088
07166
09157
01653
01754
01646
01652
01653
01759
07104
01056
09767
04047
00033
02653
02669
06969
03154
03976
09136
04749
04757
03090
07105
07035
09118
03518
02585
02590
02589
03664
03075
05311
02057
02057
02056
07335
03671
00384
03216
00058
09825
02227
02232
02233
02968
02004
07507
07793
03522
03521
00334
04087
04088
03088
03408
03750
03800
03300
03523
06213
02935
07010
03892
07461
01266
01007
07321
00382
00194
00197
02437
02073
02071
02799
02800
09700
01476
03644
03801
02996
02871
02879
02986
02948
02952
02919
02518
01265
02876
02988
02881
02933
02954
02931
02895
02874
02961
02904
02878
02982
02965
02886
02892
02926
02906
02946
02355
02992
02950
04041
03892
03741
03325
03116
03750
03753
03116
00783
00790
02314
02939
06317
07175
03497
03495
03650
06346
03217
08998
03536
02914
03118
05772
03544
07240
07240
04076
03978
00014
03327
01874
06405
03784
03147
03150
03149
03148
03154
01784
07507
03111
03300
07058
07238
02798
02799
02800
03483
00058
06200
00177
00175
09251
03676
01586
00135
07322
06182
08982
07667
07084
03816
01271
05593
07341
00548
00297
01955
01915
06904
07090
02042
06926
07090
02662
02650
00812
07636
07704
07082
11927
02652
02372
03501
07112
07112
01916
07646
01153
02039
02036
02038
02037
02040
02010
02011
02012
00059
00615
06131
07216
09776
05896
06024
06413
02945
00655
07007
00176
01611
01480
00812
07053
06416
06917
03466
02956
02834
02519
07742
09748
00981
02838
09903
02357
02967
03411
03410
03408
03407
02417
02416
02557
02385
02389
03415
03706
04096
07391
07460
02884
02860
06960
02959
03106
09787
03529
09458
02078
00059
00645
02371
03621
02911
07030
02902
00949
06949
06941
06973
09777
03101
04074
09772
06997
02000
01126
06872
03744
06398
08591
05739
05810
07738
03091
03531
00790
03588
01925
06163
05781
06162
05780
02041
02044
09817
09816
07238
01358
07113
07107
00873
09762
06958
03639
03150
05879
01997
00845
06023
03703
03701
03702
01934
07723
00997
05567
05566
05571
05570
05569
02601
03073
06962
03218
11145
00991
07736
07067
03696
00817
04565
01026
01849
03798
01844
07444
06901
06387
00611
03315
06898
01951
06864
02044
04079
02007
02006
02443
07507
06209
11189
03308
00854
02400
00800
03406
03716
01777
01881
00266
00344
11041
01892
02502
02316
00244
00177
03092
01678
01153
00175
02113
02761
04066
03076
02416
02410
04485
00174
00175
02501
01657
01571
02112
02356
00876
00088
00957
03427
06878
00874
00065
01952
00764
11175
02073
02072
07095
03399
02191
03980
04031
04029
04019
03735
04026
04032
04024
04028
01784
03308
03628
02909
01104
00761
01493
03308
02108
02110
02109
02114
06381
06283
03569
00963
02601
01681
02500
03602
00174
02563
03783
02069
02068
07497
03427
01154
03704
04083
02520
02887
03499
03437
07461
00180
03737
03088
03823
06972
02986
03769
06207
06603
09961
05878
02654
02586
02591
06183
01999
07729
07727
07454
01633
06425
04069
03217
04487
00817
02587
02238
01424
03787
03151
03637
08972
06378
03091
06403
06404
06405
06406
06407
06407
01738
06287
03630
03569
03610
03609
03608
08301
07584
02899
02168
02231
09764
00147
06334
06333
07099
07401
07139
01929
04477
11065
00104
01990
08602
02013
02015
02015
10548
10546
06147
06147
04024
02396
02397
03563
03312
07576
02836
04061
06959
06925
03789
01926
05799
03521
03522
00104
01990
03436
02806
02769
02770
07150
04078
01755
01681
01447
03654
07496
02358
02358
01114
01652
02111
11068
00176
02115
01571
04655
02390
01664
04069
02417
00901
10543
02033
04043
06180
03655
01644
01643
01643
02824
02824
01625
01057
03406
12574
02897
00602
04486
11755
01890
03710
03710
00260
13292
06402
07089
07729
06950
06298
04758
06296
06310
00244
15975
01779
01126
10193
07120
13012
11752
12410
03722
07238
01491
09759
07258
07258
07258
03657
07034
10194
06295
13280
00655
06311
03499
03750
07219
10192
09770
07658
01915
03768
03524
03496
01243
02030
07813
03546
03688
02556
10793
11753
10254
03657
06383
06385
06385
07590
02355
00876
03406
07043
02897
03570
00375
13282
07148
02347
07148
07080
03406
13281
09951
13542
00111
02004
07098
04029
09780
12573
13954
00040
06714
10796
03091
13652
01534
01534
03973
00805
00805
07250
02217
02224
13789
02003
01799
09936
03655
09457
02413
00620
06438
05773
02315
12942
06395
06396
06397
06979
01958
03782
01975
01034
07141
03782
13653
00955
04030
04031
02407
01999
18640
10795
00806
11261
07088
09698
07402
07037
03803
06409
07496
05808
11754
07005
07080
01738
21028
03803
07246
03458
00248
03589
13292
07052
21028
14219
07484
14229
14229
14229
14229
14229
14224
14224
14224
14224
14224
14224
14225
14225
14225
14225
14225
14228
14228
14228
14225
14225
14225
14220
14220
14220
01990
01980
01980
01980
01980
01980
01980
01980
01980
01980
01980
01983
14219
14228
14228
14228
14219
14219
14219
14219
14233
14230
14230
14230
07043
07483
03565
03394
13626
04069
00941
10844
14228
01977
01977
01977
01977
01977
01977
01977
01977
01977
01977
14232
14230
14230
14236
14236
14236
11629
14223
14223
14223
14232
14232
14232
14232
02031
14226
14226
14226
07502
14233
14233
00974
03088
03798
14218
14218
14218
01759
14233
14233
02035
01998
05540
08177
14228
14230
14230
14230
14230
14230
14230
14222
14222
02001
14445
14441
03215
02049
03324
04518
05601
03406
01992
01985
01985
01985
01985
01985
01985
01985
01985
01985
01985
14234
03406
03406
14227
14227
14227
14227
14227
14234
14234
14234
14234
14234
14221
14221
14221
14221
14221
11632
11631
14219
01449
14231
14231
14231
14231
14231
01992
01524
00336
15035
01928
02304
01978
10206
14235
14235
14237
14237
14237
14237
14237
14237
03296
14238
00008
07052
02016
02016
02015
02013
03406
07052
14218
07001
02422
00986
12960
03798
14540
11749
05799
14652
02601
02601
02002
03088
03088
03088
03088
03088
03088
03088
03091
03091
03091
03091
03091
03091
09022
02031
15587
15586
15585
14138
06164
14742
03324
02032
06147
15342
11692
15584
02033
06857
15519
15633
15585
15738
19689
02031
10824
11691
15518
01035
03839
15460
03817
02594
02594
15532
01079
15342
00812
02032
15587
01835
15268
03298
00392
01198
10716
03320
15986
15987
07464
07464
09961
20038
10716
16053
02050
02051
00355
01572
03325
01551
03699
16329
07038
18014
16328
03321
02851
16786
02026
05825
02055
16787
03616
16785
10117
10118
02032
16789
16705
02027
02034
10545
02031
02033
01703
02072
02071
16651
10543
02025
07012
11751
07012
10119
16906
16907
02029
11636
16898
00198
16203
16203
16961
02028
02030
02006
02226
11635
11991
16962
02008
15023
16881
16929
02007
16905
00395
16899
02054
02053
10439
02028
17215
17213
10439
02029
07777
15024
17214
17103
07307
01990
07260
01990
01990
01990
01990
01990
01990
01990
01990
10112
10112
05592
17686
01992
01992
01992
01992
01992
01992
01992
01992
01992
05601
14237
10112
17686
17836
17865
12574
17828
02027
01586
14761
17734
18013
00104
17898
17899
17992
00196
00123
18234
18011
18012
00040
18231
18234
18331
18330
00336
19545
18331
18346
03742
02032
18672
18702
18707
18682
00854
07171
06147
07171
03469
06147
18816
03790
01872
02315
05822
03526
18979
07816
19088
19091
09951
19119
19221
01724
19075
19090
00798
08363
19117
19118
07317
11630
00354
07451
07453
01990
01990
19268
01992
00244
19405
19411
03574
21400
06166
06881
06165
19689
07315
07315
01258
19802
19814
01843
19956
19975
12132
19976
19973
20074
20037
21636
20447
20345
20344
07706
20534
18890
20487
18889
11529
21029
08968
00821
00821
20038
21140
22044
03892
21405
21471
21399
05515
05364
10670
21576
21577
21562
21600
22010
21600
21600
21600
10672
10671
10914
00525
21672
21898
22010
22024
00936
03325
21903
22129
22132
03892
07456
22278
22373
22339
07755
22340
05592
01551
01551
01551
01551