02428
18334
15640
00133
00075
01644
05592
00252
01697
06996
09767
03799
03781
09959
00528
05786
03885
03449
00528
02302
04096
01647
06207
06942
09760
03527
03601
03602
14260
05845
05846
05846
05847
06911
03284
03790
00963
01858
01236
06044
00997
03282
03431
02996
02871
02654
02651
02279
02282
02283
12510
12511
02651
02279
02282
02283
12510
12511
06173
02879
00957
00390
03183
02863
02867
02601
03073
06980
00937
02029
11358
02551
07093
01951
00111
04077
04078
00014
01207
06048
03789
06925
01775
01938
02948
02952
02919
02518
01265
03076
02876
02907
02988
02881
02933
02994
02931
02895
02874
02961
02904
02878
02982
02890
02965
02886
02892
02926
02906
02946
02358
02355
02992
02950
03046
03043
03040
02935
02864
01990
01990
01990
01990
01990
19168
00867
02549
02025
00666
01992
02049
02051
03294
02049
02051
00805
02552
13953
09684
00059
02050
01439
00674
01784
02035
01934
00088
06147
00088
01409
01222
00939
05350
00626
03077
22278
01239
14222
02768
14220
14220
14230
01524
01524
01173
14229
13641
08688
01966
14237
14237
11603
11602
14223
00067
01790
02614
14761
14219
14224
13877
14977
14218
14219
14232
14227
14221
16014
06177
03417
11939
03297
03297
14228
14232
06867
01055
14228
08093
01835
02803
03929
15371
14234
14237
14223
14231
01834
00164
03466
05602
15521
15526
14236
14219
14228
14219
15736
03106
00036
04751
03320
03110
03529
03685
02911
07040
00954
14267
03655
00946
01921
00057
00790
01704
01703
01653
01652
01687
03564
00116
09164
04487
00767
00278
03517
03547
06188
03975
00989
01776
06891
00763
08281
07018
03704
02114
02112
02115
02111
02113
02109
02110
02108
05946
02493
02835
03628
00872
01733
00003
01586
01887
03734
03578
13979
01738
03088
00800
06949
06199
06199
00973
03664
09811
09812
02836
12511
12510
02283
03070
09927
03924
04092
00566
04487
03216
03088
03522
03521
14232
03969
01669
07391
07460
03470
03100
03100
02884
00554
02860
06960
02959
03147
00826
00052
01874
00053
05838
07043
03657
03426
03657
01845
01698
01772
00231
01599
02492
03149
03154
00788
07053
03117
03088
01207
06966
10008
10005
10006
01854
10563
07030
02342
07503
01011
03711
02074
02077
03709
09153
07654
07670
02033
02035
08372
09118
07177
07104
07025
01885
00058
02564
12510
00148
02342
01724
03153
01262
03593
03299
02051
02049
06196
02351
07245
03709
02051
01941
00619
00853
01209
11189
00882
03436
03090
03783
07793
01479
04477
02025
00639
10440
10439
00135
01181
09992
09684
00153
10440
01426
04518
01507
09167
08981
00547
12583
07067
00241
02056
01489
01488
02566
09764
11263
06976
03635
03743
01814
01817
02025
00564
00970
06346
06988
00939
00055
04750
02025
02025
00135
00548
06147
10440
10439
16163
00374
01784
02004
06201
01466
02035
02017
05499
02025
01104
01181
02619
03294
02351
07245
00016
03929
01885
02010
02050
02049
02051
05337
03177
05794
07032
00784
02025
07114
03647
13953
00230
07114
07386
02428
09009
00135
04488
00033
01664
05350
07793
01488
09992
11189
03475
00852
00045
00230
00004
01560
10439
10439
10439
11263
10440
02035
02033
02510
00851
03299
01113
03294
06994
06889
01092
02433
11741
00598
09762
12503
07397
01679
02446
00059
00232
00626
00059
07393
01619
01719
13570
13571
03727
00721
03889
03890
03891
02238
03294
03768
07009
14162
01081
07768
07776
08167
12554
03469
10843
03709
01191
00010
02056
00010
00010
03307
01480
06147
06147
05794
00135
00854
02822
02821
07305
01011
01523
01496
05350
02035
02033
02031
02034
05989
05989
04750
05794
00616
07054
00626
07442
13527
02274
02055
02052
00046
00700
00851
08676
04063
03499
03405
03499
05522
07304
00033
01962
01963
07586
11741
02025
06877
02025
02025
06147
06147
07052
06196
02025
02025
00101
03499
00365
00027
05350
03499
01104
00939
00508
00389
03649
02564
02025
05341
04518
13640
06994
05570
05568
05565
06902
03455
00027
02798
02510
02799
02800
08483
02035
02033
01607
02050
02049
09981
02035
02010
06988
05522
11263
02033
01596
01322
01958
00845
13787
01692
01692
00626
01916
02035
02033
16163
00567
01515
04763
04517
10563
07032
02355
04047
00281
00605
01752
03648
03704
04077
03704
00831
03750
02379
01903
01902
03338
03336
00140
03335
06605
02057
03337
01652
07107
01512
03654
06975
01126
07090
01808
01256
06886
10805
02529
00817
02426
06916
01462
00604
03500
01783
09748
02600
07742
02519
02834
03672
00812
11753
00453
01556
02956
00962
07095
08982
02520
02916
02887
03437
01889
01890
00145
02529
00384
00574
00459
11752
00793
00794
00765
02500
01799
09780
05548
00812
10218
02053
07160
00098
01053
01007
01007
04755
03579
07020
03306
02945
00859
03702
03075
01057
00036
01810
00615
02259
09014
09015
09013
03523
05928
00876
09781
06153
02275
00156
00688
05343
01087
00697
03644
03801
07071
00658
00382
01255
03086
02470
00425
00426
02469
01620
08195
09710
00969
00147
00931
03979
02899
02888
00941
00940
11754
01870
01873
03544
01358
01358
03545
13288
01462
00134
09861
07164
01738
00640
00163
00645
00648
02078
09458
01657
01609
01696
01695
00266
00873
07002
01805
02618
01626
01060
00848
03534
02529
15520
10007
01953
06048
07010
07154
05349
07727
02529
00847
02529
00627
00162
00161
01007
09701
00549
00297
03924
01681
01662
03684
02804
00963
06048
00074
02346
11738
00363
00362
01661
01911
02548
07399
01926
12308
01707
02529
04768
00286
01638
03303
03303
01638
02613
02612
02611
02610
02609
00384
08982
02275
03313
13993
01354
00925
13788
01912
07402
14218
14235
14233
03168
07146
02283
10773
01895
12308
02529
07407
03786
01923
02509
01754
00943
03710
05979
01817
09975
14218
14218
14224
03088
13993
09771
03320
13282
06901
10220
10218
02020
03271
00019
01712
09458
03101
07156
03322
06915
00865
09019
05520
09967
09967
04567
05878
05879
05881
03575
03088
01804
01430
01429
01428
03187
03188
03189
03190
07241
13021
00705
02493
06975
13745
03897
07124
03762
10979
02768
02769
02770
00262
07090
03686
03687
04043
05571
05569
05567
07228
01494
02954
02913
02902
02013
02015
02015
02016
09858
04762
01126
04047
06999
07058
00363
00382
01745
07795
06901
07156
00692
02434
00060
01468
01740
00641
07160
10536
03308
10240
10441
00865
00847
01433
01752
00305
00303
00600
03449
08094
00479
01433
03762
01126
01875
07259
04075
00760
02529
03798
01495
00796
01633
00950
01918
00012
02837
01706
01707
04485
02040
02037
02038
02036
03306
07220
00240
00239
00242
07335
02057
02057
01689
03885
09793
02553
00009
00259
02034
00627
00162
00161
00481
00325
00324
00324
02624
01032
01031
01857
00448
00449
00457
00014
07088
14260
15977
00299
02939
02963
02990
03501
03217
08998
15977
00450
02616
05548
01945
13979
00297
01752
00600
02437
00605
00281
03829
06152
10441
02529
01714
03782
01265
05548
03464
05783
05550
05549
03381
05782
02575
00373
00371
00370
02003
00817
01443
11103
07086
01608
00865
03564
07127
00764
01933
03695
02018
02020
03449
03439
03088
02529
03320
05834
13950
07154
03310
01744
11738
00817
01051
08972
01756
02012
02011
03980
00384
03671
07552
06131
10764
06048
00790
13821
01579
07088
06915
03530
01840
09964
01999
01996
09165
01809
01588
01589
09791
01251
07056
03924
03424
02528
00919
04042
00948
02897
01056
11717
00372
02575
01951
06287
03524
03924
03466
01972
03300
02435
00806
03584
01649
00140
06999
09936
01880
01129
07552
00252
02967
02357
09903
02838
00981
02478
14393
14415
00074
01808
03625
02356
01735
00891
01736
00014
07082
07447
01872
02313
02338
03629
02470
02469
01246
10441
03335
03710
03657
06949
00627
00162
00161
01895
07458
01012
06959
07238
09166
03701
02529
01684
01687
01007
09773
03453
03310
15977
10227
10228
10229
03298
02529
01812
08323
02529
02011
02012
00252
09164
01595
02034
03704
07734
11175
08369
00602
00031
03781
10546
10547
10548
00466
01433
00600
01491
09695
09694
09694
01142
01867
07058
03701
01091
00655
03703
06958
04564
00134
00927
01803
01995
01998
01997
00849
00965
01754
03624
11068
07175
02654
01673
01079
02013
07090
02909
03800
01256
00975
03432
03116
03118
00563
01462
00766
02276
03710
07042
09761
03686
03705
09940
03596
02968
02340
02237
01869
03723
00362
03433
01007
00864
02440
00111
03724
07160
01425
02529
02034
01193
00761
08296
01421
00382
05916
13771
03654
03928
03928
00655
01626
01142
00140
00252
03704
01029
01028
00762
00928
06187
02343
00432
03449
01638
01637
07080
00620
00930
00611
03402
01940
01755
00275
13529
03652
01866
06442
00858
03631
01937
01720
01908
11103
05896
06024
06178
00945
00655
03977
02437
02346
03925
03438
03587
01928
01929
01000
01925
03588
02563
01924
03589
03531
05810
06997
09772
02221
03101
06180
02337
00013
07738
00886
01265
00606
01915
00982
01915
03733
07284
01840
04066
00789
13038
03060
00942
01591
01955
01956
01465
00609
02825
01803
02986
07478
01876
01892
03074
03072
03210
03551
03550
01159
08681
07282
01284
06215
00995
01868
06200
02341
00943
02039
07736
00991
01770
01883
03218
01624
01939
03088
06929
01952
01952
01952
00161
00162
00627
01969
01028
01029
01644
07090
00099
09780
01881
07090
00868
07071
09125
01061
00773
03639
03750
03637
00215
01714
03466
00995
03565
00791
01778
03665
01356
00817
01693
02501
08999
00574
00392
01209
18926
01897
10716
10117
02342
04343
00064
00064
01728
16139
15771
16147
16148
01805
00520
16163
16164
00130
18955
10117
10716
15035
07675
00008
14230
06221
06221
03380
03699
16264
01977
01977
01977
01977
04099
16370
02054
02035
11735
16235
16264
12574
04782
15772
02851
16649
10112
15770
16783
13573
10119
10117
10118
10119
12953
16785
10241
11601
00042
02484
02484
02484
02031
02032
07250
01985
01985
01985
01985
16784
02075
02858
16650
07260
10118
10117
03457
03457
10242
10118
10119
10118
11991
16925
02031
02032
02030
15923
16785
06221
16786
16787
08302
01426
01719
16923
01190
08316
16840
16786
16787
16785
16786
16787
02303
02029
01978
02030
02028
02030
02028
17318
17319
16841
10440
15581
01992
01992
01992
01992
01992
01990
10441
01992
17218
00360
01990
01992
01983
17716
00951
00265
00040
00151
17320
16234
03574
03574
02028
02029
14225
01980
01980
01980
01980
16922
14225
14225
00681
00681
15580
15582
02027
10117
03671
10112
17641
02026
17686
13963
17640
10119
03671
10118
10119
02529
01739
01533
17328
14230
00971
02027
00344
01739
02026
14233
14234
14230
14228
14225
14226
14229
02026
02026
02026
02026
02026
02026
02026
02026
02026
03767
14233
14233
14234
14228
01267
01497
01497
01791
01183
14237
02027
01187
02027
02027
02027
01187
02027
01187
02027
02027
02027
02027
02027
01187
02027
01069
00254
00956
01485
02050
02031
02032
02058
06937
07045
00520
03343
00108
07222
07222
00104
00104
06221
21687
00138
21688
02651
02476
16139
02274
02050
02050
01897
00854
06147
06147
11189
01999
03762
03762
04096
09946
07266
06994
03644
00230
02027
02026
04096
03761
03761
19302
18382
18369
18478
18456
01671
18455
02116
03574
07794
06168
08744
03332
18701
05342
01971
00304
18917
03497
03496
03111
03497
03496
03111
03497
01992
01990
18955
18833
10747
06147
18930
01971
03496
03497
03111
03496
10221
10219
00446
00594
03502
03503
00446
03111
03976
01436
00020
07483
07483
07483
07483
07483
07483
07483
07483
07483
07483
01820
03526
07452
00148
08651
05554
19190
01621
01710
00571
14519
06893
00135
19068
19147
19265
01785
03722
01990
01990
07497
07497
07497
01992
19302
00020
00020
12952
19302
19267
01785
01785
19338
06867
07155
19577
19577
19710
02529
07228
20444
19784
07119
13775
02033
02034
02624
01167
18275
05989
01457
05770
05770
20023
12132
12132
12132
20074
03392
02081
16044
20074
00526
20423
03332
01212
11949
21071
01212
01179
01214
02438
07100
20814
20976
01768
00821
03636
21147
03546
00525
01286
00558
06191
02316
00558
06217
00857
01520
03553
07451
06191
01286
02314
06191
02335
00560
00287
00529
00632
02335
02031
02031
02034
02031
07005
03272
02031
02032
03636
05710
03293
03293
03741
02483
02483
07497
02483
05364
21471
21471
03651
21471
21401
21600
21684
00863
10914
11948
21885
21885
22024
00936
22010
22044
01816
00302
01816
01816
05275
03595
22112
22107
16048
22250
22297
22303
22336
02257
17758
07755
11206
11206
11206
00728
08300
08301
07566