14988
14989
19225
00336
13012
13292
00244
03571
11189
02824
03215
02121
00030
02217
02503
00949
01537
01491
06183
05520
09816
09888
02823
03386
00917
01193
07282
09773
03458
01784
00805
01421
01715
00248
01270
01934
08978
11312
00625
01534
03481
13789
03491
01104
03768
09817
04567
01104
00832
02121
10947
00087
00111
00864
03657
04077
04078
07305
07007
01928
02528
05985
03424
01874
03310
01866
00661
07035
01619
02809
02810
07106
09963
02879
03040
02986
03501
03495
03650
06346
03217
08998
03536
02914
02035
03169
00558
07727
07473
06871
04096
07460
03470
02884
00554
02860
06960
02959
03106
09787
07137
05878
05879
05592
00335
00334
02003
01647
01681
01923
01933
01588
00088
01952
00602
11175
00764
01938
03147
02341
00943
02897
11065
06967
03086
02316
07054
09825
02935
02864
02863
07166
09157
01929
01921
03310
00926
00611
11534
01619
01839
00756
01989
05832
05833
03387
06215
02012
02011
00865
08602
03688
01126
05813
05814
05815
11104
02530
02082
03710
01443
01635
02803
02804
02835
07566
00761
00790
03581
05837
10773
03216
00384
00134
00927
01803
01689
03075
12573
03664
03465
02003
05873
00609
00610
01465
01591
00762
02343
07058
00012
03088
03980
07461
03734
00700
00876
07258
05593
03282
03168
10112
02745
06911
02120
02118
02117
02122
02119
02124
02123
03310
00526
08972
00525
04773
06864
06898
09121
02016
02015
02013
03798
02348
00384
03671
03497
03496
01915
04041
03043
03046
11065
02749
02750
01232
02950
02992
02355
02358
09815
09816
02818
02819
01226
06956
02990
03111
02963
01940
01755
00919
01776
00937
09815
09815
09817
09816
00077
03284
03821
03453
01918
01744
01679
01752
01752
03310
07240
07240
06925
03789
01409
00260
01823
02793
02794
02795
02796
02355
00700
06889
02346
00027
02019
06153
01246
00690
10112
03312
01478
03797
06213
01012
03150
02071
02072
02073
02073
00651
01740
00432
01870
02003
00783
03152
00111
02440
01620
01425
06975
07137
06889
06217
01489
03595
03584
01878
01879
09773
01951
06915
01551
03325
01464
07141
07402
07402
01008
03545
01358
03544
02313
02338
03629
02470
02469
04757
03090
09155
02035
02033
02031
00820
01579
03744
03498
03499
06973
03708
03696
10112
00567
01919
04485
07258
01372
01809
10112
09704
00847
00763
01091
07736
00991
01770
00789
03569
01834
01338
03978
06201
03816
00882
02768
02769
02770
06889
02035
02033
02034
06901
04079
07053
00705
00688
07238
00868
06131
01493
00882
03631
03402
03602
03601
03625
02356
00954
03655
07030
03737
06023
03703
01262
06942
00857
01265
03657
06872
03744
04068
03695
05516
00759
06871
02120
02118
02117
03187
03188
03189
03190
01430
01429
01428
02003
06959
01881
01624
03628
02909
02493
03439
01754
00016
01258
06287
07010
02948
02952
02919
02518
00939
03076
02876
02907
02988
02881
02933
02994
02954
02931
02895
02874
02961
02904
02878
02982
02890
02965
02886
02892
02926
02906
02946
02761
01223
02760
02759
03311
02526
05349
00874
01625
01812
01686
00040
07240
07240
12527
00926
01464
01751
03637
03639
02018
02020
01914
04759
04758
04758
06158
01926
06207
12410
08322
00615
00616
10439
10441
06726
00852
02529
00287
00788
00878
03150
03149
03148
03154
04488
11717
09014
09013
06962
03218
01883
02564
01810
01868
13038
09747
06187
02051
03111
01950
07098
00067
03711
09815
09817
09861
03547
03546
02051
03385
07399
02939
02314
00059
03781
00266
00528
12267
04487
02838
02653
02654
00925
02911
03621
02078
03685
03529
01462
00604
03500
06941
06949
01783
02902
00075
06958
09762
02337
00850
00873
03657
11707
11708
11709
00975
06941
00806
00981
03763
09748
02600
07742
02519
02834
03177
11753
02956
00962
03466
00995
03553
02346
04075
00760
03525
03624
00566
08092
01875
01142
06180
07391
02652
00975
00703
00858
06180
02529
02784
08483
00243
03769
07139
06179
00845
07095
01159
03550
03551
07568
00773
03210
07462
07560
01876
03803
00600
03977
08591
00057
09772
03101
03648
04487
03151
02888
07584
02899
03979
07574
00969
09710
02237
01872
07447
03711
12574
08303
01258
01520
03555
03572
00791
00640
01738
02357
02967
03110
04066
03060
00942
03530
07533
03723
01056
00948
04042
03784
01808
01924
01775
02434
02433
02435
01972
03657
07009
01928
01512
09903
02016
02015
02015
02013
02124
02123
02119
06168
00655
00945
07007
06178
06024
05896
02867
02601
03073
02913
03431
07056
01091
00794
00793
11752
02970
03686
04043
03687
03705
00074
03088
00074
03596
03100
02968
02340
02238
01869
01893
07478
07738
03531
03589
02563
01925
01000
03438
03925
03665
05366
03724
11069
11070
11071
01304
03704
01873
01006
03308
03308
01867
02836
03070
05808
03980
07636
02039
02036
02038
02037
02040
02529
03660
08600
09765
02996
02871
03498
03499
03315
07139
00259
03701
03702
03311
03654
06173
07444
03458
03565
07461
08301
03570
03630
03617
03613
03612
03614
03615
08309
00859
02335
01887
07456
08303
01890
01889
03437
02887
02916
02520
03976
00626
00074
03522
03521
01892
01515
01197
07729
07729
07729
01840
02315
03436
07979
03574
02010
10118
11072
10117
10119
03292
03292
03457
03317
04749
07005
07052
07079
04750
01191
00362
03892
03205
05919
09698
11754
14228
06972
07658
02004
05515
02004
03484
00951
00128
01190
07407
07407
01819
01819
01759
00104
06147
06147
06147
06147
06147
06147
06147
06147
06147
02057
02057
02056
01992
01992
01990
01990
01990
01990
02650
02242
01200
01215
03741
06400
03709
06518
07099
07105
00941
14219
14235
14230
14155
14229
14233
14220
14220
01980
01980
01980
01980
14225
14225
14219
14228
14232
07335
13653
13479
11710
14225
14225
01983
14223
14234
14230
14234
07502
14233
00974
03527
02945
14219
07052
14218
01977
01977
01977
01977
14230
14230
07171
14222
14228
01978
14226
01985
01176
01985
01985
01985
14205
14234
14234
14231
14231
14227
14227
01524
15035
14218
14218
14228
14229
14237
14237
19689
14233
06133
14221
14221
14224
14224
14540
03324
14652
14224
07316
03086
10440
04783
04784
15533
02428
15583
15580
15582
15986
15987
02358
02031
06147
10716
17836
02017
03699
01223
15770
15771
15772
15770
15584
02026
16785
16787
16786
17828
10202
10823
16789
02027
15581
10201
02025
16899
01156
02033
02031
02032
02033
02034
02050
16898
17318
17318
17319
02029
02030
01990
01990
01992
01990
07260
02028
17320
17363
17076
17073
17074
01990
01990
01990
10112
14223
14236
05601
02049
01992
01992
01992
17624
10112
01533
17686
17865
19165
01267
04757
02107
07003
01485
21469
03742
18672
18350
18349
18707
18682
01356
13677
02315
03526
02034
02032
19002
00986
01990
19405
19411
19302
06881
20461
07315
20460
20459
03616
12132
20074
21636
20485
21071
08968
05363
02035
02034
21394
21395
22044
21393
05364
21600
03547
22373
17758
17759
06993
19784