00602
03496
17828
02313
01887
03628
04075
03046
03043
02935
02864
02863
02867
02601
03073
02358
01465
02016
02990
02963
02939
01657
02909
06950
03525
02470
01714
00765
00013
00817
09888
02501
01814
02500
00554
01696
03553
07164
10773
01889
05592
03584
02600
02519
04485
07478
01633
00343
00342
00341
07447
03718
04759
01159
03092
03654
00651
04079
03696
05807
02015
03811
06173
01579
01338
01880
00925
00604
00859
03210
01885
01937
03217
00097
01686
02020
01624
03168
01520
03536
08998
06213
01783
03685
09458
00175
00174
00891
03975
03086
03589
01448
03655
01448
02340
00948
00826
02341
03650
00176
00174
00175
00177
03495
02335
02523
06942
03517
02036
02040
02037
02038
01698
00957
00390
02871
02996
02967
02357
04078
04077
02356
00067
11175
02834
00791
03686
03687
01883
08681
06215
02426
01687
07588
00266
01953
03455
03702
00133
06941
03786
04763
00286
00845
03551
07085
03575
03111
00566
01873
03530
00053
03070
08301
01006
01886
00278
00134
07082
03595
00145
01940
03671
02337
07088
03100
02968
03526
01588
03797
02956
02115
02111
02113
02109
02110
02108
00099
02902
03527
03977
03469
04066
01056
02897
02114
02112
00919
01874
01847
06187
06885
01591
02835
00820
00287
00560
02836
01805
04043
01872
00868
01933
01915
03569
03570
05515
05837
01572
02548
02888
02899
01875
01613
03703
03544
03545
02588
02586
02591
02587
02585
01619
03771
07056
00052
01923
00014
01756
06178
01893
01951
07277
01776
03106
00266
00528
00791
09710
03798
00981
00567
04518
00812
00703
01358
01089
03701
03648
03565
02078
01438
02884
03555
03270
03442
01658
00766
01609
01817
01695
02314
00548
03550
01735
03624
00942
00969
01939
06973
08999
01808
00615
02013
02970
03797
03437
01649
01703
01704
01610
00012
03501
07566
00767
00789
03281
01952
07107
08303
01652
01653
03218
09760
03657
03320
03787
02564
00606
06997
03978
02911
00648
00800
00600
09903
02838
00088
01876
02429
03075
01929
00796
05366
02879
03040
02986
02948
02952
02518
01265
03076
02876
02988
02881
02933
02994
02954
02931
02895
02874
02961
02904
02878
02982
02890
02965
02886
02892
02926
02906
02946
02355
02992
02950
00784
01881
02887
02520
01868
03797
00954
01142
01585
00991
03655
02914
06180
00700
00330
00331
00337
00338
00339
00340
01866
03733
01448
00950
07568
03177
09811
02018
00384
03466
02316
00705
03783
03737
07240
00241
00239
00240
09812
01586
01790
00973
02860
00790
03979
00939
00760
01676
00962
01740
02584
01925
03588
02945
00609
00075
02528
01755
00762
03424
03701
03665
00525
01810
00057
04567
03629
01972
02343
03147
01869
09014
00655
00928
09013
09015
03572
02338
02342
08191
00874
03664
00610
01495
01803
01736
01733
05776
00688
01662
01770
03521
03522
01448
06199
06925
01924
02563
03149
03150
00788
03154
06949
02959
00931
00147
01778
00645
07560
01945
00930
01277
02469
01892
03596
01409
06013
01918
01000
01928
03587
03438
01921
00940
01775
03110
02913
01625
11749
12251
03590
03531
00806
02493
06167
00927
00831
00858
03152
03723
01428
01867
01812
07220
03306
03390
03389
03388
01689
01870
03101
03305
00029
00265
00764
00074
03524
11755
04751
00059
13043
01950
12410
13378
01491
01847
01785
06168
11753
11717
01890
02017
01710
12257
14048
00956
01784
11754
09011
13993
13747
02503
00024
00854
12573
02823
03294
13789
03770
01534
00625
00297
12524
06142
13038
01719
04516
01740
00949
10206
14221
14219
14228
00215
08138
00058
02592
00951
02589
02590
01955
01840
13542
00971
07405
07011
14234
14219
14231
14235
14219
14228
14232
14220
14223
01977
01977
07052
14225
14233
02304
14225
00941
14234
14237
14226
14224
14223
14230
14225
14218
14155
00895
00721
14230
01980
14232
14229
14233
14234
14219
14229
14227
14227
14222
14228
14230
01985
14236
00290
14233
03625
02428
14228
15633
15635
00812
02594
00392
15987
05606
16363
11959
11960
11961
11962
11963
17103
06881
01835
09022
14742
18707
18682
11991
19221
19302
10206
00821
21556
22405
13566
00590