07552
01703
09811
03587
11738
00645
06442
00615
10007
09861
09967
03210
03637
02968
09903
09762
02108
03800
02909
06044
02904
06886
09780
09781
02428
03438
00845
11358
09764
02440
01029
01624
09703
09975
03892
00867
10439
10439
03644
07305
07304
03801
00529
01077
03711
02959
03306
09981
03149
03154
03153
00648
02434
00161
06929
03783
00161
02478
01876
01802
01547
04518
10536
05520
00873
01727
01443
00108
02967
03338
09771
02433
00259
00135
00135
00077
01840
01007
01007
00681
00859
00598
00927
01803
00036
01079
00975
00705
07442
00721
01462
00766
00806
08225
01649
00789
00942
01465
01735
00891
01736
01872
00951
01284
00784
00574
00549
00297
00969
00147
00931
00940
01358
01358
01805
01462
00134
00640
00042
00554
00036
00946
01921
00057
00052
00053
01687
00116
00767
00278
00989
01776
00003
01887
01011
01286
00800
01854
00566
01669
01698
01749
01772
01599
00788
01262
01647
03527
01739
01007
00088
00014
01207
01409
01775
01938
00626
00937
00560
00287
00133
00075
00805
01887
00012
01354
01912
00074
00626
01626
00101
00286
01923
01945
00365
00027
01638
01286
05882
00014
00276
00262
01443
01425
00003
01750
00042
00865
01466
01752
00600
00130
01933
01817
03439
01579
01425
00863
01885
00027
00259
01756
00481
01464
00626
01857
00014
01267
01077
00116
00013
01077
09992
00872
09936
09927
09967
01696
10008
10005
10006
10118
10119
03652
01956
03294
09013
09812
02075
03762
06173
10773
10563
10563
02056
02057
03536
02564
00925
02825
01222
04077
06048
03696
03075
03625
09748
03177
10219
10221
01246
05364
01706
03343
10677
01752
01239
00865
01875
01507
00760
01495
00796
00950
01918
01443
01788
01186
01551
01804
01880
00373
09710
01209
00694
03897
01712
01745
01007
00692
00020
01007
01812
00762
01939
01740
01952
01186
00432
01638
00773
01595
01596
01840
00943
01834
01770
00688
00697
00600
01752
00831
00010
00010
00010
01012
00863
01803
01485
00681
01488
00012
07749
00031
01775
00600
01867
00971
01436
00758
01488
01689
00626
00965
01251
00135
00948
01183
01619
01972
01092
00639
01468
01740
00641
00020
00099
00962
00215
00791
01778
01356
01693
01304
00145
00930
01940
00759
01866
00858
01937
01647
01720
00945
01626
01000
00013
00606
01915
00982
01915
01255
00857
01520
00632
01620
01462
01783
01497
00765
01496
01609
01874
09761
10546
09760
10117
10547
10548
02017
09684
03520
09772
01479
01429
02035
02033
01858
09767
09701
03786
04768
09607
03432
09946
09807
04042
09858
02314
09959
02435
02946
00604
03218
00963
00567
00425
00426
02874
03449
03601
07071
02011
02010
02012
03110
03969
02338
03629
02470
02469
07393
05989
09117
03710
07100
02470
00297
01633
03187
01126
09165
03969
03704
02916
03644
00230
01523
00389
00389
02954
10220
04063
08234
01895
06929
09791
06994
00520
00382
07399
03101
00382
07399
03101
06196
03497
03168
01061
04567
07646
03040
03183
01589
02115
02112
01031
03574
00525
02863
03303
00370
03497
00362
03500
00820
00526
00111
01007
03502
03665
01845
01733
03496
02346
03469
03470
06994
01126
03798
05878
04485
01430
01428
03188
00325
01126
02337
02335
00239
03628
05522
02015
02015
01548
01433
00123
02510
02343
01586
00794
02341
00033
00344
03975
03427
10843
01814
01817
07447
03116
02911
06199
06199
03282
02651
02651
02919
02907
05375
01104
02919
02913
03734
02914
03101
03101
03111
03781
07727
07154
01457
03070
06966
02077
00594
02551
01962
01963
05592
00845
03043
00384
00384
03424
02282
03117
06024
02768
01739
07552
02279
02804
02755
02756
02757
06191
03118
00230
01153
00232
01644
06187
03789
03189
03190
06215
06215
00793
02035
02033
02034
02031
02032
03546
02313
03704
00609
14519
03503
10979
02600
02358
03648
03685
03602
01673
03767
00362
02601
01903
03781
00619
00161
01889
01546
01644
01902
03811
01588
00449
00162
01624
01657
08296
10441
10441
10440
10440
01881
07042
08681
02346
02990
03046
02335
00954
00240
00161
09940
09981
06153
09964
00241
00864
03724
04477
03060
07052
01661
06196
06988
06999
03531
09694
09695
03578
01681
00059
07090
03453
06180
01129
00700
02609
01673
03701
03433
03704
02956
03750
03635
00995
03553
03565
03722
02887
06131
03300
00382
00382
00382
00382
07670
00163
00163
02283
02654
07458
00564
02768
02769
02770
11189
02484
02802
05881
00161
03466
03466
01868
00666
01889
01744
01697
06138
05567
00266
03282
02624
01607
00457
00324
00324
00299
02004
02003
00970
06346
03975
07497
03457
03709
08982
06196
02351
07245
07238
06196
08982
00520
02020
00520
07399
06196
06191
09771
07240
03631
06960
03100
02493
03890
04092
07503
01714
01714
01714
00162
00162
00162
00162
03519
01869
03217
03217
03100
03101
03518
03524
01056
03545
07058
01908
01187
03335
01916
00019
03436
07407
01637
03307
01652
06958
00058
04751
03704
03380
02237
03768
07222
07222
03316
05794
09694
01265
01142
07058
07119
02428
09009
06200
03657
07090
01870
03654
07090
01840
01421
06976
02619
03596
02867
03664
01104
00242
00812
06217
01256
01256
00658
03647
02116
05794
01897
01091
02282
00627
00627
00627
00627
00627
01911
07654
12251
02520
02259
00134
08999
02037
07067
02283
02548
01784
06902
04047
02039
01895
03496
06949
06949
02483
00847
07736
01265
03977
03216
03705
03733
00060
11189
02803
03106
00761
03073
02860
03702
11103
00823
02340
07222
02342
02342
02342
11103
02111
02316
01028
00928
02612
05343
02618
02614
01892
03589
02610
02611
01704
05349
02446
03072
00448
02275
01929
02283
10764
06183
03575
01159
01924
10563
00826
03924
03924
03924
03924
02356
01951
09125
03551
03703
02613
11068
08483
02563
02501
02654
02798
02799
02800
03074
09167
01745
02939
01679
00088
00956
00790
00790
01883
02528
01738
01738
01439
00817
03501
07160
11175
04075
03550
07282
05879
00864
01028
01029
03111
03111
03111
02238
02469
02355
02355
00342
05565
05568
04564
02274
07738
01744
03529
05794
03530
01755
01802
04518
01652
07243
05896
03701
00325
00389
01695
00088
02553
03076
05596
00479
02283
00164
01032
06859
02945
02982
02986
02988
06895
00324
06911
03147
00231
02438
02276
04763
00302
01873
00303
00305
00304
02500
01662
03499
03086
01265
00886
02221
02437
09014
03426
03336
00140
01625
01625
01057
00033
01664
08302
01809
00764
12574
01810
07160
01191
00602
02379
02357
02838
00817
08972
02834
03639
07399
01926
03499
03337
06605
06201
03704
03709
02835
02109
02113
01992
01473
01474
05710
09015
06997
05810
01925
07391
00252
00939
02876
02881
02933
02994
02931
02895
02961
02878
02890
02965
02886
02892
02926
02906
02992
02950
05571
05570
01494
07088
06915
03320
12583
02518
01928
00390
02038
11738
05569
00453
03684
01142
07220
00874
01885
02884
07460
04096
07177
02110
03790
01955
02020
03925
00655
05786
00528
03402
00275
01653
06942
03521
03889
03655
03686
04043
03595
02549
06877
03437
11754
06910
10805
02034
02033
07164
08323
03321
02049
02050
03088
07646
00059
06996
03799
03294
00528
02050
02049
02051
00957
02552
02026
02025
07093
07222
03088
01061
00363
01060
00848
03534
02529
02026
02025
02027
02027
02026
02025
02027
01707
02529
03088
01895
02027
02026
02529
02026
02027
06147
06147
03457
07402
06901
03457
05350
02027
02025
02026
07282
01531
01754
02624
06995
02564
00151
02509
00851
03299
03320
01652
04762
01897
00020
02529
07504
00548
00847
06147
09946
02026
02025
02027
01816
00042
01608
03564
09684
01433
08093
08094
01433
00123
00153
08688
07127
06996
00130
02168
03284
02051
03449
03088
03088
00252
07045
00059
06048
07228
03455
03294
02027
02030
09164
02028
02029
02351
07245
01190
06988
02013
02016
00615
00615
09793
00009
02035
02031
02032
01491
13288
02519
06996
07667
06207
03593
07053
03522
03734
03293
03517
07040
03686
04066
03657
03333
02078
04077
00981
02018
03709
09164
00991
00997
03431
02996
07030
03695
03687
00014
07082
07478
11752
02030
02028
00466
03088
08372
07043
02071
02072
02073
01724
02031
02032
02031
02032
02034
02033
02035
00763
05845
05846
05846
05847
00963
06147
06925
01236
02279
05814
05815
05813
05350
06867
02029
02028
02433
01271
00520
03761
00882
00615
00615
00820
10439
10440
02529
02529
07667
11189
03488
05548
01576
10441
06152
03464
03381
00483
07090
00135
02529
03405
03829
00939
01007
04755
05799
11717
01952
00574
02963
07118
03980
03671
08998
01707
07088
02026
03727
01556
00059
00626
03523
07020
01719
03579
07402
07161
07141
07402
04750
07576
00450
05548
00655
00059
00574
07386
00111
01591
03294
07009
07032
00128
07052
02026
02025
02027
06193
02529
00854
00046
07734
07104
03320
07025
03564
02035
03296
04487
00483
03547
06188
01992
01990
00067
01790
01710
09153
00973
03466
04487
00611
06980
02864
00252
02935
03284
00674
03088
02492
02836
03088
02114
07018
05838
03316
03891
03710
00763
06891
03584
00605
02437
02529
02529
01835
03305
02564
00845
02032
02031
02034
02033
02837
00508
01533
02036
00853
07224
07241
02493
09165
03299
08987
06975
07124
03762
00882
09458
06999
00371
00374
02575
04047
03090
03271
06901
07156
01992
02529
02034
02031
02032
01187
02027
02025
02026
00847
02529
01895
00252
01706
02026
02025
02027
06867
02027
02025
02026
00040
01895
02566
03088
01952
00148
02026
02025
02027
03449
07080
03761
00156
07071
02010
02011
02012
06988
00939
02484
05916
01322
07776
01187
01187
01087
08167
02483
03750
02058
02057
02056
07010
04751
06147
06147
07107
00004
06959
09166
01182
01512
06975
03654
07077
00817
03293
01154
00852
01239
04068
02035
02033
02034
02031
02032
03335
01113
01113
07238
08369
02003
02004
07335
02057
01489
03885
01999
01996
01995
01998
01997
01784
01719
00363
02575
01951
02475
02476
00001
00252
07793
07795
07742
03672
03574
03417
00655
03928
03928
07032
03499
07586
02426
00265
02030
02029
00016
07054
02879
02948
02952
01990
06287
03723
03313
04488
02897
00919
07056
07175
06888
03624
01754
00849
03306
00852
08981
07259
03979
02899
02888
03544
00616
03743
11263
01890
03496
12308
02302
03588
01808
01808
01808
02040
09458
09118
04078
01768
07146
00140
00140
01480
07001
11753
02902
02871
06221
05989
12503
00281
01534
00995
11263
13527
13788
06221
12510
12510
12511
12511
12511
13745
07284
13529
12510
13953
03574
13570
01799
03657
13038
07250
00620
01990
01990
01990
02858
13979
13979
13775
13640
13641
01958
13993
13821
13787
14221
11263
01113
19168
14224
04099
13671
14228
07794
01992
14225
14233
14219
14229
14232
14230
13571
01969
08281
00626
00626
13771
13953
14162
13671
01934
05799
14229
14225
14225
14232
02013
14233
01739
00128
14228
14260
14260
14218
14228
14235
14231
02029
06133
14228
14223
14225
14224
14229
14222
14226
14234
05928
11737
14233
14237
07132
08676
14393
00868
14237
14237
14220
14220
00529
14228
00549
04517
01980
01980
01980
01980
01980
00941
14232
18230
01985
01985
01985
01985
01985
14219
01515
03892
10676
14237
19267
01524
01524
01173
05606
01966
07768
11603
11602
01978
00104
14230
14230
14230
14223
10218
14219
00845
14234
14234
14227
14218
14219
14233
14236
14218
14218
01011
01977
01977
01977
01977
01977
14267
01081
01983
02074
00563
13877
00230
08194
05576
14645
14977
16014
06177
03088
08316
01941
01055
15034
08299
15372
03929
03929
15371
05602
15521
15629
15526
01692
12510
01692
11741
11741
15520
14415
15268
00392
18926
15977
18334
15771
15629
15629
16147
16148
16301
10010
16163
16164
02424
10009
10716
01193
01684
11733
16264
03699
16370
11735
16235
05349
01223
16264
03321
15770
15772
02851
16649
10112
16783
02027
13573
02025
10119
10118
11601
16784
16650
10118
10117
02025
02026
02030
16785
16785
16923
11991
16786
16787
16925
16786
16787
16785
16786
16787
02003
02303
16840
17218
15035
02030
02028
17318
17318
17319
17319
16841
17316
10439
10439
10440
10441
02029
02030
17315
15581
01992
01992
00360
00372
01992
01990
10440
02028
17320
17320
16234
17317
02029
16922
17228
15580
15582
07260
03671
03671
10117
10118
10119
17686
09780
17755
04757
02049
01069
00254
08221
04343
17947
00138
21688
19302
18369
18456
01671
18455
03574
06168
08744
18701
05342
06218
21687
18917
01992
01990
18955
18955
06147
18930
01971
03976
07029
01820
03526
07452
19190
01621
00571
19181
19147
19265
01990
01990
00343
12952
19302
05979
01785
19270
19302
01785
19577
19577
19577
19707
19710
15777
05770
05770
05770
20023
12132
12132
12132
20074
20074
03332
22317
03332
01212
21071
01212
20814
01214
00821
03636
21147
03272
03636
03741
03651
21471
21401
21600
10914
12954
21885
12954
12954
12954
21885
22024
00020
00936
22010
21903
21903
22044
22112
22187
22270
22213
03077
22297
22336
02257
17758
22303
22298
11206
00728
00728
08300
08301
07566