02015
02053
07791
02834
06076
02475
02412
00757
09903
02622
04764
05788
03575
09760
02836
05787
03530
01687
02567
02014
03449
06879
03609
08722
00662
00411
07088
01142
05590
06188
03406
03831
01665
00951
04564
01252
01589
04045
01876
05851
02822
02931
07462
01095
03594
02501
02500
03547
00112
00111
02463
00575
03601
03602
03666
03665
03631
03814
03111
01546
01547
03746
01924
01356
00111
01585
02990
00872
01548
00954
03557
03654
03733
03438
05540
03574
02314
02316
02906
02892
10536
03656
03497
06187
02346
01141
08303
02886
02454
02453
02838
02904
02759
00266
00241
01867
07678
07641
00134
00983
02778
02779
03841
02446
01738
00970
02057
00052
04087
03610
00925
01953
10773
01803
01883
02015
02935
03411
07071
00927
03979
02358
01682
02478
02478
02477
02421
03498
03498
02363
07258
00244
00245
04069
01657
01695
01696
00575
07812
02460
03060
03596
02574
02573
09748
02337
00610
01479
02033
02034
03469
03273
01588
08303
03781
10763
01878
01972
00337
06204
02902
00405
10000
09997
04744
03723
03092
03683
00963
06183
03974
00567
00425
01802
00567
09922
03110
03969
03973
02835
00799
01151
02769
02770
02469
02621
10540
10541
01962
03470
00350
00351
03169
03168
03169
01955
03722
03554
03736
00956
00957
02355
02992
02950
00891
03315
02871
03711
04567
03685
09747
02907
07639
07646
02556
03801
02874
02406
03595
02113
03215
02956
02031
01956
07648
07461
02032
03186
03569
04761
04655
04654
04653
05366
05592
15770
03546
10805
03641
01424
01232
07459
02405
02405
02601
06192
01897
00525
06206
03312
00404
02837
08305
03628
03496
00363
00525
00325
10806
02945
00648
00604
03500
03413
00820
02238
07042
02160
02400
04562
01845
00057
04754
03808
03406
01912
00790
00648
06968
09811
02055
02052
09857
03624
08591
02357
07674
00796
02662
06222
00806
02664
02665
00974
07400
06145
00851
05834
01810
01126
00262
01258
01495
01835
01886
01443
01893
01753
01626
01733
00873
01484
00099
00030
01525
00666
01129
01923
01649
01744
01689
01937
00068
01426
01839
01619
01147
01610
01866
01255
01749
00548
01712
00005
01690
00998
01488
00228
00822
00640
00053
00632
01698
01590
01652
01056
10538
10539
10537
00873
01783
03040
01091
00835
00556
00060
00639
00762
00763
00826
00557
06153
00849
00965
01478
00926
01914
01465
00382
01734
00703
00975
01595
01438
00145
00930
01733
00832
03686
00705
00700
01507
00130
00769
00931
00147
00059
01424
00134
01895
00600
05995
00364
00948
01627
01467
00789
00615
00845
03218
02313
01756
01710
00067
01638
01626
01649
01775
01465
01042
00216
00831
01626
01951
00059
01736
03797
01716
01720
03417
00876
00765
00632
01921
00005
01667
00549
00023
00133
00164
01647
00873
00965
00849
00853
01804
01489
00500
00764
00684
01007
00928
01952
07751
07751
00605
01626
09928
02876
02926
09859
09800
05808
00969
02297
04691
06189
03701
03702
05799
03572
03573
03582
03583
03581
03703
03657
03555
02336
07568
02954
02881
02988
10563
01920
00973
03177
02919
02952
02948
02986
03629
03655
03584
01704
01703
03550
03551
01159
04066
00867
03179
03648
07084
02461
03439
02115
03687
02440
02302
00526
04075
02888
02968
03760
03269
00901
09458
06179
03566
03409
00537
03498
06041
01997
01419
09458
02563
03975
01915
02110
06213
03117
02416
03775
03614
03644
03617
03613
02030
07636
03536
03734
03563
02760
03612
02528
03645
03980
00537
07121
07056
02416
02417
02419
02420
02421
02401
02400
02408
02409
02410
02411
02412
02399
02398
02386
00794
00793
00793
02551
02108
07637
00850
11179
02387
02388
02390
02391
02394
02395
02396
02422
02414
02415
02556
02557
03925
03586
03587
01928
01929
01000
01925
03588
03589
03590
03531
02535
03070
09862
00859
02654
02652
02650
00767
06985
00627
07001
00950
01633
07126
03415
02192
07301
02761
02761
03485
01226
00661
00564
01714
03666
03286
08306
02451
02450
03306
07220
02517
01515
09920
03651
07000
08344
00655
03969
09816
09817
09815
09891
01551
03325
07222
00611
01940
01755
07734
00661
02048
07002
02046
02047
02045
02029
03406
01200
03406
07052
09910
02647
00865
00432
03317
04752
06916
02781
02315
11073
11073
11250
03116
11074
02112
02109
00758
03585
00962
11183
02768
02803
02804
11211
02818
02819
00242
03406
18922
09937
11392
02670
02422
01624
06941
01996
02193
03116
02379
02970
00558
01653
01791
05786
02982
03615
03789
07034
02470
01879
02946
02961
01902
07792
03118
03667
02959
02860
00554
02884
08311
08484
03717
01870
03101
03774
03527
02655
02671
02672
02673
02674
08084
04751
02348
03322
02963
02939
00528
00344
07263
01919
01897
03924
03828
01881
00426
07107
03284
00311
03521
03522
00800
03406
03559
03561
03832
01640
01968
00253
00140
00020
03758
07090
06996
00860
03424
00943
07082
02619
02078
00059
00645
03621
02911
07040
01091
01494
05539
07740
04485
01079
03317
03424
03320
02462
08312
03837
06878
03764
01739
06518
00375
03743
04080
07667
00383
01048
00942
02217
07007
07690
07483
07497
02477
01588
07086
03717
01776
02426
03274
02843
00989
09896
03673
02042
02041
02044
07391
01754
03286
02909
07661
01654
01187
03668
04046
03778
05805
08997
02553
03406
02598
07157
03088
07167
01785
01784
02529
03406
00611
01613
03406
03098
02030
06956
05807
06180
05810
03695
07711
07715
07147
03562
05837
05515
00783
09710
03643
01869
07237
02358
09802
09889
03592
07323
02067
02066
02065
03270
09774
06861
02806
06958
08485
01042
09908
02996
00412
00413
03599
03600
07460
03560
03406
03517
07305
03406
01599
02558
01918
00606
00950
01975
03579
05365
08234
07269
03406
01885
03832
03559
03561
03561
02014
01270
06149
01674
00428
02078
01745
07107
00647
00287
02000
02001
02002
00390
03406
09916
04773
00219
03625
00946
02035
02033
02034
01662
00795
02556
07574
02427
03798
03431
01803
03075
03820
06217
06168
03184
07078
03282
03981
00350
07002
07497
09158
03642
03313
05796
01903
05873
00265
00362
00163
02404
07675
10914
07640
07638
02410
02386
02398
06177
04018
02778
06518
08990
06077
10680
02004
08602
07238
07497
03386
00001
03406
07733
07798
07787
06141
03776
01415
07286
05874
08162
04767
03308
03308
04564
07486
04054
03222
04053
04052
04051
03221
04050
03220
03219
04049
03230
04060
04059
04058
03224
04056
04057
03225
03226
03227
03228
03229
07039
03630
03760
00029
01915
02483
03296
00813
07482
01969
09918
03722
00666
03630
04016
00852
05881
05879
05878
02170
04772
03811
03806
01807
06173
00259
00140
09472
01531
07112
09983
02056
02057
09892
07662
03216
07152
03561
03427
07663
06143
02111
03786
01889
02392
02340
02341
02418
02420
07025
02396
02397
02407
01963
02391
07173
02387
02409
02414
02415
10927
00161
02343
10943
03735
00609
09823
03071
03152
02411
03223
02557
03106
10678
02339
02054
10542
10440
00864
04477
00647
03553
10439
03073
02867
02864
03043
03046
02413
06223
06177
00230
08300
02520
02342
02338
00560
03646
03640
03616
00239
00346
01892
07708
00347
00348
00349
03412
06149
02335
02783
11076
00018
06039
02116
03501
03495
06205
02014
06159
02013
02016
02015
02014
02016
02013
02015
06147
06147
03650
03217
08998
02914
08151
03497
03530
03554
08365
08363
08364
00520
00984
07154
03746
03746
02194
02195
02196
02197
02198
02199
02200
02456
02458
02453
02529
01118
01255
00432
05802
07733
05820
02523
03406
07506
11107
01993
01890
01867
02548
01907
03827
00031
02476
02529
07645
04042
12264
12265
12137
12062
12071
12149
12138
12063
12064
12065
12279
12065
11535
09471
12266
12340
11991
00631
03181
02415
02821
03475
02527
02843
09824
02913
03630
01520
02454
02016
02015
02013
05801
07102
03771
00097
06195
02899
04088
00791
06925
00886
02071
02072
02073
05785
03406
10948
03839
02564
02565
03760
12256
12281
12283
11892
11911
12287
12280
11745
11928
11742
03496
11743
03496
03496
03496
03496
08305
12262
11075
11258
02784
00821
01874
10942
01658
02114
09806
03182
03671
03732
01524
01414
03424
03688
03690
03183
06199
03832
03559
02344
02012
02011
02010
07223
03402
09999
09998
05916
02299
09975
03585
03800
07112
07112
09131
02221
00286
06997
02669
09861
03311
03565
01872
00928
07262
01873
07091
01719
02496
02498
06940
09939
03150
03149
03154
03148
03147
05844
02879
02933
02994
02895
02878
02965
07659
04760
06959
03112
00673
06447
03737
09900
00757
06942
01081
00919
02494
02492
02493
06866
00616
03310
03924
08163
07447
07735
01150
02742
09001
01866
08218
05517
09767
00077
01575
01784
04047
00574
09701
01669
09860
01299
09984
03406
03413
03407
03408
01775
03772
03745
07070
03415
07019
08296
02553
07773
06080
09989
08483
02777
00681
05994
02379
02482
09973
01679
07287
01714
03567
03564
09161
09899
00925
01652
02064
02063
01945
01176
03086
09117
01409
06194
00573
06176
01770
00991
05589
03474
03100
03803
03598
03597
03088
00278
09159
06980
03926
04084
03472
07109
02003
02004
09950
03406
07340
06158
07115
01779
04063
07119
07240
00982
02468
02466
02782
02783
07504
07289
01322
02483
06202
01586
01778
09921
07010
09749
00651
02014
07507
01740
07107
01046
03748
01911
02549
01661
08680
02552
05591
07038
09768
02562
00009
05596
06895
01119
06077
01262
04083
04762
02452
02455
02456
02457
02458
02459
03316
03788
07814
05595
03568
08301
06287
01505
07300
01745
01468
05836
01673
04652
04651
04656
03833
08315
03549
06203
03528
07320
03834
03435
00882
06938
08304
00568
01868
06918
03970
03752
03750
03406
02035
02031
02032
04774
03291
01939
06910
01176
07001
03455
03837
00868
01582
03757
03765
00748
00677
02372
02536
06142
07277
00981
02967
01265
00990
00674
05775
02024
06966
07020
05952
03734
05527
03767
02916
02887
06726
01420
09792
09926
00406
00407
03607
01256
03812
04770
01659
03593
01512
03406
06969
02030
01008
06917
02897
03578
00759
09790
05541
03684
01897
07285
00013
00817
01814
02057
02057
02056
02058
06193
03924
07114
07114
03088
06076
00626
09913
01752
07459
07090
05812
06996
07394
09771
00868
03821
03672
00688
03837
03654
07180
09786
03603
03314
03611
07085
07795
07794
07793
03406
09858
00113
03385
04013
06212
00656
09160
00658
03326
01081
07043
02909
02919
01224
01224
01224
02024
02529
01784
02099
03558
01875
07478
03634
03466
03719
00384
02518
03704
03321
01759
02566
06995
00799
00457
03749
03473
01096
02073
05349
09773
07243
00940
04755
04044
04082
04488
04487
05803
03074
03072
03210
00773
03386
03387
02437
03185
09895
09888
08154
02031
02032
02034
02033
01092
03406
02227
06858
02407
06603
02406
03151
05367
03548
02560
02016
02013
10111
10110
10108
06899
09904
07014
02014
01354
08276
09897
02444
02445
06996
00426
00425
06182
03089
09812
08316
08993
00507
05595
03543
03446
07080
01354
07480
03704
02483
03406
04752
01759
06911
08983
05880
02568
02570
02572
03639
07685
07157
03271
06445
01069
08307
08309
05809
07278
03769
05777
05778
05779
00652
02399
02393
03566
01501
03721
01724
01012
00833
01439
03406
06177
02283
02282
02280
02278
06186
09801
03664
01809
02790
02791
09125
02890
02417
02395
02388
02389
11085
11065
03087
11175
11105
07301
01581
03310
00027
03286
03286
03784
07806
04763
07862
06156
07058
06207
02356
01448
00760
05501
03442
02521
09181
01271
04085
01246
03835
03482
02749
02750
03604
01999
01998
01995
02439
02441
00339
02169
00857
00088
00569
11103
03406
00343
00341
00340
02392
02393
02394
06213
00937
01933
00761
09938
01637
07261
02028
09907
01497
00945
08992
01752
09902
03608
09901
00243
08289
03327
07178
07401
01251
01938
03750
02017
02018
02020
03635
03636
03637
03638
00338
00336
00335
01676
03286
03308
07001
03810
01176
08642
06131
01433
02858
06078
05838
06970
07660
02408
02401
03414
03407
03412
03408
03408
07390
00275
00799
03824
07153
00566
06181
02806
02769
07784
02768
02769
02770
07053
05896
06024
06178
03577
01790
09690
09691
07011
09915
05526
00162
03704
07095
03415
02390
02037
02038
02036
02039
07783
07686
06140
01077
01077
09909
06915
00912
09791
00979
07689
03768
03113
04758
04759
00975
02670
06073
06074
00058
01934
00215
02300
03406
07337
03072
03074
00342
03758
00657
07139
09807
03674
07259
00334
00331
00330
02557
02556
08988
06872
03744
01591
06920
10026
09954
00798
01775
06282
06281
02035
02033
02034
02031
02032
01961
06175
03570
03787
03529
03281
02379
04079
00939
01772
07136
00892
01338
02298
00975
02361
02016
02013
02015
02015
09808
09810
09808
03545
01358
03544
03770
02342
07182
03310
02560
03642
03632
03804
03633
06219
07262
06876
00285
03576
02014
07118
01761
09136
07507
07304
03885
07000
09781
03977
04761
00154
06975
09962
09794
07140
03799
01935
11068
03571
03532
03499
00075
02863
07235
07236
03591
01887
00240
02569
00766
01993
03305
02237
09780
06190
01580
07085
03415
02003
02004
09923
01425
09607
09893
01613
06949
03704
00058
02687
03533
07738
02600
02519
03592
03568
03840
09927
00247
00246
03406
01126
07396
02663
02666
01735
04068
06075
00027
07657
00884
06201
03773
02798
02799
02800
02078
11066
02419
03076
00324
03718
03694
07712
09894
03978
00014
07566
07479
03747
04096
01462
03499
06891
11312
03719
07507
03484
01193
02809
02810
00847
04043
00858
03746
09898
00012
10012
10011
07264
00855
07397
00563
07727
07226
07227
02062
07175
03580
04077
04078
07113
03790
07552
09890
12061
01625
03426
11896
11927
11755
12982
07184
00906
06894
03826
03496
01950
12136
11753
15371
12297
12282
12286
12058
12059
12060
12056
12072
12057
12064
12066
12067
01491
05368
12068
12068
12069
11933
12525
00281
12961
13009
13292
10804
13014
01766
12070
01243
11908
11909
11905
11906
11901
11926
12143
11754
11907
11904
11719
00661
11894
11895
03524
11893
11527
12072
12067
02302
02362
11748
00024
11936
11750
11749
01089
01894
12308
11720
12285
00316
00602
11927
11752
01250
05685
13688
13590
13038
13288
13378
12373
05772
06857
13788
12339
09901
02651
01664
09702
12573
12511
08310
13629
14055
14056
13821
13628
13529
03272
12984
01825
01782
14058
05685
01534
12410
12524
02484
04072
07250
12373
12262
12962
12963
13007
06287
13888
00121
03782
13638
13639
01792
05773
08281
13643
13634
01070
13938
13695
13895
07491
13888
13652
14228
19168
07483
03574
01977
01977
01977
01977
01977
01977
01977
01977
01977
03088
14232
01983
14228
14219
14228
14229
14229
14229
14229
14233
14218
14218
14218
14218
13954
13498
13635
13636
03605
07443
13653
13771
13771
13766
08325
14153
14220
14220
14220
16962
14225
14347
14236
14236
14236
14236
14236
14233
14233
14392
14228
14228
14228
14228
14228
14228
14237
14237
14237
14237
14219
14221
14221
14221
14187
14232
14232
14234
14234
14224
14224
14224
14224
14224
14224
14228
14218
14218
14218
14230
14230
14230
00459
14219
14225
14225
14393
14155
14155
14445
08177
14235
14235
01992
01992
14234
14234
14231
14231
14231
14260
14441
14227
14227
14227
14225
14225
14225
14225
14225
14225
14225
01524
16961
14683
01173
15035
01985
01985
01985
01985
01985
01985
01985
01985
01985
14233
14226
14226
14237
14237
14237
14219
14219
14219
01978
14230
14232
14232
14220
14220
14222
14222
15396
14170
14238
14230
14230
14230
14230
14230
14230
14230
14230
06133
14233
14233
14233
01980
01980
01980
01980
01980
01980
01980
01980
01980
14223
14223
14223
14223
14223
07497
06957
14742
03699
14540
07011
14652
06204
01146
16013
15269
10913
10823
03500
03817
06919
14761
14682
15034
16012
12543
15256
15257
03215
08086
15580
02032
15580
01082
15738
15633
15773
15771
15772
15724
02428
15256
04765
15723
15894
15461
15460
15583
15580
15581
15582
15539
01082
18136
12541
12542
15984
03320
15977
15986
08679
02533
10109
16089
16092
16136
10023
07483
07483
07483
07483
07483
07483
07483
07483
07483
07483
07483
07483
07497
07497
07497
07497
07497
07497
07497
07497
07497
07497
07497
07497
07482
07482
07482
07482
02029
02028
02030
16053
10716
16087
16077
10024
10022
10025
16066
16074
01801
00209
16328
15834
01990
03299
16322
01223
16329
11734
16291
16171
04014
04015
16263
13283
16345
07122
01166
02031
13893
16963
02030
16872
18138
02030
02030
02030
02030
02030
02030
02030
02503
02030
02030
01175
17247
02028
11209
17713
17315
02029
02029
02029
01990
01990
05601
17686
01533
19789
18697
17837
00254
00209
18139
03825
07814
03585
18138
18234
18138
15830
15852
18476
18507
18555
18515
18527
18676
18640
18640
18691
18765
02847
18828
18927
20862
18829
18800
18778
18657
18850
18974
07063
19055
19055
03976
18975
03526
19000
18979
20801
19057
02030
19059
19222
02257
19227
19229
19230
19226
19228
22468
19235
19235
19058
19265
01066
19271
01992
01992
00059
19337
00638
19334
19270
19302
19270
19304
19416
19213
02495
02030
19659
15852
00992
19694
13060
07666
00799
00847
15777
00995
19804
19803
21636
08723
09796
18890
20534
19591
20755
01214
20881
11751
21029
21053
21021
21028
08968
20968
21218
01139
21217
03892
21420
03892
21470
21606
21712
21936
21968
22015
21964
22051
22132
22105
22042
22292
03077
11391
22302
07319
22491
00424
22452
00424