00162
02045
02639
07124
00059
03183
01090
02337
06980
00605
02014
03841
06208
07497
05577
03671
01829
02006
07116
01434
01903
01902
07305
07487
07492
02036
01696
07487
03403
06147
06147
00954
01653
02031
02032
01695
07484
01889
03592
01673
07497
07497
07445
06148
03798
01448
05515
04037
01154
05367
03810
07494
03711
03711
03711
01118
05936
02275
02274
02276
02639
01682
03798
02619
02335
02003
02004
06148
06153
04757
03684
07259
03040
06173
06158
05575
05577
02639
06207
02641
01879
03685
07492
07025
03885
06197
07496
07064
07090
07495
07496
07727
07114
02314
07496
07052
07492
07494
07499
07052
07052
03496
07484
02338
03168
03786
02036
03100
02041
01963
03564
03602
07495
03601
07315
00799
06147
03802
02650
07491
06181
02636
01090
02275
02274
02276
01995
01996
03787
01118
03087
03497
03496
07496
07484
03733
04763
04758
03733
04763
07494
03581
07484
07496
07484
02314
07114
09811
07043
01153
02230
00609
07304
06147
01548
01547
01546
00464
03768
02071
03470
03687
07491
07497
07727
07497
07114
06926
03657
03437
04564
01990
01448
01448
04758
02493
07462
02536
03328
02040
03856
03789
03100
03885
04564
01674
02639
02502
02030
01673
01673
07487
07487
02500
07492
03737
06147
06147
06148
02022
07497
00161
01961
02931
08680
00121
02112
02114
02115
00426
03867
05575
05578
05576
05580
05572
09744
04077
04068
00602
02313
02034
03707
07037
06871
02037
02038
03799
02535
02372
01159
06925
06900
04751
03695
04079
02902
02097
03306
03969
03630
02042
02044
02520
02232
07213
07106
07114
03625
03110
02077
04043
05584
02939
02314
03147
07190
02653
02669
02652
04043
03686
06949
02634
03118
06923
01952
03564
03596
02025
01999
01997
04075
02722
02259
03752
06888
03186
02025
07052
07390
03638
02005
02838
02719
06971
05592
05540
06995
06131
05585
02906
02926
02892
02886
02965
02982
02878
02904
02961
02874
02895
02994
02933
02881
02988
02876
02518
02919
02952
02948
02879
02871
02996
02909
02835
03075
03584
04047
03284
07492
06872
02503
02717
06287
03572
01992
02069
03696
04043
03642
03828
06169
03551
07492
02188
03499
03316
02860
03427
03644
03087
06213
03778
04042
01239
01304
09903
02006
07496
03802
02713
06946
03561
05575
02022
03798
02585
02591
02597
02067
08699
08700
08696
08696
00493
00566
00641
01740
01579
01507
01537
01887
09013
03177
03517
06044
07065
03424
02591
07391
03687
03705
00425
00426
02066
04773
02724
03546
02954
02008
02007
02008
02009
02007
03594
07243
02016
03530
02224
07090
03525
06898
02035
03116
03639
03665
03676
03531
03589
02716
03090
02711
02708
02707
07742
02600
04485
03574
03087
03087
06915
03113
03684
02643
07005
02483
07056
06873
03060
05516
02520
03316
02897
07028
03655
02357
02967
07093
03975
02990
03654
03924
03070
02703
03676
03592
03281
02529
03631
07000
02005
01113
06187
02034
07226
03559
02160
02356
03664
04038
03695
06894
06920
07462
06940
03750
02689
02690
06024
02020
06213
02698
02703
04773
03561
02040
02033
03523
02040
02037
02038
04094
07107
07492
06218
07007
02706
06962
02026
02698
02884
03073
02601
02867
02863
02864
02935
02690
03651
02004
02005
07335
02057
02057
02113
02109
02109
02110
02108
02096
02092
02093
02094
02548
02549
07492
05337
07456
06966
02834
04759
04043
00514
03685
02022
07646
04066
03087
03185
02027
02706
02705
02693
07052
02946
02355
02992
02950
03636
07114
02913
02963
07114
07492
07192
03086
00793
05810
03453
03183
07492
07492
01737
03570
03569
03111
02699
02697
02694
07566
03074
03072
07019
02945
02704
02035
02033
03469
02899
02888
07074
03588
06883
07052
02035
02703
03979
02703
07393
08226
07090
03980
01992
03654
01113
03286
02557
00297
03686
02116
00088
03592
03885
03722
03724
02669
02662
02663
02664
02666
03182
03325
02040
02945
07978
02687
06911
07090
02316
04096
03306
07492
07447
07015
06196
07399
03296
03501
03564
05808
03801
02435
02585
02596
02595
02434
02597
02593
01470
02501
05773
05772
02483
01113
01992
02034
03335
04083
02968
06381
01992
07088
07009
03703
02986
02044
06867
07079
02485
06217
02970
06960
02959
03106
02022
07494
02642
06911
04047
03500
02075
03116
02709
02715
03820
02469
02712
05520
06883
06442
02038
02037
02040
03595
07300
03561
05837
03976
04656
04653
04654
04651
04652
07090
06942
03187
03188
03189
07277
07140
03969
03671
07071
00823
01912
07487
07487
06884
07487
02596
03564
07052
07487
06883
02595
02586
02587
03076
08999
10960
09005
08963
08994
08998
09793
09835
09792
00284
08884
08884
08884
08884
08884
08884
09777
09774
09775
09001
08904
08906
08906
08906
09761
08303
10439
02004
02003
02657
07132
02890
02426
01768
02294
01892
06910
03609
07066
07559
02970
02956
03702
03529
02047
02046
02048
02048
02692
07004
03635
05567
07242
05566
02291
07460
07568
03499
06206
02015
03553
03088
07100
01046
03154
05595
06867
03087
07496
07492
07496
07491
03321
02015
02016
02015
04759
04652
00425
00426
00425
07646
02034
01173
03497
03496
02035
02034
06877
07496
07492
03111
03497
03695
05516
04077
04078
03839
07492
07492
03466
02292
03474
03621
07098
07098
02638
02720
02026
02437
03568
03723
07042
02836
03309
06941
03550
03317
02233
07146
02015
02016
02014
02469
02005
02004
02005
02004
04047
03977
06997
01991
02428
02629
02628
02630
02285
02284
02286
02287
02288
02289
02290
02290
02290
02290
02016
07086
03320
05845
05846
03824
03644
06864
03790
06168
02027
07240
02055
03090
03455
04763
07058
02227
07107
03555
03216
03438
07089
07769
07015
01153
01991
06883
02355
02837
07492
03823
03547
04040
01992
07011
03657
02039
07636
07507
03629
03637
02490
02234
07058
05896
00325
02914
03217
06346
07040
02637
04757
02916
02340
03610
03608
02691
03830
03179
03495
02703
07213
07101
03292
02004
03701
06955
03544
03545
02911
03190
04077
04078
02095
02005
02078
06199
03183
09014
06197
07086
07132
06922
07088
07006
02970
02887
02221
09833
02492
09834
01537
01537
06020
00262
00948
04091
05882
01061
01758
01697
01317
01178
00013
01758
01057
01433
04487
01297
01669
04091
01091
00817
00598
00765
01271
01735
01012
00766
01259
01185
01191
00700
01512
01414
01426
01662
00766
00366
00367
01007
00228
00012
00700
01838
00384
01768
00436
00457
06045
01783
01768
00279
01126
01071
08259
01749
00703
03439
05928
00801
00864
00031
01779
05946
01207
04487
00851
00919
01609
00789
01537
01845
01297
00963
08259
01869
01485
01733
01620
00951
00228
00799
00799
05882
00799
04091
00640
01738
00433
00392
00788
08973
01061
00299
08482
08481
03442
02635
02293
02586
01104
07217
03787
06867
02687
02640
07066
07112
02703
07100
07496
07484
03328
06177
04567
03798
05579
03149
03427
01990
03403
01990
02636
01585
00324
00324
03536
04039
01652
01679
02274
02003
01428
01429
01430
02003
02433
07263
03741
01883
02433
07304
03168
01548
01546
02231
03818
02592
01602
01601
02588
00493
02591
02587
01704
01703
03856
02588
03593
03043
03046
02588
02274
02276
01589
01878
06147
01956
03218
07119
01056
05577
05575
02588
01807
02036
02636
03593
06147
04655
03587
02564
03856
01657
03885
03885
03412
02013
02013
01548
02074
05588
02528
02013
02032
02338
02343
02276
02274
03885
00575
09771
08967
07124
07814
03924
00958
06147
03101
02036
01624
02470
01962
02056
02111
02552
03671
06223
02065
01990
00648
01652
01658
00872
05575
02013
02003
02003
02563
06180
01588
05847
01990
02654
06147
03417
03671
07487
04035
04035
02586
02710
09931
09972
09800
02342
10206
09820
09812
02077
02077
09819
09131
08972
09118
02593
06978
02238
00845
06223
06921
07491
07484
07496
06281
06282
08479
06891
09121
10563
10773
13282
03737
02031
09458
02074
06048
00794
08591
09748
08715
08972
09710
09747
02032
02031
02033
02035
02014
02014
02075
02075
02479
02480
01546
01547
09836
09932
02825
08903
09772
08697
08698
01537
01787
05371
01259
00059
01358
00133
01714
00129
01893
00382
01952
00764
00928
01406
00615
01465
00067
00661
01265
01810
01547
00134
01061
01126
00695
00773
00058
01829
00059
03431
01974
01870
00931
01007
00604
00820
00145
01689
00588
06042
00799
03428
01239
00606
04487
00640
01251
00135
01071
00663
01081
01083
00886
01061
03800
08641
08902
09767
01533
01462
00986
01687
01537
00428
00809
01698
01496
06022
01174
04487
00558
01823
01779
10826
00986
00108
00433
00219
00036
00033
08259
00558
01955
09919
09933
09935
09807
09970
02337
03427
09763
02519
09971
05581
05582
00239
03650
09771
07093
02718
06959
07496
06861
00425
00426
00240
09015
02658
02657
02660
02660
02659
02658
02657
04759
04758
05586
05587
06218
03405
05573
02275
07507
02005
02004
02003
04518
02358
07114
04043
07132
07066
07492
07484
08218
05574
00375
03192
02016
10253
03046
08296
00590
01725
00226
00548
01239
01719
01778
00681
00014
00761
01563
01733
00767
00937
01897
00590
08259
00042
01933
01649
01633
01945
01784
00986
00962
00208
01693
00796
01803
01698
00988
00390
01092
00598
00433
00005
00721
01687
00147
01551
01923
00677
00748
00558
04091
05882
01091
01130
01465
01480
00053
01759
01915
00008
01661
00855
00259
01872
01876
00852
00859
06118
00218
03797
01090
00059
01972
01256
01069
01802
01626
01090
01921
01775
01952
00763
00969
01791
00145
03797
03526
04487
01007
01738
01322
01928
00057
00831
00262
01895
00299
00091
04091
01000
01338
00099
01358
01358
01147
01488
01738
01505
01181
05946
01809
01194
01236
00701
06020
00790
01776
00942
01409
01091
00721
01821
00694
01772
01487
00008
00286
10834
00995
00772
00615
00640
00616
00036
00873
00748
00147
01875
00684
01424
01317
01437
01354
01599
01515
01563
01755
01770
00554
00981
00705
01920
00034
00809
01537
01531
00799
00097
00858
01609
00382
01698
01495
01784
00943
00493
00951
00948
01935
00799
00854
00884
01208
00975
00705
01487
01563
01939
01061
01940
00600
01934
02377
01711
01784
00493
01649
01778
00784
01595
00655
00611
01356
01436
01091
08081
00721
01790
00067
00973
01814
00384
01007
01537
00721
01756
01091
00966
00940
03797
01711
00276
00806
00433
10680
01768
00817
00383
00128
00800
00845
01937
00567
00695
01881
01802
00946
00969
01924
00075
01104
00008
00762
00784
08259
00991
00588
01425
00027
01823
00759
00799
01737
01738
01724
00791
00033
01495
01817
00091
01142
00703
01911
01929
01710
01561
01494
00798
00939
00989
00971
01561
01647
00858
01255
00645
00655
01754
01772
00605
01174
01262
00901
00652
03897
00529
05886
00286
03465
00847
00573
03527
01443
00059
00077
01873
00052
01867
01259
00688
00633
00215
00925
00616
00873
00134
05979
01061
01358
00891
00930
00275
01736
00278
01563
01754
00939
01619
00558
01265
00214
00927
00721
00789
00855
00003
01925
00010
00082
00663
03797
00598
01462
00013
01586
00806
01591
01866
00845
01669
01515
00950
00344
01425
01174
01092
01533
01784
01951
01436
00688
00978
01790
08234
07478
13038
10257
10255
02551
11355
11354
11159
11332
02471
11329
02275
10440
10441
05982
02341
13541
02340
01885
01448
09966
09940
09942
06042
09818
05895
08884
08884
10819
10697
03497
07506
02341
01154
02587
11175
08289
01890
11145
01868
01868
11177
01874
00819
00627
00150
07657
01424
00836
08300
08304
10206
02591
01809
08309
14393
03496
12073
02343
11159
01011
06178
00812
02275
01153
00524
02586
02276
11325
02588
02723
11473
11524
02659
09969
02698
02702
11526
11525
11523
11522
02487
06596
01625
12574
06596
03530
11753
02020
11755
12573
00507
00507
06891
07120
13292
11071
11069
11752
11070
10775
01980
01980
01980
01980
01491
11178
03574
07027
11927
09458
11072
11532
11950
11952
03524
00595
00595
11954
11957
11955
11956
11717
11958
11959
11960
11961
11962
11953
11781
11521
11520
11527
03215
05516
11951
01916
11777
11780
02022
02303
08304
06147
08481
00254
21904
07024
13819
13819
13993
13282
09780
13421
13281
13542
01534
13799
00620
07313
03559
13953
01534
07005
03666
13503
13730
13525
01799
07448
03655
01474
09457
01469
19003
00281
00104
00620
13993
13993
02632
00835
05356
00830
02631
13950
11754
13745
14231
14237
14221
13483
13789
13821
14229
14232
14230
14225
14225
14228
13628
01983
14232
03404
01070
10674
03386
00024
13924
03394
13628
00941
14219
14225
14237
14233
14218
14218
14218
14218
14228
14223
14330
14331
14224
01978
14234
01113
14226
03696
14234
14228
10907
14233
14236
14222
14218
08325
14229
14219
14219
14441
14652
01977
01977
01977
01977
14518
14232
14205
14219
01173
14228
14220
01470
14227
14227
14227
14235
14230
14233
14230
06133
14233
01011
01011
14218
01985
01985
01985
01985
07506
14234
02036
06148
06147
01524
14540
14605
14645
15383
03090
03580
00389
02533
03297
15226
09836
09879
11472
05583
03885
14606
14761
12454
15034
02033
15578
15578
02428
15342
15554
15633
15553
15555
15736
15579
15553
06857
06999
15256
15738
01082
15553
08480
07025
15577
15576
02594
15577
02594
02594
14415
12454
15918
10716
09012
03320
18109
15977
07495
07487
07487
07487
07487
07487
07487
07487
07487
07492
07492
07492
07497
07497
07497
07484
07267
16092
02014
03671
03498
10716
03320
05570
11645
00974
01533
02480
02014
02014
02018
02017
05569
03699
05568
00974
15576
11963
07012
02851
15576
15577
15578
02050
16563
16787
16785
02030
02030
14220
16786
16881
11720
17062
17246
17108
17245
11209
17244
08884
08884
08884
08884
08884
08884
08884
17218
08884
04091
01992
01992
10112
01990
01990
01990
15035
10206
10112
05601
17686
20444
09181
04757
07263
17758
17759
17838
17836
07079
17836
18007
19431
07259
00275
04047
19171
07260
11356
02483
03742
18534
00241
18678
18640
18828
05946
07172
07171
06147
18828
18831
18814
17892
05366
21342
18979
09951
19032
03496
16149
07464
07746
07746
08678
19166
19159
19170
19172
19121
19221
19090
19221
19091
19171
19158
19120
16422
19122
19075
01621
01990
19302
19302
11991
05275
01066
22278
07315
07315
19802
12132
20024
05770
05770
05770
05770
21903
20074
12132
12132
20074
18889
20534
18890
20765
21071
00821
21231
21147
01768
01768
03636
21471
21480
21480
21563
07334
21498
10914
21703
10026
21600
21561
21929
22044
22044
21903
22205
22187
03892
22278
22303
02257
22303
03181
22305
01551
11206
00590
00728