02029
02028
01006
10040
01008
03750
01042
03833
05796
05796
02379
05796
01151
01534
03752
03710
01928
01142
15738
01870
02406
14170
01091
00611
02341
03671
01874
07056
07137
02939
02990
03501
03495
03650
03217
03536
01026
09692
14234
00901
03407
03413
00198
04026
01962
01963
01961
02372
02160
09458
00645
02078
00648
09888
04096
01890
01889
03437
02520
01868
06942
09710
00969
07574
03979
02899
02888
08600
03310
02003
08177
00826
01575
07301
05879
05878
01695
01696
00012
13012
07460
03470
14540
03100
02884
00554
02860
06960
02959
03106
03110
03529
03685
02078
03621
07040
00925
00859
05846
05847
00123
01998
01997
01999
10773
06180
03630
00791
03572
01338
01091
02502
00765
00013
00817
01693
02501
01814
02500
11755
02805
15551
15552
07112
10012
03969
06975
02039
02036
02037
02040
00820
03431
00566
07461
01886
01912
02003
00382
00627
03147
04751
07175
01744
00640
08369
04069
03427
01154
01154
07089
02015
02013
02016
03655
00111
01938
01491
00382
02437
08641
01875
03624
04567
12410
09157
07166
03925
03438
08384
01929
01000
01925
03588
02563
03589
03531
07738
05896
06024
06178
07007
00945
00655
06871
02230
02230
06042
02020
02018
03813
02016
02015
02013
07321
00194
07321
14138
03823
02913
03073
02601
02867
02346
07133
07458
01915
07010
00005
02586
02590
02589
02588
03801
01951
07402
12960
01486
02003
01808
00615
02647
00382
02412
02411
02410
02409
02408
02388
02387
02422
02407
03407
04061
12452
00978
02406
02397
02396
03412
03408
03411
03410
02392
02392
02405
02400
02401
02421
01776
03816
02355
06187
02343
13922
04024
13920
13919
00147
03088
03091
06958
00075
03581
07053
07402
06937
00303
01599
00606
14083
06714
01486
09740
03218
07444
01892
01866
03101
00919
03648
03785
04029
04031
00991
06925
14260
01883
11145
05592
01950
01937
11068
11754
03525
03798
00760
04075
02003
02231
02227
02232
05895
02189
05936
01845
01698
02304
02492
14205
02003
08963
03088
03088
01442
06895
03413
00995
06987
02034
15584
15585
15586
15587
10824
03149
03150
00788
11752
00793
14652
00794
03524
03523
03521
03522
03303
03427
01154
01153
01808
05878
05879
02029
03043
03046
07590
02950
02992
02355
02358
14445
07095
02071
02072
02073
00768
01912
02768
02769
02770
03284
00703
00975
00975
00688
07058
07058
01681
06959
07736
01915
01915
01939
01956
01955
02652
02669
02654
00763
07566
01808
02108
02110
02109
02113
02111
02115
02112
02114
00012
00963
00067
00973
01790
03152
03308
02034
03809
02015
02013
02016
03671
00878
00788
00941
08681
06215
03088
02945
03527
04487
01872
07447
07082
08303
03547
07043
06888
12267
05895
02007
02015
02013
02016
02230
02863
02864
02935
01881
13940
00796
01495
01034
01029
07043
07173
01624
02279
02283
14445
12527
01464
00926
01751
09817
09816
03738
00615
00615
00627
00382
00111
07053
01091
03710
00111
00864
02337
00850
00873
00789
08303
07456
01494
04487
03151
03665
04485
03550
03551
07568
00773
03210
06871
03628
02493
02356
03625
02529
03800
02029
04486
02237
09773
09013
13038
07138
00053
01649
01649
01703
01704
00052
01687
01652
00761
07010
04069
00656
00656
04069
00656
00940
07137
03407
03408
06131
01915
00303
01752
01752
07088
01626
00266
03306
07220
02003
00584
14083
02836
03070
05808
06131
03150
01012
00831
06207
02996
02871
06173
02879
03040
02986
02948
03703
02019
02003
15342
01524
03530
06409
03723
01056
00948
04042
06412
01924
13292
07001
02003
02191
02188
03394
06042
02224
02013
02015
02016
08987
02029
07089
03556
03412
03411
03413
02528
00609
00610
01465
01591
00762
05520
01620
01952
01588
01923
00764
01933
11175
00602
01945
00286
05349
03789
01153
01154
03427
02003
02897
04759
04758
06923
06966
13653
02003
07552
00283
00282
00605
02437
03407
03413
01265
06949
13482
13481
03320
01126
14138
03556
06911
01738
01734
02015
02013
02016
00057
02003
01421
01921
01887
01770
01775
00615
00615
07078
04029
01649
00261
01462
03823
01999
07300
13963
06153
02068
02069
00899
00651
01740
01665
03424
06133
07240
07240
00175
00174
03657
04072
01912
01689
03575
00826
03657
03322
01999
03183
01919
13993
03630
03407
03413
07042
03584
04096
03168
01419
03667
02967
02357
09903
02838
09748
02600
02519
02834
11753
02956
00962
03466
14441
09769
01756
01647
00179
00180
08591
00931
01873
03977
01356
01817
01609
00766
01657
11927
03704
00675
03654
06287
03438
06975
03480
00334
01653
01652
00243
00954
03655
06949
06941
03500
06973
00604
01462
04066
00942
06180
09772
06997
01876
07560
00759
07462
03074
03072
03978
01338
03544
01358
03545
01996
01995
07112
07112
07402
02437
01919
01919
00783
04083
00705
01999
01997
01998
01995
01996
01524
00937
01524
02003
03688
01754
03734
07636
06967
03086
03737
03310
00259
06950
01810
00005
03695
15987
15633
01803
00927
00134
05311
03092
00384
02420
02419
02418
03413
02417
02416
02557
02556
02390
02389
03324
01880
02835
03703
03704
04758
03701
03702
03797
09811
09812
13954
03763
11749
00981
00806
01867
01736
00800
01735
02057
02057
07335
00375
00868
03565
01012
09117
02503
09761
02687
04031
04029
01738
03686
04043
03687
03705
06199
06199
03975
00891
00014
03284
04069
00767
00278
03517
02018
02020
07219
02952
02518
01265
03076
02876
02907
02988
02881
02933
02994
02954
02931
02895
02874
02961
02904
02878
02982
02890
02886
02892
02926
02906
02946
03091
06962
00382
00627
02781
02440
01951
07006
03439
06209
00872
01733
00003
00928
01703
01704
00566
03657
02313
02338
03629
02470
02469
02773
01783
02774
02588
02016
02015
02013
02034
06001
00790
03320
04751
04751
01628
02594
02594
02586
02590
02589
02588
00812
01938
04041
03556
01972
02435
02434
00989
01611
00797
13747
14083
14083
14083
01547
07646
07667
07813
01673
03601
03602
13789
06442
00858
03402
03631
13292
07391
02551
00012
01755
01940
00145
00620
00930
03216
01677
01678
00832
03639
03637
00600
07478
02007
00865
02647
00768
05919
03088
01999
00077
03798
04078
04077
06158
01926
02340
02968
03596
01599
05878
03744
01091
01869
07139
06168
03555
12573
03664
01586
10206
04079
00880
00111
01624
01153
03427
03969
12339
06133
00928
00215
01714
00133
02233
03215
04095
02011
02012
13653
01623
13653
14155
01421
03671
07260
03320
03409
00852
10947
01104
07030
00949
03803
09698
03976
00548
00548
00845
02004
00805
07658
00030
02414
04477
06023
02049
02050
02004
01958
04516
02056
02049
02050
02051
01535
02824
07105
00939
02782
02783
02783
07126
03856
04517
01664
02619
00598
00548
03406
03406
03406
00575
01759
03177
02005
02004
02433
02035
02033
02035
02566
01439
01439
06147
06147
07464
07343
06147
02035
02033
06897
06196
04488
03711
03316
07052
02009
03700
06179
06147
06147
07027
01854
01439
09815
03711
00854
02443
07668
01262
01409
01784
11069
11071
11072
10254
03406
06897
02823
01409
02004
07250
02428
03436
00882
01580
00700
01619
02004
00088
09118
01515
03404
03405
07213
11261
00197
00244
03518
06147
06147
00230
00567
06902
01535
01480
05020
03498
03499
03499
11312
01104
00441
07027
07258
09138
06928
06147
06864
07273
07098
02653
01835
03406
03406
03406
00548
00666
15986
02238
03469
07816
00027
00385
02443
01759
06877
02241
00929
11189
03406
00575
03768
00059
02371
03499
03498
05833
05832
01989
07584
04750
01784
09787
03929
03617
03613
03612
03614
03615
03769
02049
02050
02051
07192
07009
02120
02118
02117
02122
02124
02123
02119
19736
01243
02004
01081
04763
01507
09138
05832
02591
00059
06898
09121
02004
00059
00575
09749
03090
11189
08483
09762
04477
00548
01470
02004
03409
03830
02004
04720
02190
02004
00772
10797
10563
09121
07079
07079
07052
07729
07729
00088
01934
01478
06346
14761
02033
00058
02587
02591
07729
03698
03406
01006
07315
10112
01470
03294
22010
22015
02004
05020
10947
00058
03406
03406
02004
02499
09685
02004
03399
02110
02358
10041
10039
14232
14230
10040
02017
10831
02051
02017
05846
16785
00008
05845
02035
10823
14084
01179
16264
15583
14225
00974
14233
14236
14224
00290
01989
02027
16786
16787
03616
16785
17828
02038
02032
03429
16651
11991
03191
00198
16899
16950
16951
16786
16787
02006
02008
02030
02030
02030
02028
00951
08986
00335
16785
16786
16787
14226
15023
02006
16927
16926
02008
10797
02003
14231
14231
00196
16898
11070
02028
01977
01977
01977
01977
01977
01990
01990
02029
02030
02029
02030
01537
01990
01990
01992
01992
01992
01992
01992
01992
14238
01990
14237
14237
05833
01990
01990
01990
14223
14219
01992
14225
00096
00531
04480
15024
02028
02028
02029
02028
01537
14218
14218
14229
02030
02030
14236
14236
14223
14227
14227
14230
14230
14237
14225
01990
01990
01990
01990
01990
01990
01990
01990
01990
01990
01992
01990
07576
17686
01992
01992
01992
01992
01992
01992
01992
01992
01992
01992
01992
05601
00284
07469
03292
01985
01985
01985
01985
01985
01985
07469
07469
17763
12574
02226
01658
11928
19165
06972
07979
17762
06378
17758
17759
00128
04757
00537
01791
17752
02027
07814
02031
02032
14940
14940
01980
01980
01980
01980
01980
07814
02614
14232
14219
14233
14234
14234
14228
14237
14235
14232
14221
14221
14221
14224
14224
14220
14220
14222
14218
14219
14225
14230
14228
07045
01046
05799
07814
14219
14229
14229
14229
14233
14234
14228
14228
14228
00104
03719
21449
18234
18120
18331
20534
02650
02033
01129
00864
00548
07814
02652
02653
00688
03408
03615
11261
03406
07133
06147
00548
02004
02003
01624
03800
00864
01624
01619
01619
01619
03406
01619
00854
02346
02346
13954
03406
03406
03406
01599
00059
07133
03406
03406
04077
00864
00059
03657
03408
09825
00684
03406
03406
00548
07126
03406
07079
00059
13038
03408
03412
03406
07979
03060
03406
04759
00899
11189
00548
01624
00615
00615
00615
00864
00864
03800
00627
06147
06147
01104
14083
03406
03406
00627
13542
01077
07219
03406
07533
16927
07566
01442
10797
00077
03320
11189
03710
09962
01990
13653
00784
03406
10254
06889
18430
18431
18429
17992
18332
03742
07483
04749
04749
06384
18707
18682
18672
07012
05366
09693
06147
04940
03790
06147
03496
03497
03111
03205
03502
07473
03111
03497
03496
05881
07483
07483
07483
07483
07483
07483
19055
02315
00335
01699
18979
03719
02663
03526
07816
03429
00986
19088
09951
19158
19090
01710
05881
07452
19091
19075
19267
19286
01990
19302
12952
19271
04771
19294
19302
19350
06881
07216
07216
07216
19689
07315
19689
15777
21672
14731
19242
11751
12132
20074
20116
20117
20118
21636
21636
20491
20461
20460
20459
20488
20487
20491
20488
20444
20461
20460
00525
21084
21088
20487
20490
20490
20492
20492
02081
13004
20962
00821
00821
00821
21022
03413
21022
13730
03546
03465
03676
00560
01520
00558
00558
01520
03553
01493
02316
00558
06223
00558
06223
02315
06223
00558
02314
02335
07005
08316
02031
05710
21417
21417
21405
21416
21416
21417
21416
21405
21417
21416
21417
21416
21401
21405
21471
21471
08640
21471
01420
21600
21701
21600
10914
21935
21910
22015
03741
22044
21993
21903
00015
22024
03595
09022
22132
03892
03892
03547
01585
01551
05592
01551
22373
22431
22432
22430
22465
22465