09761
02074
09811
01704
10773
03774
05714
00329
00356
03747
02116
03559
03088
03926
07075
07088
01653
06193
03665
02227
03565
02593
02595
03803
07323
02192
02570
02571
02686
02963
02494
06140
06199
03925
03558
06138
03745
00407
03075
03612
02403
00988
02039
07391
14682
09903
09862
06177
03525
09861
03154
09921
09922
09930
02204
00598
01061
00528
00748
01841
05962
00864
01776
01866
01881
00677
00566
09136
00826
01872
00274
01626
00099
00981
00806
01265
00990
00273
00135
00252
01075
00252
00249
09461
01426
01834
00057
01012
01698
01092
00855
00615
00134
00927
00873
00128
01923
01414
01142
00097
01262
01945
00228
00554
01255
01873
03738
01607
01138
00428
00446
01617
00796
00446
03431
01803
01821
01790
00973
00067
01710
00833
00652
10216
00001
02554
05713
01935
00077
00963
01972
00674
01439
04487
04487
00640
01092
08282
00797
01069
01356
01338
01358
00767
01733
00003
00822
00962
01073
00208
01495
01689
01627
01937
00311
01952
01007
00626
01940
01740
00684
01487
00966
00012
00311
01915
00135
00074
00344
01075
00632
01640
00666
00253
00058
00376
00928
01737
00507
00791
01933
00970
00950
00606
01918
01256
00053
01649
00931
01784
01908
00001
00600
00560
00287
01494
01512
00344
00029
00147
01633
01409
01759
01876
00930
01953
01586
00786
00786
00786
00066
00786
01953
01953
01791
08252
00574
07304
01609
00766
01091
01783
01120
01523
01496
01814
01693
00817
08963
01628
00042
00042
01069
01784
00102
01912
01845
00788
01669
01465
00286
00523
01649
05936
06042
05934
01299
01613
00768
00786
00612
01784
00786
01711
00786
02377
00969
01462
05962
02377
01246
07518
00820
00625
00925
01735
00891
01586
01591
00762
01142
00760
01759
00075
01867
01759
00548
01433
01920
01919
00761
01485
01075
00432
00459
01092
01975
01077
05962
00059
00145
00786
00285
01775
01139
03185
01179
08252
00799
01724
01210
00845
00786
01053
01551
01426
01912
01738
01895
00450
01821
01617
00446
00481
00077
00141
01007
00384
01075
01607
01951
10221
00020
00428
05962
00215
00858
01772
00568
00077
01759
01091
02904
03608
03187
02907
02113
03575
09781
01993
02672
02673
03637
06857
05773
07665
07787
01962
09773
02567
06942
09792
09165
09780
09774
03841
02421
02014
09975
02358
10094
01652
07058
03979
02337
03657
02340
02316
02276
03654
03772
01658
01657
01902
02501
03806
02668
01118
03046
00127
09786
09812
08303
08998
03217
02388
02387
02386
02398
02399
02483
02871
07397
07019
07147
03831
07667
07738
03676
03071
02169
03750
03088
07114
07102
05540
02860
02884
07091
09915
02572
03781
09919
03183
09748
01515
01740
00616
00912
00979
00939
00681
00355
01885
01081
05962
05962
01810
03439
00799
01647
00164
00658
00382
00208
00088
01951
00355
00943
00832
10220
03415
03561
07004
08224
06916
03753
03635
07082
02046
03702
03703
02065
02067
07003
06142
02357
07080
05520
07303
07003
01457
03088
01995
01996
06941
03496
02109
02058
02483
07064
02609
03530
01997
07566
03798
00341
00436
04760
03613
03617
01998
03406
01061
03498
01652
03088
09768
10563
09889
03787
03215
02553
01448
00404
09771
02482
09926
09937
09928
09888
09989
09929
09941
10004
09747
08309
10001
09800
10002
10003
00648
03711
03711
09749
03181
02291
08303
02291
00794
01153
03578
07649
03694
04077
00525
06938
03427
01154
03546
03821
03407
00655
03821
03407
00180
02338
02470
03169
07258
03656
03672
03547
04084
06024
05896
07053
00128
03704
03306
07115
07107
02014
02674
02671
02655
06985
07007
03564
07175
03776
07182
02012
07402
02056
02057
02057
02007
02008
02030
01991
07003
04033
05799
02030
02029
02029
02028
07340
02048
03839
07507
07343
03919
02454
02471
03832
03559
03559
07799
07789
03610
03182
01673
02346
01159
03562
06147
03793
03612
03614
03616
03406
06442
02077
00995
07000
00558
06168
07323
07001
04075
02502
07238
03599
00325
03749
03087
02401
03406
08082
01247
01104
01091
00645
00059
00278
00384
03100
00997
01207
00995
01008
01079
01626
00991
01770
00951
00937
00666
00700
05343
01919
00700
00975
01236
00845
00703
00786
00612
01430
03149
08218
04066
03500
07090
03650
02914
09810
02110
01561
05973
01462
00604
00799
01241
00826
01686
00824
00077
00128
01560
00135
00074
01912
00632
00459
00675
00558
00799
00640
01887
00805
00390
01424
01744
00384
05962
01782
01740
00433
01754
00946
05962
05951
01802
00640
04487
05962
01251
00789
01778
01578
01687
00383
00655
00981
10804
09710
05805
03607
02406
06603
02407
02422
02423
04061
02409
02410
02411
02414
02415
02416
02417
02418
02420
02396
02394
02391
02390
10219
03088
04101
04755
02406
04101
08195
07552
03406
02670
07395
03088
06186
03631
03705
08972
03286
02518
06910
00957
09801
03744
09760
02233
03596
02573
09932
02591
02586
00772
07320
02342
08307
03775
00537
07180
02010
02006
03606
09456
03797
03741
04077
02049
01676
04100
07088
07223
07088
02230
04750
03671
02412
02395
00111
08311
07711
07646
03216
07025
01807
01624
06999
03924
03771
02339
07644
00123
07058
02305
04748
08304
02004
03406
02014
09125
06911
01999
03406
03566
03497
03642
02034
07001
02040
07112
06920
07090
03455
00297
04759
07043
06143
06923
07741
02066
07122
02004
09913
03717
05794
07287
01996
06137
09007
03744
02069
01420
03411
02556
02557
09806
01879
01878
01429
09954
03413
03414
03559
07039
08994
03664
03598
03474
02952
02948
04083
06190
06886
07507
02014
03733
09767
09701
10026
02406
06023
03092
06969
03517
03820
00029
02687
03587
01892
02343
02496
00324
03821
02621
02876
03406
02527
03413
06076
08984
02597
02596
03592
03568
03832
03594
02568
03832
06940
06929
02897
04754
03589
02656
02498
09005
02557
06891
03630
00782
06925
03634
03624
03614
02402
03408
06940
02033
02034
03639
06287
03284
02066
03521
09934
02017
01696
00790
00765
00013
01596
00018
01759
01886
00573
01525
00655
00901
01465
01928
01929
01000
01925
01924
01921
01756
00773
00940
01939
00574
00786
00285
01755
01595
01749
01719
01126
00101
00023
00023
00074
01897
01736
00052
00133
01817
00764
09970
09971
02909
02967
02902
02916
00942
01607
00989
03439
00641
01599
00797
09858
09933
09808
00948
00919
01507
00384
01875
00382
00627
09959
06958
03406
03646
03560
04762
00956
02483
06861
03743
03613
03617
02592
02587
06915
03559
02075
02569
07663
06217
03270
06041
02653
02454
02065
07262
02003
07460
07056
03666
00362
00412
00413
05833
02483
07390
08083
00104
00324
07001
05788
06194
03924
02405
01995
03704
07127
00411
02437
00405
00406
08365
04751
00339
03616
03413
03406
03406
06175
05541
00242
03695
06867
04773
03088
02003
03769
07659
02351
00425
02003
02170
02169
00179
07141
07126
03839
04562
08296
01997
07114
02031
02032
01995
01998
00705
06044
09969
02419
09791
00831
00817
00800
00012
01868
00573
01714
01637
01520
05301
00031
00031
00459
01638
01816
01483
01477
01259
00457
01662
00795
03527
03101
01207
01870
01069
01759
08685
01270
00432
00428
00528
01210
00605
01768
00982
00557
00014
00859
01915
03665
03218
00372
00411
02493
02523
03671
01703
01695
01963
03269
03768
03767
01883
02469
01889
02844
02335
08301
02548
06222
00266
05366
07259
02821
06282
03605
07157
02010
03582
03583
03800
02199
02342
03060
04773
03536
02492
02622
02355
01589
00343
00161
03770
06980
02341
08300
06131
07302
06183
03799
03501
02108
02111
02115
03183
07636
02434
02433
02435
00303
07645
03657
03673
03412
07107
00381
03724
06445
00974
02806
01095
04565
02588
02517
02517
07336
02567
07588
01965
07054
01679
03814
02314
03981
03478
01056
03386
03387
03469
02160
03438
02563
02535
03325
04078
02986
03088
07165
03734
07002
07234
07814
09117
02825
00609
00123
01428
02227
02225
02224
02013
02231
03274
02843
02841
06941
10800
02867
04485
03750
03688
06134
03070
02600
03667
03179
02482
03424
03685
04069
03549
02601
04088
03736
04087
02355
02864
02863
01419
02672
02671
02652
02676
02556
02667
02670
02669
02078
02487
06596
00647
02500
08305
00363
00362
00798
02503
11209
10799
10680
02037
02038
02654
02662
02664
02665
02666
02655
02674
07058
03885
05714
02342
06177
02342
03643
03593
03106
03522
06986
03092
08995
10126
03522
03521
02837
03569
07001
08995
02835
07216
07090
06139
06871
02040
08995
02004
06886
02014
09801
07577
07114
02838
07447
03177
06173
00239
02970
02585
03561
01768
02453
02005
03074
03977
01989
05832
06968
05820
07501
02400
02404
01999
06136
06147
02055
06872
02067
02047
02048
01999
03415
07086
03710
03722
09181
06917
03723
06990
07137
02356
03701
04096
03406
07657
05515
02033
07239
03561
03832
02613
03406
03406
07213
07056
06959
06894
03495
03455
03455
03615
02238
06147
07006
02035
03585
01999
01997
03316
03641
03615
06213
01147
02004
03147
03072
02575
04079
06940
02004
02313
07402
04761
01997
01998
05837
01996
00819
02584
03118
02342
03628
10125
00575
00575
06207
03529
02670
02485
04755
04044
04082
04488
03630
06952
03555
03413
02031
02032
03564
03327
03544
02456
02456
02453
02454
02455
02456
07093
07734
07032
07814
03522
01999
01995
01998
02358
02519
02114
02112
03795
07722
03809
02004
02004
02481
03321
03496
03839
02483
00124
02392
07240
06911
03809
07689
06911
02014
03521
03522
04751
03320
02014
06992
01996
01995
01998
01997
01999
06996
04561
03499
07667
02448
07168
07218
03500
02968
06281
03620
04653
03619
03618
04651
04652
04656
04653
04654
04655
01998
01997
01420
03282
02012
02011
03735
05772
02014
02018
02020
02019
02018
02020
07290
02014
05595
03719
02200
02200
02198
02197
02196
02195
02194
03776
02569
02568
02574
02570
02658
02659
02660
07735
09131
02221
06997
07444
02379
03752
03753
08973
03188
02051
02049
02050
02232
02016
03795
02188
02189
02015
02014
02848
09691
09690
00783
06287
02483
03566
04046
06147
07090
01129
02044
07814
06995
03823
07032
07486
01999
01999
01997
01998
01995
01996
07552
04752
07275
06158
03734
07216
06966
07007
03320
03741
00537
02939
09458
10764
03640
09939
03686
05799
03086
03437
03588
03110
03554
03498
04078
04744
06966
03746
06077
05808
02996
03572
03466
00793
09158
03687
04043
03980
02945
08289
03551
05592
02520
07018
11250
07646
02836
03590
00648
11189
03186
06179
02011
03412
10806
01653
03189
03789
02965
01903
03521
01996
01997
04077
03797
01588
01869
04763
08591
07043
01991
03089
07152
02259
02258
02274
03117
03116
01990
02650
06950
02597
06911
03611
02051
03701
02986
02919
02518
03076
02988
02961
02982
02890
02926
02906
02946
03073
01996
01999
01998
01997
01995
02657
10979
04100
03621
02911
07675
08084
02189
03975
03719
03584
02899
02408
05589
02959
03586
06195
02954
02834
07568
10943
06180
06181
02935
02892
02956
01447
02994
02950
02879
07042
09966
05799
06187
03190
03786
02528
07560
07708
03499
02045
02036
00340
07160
06985
03690
03570
03571
06899
06995
03559
03594
06204
02614
02610
02611
02612
02931
02933
03566
03496
06938
08303
02275
00484
01674
02886
03602
02874
03111
06202
02413
02397
02990
02878
03704
02887
03581
02389
03600
06204
03644
02393
03043
00954
02895
02888
04764
03557
02881
02536
01652
02653
03625
00331
00332
00333
00334
00338
03531
00426
09694
09695
03040
07638
00163
01956
01955
02427
00330
05813
04567
06153
03601
03550
00426
00337
00336
00335
06182
06178
00342
03407
04564
00425
07462
06949
01681
01682
01644
00241
00240
02065
02066
05807
03210
07478
03594
02275
03424
03595
02663
03885
03470
02372
08295
03813
06189
10125
07277
05524
05712
07641
03801
05810
03545
03609
02193
03408
03655
03273
00331
03553
02558
03271
02992
02067
03978
10126
07712
09159
03636
07040
03597
03803
05527
04065
04065
00906
10763
03746
07506
11688
06048
10217
01890
01907
11942
00626
01847
04090
04042
04090
12340
11473
11754
11749
11900
11711
11712
11902
01950
11927
12262
01894
00821
01874
10942
11065
07458
01448
11085
11085
11175
00427
08483
02617
02078
00303
07715
03472
00856
11312
03719
02805
03561
11689
11902
11472
11896
11896
07516
01821
00647
11903
11707
11710
13069
01126
00620
05597
11898
11904
11890
00602
11927
12410
15778
07305
01491
13292
01968
01897
11897
07788
11719
11901
11892
11907
11892
11891
11901
11897
11891
11906
11753
11752
11903
00595
11903
03524
00626
11895
11895
11893
11893
11527
02303
02303
11900
11906
11717
11720
11708
11709
02474
06013
05685
13819
13590
00626
13038
13288
13926
07246
13482
01961
05939
08309
12339
01822
12573
03574
00529
13628
09459
14058
03342
12508
06879
15511
00281
18366
02203
02014
13007
13888
01187
00121
03782
13643
01792
00024
10778
13481
18138
13821
14218
14218
13660
16090
13663
13953
01090
01977
01977
01977
01977
07343
14232
03088
14393
14233
14225
14228
14228
14162
14232
01070
13635
04719
13634
00265
13662
13657
13659
13771
13626
03394
00632
13766
00941
14160
14230
01584
14229
14218
14220
14220
14228
14335
14233
14236
14287
02017
14260
07169
14221
14221
07003
14232
14228
00974
14234
10914
14219
14225
14393
14155
14237
14237
14219
14233
14233
14230
14224
14224
14225
14225
00721
14231
03168
02533
14235
00941
04517
14267
14234
14170
14441
01966
01524
04085
18363
18362
14219
14229
14237
14218
14218
14218
14218
14237
14227
14227
14227
14227
10218
14222
14161
15546
14228
14228
04110
01011
14223
01980
01980
01980
01980
14219
07216
14230
01458
14540
14742
15054
14226
13670
14652
04772
04771
12995
01969
18928
00146
15512
03321
15229
15513
06020
18366
18365
14761
09017
03324
12543
15514
15408
15724
02428
15634
15762
15738
10747
15539
00114
01692
15790
01692
01800
01692
15461
15577
15578
08086
02594
02226
14415
15228
15866
12542
08679
15977
12541
00122
03320
16011
07798
15977
16135
01897
16092
16088
16088
15726
16147
16090
16137
16137
01996
03320
05772
16242
16242
16243
07165
16243
16245
16249
07038
16165
01801
16244
16246
16244
16264
16514
02019
16245
16246
16249
03699
16322
01156
18224
18223
16171
11959
11960
11961
11959
11962
02847
11963
02003
16915
18361
11991
14393
17713
02003
13485
17226
17226
17227
14234
16922
11209
02484
08738
08738
08738
17247
17103
07576
01990
01990
01992
01992
17686
16165
17686
03672
01533
17865
19745
00254
07263
10217
07263
08678
17760
17733
18139
18138
06281
18005
03585
18007
18006
21430
14578
14581
18243
18242
18118
00138
18225
18366
22270
21345
00647
18364
18365
18365
18364
18226
11904
18480
18480
05521
02913
18691
18850
18902
18893
18829
18778
18954
13040
07278
10747
18930
01971
18901
18929
18903
07484
03526
18979
13993
19158
08678
07317
19159
07448
19221
01066
19416
01992
19342
19431
04771
04771
19302
19339
19338
19340
19341
19641
19661
19577
00799
19713
12960
00992
07666
19784
06131
15777
08992
19804
22209
09796
20035
20035
20036
20074
12132
12132
20074
20074
12132
12132
20431
20444
20429
15035
20534
11529
01214
20937
20936
21053
21071
21029
00821
22083
21344
21417
21416
21417
11690
21405
21405
21405
21420
21405
21470
21555
21498
21563
21563
21694
21801
21929
21929
03892
15576
22132
22081
22082
02257
03469
22405
00611
22348
11206
22452
22491