12132
22349
01006
19224
00648
09458
06372
06998
22278
18929
19302
19689
01101
04771
18673
07304
18939
18682
00290
01835
03498
03698
07533
10823
02035
02033
02049
02050
01989
05832
05833
03299
00059
00088
07258
09685
02499
07114
07533
03708
09698
00564
00939
00949
07030
00059
09787
07533
00974
03886
04517
00805
00805
01823
06313
07052
05337
00058
09763
07258
03783
04763
03711
01515
06889
07069
07117
00784
00033
01966
07588
01847
01847
00929
02193
02200
02248
02246
02245
02244
02243
00845
00016
01934
02076
13300
01489
01619
02238
06948
01243
15582
15583
10823
16509
07816
03455
09764
03177
02056
00059
01479
02549
01785
07025
03436
00882
03713
09976
06196
04763
03342
01259
00666
07343
16899
16786
16787
03593
15976
02799
02800
02798
09167
08981
03095
01409
07052
00016
02004
02005
02004
04652
01759
03855
08969
00666
00666
03153
13280
00059
01989
04518
00366
02004
02005
00619
03469
03294
15599
01424
07034
08152
07098
00230
01719
03294
06325
03768
03649
01466
07094
00294
02433
06994
06994
02342
00595
02303
04720
02030
06147
06147
02342
07182
11617
11618
03294
04073
00380
02030
00135
02030
00135
03518
03325
00058
01760
00548
00058
00274
09705
00652
01081
04073
03784
06377
06976
01607
00852
03299
02030
06902
09155
01537
01759
03574
09684
00033
03299
00851
14952
06421
01474
02342
06889
02636
00567
03855
10439
02004
02004
07032
02049
02050
08314
03499
03499
03294
07052
11189
08483
00841
07098
05822
03499
02371
04750
09815
04750
02051
02050
01941
01607
04073
00055
07305
01092
01958
02274
02862
07177
01992
13953
07120
04655
04652
06281
06282
08724
02824
02823
01537
01119
00639
03469
03469
16168
16167
02274
06877
03700
02086
07192
00852
10440
10439
07027
02055
07586
11085
09825
08097
01791
19563
02030
02028
09022
15555
03483
17716
00951
00265
00265
18814
17228
02028
14218
14218
14218
14218
01897
01977
01977
01977
01977
01977
01977
01977
01977
01977
01977
01977
01977
17217
17074
07308
01992
17103
17103
17316
01992
02029
02030
01990
01990
01992
14229
14229
14229
14229
14229
01992
14219
14219
14219
16838
09773
01638
03517
00767
00278
04487
14393
03893
06330
01449
02083
07127
03704
01666
01821
16244
16242
03322
06941
16264
00381
00259
03092
02029
05772
01696
06950
00826
03321
06131
02424
10009
10010
05820
07152
02020
02018
06405
00428
01551
03823
00286
02073
02071
02072
02073
07727
01620
07090
00656
04069
03217
11752
06917
01695
01696
01817
01609
00766
01657
08221
05592
10979
01778
00794
14652
00793
06406
06407
03657
00978
10716
03320
01223
07727
00432
00686
09940
06153
03327
13993
03797
03327
10824
15587
15586
15585
15584
00372
00362
02575
00362
00363
01007
13979
05825
08679
07862
06996
00891
03785
00014
00014
06199
06199
02837
03093
11473
02647
03303
00782
03734
10974
01915
01821
02478
08177
00412
11102
00675
07396
07118
06131
01821
01779
03523
00172
00169
03521
03522
00313
02003
02003
03893
01620
03923
09768
01449
01740
03320
04751
10716
01810
09779
10907
14155
06347
06348
01255
09775
03885
03885
00872
01733
00003
03644
07090
06871
01246
09962
03088
07734
02003
08223
15973
03284
05823
01462
00161
00162
00627
00382
07118
00355
07704
06200
00364
07071
04072
07089
07224
16301
07243
13653
02068
02069
01666
00496
06714
01438
01034
07137
07152
06207
07175
03588
02259
02275
02276
08976
00954
07001
07040
02911
00077
09967
09967
01012
13771
05916
06920
01737
10026
01495
09798
08289
11686
13542
02304
00928
00931
04654
04653
04656
04651
03620
03118
03116
01754
11068
00655
05795
01821
15738
06950
01938
00651
03925
03438
08384
01928
01000
01925
03588
02563
00075
03589
03590
03531
06383
03091
03091
05810
06997
09772
02221
04074
01870
03101
06180
02825
00609
01465
01956
01955
01591
00762
09777
00942
03060
00147
09706
01443
03710
15866
01754
01687
09913
03657
04759
04758
03704
09775
06429
16169
03816
02275
01299
04561
07444
06327
07502
05601
02034
05366
10773
09771
06901
08482
02529
06726
03070
02836
07240
07240
03466
00067
01790
00973
12990
12990
01448
17317
17315
10441
02054
02053
00797
01841
03565
06428
07038
03575
10780
06422
01845
08713
03564
00873
03216
07180
08221
00390
00860
09786
01999
01997
01998
01996
00372
02575
07696
03306
07220
06180
03611
01308
16264
01534
01995
03817
04758
04759
09682
00831
02503
02034
01599
01772
00231
01421
03800
06296
06297
13955
03311
02250
03100
01999
01995
01996
01997
01998
00648
00259
01775
06886
03523
16785
16786
16787
16927
01953
01953
16898
06304
06303
06302
06300
06299
07148
01953
09767
00243
03639
07322
03750
03753
00145
00620
00930
01956
01955
00611
03695
06301
02887
02916
02520
01868
07738
00134
00859
07636
01990
16137
07124
01869
03385
15876
02198
07139
16188
01953
00789
01610
07173
08998
01673
02909
03628
00790
01624
02490
01937
11942
00074
06131
01887
00797
01821
06885
06314
16869
06305
03636
03750
00024
00031
01647
07113
00873
00850
01962
01963
02337
00259
01755
01940
03638
00925
11065
12511
12510
02283
02282
02278
02651
09005
16937
02372
03569
06283
06714
08368
02182
00313
03522
08298
08297
06386
09014
11717
09015
09013
02073
02072
02071
01740
07476
02437
07516
00318
02013
02015
02015
02016
05837
07219
05773
16937
01118
03320
01990
00963
03980
00849
13993
01809
00847
01990
04773
00858
01895
03151
04487
04486
01153
02986
01866
01895
04766
04768
02529
13853
01924
03466
03439
01975
01738
00824
07007
06381
00790
06425
00343
00342
00341
00340
00339
00338
00337
00333
00332
00331
00330
01624
00850
02114
02112
02115
02111
02113
02109
02110
02108
14647
00761
00600
01808
07566
06387
02493
02835
07306
01911
01661
02551
02548
00688
00703
00975
00975
07507
00648
00140
02073
02072
03752
02380
00123
00123
02379
01433
07674
07218
06969
06182
01999
00116
03311
03738
03636
14205
13993
07407
02018
02020
03636
03753
07306
11733
03664
12573
00240
00239
01678
01677
03319
11614
03704
11733
01744
07791
07717
07719
02525
02526
00874
01815
01625
02879
16785
06173
02871
02996
09136
01448
06294
06349
01476
03088
03431
00820
00009
06213
01921
01929
05592
00997
01775
07723
06959
06925
03789
06158
03637
01926
04078
04077
00060
02526
03521
03522
03787
03924
01951
06901
03480
01588
01589
01756
01923
01952
01952
01952
00764
01933
11175
00602
01945
01486
03657
01972
01637
02435
02434
07697
00763
03215
07090
11068
07093
03734
03284
11621
07241
05895
06042
02188
03394
05936
02189
02224
02232
00768
02231
02233
02227
16651
01273
00077
03320
11103
11692
11619
11622
03282
09457
01512
01265
07058
01534
07300
07141
01676
01247
07137
02003
06901
02529
02429
00865
02647
02029
03829
03703
03744
06872
07642
01935
07697
11616
10974
00926
02781
11476
06911
00012
06425
05847
07691
02405
04562
02404
02400
02401
02421
02420
02419
02418
02413
02412
02411
02410
02409
02408
02388
02387
02422
02397
02396
02398
02406
02407
02392
05964
01643
01644
01646
01910
00783
01939
02939
02963
02990
06942
07150
03501
03495
03650
03217
03536
02914
03928
03075
01689
15633
01803
00927
00134
05311
03092
01358
11184
02313
02338
03629
02470
02469
06215
08681
01875
15519
15518
06306
11991
02343
09747
06187
06317
00943
02341
07461
07056
06284
01874
03424
05985
02528
06436
06423
00919
06412
04042
00948
02897
01056
03723
04769
07571
06382
00760
03798
03525
04083
01738
06958
00384
11755
02500
01814
02501
01693
00013
00765
02502
06019
13292
01448
08972
03701
03702
03928
14166
06370
06209
03979
06375
02899
02888
08301
06401
03609
03610
03571
07307
00796
01633
00950
04567
03696
04485
00991
01770
00640
01883
11145
03218
06962
03091
02913
03073
02601
02867
02863
02864
02935
03043
03046
07590
02950
02992
02355
02358
02946
02906
02926
02892
02886
02965
02890
02982
02878
02904
02961
02874
02895
02931
02954
02994
02933
02881
02988
02907
02876
03076
01265
02518
02919
02952
02948
03040
03413
03088
07727
00615
03570
03569
03630
06287
02662
02669
02652
11754
01873
06417
01845
01698
01749
02497
02492
07090
04486
01295
09458
13256
02071
02072
02073
15977
13038
04066
01462
00604
03500
06941
06949
01783
02902
01752
01752
03655
03621
00645
02078
03685
03529
03110
08989
10716
03106
02959
06960
02860
00554
02884
03100
14540
03470
01903
01902
04096
03168
04094
03733
01419
03667
03706
03969
01008
01042
06433
06432
01681
06431
06434
07107
07282
08591
02622
02621
02016
03839
00023
03821
04561
16918
16920
01893
00812
01579
01918
00606
03524
01734
00215
06973
03888
03887
00800
00817
06208
01735
01736
00940
03183
06285
03530
06398
00057
03977
05739
02945
00655
00945
01449
00384
00260
16511
06332
06333
06334
03654
03088
07651
07775
07399
06178
06374
06373
04564
06024
05896
02859
01586
06408
06407
06404
06403
03091
06379
00756
01839
07124
00286
04719
00036
02346
05606
09699
00167
00166
02392
09770
03408
03408
03407
03413
02417
02416
02390
02389
03412
02556
02557
07090
03781
04047
01449
00788
00941
00878
00615
01783
01808
02774
02774
02773
01992
01992
01992
00382
00263
01126
07699
06399
03631
03402
06442
01662
13789
03602
03601
01491
03625
01961
02160
06397
06396
06395
06394
06393
06392
06391
06390
09807
02195
02194
02198
02197
00406
02356
07001
03716
03800
00283
00282
00605
01153
01154
03427
01308
06408
02913
02039
02036
02038
02037
02040
08222
04564
09793
05967
09816
09817
01151
03527
06967
03086
09773
01880
03584
07042
07037
06438
09117
02970
03324
09761
02687
03686
04043
03687
03705
03596
06385
06012
02968
02340
02237
02239
09710
00969
07574
00014
07015
06371
01613
03091
03624
00876
08303
08303
07082
07447
01872
03581
00566
04487
07478
01876
01892
01448
07560
00759
07462
12257
06409
00773
07568
03551
03550
06318
01867
15580
15581
16511
06131
08602
06886
00858
06180
00208
02967
02357
09903
02838
00806
00981
00099
11749
01881
03763
09748
02600
07742
02519
02834
11753
02956
00962
06410
06411
00133
00928
01714
03466
03710
07335
02057
02057
00995
09769
06416
00174
00175
01468
01712
01745
09683
08196
07693
07778
10255
08982
08982
00965
16937
06296
03797
06153
09811
09812
06973
01990
01990
01990
01990
03654
03305
08602
03921
02768
02769
02770
06168
06328
03555
03572
03569
00791
03666
06413
03665
01915
01356
08369
00615
00425
00426
03413
04487
00140
01464
06016
11068
01652
01666
13747
03777
02003
04072
00656
04069
03969
02044
02041
02042
00615
00615
00850
02003
11737
07043
03639
04654
04651
03636
03738
02491
06999
07243
00995
00313
03521
03522
12507
03547
07095
01915
07088
00703
00975
02071
02072
02073
08317
01118
11636
11635
03833
08224
03320
01961
02160
01640
01028
01029
10810
03154
03149
15553
15554
00299
02013
01714
06193
00937
01524
00111
00864
09776
04079
00459
07443
03823
00375
08984
00390
16331
00958
00860
03424
01999
01997
01998
01995
01996
02598
01886
01430
01429
01428
03187
03188
03189
03190
00459
02829
02828
02827
02003
12410
07736
03088
09157
07166
10856
03704
01611
03688
06895
07259
06315
01142
02826
11102
01034
02048
02046
02047
02045
06296
06297
06295
01595
03707
15600
15598
00266
02275
00491
03147
07074
00382
00627
03978
01338
03544
03545
01704
01703
00052
01649
00053
01653
01652
07095
00989
01776
01994
00240
00239
00928
03703
03671
03522
03521
13767
13770
08989
07456
02347
09888
01890
01889
03437
06426
07391
13018
13015
00963
01812
02529
00041
01685
01625
00874
00615
00615
01992
01992
07260
07260
06890
02029
02028
17103
17216
14232
14232
14232
01897
17247
06298
08986
07307
04091
17228
14230
14230
14225
02029
02029
17462
02028
02028
17228
01992
03794
14218
01992
01992
01992
09762
03574
06023
07213
12263
11144
03346
10563
07658
00027
01990
06988
02200
01048
02051
02049
02050
09815
02446
00616
03048
00626
01480
00625
03635
03750
07219
02549
08680
02552
00700
00127
00124
03976
01258
03810
05966
02242
02240
07692
02851
05845
05846
06603
07652
07668
06346
01980
01980
01980
01980
01980
01980
01980
01980
01980
01980
01980
01980
12996
03475
02822
08234
03406
02414
00575
12555
02775
06286
03693
04767
01439
06183
03475
02822
02116
01990
01990
01990
01990
05592
00819
07570
13628
10112
00389
00065
00626
14227
14227
14227
04488
06857
15986
00276
01916
07105
04518
07584
06402
02236
02653
01719
01784
02030
03406
17076
07404
04091
03635
04076
02428
00241
02050
02051
02049
01424
13019
01104
01077
02025
01990
01990
02049
17472
14233
14237
14237
14237
14237
14237
14221
14221
14221
14221
14228
14228
02027
01985
01985
01985
01985
01985
01985
01985
01985
01985
01985
01985
01985
14228
14220
14220
14220
14220
17686
01739
17686
14228
14228
17675
17723
14228
14228
14228
14233
14233
14223
14223
14223
14223
14219
14219
14233
14219
10620
07979
07979
02226
06518
06518
06518
00483
14222
14237
17763
00483
01658
02026
17828
02027
07284
07284
01843
18115
12574
12574
12574
14233
14233
06378
00537
17733
14230
14230
14230
14230
14231
14231
14231
17734
14235
14225
14225
14225
14225
14225
14226
14226
17752
01183
17758
01497
01497
14234
14234
14234
14234
14234
14225
14224
14224
14224
14224
14224
14236
14236
14230
01187
10619
16303
10621
18104
00104
11691
09681
00632
03605
05799
05799
05799
00108
05799
01297
21471
21472
01473
00008
01035
00008
00008
18118
04750
18231
18231
19302
07483
19449
02554
02554
00231
03116
03118
00850
00615
03406
01619
03523
02109
02108
00615
00797
09768
03210
01895
09458
00648
11733
07220
00380
00655
00655
07697
03704
00688
00975
00700
03885
07571
02250
06296
05822
02768
02769
02770
10010
00259
15724
03704
03704
00782
00012
02897
01940
03529
01666
07107
13015
01821
03823
00948
07025
01843
01843
01843
00364
01843
02069
00362
00363
03100
03386
07775
03430
00958
06295
00963
02650
04047
04091
00483
02071
07258
03810
19429
00384
06282
11189
00850
03768
01118
00135
01118
11753
03118
03639
03750
03116
03116
01760
14155
12263
03116
02569
15580
00963
01652
00240
00239
00241
01515
12263
15973
02279
02004
03092
02476
00446
01617
01617
02554
00446
19430
03742
00960
03293
07705
01200
00571
05799
00241
02477
09388
07483
10855
07496
00015
06384
06380
01585
18640
18672
18707
18692
18929
01971
18928
18907
07171
06147
06147
18967
03790
18928
10216
03169
03502
10217
16243
10217
10216
03169
03111
03497
03496
03497
04565
03111
07483
07483
07483
07483
07483
07483
07483
07483
07483
06376
01872
07029
03526
05396
02663
19005
18979
13052
03741
14742
19005
02664
03429
02052
02482
19221
00354
02277
03296
06308
11615
00102
08678
01710
06345
19223
19220
19220
19068
01155
00798
19225
19267
06336
00020
00020
19341
03722
03722
01567
07496
07496
07496
01990
01992
01992
07496
07496
07496
07496
07496
07496
07496
07496
07496
07496
07496
06372
09459
19267
04771
19342
19405
08217
19411
19302
19428
03574
07149
07149
01066
19302
21400
06881
19577
19640
07683
21613
00887
19689
01258
17722
01457
00547
00297
15777
19955
21636
19242
19955
20074
20074
03392
20201
20116
20117
20118
22222
18889
18890
22103
20938
20895
03148
21028
21029
21029
21064
00821
21064
00435
04068
07455
02315
06909
02316
06217
01493
03553
03546
01174
00287
00560
00857
02314
01520
07258
00525
02481
07258
03293
03293
21405
21405
03293
02031
02335
07097
05592
07005
07005
02483
06607
06415
21416
21417
01271
21464
21481
21465
21471
21399
21479
21465
21467
21468
22044
21471
01420
21567
21600
21562
21935
11923
18244
21960
21993
21903
03892
18244
00754
01463
22135
22136
03595
22132
22230
03547
16048
02257
01486
22344
22303
07755
22343
22342
11206
13566
22441