15327
15328
15329
01212
08153
16697
14665
18924
21900
03794
13276
15311
15518
15532
02303
03215
06979
05799
14223
14223
14223
14218
14218
14218
14230
14230
01077
01906
09682
01843
06293
07017
14225
14225
14231
14231
14231
11626
07979
00104
13615
06431
10041
06610
02241
11621
06415
06437
07052
11614
16961
14233
14228
14233
14233
14230
14230
14230
14234
14237
14237
14237
02851
14236
14236
14222
02013
11637
14228
14228
06428
04749
02277
01739
07680
13532
11619
06292
14338
01227
13533
13611
19551
14540
14226
14226
14219
00128
03436
22044
14234
14234
14230
14232
14235
15312
15313
06421
14224
14224
14224
14224
14224
14224
14219
14219
02491
00632
01183
14219
14234
14228
14237
14219
14223
03741
02057
02057
00130
14228
14228
14220
14220
14220
14220
14219
03481
14393
07250
03339
13613
13612
08093
13614
00547
02803
02804
06608
02304
00148
02525
01271
02005
03293
03307
00634
02005
01992
07467
13628
11635
11636
01992
01916
01897
01113
11638
05346
01209
09388
01342
02247
01966
05592
02205
06324
06290
05519
14652
01048
01897
03457
06320
06322
06323
06336
06341
06342
06344
06345
06350
06351
06361
06362
06364
06371
06376
06388
01537
00646
08234
00537
00974
07474
05020
00065
11615
07705
06595
14221
14221
14221
14221
06414
01083
07692
06297
06288
14227
14227
14227
14225
14225
14225
14229
14229
14229
02254
06113
00666
06422
06432
06439
07404
00034
01728
13052
11686
03574
06327
06329
06335
06343
06359
06369
06370
14233
14233
14218
02056
01252
07720
00008
01233
06433
03457
03307
09681
14338
00980
13281
03293
06372
00128
01447
01708
06948
02249
02001
06919
01759
19689
01992
01992
01992
01992
01992
01992
14647
01209
02083
02799
02800
01759
01759
07698
06319
11620
13274
13274
16013
16012
03297
11616
03535
15468
02242
03091
07319
03284
01247
00627
00382
06425
09771
14205
02016
02015
02015
07071
03565
03575
10780
01845
03564
03147
03781
02954
03216
07180
09786
03809
03704
02073
06956
13924
06180
07734
00375
03893
01809
07552
00005
05847
03449
00946
06925
03789
06158
03637
01926
03116
03118
04078
04077
00847
03969
06872
03088
03924
01951
03088
01933
11175
00602
01945
01486
03657
01972
07507
02435
02434
02768
02769
02770
03100
00077
03569
07406
06890
00978
01709
02276
00954
07001
07040
02911
00491
01512
01265
03310
02818
02819
05520
02529
02221
04074
01870
03101
06180
02825
00609
01465
01956
01955
01591
00762
00390
00958
00860
01232
02749
02750
03623
02078
03685
03529
03110
03106
02959
06960
02860
00554
02884
03470
04061
01903
01902
04096
03168
04094
03733
01419
03667
03706
02387
02388
02408
02409
02410
02411
02412
03412
03407
03408
03410
03411
02405
02967
02357
09903
02838
00806
00981
00099
01881
03763
09748
02600
07742
02519
01975
01738
03628
06131
00373
00371
00370
02575
01887
00797
01821
06885
06314
02036
02036
02038
02037
02040
08222
04564
09793
05967
01151
03527
06967
03086
09768
09773
01879
01878
03584
07042
07037
06438
07403
09117
02970
03705
03596
06385
06012
02968
02340
02237
02239
09710
00969
07574
00014
07015
03091
03623
01574
00077
08224
01693
00013
00765
02502
06019
13292
01443
03710
08972
03701
03702
01007
02834
11753
02956
00962
06410
06411
00133
00928
01714
07088
02440
00864
00111
09769
06416
00060
06168
06328
03555
03572
00791
03666
03797
09811
09812
02836
03070
02423
07777
00012
01448
00963
01193
06969
02761
01866
02548
03367
03739
14188
03740
00826
02759
02761
02760
11210
00019
01029
01028
00563
03781
03300
00835
09683
01745
01712
01468
00756
11535
04023
01442
02016
06606
06605
03092
05946
01809
06330
07240
07240
00012
06131
07118
01428
01429
01430
03639
02379
00790
01624
02490
01937
06131
07552
01790
00067
09761
02687
05846
05845
05846
05847
05846
05845
05846
05847
01689
01803
00927
00134
05311
02103
00782
03303
00641
00692
01358
06966
03321
01673
02003
00675
11184
06958
00384
03648
00868
00783
01714
07734
00375
06888
08369
06215
08681
01875
06306
02343
09747
06187
06317
03723
04769
07571
06382
04075
00760
03798
03525
04083
01738
01665
00796
01633
00950
02863
02864
02935
03043
03046
07590
02950
02992
02355
02358
02946
02906
02926
02892
02886
02965
02890
02982
02878
02904
02961
02874
02895
02931
02954
02994
02933
02881
02988
02907
02876
03076
03417
15652
01265
06349
02015
02015
02016
01207
07106
03088
03431
00820
05577
09822
01126
02445
08317
08289
01613
00262
07146
11102
03710
00826
04079
07148
00865
02647
11476
03387
04041
01476
02205
06714
01939
03449
02939
07246
13531
13530
01142
02963
02990
06942
10255
03704
07736
03501
03495
03650
03217
03536
02914
02313
02338
03629
02470
02469
00943
09770
02341
07461
07056
06284
01874
03424
05985
02528
06436
06423
00919
06412
04042
00948
02897
01056
04567
03696
04485
00991
01770
00640
01883
11145
03218
06962
03091
02913
03073
02601
02867
02518
02919
02952
02948
03040
02879
06173
02871
02996
01448
06294
03303
00973
06305
14166
00009
05837
02829
02828
02827
02826
00965
00849
00788
00878
07217
11103
01921
01929
05592
03652
03781
03088
00426
00425
05606
03335
03336
03338
03337
00140
00140
00860
00958
00390
05979
08221
01867
08602
06886
07507
00123
03088
01433
00931
00147
00549
13275
06213
09190
09967
00891
01060
07074
00318
02003
07089
13542
00363
00362
00372
00362
02575
09007
08094
06133
03186
03305
06295
00928
02015
02015
02013
02016
00375
07160
03322
00997
01775
07723
06959
01706
13963
01449
03116
03118
01304
07039
09817
09816
05795
05795
08369
02000
03215
02250
03100
03547
06304
06303
06302
06301
06300
06299
07148
01953
02291
06895
03310
09767
00243
00145
00620
00930
01956
01955
00611
00648
09458
02034
00645
01733
00858
06180
03707
03154
03149
00941
00208
03657
02069
03885
01812
02529
00041
01685
07090
01126
03306
07220
00286
08976
10255
07778
07693
03654
01118
04564
03308
03453
00658
00164
03327
05786
01438
01034
01775
07727
13653
13771
01647
03308
00260
03088
00655
00285
06199
06199
01126
12410
00824
03315
03897
07228
00831
02503
01599
01772
00231
01421
00648
11102
03800
02016
02015
02015
01640
02160
01961
05916
07259
00266
00931
00286
00123
07228
12257
06409
02002
03210
00773
07568
03551
03550
07727
03530
11754
01873
06417
01845
01698
01749
02497
02492
03978
01338
03544
03545
11216
06878
13770
08989
07456
02347
09888
01890
01889
03437
06426
02647
11473
06200
01804
06999
15975
03797
01611
00134
00859
07636
00024
00031
01647
07113
00873
00850
01962
01963
02337
01755
01940
07152
01754
11068
00655
03311
04486
02986
15977
06999
01866
01895
04766
04768
02557
02556
02529
13853
01924
03466
06878
03439
01915
01356
00615
03413
01681
06434
07107
08591
02622
02621
03686
04043
03687
03624
00876
08303
08303
07082
07447
01872
03581
00566
04487
07478
01876
01892
01448
07560
00759
07462
11755
02500
01814
02501
06318
03710
02761
02759
02760
03517
00767
00278
04487
06209
03979
06375
02899
02888
06401
03609
03610
03571
03570
03569
03630
06287
02422
02407
02406
03563
13626
02397
02396
02398
01704
01703
00052
01649
00053
01653
01652
03829
07095
00989
01776
01994
07107
00240
00239
00928
03703
03671
03522
03521
07282
06295
02529
06726
10441
01575
01652
02887
02916
02520
05339
05338
07704
01868
07738
03282
02372
02392
02392
03569
06283
03320
04751
03588
06386
03823
03638
00925
11065
04773
00858
01895
03151
04487
06381
00790
02114
02112
02115
02111
02113
02109
02110
02108
00761
00600
01808
07566
06387
02493
02835
07088
02909
06901
01588
01589
01756
01923
01952
01952
01952
00764
06332
06333
06334
07718
08223
02013
02015
02015
02016
03319
00014
03785
07058
07300
11749
00564
18198
02538
03293
03817
00571
03611
03324
11051
13767
07691
02428
15640
15656
15657
15661
15580
15666
03093
11692
15583
15519
11741
11691
06313
15554
10979
03799
08963
00899
08965
08966
08967
02557
02556
06920
01737
10026
09457
01449
01534
03480
03716
03415
09776
03839
05823
03752
03750
03753
03636
02003
10773
01462
00161
00162
00627
00382
03088
06207
07175
01425
03588
02259
02275
01495
03530
06398
00057
03977
05739
02945
00945
00077
03925
03438
08384
01928
01000
01925
03588
02563
00075
03589
03590
03531
06383
03091
03091
05810
06997
09772
00793
11752
03100
09777
00942
03060
13038
04066
01462
00604
03500
06941
06949
01783
02902
01752
01752
03655
03621
00645
02413
02389
02390
02385
02415
02416
02417
03413
02418
02419
02420
02421
02401
02400
02404
04562
01839
03315
01744
02346
07124
03466
03710
08221
00995
15633
09699
00167
00166
00382
00263
01720
01647
00074
01126
01448
07217
07699
06399
03631
03402
06442
01662
13789
03602
03601
01491
03625
01448
06413
03665
02356
03786
07001
03800
00283
00282
00605
15629
01046
00839
01308
01687
06950
00432
00651
03704
09125
03816
01299
02526
01625
00874
01815
07444
07502
05366
01893
00812
01579
01918
00606
03524
01734
00215
03888
03887
00800
00817
01695
01696
01817
01609
00766
01657
06208
01735
01736
00940
03183
06285
01610
01449
00384
00260
03654
03785
03088
07651
07775
07399
06178
06374
06373
06024
05896
02859
00794
01159
01810
09779
10907
14155
07697
06347
06348
01586
06408
06407
06407
06406
06405
06404
06403
03091
06379
00259
04780
02361
00216
03523
07084
01255
09775
03885
00364
00286
02913
00036
02346
03217
09166
05606
03088
09136
08153
00766
01961
02160
06397
06396
06395
06394
06393
06392
06391
06390
02073
02072
02071
07476
02437
07516
00318
02013
04047
07650
02913
02003
02013
02015
02015
02016
03758
07038
07219
02020
02018
00381
03657
01534
01118
15655
06901
07007
01012
01935
01869
11632
11631
11629
11630
07139
01953
00789
04047
07173
08998
01673
02909
00425
00426
01911
01661
02551
00688
00703
00975
00975
06153
05520
03534
00848
00686
06973
07335
05566
05567
05569
05571
00763
06950
01778
03885
13727
00872
01733
00003
03644
07090
05995
10711
00285
09014
11717
09015
09013
11622
02013
02015
02016
03664
12573
03928
03075
15738
15663
15654
01425
07717
07719
01707
15553
15337
15662
15664
15665
15667
15668
08097
01760
01297
07120
06889
02035
02033
07816
03455
03153
01719
03294
07098
03784
01176
07305
07304
02480
01077
03294
00294
03455
03698
07533
02236
01719
04076
00059
00058
03471
00853
02433
10563
07658
00027
00059
06286
04767
00027
03713
01560
00657
09976
06196
01243
03478
01222
07105
04518
07584
06402
06603
00241
00852
10440
10439
03346
02116
00027
02446
07025
01439
06147
00374
01480
03294
11144
18924
02076
13300
01489
02238
02342
06023
02564
02240
02822
03475
01104
07257
07114
07114
00616
03048
00625
03406
05595
01784
00657
02004
09762
03488
01222
03491
01784
01258
03488
06902
02755
02756
02757
01479
01619
06039
00088
07258
02499
07114
02619
00939
01092
09693
02564
09809
00851
03299
00033
03386
00819
07652
07668
06897
06346
09685
03708
07067
09698
03593
00294
00121
03406
01259
00135
07729
00158
07315
00016
03090
03095
04750
02798
09167
08981
00010
09825
01182
09815
02025
03294
01104
07586
11085
09825
06377
06994
05845
05846
01409
07094
03307
02433
00882
03499
02862
07177
01226
03486
02824
02823
07104
00059
09787
00121
09764
03177
02443
00639
00867
00059
00929
00567
08969
08964
03697
11189
08483
03406
00841
07098
05822
03635
06147
06147
02004
02086
01092
01958
02274
01823
08724
07069
03768
00949
07030
02414
03783
04763
03711
00027
01424
01515
06889
03647
13280
02248
02246
02245
02244
02243
16509
00845
03469
03469
06877
03700
01569
03886
04517
00575
00805
00805
02051
02049
07052
05337
00058
09763
15383
07570
07258
00784
00033
01466
09684
07770
01679
00626
11618
11617
01934
01569
02004
03316
00380
07213
06183
02050
11709
11708
11710
11707
02549
08680
02552
00700
07192
03499
03498
01813
03406
03406
03406
03406
05565
05568
05570
03317
04488
03839
19417
10823
15582
06429
06440
06296
00459
15532
02363
02032
01835
03298
15924
10947
18939
18939
18926
15973
13075
01732
15986
15975
07260
15975
19427
15921
06289
11815
11814
10040
03296
01977
01977
01977
01977
01977
01977
01977
01985
01985
01985
01985
01985
01985
01985
14235
01980
01980
01980
01980
01980
01980
01980
02424
10009
10039
10716
16043
16044
16052
18682
10010
10040
16188
01262
10710
07155
16248
16247
06352
06353
16331
06358
06355
06291
06366
06360
11633
07038
16593
16216
16509
16511
01223
13955
16167
16168
16511
00652
03299
10708
11634
16323
11735
16169
11440
02251
11737
06321
06340
08174
05518
16263
16202
16199
16201
16200
15581
16203
09022
03321
01223
05340
03483
16698
06367
06389
06326
06419
06418
16786
00090
17234
16787
16785
16699
10810
16789
04757
15555
16694
16705
16706
10117
06315
06378
03429
11050
02032
02068
13015
07029
10118
10119
16962
00128
06400
00903
10009
02424
02030
12263
16786
16787
16785
11639
02768
02769
02770
11991
02809
02810
16918
16920
16919
16919
16921
06113
00951
16869
16916
16917
16925
16899
16898
09809
09809
09809
02101
16963
21064
03574
17217
01992
17103
01990
01990
01990
17195
01990
17319
17319
17318
17318
16922
01990
01990
01990
01664
00096
06430
17216
00034
00265
17320
17320
06298
16235
08986
06427
04091
17462
02029
02028
17235
17236
00681
00681
03574
01585
01990
01990
01990
01990
01990
01990
01990
10112
10112
17472
17686
01190
03292
07979
17836
02026
17752
02027
11928
06518
06518
17828
07284
17838
18115
17763
17763
17763
17763
17763
17837
17763
00661
17733
01791
12574
12574
17758
17762
01183
17838
07284
01187
17734
18104
19428
08221
02809
02810
02809
02810
00004
01101
03892
05799
03206
21471
07145
21469
21472
03719
03719
21466
06880
18197
18231
19302
16704
13767
06330
15973
13653
13653
03299
15973
09693
03823
03488
03499
06284
03307
02078
02372
09458
09458
00059
06284
03704
03768
06299
19449
19429
19430
06366
19420
01487
03742
16236
01200
08693
06380
06384
12555
18770
18672
18707
18692
18929
01971
18925
18907
06147
09692
01612
07171
18967
18928
03169
03502
04565
05593
03111
03502
03111
03497
03496
03497
06147
19005
06376
03526
19005
18979
07816
14742
06368
06609
19242
19563
07097
02777
00354
02253
06362
19220
00798
19223
19224
07149
01710
01447
00590
19158
12132
00456
19225
01785
19426
19433
19285
19286
03722
03722
19424
19271
01567
01992
01992
00020
19422
19421
06368
04771
04771
02100
01400
19405
19411
00525
19432
19419
19423
19425
03574
19431
07149
19418
18567
06881
06884
00887
18983
06440
21755
08164
19701
19701
01258
00547
00297
07119
19802
19955
19955
05770
20074
18907
20201
20116
20117
20118
21613
13483
20418
18889
20534
06367
08884
18890
20534
21759
21488
20628
22103
20742
07258
22106
21029
20895
03148
21064
08968
00821
21064
00435
19243
00526
06909
03546
01520
00287
00560
01174
00857
02316
06217
01493
02314
03553
02314
02315
00857
05375
21285
03328
02335
00980
21416
21417
06607
02483
02483
21405
21464
21481
21465
21467
21468
21567
21487
21601
21487
21488
21567
21600
21743
21701
21802
21935
21902
11923
21959
18244
19302
22043
21993
01463
22135
00754
22136
03595
14274
22132
22109
01932
22116
03547
22230
22187
22278
22278
03077
22301
22299
01486
02257
02257
22299
22301
03574
09988
13566
18672
22441