01243
01243
09963
09810
05810
09798
09903
02238
08602
09797
09748
09775
01419
09761
05366
02946
02906
02926
02892
02886
02965
02890
02982
02878
02904
02961
02874
02895
02388
02387
03667
04096
03531
03590
03589
03588
01000
01929
03438
00858
03408
02427
02523
00631
09747
02410
02409
01689
02996
02408
02871
02434
02433
02435
00873
02902
03797
01734
00057
03694
01866
01880
01885
00789
07173
06213
02992
02950
03046
03043
02935
02864
02863
02867
02601
03073
02913
01881
01809
07056
03496
03497
02469
02470
02313
02338
02914
03536
06346
01624
01876
03092
07240
02340
03703
02343
00940
06861
03101
00790
02358
00575
09749
05515
03652
01358
07263
00945
04078
01992
01990
00784
01358
02563
00868
01409
03087
02394
02392
02392
00759
02888
02899
03979
06412
02897
01056
04075
00857
00943
07277
03555
02600
02519
02834
03177
02956
00962
03581
03582
03583
02778
02779
04077
03210
03072
03074
01807
01834
04566
03595
09005
01448
03407
03408
02931
02954
02994
02933
02881
02988
02907
02876
03076
02919
02952
02948
03040
02879
06442
03977
01889
01890
00384
03686
04043
03687
01950
03525
06167
01142
06890
02355
00948
00859
02335
02422
01972
02777
04079
00033
03408
03407
03412
03413
01990
01937
03406
02337
03655
01925
00625
02528
01897
01887
03406
03406
00075
01883
00600
03303
03411
03656
01270
03545
03544
01338
02986
01489
03152
00925
03723
09769
00773
03980
06179
00791
03168
03547
03546
01870
03696
01840
03702
03701
01478
00611
01512
02761
02759
02760
00088
01951
06901
06901
03409
03413
01091
02056
02057
02221
02057
03406
03406
01641
00054
01597
00938
00869
02355
03106
02959
06960
02860
00554
02884
00954
02911
02078
03685
02316
03086
03569
03570
03571
01868
00995
06956
01810
03642
01873
07258
03798
08974
09710
07164
09770
05873
00655
00575
02039
03529
03470
03648
03075
01803
00927
00134
07042
03671
00604
02836
03110
04487
04488
07391
00016
03596
02124
02123
02120
02118
02117
02121
07456
06949
01776
01893
01265
03625
00626
02314
02939
02963
03111
02990
02790
02791
00981
00806
02838
02357
02967
02945
00945
06178
03553
01892
03587
01897
03296
02002
02001
02000
02406
02407
01443
02564
04564
03070
01775
00705
02518
03924
03501
03495
03650
02396
02397
03563
02887
02916
02520
03424
02835
01139
01921
01928
04088
04087
00963
03572
02356
02040
02037
02038
02036
07238
01872
01057
01875
06972
02909
03628
02968
06942
03820
02440
00864
00111
01004
01869
07003
01338
07462
02970
03466
06153
03100
04562
02404
02400
02401
02421
02420
02419
02418
02417
02416
02415
02557
02556
02385
02390
02389
02384
02383
05539
02412
02411
01867
00997
06173
04066
00876
06180
00895
07568
03551
03550
03100
03100
03664
02621
02622
09766
09125
07052
07114
10773
11189
11189
05788
08483
03465
03497
05985
02790
02791
11072
11071
11069
04047
02343
00036
07082
03217
11070
02314
01874
02489
01462
02314
03412
02768
02769
02770
01924
07566
11068
07240
13292
01491
03499
05516
11749
09774
01243
03218
02768
02769
02770
07114
13038
01262
03657
00969
14228
03558
01207
01788
01486
00939
01823
09825
07736
00566
00556
05837
02056
02395
04562
03613
02493
05808
07504
07504
07301
03498
03442
06142
07335
02503
07025
07101
08998
09768
07335
14392
14221
14228
01092
14230
14233
06925
13626
14233
07496
03413
14219
14228
00974
14223
02057
14222
04562
01977
14228
01980
01980
01985
01985
14235
14227
14218
14229
14220
14237
14234
14232
14231
14231
14224
14234
01173
00763
14233
14225
14230
19689
02058
14219
14229
14236
14230
14226
09808
09808
14540
14219
14225
02428
15580
10823
15583
15580
15580
15580
15580
15581
15582
00882
00850
07260
07091
11720
06881
18444
18682
02382
09761