04755
01736
02470
02338
02313
02914
03217
02356
02315
02317
03110
03089
00820
00549
03046
03043
02935
02864
02863
02867
02601
03073
00075
01438
00145
00930
01940
01755
03071
03086
02316
02970
01409
02858
02777
01885
02913
02902
01507
00616
00615
01439
01714
02501
02500
02890
02965
02886
02892
02926
02906
02946
02358
02355
02992
02950
01867
01783
01735
00891
01839
02837
03111
02314
01920
01776
01141
01520
02939
02963
02990
01939
00009
02798
02799
02800
01810
01448
02909
01778
02528
01525
00287
01955
01956
00215
03101
01870
02968
00948
00919
02835
02493
00925
00526
00525
02469
00858
00760
01918
00606
03070
00859
00163
00627
00382
01611
00797
01925
00674
01265
02967
02357
02838
00099
00806
02372
01881
01887
02342
00769
00997
03100
00566
01756
00208
01147
01591
01497
01695
01696
03168
01092
01892
00600
01012
00833
00164
00658
01834
00850
02440
02945
02518
00873
00036
00564
01465
02911
00645
00059
02078
00943
02341
02778
02779
01893
00763
01873
01255
00611
00609
00610
00962
02956
02834
02519
02600
03075
02427
00790
02888
02899
02996
02871
03106
02959
02860
00554
02884
01872
01919
00789
01807
01886
01937
01689
01770
00991
00860
00380
02335
00942
01586
00560
01869
02340
00969
00133
00927
01624
00946
00082
00795
03686
02300
02299
00793
01866
02916
02887
01889
00773
03210
01879
01878
01495
01151
02897
00384
02108
02110
02109
02113
02111
02115
02112
02114
02298
02297
01358
01338
02343
00939
01883
01462
00604
02879
03040
02986
02948
02952
02919
03076
02876
02907
02988
02881
02933
02994
02954
02931
02895
01069
00765
00013
00817
01814
00134
00053
01687
00640
00033
00766
00800
00014
01494
01921
00528
00831
01876
01875
01868
01803
02396
02386
02874
02961
02904
02878
02982
02399
02400
02401
00364
02408
02419
02409
02410
02411
02412
02413
02414
02416
02388
02417
02420
02421
02387
02389
02390
02391
02392
02393
02394
02395
01733
03683
03424
01737
03980
06207
01419
03271
04066
03667
03536
03628
03590
03531
03286
03495
03442
03609
03610
06178
06204
01653
03438
03664
04087
04088
03650
01652
01662
03588
03770
03596
03469
03613
03614
03612
01738
03616
03617
03771
03799
04080
04082
03747
01626
03687
03608
04044
04079
03801
04078
06131
04043
03582
03583
03581
03574
03772
03786
03587
03592
03564
00340
00341
03625
03563
00342
02337
06202
03544
03656
04085
03673
03704
03557
03644
03595
03978
03685
04488
06190
03798
03671
03555
03624
04077
03572
03576
03568
03575
00338
04487
04774
01056
03839
04771
04764
06179
06173
06180
03177
04567
03784
04075
00330
00339
00334
00336
00337
00343
04564
03439
00335
00331
05589
06189
05807
05787
05592
05788
06153
01977
06168
01985
01980
03527
00954
09808
06141
06920
00872
06942
07277
03386
07236
07400
07146
00297
07235
07237
06941
06980
09810
07056
07404
07447
00974
06997
07042
09903
09158
07390
09802
03687
08998
10026
00794
09945
09800
14218
09747
09801
09761
08304
07568
08224
07566
10806
11179
08483
10773
09815
09816
00647
02563
09817
05527
01874
01890
05997
06186
12297
02784
08300
00821
00602
11755
03586
03979
03545
11754
04042
01916
01491
01243
11753
01089
11991
07790
09808
03977
06879
13378
13788
13288
12573
12524
14228
14228
14235
14233
14229
01498
13498
14230
14220
14236
14219
14234
14233
14228
14218
14230
14237
14224
14225
14221
14234
14231
14227
14225
15035
14226
01934
14237
01978
14222
14170
14233
14230
14223
14219
14742
14682
14232
15738
15724
15984
09476
16322
14219
02503
00254
03526
19304
19810
18889
18890
02257