09761
00867
03624
03584
02601
02911
08738
03282
02197
03664
03558
02939
02963
03210
03075
02935
06891
08591
09005
04764
03625
07738
04080
03111
02879
02876
02881
02954
02895
02961
02878
02890
03561
02909
07736
02860
02039
02897
05527
09826
09823
03545
11719
09862
00655
02959
02902
09125
03106
02970
03296
02888
00783
02221
09131
06207
06213
01126
02077
02075
02074
06191
03647
02835
03711
03070
03667
02956
02834
02519
07742
02600
07042
06168
06187
04042
09903
06217
11717
02621
03575
02836
14980
09773
10773
09778
09791
03799
07058
01962
05788
09774
06861
02837
02884
09748
00859
00014
01778
00164
00658
00382
00290
01735
00891
01755
01586
01951
00554
01142
01895
01869
00616
00949
00615
00927
00788
03431
01520
00790
01934
01185
00831
01939
01919
01810
00931
00147
00969
03797
01507
00963
00088
01951
00568
00928
00919
01945
00275
01736
01662
03527
01006
01256
00788
01714
00951
00762
00997
03100
01918
00606
01465
01613
00764
00645
00059
00942
00097
00940
01875
00573
01803
01937
01627
01689
00627
00382
01358
01338
00981
00677
00748
01647
01885
00383
01626
01885
00858
00145
00600
01868
01495
01873
01142
01873
01142
10563
09799
02355
09985
09987
03168
09949
09769
09888
10001
09928
09924
10001
10004
09800
10002
10002
10003
10003
09806
03181
00208
09768
02033
03593
02116
07566
02200
02483
03149
03153
06980
02990
07082
02357
02838
02029
02029
05800
09013
01448
09810
02871
02996
07478
02948
02988
02933
00208
02994
02965
02950
03761
07152
02015
03686
06966
02945
02887
02916
03555
03071
03655
03768
03768
07462
06179
03040
02355
04087
03657
02687
02535
02563
03438
02316
01956
07157
02013
03601
03536
01588
01589
01679
03798
02114
02112
02111
02113
00240
00239
00242
00241
07113
04083
02199
02195
02194
02313
03629
03671
07391
07278
06147
07043
01673
03814
01623
07107
04075
04564
01354
01883
02314
02358
02536
01807
02931
00954
02160
02412
01892
02527
03820
03564
05366
00338
00337
00336
00335
00334
00333
00332
00331
00330
02517
03687
09710
04043
09747
09760
09883
09882
00609
03596
10004
01878
00342
09807
02919
00340
01952
03723
03154
02913
02907
02426
13786
02992
02904
09796
14981
03470
06173
02863
02622
09458
02470
02469
03640
03073
02914
02503
00648
02337
07102
03313
03665
02015
03089
03568
04744
03499
07277
03217
03466
05559
05560
05561
05562
05563
05564
04763
01989
05832
05833
03500
03733
09811
09812
06997
04066
03641
03562
07126
02356
06147
03559
02518
03695
03587
02073
02071
02072
02032
02031
07056
07460
03978
03684
03523
02952
02437
06147
03558
02078
02030
08151
07741
02420
02389
06601
06602
02397
02396
02390
02557
02409
02419
02415
02393
02394
02386
02392
02408
02388
02387
02391
02556
02416
02417
02410
02401
02421
02400
02864
03704
03630
02986
03642
09159
07002
03744
06872
02906
03474
05807
03589
03521
03522
06287
06942
07225
09015
03621
03676
02483
03702
04485
03544
03530
04094
02867
08998
03666
07390
03553
01129
07447
09014
00939
01872
01915
00773
00826
01887
00820
01933
01881
01866
01004
00943
01776
01265
01465
00768
06147
07027
03590
03980
02035
03498
07716
03694
03631
02037
02038
03293
06956
03977
02198
03147
07091
07115
07552
01783
01756
01923
01952
01952
01876
00480
00053
00287
00560
01972
01921
00075
01924
01925
01000
01929
01928
00384
00948
00566
00311
00286
01591
00799
00215
01185
00528
01775
00605
00133
01470
01867
00057
01494
00912
01870
01920
00979
00789
03439
00962
03110
06916
01903
01902
02115
02335
02343
02341
03703
02340
02028
05539
09456
02435
02433
03424
03216
07638
01955
02013
03060
03685
02528
03771
02339
03770
00161
00162
02434
03218
02358
03043
03046
02372
00794
02520
02968
01286
03437
06969
04566
00329
01963
03183
01889
02193
02427
08311
00525
00526
03574
01419
03177
03789
02036
06180
09471
02108
02110
02109
02109
01879
02523
03179
03602
03215
00343
06941
02040
03592
03089
02200
03924
05810
02015
02016
02967
06890
06287
03628
03650
03495
03501
03496
03497
06190
01716
02298
02299
01424
03786
00029
00800
00945
00763
01681
02297
01462
00604
00674
00930
00356
01940
03101
02338
01284
00128
02291
04487
00339
00001
01144
01262
01581
01246
01092
00134
00795
01409
04096
06167
09808
02259
06196
03701
03076
02982
02886
02926
00573
04088
03588
03086
03543
03446
02016
02034
07146
04078
02806
03572
03550
03551
01255
07018
02342
02498
03979
06041
03466
01915
07289
07659
09458
02406
10564
00341
00793
02892
02946
02874
02899
03469
01874
01056
09458
04077
02493
01447
03704
01159
06442
05815
05816
03644
13747
03688
03531
05813
00647
05814
03684
06178
02300
03185
03185
05524
03801
01835
00564
11175
01890
00821
01439
11927
12340
02533
02358
02982
00031
11752
11754
00602
00812
13292
12573
12989
11737
12257
01491
00281
03524
03643
11753
03496
11720
13587
13588
05685
13584
01961
13583
08309
14058
13888
00620
12506
13038
13581
00024
13592
06203
13599
13598
14236
14219
14235
14230
14228
14225
14220
14220
14228
14219
14232
08281
13688
13589
14228
14222
14222
14229
14226
14234
14234
14233
13628
14233
14230
14230
14218
14223
14225
02950
02961
02965
14232
11604
14219
14227
14227
14228
14223
03324
01977
01977
00941
14231
14237
03500
01916
14230
08305
14652
11605
11606
14224
14237
14229
14218
14218
14228
14221
11607
14234
14233
02992
02946
01980
01980
14233
01985
01985
02906
14998
08316
01447
15738
02428
03560
15371
00573
02926
02892
02886
02890
02878
02904
02874
02895
16053
16087
06909
07258
03769
00029
16783
15035
16784
01834
17103
11532
17680
17675
00254
12574
21449
04771
11443
18588
18707
18831
18843
16898
03526
16899
00611
04771
19302
19689
08744
21449
21603
21929
21929
03595
11991
02257