04752
03327
03593
03704
03545
03544
01031
01032
03702
04488
04082
04044
03431
00331
04047
03117
07734
07478
06287
09761
06180
06188
01462
02483
07098
05800
06902
01419
02600
03046
02601
02314
03111
02686
02834
02860
03602
02033
02034
03088
03521
03522
00059
02945
00529
01997
01998
01996
02029
02030
02571
02570
02568
02569
02193
02194
02195
02198
02199
02200
02200
00077
01703
01644
03092
03800
01996
01995
01998
01997
07045
07045
07045
06938
04750
02414
02415
03805
03529
02034
01993
03321
02106
04754
01687
02049
02050
03734
00059
03749
04751
04762
00681
02033
02034
03585
00163
02406
02405
02403
02402
02556
02557
03413
02401
02400
02404
02398
02386
02387
02388
02389
02390
02391
02392
02393
03777
00626
02259
02276
02274
02275
03089
00265
00266
02065
02066
02067
02501
02500
03116
03282
03599
03600
06191
02033
02034
02031
02032
03744
03594
03092
02055
02052
01887
01969
01968
03747
03169
02049
02050
00128
01652
02858
03827
01512
02470
02338
02313
02914
03536
03217
02050
02049
02051
02032
02034
02033
03650
03704
00285
03648
02394
02395
02396
02397
03776
02421
02420
02419
02418
02417
02416
02413
02412
02411
02410
02409
02408
02423
02422
02407
03558
03611
02967
00099
02536
03651
02372
03470
03437
03664
02341
03424
02030
01479
01652
01644
03088
02053
02052
02169
00537
01638
07303
06033
04043
00344
01715
01749
02300
02300
02299
02299
02298
02298
02297
00384
02197
02050
03304
00108
03189
03188
03187
01428
01429
03192
01430
03190
02996
02871
02051
02050
00525
00526
03367
03739
03740
02687
02160
03786
02558
03814
01465
00609
01075
00249
01996
01995
01998
02654
03411
03575
03149
03688
03690
03183
02806
03271
03571
03570
03569
02435
02433
02434
01142
01999
02031
02033
02034
02032
01295
03656
04066
01657
01658
02030
03088
02015
02013
02274
02939
00249
00627
00340
00341
00342
03408
00575
03412
03413
03414
04755
01897
03424
04760
00558
03495
03501
03496
03497
02867
02863
02864
02935
02950
02992
02906
02926
02892
02886
02965
02890
02982
02878
02904
02961
02874
02895
02954
02994
02933
02881
02988
02907
02876
02919
02952
02948
02986
02879
03978
06202
01129
03701
03179
02049
00108
02841
02527
03525
02066
02065
02067
00824
03801
03644
03667
06204
02075
02077
03733
02517
02517
03313
01998
01997
01995
01897
03500
03499
03498
03216
03071
03676
03147
02899
02888
02523
01473
01474
00824
00001
01678
01677
02493
03186
03518
03519
03520
02111
02113
06190
06213
00919
03926
02109
02110
02433
01673
01032
01031
02624
03823
03407
00425
00425
00425
00426
00426
00426
00338
01091
04487
01548
01546
02520
01975
03704
03704
01133
03201
03200
04079
03806
03106
03154
03564
03568
00102
00104
00325
00324
00324
03218
03559
03549
01630
02968
03980
03559
03561
03601
00632
03704
03694
03808
06192
01997
01998
01995
01996
03320
02916
02887
01889
04764
01150
00609
03554
03553
03565
03576
01903
01902
01719
02496
02498
03753
03750
03752
03593
00123
00124
00127
04063
01703
01704
02821
02030
02029
02029
02028
03101
03657
03075
02048
03522
03521
03274
01473
03802
02014
03088
00163
01895
04083
01056
00334
00240
04084
01118
02357
00404
00405
00407
00406
02358
02358
02355
02355
02356
00681
02182
00626
03312
02342
03469
01704
01703
02010
03076
03040
06179
00241
02654
03981
03841
06173
02116
04567
06147
06147
06147
06446
00249
00059
00626
01895
00249
03521
03522
00299
00128
02509
02510
00128
10001
02455
02454
02453
02669
02020
02017
02018
01584
02437
00560
01953
02494
02897
03110
02041
02044
03625
01095
04077
04078
03303
01999
01999
01991
00140
04761
03655
02012
02011
02010
03060
02012
02011
02010
02012
02010
02011
02012
02946
02050
02035
02033
02031
02032
02031
02032
02031
02032
02031
02032
02031
02032
02031
02032
02031
02032
02031
02032
03221
04075
03797
03919
03220
00330
02114
02112
02115
00339
01955
03100
06195
03043
03073
02074
02010
02106
00332
00333
00336
00337
04053
04054
04056
04058
02108
00249
03406
02518
02519
02518
02835
02836
02837
02838
05812
03202
02027
03781
02168
03449
00793
03893
02433
03745
03088
02297
00126
02379
00123
00124
00127
03639
03750
03638
03635
03636
03637
01061
01012
01681
03820
06217
03074
03072
03210
03182
03831
01588
01995
01996
01999
01995
01996
01999
01996
01995
01998
01997
01999
01996
01996
01999
01996
01996
01997
04062
01589
01652
01652
04763
02343
06187
02051
02049
02050
03624
02427
03798
02040
02037
02036
01673
01995
01996
01997
01998
00059
00074
01997
01999
01998
01995
00343
03885
01662
02990
02963
01652
00239
02931
03642
01996
00046
01996
01995
01998
00128
02160
02509
00681
03230
03222
03223
03224
03225
03226
03227
03228
01997
01999
01997
01998
01995
01999
01996
01998
01996
01997
02033
02026
03229
03219
03827
01714
03555
03269
01883
01962
02055
02054
02053
02052
03703
03474
03585
02019
00626
02002
00574
02902
02913
03643
02340
02843
02844
02337
03578
01114
02039
01807
02004
02614
02613
02612
02611
02610
02609
02616
02884
00956
00957
02045
02047
02046
00652
01028
00311
00140
02339
03118
01733
03584
03595
03685
03596
00413
00016
02030
04096
01912
04565
03673
02027
02526
02621
02622
03671
03628
02335
06207
03774
03630
02909
03088
02291
06199
00380
03695
01420
01515
03088
03824
02053
02054
02055
02052
01996
01092
02033
02034
01998
01995
01997
02433
02003
03770
00382
03215
06194
03787
03719
03592
03439
01999
01995
01997
01997
04744
02034
03177
02049
02050
02035
02035
02051
02049
02049
02051
02035
02050
02051
05540
00411
02032
01995
02444
00111
02346
02688
00249
03086
02316
02970
02502
04087
04088
03665
03666
03977
01892
02959
04061
03088
02078
00648
03621
02911
01091
01963
01695
01696
01438
00528
02283
03616
01995
01996
01997
01998
01996
01997
01999
03523
04756
01770
00991
03723
01652
01473
01474
00059
02168
02956
01653
01652
00019
03455
03634
03466
03823
03686
03687
03705
03631
01644
00681
02020
00684
00963
01262
03185
03557
03550
00329
00356
03551
03654
03610
03609
03608
02034
02033
02619
02050
02049
01995
01996
02469
01665
02042
01995
01998
01995
01996
05800
02035
03768
03088
02014
01246
02025
00059
03070
02535
03531
03590
03589
02563
03588
01925
03587
03586
03438
03925
00457
00020
03562
03560
03646
03641
03640
02015
02002
02399
00335
05539
03802
01433
01679
01448
03975
03572
01676
01703
01704
01878
01879
00655
01462
02528
03771
02038
00242
00412
02033
02031
02032
02651
02279
02280
02282
02283
03088
01681
01682
03453
03543
03799
02010
02011
02012
03088
00795
01159
02013
09811
04485
03776
01999
01998
01997
01995
01996
01999
01997
01998
04564
04691
02016
02034
02011
01998
01995
01999
01995
01996
01999
01999
01999
01997
01998
01998
01999
02529
06023
01995
01999
02049
02049
02050
02051
02051
02049
01997
01998
01997
01999
03701
02034
02033
02035
09181
07552
02014
05367
05782
03722
07712
02029
02035
05916
05524
03270
05589
05563
05564
06189
05772
05773
03530
03530
05562
05710
02053
02053
01999
02035
05366
02014
02051
05807
05810
05837
02051
02055
01624
03821
05561
02042
05560
05559
09456
03743
01998
01995
01997
03710
01999
02035
01998
02014
02049
02035
02035
01996
01995
06178
03832
05515
05788
04564
02049
02051
02050
02051
02051
02034
02050
02050
02030
02051
02035
02014
02014
05516
02035
02034
02033
02011
06131
03406
03520
03519
05874
05875
05501
02001
03924
06142
05808
03710
06077
06075
01999
02054
06076
06140
05591
06158
06153
06168
05595
01207
04755
00537
05713
05714
01737
02474
02474
03527
06134
03098
06151
06152
05874
05832
05833
05799
06016
00058
01714
05712
07290
06223
05782
03284
07289
06445
00954
07460
05896
06867
06718
06720
03406
03327
00228
06378
06858
06857
07017
07018
02071
07090
07052
06940
06889
02072
07107
07636
00836
07088
02204
06861
07114
07657
06980
06959
06923
07646
07667
07090
07090
07090
07165
07019
07141
07090
07091
07213
07175
07665
07649
07240
07240
07090
06991
07326
00297
06950
07638
06915
07277
02351
06950
07068
07068
06987
06987
07117
07118
07638
06942
00121
07225
03386
07082
07219
07300
06966
06966
07107
02073
02073
02073
07107
07107
07160
07232
07234
07114
07114
06878
07053
06910
07259
06889
07112
06975
07301
07101
07112
07112
07230
07068
06920
03119
03119
06949
07231
07233
00375
07708
06890
07102
07507
07315
07399
07274
07275
07180
07679
06925
07303
07302
07302
07304
03594
07690
06147
07357
07347
06999
00984
06941
07222
07223
03657
07080
07080
07238
07154
07154
06867
07455
07263
06999
07148
07152
07006
06872
06916
07085
07088
07265
07266
07027
07146
06889
07088
07243
07300
06911
06911
07160
07157
07793
07794
07795
07058
07058
07040
07054
07056
07056
06958
06911
09019
07320
07313
07397
07397
07000
07287
07032
06925
07323
06886
07140
06895
07001
07001
07043
05595
05595
07391
07006
07543
07007
07403
07445
07447
07305
00974
07262
07007
06603
07025
06997
07799
11719
07002
07147
07032
06997
07659
07152
07644
07345
06894
06901
07115
07258
06886
06995
06995
07387
07389
09903
07401
07316
09158
09861
09921
07390
09930
07402
07444
07462
03979
09458
09946
03710
07068
06044
02567
09780
08357
00453
08358
07090
09773
08984
00783
09005
09007
08994
08998
09794
09803
03316
09774
09001
08289
07338
01897
09939
08307
08301
03598
03597
08300
07347
06186
02492
09812
00507
07402
03286
03446
06182
08591
09919
00794
03181
09386
09748
08973
02221
01784
01028
01652
09768
10563
01424
01698
01586
00891
01735
01876
01953
01790
00067
01710
01778
00789
01251
01640
00604
06989
00057
01834
00931
00135
01055
03464
00074
01595
01649
01687
01081
01259
00626
09889
06989
06989
09786
09017
01754
02192
01262
10038
10037
10036
00128
00020
00252
00799
01760
01714
01483
00600
01640
00529
00455
01826
00819
01476
01494
00605
00140
00822
00287
01810
01555
00451
00948
01156
00029
00946
01591
00901
01607
00020
00681
01750
00052
01841
01053
03119
01740
01607
01531
14333
09989
09990
09943
09947
03561
09888
10001
09972
09858
10004
09747
09800
10002
10002
10003
10003
09806
09749
03711
09123
04755
08972
09117
08995
09128
01912
07644
06891
10773
07749
00208
07042
03652
09709
05306
08983
01247
09810
06048
09803
09823
09710
01547
09705
09975
08311
09801
09760
09767
10004
09932
08295
07068
09765
01704
00077
09472
08738
09954
01560
00648
01560
06917
09933
07336
09970
09970
09971
09971
07566
08305
09796
09165
10716
09808
07788
07789
08167
08169
08169
08169
09958
07501
07735
07738
07574
09969
09159
03769
09791
08359
07726
08218
07568
08304
07576
07552
01724
01998
09125
05366
00375
00375
01955
00798
02238
02302
10680
01147
09857
06222
01821
01956
10674
07649
11073
06024
06287
13017
13020
07774
07774
10806
10979
01874
02160
07345
00059
01438
00820
00012
00790
00765
00013
00817
01693
01814
01496
01523
00384
01649
01760
00253
00626
00046
00059
00101
01029
03719
10804
01760
01755
04835
01803
01754
00962
00053
01875
01772
00858
00215
00075
00826
01886
00666
00275
00681
00791
01933
00970
00950
01607
00019
00042
01759
00873
00865
01426
01897
01921
01924
01000
01465
01687
00681
01881
01069
00767
04835
00600
01866
00145
01885
00014
01525
00788
01845
00859
01918
00864
00548
00573
00058
01754
00759
00567
00930
00762
00262
00641
01919
00606
00074
01599
01633
01783
01091
00766
01609
00523
00567
00016
00382
00058
01458
01008
00219
01247
09941
00832
01104
01952
00088
01951
00135
00286
01626
00383
01596
00074
01687
01142
01755
01414
00627
00382
00764
00990
01265
00806
00981
00677
00748
01007
01951
00020
00943
00261
01580
01297
01061
01480
01130
00799
01714
00001
00285
00156
00703
00700
00705
00868
00432
01613
00101
00799
00286
00528
01915
00989
01241
00942
01139
01126
00573
01409
01297
00285
01469
01640
01939
00817
00940
01873
00554
01872
01426
00285
00523
01579
00982
01752
01061
01775
01461
00833
01637
00995
00997
01869
00147
01426
01912
00390
00945
00800
00831
00568
00626
00135
01867
00059
00382
00658
00164
00029
01647
03417
01659
01720
01689
01627
01937
01266
01620
01895
01908
01255
00059
00645
01442
00951
00763
00826
01972
01079
00761
00615
00134
00927
00925
00625
01455
01923
00252
00616
00796
00937
00043
01751
01760
00790
00569
01775
01092
00928
01897
00626
01840
01810
00640
00135
00823
00969
01945
00344
00003
01733
01256
01626
00566
01756
01940
00939
00979
00912
00059
00549
01507
01736
00052
00133
01817
01868
01920
01750
01520
01870
01439
00674
01358
01338
00059
01356
10107
09688
09689
09691
05816
05816
01501
00832
01338
00459
01754
01466
00773
05815
05815
00285
09965
13747
09694
05814
05814
09695
05813
05813
09794
07090
09690
00906
10763
05527
05596
11076
07506
07649
11208
11189
01894
01890
11074
00059
01652
00812
00812
00812
04059
02529
01644
04090
04090
12078
01953
12340
02237
06137
01601
12085
11754
11892
11749
12080
12084
12082
01556
11900
01480
11902
11927
11075
03746
01953
00821
11024
11025
11029
11005
11008
11211
05343
02342
00244
11085
12083
11023
11026
11027
11175
08483
11066
00151
03497
05973
03273
00856
03719
03719
09472
00059
03711
00031
11472
11473
11896
07516
11474
11811
03426
03710
03832
09123
12979
13069
01779
06041
00375
02278
06016
01816
07093
01647
01578
01029
06987
07734
00620
07240
02624
03324
02483
11898
08309
11733
04042
07535
11931
00602
01479
02450
01491
13051
13292
00655
01750
01750
13019
12973
11897
01950
11890
11907
11891
11901
11906
11753
11903
03524
11895
00023
11893
01243
11936
01895
00029
11004
07497
11731
11720
12079
12081
11003
11752
00812
03168
00285
01779
13890
13892
13889
00626
13288
12972
07246
07246
01534
13795
01961
12339
01474
12510
12681
12682
06020
08318
08224
01989
03574
13038
12573
00529
13652
00626
12510
12511
00108
12511
07104
14059
02169
01935
07793
14058
07516
01799
13796
02182
00208
12340
01782
06879
00135
01999
02051
00059
01652
09780
02106
01644
01997
01998
00281
07250
12688
13018
05921
17686
05921
07238
03566
06995
01958
02028
13643
13634
13639
05520
10778
00024
00529
08281
03710
13821
03566
01961
02503
06013
13891
07068
01961
13628
17950
14393
01070
00799
01714
13771
13651
13655
13766
00632
00941
00941
14347
03297
09461
07169
00799
14188
01066
03851
00529
02533
14160
03418
17322
04517
14267
00830
14441
05834
01524
14652
15126
07345
15125
15125
15125
14287
01470
14161
01011
07045
14261
07068
14162
14170
01607
14974
00480
00480
15551
15552
10009
06016
14470
14998
15054
16012
16013
15011
01426
11939
03321
02050
15012
15034
10010
00477
03500
06446
04085
00459
14742
02428
02031
02031
15724
06033
15461
15554
15634
15738
01715
15553
15792
01692
01692
11741
15357
01692
01692
08086
00122
01432
07130
15778
15268
00381
15866
15866
15977
12542
12541
15977
15977
12543
15977
16135
16092
16089
01799
15357
16090
01799
01999
16088
09969
09972
09969
16090
19611
16147
03301
16137
07045
02424
09972
16087
16087
02030
02029
02029
16053
09969
16087
02028
16320
14230
14230
01236
07038
01801
02000
22187
16515
15555
16319
16322
16165
02014
15270
16319
16267
19416
02473
07550
16783
10441
02049
02031
02032
16784
05825
02033
10440
10439
02473
07544
10009
02424
10010
00128
16203
16968
16969
11991
17713
02170
00020
16871
16844
15762
15765
02028
06445
17325
17323
17321
17247
11209
08738
17324
02029
17103
09691
01990
01990
01990
01992
01992
10112
03672
17680
00821
17836
19745
19745
00254
18029
18139
18138
18028
13995
03585
08351
08351
01652
01652
07068
02073
18030
21430
07068
18118
18235
18291
18306
18292
18289
18138
18308
21345
18138
18028
13995
17680
18307
00138
02483
21324
01978
11904
18480
18661
18778
18850
18902
14226
18900
18831
14225
14234
14234
14229
14228
14228
14237
14222
14230
14230
14230
14235
02847
07278
01971
18901
18903
07062
03526
18997
05898
19166
22468
02483
01992
01992
19338
19302
21323
01754
04771
19338
11209
14218
19577
21344
22278
00799
19713
07165
19670
00992
13609
01571
00799
06131
06131
06131
06132
15777
00799
19784
02503
06016
06016
06016
09023
08992
19804
04102
14578
16320
19967
20035
01977
01977
01977
20455
14228
14225
14218
14218
01985
01985
01985
01980
01980
01980
15035
20454
14224
14224
09788
20534
14225
14225
20757
14227
14227
14227
14234
14228
14228
14233
14232
14232
14220
14220
14218
14218
14218
14231
14228
14237
14233
14221
14221
14219
14219
14219
14219
14219
14229
14236
14233
14232
14237
14223
01214
21053
21023
08968
13877
00249
21029
03863
21323
21645
21645
21394
21393
21395
21405
03651
21416
21420
21417
21700
21645
10026
21495
21801
19591
21929
22024
00097
03892
05802
03442
08319
22129
22112
22132
22187
22209
22186
17759
22292
22296
17758
02257
00611
11206
00424