01990
01990
01990
17686
17320
00265
18333
01239
06147
00226
18955
18955
18333
18334
07317
16235
01278
01048
02428
16148
07114
13571
13570
01092
07272
06147
06147
02035
02033
01372
06147
10440
10439
02033
02031
02034
01186
11189
08483
06910
08969
07457
01523
00088
02851
00845
08372
05350
02030
02030
06177
02025
02035
02033
03294
07442
02823
13527
07025
02004
10118
01182
10118
10118
03316
15770
13640
00059
03711
09762
00016
00616
00852
10439
10440
00852
16787
16786
00852
06147
06147
03475
02822
02821
03647
00970
06346
02342
01760
07177
02004
01885
02055
02052
00845
01788
02035
03711
02077
03727
00674
07386
01372
06902
10254
02025
05595
01372
02004
02004
00033
16784
03593
01496
00088
07009
01409
01834
09704
02004
02004
01104
02428
07343
02433
01507
09118
09009
02025
01191
01191
01191
00852
01834
01784
02025
03488
00016
07776
07768
01243
00058
00700
02075
02074
02077
05794
01515
13787
03743
02755
02756
02757
01835
03469
03177
10118
02004
01489
01992
11263
01439
07503
02055
02052
02025
02004
04517
02004
00939
03699
03386
01784
04488
01470
16958
01885
01854
00567
05341
02004
02030
04763
00949
01262
02564
05350
02025
03294
02049
02050
02025
01104
02564
01814
01817
16960
00705
05343
15771
15772
04043
03687
03686
03975
02283
12510
06215
08681
02003
01662
01588
01589
11358
03701
03703
00014
06958
00927
01803
03075
02112
02114
05838
00057
01921
02054
02053
01744
07090
02115
06871
00800
00925
13788
00948
01951
04042
09710
02073
02071
02072
01950
00656
04069
01142
03733
02003
14170
06207
02003
04487
00767
00278
03517
06024
05896
02518
03076
02907
02988
02881
14260
03311
00615
03705
03686
06153
01870
06726
10441
02529
01091
01817
16785
03710
05349
10716
05349
02528
00919
03980
00384
03501
03217
08998
03536
02914
02933
02994
02954
02931
02895
02874
02961
02904
02878
02982
02890
02965
02886
02892
02926
02906
02946
01575
04072
07133
00997
02956
00962
02003
03744
02860
03684
03545
01358
01358
03544
14155
03313
06966
00240
00239
04096
07391
07460
00868
01740
02003
00286
02029
00865
02887
02916
02520
00134
03527
03088
01928
03529
11754
01443
00847
02876
02996
02871
00705
02529
02346
00075
02913
04078
03790
02343
06187
03655
00928
00928
00133
02054
02053
07089
01945
01933
00764
01952
01923
08289
01868
01159
03550
03551
03210
00759
01903
01902
00602
06188
06178
03977
00963
01091
05349
01919
03601
03602
03282
01524
07458
01647
01265
02959
03106
01883
01653
01652
03685
02911
07040
00763
00989
06960
01810
02029
06942
13653
07560
03589
01924
02563
03588
01925
01000
01929
03587
03438
03925
07738
01356
16264
03665
03578
01915
02935
02864
06901
02036
02038
02037
02040
01626
01626
12112
12111
02313
02338
03629
02470
02469
02529
00954
02884
03100
03470
12308
01224
03322
01443
01792
06871
07090
07090
03306
07220
02501
01693
00817
00013
01512
02337
06180
03101
02221
09772
03531
01304
08303
00554
03655
02902
11533
01714
07133
01649
03168
00943
02341
08659
01938
01620
03453
02950
02992
02355
02358
06199
06199
07133
07220
03701
00765
01783
01695
01696
01151
01881
13288
01996
01995
01998
01997
01999
02493
00262
07043
07133
04047
02529
01193
10119
10117
03655
05995
08281
07727
03816
03657
02003
02986
07010
01872
07447
01880
00878
03147
13525
00941
08369
02529
02532
01193
00886
07574
02835
02909
01462
03523
03524
02863
02867
02601
03073
00931
03979
02899
02888
07088
02429
07118
03655
01673
00384
06330
03655
01595
01867
00688
03426
02437
01354
00052
03800
07082
02654
01736
13829
03786
01937
09014
09015
09013
11717
00975
09761
02503
07042
00324
00324
00325
08177
08972
07478
06895
10007
10006
10005
10008
01876
01892
03762
02003
06287
00872
00003
01586
01887
00790
01704
01703
00937
00761
00783
03695
07454
02069
02356
03625
01956
01955
01591
00942
06999
01776
01778
07053
03657
02003
03088
11939
10805
13940
00796
01495
03798
00760
04075
07259
00048
00574
03439
07243
07230
02003
01421
01421
01057
00036
08659
03110
03320
04751
00990
02068
00099
03584
00806
01972
01915
00382
16786
16787
16785
03437
01889
01890
09974
01657
02500
06941
00981
02838
09903
02357
02967
01462
00031
01079
01442
04096
03657
03688
12267
00849
07166
09157
03216
03575
03043
03046
03657
00215
01714
01256
03431
01462
00965
02836
09812
09811
03664
02897
00826
02968
03596
00266
02013
03564
09161
03696
03704
04077
03704
03648
03924
01756
03530
00973
06950
03549
03424
02034
01874
07056
03734
12308
10441
06997
02990
02963
02939
02440
09760
00145
00620
00930
00611
03402
01940
01755
03154
03149
06950
01866
06442
00858
03631
03789
02340
02237
01869
03284
07006
16209
02529
02003
02435
02434
03628
04092
01873
10773
16147
01733
00147
00969
03823
01056
03723
01689
01524
01752
03624
11068
03466
02469
03724
02470
00831
02039
02548
04567
15533
01875
11068
00773
00528
03799
01624
01939
06199
06199
03484
00690
03484
00053
10240
10241
10242
00053
02029
00820
12308
03525
02034
01697
03654
07173
01775
01129
03707
06999
08296
00549
00297
01442
00982
00609
00610
01465
01591
00762
01079
04066
00604
01687
03060
00789
15342
02003
10119
10117
01421
01421
12410
01754
10119
10117
10117
10119
10117
07407
07090
06999
01494
02803
02804
03218
01792
00965
01201
00651
02108
02110
02109
02113
02111
07736
01770
01491
02945
00859
03702
00873
03086
00655
00766
03070
03565
00995
03466
04095
00791
06168
06890
01681
01807
04485
11753
02834
02519
02600
06173
02879
03040
02948
02952
02919
01250
08316
16923
11991
00951
16925
16959
16957
01190
01190
14219
14220
14220
14230
17195
14227
14228
14225
14223
14236
14219
14237
14237
14233
01990
17319
15582
15581
14225
14237
01992
01990
01992
01992
01977
01977
07012
01990
01664
17318
02028
02028
02484
01897
01897
01985
01985
01897
01897
14224
14235
14222
14218
14218
14218
14228
14228
14228
14228
14225
14225
14225
14223
14233
14229
14229
14219
14219
14219
14234
14226
14237
14237
14232
14232
14232
14230
14230
14221
14221
14231
14224
14233
14233
14234
14236
14218
14234
01980
01980
15580
03671
10112
02026
02027
02027
02027
02026
02027
02027
02027
02027
01739
07284
17836
07979
03767
02026
02768
02026
02026
02026
02026
02026
07284
11928
12574
17828
00661
00128
01183
01187
01187
02027
02027
02027
02769
01802
08168
01485
02031
02032
02031
02032
01838
02483
02770
15580
07133
07284
01182
15580
12267
16786
16787
02564
07154
10117
00991
04047
07133
07459
16235
01200
03574
03710
01214
10231
07171
06147
03497
03496
03502
03111
07473
03496
03205
03111
03169
03497
03496
07473
07473
03976
07062
03526
07816
07464
19119
00067
01790
01710
09951
19117
19118
19157
01621
19265
01785
01990
07496
12952
08217
01785
08156
00526
19710
13059
08744
02538
19955
18907
12132
12132
12132
20074
02529
01214
20814
21011
21012
00821
21636
02316
06191
04068
00558
02314
00558
00287
00560
01520
03553
06217
02031
02032
02032
03293
00525
02335
07005
18955
21471
03293
05364
21495
21498
21600
21739
10914
00936
22010
03595
22306
22397
22397
11206
08300
08301