14980
03560
14981
01006
14228
14229
14230
14230
14230
14228
14220
14228
03500
14233
01524
14224
08305
14652
13786
00568
02483
02483
14218
14218
00480
14228
06147
14229
14236
14223
07258
14235
02075
14219
01185
13581
09810
14219
14228
14218
14225
14233
14237
14221
14232
14226
14234
14233
08316
14234
02342
01447
14219
01835
12340
02895
02874
02961
02904
02878
02982
02890
02965
02886
02892
02926
02906
02946
02355
02992
02950
01142
10001
03474
00791
04087
04088
09985
03657
07152
02687
01972
03631
05807
02535
03531
03590
03589
01921
00075
01924
02563
03588
01925
01000
01929
01928
03587
02291
03210
00573
01875
03118
03117
03116
01207
00919
02523
01878
01879
00928
03313
03977
02108
14231
14233
14234
14222
14227
14227
14225
03088
06041
00963
01284
06213
06207
09131
02221
08311
03797
00783
09710
00969
00147
02197
02198
00982
10778
01867
03980
11753
02400
02421
02401
02410
02417
02416
02556
02391
02412
02387
02388
02408
02015
02015
02016
02072
02071
02073
00133
09791
07157
00605
02437
00281
01775
08309
01714
03664
03060
00762
09928
00997
03100
03685
03584
01918
00606
06980
01465
01883
03702
03624
12989
00384
00812
03704
01955
01956
03181
03086
09807
03527
07735
03575
06915
01915
04751
03701
02469
00954
04564
01354
02426
05366
07716
01256
00941
00788
03149
03154
03147
02013
02015
02016
07225
03832
03470
07566
01945
03179
00275
00208
01736
03602
01662
03215
03568
03640
09987
02909
02356
00788
13592
01159
02392
02386
02394
02393
02415
02419
02409
02557
10564
02390
02396
02397
06602
06601
02389
02420
02013
02111
02113
04066
03643
01869
06997
01895
09812
09811
05685
13888
01142
03466
03185
00240
00239
01613
00764
03558
04485
02939
02963
02990
07058
01755
01586
02340
00655
01962
00891
00773
00031
00826
01887
01129
11443
02996
02871
07462
02622
03801
06872
03744
00330
00331
00332
00333
00334
00337
00338
00339
00340
00341
00342
00343
03524
01881
09808
09159
01356
03642
00943
02341
01874
03424
06167
01004
03185
11717
09015
09013
09014
04487
07018
03704
01999
01997
01998
01995
01996
02435
07447
09456
00609
01465
08591
04096
03168
12573
02913
00768
05539
01961
03625
00794
00793
11752
07738
00600
00145
02259
03665
03666
00029
09458
09458
02517
04080
13589
01745
00858
02503
01752
03046
03043
02935
02864
02863
02867
02601
03073
02358
03218
10003
10002
10004
01873
00573
11927
00645
02078
09458
07082
00942
02528
00097
03771
04744
11720
07091
02339
00940
03703
07115
12257
00053
11737
13772
13598
13599
01358
03544
01338
03530
04094
03545
02434
04042
00820
03655
02337
00937
03684
01876
02621
07552
07390
01952
01952
01952
01923
07002
01756
01783
13587
11175
01933
03723
08300
01448
05366
02836
03564
01866
03630
01265
06206
01776
02986
03770
01803
03075
01937
01627
01689
00161
00162
00627
00382
03644
12506
06916
01778
03110
06190
03501
03495
03650
03628
01939
03089
06180
03466
03282
01915
01057
01491
07289
09761
01919
02970
01810
03522
03521
07090
03601
01246
02034
13588
13584
00566
03924
03216
06942
01056
02897
02380
03695
09862
06287
02518
01588
01589
02919
09769
00790
03561
03431
03798
04075
03550
03551
07107
03562
03641
01623
00927
00134
00615
09888
15738
03089
07736
02911
03814
00795
02114
02112
02115
00242
02884
00554
02860
03733
05527
09883
09125
02902
00602
03500
03799
02959
04092
03106
01673
01951
02498
13747
00382
00658
00164
01902
01903
00024
13583
02199
06187
09747
02343
00979
13894
13895
13896
01920
02040
02037
02038
02036
02039
03978
03217
03536
02914
01591
00215
07056
07460
00286
02406
00311
02110
02109
02109
06956
00620
03070
02835
02493
05813
01126
01951
00948
05810
13292
07638
07659
00931
03979
02899
02888
09823
03543
01581
07146
00528
06193
04077
04078
01892
03437
06969
05788
11719
09774
06861
04566
01940
06941
03671
01251
11754
00930
03596
06173
00604
01462
09760
10773
02916
02887
01889
01890
11605
11606
09790
00763
13688
02945
00945
00800
02195
02194
01681
02968
02313
02338
03629
03786
02297
02298
02299
02300
00208
01716
09826
01255
01419
03667
00962
02956
02834
02519
07742
02600
09748
03439
00789
03820
07042
06168
03789
03684
01870
06178
07001
03592
09778
02527
00912
03572
01494
03523
03745
03438
08281
09799
14058
14441
09773
06287
00859
06890
03101
02160
00111
01495
08998
01868
04764
00648
03621
01963
06203
13038
03688
03183
02470
07391
07278
09800
02520
07043
03705
03687
04043
03686
09924
01807
03594
01647
02029
02029
00748
00677
02372
02536
07277
11749
00981
02838
09903
02357
02967
03555
03071
07113
04083
01872
07478
02879
03040
02948
02952
03076
02876
02907
02988
02881
02933
02994
02954
02931
02428
14230
14232
14237
00647
00867
01424
10563
01092
00101
09471
00799
03593
02033
03498
00059
00674
11604
11607
02193
00564
03177
08738
06147
01439
06196
03469
07027
03455
03743
03499
02035
02035
00970
02200
02200
03153
02035
02533
07258
15371
16079
03204
03204
03203
03203
03201
03201
02358
16053
01069
06909
16234
01980
01980
01985
01985
01977
01977
16783
16784
00336
14998
02030
02030
01834
03559
07102
17103
01983
02028
03769
03711
03647
02074
02077
05814
05815
05816
00088
01507
02116
00616
00241
01885
01916
00383
01885
09949
06147
01092
07126
00949
05524
02427
01679
06179
06147
00939
00852
01470
01409
04763
13628
01048
03574
01934
11532
01262
02433
17680
17675
00128
12574
00254
01286
00329
00356
21449
21449
16079
16079
03704
02806
02806
01915
03446
16079
18588
18707
08598
03204
03203
03201
03205
03196
03111
03497
03496
08598
08598
16898
03761
00335
03526
16899
00611
04771
02031
04771
19302
00526
19577
00525
19689
06132
08744
01139
09796
01520
09882
04095
03198
03197
03197
03198
03198
03197
03195
03199
03199
03199
03195
03195
00821
06952
02314
06217
02316
03676
06191
00287
00560
03553
09806
02335
02032
03293
03296
21449
21449
01144
21603
21929
21929
05802
03595
11991
02257