07697
07697
01421
05739
07697
02862
07729
07052
01777
07680
00602
07260
19310
00805
14665
15770
01297
10040
07284
02236
18924
04103
06994
01476
00382
06207
00627
00162
00161
01462
02276
02274
02275
02259
03588
07175
03499
00426
05823
00937
10112
08963
00899
00549
07124
00286
01752
01752
00784
01531
07507
02346
08969
08483
03710
02564
01443
06024
05896
09763
02859
06407
06407
06406
06405
03308
03091
06379
07258
03438
00077
02911
07040
07177
07001
00954
09807
06901
03284
00756
03783
01839
04763
07084
00793
00794
01012
02169
02170
01935
00833
03315
00930
00145
00283
00282
00605
00891
02563
00548
00259
00059
01755
01940
00925
11065
00858
01895
03151
06286
01761
02986
00845
02913
02039
02036
02038
02037
02040
04564
02076
09816
09817
01151
03527
06967
03086
02316
09773
03584
03595
01489
07042
07037
06217
06438
09117
01866
01895
04766
04768
03282
02529
01924
00763
03466
01448
06878
03439
01975
01439
07007
02970
09761
02687
03686
04043
03687
03705
03596
06012
02968
02340
02238
01493
09710
00969
07574
00014
07015
01613
03091
02913
00500
01724
07104
02013
02015
02016
03624
00876
08303
08303
07082
07447
01872
03581
00566
07478
01876
01892
07560
00759
07462
03210
00773
07568
03551
09984
00851
00616
00033
00615
00036
08987
03837
09936
03550
02016
03517
00767
00278
02003
03979
02899
07584
02888
08301
03100
05340
03635
03753
03750
03637
03639
00641
01869
03455
02003
03088
03315
08884
06377
07533
05366
01647
00140
03547
03546
00216
02361
05375
03530
03310
09768
00876
07090
07736
03100
01304
07160
03100
06201
02035
02033
02034
02031
01918
01579
03722
00812
02086
10773
05366
03700
07444
01299
01265
03816
07148
08989
03469
01091
00560
00287
00655
11068
03116
05795
05795
07058
03100
07300
01676
01247
06173
01425
00656
04069
07071
03565
01638
01637
03704
02250
03100
00819
01953
01772
03781
03320
09767
00243
07533
03695
00648
09458
01867
02035
01679
05995
06196
01753
09903
11102
01744
00027
07717
07719
01914
00928
00648
03665
08223
01738
06153
08310
00285
02003
03076
03118
07152
01953
03111
01887
01870
09759
03308
09962
01091
00662
01738
06994
00800
00817
01736
00116
10555
10557
10556
10558
11216
00558
00558
00783
07652
07668
01939
02314
02939
02963
03111
02990
06942
03497
03497
03501
03495
03650
06346
03217
03536
02914
02518
02919
02952
02948
03040
02879
06173
02871
02996
01448
03593
00865
03431
00820
00059
03153
03154
03149
01546
01547
01548
07646
06901
02759
02760
02761
00390
00860
00366
03308
11102
03311
05916
07090
03306
07220
03784
04564
06373
01588
01589
01756
01923
01952
01952
01952
00764
01933
11175
01945
07094
03657
01972
07090
00294
02071
02072
02073
02435
02433
02434
01091
00135
07043
03761
00558
00558
02314
07090
03790
02760
02761
09001
01754
08151
01834
07090
07258
04566
00003
01921
03707
03315
03387
00899
08963
02015
02015
02016
05548
00426
07078
00059
05593
07006
00003
01733
00872
07507
07001
06182
01868
02003
07238
09936
09936
03825
00231
03704
00133
03088
03088
02160
01640
01895
07139
03575
07586
00265
01845
03564
09825
03216
07180
09786
01387
03300
05816
05814
05815
02035
06131
08602
06886
07816
00858
06180
00973
01790
00067
00208
01657
01658
00766
01609
01817
01696
01695
03308
00826
01652
01653
00053
01687
01754
07282
07150
03322
07146
00077
01619
00756
01489
01669
09822
05577
02548
03325
07282
02106
01118
06200
08369
09153
05339
05338
07704
04564
11068
00364
02250
02003
02445
02012
02472
03980
00963
02372
03569
06283
06381
00790
00343
00342
00341
00340
00339
00338
00337
00333
00332
07778
01265
03088
01887
01480
00797
01126
01821
06885
02016
02013
02015
02015
03648
11626
11616
11615
06406
06407
09762
08974
00384
06019
06023
08972
03701
03702
03797
09811
09812
02836
03070
05808
03704
02240
01803
00927
00134
05311
03092
06405
11618
11617
11622
00003
00651
01740
03609
03610
03571
03570
03569
03630
06287
01873
01845
03752
03638
00789
00331
00330
02114
02112
02115
02111
02113
02109
02110
02108
00761
00600
01808
02777
07566
06387
02493
02835
00857
02909
03628
02446
00790
01624
01937
03048
00074
07693
01698
01719
01749
02497
02492
03978
01338
04076
03544
03545
00604
01462
04066
03060
00942
09777
00762
01591
01955
01956
01465
00609
02825
06180
05845
05846
03758
01438
01448
02016
00824
00851
03299
00033
03090
03594
03407
00012
07240
03478
01222
02759
02761
02760
00797
01611
02759
02761
02760
00425
00426
03893
03147
03303
00824
06374
06178
07399
07775
07651
09793
03311
06878
06385
06385
01834
01775
00375
03466
06976
03100
08884
01126
02338
00453
01556
00382
00627
02002
03088
01807
03933
02072
02071
02073
07552
02031
02032
02035
00286
05340
02018
02020
03424
02035
02033
02034
00457
00451
02033
02034
03311
10979
07106
02809
02810
00619
07124
03923
03781
03654
00384
00945
02945
01823
03977
00057
06398
03530
01495
03183
00940
01736
01735
00817
06973
01734
00606
01938
03088
00432
03924
00370
00371
00373
00374
03639
03750
03635
02575
07088
00363
00362
07322
06416
06950
05396
02003
07734
00831
02553
03976
01892
00873
00059
01867
00099
01921
01929
05592
00997
01775
06959
03095
06925
03789
01409
06158
01926
04078
04077
01951
06901
06153
01652
01575
03652
01448
01750
03723
04769
02499
07571
06382
04075
00760
03798
03525
04083
01738
01665
02619
00796
01633
00950
04567
03708
03696
04485
07067
00991
01770
09698
00640
01883
11145
03218
06962
03091
03073
02601
02867
02863
02864
02935
03043
03046
07590
02950
02992
02355
02358
02946
03311
03499
02829
02828
04758
02040
02037
02038
03707
03740
03739
03367
03327
06153
03498
00826
01652
01653
00053
01649
00052
01703
01704
02502
00765
00013
01693
02501
01814
02500
01496
01523
04486
01586
06949
04047
09815
00567
11210
03284
07089
00147
00931
00286
10255
07727
00876
03924
03781
01486
02003
01007
07217
01744
07717
01425
09932
02906
02926
02892
02886
02965
02890
02982
02878
02904
02961
02874
02895
02931
02954
02994
02933
02881
02988
02907
02876
03076
00939
01265
03101
01870
04074
02221
09772
06997
05810
03091
03091
06383
03531
03590
03589
00075
02563
03588
01925
01610
01520
03781
02051
02049
02050
07173
08998
01673
00425
00426
03969
04759
04758
00760
00558
03502
01000
01928
08384
08724
07095
00989
01776
06188
02557
02556
07107
00240
00239
00241
03703
03671
03522
03521
02016
02015
06969
08600
02013
03790
09699
00167
00166
00382
00929
00263
01126
07699
06399
03631
03402
06442
01662
03602
03601
03625
02160
06397
06396
06394
06393
06392
06391
06390
02356
02015
02016
03311
06182
07456
09888
03471
01893
01890
01889
03437
06950
02887
02916
02520
01868
11144
03346
07738
01611
00134
00859
10563
02335
07636
07658
00031
01647
07113
00873
00850
03786
03716
03800
00027
02337
01962
01963
02003
00874
01042
01465
02549
01911
01661
08680
02551
02552
02548
03704
00688
00975
00975
00700
00016
06223
03273
00558
03449
01442
03698
02440
00864
00111
03088
07533
03469
03704
03666
07023
02556
02557
03413
03407
02417
09770
02396
02397
02407
02422
02387
02388
02408
02409
02410
02411
02412
02389
02390
03402
01478
00611
03758
00926
03169
00878
00788
06902
01881
09167
08981
00059
09167
08981
01599
01772
00231
07004
03800
06885
03088
03415
02406
02417
02416
02417
02419
02420
02421
02401
02400
02404
02392
02012
02011
01834
01953
01778
03885
06193
07313
00027
00375
02379
00123
01126
00259
00763
01744
03303
03305
02016
02015
02015
02013
00639
06131
03303
09136
00658
00164
11071
11070
11069
06180
11473
02647
00782
01999
01995
01996
01997
01998
00978
00768
00612
00425
01262
03169
03311
00016
03823
03654
01448
03310
01714
03740
02372
09680
02313
02338
03629
02470
02469
00088
07258
06215
08681
01875
02343
09747
06187
06317
00943
02341
07461
07056
06284
01874
03424
05985
02528
06436
00919
09685
06412
04042
00948
01056
03486
02818
02819
01226
03310
02445
02529
00852
06726
10441
10440
10439
00616
01114
06153
03305
00023
03821
02012
02011
05306
03430
09798
06920
01737
10026
03647
00525
00526
02446
01834
03644
09014
04488
09013
02073
02073
02072
02071
02283
02279
01990
01990
02437
07035
00016
03217
01874
06911
03455
03310
04047
07507
01810
09779
07570
04565
01880
03523
00963
01255
03885
11637
06966
07148
03310
03310
07118
03885
01866
00075
06199
06199
01725
11031
02013
02015
02015
02016
03664
03928
03075
01689
12263
07074
02242
02254
01259
01259
01259
02443
00703
02239
08964
08965
08966
07105
01270
07304
11753
11752
04780
02443
12267
03810
11614
03496
00686
01426
01426
01426
00575
00575
03704
07034
06976
01755
00059
09775
05786
03593
03635
03750
03639
02379
00123
11103
01356
01915
03713
03665
03666
00791
02768
02769
02770
00882
08976
03530
03830
01356
00962
02956
03177
02834
09764
02519
07742
02600
09748
03763
01881
00099
00981
00806
02838
09903
02357
02967
03706
03667
01419
03733
04094
03168
04096
01902
01903
03470
03100
02884
00554
02860
06960
02959
03106
09787
03110
02078
00059
00645
03621
03655
07030
02902
01783
06949
06941
03500
03529
03685
02016
02015
02015
10536
01126
03453
03933
00978
03088
02621
02622
04068
08591
07107
02342
01681
03523
02013
02015
02015
02016
01142
01247
01258
01834
02563
07137
03572
03555
00175
00174
06416
09769
03553
00995
00059
01709
01448
01387
07507
07104
06999
07736
01468
01712
01745
06196
07090
09976
00615
02042
02042
02041
02044
03710
03466
01714
00928
00133
03704
01771
01771
10039
07098
12574
01182
09607
01992
01992
07052
01784
00128
11928
03530
00260
06302
06298
06384
06431
06432
06433
06411
07729
03888
01104
15975
07729
06422
00491
00634
03574
03406
00657
01843
01176
00657
07228
00657
07729
06310
06311
06304
00655
06306
13300
06294
00215
01720
00274
00274
01069
00694
11072
01243
01628
02277
01271
00537
03921
04749
01934
06349
02598
02490
03711
06889
06889
13052
06334
06333
08967
00805
06889
06889
06889
01200
01739
03429
03722
13280
02000
06423
06425
06426
09702
06311
06312
06312
06325
07396
01034
00640
00626
00626
00626
11686
11619
01710
06168
01092
03524
09015
04487
04487
04487
00661
03636
11638
01281
01243
01243
03636
03666
03666
02237
05946
05946
01358
01358
03386
00024
03762
00661
01569
03636
01243
03688
01436
01436
06714
10536
11717
07098
07098
02303
07098
12257
03768
03657
06895
01118
03657
03574
04767
06408
01654
01777
01784
06419
00951
11754
01961
07284
03811
13767
06395
07052
03296
01077
05520
06183
07025
07025
01424
01104
01104
03321
02347
18925
06305
13256
06295
06299
06300
06301
13256
13038
06303
08234
13281
06341
06342
06307
06342
06308
06308
06413
06417
06310
06348
06350
06351
06380
06386
10810
01424
13275
01119
01119
01119
02945
03887
07192
18231
13531
04091
11085
00058
06378
01990
02823
09963
09963
06409
01897
12511
06402
05281
06320
00128
18925
03406
05020
00131
00019
04518
12574
15518
01897
12510
06421
07017
06410
12573
06345
00104
01421
01421
00841
13730
13652
01534
13542
01534
01779
01779
01779
03406
03406
03406
03406
03406
03406
03406
03406
03406
03406
06415
03406
03480
03741
00951
01990
02057
01992
13789
02004
02004
02004
02004
02004
02004
01916
02217
09776
03317
00611
03294
01537
00863
02004
06956
01479
03294
03294
03215
03657
03574
03294
03328
03294
02503
13075
01537
00949
06347
01491
04072
13953
13292
00666
07250
09457
00625
07496
02069
00675
00675
00034
18924
07729
06518
02068
06518
06318
06322
06325
06327
06328
06330
06332
01791
06313
01077
01990
06418
06425
06428
04096
02824
06404
00620
05337
00302
00302
01515
06335
06336
06370
02826
06371
06375
06400
06401
06403
08986
01994
03317
03317
06979
12574
13853
06867
03547
01273
03574
04517
01958
11184
00958
13653
01961
01759
10680
01455
13532
07697
05799
03886
11535
14228
14228
08222
00974
13955
02004
02004
02004
00318
00042
11535
02205
07213
02827
00652
07228
03719
04750
02057
08978
07516
14230
14230
03293
14233
14233
14233
14233
03296
03491
14392
01560
02304
01560
03088
02056
07979
02116
03093
14229
14229
14229
14229
14229
14224
14224
14224
14224
14224
14224
05822
02116
06958
02116
14237
14237
14237
14237
14237
14228
06893
14220
14220
14220
14220
07705
07052
03088
05847
01449
01990
07476
01983
01990
03758
07791
06133
14219
01449
07025
00318
11189
02851
07335
06994
13653
13770
00632
06714
06304
13530
13530
00472
00121
01664
06867
01784
08602
14155
08777
07117
07723
01011
01187
06131
01434
14221
14221
14221
14221
14221
14221
14225
14225
14225
14225
02010
02010
00941
02029
07219
14338
14226
14226
14540
06131
14233
14233
14230
14230
14230
03436
00863
14234
01449
09190
14236
14236
14236
14218
14218
14218
14218
14218
01992
10947
02001
09682
00433
14230
14230
14230
14230
14230
01978
00344
04757
14228
10907
07052
07284
14393
00868
14233
14222
07404
08221
02803
02804
08602
04750
01759
02005
01980
01980
01980
01980
01980
01980
01980
01980
01980
01980
01980
01980
01980
09145
08177
08177
14205
07491
01447
02005
03307
03324
05601
06131
01992
01992
01985
01985
01985
01985
01985
01985
01985
01985
01985
01985
01985
01985
01985
03892
14227
14227
14227
14227
14232
14232
14232
14234
14234
14234
14234
14219
01286
00459
07691
14188
05346
14219
14219
14219
01449
14225
14225
14225
14225
01992
01857
01101
01183
06147
02249
00675
02205
01524
06319
01239
15035
03758
06314
03088
01760
01784
14231
14231
14231
14231
06595
14237
01048
14166
01990
07052
06133
03293
14235
14235
07052
14228
14228
02304
14223
14223
14223
14223
01081
09607
06344
01271
11033
11034
11034
01977
01977
01977
01977
01977
01977
01977
01977
01977
01977
01977
01977
01977
01117
01090
07149
00344
00001
11032
01992
01046
01286
03574
01759
01447
01759
01447
09683
07149
02476
01046
01239
00102
01200
01286
01992
01447
05303
01286
01286
02480
01992
01090
07222
01239
01183
01239
01990
02030
02028
10041
01090
01447
01286
01286
01286
01992
00666
00001
01992
01992
01990
00020
12960
07149
00557
06948
06919
19689
14652
14647
02004
16013
01990
16012
03297
03086
08153
03307
00666
01073
03574
00128
15652
15600
15599
15598
02475
03574
01447
01992
00960
02491
01286
01447
11035
11035
11037
11036
06147
07496
10947
11749
08713
06343
00564
05592
03293
03817
00571
08651
03611
00059
07050
03206
02031
02428
15580
15640
15580
15519
01252
04748
15554
15633
15771
15772
15256
15738
09022
15553
02032
06147
15582
15583
15581
10823
15580
15580
15580
07130
02363
02032
02034
01835
03839
03839
15976
15977
01118
15986
07260
15973
15975
03417
15973
15975
10040
10010
16137
07496
07496
10716
02424
10009
18926
10716
16044
16188
07038
16216
16509
16511
11733
18682
01400
04759
16509
16511
14220
14224
16785
15580
15580
15580
16323
16169
11735
16263
16264
03321
16654
16786
00090
16787
16785
05813
16789
02033
20107
20108
18344
02030
11636
11636
11636
11636
11636
16786
16787
16881
11635
11635
02004
18345
11991
10819
00355
16869
16898
00355
16786
16787
16785
15555
02003
16924
16927
16899
16937
16937
17103
01992
09607
17217
17216
17103
17218
17462
02029
02028
01992
07260
10947
01990
01990
01990
01990
01990
01990
01990
01992
19309
01992
01992
01992
05592
17472
17686
17836
17836
17828
18115
17836
17837
17733
18104
02479
01759
08168
21379
18220
08221
00004
17910
00663
07145
07145
21472
01286
13010
06880
18118
21993
18234
19302
19449
06372
21113
07260
18346
03742
12555
12555
18640
06896
18672
18707
18692
18929
18928
18924
18925
03790
18907
03790
03790
06147
03789
07171
18967
03790
03790
19055
03466
19005
01872
07029
03526
18979
07816
14742
19170
00354
01081
00798
01897
21900
12132
19271
01567
01992
19302
00638
01992
19405
08217
01990
01990
01990
19411
19350
03574
19302
18567
06881
00887
19689
19689
19701
19701
07315
01258
20480
20481
00547
00297
15777
19802
19955
21636
05770
19975
19976
19973
20074
20201
20116
20117
20118
20390
20391
20418
18889
18889
18890
18890
20534
20742
11751
01208
21029
20895
21029
21029
21064
08968
00821
00821
00435
07258
21416
21417
21405
21481
21464
21465
21465
21465
21467
21467
21468
22044
21471
21567
21613
21567
21490
21600
21713
21828
21929
21935
21902
11923
18244
21993
21903
00754
01463
22135
22136
01585
14274
22112
22132
22106
07456
22278
22278
02257
13566
01551
18672
22441
22491