10563
01419
09811
02426
04087
04088
09808
06179
06180
09903
03671
03673
03798
09013
09015
07390
01159
00341
10026
09780
09791
04487
01892
08312
00631
03149
03820
08483
02045
03683
01903
01902
03060
03655
02335
02343
01589
01588
01883
03657
02470
02338
03536
07462
04567
01879
01878
03644
00867
04772
03801
09812
05997
09014
03177
03154
07337
03431
06920
09747
09800
09897
00793
07259
01738
00794
03148
03979
00297
00648
09810
03799
04077
03667
09823
06173
01749
02909
04066
02913
02902
03628
05807
03695
02884
02860
02959
03106
03563
03553
03555
06204
05515
05837
07404
02169
02945
00610
03544
02299
03151
03980
03474
03595
03596
02835
02494
06942
03746
03551
03550
03634
03466
02518
02946
02906
02926
02892
02886
02965
02890
02982
02878
02904
02961
02874
02895
02931
02954
02994
02933
02881
02988
02907
02876
03076
02919
02952
02948
02986
02879
03558
00343
00336
00335
00526
01921
02897
02500
04770
07566
02078
02911
03610
03609
03608
02796
02795
03446
03543
02887
02916
02520
03469
07400
02170
07235
07236
07237
02950
02992
02355
02358
09801
00334
00331
00330
00525
02469
02501
00813
01716
03737
01679
03424
02341
02619
08300
04773
00134
02793
02794
01665
01889
02342
08306
04564
03043
00163
02563
03438
02372
02337
01962
08311
03583
03582
03581
01664
02314
01956
01955
02528
03771
03073
02601
02867
02863
02864
02935
03046
03531
02967
02357
02838
06142
03573
04043
03686
02968
06186
03664
02939
02963
02686
02990
03218
03665
03666
03572
04568
02356
04078
03210
03072
03074
03625
07278
03687
03086
02970
06153
02858
05592
02956
02834
02519
02600
03075
03624
02899
02888
09760
03977
03576
02871
02996
05787
03147
03150
03571
03570
03569
02160
05595
03110
07042
06168
03528
03616
06075
03839
03640
03517
03316
03111
03978
04079
02914
08998
03650
03495
06980
00954
00956
00957
00381
00380
02340
00609
03545
02297
02298
03685
02339
02493
01056
03168
06131
03040
03473
01963
00342
00340
00339
00338
00337
01448
07568
01095
03648
02316
00974
02344
02427
01624
01807
09908
04477
02110
02113
02111
02115
02112
02114
02109
02108
03101
09998
09999
03786
10000
09997
09808
02302
11179
10914
03704
00647
02075
00116
01952
00600
01092
00940
01810
01610
00789
00549
00651
01867
01783
01735
00891
00998
00790
01945
00788
01414
01719
01972
01923
01933
00937
00615
00616
01866
00275
01886
00942
00939
01778
00820
01776
01739
01803
00850
00640
00057
00762
01520
01626
00554
01919
01872
01770
00991
00860
00390
01737
01689
01937
00970
00950
00606
01918
01869
00969
00995
00833
01012
00652
01935
01834
00831
00800
00945
01338
01358
00077
00795
01662
01887
00997
03100
01873
01255
01916
00919
00948
00208
01147
01591
01497
00036
00873
01876
01875
00384
01736
00764
00925
01151
01885
01868
01069
01920
00075
00382
00627
00767
00859
01924
01925
01000
01929
01928
01265
00099
00806
00981
01760
00560
01870
03527
00287
01525
00097
01939
00791
01613
01744
00773
00946
01507
01881
00858
00278
01409
01633
00655
00962
00796
00927
01934
01951
00088
01495
01494
00033
01814
00817
00013
00765
01893
00604
01462
00014
00566
01756
00943
00059
00645
01465
03089
11107
01874
03217
01890
04042
00602
02784
11175
01961
04075
11755
03386
07735
11753
11733
01243
01491
05368
13292
11754
11717
03524
01089
11940
11749
11752
13038
13288
04080
06879
13378
02048
02047
02046
13788
12573
13634
13694
14223
14228
14220
14234
14232
14237
01977
01977
14225
14228
14229
14228
14233
14233
02217
00941
14236
14228
14223
14232
14234
14218
14228
02074
14230
14219
14233
01985
01985
14218
14235
14221
14219
14231
14234
14227
15035
14226
14237
14230
14222
14230
01980
01980
14219
14742
15724
14219
01082
14224
14224
00254
09022
02424
10009
16322
10010
02503
17713
14225
20862
07320
03526
19235
19810
02257