03799
01892
02775
02774
02773
01807
02525
02020
02018
02440
04565
03296
02002
02034
02034
02032
02031
03647
00525
00526
03484
02026
01990
02025
04564
01674
06434
02768
02769
02770
02054
02053
02052
02055
06327
02530
02003
02781
02782
02783
02783
02051
02050
02049
02011
02012
02010
03483
02799
02800
02798
02519
02600
03763
02357
02838
02967
02405
03411
03410
02400
02421
02401
02420
02419
03413
02417
02416
02415
02385
02390
02389
02413
02412
02410
02409
02408
02388
02387
03706
03667
03733
04094
03168
04096
01902
01903
03470
03100
02884
02860
02959
03106
03110
03529
03685
02078
03621
03655
02902
06414
03500
04066
03060
03885
03644
04488
02016
02437
03664
02010
02012
02034
02033
02035
02760
02761
01222
02823
01955
01956
04074
05810
03091
03091
06383
03531
03590
03588
00166
06399
03631
03402
03602
03601
03625
02160
06397
06396
06395
06394
06393
06392
06391
06390
02356
03716
00283
00282
02245
02244
02243
01449
00648
02837
01955
01956
03408
03407
02039
02036
02036
02038
02037
02040
00285
02899
02888
02013
02015
02016
02015
02016
02026
02025
02027
03697
02026
00609
02824
03438
03925
02911
02277
02276
02274
02275
02259
06207
02034
02033
02035
00161
02031
00162
05823
00167
05520
03700
05366
02086
03722
01448
03478
02803
02804
03654
03169
03310
02829
02828
02827
02826
03415
01681
01356
02346
06413
03666
03572
03555
06328
06416
03553
03466
06411
06410
02956
03177
02834
06402
06401
03523
05520
03609
03610
03571
03570
03569
03630
06287
06380
02236
06417
02497
03978
04076
03544
03545
01704
01703
01653
01652
06298
01994
00240
00239
00241
03703
03671
03522
03521
01889
03437
06426
02887
02916
02520
02004
02003
03346
02335
01962
01963
02337
03698
04773
06418
03151
06286
04486
02986
03693
04766
04767
04768
02529
03466
06183
02051
02049
02050
02016
02013
02015
02015
06180
03101
02027
02025
02016
02015
02015
02016
02529
01990
02529
02775
02774
02773
03481
02749
02750
02026
02025
01808
05593
02011
03530
03885
03928
03075
05311
03092
05847
05846
05845
05846
02500
02501
02502
06019
06023
03701
03702
02836
03070
05808
03704
02422
02407
03563
02397
02396
02398
02242
02240
02035
05832
01056
01989
06442
09761
03328
02406
03310
03783
02083
00839
02050
02049
02015
02016
03484
03823
01104
06350
02755
02756
02757
03488
12132
00575
04042
09963
09963
02313
02338
03629
02470
02469
02035
02343
06187
06317
02341
06284
03424
05985
02528
06423
06412
02897
03723
04769
02563
02499
03300
06382
03798
03525
04083
01665
02619
04567
03708
03696
04485
01883
03218
03091
02913
03073
02601
02867
02863
02864
02935
03043
03046
02950
02992
02355
02358
02946
02906
02926
02892
02886
02965
02890
02982
02878
02904
02961
02874
02895
02931
02954
02994
02933
02881
02988
02907
02876
03076
02518
02919
02952
02948
03040
02879
06173
02871
02996
01448
03480
03593
06349
02031
02032
02034
02033
02035
03088
02003
02004
02003
01990
03499
03317
02526
02809
02810
02025
05916
02443
03534
02027
02025
02026
02027
07052
06718
09962
02759
02761
01222
03478
03300
03707
04045
02003
02790
02791
04486
03707
03665
05786
04749
04757
03090
05518
03095
03810
03704
03892
03893
03741
01624
05593
03789
01409
06158
01926
03116
03118
04078
04077
09013
02025
02026
02101
03337
03338
03336
03335
03307
01624
02769
02770
03449
02760
02761
02759
03491
03785
02032
00958
00380
00381
01990
03186
02760
09811
05896
00087
00087
00087
00087
02564
06206
06415
06147
03799
03744
03088
03698
01802
02503
01990
01992
06196
00231
03979
06209
04518
03517
03550
03551
03210
06409
03072
03074
01892
04487
03581
03624
02034
03800
03091
00362
00363
00362
00372
02575
03530
05571
05570
05569
05568
05567
05566
05565
02239
02237
01493
02238
02340
02968
06385
03596
03705
03687
04043
03686
02687
03324
02970
06217
03595
03584
01878
01879
02316
03086
02076
04564
02913
03315
03154
03149
01679
06384
04763
06153
06153
00384
00364
00299
07560
06213
01734
01739
07095
02777
06378
06379
03091
06405
06406
06407
06408
00793
06131
06405
06406
06407
06373
06374
06178
02015
02013
05337
03654
01449
06313
02945
03977
06398
06285
03183
03179
06208
01696
01695
04517
03886
03887
03888
08969
03453
03976
02048
02046
02047
02045
05833
02035
02033
02034
02042
02042
02041
02044
06147
06147
00111
02443
03310
02818
02819
03486
03436
02768
02769
02770
03308
03781
00426
00425
03565
03575
06422
03564
01447
01042
07284
01029
05878
03816
06200
05349
04047
03100
03475
00483
03637
03752
03638
03639
03750
03753
03635
03636
02598
00123
02379
02030
02029
02029
02028
01448
03924
02003
02004
04079
03303
03316
01588
01589
02016
02000
02001
02002
02015
02015
02013
03657
02057
02056
02057
02435
02433
02434
02822
03475
03299
01811
02782
02783
02781
02035
03308
01990
01992
03088
02556
02557
02621
02622
05846
05845
05847
01652
00848
01813
06610
07566
07793
03648
03169
03781
03311
03308
02483
02954
03784
01028
02106
03406
03088
02032
02031
02034
02033
02035
02794
02795
02793
03424
02939
02314
02963
03111
02990
03497
03496
03497
03501
03495
03650
06346
03217
03536
02914
02026
01990
06199
02002
02418
02035
05566
05567
05568
05569
05570
05571
05565
06024
07173
03431
00872
02346
02372
02392
02392
06283
06386
06381
02114
02112
02115
02111
02113
02109
02110
02108
02116
01808
03406
06387
02493
02835
02909
02768
02073
02073
02073
07107
07699
02490
02071
02071
02071
00836
09388
02072
02072
02072
06969
00954
01258
06288
06347
06904
00266
03628
02446
01624
03048
01449
06305
08384
07090
07071
06942
07651
00121
02862
07175
07094
07697
07156
07693
07696
07683
07720
07720
07720
07720
01118
07118
07112
08681
06920
08600
07192
05879
07778
07777
09825
07007
06215
06949
07793
07795
07636
07107
07160
00602
06886
03768
06895
07001
07406
07406
07305
07507
02411
06901
07032
07304
06997
07025
07088
07106
08174
09903
09888
03800
07038
08981
10780
07444
06877
05592
00782
00783
08998
09763
09764
09793
08974
09779
09775
09777
07304
10851
09014
01419
00373
08221
07979
00370
09787
03315
00374
07120
01048
01476
09747
08714
08591
00794
00059
00852
01239
00094
01232
01779
00852
01714
00626
01897
00059
00852
01338
00012
00067
01710
01790
00973
00963
01426
01466
01193
01464
00020
01487
01784
00790
00761
00600
00857
00790
00616
01937
00074
00626
01887
01480
00797
01821
00625
01745
01761
01915
01265
01077
00763
00075
01868
01239
01724
01485
00104
01647
00073
00008
01939
00052
01649
00053
01687
00989
01776
02221
02492
03153
09748
00375
01448
03569
03569
07056
01421
00111
09768
07399
01239
07496
09786
09769
10037
00243
09992
10036
09762
10041
10118
10119
10112
03652
00974
07259
03711
00208
09812
08972
00371
07718
09117
10563
10773
08989
06720
09458
01897
01868
01611
00134
00859
00873
00850
00027
01271
00059
01755
01940
00925
01255
00009
01778
01733
00003
01101
00287
00560
01081
01637
01046
00823
01714
01689
01803
00927
00134
01358
01814
01693
00013
00765
03797
01304
00963
00980
09809
01193
01207
00948
00012
01733
00882
01486
00849
00965
01749
00847
00104
01809
01895
00563
06016
01468
01712
00008
00008
00874
01209
00864
00262
04091
01719
00019
01928
00850
00561
01875
01834
01126
01081
00549
00135
01193
00567
01755
01443
01126
00248
00831
01599
01772
00278
00767
00773
00759
00951
01876
00003
00566
01872
00588
00876
01176
00014
00969
06012
01619
01489
03527
01151
01934
00845
01744
00788
00928
00286
00147
00931
01953
01060
01515
01839
00756
01586
01647
01720
00020
00140
00058
01436
00064
00260
01424
00548
00945
00655
00057
01495
00805
00805
00940
01736
01735
00766
01609
01817
00817
00800
00215
00036
00033
00826
00666
01753
01142
01259
00219
01299
00851
01607
01714
01754
01893
01579
01918
00606
01232
01756
00658
00164
01737
01512
01273
00651
01916
00615
01638
00104
01915
00791
00686
00995
00059
01714
00928
00133
00962
01881
00099
00981
00806
01887
00554
07258
00059
00645
01752
01752
01783
00604
00942
00762
01591
01465
01870
01925
01000
01929
01928
00077
00020
01092
00382
00627
01462
00674
09699
00382
00263
01662
00891
01271
00824
00605
00858
01867
00930
00145
01953
01303
01873
01845
01698
00571
01866
01895
01924
03439
01433
00627
00382
01738
01436
01520
01869
00016
01048
01719
00789
01610
01810
01921
00878
08981
06180
03710
09710
01259
08976
07552
05879
05878
01253
03809
03710
10026
10546
09773
10117
10547
10548
10040
07068
09681
09682
09684
09685
07571
02825
09770
08602
09772
01224
07652
09955
09703
09798
03406
09166
09167
07816
07146
10038
04075
09125
00784
08724
07447
07048
02480
08222
07742
01011
02446
07462
03469
05937
10255
00867
15770
01955
01923
01952
01952
01952
00764
01933
01945
01295
00065
00008
00065
01486
01486
01972
00615
01728
01209
01198
01685
00041
00068
01480
01754
01750
00800
00104
00286
00864
00681
01226
00432
00491
00882
00128
00059
01845
05910
01465
07461
03574
01821
07586
03589
07052
07042
07084
10674
03339
06967
06941
05799
03475
08884
07180
08884
07727
01247
06973
00384
03412
02822
10974
11189
02246
00558
07478
00088
01875
00819
01271
01739
01436
00003
00131
01358
00086
00128
00943
01728
00919
00948
00090
00760
01738
00796
01633
00950
00991
01770
00640
00939
01265
00058
01714
00820
00318
01885
01867
01515
01187
01218
00086
01425
00135
00626
00059
01126
01126
00059
01479
01209
00853
01804
00140
00010
01740
01685
00041
01707
01784
00874
01684
01640
01198
01235
00005
01805
00854
01785
00666
00299
04091
00390
00860
00052
01686
01183
01556
00453
03366
01788
01077
01265
00865
01246
00259
01297
01138
00997
01775
01759
01569
00946
00027
01951
00615
00318
00294
00130
00065
01815
01812
01756
02160
07574
11085
10979
01095
07058
10947
01624
06726
10439
07741
10441
07456
10440
03088
06199
07030
10039
09815
09815
01624
01657
01448
09940
09817
09817
09816
09816
09815
05815
05816
09976
07258
10190
09692
05813
05814
10188
10189
06956
09693
05967
08483
02783
06294
11184
07668
02809
02810
02822
03466
03469
06948
11928
07650
11210
01874
01890
03217
09698
11145
07738
11616
11615
11618
11622
01439
06608
02475
02476
07770
03718
00666
11440
02481
02482
07692
02529
02529
06375
11637
07704
07705
07719
12263
07082
10974
09167
06902
07105
11753
12308
11614
00059
07315
05799
11065
01585
02821
08965
07568
10563
05020
06324
11144
02803
02804
02809
02810
02759
08301
11175
11068
03111
07658
07217
07217
04564
07717
01673
07775
11473
01625
01625
11472
11473
11473
08302
12574
01992
06889
11707
11755
03710
03710
13300
06293
00611
06999
07729
06289
06295
06290
06438
11752
07240
12410
07027
13292
08094
08093
06959
13052
07258
01227
07213
06960
01491
13280
06950
06950
06419
06428
01647
06296
03499
06318
06595
11686
07222
11922
07404
03524
09015
06607
03710
11638
01990
01243
11717
00024
03182
07152
03688
07152
04487
04487
09684
09684
06911
12308
11708
11709
03657
03657
11754
01961
13767
07114
12940
02347
18925
07015
06297
06940
07148
13038
06295
03719
07080
06306
06342
06308
06308
06360
06436
13275
02575
01534
13678
07177
13531
13653
12574
15518
07017
12573
01534
13542
07127
07104
06958
02217
07736
03657
01537
09457
19002
10947
07590
06966
18924
00620
02171
12941
12942
07729
06388
06408
13853
13789
01958
13653
01961
10240
07749
06714
07502
06925
03216
13953
06603
06168
07246
05844
07516
14393
02851
07113
06976
13770
13626
00632
13771
13530
00121
01664
14155
11631
07474
02013
02027
11632
06131
10907
00868
14445
03215
02304
02005
03324
00941
00941
10040
01126
19302
06147
03588
01342
02249
00284
05606
01966
06884
16838
08317
00537
02016
12960
08602
14591
06016
14540
11749
06919
19689
03307
05799
14647
03086
08153
14652
02031
00564
03611
15640
15652
15509
02033
02031
02032
02032
02428
07794
01834
15770
15519
15771
15554
15553
15633
15771
15772
15555
15629
15736
15553
00031
15738
15553
15866
02031
03817
10242
15532
15342
15632
07130
14415
01835
03298
03839
15986
15973
08322
03320
15975
07464
03719
15923
15975
02083
18926
16043
16052
15554
15555
16331
07038
16509
03299
16511
18682
16188
16167
16168
02768
02769
02770
16511
01223
16202
16199
16201
16200
16203
09022
02172
16264
01223
15772
16698
10241
01223
02025
16787
16785
10118
10119
10117
02034
02031
02032
10823
02026
02034
16786
15555
11710
02026
02027
02033
06400
10009
02424
16869
16785
16850
16786
16787
02004
01426
11991
06113
16849
16925
16937
10823
17319
17319
17319
17319
17319
17318
17318
17318
17318
17318
07778
07012
01990
01990
01990
01992
07260
17320
17318
17217
00096
17216
17320
17320
17320
17320
17320
17319
10947
01992
01992
01992
01992
01992
01992
01990
01990
01990
10112
01990
01990
01990
01990
01990
05592
17472
17686
05814
05815
05816
17723
02027
02027
17758
17759
17752
17828
17763
17763
17762
17733
17838
07145
14259
18104
18104
18220
17882
00004
03892
07145
21472
07145
17910
18231
00138
11783
06336
11782
18285
11785
11784
15554
03742
06878
07040
21405
02351
00285
03897
13628
18707
03332
18672
17836
12555
18770
18692
01971
18929
18924
18925
18928
01356
03790
21672
14218
14218
14218
14218
07171
10747
19242
03790
03790
03790
03789
03790
02315
19005
07029
03526
07335
18979
07816
14742
07568
19119
09951
00571
19117
19118
00798
19225
19265
19271
01567
01992
01992
02790
02791
04771
19405
19411
03574
01066
02796
06881
00887
08164
08164
01258
20484
17722
20483
03417
00547
00297
20022
19954
19955
11751
20074
01977
01977
01977
01977
01977
01977
01977
01985
01985
01985
01985
01985
01985
01985
01985
20201
20116
20117
20118
20492
20487
20487
20488
20490
20491
18889
18890
18890
18889
20534
03079
14224
14224
14224
14224
20742
01208
01980
01980
01980
01980
01980
01980
01980
14228
14228
14226
14226
14219
14235
14229
14229
14229
20895
21064
21064
14231
14231
14228
14228
14237
14228
14228
14228
14223
14223
14223
14230
14230
14222
14225
14225
14225
21029
08968
00821
00821
21064
14230
14230
14230
14237
14237
14237
14237
14221
14221
14221
14227
14227
14227
14234
14234
14234
14232
14234
14232
14220
14220
14220
14220
14236
14236
14219
14219
14219
14219
14219
14218
14233
14233
14233
14233
14233
14225
14225
14225
00435
07258
21416
21417
22044
21464
21465
21467
21471
21567
21494
03933
21600
21567
07001
21701
21929
18244
22043
21960
22024
21903
00754
01463
22135
22136
22024
22129
14274
22129
22132
22109
22187
22187
22187
22187
22278
22278
03077
22301
02257
22396
22397
09988
22441
07067
22491