02030
07052
00343
19744
00595
11921
02409
02412
02411
03187
00121
07246
07638
02339
10544
10545
10543
02058
02056
02057
02057
02337
00324
00325
01028
03624
03686
04567
03809
00484
00954
01876
00832
03631
00166
03786
00832
01703
03654
04066
00609
02336
01430
01546
01547
01548
03584
03500
03497
00382
00382
00382
09699
02340
01029
11082
03407
07644
07646
02275
04075
02867
02601
02046
02045
02047
02048
02036
02038
02037
02040
00925
10563
03406
00782
00459
03043
02935
02864
05515
03676
03216
02897
02494
03701
02996
03550
03820
06217
01886
03601
03565
03637
11081
11084
03559
03559
00833
02400
01007
03665
02421
01142
18094
03413
02469
03553
03562
01658
07461
02372
03111
03060
02342
05367
01482
03572
02417
01596
01851
02058
03555
05366
05367
04763
02056
02057
02071
02510
03587
03587
05366
05366
05366
00963
03073
12508
00604
07042
10538
10441
10440
10439
10439
10441
03320
10538
10539
10537
10439
10439
10440
10441
10441
10440
10537
06173
13489
03449
10539
03980
03110
01588
07566
07259
01649
03969
09936
02493
02835
00242
10441
10440
10439
02502
02115
03640
05366
02556
00411
05788
03274
03724
08296
08310
00957
03641
07641
02405
01031
01883
02945
00820
01695
00525
04754
03808
00648
03808
02224
00239
01845
00864
09857
06192
00990
06182
01462
01972
06178
09748
02834
03543
00340
00339
00337
00335
00332
00330
03075
01803
00962
01999
01613
00053
01653
03088
06966
01256
09941
04046
03704
07390
01262
06942
03981
01118
01609
00766
01783
08304
01912
06886
09712
07667
00773
04761
03179
00286
06997
00798
05916
01626
03568
00982
00858
01772
04762
00790
03685
02238
03088
03088
07708
03578
01915
07010
01468
09975
01712
05836
01745
10001
01669
02558
07000
07302
07303
05539
06917
07089
09694
09695
01356
02014
02013
02016
02015
03088
06991
03300
00981
00995
00627
01414
07712
00852
07180
09786
03761
03497
09977
01637
01638
01885
07001
01734
00761
01945
00969
09710
00783
06287
08301
09923
00847
03218
00684
02300
02299
02298
00342
00928
01693
01496
01523
03116
03117
03118
00412
00413
03599
03600
08307
02427
03798
00796
03431
02039
00937
02849
07146
08289
07316
07649
02050
02049
02051
02420
02418
00285
03088
04078
07735
02825
01465
00655
00973
01790
00883
03743
01095
00946
09761
00797
00134
00098
11103
01483
06186
03559
01869
03643
00147
08973
01690
03299
00851
06911
00067
09690
09691
07345
07347
07345
03088
05375
02013
02015
02016
02014
02189
02014
00428
04062
07002
01872
01997
01998
01995
01996
03337
03335
03336
03338
00140
01873
08223
02230
03405
09768
03300
06042
05895
02416
02461
02460
02459
02457
02456
02452
02454
03530
06048
01951
03594
01776
02192
03832
03559
07243
07230
07115
09861
00606
00950
04062
03147
10680
06016
03717
09981
10763
01933
08151
00791
03442
07266
01991
09689
06207
00164
06916
02278
02279
02280
02282
02283
03666
08178
00645
01439
07320
06131
00432
06158
01775
03616
09989
05782
00616
03181
04079
09688
10107
06904
03327
06153
02015
02016
02013
00640
07137
03775
07287
01714
01867
07053
04083
05589
01689
01627
01937
03424
09808
04082
04488
07262
06134
03586
01928
01929
01000
01925
03588
01924
01921
03589
02535
06923
07265
02535
00860
03640
03646
03560
07107
00600
07738
02655
00252
00451
04719
03778
09862
02234
00859
02654
02653
02652
02523
02888
02899
00931
08311
01881
03106
06950
03806
06077
00856
02687
01724
00500
01995
01996
01999
01997
01998
01999
01997
01995
01998
01996
02108
02110
02841
02527
00573
06940
06153
00261
10001
10003
10002
10004
01465
02871
09001
01866
07560
03185
01262
00566
06996
07444
03074
03072
03210
03809
07058
01736
00311
07107
01868
02520
01889
04764
07287
03710
02051
02050
02049
01975
01951
09801
03664
09773
03437
00677
02536
06142
00099
00806
02838
09903
02967
01265
01142
03666
01956
00526
01962
00344
02188
03224
01419
02114
00059
03657
03975
03702
07090
09747
02419
03781
01707
03703
02470
02380
03832
04044
03786
01997
01998
03723
05799
07447
03781
03569
03570
03571
05837
10773
01915
01247
02303
03609
02806
03412
02806
03557
01674
01963
11250
02916
01652
07090
09771
02939
03687
01995
03585
02229
00537
01657
00384
07302
07303
00820
06016
01999
03387
00116
05591
05782
02526
07157
00919
00948
00817
00793
03464
09128
03543
03752
03639
06179
07056
06287
07040
03621
00645
09937
04087
04088
06941
00940
07154
00287
00560
03327
05805
00763
09760
03750
09471
00383
07240
07240
02390
03559
03832
08276
08169
00697
02049
02050
06911
10016
10015
10017
09919
01507
07552
00375
02012
02011
00151
01915
00797
08989
01611
01586
03101
01520
01750
07644
00788
07313
07044
01991
00012
03606
07032
07119
03322
07223
01256
07402
03611
02433
00126
00123
00127
09924
00831
00945
00012
02072
02073
03521
03522
00285
01750
10533
03776
03776
00135
00375
01008
00375
01126
02051
02049
07140
07649
07774
00156
03671
10229
00375
03086
02316
09117
02970
07007
01409
01662
00795
03885
06966
01241
02020
02018
03497
03088
06045
06903
02406
02970
01246
06188
03746
00794
07552
00845
01057
00036
07225
02073
06987
06901
10680
00036
00820
09780
07004
07156
07644
06938
07301
07798
03527
03774
03630
02913
00278
00767
03517
00507
03500
03086
01841
03430
09800
01918
01579
02232
02231
02227
02225
02016
00768
02013
02015
09888
01687
01255
07091
00390
00381
01857
00481
02114
00208
09927
01194
07267
03219
01953
03194
07303
07302
08169
00375
01495
00640
09136
07044
03424
00943
07082
06980
07305
06190
03824
01952
00285
02919
02952
02948
02986
03926
01698
03978
07399
07147
06202
01999
02014
02529
00606
00681
02623
08191
02168
07112
07112
00450
00077
01923
00873
00927
02843
07019
03832
07649
01733
06140
03746
07507
01649
09780
03284
00874
03281
07727
11074
11075
11076
02113
02112
01686
02388
02387
02386
02398
01262
08309
07160
01338
00528
07402
09939
04061
02408
02413
00154
01114
00428
03556
05523
07156
06901
03089
00426
01443
03710
05833
05832
01989
02073
07152
02259
02276
02258
02274
02169
00057
03071
03797
08483
01599
01999
09456
10013
04033
01652
01752
02437
00605
07002
02051
01996
01995
01999
01721
04064
00692
07044
07403
00140
00574
01556
00453
00077
01576
02410
02407
02422
02405
02556
02557
02395
02387
02389
02390
02391
02394
02396
02397
03695
06886
03635
03750
01733
00003
07275
00145
03809
06910
00762
00457
02863
09990
03306
03576
02051
06987
03194
03325
01991
08369
07275
04754
01638
02026
02025
02050
02049
00681
03885
00384
03634
07478
01875
00496
02841
03832
00989
00942
02498
04760
03704
02014
09913
07300
01912
07183
02575
00362
00363
00381
01725
03746
03424
09957
03756
01584
01581
03833
01042
00127
00123
00123
07058
00984
00963
01448
01644
06151
03656
03470
01996
05501
03149
02503
06160
10806
03667
03610
02313
02338
09007
00609
10125
02019
04751
03466
03223
03225
03225
03226
03226
03592
10979
03169
03413
03413
01159
03648
02621
03608
02600
01673
02160
07023
03649
00826
03412
02408
00163
02422
00575
02386
01589
01624
01902
03811
00449
03655
07458
01696
00324
01903
14682
02393
02392
02392
01879
02390
02415
02417
02396
02397
02407
02335
02341
02391
13541
00167
02556
02557
02404
02410
02411
02414
03582
00956
02204
00448
03581
02342
02686
03735
03583
02358
04564
02409
03223
02407
18923
02342
02343
03215
07501
06194
00573
03671
03628
09933
02909
03327
03644
00627
04078
04077
00930
00640
00457
00014
03430
03455
00259
03606
01192
01991
03205
03196
03195
03204
03203
03200
03199
03704
06181
09005
02355
07241
03710
01647
00077
07240
00912
09791
00979
00939
00075
09767
08591
06925
06911
05838
00275
00906
03823
01265
06911
02348
07152
00697
08983
00604
03564
07175
03306
07220
02314
03088
01608
01816
08218
02433
01737
06920
03799
01462
04096
01595
01584
01494
03593
03801
09158
00824
07258
07018
02067
02065
02066
01619
02429
00852
01714
01652
09858
01935
01012
07160
06201
02048
01714
07002
01640
06938
02014
02509
01939
03585
02034
02033
02035
08641
03322
02035
08994
07262
01531
10001
03790
06894
00548
00548
01887
02033
07507
02051
02049
02050
01464
00615
03746
00003
06152
00338
03269
00135
06145
01685
00041
02014
03893
01805
00077
03746
01118
01821
06045
05783
02431
05527
02049
02051
09128
01687
03534
00285
01998
01996
00973
01790
00067
00615
00615
03522
01114
03825
03746
09181
02688
06194
02032
02031
03602
03569
01940
00483
01740
07238
03527
01512
05786
03305
00384
03543
05800
02014
03832
07507
06966
00426
00425
01620
01640
07071
03088
05549
00156
03543
06193
00681
06016
01464
01489
07305
04078
04077
02034
02033
02035
02014
07302
07303
02283
02282
02280
02279
02278
03092
01613
06044
00705
01236
00700
07507
00240
08159
01118
03466
00253
06138
07001
00145
09958
00639
07141
08641
07336
07663
06143
02666
00891
01735
01129
05813
05814
05815
05816
01126
07275
00266
03310
01975
00285
02471
03153
03154
00788
02065
02066
02067
07323
00765
00013
01706
01999
01114
00720
09803
10016
08369
06901
00375
07734
02014
01968
01114
01687
01649
02433
01999
01996
01998
01997
01586
03746
03543
09984
00681
02444
01711
10764
00764
03558
03749
01817
00133
00052
01647
09159
00240
07054
02025
02026
00111
02440
05710
02858
06189
03273
03439
06995
18334
03230
01114
03525
07001
02557
10017
10015
10016
05836
03228
03228
11189
01821
06200
10253
01953
00826
03046
02950
02355
02886
02878
02988
02078
03088
03597
03598
03596
03100
03595
03474
00997
00860
01999
01997
01995
01998
01996
01999
02669
02669
03219
03220
00789
02517
01778
09921
06969
06204
00930
00641
02167
03543
00600
03522
03521
01433
01749
01821
01894
01890
03168
00655
07043
02528
00097
03771
07102
02379
03688
03690
02014
06194
00033
03543
00615
04062
06906
06908
06907
00077
02291
07638
04756
01770
00991
01438
01754
03282
09165
07127
09964
01483
02013
02015
02016
02012
02011
03430
01114
01919
03650
03217
08998
03536
00140
00822
01999
06988
07156
09705
11065
00666
00567
01574
00626
06958
03767
03316
07090
07090
00567
03316
07090
07090
07657
02017
00658
07665
03841
00666
00666
00666
03566
03566
01834
04090
01091
01091
01091
01091
02529
02529
02529
02529
02529
02116
11444
01631
00868
00219
07657
04090
07649
07774
01525
07659
07304
01505
03229
00799
00799
12340
01259
01056
06139
06911
03186
02622
11754
01477
00074
03381
00074
00074
03381
07222
04782
07506
12242
12239
12241
12243
00299
01426
01426
01426
01426
01426
00108
01485
01259
01920
01919
04752
07391
00681
03644
03704
00077
00014
07552
01738
01845
01915
06988
02049
02050
09967
09967
02051
03733
01673
03408
02990
09983
09458
04047
02416
02406
05710
06989
01821
08717
09957
07044
01480
03823
06959
03549
07101
01939
02403
02402
03411
03414
02401
04562
01251
08972
01999
07226
03746
03642
07056
07460
03271
01706
03535
01754
01637
03798
00697
02014
00847
01633
07243
09472
07010
01915
11073
11076
11075
11074
05846
09808
06894
06137
07240
02025
02026
02518
01425
07001
11073
01754
01753
07387
00023
01433
00759
03455
06041
03270
09774
06861
05808
06023
09965
11159
02003
02860
00554
02884
02227
06949
06013
03831
09889
06199
02221
03182
03625
05936
01640
10015
10017
00673
00673
06447
01484
05526
10013
07789
07788
07799
07093
07118
05800
02011
02012
01810
02003
03770
01338
03544
03545
00865
00135
07303
07302
07119
00457
00790
01649
07107
00101
00285
02433
01999
01997
01998
01995
01996
00241
03710
02887
01870
10228
10227
00847
09823
03577
01775
06999
01751
05836
01714
09915
01626
03088
01778
03746
02400
02401
02421
06938
07275
07290
00023
03821
05810
06180
05807
03722
02073
02071
02072
09007
01465
03704
02420
02419
02518
01114
06016
01752
00304
00305
01633
07154
05846
00140
00097
01714
00970
00821
01874
02563
02874
03575
11102
03092
11103
03040
03551
01032
01704
02501
02612
03652
02609
06187
01673
02614
02233
02610
02394
02399
02393
02611
02613
03789
01448
01682
02389
03177
02395
02388
02346
01878
04043
11085
01807
03736
03070
00375
03198
07636
03673
02109
02992
02946
02906
02926
02892
02357
00549
01892
07568
02356
01429
11175
02890
02982
02904
02961
02931
02954
02994
02933
02881
02907
02876
02879
02492
06195
03496
00088
09973
02500
04485
03781
07217
00760
01676
01679
01814
04084
00342
02275
00615
03711
00793
03795
05524
08300
04773
03925
03438
02963
02959
01955
00336
00334
02956
03189
03188
01428
03190
02519
03977
00981
00817
03705
07404
07107
00014
03814
01591
02911
02435
00800
02111
02412
08483
11183
02768
01424
03787
06024
01755
03529
05896
02821
01744
03554
11083
01247
01983
02902
02968
04077
00341
01652
03303
04744
03183
00820
02914
02965
02895
02518
03979
07277
02836
02434
00425
02115
11068
03787
01681
03590
03531
01147
06911
07462
02453
00331
03222
03222
03224
03230
02458
05973
03495
03501
00479
03076
02650
00901
03694
05596
05596
06136
06891
00344
00333
05784
03229
11066
01750
01754
09709
03607
03497
03227
03227
01756
02297
07644
11312
00064
06016
01996
07240
02970
03701
09954
01118
01586
01995
01998
01997
01999
05846
05846
03746
01745
01714
00852
02462
06222
04565
03561
03561
03561
03561
03561
02455
03636
00031
01644
00820
06606
01771
01104
11902
11903
00031
01477
07122
10126
10125
08224
01625
03639
03750
02379
00425
00426
08994
04068
01867
01438
03696
07223
00797
01714
01991
03746
00311
02400
10126
01183
01104
11472
11477
11473
01644
00104
00459
01104
01061
06605
01759
00228
11177
01897
03746
07098
11811
11178
03719
08195
11749
09946
07126
21344
12979
09992
03719
00045
12990
12972
03769
00059
02624
02624
07665
02002
00612
07124
07665
00059
02002
00059
00059
08172
02002
02002
01207
12370
05819
06905
05875
13256
03446
03446
02001
00128
00558
00060
00598
07074
00799
13488
00274
11738
00274
02483
02483
02483
02483
02483
11738
07787
01555
07687
07687
07687
03457
11896
07687
07687
01659
03496
01515
04042
02484
01720
07535
00046
00059
03335
03827
00059
11931
00602
00046
07665
03286
15778
00648
10716
08195
08195
00823
10804
00064
12372
06889
02651
18333
12240
12238
01069
00748
09810
05595
05595
07304
09017
01497
13051
01491
01467
07240
13292
01714
01628
01133
06518
03446
00108
05874
01061
00459
00799
00029
03719
02663
07491
02503
04772
01560
06020
01167
07397
05540
00799
00102
07011
11264
06895
03285
01487
01087
00219
03406
00951
07492
03446
07346
02303
00018
03296
00090
00459
01079
01760
07749
01607
06867
03386
01297
00020
11897
00626
00626
00626
00626
07659
02483
00568
01785
11906
11907
11891
11890
11892
03496
01092
03574
01569
03496
00694
11901
10037
11900
03496
00466
11753
11895
04487
03768
03524
01785
02303
00059
11893
06168
01281
01501
00010
00010
00758
01243
03719
05712
07213
01950
11717
00130
03458
03386
04487
10038
01895
01895
01895
10036
03762
03762
01358
04487
11719
00042
00042
04755
11936
04755
01710
07006
11004
01895
01895
00067
04091
04091
04091
04091
01784
03119
00299
01710
11720
02237
04054
12262
00523
00974
11534
12308
11921
11927
12262
11003
11752
01322
06895
12658
03446
01684
05841
00146
01784
02000
00303
03088
07117
13890
13892
05685
13889
13874
07397
05520
00284
00986
13021
02347
13255
13288
06183
07245
00215
00297
12373
12990
12972
03316
13895
13894
13893
02651
01420
07677
00007
08191
02034
07246
05343
10001
13543
01534
07726
13482
00029
00029
13795
03288
01961
01607
00799
01046
05998
07005
08166
07397
03406
01856
00355
03406
01607
01469
01130
00054
00854
00854
03410
12339
01560
01779
01458
05603
00019
04750
05349
00128
08100
00854
07245
07232
06015
05520
03406
09806
01119
01941
08715
00799
13061
12371
00329
00356
03294
02423
00477
01630
00058
08234
00657
03719
01826
00455
00249
05349
01266
01187
03446
01560
00020
03457
00001
00124
03328
03328
07677
10111
00620
12510
02014
06934
02651
12511
01708
13038
12573
00529
00854
10531
13628
13529
07130
03406
03197
08299
00055
08195
03406
03406
03406
12511
13028
00626
02077
13933
13934
13930
13929
13931
13932
03417
13888
13873
14058
14060
14051
07497
07168
02004
13953
01916
13821
03342
07516
13794
13796
00625
01799
12508
02414
12368
07677
08194
12369
06147
12510
00854
12340
00433
00019
00249
06879
00281
08305
13490
03719
03719
01061
02069
00675
01455
00863
07274
01061
05845
05845
06075
02068
01737
05921
05921
01273
03406
12661
01488
10012
03087
00801
05595
02035
03585
01156
00302
13979
00148
02398
02480
02003
00114
07404
03782
13634
13643
03782
03328
03288
01607
10778
00024
00529
13481
01799
14218
07516
07516
02004
01607
03457
03317
01897
00020
13766
01961
13893
13896
05351
02014
13483
02471
13896
13522
02004
13894
13486
13487
03535
13639
13891
13895
13816
13993
13876
04098
01560
07496
18145
14230
03762
03762
03762
03762
00141
02055
14155
01977
01977
01977
01977
01977
01977
14232
00799
14221
14221
14221
14221
02027
02027
05847
14393
14228
14233
14225
14228
14228
14228
14162
13580
03741
01070
07518
08281
13635
13633
13491
03457
00058
00058
07483
07483
07483
07483
07483
13574
13688
13924
01997
01995
13652
03394
03201
13771
07486
07486
13766
00632
07486
07484
06912
00941
14160
14236
00652
01997
01998
01011
06518
02463
14232
05847
06923
01266
00627
01207
14219
14219
14219
14229
14220
14220
02029
02029
02029
02029
02029
02053
02053
14347
02010
02010
00128
02052
10112
02029
14287
00941
12256
02029
02029
02053
02053
14233
14266
21029
14233
03297
01055
05712
01561
07003
07003
06867
14232
02075
02053
02055
14219
07536
00433
14234
18146
01800
08194
06015
02055
02053
00344
00091
14393
07497
00596
06147
14225
14161
14237
14219
14231
14233
14224
14224
14224
00674
14228
14228
14228
14205
14415
02533
03307
02054
01985
01985
01985
01985
01985
01985
02484
04771
04517
14235
14267
14234
02052
02031
02032
02030
00459
07068
14260
14441
14225
14225
14225
05994
00249
02358
01139
15726
03453
01524
14652
15035
08677
14218
14218
14218
14218
14218
14414
14226
01978
14229
16238
14227
14227
14227
14227
14227
14237
14234
00001
02803
05874
03566
00499
00249
02052
02055
08720
00471
06147
06900
02031
02032
03309
07485
07749
08261
00008
05874
14237
14237
14222
08995
00108
14257
14219
00124
14223
03293
14230
14230
14230
06133
13993
01980
01980
01980
01980
01980
01980
14218
14230
14170
00344
00799
02074
07506
06147
18893
14974
02804
05998
07003
00249
03296
02030
00249
00529
00476
03566
02055
02030
05874
01992
10020
10018
00433
14742
07497
05799
00799
01239
02030
10019
07497
00249
02028
00122
06919
06919
02525
14645
14977
01969
01420
15011
13408
13409
03086
00344
00799
00799
00459
00020
00344
01467
01990
01897
02030
07497
06147
02351
18129
15371
15229
10823
15012
10010
00874
03307
08369
09709
10440
04065
05836
07100
02030
02028
01941
01053
01457
03566
10021
14761
06919
15034
16320
16011
15650
15509
11741
00141
18100
15580
15547
15581
11741
15549
15553
15727
15773
15784
15785
15786
15554
02428
15634
15553
15553
10831
15553
15555
15551
15738
02050
15552
15553
15256
15539
15582
15553
03928
15554
15725
15724
01692
01692
15790
15357
01692
04093
16011
03286
15583
15782
00626
16011
01713
15408
15268
15228
15866
01692
15783
18336
15977
18139
15977
10716
18982
15977
18829
16011
00254
19736
03781
15977
02014
16135
10009
07486
07486
07483
16092
16090
16088
16088
16090
16147
16137
16137
16137
10013
16137
00130
02424
10716
02424
10009
03320
18552
15554
16053
16087
02424
10013
10014
16066
16074
01801
16371
16345
00209
07165
01426
11733
01992
01992
15555
16165
02014
05550
11734
11735
16171
16263
16319
18249
19416
11959
11959
11960
11960
11961
17213
01166
15555
15553
16692
16692
15554
15553
16692
16692
12368
12368
05825
11961
11962
11962
11963
11963
10013
07046
15554
08166
02029
16203
02030
02030
02030
16856
02226
16137
16137
11991
02050
15554
16841
13485
17228
17214
17315
17317
17316
16841
17316
07638
02030
17315
11209
08738
08738
11209
17713
02029
02028
17247
17218
10112
17103
17225
17228
17317
17285
02028
02029
17215
01990
01990
02054
02052
08738
17686
10112
10111
16165
17838
17723
17836
20444
19745
02027
18138
17735
17733
17736
18139
15553
03457
15461
18028
13995
00146
03366
00004
18101
07483
17989
18095
00004
21449
21449
21449
21449
18143
18144
01652
18029
18030
17850
04343
18199
18248
18118
21678
18139
18335
18337
22348
21345
07046
18383
18139
00138
18373
08068
18374
18381
05882
03446
18476
12255
11904
18480
03462
11904
16234
18540
08744
03332
18676
18138
18697
18778
18850
18928
18902
21677
16014
18900
20862
06218
07171
18828
04940
07278
01971
18901
18903
07483
07483
07483
19055
19055
07050
03526
18979
18981
03772
18991
19221
18476
19158
05875
19159
00571
00571
08678
10844
22468
07062
03446
07062
07172
03885
19265
01066
01785
04771
19337
19338
03574
09459
19267
03574
19302
19302
18567
19585
19586
11209
19577
19577
19577
03446
00799
19670
19670
00992
19666
07666
19743
19731
20250
00799
06131
19784
06132
06132
00799
15777
17722
00275
19804
08992
19813
22209
00380
01777
14731
19981
19982
09796
20034
09796
20035
22270
01139
20277
20277
20273
20275
20274
20277
20807
20329
20444
20455
20429
20542
20543
20534
09788
20540
20541
22131
22129
20757
20755
19591
01214
20765
21105
21021
21061
21062
21053
00840
21023
08968
13609
13877
13877
00248
22252
03863
02030
03636
09983
03862
21416
21394
21417
03892
21405
03651
21416
21417
21405
21449
03651
21449
21420
21405
22044
01451
01451
01451
21495
21498
21645
21699
21703
10026
10914
01451
21645
21757
21757
21802
21825
21829
21826
21826
21833
21834
21830
21832
21929
21948
21929
22024
22027
05802
22003
03442
22025
22130
22132
05275
08319
00090
22067
22185
13875
22186
22209
22292
22296
22303
22303
02257
22318
03469
00611
11206
00424
22550
22549