06345
06350
14989
06351
03407
02472
05847
06410
06442
09761
06180
02483
05845
05846
06375
06336
06434
06294
06373
06377
06131
04487
04487
06421
06422
06425
06426
06312
01665
00639
06310
06311
06418
06419
02551
14988
09963
09963
05823
06411
06299
06300
06301
06302
06303
06304
01994
07496
07052
06023
07258
09962
09811
06407
05795
05795
03100
02034
03311
03294
02809
02810
01676
06173
02803
02804
04069
03565
03575
00265
01990
01992
01992
03564
03216
02029
03300
02443
02379
00123
03294
03303
03305
02016
02015
02015
02013
04748
03486
02818
02819
03310
02035
02034
02033
02032
02031
02445
02529
03305
03311
03293
03499
02829
02828
02827
02826
03307
04758
02040
02037
02038
03296
03707
03154
03149
01546
01547
01548
03491
02759
02760
02761
02004
02033
02313
02338
03629
02470
02469
02343
06187
02341
03424
02528
01056
03723
04769
02499
03798
03525
04083
02619
04567
03708
03696
04485
01883
03218
03091
03073
02601
02863
02864
02935
03043
03046
02950
02992
02355
02358
02946
02906
02926
02892
02886
02965
02890
02982
02878
02904
09013
03530
03530
03530
03321
03299
02032
02035
03811
02018
02020
03424
02035
02034
01929
03095
03789
01926
04078
04077
01588
01589
03657
02435
02433
02434
01091
03317
03387
02015
02015
02016
05548
02029
02030
02028
03406
03169
02049
06019
02549
02552
02548
03704
00975
00090
04565
01880
03523
02068
02069
06193
02446
03644
01081
04488
02437
03294
03217
03455
03310
04047
03317
03310
03310
06199
06199
02013
02015
02015
02016
03664
03928
03075
05311
03092
01358
03701
03702
03797
02836
03070
05808
02961
02874
02895
02931
02954
02994
02933
02881
02988
02907
02876
03076
02518
02952
02948
03040
02879
06173
02871
02996
01448
03593
03527
03100
03100
06201
03294
03781
03921
02548
02003
02004
03741
03325
03892
04045
00648
02003
02004
06024
05896
06344
03710
03088
02106
03310
02003
02004
03825
00231
03704
01448
03088
02760
02761
02004
02003
03088
03338
03336
03335
01624
03337
01992
04566
01449
03707
02338
03076
01449
02001
02002
01807
03933
03823
03654
03310
00128
00302
00302
03740
00606
03722
02086
03700
03816
03704
03666
02556
02557
03413
03407
02417
00575
02396
02397
02407
02422
02387
02388
02408
02409
02410
02412
02389
02390
03415
02406
02406
02417
02421
02416
02417
02419
02420
02401
02404
02392
02010
02012
02011
01679
06196
02027
02082
00648
03665
03308
01652
01653
03322
05346
05520
02411
01992
04759
02004
02003
06384
02033
03821
02012
02010
02011
03647
00525
00525
00526
01990
03740
03739
03327
01652
01653
01703
02502
02501
02500
04486
00958
03308
03311
03306
03784
06178
05337
02945
03977
03183
03886
03887
03888
06349
04047
03284
03311
03088
03924
03639
03750
03635
03636
02575
00363
00362
03111
03308
01990
03116
03118
02016
03758
05366
03547
03546
02361
04780
05375
03624
03581
04487
01892
03210
03551
03550
02016
03517
04518
02004
02003
03979
02899
02888
03609
03610
03571
03570
03569
03630
02497
03978
04076
03544
03545
02035
02033
06188
02557
02556
00240
00239
00241
03703
03522
03671
03521
03169
03311
01999
01995
01996
01997
01998
00425
00426
05593
06153
06153
03976
01892
03590
03588
03438
02277
02276
02274
02275
02259
03588
06207
00162
00161
03499
00426
00841
00332
00333
00338
00339
00342
00343
00019
03480
02564
02859
03308
03091
03284
03783
04763
00793
02169
02170
03315
03790
00167
00166
00929
03631
03402
03602
03601
03625
02160
02356
03786
03716
02013
02015
02016
03311
03471
01889
03437
02887
02916
02520
03346
02335
01962
01963
02337
04750
03151
02986
03088
04766
04767
04768
01259
03810
03282
02529
06183
05340
03636
03635
03753
03750
03637
03639
03455
02004
02003
03752
03638
02116
01985
01985
01985
01985
01985
01985
01985
01985
01985
01985
01985
01985
01985
02051
02049
02050
00425
00426
01977
01977
01977
01977
01977
01977
01977
01977
01977
01977
01977
01977
01977
03147
03303
03317
02250
02004
02003
02005
02445
02012
02372
01990
02114
02112
02115
02111
02113
02109
02110
02116
01808
02777
02493
02835
02909
03628
02446
01624
03048
03088
02016
02013
02015
02015
01449
03648
06200
03296
05339
05338
02314
02939
02963
03111
02990
03497
03496
03497
03501
03495
03650
03217
03536
02914
06342
06341
03710
06390
06408
06385
06409
06298
06318
06317
00384
00390
01647
01752
01753
01754
01754
01738
01738
01735
01736
01736
06286
02372
01992
01990
04091
03475
02822
04517
03924
03762
02050
02049
03924
02003
02004
02004
03704
02242
02240
03478
01222
02759
02761
02760
02759
02761
02760
00425
00426
03893
07095
06332
06330
06329
06328
06327
06325
06320
06347
06348
06436
01980
06335
06334
06333
01992
01992
01992
01992
01990
00283
00282
02248
02246
02245
02244
02243
02563
02039
02036
02038
02037
02040
04564
02076
03086
02316
03584
03595
06217
02970
02687
03686
04043
03687
03705
03596
02340
02238
01493
02237
02239
03091
02013
02015
02016
01980
06153
01696
01695
02236
02598
03293
02016
02015
02015
03453
00102
03704
00059
05786
03593
03636
03635
03750
03639
02379
00123
03088
01992
02621
02622
04068
01681
03523
03307
06196
02042
02042
02041
02044
03713
03665
03666
02768
02769
02770
03436
02013
02015
02015
02016
03572
03555
00175
00174
03553
03553
02057
02057
02056
03466
02956
03177
02834
02519
02600
03763
02838
02357
02967
03706
03667
03733
04094
03168
04096
01902
01903
03470
03100
02884
02860
02959
03106
03110
03529
03685
02078
03621
03655
02902
03500
04066
03060
02823
01955
01956
00609
02824
03101
04074
05810
03091
03091
03531
06438
02553
06346
06158
00059
01992
01990
02003
02116
00059
03093
02108
00337
00341
00330
09607
05577
06314
06370
05739
03923
03781
01652
03070
02035
01980
01980
01980
01980
01980
01980
01980
01980
01980
01980
01980
06131
01447
01448
01449
01448
02033
02034
02031
02314
03488
02755
02756
02757
04749
04757
03090
00575
03698
02443
02440
00111
03088
02503
01990
01992
00231
03800
03088
03704
02250
03100
03781
03320
03695
00648
02035
01657
01658
06374
06399
06397
06396
06395
06394
06393
06392
06391
05822
00340
00331
08680
06284
06304
03406
03406
03406
06403
06404
03406
03406
03406
03406
03406
03406
03406
03406
06401
06417
06386
06381
06405
06416
06385
06406
06402
06287
06405
06406
06407
06283
06382
00872
06305
06313
06306
01447
03406
03406
06387
06378
06379
06380
06398
06383
02071
02071
02071
03328
07074
02073
02073
02073
02073
07107
07699
02490
02072
02072
02072
06407
06413
06415
06416
03466
01258
00954
06904
02000
08384
07071
06942
06966
07094
07697
03386
07150
01118
01118
07646
07118
08681
06878
06920
08600
00355
00355
00355
07552
06967
06867
09825
07636
07213
07007
06215
06889
07160
06949
07651
00602
06886
03768
06895
07260
07001
07456
07507
07507
06901
07304
07043
07507
07300
02342
02343
07106
09903
09903
09888
08777
03800
07078
01990
08152
03574
07220
07056
07192
07705
09773
08963
08966
08967
08998
08974
09763
09764
09793
08984
06180
08963
09777
09779
09775
09776
09001
05995
09014
01419
00782
08969
00373
08302
08303
09680
08221
08177
08177
07979
07734
00370
09787
03315
03315
00374
08978
06182
06182
02221
08591
00794
01560
02492
03153
05946
00491
01784
00364
01939
01179
00046
01387
01497
00986
03100
09748
01515
01091
00010
00010
00140
00285
00874
01815
00065
01785
00849
00965
00786
00375
08986
03569
03088
01447
01421
03088
03088
09145
07399
07496
09786
09769
01579
00820
00851
00033
01322
00059
00001
00286
00655
00457
00451
01921
00997
01775
01951
01829
01784
01784
09699
00243
10041
02205
09762
10112
10112
11033
00974
01756
01923
01952
01952
01952
00764
01933
01945
01972
00294
00574
00135
00899
01628
01187
00878
00788
01183
01104
01425
00786
01784
00786
00656
03429
01468
01845
01387
00027
01126
00259
00763
01744
01784
00762
01226
00852
00616
01114
01117
01436
00001
01759
00131
01575
00666
01777
01750
04487
00863
00863
00863
00344
00864
01599
01772
01638
01637
00819
01953
01772
01867
00858
01090
05303
00973
03711
09812
00208
03652
09136
09117
08972
00371
05366
08369
08964
08965
09768
11034
10563
10773
08989
00782
04758
07680
08987
01790
01710
00067
01975
00766
01609
01817
00658
00164
01286
00104
01715
00023
05306
03430
01737
00459
03367
01436
00826
00053
01649
00052
00765
00013
01693
01814
01496
01523
00058
01138
01586
00860
00366
05916
01424
00945
01823
00057
01495
00805
00805
00940
00817
00215
01734
01918
09458
07313
07258
08981
08981
09747
09710
06180
01182
00626
00899
00020
01443
00756
01839
01515
01081
01259
01012
00652
01935
00833
00930
00145
00286
01752
00382
00263
00634
01126
01662
01271
00605
00891
00472
00548
01760
00845
01934
01151
01489
06012
00969
00014
01613
01077
00500
01724
00876
01872
00566
01876
00951
00759
00773
00767
00278
01873
01845
01698
03710
01719
01749
01338
00989
01776
06015
06015
01893
01868
01611
00134
00859
00873
00850
01887
01480
00797
01126
01821
00625
01286
00003
00651
01740
03206
07214
08976
01034
01035
07461
10810
10026
10555
09190
10556
10557
10558
00059
00003
01733
01452
00666
01916
00274
00657
00567
01073
01286
01426
01834
01775
01090
01938
01759
00344
00432
01887
01870
01929
01259
01091
00001
01779
01091
05989
00560
00287
00655
01953
00824
01286
00786
00135
01286
01126
01179
00657
00285
00675
01200
00453
01556
00382
00627
01358
01607
01714
01777
01281
01447
08310
10040
07727
09822
09682
09683
09685
07571
01438
01843
01647
01720
03417
00020
00140
00216
01868
00158
01239
00133
00951
01834
01270
00140
01119
01299
01069
01640
01895
01286
00001
01928
01928
01426
01046
00003
01921
01779
01265
01531
01286
01834
01953
01744
00027
01914
00928
01443
00917
00845
01452
00826
00053
01687
01259
00077
01619
00756
01489
01262
01426
00016
00274
00666
01607
01286
05946
01239
01975
00662
02825
09770
09772
07652
09759
09767
09702
03469
00648
01271
00259
01755
01940
00925
00571
00858
01895
01761
01866
01895
01924
00763
03439
01200
01975
00034
00641
01869
01779
01048
00789
01610
01091
00433
00760
00874
01042
01465
01911
01661
01046
00688
00703
00975
00700
00016
01810
00963
01255
01778
01101
01834
00016
01286
00318
01866
00075
00657
01239
01689
01803
00927
00134
00384
01791
00012
00797
01611
01759
01138
00824
02003
08602
07124
00960
01784
01791
00640
00790
00761
00600
00857
00790
01937
00249
00074
00626
01265
01092
00686
00382
00627
01462
00937
00549
09936
01286
00058
00831
01434
01759
00873
01560
01104
01759
00661
01867
00099
00978
01709
01784
00851
00616
00033
00615
00036
00036
00344
01497
01821
00574
00064
00344
00344
00675
01126
00001
01387
01755
01239
00128
00626
01489
01759
00284
01479
01468
01712
01745
00615
01081
01356
03465
01915
00791
00882
01183
01142
01834
01138
00604
01273
05340
08713
09807
09798
02794
07566
19310
09167
00800
00817
00116
00147
00931
00286
01077
01091
00876
01759
00786
00786
00786
01486
01286
05281
00876
01090
01304
00249
01007
01744
01424
00286
01425
01286
01759
01436
01759
05396
08168
07816
10819
07146
00995
00059
01408
01714
00928
00133
00962
01881
00099
00981
00806
00554
00059
00645
00949
01783
00604
01462
00942
01271
00762
01591
01465
01870
00075
01925
01000
01928
00077
03466
00784
08724
07447
04075
06893
08223
07015
02480
08222
00375
07742
07560
01011
07042
03969
07462
01400
10255
01096
05592
15770
00648
03574
07090
07089
07586
07533
08591
06950
01447
08234
03924
07052
07778
07098
07084
00865
01476
03431
01247
01247
00088
01875
01582
00943
05985
00919
00948
00760
00796
01633
00950
00991
01770
00640
00939
01265
00537
06941
07034
03303
08884
08884
06973
01455
02315
07137
03152
11189
07568
07322
07335
07023
07478
03574
02160
07574
11085
10979
01447
01447
01447
07058
10947
10441
06726
10440
03088
03088
07030
10439
10039
07173
01624
03305
00380
01448
06885
02795
02796
07704
09817
09816
09815
05815
05816
09976
09692
05814
03837
03594
06956
09693
05967
08483
11184
06307
11072
03654
07098
07017
11216
03469
06948
11032
07104
11210
01874
01890
11070
11069
11071
11145
03338
07738
09698
11626
11616
11615
07090
07090
11618
11617
11622
02182
03336
07090
07090
06295
00666
02476
02475
07691
07707
07706
07693
01990
07719
12263
07082
11535
09167
06902
11752
07105
03933
07284
07284
11753
11752
11535
12267
06949
11614
12308
04564
07222
11102
11034
11102
11065
11103
11032
02342
03589
00812
07006
11031
00841
05020
11068
00619
11144
08301
07444
11175
06969
11068
02254
07668
02793
03498
07533
07533
07658
03781
04564
07697
01664
07717
07717
01673
07697
01447
03719
07775
11473
01771
04042
09015
01625
11476
12574
01992
01439
01897
07098
11928
00260
15975
06999
03406
07734
06997
01297
13300
06518
11752
07240
06889
06889
06959
09936
03722
13052
07090
07180
02862
01739
13280
06950
07729
06311
06312
06325
06878
00010
01897
11686
11619
07404
03524
03337
01243
01243
03666
11717
07001
00024
02304
02304
07152
06714
01243
06911
07052
02303
03335
12257
06889
03657
01118
03657
03574
07979
06994
11754
13767
07396
08303
01491
00375
03321
07148
02347
18925
13256
06297
06296
06295
13038
13281
06342
06308
07729
13275
00611
02034
18231
07177
13531
08309
10947
18924
12574
06310
15518
12573
13730
13652
01534
13542
01534
07078
07107
07107
06994
07104
02217
06901
07736
01537
03215
03657
03574
13075
01537
04072
13953
13292
07250
09457
07496
07590
06193
07729
07729
02171
06418
07729
07729
00620
07052
06979
13853
13789
00034
03547
02351
07004
07052
01958
07979
13653
01961
00027
13532
05799
06714
07113
06925
07496
13955
06168
07228
03574
07149
07219
07516
07052
14392
06889
07497
07052
02851
07175
07483
06976
13653
13770
00632
13530
13530
00121
06867
07496
07496
08602
14155
07117
06131
00941
14338
14540
06131
07496
14188
07132
07052
07052
10907
14393
00868
14205
07037
03324
06131
02005
03740
10040
14188
01449
14665
09607
02247
02249
01524
02205
14652
07729
03088
07474
06147
06595
14166
07052
06133
07052
07496
08602
07149
07273
05606
19689
14647
16013
16012
03297
03086
08153
15652
15600
15599
15598
11749
00564
05592
03817
08651
03611
18581
07050
02031
02428
15580
15640
15580
02032
15519
01252
15554
15633
15771
15772
06999
00031
15738
09022
15553
02032
06147
15582
15583
15581
10823
15580
15580
02031
07130
02363
02031
02034
01835
03839
03839
15976
15977
01118
15986
07260
15973
18926
15975
15975
15975
15973
15975
02867
07791
16137
10716
02424
02029
10009
18926
02028
02030
10716
16044
10010
16188
16216
16509
16509
16511
11733
18682
01400
04759
07038
16511
16785
15580
15580
15580
15580
15580
16323
16169
11735
03758
13993
16263
16264
03321
01223
16654
16786
02026
16787
16785
05813
16789
02968
02025
02032
02034
02033
15580
20107
20108
00128
16924
02030
11636
11636
11636
11636
11636
16786
16787
16881
11635
11635
02004
11991
16899
16898
16869
16786
16787
16785
15555
02003
16927
16937
16937
17103
01992
01992
01992
17217
17216
17103
17218
17462
02029
02028
01992
07260
10947
03574
01990
01990
01990
01990
01990
01990
01990
01990
19309
06131
01992
01992
01992
05592
17472
17686
17836
12574
17828
07228
18115
17837
07284
17735
02171
18104
02479
00675
21379
18220
08221
00004
00004
17910
17910
09190
06962
07025
07025
07025
07035
07040
07067
07078
07282
07217
06878
06885
07088
07139
07149
02172
00663
07145
07145
21472
06880
02647
07238
11535
07570
07476
07584
06343
18118
21993
18231
00004
01119
01489
06133
07723
06147
02033
06901
03758
18234
19302
19449
21113
03742
02172
12555
12555
18640
06896
18672
18707
18692
18928
18929
18924
18925
03790
18928
18907
03790
03790
03790
07171
14233
14233
06147
03789
18939
00783
18967
03790
03790
18929
19055
03466
19005
01872
07029
03526
18979
07816
14742
19170
19172
00354
19174
00798
19171
01897
19171
21900
12132
07448
19175
19169
19173
19271
19302
19294
19302
01990
01992
01990
01567
01992
19302
19405
01992
01990
19302
19411
19350
01990
03574
07496
19302
18567
06881
00887
19701
19689
01286
07315
01258
17722
20480
21755
21613
21755
00547
00297
15777
19802
19955
21636
19975
19976
19973
01421
20074
01421
20201
20116
20117
20118
20391
20390
20461
20460
20459
20461
20459
20460
20487
14230
14230
14230
14230
20534
20488
18889
18889
18890
18890
22103
20742
11751
01208
21029
14231
14231
14231
14231
14226
14226
14218
14218
14218
14218
14218
14229
14229
14229
14229
14229
14235
14235
20895
21029
14228
14232
14232
14232
14236
14236
14236
14223
14223
14223
14223
14219
14225
14225
14225
14225
14225
14225
14225
14225
14227
14227
14227
14227
21029
21064
14234
14234
14234
08968
00821
00821
14230
14224
14224
14224
14224
14224
14224
14224
14234
14234
14228
14228
14228
14228
14228
14220
14220
14220
14220
14220
14219
14219
14219
14219
14230
14230
14230
14222
14233
14233
14233
14233
14233
14221
14221
14221
14221
14221
14221
14237
14237
14237
14237
14237
14237
00435
07258
06958
02911
21416
21417
21405
21481
21464
21465
21465
21465
21467
21468
22044
21471
21471
21567
21567
21494
21600
21493
21713
21929
21935
21902
11923
18244
21993
21903
00754
01463
22135
22136
01585
14274
02116
22112
22132
22106
07456
22278
22278
01881
06153
02257
01409
01704
12960
13566
02563
01551
18672
22441
22491
02346