06442
00876
00895
03551
03550
03100
03100
03664
02621
02622
00655
00575
02039
03529
03470
03648
01803
00927
00134
02120
02768
02769
02770
03582
03583
00763
00036
01443
01243
01243
09963
01207
01835
01867
00997
06173
04066
02118
02117
02389
05366
02058
00631
01689
02996
02871
02434
02057
02057
00566
01641
01823
00938
00869
02355
03106
02959
02860
02417
00893
02440
00864
00111
01990
03655
01925
03413
03406
03406
03406
03406
00604
01462
06167
03702
03701
06346
00611
01489
02836
03110
00016
03596
02001
03408
03408
02343
02337
01000
00995
00806
06153
03409
02412
02433
02435
00873
02902
04562
01734
01057
03412
00759
02888
02899
00969
02897
01056
03798
00857
00943
03555
02600
02519
02834
03177
02956
00962
00773
03980
01091
03075
00575
03408
04078
01004
01478
01992
01990
01358
02481
02482
02343
02563
00868
01409
03087
02394
02392
02392
00925
03723
01788
02778
02779
04077
03210
03072
03074
01807
01924
00945
00791
03168
03547
03546
01870
01834
03595
01448
03407
02056
01597
01809
01840
02470
04566
01937
02124
02123
02121
02002
02406
02407
02564
04564
03070
01775
00705
02518
03924
03501
03495
03650
02396
03797
03100
03101
02878
02904
02961
02874
02895
02931
02954
02994
02933
02881
02988
02355
01142
00948
00859
02335
02422
01972
02777
04079
00033
03407
03412
02838
01139
03413
02397
03563
02887
02916
02520
03424
02835
01921
01928
01776
01893
01265
03625
00626
02314
02939
02963
01883
00600
02000
00057
01985
01985
01977
01869
01338
02970
03466
01881
02768
02769
02770
00939
02489
01271
02357
02967
02945
00945
01892
03553
01897
02469
02313
02036
01872
05539
01875
02909
03628
02968
03820
02907
02876
03076
02919
02952
02948
03040
02879
03977
01889
01890
00384
03218
03686
04043
03687
01950
03525
01866
01880
01885
00789
06213
03531
03590
01929
03438
00858
02427
02523
02057
02338
02914
03536
03217
01624
01876
03092
02058
02992
02950
03046
03043
02935
02864
02863
02867
02601
03073
02913
00954
02340
03703
00940
00790
02358
02946
02906
02926
02892
02886
02965
02890
02982
03406
02416
02415
02557
02556
02385
02390
02384
02383
02382
02411
02410
02409
02408
02388
02387
03667
03303
03411
03656
01270
03545
01358
03544
01338
02986
03152
00554
02884
02911
02078
03685
02316
03086
03569
03570
01868
04562
01810
03642
01873
07173
07335
07335
00625
02528
01897
01887
00075
04088
04087
00963
02356
02040
02037
02038
03111
02990
02790
02791
00981
06861
07114
07114
06412
04562
02404
02400
02401
02421
02420
02419
02418
07240
06942
07082
06972
07456
07301
06890
06960
06949
07101
03588
09810
07238
05985
05810
06956
07258
07003
07056
06925
07263
07042
07277
07025
07164
07462
07391
09798
09903
09766
01951
09005
09748
08974
09775
01419
09761
09747
03497
03652
09749
05515
09769
06179
01512
02221
02760
06180
06178
09710
09770
08602
05873
03296
00784
07568
04075
09125
10773
11189
05788
08483
03587
03581
03497
02790
02791
11072
02761
11071
11069
04047
11070
01874
11749
03589
00088
03496
07566
02759
11068
13292
01491
03499
05516
09774
00054
03696
13038
01262
03657
05837
14228
03558
07335
14392
14221
14230
14233
14228
13626
14233
03413
14219
14228
00974
14222
09808
09808
01980
01980
14235
14227
14218
14229
14220
14234
14232
14231
14231
14228
14234
01173
14233
14225
14230
19689
14219
14229
14230
14226
14540
06901
03979
14219
14223
14225
02428
15580
10823
15583
15580
15580
15580
15580
15581
15582
00882
00850
07260
07091
11720
00556
14237
01207
06881
18444
02493
18682
09761