14232
14189
03285
10439
10440
02025
02055
02054
02052
02847
18334
21344
10440
18333
10111
15311
07130
18828
21029
03297
00646
00646
15312
15312
02533
04771
00477
04128
01173
14228
14228
14228
02358
14218
14218
07497
06867
15125
15125
15125
15125
15125
10038
04786
14232
14230
14221
14221
14221
14221
00568
14220
14220
02424
01969
01759
01759
15054
18138
15011
01233
05973
01487
00253
00020
03767
06147
02055
02052
00039
00064
13873
13876
00697
01183
00102
02030
02650
12262
00537
07497
07497
07232
07005
07011
03088
03088
12064
02031
02032
12070
02483
00344
12262
12262
00433
06016
03387
07481
07484
15773
03417
07492
11939
14233
15355
14974
15012
07638
03777
02013
07501
06194
00573
03787
06187
09747
02343
03671
03628
09933
02909
03327
03695
13771
06886
03636
03306
07220
02939
02963
02686
02990
01608
03424
02341
00943
07082
06980
08281
07516
03544
01358
03545
00865
00077
02529
10441
07001
11892
11891
11892
11893
11906
11903
11900
11901
02291
07659
07638
01770
00991
03723
01438
01754
05366
03969
03282
15977
09930
00817
01940
01755
01755
01620
00612
01714
01628
00036
03824
00573
06940
06153
03439
06199
02221
06895
03182
03625
00794
14652
03116
03322
15268
01434
03781
07552
01057
00036
00384
03466
03634
07478
01875
03610
03609
03608
03832
01872
02529
10543
10545
01868
02520
02916
02887
01889
01890
04764
07287
06024
06178
09748
02600
02519
02834
03446
03543
06207
00164
00658
00382
06916
07001
13896
03666
01821
01246
12573
03218
11066
01807
03387
01799
07240
07240
06200
06139
06138
06137
06136
06135
01996
01995
01998
01997
01999
03530
03561
03832
04754
06160
10674
02406
07687
03327
00154
04773
06077
01999
15268
01953
01483
07267
03782
06987
02073
02015
02013
01620
11907
11898
11897
11896
11895
11902
07039
03427
07241
00684
00928
04075
01962
01247
01883
03269
00640
07089
09694
09695
01356
02048
02046
02047
02045
13635
10441
02529
07180
09786
07137
13256
00946
02016
02015
02013
13541
03394
06042
02229
05895
05936
01682
05846
05847
05846
05845
01114
03555
03775
07287
01714
01867
07053
04083
03534
02429
00782
03543
10255
00627
00163
01491
01414
02346
01779
03088
01142
07712
03088
01358
00703
05995
07023
14393
01895
01676
03594
01776
02192
03832
03561
06911
13993
13993
00925
03821
02003
00343
00342
00341
00340
00339
00338
00337
00334
00333
00332
06145
06886
07667
07646
01548
01547
01546
01734
00761
01945
00228
00969
09710
00783
06287
08301
00874
07345
07347
03281
03466
10773
09989
05782
03181
04079
03821
05810
06180
05807
06959
03549
07101
01939
02502
09937
04087
04088
03665
03666
03977
07262
08276
08169
00697
03750
01733
00003
14260
10012
00604
03564
07175
02029
02498
01749
01595
01755
01584
01494
01874
09800
05896
01918
01579
15977
02232
02231
02227
02225
02016
02233
06190
05527
01687
01952
00285
01810
02003
10804
03770
03530
01338
00957
00390
01951
00500
03735
03736
04033
01652
01752
00281
02437
00605
03656
02456
00648
02078
03642
07056
07460
03271
02610
02609
02358
03073
02601
02867
10107
07265
02535
05597
00285
03640
03641
03562
13481
13482
07090
06917
04078
04077
00941
07735
07447
02825
00609
01465
02313
02338
02470
07687
01995
01996
01999
01997
01998
01999
01997
01995
01998
01996
03495
03501
02108
02110
02863
02864
02935
03043
03046
02919
02952
02986
03040
02879
03926
04084
01698
03978
07399
01586
06202
05366
02666
00891
01735
01693
02501
01814
02500
02503
03116
03117
03118
00411
00412
00413
03599
03600
04046
03704
03186
07390
02493
02835
02492
00737
09936
06134
03925
03438
03586
03587
01928
01929
01000
01925
03588
02563
01924
01921
03589
03590
03531
02535
03070
00620
06923
09862
06077
11065
02687
01961
02160
03786
02558
07000
01147
00014
03814
00883
01631
10537
10539
10538
01591
01095
00946
00029
09761
01756
02575
00261
10001
10003
10002
10004
01465
07397
02871
02996
09001
01866
07560
03551
03550
01159
00602
03557
03185
03074
03072
03210
00773
07568
03655
04761
04047
03179
00286
06997
11473
11472
00798
05916
01626
03568
00982
03631
00858
03705
01772
04762
03687
04043
01711
09689
09688
02109
02113
00381
13634
07733
09165
07127
01483
01477
03500
11175
11753
01870
03101
13038
03694
06891
03704
03413
00031
00031
06181
09005
02355
07241
03710
01647
01975
03657
09767
08591
06925
01448
06911
05838
00275
00574
01556
00453
08195
00007
10229
10228
01685
01644
08369
07774
07649
00428
01886
04062
00382
03644
03801
09158
00824
07018
02065
02066
03524
03525
07708
01915
03578
14682
12256
01915
07552
01118
07107
01997
01995
01998
01996
03337
03335
03336
03338
02057
00963
01873
03657
08223
03809
01007
09773
03437
03470
00748
00677
02372
02536
06142
07277
11749
13895
13894
13893
03710
01678
01677
00077
05818
06966
03771
04744
07102
10806
02379
07516
02057
02057
02526
01815
03885
07160
01961
09758
03701
01433
00759
06041
03270
11719
14161
14160
02073
07152
02259
02276
05589
01689
01627
01937
03424
09808
07462
02836
04567
04755
04044
04082
04487
13643
07262
02111
02115
02112
02114
01599
04066
13821
01999
10013
01534
13652
00989
00942
03060
04760
02456
02455
02453
02456
14170
00800
00945
02945
05788
00012
03274
02237
12339
00648
02407
02406
02970
01246
02403
02402
02556
02557
03413
03407
03408
03411
03412
03413
03414
02401
02400
02404
04562
02405
01251
08972
00297
01061
01999
07226
05805
00763
00782
09760
07238
03543
03446
01684
11927
02444
00111
00864
02440
06168
07042
06189
03820
01878
01879
03273
00655
07043
02528
00097
02053
08310
07088
01876
03688
03690
03183
01754
06879
06015
01753
05520
03446
00067
11901
11900
11903
09774
06861
03092
05808
06958
07157
03575
02494
00919
00948
02897
01056
00817
00954
03110
01649
03089
00425
00426
01443
02297
02298
02299
02300
01502
02275
02169
03216
00057
03071
03797
01920
01919
03320
04752
07391
10126
10125
11103
07516
00826
02624
00823
00375
01999
00077
07001
01887
03673
00906
01673
09858
00833
02016
11444
07275
00145
00762
00029
04090
00457
02613
02612
02611
12972
03654
02950
02992
02355
02946
02906
02926
02892
02886
02965
02890
02982
02878
02904
02961
02874
02895
02931
02954
02994
02933
02881
02988
02907
02876
03076
02518
06911
07152
01087
00697
08983
01114
00868
00720
01129
07225
05813
01126
07275
00266
02471
03154
03149
00788
02065
02066
04754
07323
07122
00790
07010
01468
09975
05836
01745
06133
01669
00496
01012
04090
02048
01714
07243
07230
03702
00832
00019
07115
09861
14287
01640
01620
09959
01940
00331
00330
03075
01803
00962
02956
01999
01673
01649
01613
00053
01653
01652
03088
00901
06966
02391
02390
02389
02388
02387
02386
02398
02399
08309
07160
09973
12372
12371
12370
12369
12368
10220
02337
07146
01894
08289
08224
00789
02517
01778
09921
03733
06969
06204
01419
03667
00930
05501
00641
08218
07240
02621
02622
03799
00604
01462
04096
01919
01247
10778
07638
07659
10016
10015
10017
04751
01950
09919
07461
03536
02914
00060
09958
07246
01706
07001
00019
01574
00768
02013
02015
09888
13292
01687
02339
01255
07091
11720
02970
03704
02518
00156
03543
03446
07507
01613
01996
01995
01998
01997
03527
03774
03630
02902
02913
00278
00767
03517
06895
05596
00640
01495
00481
01031
01032
01857
01055
07154
00077
03787
04564
03601
00912
09791
00979
03980
02968
00075
14645
03671
00014
03290
10220
10218
02020
00014
02624
02336
05591
10227
00847
09823
01070
03585
03577
12508
05819
03088
05800
03832
03561
02471
07733
01935
03500
03543
01273
03522
03521
00479
02002
02011
01867
07248
01707
15977
12658
07002
12972
01640
06938
14347
00847
01633
14058
04042
00820
06938
03435
02769
02770
08369
07240
07240
02397
02396
02395
02394
02393
02392
09936
03823
12308
03543
01752
01338
00528
09939
04061
02423
02422
02408
02409
02410
02411
02412
02413
09456
00154
02019
01754
03322
08369
02167
13979
01142
02434
02435
03569
03570
03571
05515
05837
01737
06920
00765
00013
00817
07118
05800
03583
03582
03581
04062
03147
02053
02053
11892
11893
11906
11901
11900
11903
11897
11896
11895
11907
11902
11890
11891
09941
03781
00574
01521
03088
03088
04564
10979
06942
03981
01118
03648
01609
00766
01657
01091
01783
06195
08304
01912
15866
03322
01737
02919
01465
11103
06916
08224
00859
02654
02652
02523
02888
02899
03979
00931
08311
01881
00760
03106
06950
03806
03762
09771
08307
01956
11250
01955
03624
03798
00796
03431
02040
02037
02038
02036
02039
07636
00937
01524
00797
00615
00134
11103
01477
01483
06186
00215
03561
01869
03643
02340
00147
08973
01690
01625
04564
00140
01053
08296
03327
01895
06153
00566
00324
00324
00325
06996
07444
09857
06192
03808
03808
00613
03686
00606
00950
10763
01933
00791
03572
03975
07266
01991
06978
11921
01647
01652
07107
00600
07738
08084
02672
02655
00252
08195
04719
01991
00655
00973
01790
00067
12990
02526
01706
08191
02841
02527
03189
03188
03187
01428
01429
01430
03190
07677
03088
02421
02420
02419
02418
02417
02416
02415
02462
02461
02460
02459
02458
02457
02456
02452
02455
02453
03530
06048
00793
11752
01951
09801
03664
07259
07566
01589
01588
01923
01624
00873
00927
00099
00981
00806
02838
09903
02357
02967
01265
00990
06182
01462
01972
03529
14267
07320
06131
00432
06158
04485
01775
00941
09977
03789
01637
01638
02012
00574
09701
03098
00574
03088
03650
03217
08998
12972
02034
07240
10441
03704
02279
02280
02283
12510
12511
09005
01721
01433
02002
04487
02002
07107
00285
10441
12685
00163
02106
01725
06044
00705
01236
05343
06145
01114
01868
01883
09007
09823
02364
07141
03724
01714
07124
03449
02013
02016
02015
02015
07156
02029
02029
03088
06152
07112
07112
01055
01720
08169
13796
02456
02455
02453
02456
02456
06140
03637
03832
01902
01903
03565
00305
01633
03594
01686
02624
00457
07124
09965
06901
08369
12990
03543
13766
01968
03811
09930
02057
07649
07649
03226
03225
03230
03229
03222
03223
03224
03228
02029
02029
00077
00014
03585
03415
01685
03823
11898
11897
11896
11895
11907
11893
11892
11891
11902
01779
06991
00003
03762
00381
01999
09883
06999
07302
07303
07402
14645
01008
11068
03430
01841
00457
03786
00014
03430
11081
11084
11083
11082
09990
03306
08677
00117
00428
01114
00832
00299
01304
02000
02001
02002
09930
15977
00448
00449
02623
00303
06995
00036
01991
02057
07265
03819
01627
03270
00979
06041
00963
00164
04078
04077
01091
13256
02529
04077
04078
03576
00299
00549
00041
01685
13954
03893
03710
06160
06901
01895
00140
03587
11921
01673
01725
15553
11103
01704
01703
03585
01839
05517
01464
01091
09936
09936
10680
02529
01714
02053
01711
10764
00764
03558
03749
11754
01963
01695
01696
01817
06173
00133
00052
01704
01703
01620
01647
09159
00240
00239
00242
03710
00024
02013
02016
02015
03587
00609
00029
02529
03381
08195
07798
07787
01126
05998
03652
03219
02053
02053
06966
07223
00077
00167
09699
00382
00826
01666
06133
08191
09019
03805
03928
00860
03322
03449
07090
01620
01502
06194
02034
02275
00240
01531
03453
02002
02002
02001
02000
00098
07039
09954
05520
01483
03086
09117
02970
07007
10537
10539
10538
00375
01740
00822
00425
00426
07044
07642
07664
02057
02057
03435
00156
03607
05367
06894
00790
07168
07300
13491
13489
13486
13488
13487
01652
02503
07644
03790
00697
00370
00371
00373
02575
15977
06911
07088
03717
15977
01821
03119
00794
07140
07649
07774
02012
02011
01194
09927
00886
00641
00303
02053
09964
08987
00615
02029
02029
13950
02029
07301
00363
00362
02575
09190
02015
02016
02013
01999
13483
11178
11177
01626
01754
00428
02106
00720
01091
07090
00574
03098
01438
09915
00761
03833
01042
02380
00123
00123
07058
00963
03885
00375
01118
03088
05349
00014
03290
01644
01720
01681
08169
06194
08368
10713
03100
09768
07552
07345
07345
07347
07345
01118
06989
00675
01821
08717
09957
07044
11534
07217
13993
03168
08324
00425
00426
10680
13639
12972
01685
14237
12062
01464
09972
02029
02029
03305
05786
01512
03527
13021
07246
09007
01662
00795
03602
01061
03885
06966
01241
02204
00788
15125
05366
13896
13895
07345
03381
03464
02300
02299
02298
02297
00342
05847
05846
13894
13893
01991
00012
07397
07223
13727
07347
05845
05846
00574
00831
00375
04064
01775
07006
03327
13633
03569
07001
01425
02012
02011
01751
06188
01681
00375
03088
03981
01555
00451
08482
03304
14160
14161
00472
10441
01687
01714
09967
09967
01845
03704
03841
01256
06901
07402
03611
00126
00123
03724
02469
09924
00831
07058
01736
00311
07107
01028
01029
02071
02072
02073
03521
03522
00285
02959
02860
00554
02884
02227
06949
13288
03831
09889
03592
03327
02651
02278
02279
02280
02282
02283
12510
12511
03750
03752
03639
08300
01091
04773
07056
06287
07040
02911
03621
00648
00645
02078
09458
03088
03597
03598
03596
03100
03685
03584
03474
00997
01207
02356
03703
05539
03088
02224
02189
02234
02230
15034
08995
03673
01284
03412
01053
08195
03547
01761
05306
00375
07734
03781
00574
01991
01586
00612
07644
00694
10253
05596
07507
02688
13580
10016
10015
10017
00673
00673
06447
01484
05526
10013
07789
07788
07799
07093
03300
01745
05836
01712
01256
07023
07006
01991
00140
01640
03762
07160
06991
01799
15977
06222
13929
13931
13932
13933
13934
13930
00645
03798
00023
08995
03092
03088
01448
07290
02068
02069
01079
00874
14441
00023
00836
01892
06941
00940
03215
14205
09780
03284
01338
11074
11075
11076
11073
06938
07275
16320
01167
15313
15311
15313
00001
00459
00459
00108
00130
02483
07326
00476
02484
01897
01426
00484
02303
03566
03719
07045
00974
00956
00059
01897
00529
01796
15337
02058
07222
07165
18100
14742
15580
08261
00064
00249
15547
15581
15549
15553
15785
00001
00128
00128
15554
02428
00284
05799
03220
05874
15553
15553
00128
00065
13874
01708
00632
00108
00020
01467
03566
02525
03719
03574
02055
02055
02055
02052
02030
10831
15555
15721
15551
15553
15738
02050
15552
15553
01458
00529
00108
00020
09017
14761
02075
05875
08720
07326
08234
00433
01090
07484
03307
08282
00001
00128
00034
00090
01069
00104
01458
00249
00249
01659
01505
00329
00356
00148
00459
01130
01046
00666
00666
01081
01485
00758
00499
00130
00549
01713
05874
00166
00020
01426
01426
01426
01426
01426
01457
05603
00484
13028
00996
02303
14257
00091
01856
04098
04099
02484
02480
05372
03566
03566
03566
02529
05799
05799
03719
07782
10947
03497
03746
03746
03746
06147
06147
06147
06147
06147
06147
15634
00042
01239
08100
05913
03566
03566
08194
00344
07749
10747
15539
02054
02054
02052
02052
02058
10021
02030
02028
08172
02483
07326
12262
03307
01133
06867
15582
03928
15554
15724
11741
15355
15357
15786
06987
15337
13611
15916
09810
03286
15461
15583
16011
00596
02030
12071
00537
15782
00128
00042
16011
16011
00128
00249
00249
14228
07222
01834
02030
02030
02028
05874
05874
02483
06016
03457
07116
15778
15408
01501
00459
05603
07506
07506
15268
14225
14225
03929
14234
00145
07507
01640
10441
02529
01114
11103
03701
02556
02557
11102
02429
06158
01265
03762
00024
12542
03446
12541
18982
01156
07316
02463
02454
07117
01724
02116
02454
03649
01118
09691
09691
16011
12543
19736
03781
03781
03781
16135
10009
14235
16092
16423
14232
16091
16090
16088
16147
16137
16137
16137
16137
16137
02014
02014
01712
03746
03746
12990
07001
02424
14224
14224
14224
03320
16053
16087
14227
14227
14227
14227
14227
18333
18334
18335
10013
10014
16066
16074
01801
16215
16371
01977
01977
01977
01977
01977
00209
16345
14219
11733
16516
01992
01992
15540
15540
16137
12262
16137
16137
02018
02017
16165
11734
11735
16171
10019
16319
14228
14236
18249
16329
03321
10544
11959
11959
11960
14229
11960
11961
14222
14225
14218
14226
13614
14233
16692
16692
03776
14237
16692
16692
02768
08483
11183
16692
01980
01980
01980
01980
01980
10543
12368
12368
14230
14230
14219
14219
14218
14218
14218
14218
14218
14237
14237
14237
14237
14233
14234
14234
14229
14219
05825
10823
11961
11962
11962
11963
11963
10544
10545
10020
01607
06045
01262
00799
06179
07054
01941
00799
06910
14162
02258
02274
01596
02342
03469
02427
07657
03830
04085
11085
03616
00616
04750
00058
01156
01560
03406
02035
02033
10440
10439
00380
05994
02821
09806
00135
01259
02056
01104
03606
07004
02014
07052
08483
11189
05814
05815
07491
03153
02067
05595
01496
01523
00059
10440
00852
03405
06910
00595
02238
07258
02067
01119
01692
00548
00548
00471
07126
03406
05595
07052
03316
00219
02004
03406
03406
01262
01560
02849
02348
04091
13628
04488
01104
01322
00626
00652
06201
03316
03325
00059
01561
01916
09471
12373
07665
07258
02228
00374
03769
04091
00657
08194
01692
00799
00219
00135
00626
00383
00799
01488
00059
02051
02049
02050
02049
02010
00799
00575
02653
00856
01243
03406
01560
01885
00054
02035
02035
01607
00135
00135
02342
00799
11209
01692
09981
00799
01515
03294
02414
01569
07404
03406
02014
02056
06910
03743
03711
03299
00851
03177
08178
00059
03406
03768
01092
02056
01455
03455
02806
06023
10563
07123
00059
02510
00046
02051
02049
03386
01409
01011
00799
03825
02014
07028
13953
00625
02005
02004
15329
02004
00059
02433
02010
03406
01104
03406
01560
01480
14162
02433
00124
00127
03286
04517
08305
15923
10018
02029
03342
00970
03442
00059
00121
02843
07019
03227
04073
07098
00845
03406
01469
00598
02014
15329
06013
01679
05524
01760
00626
00626
06910
02049
02050
00639
01561
02014
02050
01941
02051
02051
01785
02056
00010
00010
00088
00674
01439
02051
06045
00799
07404
03406
02033
06889
00801
01439
03560
03087
03635
01507
00059
03593
00799
10440
10439
01281
05712
00700
00567
07304
07305
01489
03317
00127
00124
01026
00575
01525
01784
01784
12373
00799
05712
00135
01424
00626
06183
01607
01496
03406
00852
07025
00241
00033
00135
00101
00058
00101
01569
00845
00059
07305
10439
03769
10440
10440
03386
01281
01026
01785
07232
02014
02014
02014
03455
11159
10439
10440
01560
01192
04750
02030
02030
02030
02030
02030
16856
02342
00135
01297
09983
00059
00939
04763
00567
07304
00854
02077
02074
02014
03406
02454
00058
02014
01561
03776
02014
00852
01619
10004
06016
06016
15328
07665
00355
16137
02226
16137
02803
02804
16137
16873
11991
03559
03559
07245
06075
03559
03559
07245
02050
19225
02051
16841
01985
01985
01985
01985
01985
13485
00882
13490
02003
01999
12507
02028
10439
02030
17315
17317
10009
17316
07638
10440
10441
02424
16922
02028
02030
15495
04091
08738
08738
17713
02028
02029
14225
14233
14219
14228
14230
14223
14231
14222
10440
03457
03457
17247
02028
10440
10441
10439
17218
00951
10112
02484
02028
02029
17103
02029
17225
17228
10439
02028
02029
02010
01990
01990
07277
02049
13953
08738
04065
07576
17686
00523
05816
10111
14218
09472
17838
17723
18100
18101
17836
13543
19577
19745
05540
00254
02026
06518
01658
08173
07577
00135
02027
17735
01497
01497
02614
01187
17736
18139
12064
03457
18139
07003
02058
02058
07483
07645
18028
13995
02403
18029
18101
02768
08483
11183
17947
03772
01652
21449
21449
21449
18143
18144
18030
03772
20276
21449
21449
17850
18306
18199
18248
18118
21678
07687
22550
02651
07687
01692
01784
00523
03762
03543
15125
09705
03585
00600
03711
00523
02433
07659
07345
07733
03566
03566
07126
11085
01265
12251
03673
18139
11752
00626
01104
03387
03566
03406
02049
03710
03762
03406
07407
01883
03704
01438
03711
15328
07316
02415
03711
02403
02402
07126
01707
02654
00135
02454
01999
05548
05366
03577
03762
02338
01945
01652
00548
01754
00799
18101
01790
07152
07506
01821
03606
00973
00963
03531
01443
03559
03592
03568
06987
07789
06160
07404
03521
03522
04091
05845
18138
08369
01114
03386
03531
21345
21449
01800
03535
07165
09709
07046
18383
18307
00138
18373
18374
18381
05882
18369
07459
07459
03446
00138
12255
11904
11904
21757
18480
03462
11904
16234
11904
11904
00681
00681
00681
00681
00681
18540
18581
04749
18138
18676
18138
18697
18640
18778
18850
18928
12994
18902
18910
18900
01214
18829
18900
18831
18831
01971
12066
03790
07278
18928
18929
01971
18901
18903
03497
03496
03497
03746
03746
03111
03496
03497
03746
03497
03746
03746
03746
11811
03746
03496
03497
03746
12056
12072
12057
12058
12059
12060
12061
12063
12065
12066
12067
12068
03497
03746
08151
03746
03497
00662
03169
03746
03496
03746
03169
12058
12060
12061
12062
12063
12065
12067
12068
03496
03497
12057
12072
12056
03746
03496
03497
03646
04565
03496
03746
03111
14060
03746
03746
03746
03746
03111
03746
03205
03496
03497
03746
03746
03746
03496
03296
03761
12240
07497
07497
07497
07497
07497
07483
07483
18981
07050
03526
02663
05396
00820
18979
18981
12069
21405
18991
00344
00335
00336
05999
07498
07498
07498
07498
07498
07498
07498
16238
04772
07746
06020
06992
19166
19221
12979
03309
07326
07326
08166
07326
19191
03458
05875
02031
08678
00571
00571
01710
01710
10844
22468
19219
07062
07062
00590
03328
19166
19416
19265
01066
01785
19265
01785
04771
03722
19333
19338
19337
03574
07497
07497
07497
07497
07497
07497
07497
07497
07497
07497
07497
07497
07497
07497
07497
07497
07497
07497
07497
07497
07497
07497
07497
07497
03574
07497
07497
09459
00525
19267
19294
19302
19333
19338
07498
13612
09690
19092
11209
09988
11209
11209
07344
19577
19577
19577
19577
06132
19670
00992
07064
19666
07666
19743
07147
06131
19784
06132
11904
02029
11904
11904
11904
08744
00799
07119
07119
15777
17722
00275
19804
08992
14731
20034
09796
20035
20036
18234
12132
07484
01139
20266
20276
20277
20274
13061
20276
20807
22209
20329
20331
20330
20332
00507
00507
00507
00507
00507
00507
00507
20455
20429
20444
20333
20532
20531
20542
20527
20530
20529
20533
20531
20541
20532
20543
18379
20533
09788
20528
20529
20530
22131
01179
20757
15540
20844
19591
01214
20941
21007
21006
21008
21010
21011
20941
13877
21105
21061
21062
21053
00821
00840
21012
02477
21023
21009
08968
13609
13877
20971
21147
21140
00526
22252
06905
06906
06908
06907
06903
17733
13522
06903
06907
09935
03546
02316
00287
00560
09882
09935
09935
09882
06223
01185
00558
06908
06906
06905
06223
06919
06919
00287
02314
06223
06905
06906
06908
06907
06903
06223
06905
06906
06908
06919
03553
03676
06217
06919
01520
06900
05874
20938
02032
03636
05375
05375
05375
02335
05710
13993
02483
02483
02483
02483
21394
03892
21405
03651
21420
22044
01451
01451
07334
07334
01451
01420
01420
01420
21495
21645
21699
21498
21498
21498
21699
10026
10914
00863
01777
21741
21645
00344
21757
21825
21826
21826
21802
21833
00875
21834
21830
21826
21832
08994
21832
21929
21948
21929
21949
21929
22024
22027
05802
22003
22025
01634
03285
03285
01816
22129
22130
22132
00090
08319
05275
22131
03595
22067
03392
07183
00304
00302
22185
22185
13875
16137
22186
22252
22292
22296
02257
13061
00611
11206
00590
07319
00424
22549