02030
07052
19744
14682
18928
00674
02025
10747
08234
04618
01181
21344
00854
05712
04091
04091
00500
01724
05836
03333
00426
00425
01707
01821
08717
09957
03823
07080
09823
00794
03625
03182
06895
01754
02221
03406
03439
06153
06940
03704
02970
13051
01951
06048
03530
02453
02454
02452
02456
02457
02458
02459
02460
02461
02462
03446
01919
01247
10778
10537
10539
10538
02503
07124
11444
03650
03217
08998
03536
02914
07154
00036
07665
07644
03710
00525
06194
07302
07303
00523
01996
01995
01997
01999
03527
03774
03630
02902
02913
00278
00767
03517
00507
03500
11175
11753
01870
03101
13038
01520
03694
06891
03704
00031
06181
09005
02355
07241
07687
06139
06138
06137
06136
00672
00200
00201
01814
09154
01601
01602
03841
00855
00615
01624
01783
01633
01499
01724
07300
03652
03088
04719
02224
02234
02230
03405
13580
02003
00342
02297
02298
02299
02300
02035
02033
02034
03710
09760
00782
00763
05524
05805
00029
00762
07687
06910
03809
00145
09122
02624
00820
04042
01633
08309
07160
09973
12372
12371
12370
12369
12368
08972
01251
06518
05350
02529
01915
11106
00681
03303
06991
07665
07644
02346
03893
07638
00694
03657
03327
03453
01679
00560
00287
03592
09889
03831
13288
06013
06949
02227
02884
00554
02860
02959
00285
03522
03521
02073
02072
02071
09456
00154
04061
02422
02408
02409
02410
02411
02412
02413
02415
02416
02417
02418
02419
02420
02421
02397
02396
02395
02394
02393
02392
02391
02390
02389
02388
02387
02386
00455
00151
05921
05921
03786
03975
07677
06938
09771
09983
12339
02237
03274
00012
05788
02945
00945
00800
00817
00831
09924
02469
03286
00127
00123
00126
03455
02433
03611
13481
13482
07402
00647
09458
00059
00647
02398
02399
02405
04562
02404
02400
02401
03414
03413
03412
03411
00575
03408
03407
03413
02557
02556
01647
03088
01358
04564
03601
00912
09791
00979
00939
03980
02968
00075
09767
08591
04763
00567
06925
01448
06911
05838
00275
06987
03710
07093
03119
02051
02049
02050
03088
09024
02000
01752
00304
00302
00305
00600
03522
00574
07304
01556
00453
10440
10441
10439
00007
00854
10229
10228
10227
09823
01070
00854
03458
03585
03577
07259
02275
02020
08195
02688
00014
01925
01000
03092
05520
03168
01999
00285
03724
13574
00135
00626
01929
01928
03587
03586
03438
03925
06134
01912
08304
06195
01783
01091
01657
01658
00766
01609
03648
01118
03981
06942
05813
05814
05815
05816
01262
02492
02835
02493
00626
01647
03569
06999
03446
01666
04073
07390
03186
03704
04046
09941
07007
03600
03599
00413
00412
00411
03118
03117
03116
02503
01523
01496
02500
01814
02501
01693
00817
00013
00765
00790
07122
07323
04754
02067
02066
02065
00156
06910
03594
00615
05595
03787
01673
05936
05895
02188
00595
02229
06042
03394
13541
00788
03149
03154
03153
02471
02393
00266
00265
07275
01129
01735
00891
02666
02663
05366
06202
01586
07147
07399
03978
01698
04084
03926
02879
03040
02986
02948
02952
02919
02518
03076
02876
02907
02988
02881
12141
12140
00797
06193
01142
07006
00033
06194
01620
08169
00688
03312
03821
03119
07002
05710
02402
02403
03746
06188
01246
02970
00648
02406
02407
11081
11084
11083
11082
07098
09019
07267
00675
07107
01745
02078
02078
01256
03841
02342
03704
04760
03060
00942
00989
07552
01845
11752
00793
03381
03464
03656
00605
02437
00281
01752
01652
01999
04066
01599
02114
02112
02115
02111
02113
02109
02110
02108
03497
03496
03501
03495
01996
01995
01998
01997
01999
01999
01998
01997
01999
01996
01995
00140
02933
02994
02954
02931
02895
02874
02961
02904
02878
02982
02890
02965
02886
02892
02926
02906
02946
02358
02355
02992
02950
03654
03046
03043
02935
02864
02863
02867
02601
03073
07137
02609
02610
02611
02612
00457
04090
06987
06162
05780
05781
06163
06164
06165
06166
02043
05774
02624
00609
01714
13633
03319
00016
03685
03100
03596
03598
03597
03088
09458
02078
00059
00645
00648
03621
02911
07040
06287
07056
04773
01091
06179
08300
03639
03752
03750
03595
07566
01589
01588
01923
01624
00873
00927
00826
02843
07019
03637
01902
01903
03565
03553
07649
02051
02050
02049
09967
09967
03446
01684
07156
11068
11927
03798
01652
00325
00077
03587
03406
01841
03430
07141
11177
11178
00681
02444
00111
00864
02858
06168
06217
07042
06189
03820
01262
03185
03557
00602
01159
03550
03551
07560
01866
09001
02996
02871
07397
01465
10004
10002
10003
10001
00261
01756
13483
03521
00479
02002
01433
07006
03294
03585
03569
09915
00925
00033
03291
03671
01623
11177
11178
13483
00851
03299
01625
01690
08973
00147
02340
03643
01869
03559
03561
00215
06186
03711
01483
01477
11103
00134
00615
09761
00029
00946
01095
03743
09705
01591
10538
10539
10537
01631
00883
03814
00014
01147
07000
02558
03786
02160
07577
00077
00832
03412
00575
03781
07304
06911
03387
03386
00472
02282
00782
02687
11065
00856
06077
00526
00525
03806
06950
03106
00760
01881
08311
00931
03979
02899
02888
02523
02652
02653
02654
00859
09862
06923
00620
03070
02535
03531
03590
03589
01921
01924
02563
03588
11312
00666
13890
13892
07117
01259
13889
00285
07126
07336
02017
02018
02020
01669
02204
01241
06966
02335
03885
01061
03602
00795
01662
09007
01409
07007
02970
09117
02316
03086
03746
00448
00449
02623
00457
01785
02529
03797
01834
03676
03071
00057
03216
02169
02275
02274
02258
02276
02259
07152
00058
01596
03169
04096
01462
00604
03799
03500
06920
01737
05837
05515
03571
03570
03569
02435
02433
02434
01142
08218
00641
05501
00930
03733
09921
01778
02517
00789
08224
03667
01419
06204
06969
07391
09806
04752
03320
01919
01920
02821
08483
09939
07402
07161
03519
03518
06131
07058
07395
00375
00077
03543
01805
10543
10545
10544
07303
07302
06075
08482
05916
12266
09709
01644
08369
03086
07089
06917
01008
02014
10001
00285
02034
02033
02035
12972
00135
01754
01750
03559
03825
07020
11901
11900
11903
11897
11896
11895
11907
01779
11893
11892
11891
03744
00822
01999
01996
01995
01857
01032
01031
01495
03306
00640
03585
03808
06192
09857
00925
00208
01091
03559
03561
03832
06995
00854
03781
00375
06910
01687
02026
02025
11474
03777
07156
00117
00425
00426
06988
00014
01847
00567
01061
03769
01706
02033
02031
02032
02025
02026
04078
04077
02032
02031
02034
02033
02035
08641
00031
08191
02529
05819
01666
04073
05713
05818
07649
02051
02049
02050
01114
00801
08482
03304
09691
09690
10979
00101
07085
02768
08483
11183
05520
05819
12508
05349
12511
12510
02283
02282
02280
02279
02278
02025
02026
10439
10440
10441
00123
00123
00127
02380
01042
03833
01644
09709
03522
03521
00163
00426
00425
07241
00059
05396
02275
01750
01754
07240
07240
07789
07799
09958
07223
07665
07644
03790
02014
03832
03561
03559
01740
06911
06911
03782
01118
10036
03406
00135
01714
01750
00451
01061
13653
13652
00375
10253
09939
07336
06910
00886
00036
03316
03316
03316
01708
01069
00970
13895
13894
13893
13895
13924
02614
02651
00799
06922
03701
03111
02274
07043
00655
03273
01879
01878
00655
05801
03581
03074
03072
03210
00773
07568
03655
04761
03781
04047
03179
00286
06997
11473
11472
00798
01626
03568
00982
03631
00858
03705
01772
04762
03687
04043
03686
00606
00950
10763
01933
00791
03572
03975
03442
03640
03641
03646
03560
03562
07107
00600
07738
08084
02672
02655
00252
08195
00451
01555
03778
09691
01912
01791
12995
03328
02841
02527
03189
03188
03187
01428
01429
01430
03190
01579
01918
05896
09800
01874
03593
04565
01494
01584
08994
00845
01057
00036
00384
03466
03634
07478
01875
01265
03610
03609
03608
02841
03832
01755
01595
01749
13543
02498
02622
02621
07240
04079
03181
00031
00616
05782
09989
10773
03616
03466
00681
03088
01685
00041
08368
01640
02072
02071
02073
02051
02049
02035
02035
02034
02033
02035
01996
01995
01999
01999
04078
04077
00029
00121
01867
01687
00627
00162
00161
03786
01673
01999
01997
01995
01998
01996
06222
01438
05786
06889
00059
07246
08289
01652
01894
07146
02337
00338
00339
00340
00341
00342
00343
01515
00074
09861
00067
07115
07001
00832
03702
00694
06895
05596
02276
02276
02274
02275
06901
01745
05836
01712
09975
01468
01999
00868
00703
00975
07001
10016
10015
05526
10013
07789
07788
07799
10017
00673
00673
06447
01484
02275
01753
06879
01754
03183
03690
03688
01876
08310
07516
02379
10806
07102
04744
03771
00097
02528
00566
00324
00324
00325
06996
07444
09857
06192
03808
03808
01999
01997
01995
01998
01996
09967
00285
12308
00381
00380
07112
00384
09129
03776
01998
01997
01999
02025
02026
01771
00023
03406
01999
01997
01998
01995
01996
03088
01682
03701
02040
00615
00615
00023
02057
09386
03294
00528
01338
01061
01999
07226
03746
03642
07056
07460
03271
04043
06201
04090
08715
00847
11942
06938
01640
12972
07002
02048
01012
01935
00833
09858
00626
00906
03673
01887
00548
00548
03328
13481
13482
07090
01640
01991
04078
04077
00860
07735
07447
02825
00609
01465
00655
01525
01710
00973
01790
00067
09690
00573
10441
10440
10439
03496
01999
13634
00381
00390
00957
03795
11720
07091
01255
02339
01687
13292
09888
02015
02013
00768
02233
02016
02225
02227
02231
02232
03496
00059
01507
07461
09919
01950
04751
10017
10015
10016
06911
07659
07638
02050
02049
02313
02338
02470
03735
05591
03736
01534
10013
03525
03524
02066
02065
02067
07018
07258
00824
09158
03801
03644
01126
11103
10125
10126
00697
08169
06910
07458
00558
03554
08301
06287
00783
09710
00969
00228
01945
00761
00059
01734
01546
01547
01548
07646
07667
06886
06966
03088
01652
01653
00053
01613
01649
01673
01999
02956
00962
01803
03075
00330
00331
00332
00333
00334
00335
00336
00337
07230
07243
07397
06911
03559
03561
03832
02192
01776
03594
01676
01895
05564
05563
05562
05561
05560
03415
00059
01779
03701
01790
02073
03710
01443
00820
02768
08483
11183
00426
00425
03089
03110
00954
00817
01056
02897
00948
00919
02494
10563
03575
07157
06958
06023
02806
05808
03092
06861
09774
11719
03270
06041
03455
00759
01433
01586
00140
01895
07403
09768
06901
02518
07183
03534
12661
05786
01512
03527
04754
06045
03746
00299
01521
00014
00077
00046
11906
11895
11896
11910
11891
11900
11901
11893
11892
03410
03088
09984
03496
03497
00639
00060
09958
01821
00059
01640
11903
11907
01968
01626
03530
07010
01915
08195
01576
02336
08369
01703
09990
09913
03808
09857
00384
03746
02837
03704
00074
07734
01681
01720
01644
00024
04101
11475
02014
02026
12308
10552
10553
10554
09471
00014
03786
00457
02431
03710
00241
00242
00239
00240
09159
01647
01703
01704
00052
00133
06173
01817
01696
01695
01963
03749
03558
00764
06044
00705
01236
00700
05343
07313
03325
02019
02403
02402
03322
02041
02044
02042
07107
03717
02414
08307
02342
08983
00697
01087
07152
02348
09973
03703
02356
01207
07687
03543
03446
07576
00997
03474
03584
05782
05783
05784
05550
05549
10016
10015
10017
09780
03381
01512
01194
03086
01640
11907
11898
11897
11896
11895
11891
11892
11893
11906
11903
11900
11892
07345
07347
07345
07687
03758
03497
07001
03758
01478
02040
01577
08369
00681
07154
02529
05350
02529
05349
06145
00428
05567
05566
05571
05570
05569
07152
08738
04084
07787
07798
03546
03547
03088
02529
01714
00852
01464
06934
00117
07217
05916
00240
03576
06077
02529
02025
02026
05879
05878
07397
07006
00375
07812
00549
00612
07053
04083
05589
01689
01627
01937
03413
01711
00963
01638
07140
00362
00363
02575
00598
05366
01118
07043
03594
00219
06140
03147
04062
03303
07287
01649
10441
10439
03284
00874
03281
05366
03969
11074
11075
11076
11073
03322
06938
09165
03406
08223
01908
01243
03657
01873
00963
00010
00010
03338
03336
03335
03337
01996
01995
01995
01998
01997
07107
01620
01872
07002
00681
01886
03406
06153
03327
08296
01114
01895
07516
04764
01890
01889
02887
02916
01613
03412
03328
01854
08191
01706
05343
09961
09960
10533
07152
08169
02073
07234
11082
11083
11084
11081
03430
02444
10680
03320
00627
03644
01779
01744
01424
01007
01667
00457
00832
01912
00074
02613
02611
07028
07112
07112
07090
10439
00808
09471
02275
03111
03497
00466
00860
00612
09694
09695
02584
02587
02592
02596
03855
00313
03522
03521
02595
02585
02593
02588
02586
02591
07275
12941
06995
01114
03549
01993
03406
01556
01998
00003
01733
03750
03636
03635
06886
03695
03327
02909
09933
03628
03671
02343
09747
06187
02051
02049
02050
03787
00573
06194
03087
02238
03424
09808
07462
02836
04567
04755
04044
04082
04488
04487
13643
01104
07262
00382
00627
00163
01491
01414
01779
01142
01322
07712
07708
01915
03578
07095
07501
03215
05807
06180
05810
03821
00626
00023
05541
00874
00626
10979
02069
02068
07290
03282
01754
01438
03723
00991
01770
03386
07638
07659
02291
00865
03545
01358
03544
01338
03530
00720
00720
00135
02526
01815
08195
00481
01754
00384
03761
09786
07180
00852
02529
10440
02520
01868
01029
01028
07107
00311
01736
01740
07058
03809
07127
07154
01483
01477
01297
01975
01951
00088
09801
03664
01007
09773
03437
03470
00748
00677
02372
02536
06142
07277
11749
00099
00981
00806
02838
09903
02357
02967
01265
00990
01462
01972
03529
00937
07636
07657
02039
02036
02038
02037
02040
03431
00796
03798
02427
03624
01955
01956
03770
10804
02003
01810
00285
01952
03769
05527
06190
07305
07516
00626
07119
06980
07082
00943
02341
03823
03424
00697
09780
03606
00012
01104
01991
03768
03269
00640
01092
03555
03775
03722
06959
03549
07101
01939
02502
09937
04087
04088
03665
03666
03977
01892
06941
00940
07287
01714
01867
13795
03288
01961
00249
10111
01487
07246
00065
13930
13934
13935
06867
01485
01053
07130
00625
11754
10220
07165
01266
03762
01081
13933
13929
13932
11085
14058
02116
14051
10713
01198
07168
12262
03767
13821
02483
05973
04091
03719
02480
03342
02483
12262
00799
13874
01856
13794
13796
01799
05966
00019
15511
07240
03782
01940
05306
03430
00059
07156
03607
06199
07118
05800
03583
03582
03581
06024
06178
09748
02600
02519
02834
03177
03446
03543
06207
00164
00658
00382
06916
03666
03088
00626
00059
06445
08178
03696
00688
06138
12573
03218
01807
03606
01192
00684
05539
09954
09694
09695
01356
02048
02046
02047
02045
13635
01424
01816
01608
01439
07320
06131
00432
06158
04485
01775
09977
03789
01637
01638
01885
07001
00928
04075
01962
01247
01883
03088
02990
02686
02963
02939
02314
07220
03306
07175
03564
00604
10012
00956
13979
00148
02650
00034
05540
00297
00114
13953
07404
01273
01053
03288
01607
00239
00335
02651
01799
03741
00472
02055
14218
02004
02077
01784
01607
01467
03457
01916
00104
00102
01897
00020
01659
01659
00202
07123
00568
01759
07749
00329
00356
13893
13896
13931
05351
13953
11477
14060
01194
13993
13896
13953
02004
13894
04750
13891
11905
14228
14223
14228
01784
01560
01560
01560
01560
03762
01630
06893
04100
02055
13993
13993
13993
14232
14260
14229
01983
02057
02057
07011
14393
14228
14233
00344
14225
14219
14162
07518
02035
07246
01079
00821
00344
03574
05600
13924
05599
11311
13771
13766
00632
07484
06147
01997
01998
00863
00941
00941
01011
01997
01998
05712
00951
05603
00652
11189
00344
02463
02027
07232
00537
01434
06282
08994
03762
07491
02053
02053
02027
02027
02027
02027
14220
14220
14220
02058
02057
14219
14219
02053
02053
02029
02029
02029
02029
02053
02029
02029
02029
02029
10218
02053
14287
12256
14233
14347
09461
14228
14260
14233
05799
03297
14221
14221
14221
14221
05712
01561
07003
07003
07045
14232
06867
06992
02075
00799
02509
02053
02057
02056
02055
03566
00433
14234
14234
08194
06015
02058
02057
02057
00303
00303
00666
00974
02056
06147
02053
01768
02001
01977
01977
01977
01977
01977
01977
01977
00459
14228
14393
00091
14161
14219
14218
05714
14219
14231
14233
14224
14224
14225
14228
14228
08177
02688
02510
05349
02510
10440
08177
14205
03704
01104
14237
03772
04771
05836
03328
02035
07003
13993
02533
09810
06147
03307
02056
11918
06147
01187
13628
02054
01985
01985
01985
01985
01985
01985
01985
03407
01130
14235
04517
14267
01505
19302
14234
00459
08995
02052
14441
00830
00799
01607
14225
14225
14225
01173
08196
05874
07749
02358
01458
09017
03324
03293
00128
01524
00988
01173
06020
01420
01420
04063
14652
02056
02056
02056
15035
08677
01621
03457
14226
14232
01978
14229
14230
01760
03380
00249
01980
01980
01980
01980
01980
01980
01980
14237
14234
14237
14237
14227
14227
14227
14227
14227
14227
14227
10218
14222
02423
08305
00124
01630
02455
06183
11902
05712
00124
05712
12658
00130
00666
08995
15546
04772
05712
07638
04110
08295
01055
14223
14229
14230
14230
06133
00253
05559
14236
01916
14170
00799
03897
02074
07506
01502
00433
10714
02030
02028
01826
00090
03719
00128
08195
03772
14520
14742
07483
07483
15054
00433
01497
11902
06919
03324
00480
07232
05799
14657
14666
07687
02525
14659
02803
02804
03307
02055
08166
02557
08195
02027
02303
02597
00901
01969
02276
01262
09181
00799
16011
00799
03296
00799
15011
14658
00146
00626
06147
02351
07481
15512
15229
15268
15012
11960
15513
01075
00108
00290
12252
01426
01426
01426
01426
00477
05875
00799
12537
00799
08998
01941
01457
07245
12536
07245
14761
12976
01055
13021
15034
02303
02484
02484
02484
07506
07506
03566
03566
03566
03566
05799
03719
02019
03724
11741
00042
15408
00008
12071
00064
00249
03719
02055
02054
02052
02030
15553
15773
15784
15785
15786
16877
16878
15554
02428
15634
15773
15553
10831
15555
15762
15763
15764
15551
15553
15738
15552
15553
15553
02237
14218
14218
14218
14218
14218
14218
14218
15539
15554
15554
12538
15724
01692
15790
01692
01026
01692
04093
15461
06988
16011
00459
15782
18334
00001
00128
00128
02778
02779
01728
08261
00042
00042
00122
00249
01505
02274
00459
01897
00666
00666
01768
00499
16011
16011
16011
15778
00484
02303
02055
02055
02055
02054
02054
02054
02052
02052
02052
02052
02058
02058
02058
02030
02030
02030
02030
02028
00249
00135
15408
07001
07100
07152
02351
08998
01713
07213
02594
15371
15408
02031
02032
02031
02032
02031
02032
08369
12070
05874
02483
00344
00344
00344
00344
07749
12262
12262
12262
12262
00355
00433
00433
01185
06016
06016
01167
07445
07481
07483
07483
07483
07483
07486
07486
07492
07497
03307
03285
02022
07222
07222
06867
06916
15761
15268
15228
15866
15783
15977
18827
12541
12542
15977
02847
12543
19736
15065
03781
03781
15977
10009
16092
16135
16090
16090
16147
07483
07483
01996
01995
02609
02610
07486
02030
16137
10013
16137
02424
02424
12262
02029
03320
10716
02424
02029
10014
10013
10014
21449
21449
16066
16074
04093
16047
07645
01801
03321
16257
16256
16259
16258
02554
00209
15760
05797
16516
01992
01992
15790
16165
02014
16329
11734
16171
02554
11959
11961
02025
10119
10117
10440
10118
15555
15555
15553
16692
16692
16692
16692
16692
16692
10440
12368
12368
05825
10441
10561
10560
11962
11963
10559
10562
02026
02027
02030
16203
16856
16873
16876
16880
02226
16879
11991
02050
16874
16875
16841
16844
16137
13485
14218
14230
14229
10439
02028
10439
10439
17315
17316
17315
17317
17317
17316
02058
02057
10440
10440
10441
11209
08738
19621
19623
17713
02030
17247
10439
10439
10112
17103
17225
17228
17285
10112
02028
02029
00380
01990
01990
02054
02052
01990
08738
08738
17686
10112
10112
10111
10112
10112
10112
17686
10111
17723
17865
00254
18139
18118
18138
16171
03520
03585
17850
18199
18235
21678
18304
18139
18335
18337
22550
21345
19620
18138
07046
18383
05713
00138
18369
10001
03446
11904
11904
21757
18480
11904
03462
18676
18138
18640
18778
18850
12994
18902
21677
07171
01214
18900
18831
18954
07278
18928
18929
01971
18901
18903
03496
18138
07484
19055
07481
03526
18979
18981
18981
18991
18991
22044
07746
19221
07172
19092
05875
19191
00571
08678
10844
22468
19416
19265
01066
01785
04771
01992
19333
19337
03574
09459
19302
19622
11209
20757
19577
19577
00799
19670
00992
19670
13060
07666
19743
00799
06131
19784
06132
06132
08744
15777
00799
17722
19804
08992
05770
01777
14731
20034
01560
09796
20035
20034
20035
01090
01139
20329
20444
20455
20429
20532
20531
20542
20530
20529
20529
20533
20541
20542
20543
20543
20534
09788
20541
22131
12262
20757
03762
07666
07687
20866
01214
07659
01214
07659
03406
19591
16011
21105
21061
21062
00840
21023
08968
21053
13877
21029
03863
02056
02030
22468
03862
03651
21416
21394
21417
03892
21405
21405
21405
22044
21420
21405
21607
01451
01451
21645
21703
10026
21703
21645
21757
00043
21801
21801
21801
21802
21825
21829
21829
21826
21826
21833
21834
21883
21832
21929
21948
21929
21990
22027
22003
22025
22130
22132
05275
08319
14274
22067
22185
22187
22185
13876
13875
22205
22186
22187
22186
22252
22292
22303
02257
03469
00611
22348
11206
00424
00424
22549