11918
07052
07052
02001
03316
14189
05816
03285
07497
07497
07498
03309
00121
00674
13489
14682
02303
13541
00906
19225
06135
01708
06905
00568
02458
03446
03446
03446
03446
03446
10440
01779
12990
03832
12972
06138
00620
12370
11189
05819
06905
06905
00951
13256
04751
11754
07687
00694
00520
13488
00010
00010
01061
12410
05712
15778
00823
00666
00666
00832
03791
00832
07812
01505
01760
12372
02651
03574
00970
18333
01497
01760
06889
01491
05603
00219
13292
01628
05875
02455
01061
01061
13993
01666
06137
00826
01681
01720
01644
03710
00241
00242
00239
00240
09159
01647
01620
01703
01704
00052
00133
06173
01817
01696
01695
01963
03749
03558
00764
10764
01711
00963
07058
00615
08987
01091
11906
11895
11896
11910
11891
11900
11901
11893
11892
11903
11907
09930
03811
02014
00077
03322
03928
07044
03805
09019
07098
07507
01652
06895
05596
00640
01495
00481
01031
01032
01857
07302
07303
07402
00826
02624
03776
00135
00375
07217
01008
00720
03522
03521
00479
02002
01433
11891
11906
02002
07107
00285
06901
03768
09861
07812
03711
00549
02038
02036
02039
07657
07636
00937
09984
03092
03412
00575
08296
03327
01895
06153
07305
00626
06980
07082
00943
02341
03424
07275
06938
11073
11076
11075
11074
03281
07089
05539
03761
09786
07180
00852
02529
10440
10441
10439
02045
02047
02046
02048
01356
09695
09694
03497
03885
05995
03781
07267
02049
02050
01673
07447
02825
00609
01465
00655
01525
01710
00973
01790
00067
09690
09691
02841
02527
03189
03188
03187
01428
01429
01430
03190
00573
03596
03100
03685
03595
03584
03474
00997
01207
02356
03703
06911
02348
07152
00697
08983
01114
00868
00720
10016
10015
10017
00673
00673
06447
01484
05526
10013
01873
07001
03533
01885
01637
03789
09977
01816
01608
02990
02686
02963
02939
02314
07220
03306
07175
03564
00604
00003
01733
03750
03636
03635
06886
03695
03327
02909
09933
03628
03671
02343
09747
06187
03787
00573
06194
07501
03215
06137
00428
06940
06153
03439
06199
00940
06941
01892
03977
03666
03665
04088
04087
09937
02502
01939
07101
02340
00147
08973
00684
01807
11066
00558
09960
00928
04075
01962
01247
01883
03269
00640
01092
02221
03182
03625
00794
07789
07788
07799
07093
01775
04485
06158
00432
06131
07320
01439
02526
01569
03322
00793
11752
01845
07552
00845
01057
00036
00384
03466
03634
07478
01875
03610
03609
03608
03832
00989
00942
03060
04760
03704
02342
03841
07118
05800
03582
03581
09758
04062
03147
03453
00163
01714
04759
04758
03529
01972
01462
06182
00990
01265
02967
02357
09903
02838
00806
00981
00099
11749
07277
06142
02536
02372
00677
00748
03470
03437
09773
01007
03664
09801
00088
01951
00036
00612
00878
00874
03284
09780
06145
00703
07107
00528
03098
06222
05786
10538
10539
10537
00782
02429
03534
01256
01745
06906
02003
00574
06193
00797
12308
02026
03218
08178
03666
00826
04764
01890
01889
02887
02916
02520
01868
01029
01028
07107
00311
01736
07058
03809
01714
08223
01243
03657
03808
03074
01996
01999
01997
01998
03495
03501
03496
03497
02108
02110
02109
02113
02111
02115
02112
02114
01599
04066
01999
10013
07275
00266
02471
03153
03154
03149
00788
02065
02066
02067
04754
07323
07122
00790
00765
00013
00817
01693
05595
02501
01814
02500
01496
01523
03116
03117
03118
00411
00412
00413
03599
03600
03735
03736
04033
01652
01752
11892
11893
11906
11901
11900
11903
11897
11896
11895
11907
11890
11891
02437
00605
03656
06906
06908
06907
06903
09941
04046
03704
03186
07390
02493
02835
02492
01262
06942
03981
00558
07458
01129
00648
02078
00648
02407
02970
01246
03746
02403
02402
02556
02557
03413
03407
03408
00575
03411
03412
03413
03414
02401
02400
02404
04562
02405
01251
08972
01999
07226
03746
03642
01118
03648
01609
00766
01658
01657
01091
01783
06195
08304
01912
06134
03925
03438
03586
03587
01928
01929
01000
01925
03588
02563
01924
01921
03589
03590
03531
02535
03070
06923
09862
00859
02654
02653
02652
02523
02888
02899
03979
00931
07056
07460
03271
07275
00145
06910
00762
00029
04090
00457
02613
02612
02611
02610
02609
02358
03073
02601
02867
02863
02864
02935
03043
03046
03654
02950
02992
02355
02946
02906
02926
02892
02886
02965
02890
02982
02878
02904
08311
01881
00760
03106
06950
03806
00525
00526
06077
00856
11065
02687
02160
03786
02558
07000
00014
03814
00883
10537
10539
10538
01591
03743
01095
00946
00029
09761
00797
00615
00134
11103
01477
01483
06186
03561
03559
01869
03643
02961
02874
02895
02931
02954
02994
02933
02881
02988
02907
02876
03076
02518
02919
02952
02313
03549
06959
03722
05807
06180
05810
03821
00626
00023
00059
02275
02034
05800
02014
03832
08994
02035
02035
02033
02034
02031
02032
06194
07090
03387
00098
00046
00788
07044
01991
00012
03606
02014
07119
09936
03893
02300
02299
02298
02297
00342
05846
05846
01489
01652
02956
01673
01649
01613
00053
01653
01652
03088
00901
06966
06886
07667
03694
06891
03704
03413
07646
01548
01547
01546
01734
00059
00761
01945
00228
00969
09710
00783
06287
08301
02849
02337
07146
01894
08289
03466
03616
10773
09989
05782
00616
03181
04079
00031
00031
06181
09005
02355
07241
03710
00077
02406
03413
03407
03413
00575
03412
03408
01114
07107
00023
03821
00925
07028
00135
00324
00324
01265
00164
03415
07267
06987
01620
00425
00426
10253
07507
04564
03601
00912
09791
00979
00939
03980
02968
00075
09767
08591
04763
06925
01448
06911
05838
00275
00574
07304
01556
00453
10229
09915
00375
00375
01118
03088
03746
00016
03100
09768
08195
04077
04078
07240
07240
00059
01649
00574
03098
01414
00342
00341
00340
00339
00338
00337
00336
00335
00334
00333
00332
00331
00330
03075
01803
00962
01895
00140
09936
00123
00123
00127
02380
01042
03833
07345
07347
02529
01714
00852
00800
08169
03098
09701
00574
01495
06876
01968
00794
02050
02049
02051
03119
06137
02613
02612
02611
00375
09965
00457
02624
00145
00029
00609
03587
09954
01682
03455
02015
02016
02013
09001
01866
07560
03551
03550
01159
00602
03557
03185
01262
00566
00324
00324
00325
07444
09857
06192
03808
01690
01625
03299
00851
01756
00261
10001
10003
10002
10004
01465
02871
02996
02014
07156
02014
02014
01754
00697
00370
00371
00373
00374
02575
06911
00560
03717
00375
04064
11081
11084
11083
11082
09990
03306
00457
03786
00014
03430
09712
01611
01867
00240
01626
00135
03829
00077
00014
07112
07112
01114
01725
11921
05375
02013
02016
02015
02228
00886
00036
02623
00449
00448
02014
03088
05595
07300
00790
06894
02338
02470
03088
07316
02421
02420
02419
02418
02417
02416
02415
02948
02986
03040
02879
03926
04084
01698
03978
07399
07147
01586
06202
05366
02666
00891
01735
01129
05813
05814
05815
01126
02461
02460
02459
02457
02456
02452
02454
02453
03530
06048
01951
01724
00500
01995
10228
07240
02621
02622
06906
06908
06907
06903
10227
00847
09823
03458
03585
03577
07259
07566
01589
01588
01923
01624
02688
03746
03305
05786
01512
03527
07240
06200
06139
06137
06136
05366
03825
03559
03559
03561
03832
04754
06045
03496
03497
11004
11003
00873
00927
02843
07019
03637
03832
01902
01903
03565
03553
07649
03644
03801
09158
00824
07258
07018
02067
02065
02066
03524
03525
07001
00548
00548
01887
03673
01673
00626
09858
00833
01935
01012
06201
07262
08276
06910
08169
00697
02049
02050
07638
07659
10016
10015
10017
01950
09919
07461
01507
00059
02498
01749
01595
01755
01584
01494
04565
03593
01874
09800
05896
01918
07649
05367
03746
03607
00156
01114
00428
00426
00425
03829
00612
01950
02406
03704
01714
01714
03724
01246
07305
07304
00567
02557
02556
00700
01236
00705
06044
08303
01775
07140
01194
09927
03569
07001
01425
03464
03381
03701
04487
07577
03724
11891
11892
11893
07183
02575
00362
00363
06160
01649
00135
02035
02033
07160
03449
00822
01841
03430
11068
03168
07039
03086
02316
09117
02970
07007
01409
09007
01662
00795
03602
03885
02335
06966
01241
02204
03088
10441
10440
10439
00041
01685
07301
00451
08482
07090
03088
06020
01631
03087
01684
06907
01784
01784
00956
10804
02000
01897
02503
03776
03296
07117
05685
13874
01424
01104
01104
05520
05520
07232
13288
06183
07245
02462
02463
02116
08234
02423
00297
00303
01424
12972
01501
03316
01998
13895
13894
13893
01420
06147
03406
07246
05343
00007
02014
13543
02503
09024
01534
13482
03386
01961
05349
03406
03406
03406
03406
03406
03406
03406
03406
03406
03406
03406
03406
03406
13061
12371
06903
09806
03406
03406
03406
03406
03406
10111
03294
03719
03719
03719
12510
13063
12511
12262
12262
13038
12573
01487
02650
03457
13628
13954
00821
00020
07497
01916
00625
07130
09961
03406
03406
01560
00652
03762
13933
13934
13930
13929
13931
13932
01897
13873
14058
14060
07168
03767
13953
13821
05973
04091
03342
07516
00215
02483
00799
06867
01856
01999
12508
08172
05524
05524
02414
01147
12368
07677
03328
12369
01297
01087
00854
07677
00019
06879
00281
13490
03657
07053
04083
05589
01689
01627
01937
02238
03424
09808
07462
04567
04755
04044
04082
03169
03555
03775
07287
01714
04488
04487
07262
00382
00627
00163
00860
01740
07006
00299
03561
05800
03497
01012
01847
00154
09930
03088
09930
09931
00772
03088
06937
03497
12056
12072
12057
12060
12061
03981
12065
12067
03497
01912
03496
03497
12056
12072
12057
12060
12061
12063
03981
12065
12067
03497
11811
03325
01761
05306
00375
07734
03781
02406
05782
01687
01256
06901
07402
03611
02433
00126
00123
00127
01584
03759
03286
02469
09924
00831
00800
00945
02945
05788
00012
03274
02237
12339
02071
02072
02073
03521
03522
00285
00574
10979
11209
00140
03322
01596
00645
09771
02342
08307
01956
01477
01483
07127
09165
03282
03969
05366
01754
01438
03723
00991
01770
07638
07659
02291
02556
00865
03545
01358
03544
01338
03530
06999
03770
02003
01810
00285
01952
01687
03769
05527
06190
09960
00874
00626
07290
01414
03119
06223
06908
03300
02970
02518
07112
01114
05846
05846
05936
05895
00595
02229
06042
03405
02230
02234
02189
02283
02282
02280
02279
02278
06916
00382
00658
00164
06207
03543
03177
02834
02519
02600
09748
06178
06024
07287
06223
07001
01873
00963
03338
03336
03335
03337
07107
10544
10545
10543
02529
01785
01872
04062
01886
00428
07649
07774
03408
09688
10107
07265
02535
03640
03641
03646
03560
03562
07107
00600
07738
08084
02672
02655
00252
08195
04719
07090
06917
04078
09689
04077
07735
02959
02860
00554
02884
02227
06949
06013
03831
09889
02346
00860
03088
01142
01322
07712
07708
01915
03578
01915
07010
09472
01468
09975
01712
05836
01745
01669
00496
00135
01895
01676
03594
01776
02192
03832
03561
03559
06911
07243
07230
03702
07115
00343
00789
02517
01778
09921
03733
06969
06204
01419
03667
00930
05501
02069
00641
08218
01142
02434
02433
03569
03570
03571
05515
05837
01737
06920
03500
03799
00604
01462
04096
03169
01919
01247
01785
02336
05591
11900
11891
03227
03226
03225
03230
03229
03222
03223
03224
03228
03219
00299
02002
03823
00549
03576
00681
01752
00304
00305
01633
03594
11895
01638
00033
06194
08169
00059
09458
03320
04752
07391
10126
10125
11103
01834
03797
08483
02821
01920
01919
03650
03217
08998
03536
03496
03497
00639
00060
09958
01706
01707
07001
00156
03543
07507
01613
00166
00167
09699
00382
00826
04073
01666
06045
00067
06991
00003
09882
06999
00526
09955
01206
02019
01750
01754
08369
02167
03543
12340
02051
03543
11927
00681
02444
00111
00864
02440
06168
06217
07042
06189
03820
01878
01879
03273
00655
07043
02528
00097
03771
04744
07102
04090
02048
07002
01640
00847
01633
04042
00820
09959
01940
00383
07240
07240
02397
02396
02395
02394
02393
00135
00059
01750
03717
05577
09822
01579
03496
02232
02231
02227
02225
02016
02233
00768
09888
02339
01255
07091
11720
03795
00957
00390
00381
00523
01996
01995
01998
01997
03527
03774
10806
02379
08310
01876
03688
03690
03183
01754
01753
03111
03701
01433
00759
03455
06041
03270
11719
09774
06861
03092
02392
02391
02390
02389
02388
02387
02386
02398
02399
08309
07160
09973
01338
00528
09939
04061
02422
02408
02409
02410
02411
02412
02413
03592
00287
00560
01679
03327
05805
00763
00782
09760
03750
03752
03639
08300
06179
01091
04773
07056
06287
07040
02911
03621
00648
00645
00059
02078
09458
03088
03597
03598
11250
01955
03624
02427
03798
00796
03431
02040
02037
03072
03210
00773
07568
03655
04761
04047
03179
00286
06997
11473
11472
00798
05916
01626
03568
00982
03631
00858
03705
01772
04762
03687
04043
03686
00606
00950
10763
01933
00791
03572
03975
03442
07266
01991
01711
03576
09961
09456
00154
08224
00101
00156
07345
07347
07345
11892
11901
11900
11903
11906
11893
11892
11891
11895
11896
11897
11898
11907
07336
07124
00040
08323
08322
03671
03291
01224
08191
10439
10440
10441
08369
03630
02902
02913
00278
00767
03517
00507
03500
11175
11753
01870
03101
01520
05808
02806
06023
06958
07157
03575
10563
02494
00919
00948
02897
01056
00817
02106
00954
03110
01649
03089
00425
00426
02768
08483
11183
00820
01443
02073
07152
02259
02276
02258
02274
02275
02169
03216
00057
03071
03676
00675
03496
07503
03658
01867
05845
06075
01555
07506
12262
05845
02068
00117
00484
00484
00801
11085
07782
12062
10012
07397
00163
01515
07397
00302
05601
12990
13979
00148
13888
01657
05540
01273
13634
13643
01070
00974
01156
10778
00024
13639
13481
07141
02303
02614
10954
14218
14218
07516
01069
02004
02004
00001
00104
01659
02056
05874
01961
02077
07005
00108
01574
01759
11902
02480
13896
01092
04772
01079
02663
13893
13993
13896
00141
13953
02004
13894
13486
13487
04750
13895
03782
11905
02471
13876
00124
01114
11902
11477
18145
00091
01560
12658
02435
01560
07116
07165
01560
00124
08305
14238
02013
05847
14232
00799
05847
14221
14221
14221
14221
14229
14393
08365
14228
14233
14225
14228
14162
14228
12058
12059
12058
12059
08369
13580
07516
08281
03417
01607
00344
13635
13633
00058
11903
07483
07483
07483
07483
07483
13491
11444
12262
01259
03394
13771
02224
13766
00632
02014
05836
00130
14393
00863
00941
07011
14160
14236
00652
01011
00799
14232
01434
07491
14220
14220
02058
01995
14219
02029
02029
02029
00941
02053
02053
14287
00941
12256
14233
14347
14260
01485
14233
05799
03297
01055
01561
03574
06867
02510
02075
00799
14232
02055
03566
01046
00433
14234
03457
00612
08194
02058
02057
02057
02056
06147
00102
02027
02026
12066
14160
14161
14225
14161
14219
14237
14218
01977
01977
01977
01977
01977
14219
00529
14231
14233
14230
14224
14224
14224
14228
14228
14228
02803
02804
03772
04771
14205
13993
06919
02533
07116
02483
09810
03418
06147
03307
06147
01187
02057
01985
01985
01985
01985
01985
03407
02484
12068
14235
00020
01980
01980
01980
01980
01980
04517
14219
14219
14267
14234
07003
07638
08995
14441
14225
14225
01607
01173
04065
02358
01458
00128
01524
14652
15125
15125
15125
10018
10020
08677
14218
14218
14218
14218
14218
07404
06015
14226
14229
14230
14227
14227
14227
14227
14227
14237
14234
00249
14237
14237
14237
14222
14162
07347
09458
14219
14223
14230
14230
06133
00253
14170
02074
00039
00020
14742
14974
00090
02471
03772
06946
07497
05998
01497
04110
00128
11902
08720
06919
00471
12064
02525
02557
14645
14645
07240
00128
09883
01607
01420
01969
01759
15054
01607
00799
11311
15011
00128
08261
00064
03088
04749
07011
07011
07045
07132
09190
01426
06147
02351
07481
07492
01426
01426
01941
05599
15012
01075
00477
10021
03307
01420
07497
10019
03566
14761
00480
00273
03406
15034
01502
01167
01185
01185
00001
00459
00459
00108
00130
01796
00499
02483
07326
02052
02030
02030
02028
02028
05874
00344
00476
06998
18100
11741
15554
02428
15634
00284
05799
03220
05874
00537
03741
01073
10831
15555
15551
15553
07687
15738
15552
15553
00459
00249
01114
00329
00356
01779
01713
02484
03088
02031
02032
05874
05874
07486
06938
06996
00042
01239
08100
10811
05913
03566
03566
08194
00344
07749
10747
15539
03928
15724
01692
01692
06987
04093
16011
03286
15461
05600
16011
15650
01082
15408
15268
15866
15977
15977
15977
18829
09691
18334
19734
19736
03781
15977
15977
16135
10009
16092
07481
07483
07483
07483
07483
07483
07483
07483
07483
07483
07483
07483
03406
03406
03561
01707
07498
12064
12066
12068
16423
00697
16088
16090
16147
16137
16137
02424
03320
16053
10013
10014
16066
16074
16371
06909
00209
16345
16348
11733
16515
01992
01992
02018
02017
16165
01800
11734
16171
03321
11959
11960
11961
02027
02025
02025
16692
10543
12368
12368
05825
11962
11963
10544
10545
02003
02226
16137
11991
02003
19416
16841
13485
16937
17315
17317
17316
16922
15495
08738
17713
00380
17247
10440
10441
10439
17218
10112
17103
17228
01990
01990
14578
08738
17686
10111
17752
17836
17762
19745
17763
17735
00254
17838
17733
17736
18139
18101
21449
18143
18144
13993
18306
18199
18243
18242
13622
18118
21678
18139
22550
21345
21344
21449
07046
18383
18307
18306
18307
18139
18373
18374
18369
05882
00138
12255
11904
11904
11904
18480
11904
11904
16234
18540
18676
18138
18697
18778
18850
18928
12994
18902
06218
07171
01214
18841
18900
18831
18828
18842
03790
07278
18928
18929
01971
18901
18903
03496
07483
07483
03526
18979
18981
18991
16238
07746
19221
00571
07172
05875
19191
00571
00571
00571
08678
10844
22468
19092
07062
19058
01066
01785
19265
04771
19333
19337
03574
09459
19302
11209
20260
20261
11209
19577
19577
00799
19670
00992
19666
07666
19743
19777
06131
06132
08744
15777
19784
00275
19804
08992
14731
20034
09796
20035
01139
20262
20329
20331
20330
20332
11752
03397
20444
20455
20429
20333
20542
20541
20543
09788
22131
20757
21949
20844
19591
01214
21010
21009
21008
21006
21006
21007
21008
21010
21011
21012
21062
21105
21061
21053
13877
00840
21012
21023
21007
21009
21011
08968
13877
21029
03863
03862
21394
21405
03651
21449
03892
21420
22044
01451
21699
10026
10914
21645
21757
21802
21825
21826
21826
21826
21833
00875
21834
21832
21929
21948
21929
22024
22027
05802
22003
22025
22130
22132
05275
08319
14274
22067
22185
22185
13875
22186
22252
22292
02257
03469
00611
11206
00590
00590
07319
07319
22549