14234
14652
02428
17103
02313
01633
00705
15727
01734
02990
02939
07636
02355
03088
02963
03655
00991
03152
03561
03474
00858
03088
00024
01993
07568
01783
00604
03281
07566
07107
02529
09861
07462
03654
01495
01803
14224
02911
02065
02343
00812
03977
00648
14222
06861
02066
06926
03088
03439
00826
03602
03601
00566
01770
01867
03572
03771
03113
02357
02967
02996
02871
01893
06178
01756
06878
01955
01926
14231
14231
01173
02238
12373
09704
01077
00845
01771
04518
04516
01130
01843
14220
14220
01358
03545
14233
12373
03654
01524
03544
14233
14233
01537
05606
03215
14623
01190
07273
00876
11753
07727
02426
00962
03624
02503
00950
00789
06966
03536
08998
03424
01866
09817
01945
07444
00640
01738
02472
01874
07391
03773
12410
09808
07173
07154
07154
02956
06207
01610
00761
02078
00175
02003
03786
00873
01476
02834
00174
12257
01284
03530
01887
03168
03797
03526
01588
02437
03092
01548
01686
06188
02836
02968
02470
03284
03470
03931
15987
03088
11717
09015
09013
09014
02517
03473
11175
02078
09458
03685
00566
01883
03585
00677
01915
00215
03100
05349
01201
09765
01547
01546
01190
01190
06041
00847
05592
04047
04761
03387
03551
06871
03495
00243
00024
03565
02493
11752
00806
07277
06142
06142
01776
00931
00147
13043
01921
06180
02914
02356
03630
01205
00133
08218
07106
01880
12308
02621
05349
01438
01897
14233
14233
14232
01129
03088
03925
03438
03587
01928
01000
01925
03588
02563
01924
03589
03590
03531
09117
03584
03558
02519
02600
09748
05349
07043
03088
00930
00891
07078
03100
05349
02884
03402
01940
00145
00286
01895
01755
00762
03269
00925
01163
03592
03568
00796
01929
03308
07646
14225
14225
14225
14225
00759
03703
07560
02523
06950
06942
00077
00278
07568
03088
12573
09924
08303
07107
04096
01126
00240
00239
03797
00954
02622
07301
08641
03555
03744
02003
01869
03517
03321
00382
07259
06168
09811
06153
14228
14234
07011
14226
01270
14229
14229
03324
14225
01897
01980
01980
14236
14236
14228
14228
14218
14218
14218
14218
14218
07316
15726
03593
16089
14232
07319
00088
00901
01206
03386
01785
06113
04763
02342
01092
01262
01619
00784
00241
07192
01759
03177
09702
12373
01585
03469
11085
11085
14223
14224
01990
01081
01077
00625
00845
02004
02004
02005
07052
01297
00929
01719
00046
09815
01278
03718
01243
00666
02005
02004
01206
14219
01186
01840
07075
01183
14229
14229
14237
14237
14218
07214
01190
15342
01082
04485
12524
01733
09474
03811
07056
00800
01665
05801
01834
03106
04075
04759
03778
06076
09125
06920
09457
01689
01662
03088
01433
02501
00978
01709
01790
12995
00783
00767
03088
00259
03426
03530
01173
06915
07407
01443
03814
00426
00425
02003
01057
00036
02361
06959
00231
03687
03686
07082
00179
00180
01912
02887
02916
02520
01868
01462
07447
11927
01809
02429
00849
00615
01808
00176
00174
00175
00177
01950
03088
02687
01443
00655
06871
03671
04486
07636
03575
03530
08301
01711
01089
00817
00013
00765
02429
03534
00848
00048
01818
00876
10773
00927
14445
13789
03832
00945
03527
00850
01647
00031
01681
14155
03453
01448
00763
02232
02227
02233
00768
02231
01881
00937
02902
02913
03110
03737
00847
00946
12267
01448
01740
00029
00262
03521
03522
07090
05516
01620
04077
04078
01892
06973
01939
03654
00969
01876
01338
00773
01738
00052
01704
01703
01649
04773
00912
15633
01814
09812
03734
03564
04043
03088
01752
07456
00648
07154
07043
01153
03427
01154
05349
01689
06199
00764
00605
05366
02909
01624
04762
01056
02897
03625
03210
00859
03695
03088
02016
02015
03088
06001
03088
04069
00656
07282
01491
03628
00791
09761
08999
11537
06969
05349
01534
02346
09888
03088
09790
00868
01737
03650
00757
09922
03466
00384
01915
02945
03088
01873
03070
03525
03770
06941
00097
03075
15635
06187
03978
13747
03657
04564
06180
03427
01153
10778
03547
01265
09760
03816
03313
03596
01142
03322
01890
03801
03501
00281
11068
00831
00351
00350
00349
00348
00347
00346
01960
03088
07478
01711
02377
04041
03306
07220
03975
01911
01661
02551
07443
01151
07090
00688
03839
08223
01915
04751
10206
01778
02003
09808
01935
02169
09789
01779
03702
01912
05807
03701
03305
01012
03150
02474
02003
00606
08289
00919
03394
02016
02015
02013
02188
06287
03270
07085
02500
11755
00928
01586
02217
00075
06167
02338
13038
03631
03218
07175
11754
06997
11065
01886
02040
02037
02038
02036
02039
00793
07058
00343
07139
03100
01591
02835
01933
03744
06872
00014
03183
01923
05810
03629
04486
03797
01284
00134
03282
01951
00703
01918
01579
00266
01875
02899
02888
05349
08218
09973
01627
03086
00604
04066
07037
02527
02970
03733
02948
02986
03040
02879
01712
01468
01745
03327
07133
06158
00602
03569
03570
05515
05837
02341
00297
00651
08303
07137
03665
00957
00860
02959
02529
00874
01625
01695
01817
01609
00766
01657
01696
03723
01465
03088
00833
01953
00266
00820
00764
01956
01955
00648
07335
01811
01676
06949
02838
09903
03327
03524
07460
01613
02337
03671
06925
09816
01735
06131
01872
08307
03787
00748
00981
03798
09710
06213
02528
00342
00341
00340
00339
00338
00337
13378
00330
01662
01775
03116
03118
08191
01815
01091
00208
07056
03644
07322
00791
00677
02536
06885
01126
03979
00760
03305
06173
00794
00995
01095
01858
01711
13993
03664
07138
00566
01740
06142
05776
01159
01889
01224
02529
01960
01573
02837
00067
01952
07240
07240
03701
07133
01079
00948
00979
00950
05366
02472
02110
02108
02114
02112
01937
03217
02429
00012
01790
01812
15977
03437
03101
01870
08138
01805
00645
03154
00788
03149
03147
03150
00788
00941
07001
08717
00942
00790
02548
00973
07095
00937
06158
00609
00610
00600
01938
00067
02115
02111
02113
02109
01740
00053
01653
01652
01687
03775
01736
07085
04567
00057
01810
01914
03648
06950
05808
02358
03073
02601
02867
02863
02864
02935
03043
03046
02950
02992
02355
02946
02906
02926
02892
02886
02965
02890
02982
02878
02904
02961
02874
02895
02931
02954
02994
02933
02881
02988
02907
02876
03076
01265
02518
02919
02952
03561
03832
02040
06180
09939
01961
02224
14441
03924
02469
03696
04079
07001
01714
01972
00554
02340
01241
07164
02069
12251
02860
00099
11749
03340
03550
02230
00262
03088
03561
03424
15738
01192
01639
12373
12373
15898
02371
01835
01278
02564
07079
07079
06889
01934
01206
01206
07263
01104
01885
01262
00603
07386
07025
05595
07027
07588
15725
03498
03499
02775
06889
01197
00939
00059
01424
07221
00949
02014
03442
02619
01759
06147
06147
11105
02004
02118
02123
02124
02005
02004
02004
02004
00652
03976
02004
12373
00595
02190
02014
01489
02121
02117
02120
01424
01197
00721
00059
00548
00616
01572
11072
11071
11069
02005
02004
00033
01119
07052
01719
01785
09825
02004
02564
07098
07792
00657
01006
00567
00058
01372
01787
00845
01258
01572
03455
03499
03711
06201
01243
09680
00784
02428
07263
06177
00639
02342
02014
01784
03617
03613
03612
03614
03615
03803
00700
00854
12942
01847
01847
02190
12997
07114
07114
02823
03718
04720
01409
09011
03783
01206
03711
01277
15460
14234
14234
00812
03088
03088
03320
12340
12340
01209
01198
00691
16089
16089
16089
16089
16053
09022
14235
14235
16212
01218
03292
16211
16213
19117
03699
16345
16363
01270
16264
02014
02068
02067
11720
01980
01980
01980
01985
01985
01985
01985
01985
02226
07091
09810
01190
01977
01977
01977
01977
01977
03743
03559
21571
00895
14223
18831
14219
14219
14219
11070
01978
10947
01990
01990
17716
01897
00951
00951
00265
01897
11527
01992
04084
15923
05601
01533
01190
01190
01190
00018
19271
03088
00971
14219
14221
14221
14228
17828
00290
06921
06921
01658
14219
00226
14230
06518
08679
14227
14227
14227
14227
14227
00661
17758
17759
00788
13694
14228
14228
14230
14230
14233
14232
01791
01791
01791
01791
01187
14225
00956
14742
03088
01190
07003
21449
21449
21449
02004
02004
01785
03827
03630
02429
02564
06131
03585
07126
07126
09702
03711
01808
11031
05970
03088
07282
07098
03773
19049
07713
02477
09809
01104
03332
18707
18691
18682
21572
21572
21572
21572
21572
21572
18785
18930
09797
03111
03497
03496
03169
03169
19052
08961
11991
19050
07464
19119
09951
08678
00571
01710
07405
19118
19068
00798
19265
19302
01992
19355
06881
00525
03771
02477
19802
03616
19872
10206
19955
19997
19997
19997
19997
01179
01200
20866
21029
21071
08968
00821
06217
01493
00857
03553
04068
02314
03546
00525
21636
00560
00287
02316
02315
01520
02335
02004
07005
03296
07011
02481
02481
00210
00652
00980
00526
21572
21572
21572
21572
21572
21573
21574
21572
21572
21572
21572
21572
21572
21572
21572
21572
21572
21572
21572
21572
21572
21572
21572
21556
21572
21572
21572
21572
07334
21498
21572
21572
21572
21572
21575
21572
21571
10026
21572
21572
21572
05802
00754
22132
22130
03595
22213
13566