02428
13038
00805
02809
08744
15580
01153
06997
09770
06917
11068
01867
07082
01892
01520
03701
00548
04042
02413
02412
02411
02410
02409
03743
00791
00942
03274
00931
00286
08303
07447
06861
00558
02407
02034
02033
03686
00868
02427
03803
06442
01866
02566
01785
03568
03592
02803
02804
02078
07043
00648
03589
01874
01142
02221
00016
02073
07106
02796
02795
07403
08978
03310
01624
02806
07056
01887
07566
03640
03640
01876
10563
04061
07460
06041
02968
07175
11752
00793
00794
03106
02959
06960
02860
03664
04078
00759
02835
00973
03152
01625
01812
01686
00040
01195
07089
03325
01785
01869
01814
01265
01752
01752
03499
03315
03408
03655
02340
09825
01512
00852
02913
02601
02867
02863
02864
02935
03043
03046
00013
00765
02502
06182
02499
00432
09790
01531
03407
00012
10541
10542
10540
01735
04079
03827
02011
02012
01951
03980
02395
02014
02687
00147
02755
02756
02757
01223
03496
03497
09769
06942
11753
02956
00962
01596
07559
07010
03553
07098
04567
02899
07584
02888
06168
00954
07107
02114
03688
03527
02902
01639
00266
03696
03088
10773
01803
02843
03555
01494
01810
07406
00820
01129
00764
01923
01588
06923
01878
03657
08974
00014
03785
01008
01006
03308
03590
08974
02338
03086
01879
00773
03501
01770
02040
01945
02909
07462
06143
00029
01875
07478
09131
06024
03495
01000
00943
00133
06901
02396
00817
01939
07139
00857
08303
01921
03565
00833
01935
01012
03524
04763
06940
03734
00384
07391
01646
01644
01643
07795
02493
11749
11066
11755
02950
02003
11071
11070
11069
01839
02564
00600
09790
01938
06200
07080
00688
03856
01955
01956
03771
09815
09817
09816
01465
00609
01662
03150
01012
00926
01751
07402
01464
03624
00975
01627
07461
00615
00615
03438
06023
03092
03572
00626
00074
06886
01889
01890
03703
06871
00878
03453
00005
01687
02217
02377
01711
08307
01258
01873
02527
02238
04562
02405
09749
01091
03584
00003
01042
03833
06878
03702
07001
03924
01776
01572
01163
02014
05832
05833
02039
02036
02040
00525
00526
02035
02970
04077
00560
00287
09808
03559
00925
09903
00645
01925
06158
00981
00806
02838
01809
02065
02067
01092
02112
00567
03790
02313
03687
04043
00604
00849
02600
01620
01756
01409
02051
02050
02529
03427
01154
00703
00703
01628
08309
07304
00575
00575
00262
01950
02018
04562
03484
02961
01297
03791
01929
08999
00847
03587
03778
10843
00681
04773
01696
03469
02834
03408
02887
02916
02520
01868
01624
03613
02406
03086
02316
03100
06201
00432
11065
02469
03723
00882
02768
02769
02770
06180
04485
04486
00859
00278
00278
03617
06180
04032
02013
02015
02016
03561
00145
00930
03218
03282
08309
06381
04023
03856
03784
03823
07305
03310
03695
02337
07282
03100
02435
05515
05837
07034
01975
06941
03631
00858
00655
02051
00800
03110
01468
07090
04477
04070
04487
02945
00945
01579
07112
02433
02990
03111
04084
01808
05810
00052
01704
01703
01649
00053
01653
01652
03748
03312
06949
06915
01870
03413
03569
03570
03571
05873
03798
02227
04075
02821
02821
07277
06142
03722
02470
00384
02822
02051
00969
08602
00872
01733
06153
03177
03786
01262
01356
09767
01928
02066
02314
02939
03424
07238
02408
02388
02387
01462
01091
11105
03630
04759
06940
02012
02012
02012
02011
03070
03270
06173
01989
09816
02536
03210
03072
03074
00674
01714
02417
02416
02415
02825
01736
03525
08483
06969
02557
02556
02390
00763
07042
07037
06217
02003
09888
03439
02911
03621
03615
03614
03612
00946
00626
00927
00134
02434
02472
01486
00928
07240
07240
04041
01338
03551
03797
01834
00979
01689
01926
03529
07507
03596
00760
03522
03521
02117
02118
02120
02123
02124
01667
03308
07027
11072
12410
01491
13292
06889
06889
01023
03409
02035
02963
02343
06180
03101
00554
00172
02992
02355
02358
02946
02906
02926
02892
02886
02965
02890
02982
02878
02904
02874
02895
02931
02994
02933
02881
02988
02907
02876
03076
02518
02952
02948
02986
03040
02879
03628
00748
00677
02372
01419
03667
09817
09815
02050
02049
07301
01937
06187
03924
02392
01778
03781
01772
06894
00075
03550
07636
07658
01586
09798
08963
00899
00939
00169
01258
00176
00174
00175
00177
07736
01476
00111
00864
02440
00616
01972
09155
00919
04066
02996
02871
01918
02108
02110
02109
02113
02113
02111
02115
09922
03770
00088
04564
03470
03545
01358
03544
02356
03629
00789
03811
00891
07150
02355
01304
01952
05881
05879
05878
00850
06213
03308
06966
02335
01448
03168
04096
09765
00566
01243
02422
02418
03075
03671
09458
02078
03307
03100
07568
00899
08963
02897
00336
00335
00334
00602
03707
02759
02761
02760
00059
01246
00849
02836
03924
03685
01790
00978
01710
00973
00067
01790
03088
11175
01933
02519
03216
01678
01677
02406
06973
03308
00865
01693
02501
00111
01255
01783
05786
02528
00873
03308
03563
02397
07090
01207
02517
01872
00648
09125
01755
01940
00611
02406
07150
00641
01740
00788
01883
01159
06346
02500
02071
02072
03310
01775
02392
00790
03977
08591
03217
08998
04757
01619
00757
03744
02884
00528
00991
14233
02810
05946
11751
02121
07056
01787
07107
00647
00059
03271
06167
06213
03588
02563
01924
03733
02050
02049
02051
03665
02032
02031
06925
03650
05366
02419
02420
02421
02401
02400
03789
01881
00099
03413
03407
03411
03412
01915
00057
01226
03486
02357
02967
00845
00874
00640
01738
03637
03639
03750
07402
03831
02020
03518
09698
13819
01077
01934
05520
07257
00817
07216
12340
00625
03979
02404
01119
03466
02503
00965
00721
09935
02793
01060
05349
02823
09963
03406
03406
03406
03406
03406
03409
01193
03406
03406
03406
03406
03406
03406
12574
00854
00854
12573
07025
06006
00801
01960
03625
02010
07473
02535
00841
11189
00882
01784
00757
02056
02057
02057
06926
02794
06608
09805
01897
07216
00248
06178
02389
03296
13789
03429
03491
01654
01154
06956
03768
12527
03498
00620
12573
07315
00001
01056
12942
13979
07101
14219
09766
00821
01079
09710
07318
05367
03406
01715
03386
02817
02818
02819
01270
01897
00128
06867
00965
09747
05896
03531
03406
03436
01081
03086
03524
07114
14237
03820
00971
04749
01840
03073
02004
01802
07305
02030
02029
03634
02004
07058
09810
03296
02020
00648
00620
03657
02793
03406
03558
07005
00075
11189
03406
00548
03408
03406
03409
03653
07213
03413
03406
00941
07052
14226
14221
14155
01271
14230
14234
08281
00215
06211
00058
01190
07114
03458
03536
07335
07335
07335
03406
09942
11085
01992
01273
06926
03273
01443
02564
01840
01992
13626
00018
07793
01591
02843
03406
14170
06518
14219
06131
14228
01977
14233
14219
14225
14222
14232
14441
01985
01980
14234
14233
06218
14229
14230
14227
14220
07794
14230
14228
14223
14218
06133
03324
14652
02030
14236
14225
14228
14228
14235
14231
14224
10823
15582
15580
15581
15583
15580
15580
00812
00812
15987
06881
06909
03299
09022
02017
03699
16329
15580
15580
02037
02038
05825
02843
11720
16203
14238
14218
16923
14219
07091
02028
02028
15035
02226
02029
01992
01989
01989
02012
02030
02012
01992
01992
15555
15555
15554
01990
01990
01990
01990
17686
17828
07318
17837
00209
18369
19294
18682
03427
18815
03526
16149
07452
19147
08678
19158
19158
00571
07317
07448
19271
04771
19411
19302
19405
19302
19265
19689
00974
20116
20117
20118
12132
21929
00590
22451