07043
00001
02030
03816
13788
02428
03587
11358
01586
00003
00872
06287
02003
07088
01439
02888
02899
03979
00931
03073
02601
02867
02863
03734
07056
01372
09955
00865
02529
03596
02968
02428
02897
00325
00324
00324
03595
07042
06217
09761
00975
04488
09013
09015
09014
01937
01439
03786
06942
00286
02003
01740
07460
07391
00239
00240
00800
01246
02335
00873
03702
00859
02945
01770
07736
00700
01887
00765
04042
01697
07284
03070
03424
00278
02338
02600
03629
02470
02470
03602
01673
02313
01933
02469
02914
03536
03217
06346
00384
00919
02528
06191
03647
00525
00526
03218
01494
06999
07220
03306
06200
06966
03313
03544
03545
03684
04069
00656
01754
02003
01736
07082
07447
01872
02986
02003
03657
07727
02025
02026
03549
00973
01745
03695
00783
00761
00937
01703
01704
00790
02072
02071
02073
01951
00948
09710
00925
02835
02493
01999
01997
01998
01995
01996
00088
09952
01881
07386
01265
01647
07458
08369
03147
00878
01880
03531
09772
02221
03101
06180
07058
02337
01512
00013
00817
01693
02501
01915
03578
03665
01356
07738
03925
03438
01929
01000
01925
03588
01924
03589
07560
03322
01224
03789
10254
03154
01940
03402
00611
00930
00145
02864
02935
03790
04078
02913
00075
00075
02346
07282
00705
02871
02996
02946
02906
02926
02892
02886
02965
02890
02982
02878
02904
02961
02874
02895
02931
02954
02994
02933
02881
02988
02907
02876
00939
02518
02919
02952
01889
03437
00382
01915
01195
07457
03701
06199
02358
02355
02992
02950
03453
01620
08289
01923
01952
03315
03502
01251
09705
00764
02948
03040
02879
06173
02519
02834
03177
04485
01807
03469
02755
02756
02757
03488
01875
02025
02026
04567
02548
02039
00831
00560
00287
03704
04077
03704
03696
01892
01876
07478
07670
07654
08972
07574
00886
01972
01945
01589
01588
01662
02003
03710
08681
06215
02316
01129
01775
07173
03654
02032
02034
02033
02035
03525
02026
02025
00820
03439
00574
00048
07259
04075
00099
03584
00806
03664
09811
09812
02836
01462
03431
01256
01714
03924
03046
03043
03575
09157
07166
02909
03800
00052
01354
02437
10546
10548
10547
01462
01805
01756
01142
01681
06890
00791
04095
00995
03743
03553
03565
00766
00655
03086
00852
03724
02469
01520
01507
10773
01873
03628
02434
02433
02435
09760
02440
08483
02939
02963
03111
02990
00948
06997
07118
03688
07009
02314
00990
03320
03110
00088
01462
02967
02357
09903
02838
00981
06941
01496
01657
03701
03703
00014
09762
00927
01803
03075
03311
00616
00615
03705
03686
06153
08659
00036
01057
00033
02003
07230
07243
01885
01938
08659
06910
02341
00943
01649
00133
00928
00928
06187
02343
01868
03550
03551
03210
00759
01903
01902
06178
03977
00963
03727
01523
01783
01695
01696
01151
03100
03975
03686
03687
04043
00705
00053
00053
00690
06199
06199
01939
01624
03799
00528
00773
00762
01591
01465
00610
00982
01442
00549
08296
06999
05786
09384
03564
02013
02035
00266
01278
00688
01867
01595
00384
04047
00851
03744
02036
02038
02037
02040
01626
01626
01372
01304
08303
00554
03655
02902
06902
07089
03325
01921
00057
03924
03648
07006
03284
01869
02340
06925
01409
03169
07154
05838
07503
02114
02112
02115
02111
02113
02109
02110
02108
00651
09803
02503
01358
00661
01874
00567
01187
01802
07407
03767
00598
04751
10007
10005
07090
01104
00609
05794
01091
00868
04092
01854
00760
03798
01495
00796
10805
00845
03593
01811
02356
03625
01956
01955
01591
00942
02342
06999
01776
01778
07053
07177
01752
01689
03723
03823
09118
00969
00147
00600
01733
03631
00858
03499
06442
01866
03149
01835
02237
02532
03733
03076
00849
00226
05896
03980
00265
03168
01159
02500
02563
00826
01814
03501
03466
03497
01744
01755
01056
06024
04763
02003
07010
01804
03470
03100
02884
01810
00989
00763
00954
07040
02911
03685
01652
01653
01883
03106
02959
06960
02860
07154
03282
03601
04068
01919
06978
02529
01870
03427
01153
00789
03060
01687
00604
03530
02025
02026
09704
00847
02564
01443
02035
02033
02034
01262
03529
01928
03088
03527
00134
02520
02916
02887
03517
00767
08369
06207
03523
02956
00962
06901
03466
11068
03624
00016
00074
01154
00016
01834
11533
03426
00031
00602
07454
01784
07442
00262
11928
17686
01207
13051
13288
00558
00558
13059
12267
02056
02030
01992
01990
02031
12410
03711
01491
06889
00970
03719
03657
03655
12308
04066
07133
07133
07133
07133
07776
01190
03496
11717
01358
01664
04487
00661
10008
01485
11753
01243
03524
03458
01950
00633
01890
03496
12308
03496
06958
01710
01092
00059
07979
05520
06950
07133
06950
03316
01079
03386
11263
13527
00854
01193
00854
05349
05349
12554
01421
01421
02429
00951
02004
02004
02004
02004
02030
13570
00215
08281
01191
01191
00297
03294
03294
03655
03657
01421
04072
02069
00620
07272
01209
01739
02068
07133
03741
11189
07025
01515
12574
02077
06199
02077
11754
09951
02026
13640
01885
02823
07133
09009
01897
10006
02004
02004
02004
03484
02483
14221
14221
03496
12554
13940
05351
02027
13787
13829
01792
14225
14232
14155
02054
06168
02027
02027
02027
02027
02027
02027
01802
14225
14233
14230
14225
14225
14225
13571
03216
07114
00058
02283
08372
02057
02057
03484
01990
14219
14219
14219
14232
14220
14220
14220
07133
03762
14233
02053
02052
02029
02029
14260
03111
02028
14231
14237
14237
01992
14234
14224
14233
01990
14228
01048
06921
14223
14234
14234
14228
02074
02056
10117
10118
10119
14226
06921
00965
01934
01985
01985
01985
01985
07284
00941
00674
14228
01978
14232
08177
01198
03111
11068
14228
04096
02484
02029
04517
03655
01187
01980
01980
01980
01980
01977
01977
01977
01977
14235
14218
14228
14237
14237
14224
03293
03293
01524
01524
14623
07768
05364
14237
01784
14155
14223
14218
14233
14230
00965
14218
14218
14234
00949
01760
14227
14219
14219
14222
14235
01470
14236
14234
14230
14229
01210
02058
00067
01790
01421
01081
00128
02027
02529
03458
01176
08316
01537
07496
07005
01182
01209
01209
01897
01897
01897
06147
06147
06147
06147
06147
06147
02055
02075
06177
02003
02004
01191
14229
00997
02031
02032
02031
02032
13288
15372
01834
15533
12510
14170
11939
15921
16147
16148
14233
18955
18955
02030
02029
10716
16209
02654
16264
10907
03699
16235
10118
10118
10118
10119
10117
10119
16785
16786
16787
02851
10118
10117
10117
10117
10119
10119
16786
16787
16784
11991
16785
06113
16785
16925
16786
16787
16926
02028
15581
17331
02028
15580
15582
03671
10112
10119
17624
17828
15342
00991
16235
03574
01214
06147
07062
03976
03526
07816
01621
07448
19265
01785
01990
12952
08217
02025
08156
19710
08744
15035
21672
12132
12132
12132
20074
01214
20814
00821
21636
21471
21495
21600
10914
00936
22010
03077
22306
08300
08301