06180
01897
02003
01804
03100
01810
00989
02911
01883
03106
02959
02860
02036
02038
02037
02040
01304
00554
02902
00567
01744
02052
02053
02054
02055
01921
00057
02114
02112
02115
02111
02109
02110
02108
00651
01507
01873
02434
02433
02435
02440
02939
02963
03111
02990
00948
02026
02027
02529
02314
00990
03110
00036
00016
02058
02056
02057
02057
00886
01972
00074
02356
01956
01955
01591
00942
02029
02028
01760
01776
01778
00099
00806
01193
03147
00878
01880
03101
02003
02004
01372
02025
02026
01990
01992
00980
00973
01790
00067
01710
01104
01485
01470
01892
01876
00528
00773
00688
01867
01595
00384
01673
00851
00262
02469
02470
02338
02313
02914
00384
00970
00919
02528
00525
00526
00088
01897
01462
02967
02357
02838
00981
01494
01182
01754
02956
00962
02864
02935
01758
02913
00075
02346
00705
02871
02996
02946
02906
02926
02892
02886
02965
02890
02982
02878
02904
02961
02874
02895
02931
02954
02994
02933
02881
02988
02907
02876
03076
00939
02518
02919
02952
03040
02342
03686
01057
00033
02003
02004
02004
01885
01938
02341
00943
03168
00133
00928
00928
02343
00059
00705
01187
00053
00053
00690
01209
01939
01624
02879
01209
02600
02519
02834
01807
01835
02755
02756
02757
01875
02026
01784
02548
00831
00560
00287
01104
01784
00574
00048
00760
01495
00796
00845
02056
01462
01805
02057
00854
02909
02835
02493
01999
01997
01998
01995
01996
03602
06346
03601
02316
01129
02034
02033
02035
01209
02026
00820
02836
01462
01256
01714
00215
03046
03043
00849
00226
00052
06442
03536
03217
00088
01881
01265
00674
01897
02529
00852
02529
01870
01154
01153
00789
03060
01687
00604
01079
01756
02340
03684
03647
01937
01439
01736
01872
02986
02003
02004
00286
02003
00868
01358
01358
00656
01950
01951
00948
00925
00800
01190
01246
02335
00873
00859
02945
02077
02075
01770
00700
01802
01752
01689
00969
00147
00600
01733
01990
01866
03149
03154
01755
01940
00611
00930
00145
01889
00382
01915
00633
00001
02358
02355
02992
02950
01620
01923
01952
02030
02029
00764
01933
01945
00128
01589
01588
03453
03488
03316
03284
02483
06207
03575
01354
02437
01710
01854
01745
00761
00937
01703
01704
01929
03501
03216
03218
02500
01496
00014
00927
01803
03075
00016
00616
00615
01868
03210
00759
01903
01902
00963
00765
01523
01783
01695
01151
03100
00762
02823
01591
01465
00610
00609
00982
00549
02013
02035
00266
00265
00865
02529
02968
00826
02897
00325
00790
01887
01586
00003
01439
02888
02899
00931
03073
02601
02867
02863
00854
01512
00013
00817
01693
02501
01814
01915
01356
00058
01000
01925
02563
01924
01191
01191
02027
02025
02026
00847
02564
01443
02035
02033
02034
02031
02032
01262
01928
03088
00134
02520
02916
02887
00278
00767
02031
02032
01142
01681
00791
00995
03070
00766
00655
03086
02470
00852
02469
01520
00951
01834
01869
01409
03169
03496
03424
03311
01647
00324
01897
00975
03402
01653
01626
03529
03502
01662
03525
03631
06187
03703
03549
03565
03294
03664
06200
03648
03629
01649
01739
03438
03437
03975
03977
01740
03695
03551
03550
01652
03665
03655
03470
03469
03654
03701
03531
03517
04488
06191
03306
03596
06199
02113
01626
03326
03687
03705
03593
03924
04077
03707
04763
03497
03744
03823
03704
03704
04078
03711
03786
03564
03545
03790
03789
03625
03798
03719
03293
02337
03466
04095
00558
03624
03544
03628
03702
03743
03657
03724
03523
03595
03685
03696
03925
03816
03553
03578
03727
01159
03723
03584
08659
08659
04751
03800
02069
02551
03799
06173
04069
06178
03587
01056
04043
03979
04047
04567
00240
01442
04068
00239
04069
04092
03439
03177
01664
03734
02025
02027
02025
02027
02027
02031
02032
04485
09013
09009
04487
02003
02025
07560
02027
05349
02030
02030
02068
02077
03762
03588
02003
02004
02028
02029
06147
06147
06147
06147
06147
06147
02004
02004
02004
03710
03527
01775
01992
01990
07458
06217
06153
02428
00954
07460
05896
06024
07173
03320
03458
03427
06966
07090
06889
06287
02073
02071
02072
00872
07166
06904
00297
07243
06942
07082
07220
03386
06950
06990
07053
06890
07454
07259
07282
06960
07230
07118
07090
10007
13788
07447
03767
07442
06215
06941
07284
07284
06921
07154
06999
07040
07009
07133
07133
07133
07133
07005
06926
07088
08681
07271
07154
07154
07056
07407
07011
07006
07457
07042
07011
07025
07010
07114
06901
06997
07058
07386
07025
09157
07391
03431
09903
09762
10773
09705
08998
08289
09761
08303
09811
01421
01802
06902
01696
10008
10005
10006
10118
10119
09704
09812
09144
08972
09118
08369
08369
09014
00558
09710
00783
10546
09760
10117
10547
10548
09772
01224
01372
09955
04042
07478
03701
07503
07738
07574
07736
04075
09161
07726
07979
02948
02074
11358
00858
01251
00763
10254
11189
08483
03688
07727
10805
01657
03466
01697
11928
01874
00598
06212
05794
01091
02039
02237
02532
03733
03924
07566
11068
03530
07670
11068
07654
00031
00965
03426
11533
00602
03499
17686
06950
07133
06999
06999
13051
01092
13059
12267
03686
11754
12410
01491
13288
03657
03282
01278
07776
06958
11717
00661
03322
05838
11753
01243
03524
01890
03496
09015
12308
07177
11263
13527
12554
13787
08281
03655
03657
04072
00620
07133
13640
03313
14221
14221
13940
13829
01792
14225
14232
14225
14233
14230
14225
14225
14225
13571
03294
14219
14219
14219
14232
14220
14220
14220
14233
14260
14231
14237
14237
14234
14224
14228
14233
14228
14223
14234
12574
02283
14226
06921
00941
14232
16235
01421
06168
14228
04096
02484
04517
01985
01985
01985
01985
03655
01980
01980
01980
01980
01977
01977
01977
01977
14235
14218
14228
14237
14237
14224
01524
14623
07768
05364
14237
14155
14155
14223
14218
14233
14230
00965
14218
14218
14234
14227
14219
14219
14222
14235
14236
14234
14230
14229
01210
03980
01421
12554
06177
02027
07133
08372
12700
14229
08316
14228
12308
01048
01834
15533
02428
12510
14170
11939
01919
15921
16147
16148
18955
18955
02030
02029
10716
16209
16264
10907
15035
14234
03699
02851
10119
16785
16786
16787
16650
10118
10117
16786
16787
16784
11991
16785
06113
16785
16925
16786
16787
16926
02003
15581
17331
02028
15580
15582
10112
03671
02027
17624
01191
17828
18206
18205
00991
16235
03574
01214
06147
07062
03976
03526
07816
01621
07448
19265
01785
01990
12952
08217
02025
02026
08156
19710
08744
21672
12132
12132
12132
20074
01214
20814
00821
21636
21471
21600
10914
00936
22010
06199
03077
22306
08300
08301