05832
00692
00148
00600
01433
01609
00766
01091
01783
01912
00383
01940
01533
00820
01633
00639
00060
00019
01574
01495
01857
01114
00799
01619
00758
01489
00925
00860
00023
00219
03381
01856
01560
01867
01241
00795
01662
01409
00101
00033
01056
01989
01485
00832
01495
00253
01425
00019
00832
00108
00130
01505
01870
02887
10563
01433
00948
00817
00836
00057
01834
01920
00681
00641
00930
01778
00789
00528
02110
02115
09761
01419
02454
02455
02110
02108
02116
00595
07240
07497
02412
02111
02113
02109
02115
02111
02112
03530
02453
01118
05936
02109
02108
02114
02112
02114
08178
03588
03771
03572
03469
07552
05595
07245
03335
03776
03762
03337
03338
01626
01626
01649
01647
01733
01749
01736
00239
00332
00333
00337
00338
00339
02258
02274
02298
02276
02275
00425
00426
00330
03578
09013
02907
02876
03590
02075
02077
03414
03411
03410
03497
02339
02838
02886
02878
00334
00335
03885
00331
00331
00240
00240
00413
00412
00411
00340
00341
00342
01977
01977
01977
01977
00343
04487
03075
03072
03118
00241
00242
03768
06153
03408
03408
01980
01980
01980
00681
01497
00854
03776
01953
01194
01531
01497
00146
00140
00822
00208
01008
00135
00156
00963
01711
00764
01817
00133
00052
02892
00336
04061
05367
02654
03673
03407
02358
02935
01428
00575
03412
03413
02520
01448
01720
01841
03430
01895
01776
00065
01620
03417
01259
01953
00285
00382
00344
01046
06045
01985
01985
01985
01495
01826
00455
02039
03545
01883
03767
03269
04083
07007
07119
03284
03071
03216
03710
03328
02858
01588
01589
02015
02994
03089
00372
00363
00362
03110
02897
00919
02494
03575
06023
02806
05808
03092
03270
03455
03701
03111
03606
03183
03688
02379
06147
04744
02528
00655
01879
01878
03820
06189
06217
06168
00800
02440
00111
02444
01684
02049
02050
02483
03553
03565
01903
01902
02650
02843
03457
03154
05524
00615
00615
03296
04075
01962
02204
02341
03430
03823
03424
03088
02990
02686
02963
02939
02314
03306
03564
03750
03636
03635
03695
01607
03327
02909
03628
03671
06187
03787
06194
03087
03215
01892
03977
03666
03665
04088
04087
00228
02408
02422
02423
03294
00329
00356
02399
02398
02386
02387
02388
02391
02392
02393
02395
02396
02397
06193
00720
03744
00847
01077
06201
01673
03525
01424
01689
02358
00154
02970
03543
01659
02003
03824
06190
02502
03549
03722
05807
06180
05810
02575
02575
02337
03088
06287
00969
00059
01546
01547
01548
00381
00957
00956
02013
02233
02016
02225
02227
02231
02232
05896
03593
04565
01494
01584
01652
01653
01613
01673
02956
01515
05800
02010
02011
02012
03583
03582
03581
04062
03147
02052
02053
02053
02055
00645
02342
01956
01955
03624
02427
03798
02040
06181
03704
03694
03101
03517
02913
02902
03630
03527
01998
01996
00523
06183
01714
00390
03821
00626
02069
03281
02525
03734
01992
03544
03770
03088
03320
02045
02047
02048
05539
02343
03282
03457
03664
03437
03470
02372
02536
06142
00099
02357
02967
03529
06131
06158
04485
03789
02553
03639
02014
02498
00128
04751
02518
02622
02621
04079
03307
04750
05782
00014
01881
00931
00859
01921
01924
01925
01000
01929
01928
00457
00029
00762
00145
01698
00146
01156
01523
01496
01814
01693
00817
00013
00765
00790
00788
01126
01735
00891
01586
01061
01251
01246
00500
00140
01713
01599
01752
00697
00957
03555
05589
03424
02836
04567
04755
04044
04082
04488
00163
02652
03574
03070
02535
03531
03589
02563
03586
03438
03925
06134
02614
06195
01657
01658
03648
03981
02835
01596
00820
02037
02036
07107
06942
02493
02230
02234
02189
02224
02014
06160
02016
02013
05375
03088
00008
05874
00640
01092
01714
01867
01937
01104
00627
01414
01142
01915
01803
00962
00053
00901
00344
01734
00761
01945
00616
00067
00973
01710
01525
01555
00451
00252
00600
01139
00942
00989
01875
00384
00036
01057
05396
01845
03439
00822
01784
00278
00767
01870
01520
00077
00912
00979
00939
00791
01933
00970
00950
00606
01772
00982
01866
01262
00799
00566
00773
00286
01465
00261
01756
00851
01690
00147
01869
00215
01477
01725
00615
01167
00029
03413
05874
03814
02558
03786
02160
02687
06077
00526
03806
03106
00760
02899
02888
02523
03823
02031
02033
02035
02035
03587
04091
00684
01807
03218
02282
02280
02279
06207
03543
03177
02834
02519
02600
06178
04764
01889
02916
01029
01028
00311
03657
00010
02058
02057
02056
03336
01996
01997
02291
04756
03723
01624
02484
03577
03585
00007
00574
04763
02968
03980
03601
04564
03710
02355
01119
01887
00833
00652
01935
01012
01919
01462
00604
01142
01754
01876
00097
01759
01953
00864
00681
00826
00873
01923
00854
01576
00077
00275
00567
00075
00560
00554
00285
00012
00945
00831
00568
01487
01256
00549
00031
00645
00059
00997
01087
00697
00868
01114
00673
00673
00496
01669
00860
01745
01712
01468
01255
01687
00768
01579
01918
01755
01595
01507
01069
00796
00937
01895
00705
05973
01886
01872
00963
01873
00874
00376
00863
00382
00658
00164
01868
00951
01478
00611
00926
01356
01897
00128
01079
01760
00023
00626
01939
00940
00573
00003
00943
01952
01810
01338
01358
00865
00077
01770
00991
01438
01754
01483
01477
01297
01951
00088
01007
00748
00677
00981
00806
01265
00990
01462
01972
00674
01439
00432
01775
02409
02389
02390
02394
01637
01560
01638
01885
00208
00528
01265
00831
00928
00954
02066
02065
02067
00824
03566
03801
03644
04752
02821
03797
03676
02259
03406
05833
03185
05540
03557
01159
03186
03704
04046
03600
03599
03117
03116
02500
02501
01755
05874
05845
05846
05847
05846
03758
02188
02229
06140
05710
03219
03228
03224
03223
03229
03225
03226
03230
03227
02002
02001
02000
05805
03327
01679
03592
03831
02227
02884
02860
02959
03719
03522
03521
02073
02072
03274
05788
02945
02457
04096
02434
01737
01630
05837
05515
03571
03570
03569
02435
02433
05501
03667
06204
03733
02517
09456
02414
02413
02411
02410
03550
03551
02996
02871
04078
02575
03299
02340
03643
03559
01673
00134
00797
01095
03743
00788
03587
03455
02027
02025
05351
03587
00363
00362
07183
00059
07119
05375
03088
03724
02623
00449
00448
02168
00102
00640
02167
03704
02970
01633
03325
01968
03734
00128
00040
00368
03306
03225
03230
03221
02452
02456
02458
02459
02460
02461
02462
02463
06518
02415
02416
02417
02418
02419
02420
02421
02051
02049
02050
02470
02338
02313
02914
03536
03217
03650
03169
03799
03500
07665
07649
07774
02346
03758
07160
01420
04488
02297
02299
02300
06194
01484
06447
01999
06147
02348
03703
02356
01207
03474
03584
03595
01133
06916
06024
02015
02068
06959
06941
06867
07082
06980
00626
06966
01465
00020
00167
00166
03556
05366
03825
02004
03088
00537
07018
04561
02351
07175
03685
03100
03596
03088
02078
00648
03621
02911
06179
03639
03752
03750
07659
05786
01512
00091
03527
01845
02529
03522
03521
02002
07091
02073
02624
02072
05799
03303
00457
03786
00014
03702
03559
03832
03594
01676
07090
00121
03386
00573
03190
01430
03187
03188
03189
02527
03637
00847
06911
07122
02067
02066
07300
02841
07011
00655
00609
04077
04078
04064
03149
03153
02471
03310
00266
00265
01129
02666
05366
06202
03978
03926
02879
03040
02986
02948
02952
02919
02518
03076
02988
02881
02933
02954
02931
03608
03609
03610
03634
03466
00845
02028
02020
04719
02073
07156
00507
04043
06162
00525
02653
06923
01126
02015
02013
02014
03534
01999
04127
03293
07053
07708
00793
03625
03182
06199
09712
07112
03841
07684
02655
02841
01429
04084
02863
06861
04754
02065
03735
03736
06958
07152
01919
06969
07225
00425
02480
00694
02669
00836
03833
02380
03558
01963
01695
01696
06173
01704
01703
00163
01644
01681
02054
02055
02052
02014
03086
02316
03602
01061
02335
06966
02018
02019
01991
03606
02014
06147
03119
03119
01652
03316
02503
03464
02300
02297
05549
05550
05784
05783
02003
02004
07107
04773
07118
07230
03798
03749
07326
08276
07638
03386
03778
05712
02672
03562
03560
03646
03641
03640
03687
07157
01999
04066
03496
03501
03495
01996
01995
01998
01997
01999
04762
03705
03631
03568
05916
00102
00104
02042
07320
00790
03322
06920
02895
02874
02961
01997
01999
01995
00108
01724
07117
01420
01053
00640
01031
01032
03088
03701
05591
00344
01740
01434
02688
05875
05596
00426
02013
02015
02016
02053
02052
02055
02053
06966
01808
00297
02400
02401
02556
02402
02403
06188
02970
02406
02407
00648
00648
03406
03933
03656
02437
01652
04033
00127
00124
00123
00126
02433
07302
07303
03305
00355
01644
07552
03598
07028
02904
02982
02890
02965
02926
02906
02946
02355
02992
02950
03654
03046
02864
02867
07102
02601
03073
02609
02610
02611
02612
02613
03293
03271
03642
01999
02405
04562
02404
03821
03317
06925
05524
05879
06987
03616
00101
03710
03611
03576
02014
02164
00151
02509
02010
02012
07234
04760
03060
00249
02071
02469
02041
05781
06163
06164
06165
06166
02043
07010
07160
07043
01915
05836
04561
07112
07667
07636
07657
06015
06999
03406
05774
03179
04047
04761
03655
03210
03074
06192
00325
00324
07147
07243
06949
02002
07638
02002
03273
03271
01711
01991
03975
03686
06997
07497
05595
03088
07165
07644
07345
07031
07507
07507
02058
07044
07258
02575
02116
06901
07107
07119
03710
07218
06911
07152
07152
07115
06911
07107
07305
07226
07267
01434
07006
09903
07402
07304
00799
09158
09921
07232
08194
09458
01387
09017
07390
00453
00799
00543
09773
18928
00782
00783
09005
09007
08994
08998
09791
05998
01322
09001
01236
03322
07485
03543
00428
01995
01998
03809
07492
02278
01114
03406
07089
08322
08323
07146
02849
06886
01999
00344
07347
07346
03406
01990
08289
00851
07241
03449
01897
07687
07391
01992
01990
00249
01586
08296
00375
06044
09977
10537
07056
08307
00373
08303
08301
01458
07782
00459
05874
00799
00720
03597
07040
08300
07088
00053
06020
07042
07346
07346
07005
00694
07023
00322
00324
02492
01613
07497
03286
03741
00374
05526
06872
03446
03446
03446
03761
03761
03119
06153
07101
06940
06182
08591
09919
00794
03181
09748
08973
02221
07787
05874
11900
00481
03088
00476
00299
00368
08369
02017
06041
04780
02483
07657
00798
07568
07444
07560
07004
07397
07223
07052
07576
06966
08218
01114
03543
09889
01784
07447
04772
02503
01975
07491
07275
02663
06989
07058
04487
08084
07738
02535
07265
07266
03442
05366
03762
01458
03309
01586
02073
08166
02192
06194
03566
01569
03781
03832
06895
01754
03328
06186
05799
00612
06147
01147
07000
06950
03979
01126
01262
01256
09771
00370
00525
07140
10038
10037
10036
09699
09990
10016
09957
10015
10015
10015
10017
10017
10017
09937
09927
07397
03561
03561
02030
09747
09989
09924
10001
09800
00231
10002
09806
05603
03711
03406
02005
03406
00127
07259
03285
01628
03466
07044
09129
09136
02237
09117
00371
00124
08995
07093
07152
06900
08195
02030
07003
04754
01607
07001
06895
05596
03933
00375
01273
05994
07001
03569
07275
08369
00375
00428
06995
05819
02056
02057
06894
02407
07396
07098
00529
01426
01073
00043
07749
02484
02483
09015
06891
10773
00141
00499
03410
07673
11084
08983
08720
09810
06048
07258
00375
05882
02032
07771
00625
05999
08677
09823
00375
07154
09710
01266
08972
05878
01447
10804
09973
01447
09975
09801
09760
00249
01753
08311
10539
08310
10004
06938
07275
00459
09857
05520
07290
07501
00604
02275
10538
02825
09471
10441
08641
09767
01560
09941
07734
00381
03431
03832
07019
07566
01556
08100
03500
03795
07347
06910
07262
08305
09858
07058
09933
01821
09808
08195
08195
08169
09159
09958
03769
07287
08151
01647
07478
07798
07220
07001
07168
03774
06910
03809
07275
07460
07056
08304
00459
02078
07316
01995
01996
01997
01999
02055
03086
08223
00477
08309
00974
07277
01738
01697
03119
02238
07462
07262
07712
00249
00285
05366
03969
07044
07052
00375
10531
09930
07735
13489
05527
10126
01452
14682
10253
02482
08234
10255
00626
00927
00287
00763
00059
01627
00382
01426
01790
07518
00858
00946
01591
00883
01951
00605
01443
01607
00675
01761
05913
00666
00645
01042
01426
06887
07461
07675
07287
01338
06287
00782
00937
01941
08282
00059
10764
09939
10228
06013
05343
04618
07649
03746
03746
03746
03746
03746
01247
08224
07402
01192
10227
07240
02071
11073
11250
11074
00666
11159
10947
03666
10806
02803
02804
10440
10439
13541
01247
06042
02026
02034
09689
09688
09691
05816
09983
05895
03406
09965
09694
09695
10013
10013
05813
05815
01183
09690
10126
00906
10763
13790
11082
11076
02419
03746
03746
07506
11189
01890
01631
04090
12251
12340
10974
11083
11892
11749
11900
01916
11902
11921
11927
11081
03746
03746
01894
00821
01874
11103
11065
11103
11085
11175
11066
03497
08483
11068
00058
08483
11183
02768
00479
00646
05973
00856
00302
03273
03719
11892
11891
11892
11893
11896
11897
11903
01625
11472
11473
11896
11896
09019
12979
12508
00620
13488
07659
01114
03496
04042
02484
01720
00602
00823
12372
18333
00666
13051
13061
13292
03333
12373
11896
11897
02483
11754
11901
11910
11890
11893
11907
11907
11891
03496
11717
11891
11901
11902
11898
03524
11906
11753
11903
11906
11895
11895
11895
02303
11717
11893
01243
11895
11907
01950
02303
11719
11900
07169
11720
12262
12262
11900
11903
11897
11896
11752
00860
13890
13892
13889
13874
01961
13741
01491
13255
13288
13286
13287
12990
13926
07246
13543
13747
01534
13482
12339
12371
12658
12685
13285
12511
13038
12573
13628
07130
00801
13934
13930
13929
13931
13932
13933
14058
13953
07485
13821
03342
07516
12368
12369
06879
00281
13490
05921
05921
10012
13979
13634
13643
01070
10778
00024
13481
14218
07516
01961
13893
13896
13953
13486
13487
13891
13895
03782
00800
03297
14221
14221
14225
14393
14228
14233
14228
14228
14162
08281
13635
13633
08261
13491
07485
03394
13771
13771
00632
13766
00941
14160
14236
08325
14232
14219
14219
14220
14220
14218
14218
14218
14218
14287
00941
14347
14233
14233
14232
14224
15311
15312
14219
14234
14229
14393
14225
14237
14219
14232
14231
14233
14230
14228
14228
13993
02533
02484
14235
14267
14234
14257
14441
14225
14225
00380
15726
01524
17207
17206
14652
15125
15035
14230
14226
14229
16238
14237
14227
14227
14227
14227
14237
14234
14222
14222
01011
14219
14223
14230
14230
06133
14228
14218
14170
02074
14742
06016
14645
02424
10009
01969
13409
13408
15011
13408
13409
11905
10823
15012
14761
12976
11902
15034
16320
15313
18100
15580
15581
11741
15727
15554
15634
15773
10831
15555
15551
15553
15738
15552
02428
15539
15582
15725
15724
01692
15355
01692
06987
15337
15669
04093
16011
03286
12340
15461
15583
16011
15778
15268
18336
15866
15977
15977
15977
16135
10009
16092
07497
07497
07497
07497
07497
07497
07497
07497
07497
07497
07497
07497
07497
07497
07497
07497
07497
07497
07497
07497
07497
07497
07497
07497
07497
07497
07497
07497
07497
07497
07497
07497
07497
07497
07497
07497
07497
07497
07497
07497
07497
07497
07497
07497
07497
07497
07497
07497
07497
07497
07497
07497
07497
07497
07497
07497
07497
07497
07497
07497
07497
07497
07497
07497
07497
07497
07497
07497
07497
07497
07497
07497
07497
07497
07497
07497
07497
07497
07497
07497
07497
07497
07497
07497
07497
07497
07497
07497
07497
07497
07497
07497
07497
07497
07497
07497
07497
07497
07497
07497
07497
07497
07497
07497
07497
07497
07497
07497
07497
07497
07497
07497
07497
07497
07497
07497
07497
07497
07497
07497
07497
07497
07497
07497
07497
16137
07497
07497
07497
07497
07497
07497
07497
07497
07497
07497
07497
07497
07497
07497
07497
07497
07497
07497
07497
07497
07497
07497
07497
07497
07497
07497
07497
07497
07497
07497
07497
07497
07497
07497
07497
07497
07485
07485
07485
07497
07485
10716
02424
16087
10014
10013
21449
16066
16074
01801
16203
00209
12990
16345
11733
01992
16370
07394
11734
11735
16171
16263
16319
18249
19416
11959
11960
07323
16692
12368
05825
11961
11962
11963
18816
00137
00799
16856
02003
02226
11991
16841
13485
18292
17218
10440
17315
17317
08738
08738
11209
17713
17247
10440
10112
17205
17103
02028
02029
07649
01990
17686
10112
10111
16165
17836
17735
00254
17733
17736
18139
17947
18101
21449
01652
00874
18199
18248
18118
21678
18288
18335
21345
21344
18290
18379
07046
18383
18374
18369
18307
18306
18139
00138
12255
11904
11904
11904
11904
21757
18480
11901
11891
11892
16234
11904
11902
08744
03332
18676
18138
18778
18928
18902
18900
07278
18929
18901
18903
19055
18373
08995
07485
07485
07050
03526
00820
18979
11904
18100
18101
13993
18373
07687
03387
08195
05998
01754
19221
00571
08678
10439
07485
07485
07485
07485
07485
19339
19265
01066
01785
04771
01992
19337
19342
09459
04771
19302
19340
19341
11209
21308
19577
19577
00799
19670
00992
19666
07666
19743
19731
20250
06131
19784
06132
15777
19804
08992
19813
21636
14731
09796
20034
20273
20274
20332
20455
20429
20542
20543
09788
20541
22131
20866
01214
20938
20940
21105
21061
21062
21053
00840
21023
13609
13877
21801
13877
21029
02482
09983
21307
21309
03892
21449
03651
21420
01451
01451
21699
10026
21563
10914
21645
21757
21802
21825
21826
21826
21833
21834
21832
21948
21929
05802
22025
22130
22132
08319
00090
22067
22185
22292
22252
02257
00611
11206
22488
22487
00424
22505
22512
22504
22506
22507
22508
22509
22510
22511