02083
12132
06297
13281
02862
06415
15587
10824
10823
06313
11626
06314
07052
07213
15975
15977
21900
07697
03392
00036
04091
03293
03794
01200
14052
02529
02423
06377
08884
00824
01438
01034
07137
07152
01754
00287
00560
01433
13745
00836
01669
07038
00135
06196
09976
00615
01356
01448
01915
03713
03665
06413
03666
00791
03572
03555
03294
06328
06168
00175
00174
06416
09769
03553
00995
03703
01961
00805
13767
04028
06969
07093
00783
07652
07668
01939
02314
02939
02963
03111
02990
06942
03497
03496
03497
03501
03495
03650
06346
03217
03536
02914
03671
03522
03521
08989
07456
02347
09888
03471
01890
01889
03437
06426
02887
02916
02520
01868
11144
03346
07738
01611
00134
00859
10563
02335
07636
09684
03316
07777
06306
02343
06187
09747
06317
00943
13727
07300
01676
07071
03565
03575
07586
01845
03564
09825
00059
03415
00937
07098
05823
03499
12574
01462
00161
00162
00627
00382
01092
06207
03216
07180
09786
03147
06153
11102
01012
02443
05816
05814
05815
01126
06131
00010
03338
00140
03336
03335
03337
06182
03424
03303
00016
03406
06180
02443
02440
00864
00111
03523
06199
06199
10810
03153
03154
03149
10112
03698
07533
00831
02348
02503
01599
01772
00231
07718
03800
01637
00059
03547
03546
06304
06303
06301
06300
06299
07148
01953
02291
00294
00819
06714
09767
00243
00145
00620
00930
01956
01955
00611
03695
00849
00648
09458
02033
02034
01867
06131
08602
06886
07816
00858
06180
06213
03455
03657
00851
09702
06201
02760
02761
02759
01222
07704
05338
05339
00372
02575
00797
01841
01575
01652
07719
07717
01425
01595
02069
01740
02003
00796
03523
01935
00833
11103
05340
03734
03300
07120
02000
02002
09251
02016
02015
02015
05522
07106
02809
02810
09963
03707
08094
04759
04758
01421
03092
03809
02529
00852
06726
10441
10440
10439
10188
00823
06901
02529
00891
02341
07461
07056
06284
01874
03424
05985
02528
06436
06423
00919
09685
06412
04042
00948
02897
01056
03723
04769
03752
03639
02379
00123
02020
02018
03664
12573
03928
03075
01689
01803
00927
00134
05311
03092
01358
11184
09762
06958
00384
11755
02500
01814
02501
01693
00013
00765
02502
06019
13292
06023
08972
03701
03702
03797
09811
09812
03118
03116
02836
03070
05808
02422
02407
03563
13626
02397
02396
02398
02240
09770
02422
05946
02472
00963
03111
02372
02392
02392
03569
06283
06386
06381
00790
02114
02112
02115
02111
02113
02109
02110
02108
01791
00761
00600
01808
07566
06387
02493
02835
00857
02909
03628
00790
00616
01624
02490
01937
03048
11942
00074
00626
01887
01480
00797
01821
06885
06305
03648
00036
00033
00259
03980
00426
00425
00147
00931
06200
03781
03319
07192
07658
00024
00031
01647
07113
00873
01962
01963
00027
02337
00259
01755
01940
00925
11065
04773
00858
03151
04487
06286
04486
02986
01866
01895
04766
04767
04768
02557
02556
02529
01924
03466
06878
03439
01975
01738
01439
07007
01869
07139
00789
01610
02049
02050
04047
07173
08998
01673
09815
02909
00425
00426
00526
00525
02549
01911
01661
08680
02551
02552
00688
00703
00975
00975
00700
07507
00860
00390
01810
05566
05567
05568
05569
05570
05571
09779
07570
04565
06347
06348
06950
07084
01255
09775
03885
01778
03885
00872
01733
00003
03644
09014
04488
11717
09015
09013
02073
02072
02071
02437
07516
02013
02015
02015
02016
08369
03636
03635
03753
03750
03629
02313
02338
02470
02469
00088
07258
06215
08681
01875
10027
03210
00773
07568
03551
03550
03517
00767
00278
04487
07105
06209
03979
02899
07584
02888
08301
06401
03609
03610
03571
03570
03569
03630
06287
08976
06394
06393
06392
06391
06390
02356
03786
07001
03800
00283
00282
00605
02245
02244
02243
01308
00845
02913
02039
02036
04564
09793
02076
09816
09817
01151
03527
06967
13300
03086
02316
09768
09773
03584
03595
01489
07042
07037
06217
06438
07403
09117
02970
09761
02687
03686
04043
03687
03705
03596
06012
02968
02340
03654
05337
00058
07651
07775
07399
06178
06374
06373
06024
05896
09763
02859
03768
01586
06408
06407
06407
06406
06405
06404
06403
03091
06379
07258
03783
01839
04763
03711
06384
01515
01029
01028
00626
01640
06889
07124
02824
02825
06180
03101
01870
04074
02221
09772
06997
05810
03091
03091
06383
03531
03590
03589
00075
03588
01925
01000
01928
08384
08724
03438
00077
02160
02911
07040
07177
07001
06377
00800
01736
07240
07240
00681
03781
03308
08989
07090
03100
02563
03335
00121
00024
04026
03736
03735
04019
04029
04031
04023
01448
02954
00768
01647
01744
01424
09936
09936
02170
02169
02809
02810
07106
09936
00059
00662
00381
00380
06153
02829
02828
02826
01534
01424
07025
13653
03750
03637
03638
06976
01448
07119
02837
03704
07217
07217
02016
02013
02015
02015
03300
06890
01358
03088
00294
06385
02217
07006
03923
03100
03430
05306
06334
06333
00033
00615
02003
01193
07001
02003
00801
03657
03088
01476
00681
03498
05396
00059
07335
03710
03466
12574
01714
00928
00133
06411
06410
00962
02956
11753
03177
02834
09764
02519
07742
02600
09748
03763
01881
00099
00981
00806
02838
09903
02357
02967
02405
03411
03408
03407
03412
04562
02404
02400
02401
02421
03100
02884
00554
02860
06960
02959
03106
09787
03110
03529
03685
02078
00059
00645
03621
03655
01752
01752
07030
02902
01783
06949
06941
03500
00604
01462
04066
13038
03060
00942
09777
00954
02238
01493
02237
02239
09710
00969
07574
00014
07015
01613
03091
01243
03624
00876
08303
08303
07082
07447
01872
03581
00566
04487
07478
02038
02037
02040
01873
06417
01845
01698
01719
01749
02497
02492
03978
01338
04076
03544
03545
01704
01703
00052
01649
00053
01653
01652
07095
00989
06298
01776
03306
07220
00299
03455
07228
07107
00240
00239
00241
00928
02420
02419
02418
03413
02417
02416
02415
02385
02390
02389
02413
02412
02411
02410
02409
02408
02388
02387
03706
03667
01419
03733
04094
03168
04096
01902
01903
03470
01126
02809
02810
03488
02777
05837
03784
03893
03169
07088
00036
11752
00651
01938
00432
06950
02016
02227
04720
02231
02233
05786
00077
00286
03088
03327
00059
11105
06956
02556
02557
06955
09166
03315
01466
03305
00027
06966
00027
09167
08981
01753
00265
00266
01491
06518
03885
07088
12941
03186
07088
11473
02647
05520
03790
05845
05846
07090
11103
07090
07118
07507
00375
11102
06193
00681
06889
03119
07090
00231
07104
00850
00208
01223
07443
04486
00762
01591
02823
01955
01956
01465
00609
03888
03887
03886
00800
00817
01695
01696
01817
01609
00766
01657
01735
01736
00575
00940
03183
01495
03530
06398
00057
03977
01823
02945
00655
00945
01424
00384
00260
00286
00784
00140
01464
07588
01847
01847
09699
00167
00166
00382
00929
00263
01126
03305
07699
06399
03631
03402
06442
01662
03602
03601
03625
02160
06397
06396
01876
01892
07560
00759
07462
12257
06409
06872
03744
07734
07043
04041
01733
11102
07048
09121
06898
06864
01812
07727
00059
05982
01126
06605
00010
03338
03337
03336
06606
03335
01007
01142
05795
05795
00158
03704
00059
04564
01870
07454
00116
07406
02529
00865
02647
07243
04487
04488
02078
06312
01619
00756
08591
03799
09771
02106
07282
07112
11476
02032
02034
02033
00472
09773
01638
11473
11472
03303
03088
06304
03928
00658
00164
07148
01996
01995
01998
01997
01999
04751
03320
07729
07034
00549
01804
06885
04758
03088
01556
00453
01821
02013
02015
02232
07078
08094
01625
00874
03190
03189
03188
03187
01428
01429
01430
06999
01666
04073
00452
00847
03284
03498
03786
00077
07156
02532
01193
00692
02073
02071
02072
02073
02071
02072
02073
01265
01712
01468
01479
00052
01305
03716
03169
00121
03654
01480
02548
08224
03088
02346
09928
00059
00140
00074
06994
09984
03823
02621
02622
08591
07107
06434
01681
10979
03518
07141
03704
01652
01714
03449
00262
03327
01666
00657
07238
08151
06295
13256
01745
01712
01468
01479
11102
01744
01297
09705
07693
07778
10255
06131
01465
01042
00874
06971
02015
03828
03523
00626
01687
00826
00655
07127
03322
07025
04763
02015
02016
02013
01761
07552
00479
02002
00873
03407
00575
00681
00692
03594
00639
07238
01586
00285
00046
00074
07107
05979
01028
00626
00823
02954
07089
03311
01007
07010
02033
02034
03976
03761
00616
01785
01805
00854
02299
02300
06901
00627
00382
03116
12308
06285
01916
15518
01784
11440
00065
07284
00547
13930
13934
13935
00841
00805
07407
00625
00034
09190
06302
09684
13929
13932
07533
03741
02057
02116
01992
11754
13789
01916
03328
02499
07571
06382
07114
08884
04075
00760
03798
01652
03785
02818
02819
01226
03486
11068
04719
00014
01640
09967
09967
07118
03116
07282
00681
03525
04083
01738
01665
02619
01633
00950
04567
03708
03696
04485
07067
00991
01770
09698
00640
01883
11145
03218
06962
03091
02913
03073
02601
02867
02863
02864
02935
03043
03046
07590
02950
02992
02355
02358
02946
02906
02926
02892
02886
02965
02890
02982
02878
02904
02961
02874
02895
02931
02954
02760
02761
01222
09001
02759
09963
02822
03475
01807
03453
11102
02994
02933
02881
02988
02907
02876
03076
00939
01265
02518
02952
02948
03040
02879
06173
02871
02996
01448
03593
06294
06349
01476
03088
03431
00820
02798
02799
02800
00009
03282
11071
11070
01448
03893
02549
00823
01495
07282
00681
02406
01304
04486
00640
00012
11069
03734
01921
01929
05592
00997
01775
07315
03090
06959
03095
06925
03789
01409
06158
01926
03116
03118
04078
04077
03924
01951
06901
01104
00963
00158
03299
02250
00362
00363
02598
00847
03284
03710
02564
01443
02802
02803
02804
07150
01588
01589
01756
01923
01952
01952
01952
00764
01933
11175
00602
01945
01486
01880
07094
03657
01972
02435
02433
02434
01265
07552
06901
09697
09696
12267
00023
03821
00782
00567
08963
00899
08969
07148
07241
01295
05520
03310
03466
07304
00491
05916
05520
01486
01104
07058
01534
08965
08966
08964
08967
07238
03697
03315
00059
06920
01737
10026
09457
06901
00548
00793
12574
13853
03215
00969
02827
15552
01118
00794
08483
06518
00963
02048
02046
02047
02045
00648
00882
02768
02769
02770
00928
04565
07124
03707
03652
03829
00878
00788
03088
07090
01118
06895
11210
00763
01512
08223
06310
00286
00931
00147
07058
00661
02342
09607
01679
07124
03294
06994
06167
07146
06886
04079
00058
06197
00260
07175
03588
02259
02275
02274
02276
06973
00215
01734
03524
00606
01918
01579
03722
00812
01893
02086
10773
05366
03700
07058
00389
01673
03321
06385
02224
02189
05936
03394
00595
02188
06042
05895
03795
03311
09807
03704
06877
11622
11617
11618
07444
03722
01299
03816
09775
03469
03469
03704
00686
02016
01895
01580
03406
07095
07098
03649
01719
07160
00019
00033
00362
03704
03217
11072
10117
02242
03457
02103
01994
13979
06332
13993
06609
13853
04518
01190
01077
00034
00034
05799
01953
00301
01990
03574
04517
01174
01958
00958
02259
08138
06395
01961
01961
01934
00634
01273
02303
00766
00130
11535
06994
07502
01193
02004
00974
02004
02004
03317
07074
07074
13955
08222
01664
03480
00847
00318
01843
00042
01270
13931
11085
00008
02205
13256
06330
01760
06425
02826
06425
02827
00652
10189
02057
02277
07246
00318
07650
03293
14233
14233
14233
14233
14233
03296
03491
01560
02056
05518
06371
00965
07250
06431
14155
03093
14225
14225
14225
14225
11686
10041
06998
14229
14229
14229
14229
14229
14229
13993
13993
14224
14224
14224
14224
14224
14224
14228
14228
14228
14228
05822
14234
14234
14234
14234
14234
07705
14237
14237
14237
14237
14237
14237
14220
14220
14220
14220
14220
14220
11614
07052
01990
01449
01990
14387
14228
14228
14228
14228
13274
04091
14230
14230
14230
14230
14219
01449
00318
01897
02851
13924
10780
03484
03484
13771
13770
00951
00666
01897
00632
02057
07723
14166
01011
01118
07720
11189
01977
01977
01977
01977
01977
01977
01977
01977
01977
01977
01977
03704
11632
14237
03762
05020
14221
14221
14221
14221
14221
14221
08153
05847
00104
14052
03736
03735
04019
02013
01077
14225
14225
14225
14225
14225
14225
11637
00941
14226
14226
14226
06421
06428
04749
09682
11638
11629
11631
11630
14338
07476
02254
01485
01617
01271
06402
14540
06131
01113
10119
05565
00128
14230
14230
14233
14233
03436
03892
03457
01449
08221
03897
03897
13275
01046
14236
14236
14236
01449
01449
01449
08221
00128
14218
14218
14218
14218
14218
13275
10947
14219
14233
02001
10190
00835
06608
10118
00344
00505
14230
14230
14230
14230
14230
14230
00104
04757
09681
14228
01897
01843
13954
14393
00868
00015
13533
10907
01992
14222
07404
03339
14233
05937
01759
00131
11615
01243
01980
01980
01980
01980
01980
01980
01980
01980
01980
01980
01980
01990
03307
03307
03704
10680
01187
01838
02005
07025
01187
01985
01985
01985
01985
01985
01985
01985
01985
01985
01985
13628
07052
07052
14189
14219
14219
14219
14219
14219
01607
10039
01449
01992
05346
07069
01607
14227
14227
14227
10711
02247
08986
01966
07710
19578
03483
03293
02205
01524
09388
11641
06290
00128
01239
03307
02056
05606
02529
07979
00249
14232
14232
14232
11619
09681
07273
07692
06422
06288
00666
06432
01182
01990
04750
06425
02205
08093
13052
06325
06351
06370
00949
06375
06380
02236
02248
02246
05967
06183
10040
07052
07770
07238
08174
00839
00537
03292
03293
14235
14235
01176
14228
02304
01607
14223
14223
14223
14223
06378
01560
01537
14234
06296
06433
14231
14231
14231
14231
02491
01048
09124
07117
10009
01497
13653
06327
06948
02249
19689
03293
02525
14652
14647
01739
14647
02303
00130
11936
01759
01759
16013
03296
03296
16012
03297
03297
03091
00146
11195
00130
06350
03215
15598
15599
15586
02491
11749
08713
09683
09683
10212
00564
01457
03489
05592
11640
03293
03293
03293
01101
06595
03704
03817
00015
00571
01941
07245
03611
14218
11616
02303
08093
15509
07052
03704
02428
01834
15640
00027
11692
15584
15519
11691
10211
01992
01436
05499
02035
02475
00384
15554
15633
15256
11626
11937
15551
15585
11741
15738
00135
07674
15553
11741
06311
06311
10823
02032
15580
15581
15582
02226
01090
01090
06429
06439
06440
06296
07149
02351
00459
10947
06318
06418
07222
05340
05519
02035
02035
02031
01992
11621
02483
02477
01200
00344
07749
12263
08234
01990
07130
03292
08093
00064
00019
01739
01046
03719
02058
00001
01027
02032
01835
01835
03298
02001
15866
03839
15986
18939
15973
18926
03320
01118
07260
15975
15975
06289
10040
10010
03458
02424
03284
10716
16044
16052
16188
16248
16247
07038
00483
16331
16210
16509
16511
11733
18682
02000
02480
01400
05499
16167
16168
04759
16511
03299
10708
16323
16169
11735
11735
11737
03758
10831
16199
16201
16200
16203
16264
03321
03429
10217
16786
16787
05825
15600
05813
16785
10118
10119
10119
10117
16789
15555
10117
01985
06315
02031
02068
07029
10119
10118
10117
10117
10118
16898
02030
10819
00355
09022
16881
11991
16957
13485
16869
07260
02809
02810
16899
16937
16960
16959
16958
16902
16901
16957
16956
16958
16959
06046
19955
19955
17217
17103
10439
17216
17103
01212
02029
17462
02028
17228
01992
01992
01992
01992
01992
01992
01990
01990
10112
10112
01990
01990
01990
05592
17472
06351
17686
17675
17723
17836
17758
17759
17752
17828
18115
17763
17763
17763
17763
17763
17763
17763
17763
17763
17763
17763
17763
17733
17733
17836
17762
18104
08168
08221
00004
04343
03206
21471
21472
06880
18118
18231
06372
18235
18234
19302
06418
19449
02554
21113
07260
19954
03742
16236
08693
03332
01585
12555
06896
18672
18707
18692
18928
18907
03790
03790
01262
06147
06147
07171
01612
18926
18939
03790
03790
18929
22044
19005
01872
03526
19005
18979
14742
03297
03297
03719
19005
11194
19221
00354
00798
19224
06215
07451
19225
01066
19285
19286
02771
01567
01990
01992
01358
09459
04771
19405
19302
19411
19302
03574
19302
18567
06881
20742
19577
00887
22278
19701
19689
07315
01258
17722
21755
00547
00297
19802
19955
20074
20107
20108
20201
20116
20117
20118
11196
20487
20534
20488
20534
18889
18890
21759
22103
01932
20742
20895
21029
14227
21064
08968
00821
21064
00435
07258
21416
21417
21478
21405
21464
21481
21465
21479
21465
21467
21468
22044
21471
21567
21494
21613
21567
21600
01176
01426
21935
21902
11923
21960
18244
22010
00936
21960
21993
21903
03892
22043
00754
01463
22135
22136
22112
22132
22106
01932
22109
22116
22230
07456
22187
03077
22278
22278
22278
02257
02257
13566
19784
13566
18672
22441
22491