03564
00595
03925
00121
07638
06886
03271
09903
09862
09861
02049
02494
09921
09888
03774
01673
09761
03688
03185
02621
00648
00626
02911
03608
02622
03187
09001
00253
00832
03575
03648
01841
03430
03386
00003
01733
00573
00940
01939
00626
00023
01760
01079
00128
01897
00382
00658
00164
01868
00951
01478
00611
00926
05936
05895
06042
01356
01736
01873
00963
01872
01886
05973
00705
07302
02509
00448
03798
08641
03741
01118
01485
00832
00019
01425
01194
01953
00151
00455
01826
00208
05913
00822
00140
00108
00130
01028
00008
00684
07636
03798
01955
03581
03583
01505
01515
01673
01870
01626
00681
01754
01495
00127
00854
01497
00124
02030
03218
02068
07101
07659
01962
02575
07347
00543
00459
02014
01768
02232
09774
01133
06901
09791
07290
06959
07119
02058
03841
00646
02031
07396
03710
01322
00375
02484
09471
03153
09977
10537
01997
03609
03770
05819
06020
00694
02483
00128
08322
00322
00324
01631
02045
07056
02959
06153
03088
00799
00476
01912
01783
01091
00766
01609
01433
00600
00148
00692
01531
01569
01607
00675
00128
01497
00146
03306
02914
08998
03217
04488
07712
00249
02231
02013
07010
09919
01477
01725
00615
01167
00029
00946
01591
00883
00014
01881
00931
00859
01921
01924
01925
01000
01929
00548
01119
00681
01919
01920
01834
00057
01443
00836
01649
00817
00948
00919
00800
00864
00681
00826
00927
00873
01923
00854
01576
00077
00453
01556
07304
00275
00567
00075
01784
00822
03439
01845
05396
01057
00036
00384
01875
00989
00942
01139
00600
00252
00451
01555
07518
01525
01710
00973
01790
00067
00763
00645
00059
03100
00997
01087
00697
00868
01114
00673
00673
05526
00496
01669
00860
01745
01712
01468
05603
01458
01255
01687
00768
01579
01918
01494
01755
01595
01749
01507
00697
01915
01142
01414
00627
00382
01104
01937
01627
01689
01867
01714
01092
00640
00928
00831
01265
00528
00208
01885
01638
01560
01637
01775
00432
01439
00674
01972
01462
00990
01265
00806
00981
00677
00748
01007
00088
01951
01297
01477
01483
01754
01438
00991
01756
00851
01690
00147
01869
00215
01770
00077
00865
01358
01338
01810
01952
00943
05998
02992
02946
01589
02501
00411
03599
01095
03147
03666
03665
04088
00340
02884
03657
03686
02990
02963
02314
00324
00954
03601
01883
03733
03438
00334
02906
05540
02926
02961
02456
04077
02412
01652
01266
02890
02982
02878
03088
02346
00609
02454
02453
02463
02461
04485
03455
01999
01256
00010
10563
02427
07042
09889
04773
06190
09786
04091
07058
10016
10016
09957
10015
10015
10015
10017
10017
10017
09937
09927
09989
09924
08309
02035
09800
02012
10002
10003
09806
02001
01956
03294
01999
07001
01628
00059
00104
03181
00477
07044
02013
07090
01784
01998
02057
02053
07734
06044
07107
00794
03762
01073
01996
00523
00375
00043
05800
00375
07749
07001
02010
00372
05833
03710
07018
00507
10773
04087
02402
02047
03610
02403
07011
02046
05810
00141
07157
02225
02016
06147
02050
00957
01546
00010
05845
05847
05846
02013
00102
02652
02000
03296
02492
02500
02388
06891
05882
02032
07774
02483
07771
08289
18094
02055
02229
02014
06160
02015
02280
01447
09973
09975
02233
10539
10004
09857
10538
00605
01752
01120
01599
01713
00140
00500
01246
01251
00297
00891
01735
01126
00788
00790
00765
00013
00817
01693
01814
01496
01523
00146
01156
01586
01698
00145
00762
00029
00457
01887
00833
00652
01935
01012
01633
00820
01533
01940
00383
00528
00789
01778
00930
00641
01919
01462
00604
01142
01754
01876
00097
01759
00286
05916
01465
00261
09771
09773
08369
10441
01433
05595
02535
03076
03074
01895
00937
00796
01069
01596
00820
01803
00962
01613
00053
00901
00344
01734
00761
01945
00228
00969
00616
00560
00287
00554
00285
00012
00945
00831
00568
01487
01256
00549
00031
00278
00767
01870
03101
01520
00912
00979
00939
00791
01933
00970
00950
00606
01772
00858
00982
01626
01866
01262
00799
00566
00773
02907
03273
09941
05774
02227
01737
01878
02967
09858
09933
04078
02575
03299
08973
03643
03559
03561
06186
03711
05799
03743
02160
03979
02888
02653
03574
06923
03070
03589
03586
00548
03566
07391
04752
03676
03071
03216
02259
09747
01724
03525
00760
09710
09712
02072
09760
08169
03673
03092
09767
04046
01990
01586
08195
00655
07320
02395
01995
01998
01056
02040
01997
03088
02050
02051
02048
02069
07220
00428
01266
00299
03325
03981
01126
01560
07346
10531
07093
02036
01465
00655
05805
05524
03750
03752
03639
06287
02078
03597
03598
03596
02356
03703
02348
00344
07316
02418
02417
02416
06518
02462
02460
02459
02458
02457
02452
02455
02518
03926
04084
07399
07275
03809
06910
02613
02611
02610
02841
03778
08300
06201
01077
01077
05874
00847
07787
07798
06872
03744
07213
07267
00720
06193
07240
07240
02073
07397
01991
07735
06910
03088
00783
06886
02012
07152
03406
00249
03110
02897
06023
03111
02437
01652
04033
09456
04066
02116
03497
00108
01951
03530
03642
03933
00648
00648
02407
02406
02970
06188
02556
03413
05874
03411
03413
03414
02401
02400
04562
02405
01061
02396
02394
02391
02390
02389
02387
02398
02399
07160
01338
04061
02423
02422
02409
02410
02414
00154
02517
06969
06204
05501
08218
00249
01192
03328
09136
03650
04096
06920
01630
05837
05515
03571
03570
03569
00937
05520
01753
06015
08310
02379
04744
07043
07232
06217
02858
01953
00800
02444
07245
01684
03776
03832
07019
02843
03458
00574
06911
06925
04763
08591
03980
07240
06199
01754
07552
00845
03634
01484
03832
04760
03640
03641
03646
03560
03562
07107
07738
08084
02672
02655
01126
07275
04062
02297
02663
01129
07275
03310
03154
03149
04754
02503
03116
03117
03600
06911
03474
07040
01738
01697
01658
02863
02867
04761
03654
03977
03469
06134
03470
06916
01419
03664
03179
03169
02440
02470
02601
03495
03501
03496
08234
10255
03736
02057
02355
02950
02864
03595
02358
02895
03667
02110
03075
00332
03587
05366
07056
03119
07461
09808
02015
03183
07675
02014
08305
03293
02056
02002
02002
01999
00363
00362
02258
02015
02016
06941
02433
02435
03327
00720
04772
00128
04751
08276
07262
03578
07673
02575
07262
04082
04755
02836
03424
02238
04083
07287
03555
00615
00615
01755
03529
06142
02037
03437
03457
02038
02357
07447
02654
09823
05807
03631
02343
02523
03593
07107
00526
00525
01657
02339
02838
03177
03188
02113
03118
03628
02073
03690
07323
00575
02051
02050
01995
01996
01997
09129
07497
02033
03271
01548
06867
07568
02411
02420
02421
02931
02954
02988
01975
00626
06131
02276
02919
03768
00059
05351
03814
04044
02434
02952
02879
00782
00123
00266
01426
02471
01997
01997
07566
02835
02002
03655
04564
02114
02112
00339
00338
02616
03795
00373
00371
00370
04567
07462
03767
04075
00957
07305
07644
03685
03824
03769
05527
03823
03424
01424
00449
03606
03088
02392
02300
00381
00956
00374
02027
02014
07005
00368
00040
07107
00375
05921
01761
02483
03577
00847
07684
03320
07180
06041
02939
09458
02563
01159
10229
09939
00974
03701
05539
03431
03582
00337
02528
03787
10228
02221
02075
07147
02666
02058
07044
03517
03588
08301
01147
06950
03585
00007
08100
03328
02011
01991
07122
01999
01999
07226
03758
03455
02035
05846
04078
03771
06895
03806
07152
03088
02053
02055
05343
04618
07649
02077
03293
05832
01992
02169
02067
07444
01247
08224
07402
06077
03809
02806
02996
08304
03572
03466
06958
03089
04047
05781
05780
06997
01114
07152
03086
07000
02028
03799
03978
02065
02049
01996
01995
09158
06048
03687
04043
10227
02945
03550
07258
03551
07460
05808
07491
07146
09013
02351
06147
06893
01999
01998
07497
08195
02948
03040
02887
02520
02108
02109
11250
03590
09801
11159
08483
10947
03666
07175
03750
03636
03635
03695
01607
03327
03671
06194
02502
03549
03722
03821
00459
03584
01262
02493
07390
05994
08720
03521
03522
01273
02529
07552
03933
03186
03182
06180
03215
02909
03274
03500
02111
01448
00336
00335
00333
00331
00330
07275
06938
03322
02278
02282
08178
01114
01434
06207
03446
02834
02519
02600
09748
06024
07492
07287
01029
00311
03408
05874
03758
01183
00799
04488
09015
07234
05874
04561
07782
05836
01915
00390
07091
04565
01584
02498
00343
00342
00341
01011
00499
03602
00795
01662
09007
01409
07007
09117
02316
03086
03305
15580
15581
15582
15583
10823
06887
11897
11896
11907
11904
03457
03746
16856
00101
04487
07169
02234
02189
02224
05375
00851
07345
07346
02283
02282
02280
02279
02278
02651
03761
07089
03406
08223
03338
03336
03335
03337
11906
00428
11893
11892
11891
11890
08282
11902
11901
11900
07230
01679
03543
03446
07347
07346
03322
01236
08296
02039
03624
08307
00645
04062
00799
06287
02849
03466
05782
03307
04079
01714
07156
06183
03592
03831
06013
06949
02227
02860
03719
03522
03521
02237
05788
03286
07402
03576
02342
03527
03630
02913
03704
03694
02535
07265
01711
07266
03442
04762
03705
03568
02871
03557
06192
03072
02043
06166
06165
06164
06163
06162
00798
03789
03412
01653
03282
03969
03723
04756
03386
02291
03189
00793
02965
03704
02904
01995
01903
01995
01998
03273
07303
00325
02041
02042
00134
03786
08311
00824
03797
00425
00362
03656
00265
03820
07259
02825
06179
03621
02803
02804
01547
00329
00356
07117
07665
07119
08972
02078
01989
06940
03823
07044
03762
06989
05710
07098
07507
06140
02407
03734
08323
00368
01387
04127
03119
06894
00412
00413
03536
01879
00111
01902
01624
02841
07243
03702
07115
07497
03569
07023
01281
02164
07140
04064
01633
03704
06966
02167
03543
00640
07112
07112
02168
02623
00231
08151
05375
04780
00059
07183
02575
03587
07258
03587
03088
03088
07052
05595
07300
07168
00790
08994
03322
03566
06194
10440
07241
02484
01426
14682
02821
00426
00363
03735
03407
10439
01889
03544
02340
03975
02274
01588
01428
01429
02342
02115
01807
02899
02408
05589
02968
06195
02527
03270
06861
13541
03043
03046
02341
06181
02956
03087
07082
06980
02994
06158
02553
07053
09810
01247
02029
02049
07501
07031
02986
06187
03190
02415
03625
02687
07560
07708
03106
02933
02892
02886
03724
02874
06202
02902
02413
02397
03073
02935
02876
02026
02034
00529
00102
01968
10107
09689
09688
09691
02002
05816
03644
09983
02230
07649
02393
05896
04764
02881
09965
02536
01673
07667
00573
03543
08303
06942
02686
03531
09694
05814
09695
05712
10013
10013
02071
07638
05813
05815
06153
03616
00249
06182
06178
03269
02065
02066
03210
07478
02010
00381
07657
01996
02056
06999
02275
01430
02313
02338
06189
05524
01892
03801
06168
02337
03060
03408
02469
00099
02558
07118
02067
02066
09690
10126
03553
00163
02372
03545
10763
03746
07506
07649
11189
01894
11076
11075
01890
00626
00666
04042
04090
12251
12340
10974
02484
01916
11921
11927
03746
00666
00821
01874
11103
11085
11065
11073
11074
11175
11068
00058
08483
11183
02768
00666
00479
05973
02299
00856
02482
11066
03719
11891
11892
11893
00059
11903
01625
11472
11473
11896
09019
03746
03746
03746
12979
00906
12508
00620
07659
01114
02484
00602
12372
18333
13051
13061
13292
12373
00626
11896
02483
11901
11910
11907
11907
11891
11890
11717
11902
11897
03524
11753
04487
11895
02303
11717
01243
11895
01950
02303
11719
11900
11720
12262
03746
11900
11903
11897
11896
11895
11752
00860
13890
13892
13889
13874
01961
01491
13255
13288
12990
13543
13747
01534
13482
12339
12371
12510
12685
13038
12573
13628
07130
12511
13934
13930
13929
13931
13932
13933
14058
07485
13821
03342
07516
01782
12368
12369
06879
00281
10806
05921
10012
13979
13634
13643
01070
03534
10778
13481
14218
07516
13893
13896
13894
13891
13895
03782
14228
14228
03297
14221
14221
14228
14233
14225
14162
13580
08281
13635
13633
03405
07485
03394
13771
01207
13771
00632
13766
00941
14229
14160
14236
08325
14232
14219
14219
14220
14220
14287
00941
14347
14233
14233
14232
14224
14219
14234
15312
01977
01977
01977
01977
14393
14225
14161
14237
14219
14232
14231
14228
14228
13993
02533
01985
01985
01985
14235
14267
01980
01980
01980
14234
14257
14441
14225
14225
14230
02358
00380
15726
01524
14652
15035
14218
14218
14218
14218
14230
14226
14229
16238
14237
14227
14227
14227
14227
14237
14234
14222
14222
14219
06133
14223
14230
14230
14228
14218
14170
00800
02074
14742
06016
14645
02424
10009
00331
01969
18095
13409
13408
15011
13408
13409
11905
18129
15012
14761
15034
15313
18100
11741
15727
15554
15634
15555
15553
15738
02428
15539
08261
15725
15724
01692
15355
01692
15337
15669
04093
16011
03286
12340
15461
16011
15778
15268
18336
15866
15977
15977
07497
07497
07497
07497
07497
07497
07497
07497
07497
07497
07497
07497
07497
07497
07497
07497
07497
07497
07497
07497
07497
07497
07497
07497
07497
07497
07497
07497
07497
07497
07497
07497
07497
07497
07497
07497
07497
07497
07497
07497
07497
07497
07497
07497
07497
07497
07497
07497
07497
07497
07497
07497
07497
07497
07497
07497
07497
07497
07497
07497
07497
07497
07497
07497
07497
07497
07497
07497
07497
07497
07497
07497
07497
07497
07497
07497
07497
07497
07497
07497
07497
07497
07497
07497
07497
07497
07497
07497
07497
07497
07497
07497
07497
07497
07497
07497
07497
07497
07497
07497
07497
07497
07497
07497
07497
07497
07497
07497
07497
07497
07497
07497
07497
07497
07497
07497
07497
07497
07497
07497
07497
07497
07497
07497
07497
07497
07497
07497
07497
07497
07497
03543
07485
07485
07485
07485
10009
16092
16147
16137
10716
02424
10014
16066
16074
01801
16203
00209
12990
16345
01992
07394
11734
11735
16171
16263
19416
11959
11960
12368
05825
11961
11962
11963
02029
02226
11991
10441
17315
17317
17316
11209
08738
08738
11209
17713
17247
10440
10439
10112
17103
01990
10112
10111
16165
17836
17735
00254
17733
17736
18139
17947
00249
11896
18101
21449
01652
00874
18118
21678
18335
21345
21344
07046
18383
18369
18307
18306
00060
00019
05783
01574
03406
02052
03637
19670
11749
07277
05366
10804
02003
00285
07497
06995
01676
03594
01776
02192
03832
03561
03559
05879
05878
00065
17205
17206
17207
01808
00138
11904
21757
18480
11891
11892
11906
16234
11904
11902
03332
18676
18139
18138
18778
18850
18928
14233
07278
19055
18101
18100
07050
07050
03526
00820
18979
11904
07687
19221
10439
07485
07485
07485
22468
07485
19265
01066
01785
04771
19337
04771
11209
21308
19577
19577
00799
00992
19666
07666
19743
20250
06131
08744
15777
08992
19804
19813
21636
14731
09796
20034
20273
20274
20332
14393
01895
20455
20429
16087
10253
01845
08995
08678
00612
01613
00240
00020
06133
00382
09699
00167
00166
03333
00525
07028
13993
00666
03556
00344
03119
07002
05366
03825
02480
01046
02004
02003
07003
04754
01607
10038
10037
10036
06045
03410
03221
03230
03225
20542
20543
07497
09788
07497
07497
18199
18292
18374
18373
02433
01426
18816
07497
07497
07497
07497
07497
07497
07497
07497
07497
07497
07497
07497
07497
07497
07497
07497
07497
07497
07497
07497
07497
07497
07497
07497
07497
07497
07497
07497
07497
07497
07497
07497
07485
07485
18900
18928
11103
06966
02053
02055
02052
02053
07225
02016
02015
02013
05366
05596
01620
00425
00426
00801
17686
07507
05875
01659
03417
02688
05874
01259
01434
07160
01961
01941
01740
00355
11904
11902
11895
11896
11897
11898
11901
11900
11903
11906
11893
11892
00344
01953
00285
10001
05591
01644
01720
05786
01512
00091
03527
19784
03088
00537
03496
03497
00639
09958
07246
16135
00799
07001
19302
09930
06895
05596
01420
01053
01053
00640
01495
00481
01031
01032
01857
01055
01607
08195
07240
08995
03088
03701
03761
10126
01114
16692
05999
05784
05550
05549
00219
02297
02298
02299
02300
03464
03381
01856
16319
16320
18248
18249
02503
03316
01652
13487
13488
13486
13489
13490
13491
01560
07052
01867
06147
07223
07397
02014
07004
03606
00788
01821
02019
02017
02018
02020
02204
01241
06966
02335
03885
01061
00033
12262
02014
00375
02052
02055
02054
07326
15125
01681
01720
01644
00024
03710
00241
00242
00239
00240
09159
01647
00163
01703
01704
00052
00133
06173
01817
01696
00571
01695
01963
11754
03749
03558
00764
10764
01711
00963
07058
06987
02030
02030
00124
00127
02380
01042
03833
08195
06900
07152
02482
18290
18288
00156
00836
03228
03224
03223
18373
03229
03230
03225
03226
03227
18379
07657
02669
03219
12255
07154
15773
00694
03119
15551
10831
15552
19731
09990
03306
08677
00101
03761
13285
13286
03746
13287
13741
13790
06911
02073
06987
10013
03762
09017
02624
03776
00135
00823
00375
01458
01008
18901
18902
18903
03309
07088
01586
00053
00137
02073
02071
02072
18929
00782
03303
15977
08166
12658
00457
03786
00014
08194
03430
11081
11084
11083
11082
20541
22131
20866
01214
20938
20940
21105
21061
21062
21053
00840
21023
08968
13609
13877
21801
13877
21029
13993
09983
21307
21309
03651
21449
21420
01451
01451
10026
21563
21645
21757
21802
21825
21826
21826
21833
21832
21948
21929
22003
22025
22130
22132
08319
00090
22067
22185
22292
02257
00611
11206
22488
00424
22505
22512
22506
22507
22508
22509
22510
22511