03564
00595
09973
09767
03925
00121
07638
06886
03271
02049
09888
02204
00355
03774
01673
03688
03185
02621
00648
00626
02911
03608
02622
03187
03575
03648
01515
01955
10773
00549
01256
01487
01426
00568
00831
00945
00012
00554
00287
00560
00616
00969
00228
01945
00761
01734
00344
01426
00901
00053
01613
00962
01803
00820
01596
01069
00796
00937
01895
00705
05973
01886
01872
00963
01873
01736
00684
01356
06042
05895
05936
00926
00611
01478
00666
00951
01868
08261
00854
01576
00077
00453
01556
07304
00574
00275
00567
00075
02030
03218
02068
03821
07101
03671
03695
03636
03424
03823
07659
03386
01962
02575
02575
02498
07347
00543
07091
00459
05874
07234
03529
01999
03639
03750
02014
03776
01768
07245
01753
05837
18928
02232
01133
00325
06901
00459
07290
03722
06959
03549
03327
07119
03723
02058
02031
03823
07396
03710
01322
03761
03225
06911
02073
00375
02484
09471
03153
09977
10537
00970
00950
00606
01772
00858
00982
01626
00383
01918
01579
00768
01687
01255
01940
01533
01462
00604
00937
01142
01754
01876
00097
01759
00800
00864
00681
01866
01262
00799
00566
00773
00286
05916
01465
00261
01756
00851
01690
00147
01869
00215
01477
00146
00626
01523
01496
01814
01693
00817
00013
00765
00790
00788
01975
01126
01735
00891
00681
01919
01920
01834
00057
01443
00836
01649
00817
00948
00919
01433
01951
01724
00500
00140
00666
01713
01599
01752
00605
01246
01251
00297
01119
00548
00548
01928
01929
01000
01925
01924
01921
00859
00931
01881
00760
00014
00883
01631
01591
00946
00820
01633
01012
01935
00652
00833
00626
01887
01919
01247
01919
01841
03430
03386
01895
01776
01032
01997
04062
06910
06199
02902
09858
03808
07397
02494
09862
02879
02055
00694
03306
03609
00065
01620
01659
03417
01259
01953
01512
03527
00382
00344
03119
01426
01046
01607
06045
00826
00927
01241
00795
01662
01409
00101
00033
01720
00873
01923
02003
07052
02970
03305
03710
03606
00242
03770
03762
02624
03309
07088
01586
00053
06020
02493
07390
05878
00525
01079
01760
00023
00626
01939
00940
00573
01733
00003
00943
00626
01952
01810
01338
01358
00865
00077
01770
00991
01438
01754
01483
01477
01297
01951
00088
01007
00748
00677
00981
00806
01265
00990
01462
01972
00674
01439
00432
01775
01637
01560
01885
00528
02492
01265
00831
00928
00640
01092
01714
01867
01689
01627
01937
01104
00382
00627
01414
01142
01915
00697
01507
00059
01749
01595
00164
00658
00382
01897
00128
01755
01494
00694
02483
00128
08323
08322
00425
03797
00824
00322
00324
02041
02042
00134
02160
08311
07259
03778
01028
02045
03545
02372
00957
07056
06023
00362
07302
07303
03741
06989
00128
01426
01761
00675
01607
01569
01531
01497
00854
01495
00681
01626
01870
01505
00130
00108
00140
00822
00666
01826
00455
00151
01953
01194
01281
01425
00253
01916
01495
00832
01485
00476
01912
01783
01091
00766
01609
01433
00600
00148
00692
02959
09903
03183
00426
00363
03786
01754
02655
01120
07397
03227
03119
03221
00782
06153
07230
03088
00799
00299
03306
02914
08998
03217
04488
07262
07712
00249
00128
02231
02013
07010
09919
02112
02114
05784
03602
00240
05998
02412
02992
02946
01589
02501
00411
03599
01095
01167
00797
00615
01725
03594
03977
11900
03147
03666
03665
04088
00340
02884
03657
03686
02990
02963
02314
00324
00954
03601
01883
03733
03438
00334
02906
05540
03100
00059
00645
00763
00067
01790
00973
01710
01525
01465
01555
00451
00600
01139
00942
00989
01875
00384
00036
01057
05396
01845
01754
03439
06153
00822
01784
03527
00278
00767
01870
03101
01520
00077
00912
00979
00939
00791
01933
02926
02961
02456
04077
01652
01266
02890
02982
03088
02346
00609
02454
02453
02463
02461
04485
03285
03455
01999
01256
02414
07001
01053
01055
03701
06194
00375
02052
03086
03223
03226
00010
10563
02427
03798
07636
00091
00020
02480
04763
10038
10037
10036
06181
07042
04773
06190
04091
07058
01647
00052
00133
01817
00764
01711
00963
01042
00156
00135
01008
00645
00457
00832
00019
00146
01497
09699
09990
10016
10016
10015
10015
10015
10017
10017
10017
07223
07004
02019
02020
09989
09924
10004
08309
01458
07243
02035
00231
02012
10002
10003
01266
02001
04754
08195
08995
03317
02005
03406
03525
01956
00639
00060
00019
01574
01495
00481
01857
01607
01114
00799
01619
00758
01489
00925
00860
00023
05783
03381
01856
01560
01867
01821
03294
01999
01685
05819
01387
04127
00428
07001
03119
01714
01628
07262
03466
00059
00799
00104
03299
01755
02393
00477
07044
02013
07090
00655
01784
06894
02057
02053
07734
08307
06044
01236
07107
03335
03336
11082
03833
00794
06518
02049
03762
02164
00241
01073
01996
00523
00375
00043
03286
02072
06183
05800
01998
00375
07749
07001
05524
09800
05836
01684
08973
03559
02010
01447
03981
01273
03559
02013
01740
01644
00372
05833
03710
03216
04752
07018
07402
00507
02650
02444
07043
00208
02402
02283
02047
03610
02403
07011
02046
02278
05810
03088
00141
06966
07576
07044
00219
02014
02613
00625
01652
06147
00788
02017
02018
01061
00499
09007
03111
07157
07391
03566
05366
03410
01644
07152
03430
05782
02849
03424
02836
07673
04751
01584
04565
02016
06147
03979
03574
02355
03704
02050
00957
01546
00010
02519
05874
05845
05847
05846
02013
07346
11081
11084
06162
00102
06186
02652
02000
00425
00615
03296
03555
02500
02388
06891
07657
00375
05882
07044
02032
07168
07258
07774
02483
07771
07023
08289
18094
04096
02055
09136
08218
02224
02014
06160
02015
02280
08178
02280
10804
01447
09975
00673
01114
00868
00697
01087
01207
00997
02233
02841
00390
01458
05603
01468
01712
01745
10539
00860
01669
00496
05526
01484
00673
10538
02238
03624
03464
08369
10441
05595
02535
04066
03076
03074
02907
02876
03273
00101
03230
06987
03776
02229
09941
02227
01031
01737
01878
02967
02916
06900
03702
08194
09889
09747
03704
09774
09710
09861
02039
09748
01126
08169
00428
07326
09958
03673
03092
04046
03110
01990
01586
06164
03568
03705
07265
01647
08195
01029
04756
05366
07320
00381
02300
06179
08300
00127
00124
03820
01879
02395
00265
01652
03735
03407
01995
01998
01056
08641
00448
00645
02040
07346
01997
03408
02234
03088
07497
07345
02279
02278
02050
02051
02048
07089
06938
07275
02069
09937
07220
03969
04083
03711
00252
03181
04082
07346
10531
07093
02036
08296
08591
03316
00344
00127
02610
03557
04078
00655
09930
02073
07152
03071
02871
06996
06166
06165
06163
03643
03561
05799
06923
03589
03442
01991
09005
03458
06911
07275
07735
08276
03088
06287
00783
06886
02012
13489
09921
09760
02888
03586
04062
02834
05375
02651
01607
05527
03282
05524
02913
03832
06204
02422
02423
04061
02398
06193
03926
03154
06925
09786
01420
00640
06911
03474
03598
03597
07040
03088
03761
02116
02004
01420
01658
10126
02863
02867
04761
00604
06223
01452
01738
01697
03654
06134
03470
06916
01419
03664
03179
03169
02482
02440
06173
02470
03495
03501
03496
10255
03736
02057
02355
02950
06187
02864
03595
02358
02895
03667
06887
00163
03749
02110
03075
00332
03587
05366
03703
07056
03831
03119
07461
09808
03578
02015
04561
00845
02821
07240
01077
04744
09857
02014
07675
02014
02279
08305
02623
07140
09927
03569
03293
02056
06995
02002
02002
01999
03327
03322
03446
09933
03750
00648
00648
00363
00362
02258
02503
02054
08282
03457
00836
03228
03229
03230
03225
07518
02016
02282
01114
02282
06941
07175
00285
03457
02433
02435
02669
03219
07287
09015
03327
00720
01915
08234
04772
02037
02038
02357
07447
02654
09823
05807
03631
07560
10253
03593
07107
03531
00526
00525
01657
02339
02838
03177
09117
03188
02113
03118
03628
03522
03521
02073
03576
03630
07232
03690
03569
03570
06920
05501
02410
01338
07160
02399
02387
02389
02391
07240
00575
03117
03600
02051
02050
01995
01998
03497
01996
01997
03642
03411
02416
02462
02459
02457
09129
07497
03088
05595
08994
02033
03566
06194
03271
07240
07213
03744
06872
06201
06910
03809
07275
02601
01548
06867
01703
07568
02825
08301
01673
00337
03583
03582
02411
02420
02421
02931
02954
02988
02663
07275
04754
07323
07305
07638
06131
02276
02919
03768
00163
02297
07644
05351
01118
00240
09761
03814
04044
02434
02952
06287
00782
05805
02860
00123
00266
07102
03571
00249
02390
02471
03149
01997
09456
01997
00108
07566
02835
01808
01126
01560
02002
03521
02053
02016
05596
01941
05786
07002
06895
05596
03655
04564
02114
02112
00339
00338
02556
03933
02616
02417
03795
03685
02109
00449
07115
03762
00646
08310
06015
05520
01630
03606
02517
06188
02392
02027
03587
04780
08151
02014
07052
07300
07098
02168
07005
00368
00040
00368
01262
07107
08720
07552
00375
06966
02055
02688
05874
01434
07160
00612
02803
02804
05921
02111
03798
02509
02483
06147
07028
03556
07003
03710
02843
03577
00847
00413
07684
03320
07180
06041
02939
09458
03224
02563
00059
01159
10764
10229
09939
00974
03701
02528
03787
10228
02221
02075
07147
02666
02058
07044
07183
00059
03088
05710
03517
03588
07507
09001
02575
01147
06950
02653
03070
07266
01711
02535
03694
07019
03585
00007
03980
08100
03328
07154
03522
02011
02053
02396
00720
07798
07787
01991
02394
07267
01077
07122
01999
01999
07226
02460
03758
03455
02575
00790
03322
02035
00311
05846
03758
04078
03771
06895
03806
07152
03596
03088
02078
03592
06013
06966
03933
07225
01845
01613
02004
02055
05343
04618
03337
07649
03338
08223
01434
07492
05874
03746
03746
03746
03746
03746
02077
03406
07007
03293
05832
01992
00249
03406
02259
02169
02067
07444
06192
03072
01247
08224
02409
07402
06077
03809
02806
02996
08304
03572
03466
06958
03089
03676
04047
02043
05781
05780
06997
00798
02407
01114
03734
07152
00800
01953
03086
03328
03743
07000
04762
02028
03640
03560
03562
07107
07399
01192
06969
03799
00847
03978
04084
02065
07316
02116
01996
01995
09158
06048
01061
03414
03413
05874
03413
03687
04043
10227
02945
03550
07258
03551
07460
05808
01129
07491
03310
07156
04750
07485
07146
09013
02351
02348
02356
03752
06949
02227
03719
02237
05788
02858
06217
06147
02379
05515
03650
06893
04033
01999
01998
02400
02407
07497
07240
07552
03641
03646
08195
02948
03040
09791
02887
02520
02072
02071
02073
11074
02108
02109
11073
11250
03590
09801
02316
11159
07782
04488
00799
08483
10947
03666
03584
01679
03274
03841
03500
01902
00111
03182
03186
03581
03431
00008
06180
03215
01695
01704
05539
02909
02111
02523
01624
02841
00336
00335
00333
00331
00330
00343
03536
00412
03656
07112
07112
00640
02167
01633
00342
00341
05913
09159
03558
02030
02030
02380
08195
03789
10806
01653
03189
00793
02965
03704
02904
01995
01903
03303
09771
01995
01998
03621
04075
03767
07462
04567
00370
00371
00373
00374
00956
00166
00537
03821
02108
02110
05550
05549
02298
00154
00329
00356
01547
02518
02503
03116
02437
07117
03530
02405
07665
03587
07119
08972
02970
02078
02458
02452
05375
06140
03307
04079
04064
02192
02611
02897
01989
06940
03634
03832
04760
07738
02672
02299
02300
03885
01681
00124
06966
10440
06024
07287
07241
02484
14682
10439
01889
03544
02340
03975
02274
01588
01428
01429
03046
02115
03786
02342
02115
02335
01807
02899
02408
05589
02968
06195
01963
02527
08084
03270
06861
13541
01696
03043
02341
02956
09773
06194
03635
02275
01424
03769
03824
02003
07082
06980
06142
00615
02994
02291
03437
06158
02553
07053
09810
04755
01247
02029
02049
03761
02502
07501
03087
07031
02986
03190
02415
03625
00851
03325
03543
02687
00799
03106
02933
00285
02892
02886
03724
02874
06202
02413
02397
03073
02935
02878
04562
02401
02406
02418
02455
02025
02026
02034
00529
00102
01968
05994
10107
09689
09688
09691
02002
02529
03832
03561
02053
02052
05816
03644
05774
09983
07507
05875
03406
03446
02230
00344
05591
03825
07649
05896
00285
04764
02881
09965
02536
01673
07667
00573
03543
02010
08303
06942
02686
09694
05814
09695
05712
10013
10013
02071
02600
00426
05813
05815
00014
03616
00249
09806
06182
06178
03269
00528
00789
01778
00930
00641
01586
01698
00145
00762
00029
00457
02297
02065
02066
03210
07478
00381
07657
01996
02056
06207
01183
02275
01430
02313
02338
06189
02343
07277
01892
07708
03469
06168
02337
03060
03408
01676
01156
02469
00099
02558
07118
02067
02066
03801
09690
10126
03553
03565
09017
10763
13790
11076
00167
03746
03746
07506
07649
11189
01894
01890
03273
03543
00031
04090
12251
12340
10974
11892
11749
11900
02484
11902
11927
03746
11075
00029
00821
01874
11103
00239
11085
11065
11175
11066
03497
11068
00058
02487
08483
11183
02768
11083
02358
05973
00479
02299
00856
03719
11892
11890
11891
11892
11893
11896
11897
11903
01625
11472
11473
11896
11896
09019
04487
12979
00906
12508
00620
13488
07659
01114
03496
04042
02484
01720
00602
00823
12372
18333
00666
13051
13061
13292
03333
12373
11897
02483
11754
11901
11910
11890
11893
11907
11907
11891
03496
11717
11891
11901
11902
11897
11898
03524
11906
11753
11903
11906
11907
04487
11895
02303
11895
11717
11893
01243
11895
01950
02303
11719
11900
07169
11720
12262
12262
11900
11903
11897
11896
11895
11752
00860
13890
13892
13889
13874
01961
13741
01491
13255
13288
13286
13287
12990
13926
07246
13543
13747
01534
13482
10778
12339
12371
12658
12510
12685
13285
12511
13038
12573
13628
07130
00801
12511
13934
13930
13929
13931
13932
13933
14058
13953
07485
13821
03342
07516
01782
00208
12368
12369
06879
07687
00281
13490
05921
10012
13979
02015
13634
13643
01070
03534
10778
00024
13481
14218
07516
01961
13893
13896
13894
13486
13487
13891
13895
13953
03782
14228
14228
00800
03297
14238
02015
01977
01977
01977
01977
14221
14221
01983
14393
14228
14233
14225
14162
13580
08281
13635
13633
13491
03405
03394
13771
13771
00632
13766
00941
14160
14236
08325
14232
14219
14219
14220
14220
14287
00941
14347
14233
14233
14232
14219
14234
15312
14229
14393
14225
14161
14237
14219
14232
14231
14233
14230
14224
14228
14228
13993
02533
01985
01985
01985
14235
14267
01980
01980
01980
14234
14257
14441
14225
00380
15726
01524
17207
17206
14652
15125
08677
14218
14218
14218
14218
14230
01011
14226
01978
14229
16238
14237
14227
14227
14227
14227
14237
14234
14222
14222
14219
06133
14223
14230
14230
14228
14218
14170
02074
14742
06016
06133
14645
02424
10009
00331
01969
18095
13409
13408
15011
13408
13409
03086
11905
18129
10823
15012
14761
11902
15034
16320
15313
18100
15580
15581
11741
15727
15554
15634
03637
15773
10831
15555
15551
15553
15738
15552
02428
15539
15582
15725
15724
01692
15355
01692
06987
15337
15669
04093
16011
03286
12340
15461
15583
16011
15778
15268
18336
15866
15977
15977
15977
16135
10009
16092
16147
16137
07497
07497
07497
07497
07497
07497
07497
07497
07497
07497
07497
07497
07497
07497
07497
07497
07497
07497
07497
07497
07497
07497
07497
07497
07497
07497
07497
07497
07497
07497
07497
07497
07497
07497
07497
07497
07497
07497
07497
07497
07497
07497
07497
07497
07497
07497
07497
07497
07497
07497
07497
07497
07497
07497
07497
07497
07497
07497
07497
07497
07497
07497
07497
07497
07497
07497
07497
07497
07497
07497
07497
07497
07497
07497
07497
07497
07497
07497
07497
07497
07497
07497
07497
07497
07497
07497
07497
07497
07497
07497
07497
07497
07497
07497
07497
07497
07497
07497
07497
07497
07497
07497
07497
07497
07497
07497
07497
07497
07497
07497
07497
07497
07497
07497
07497
07497
07497
07497
07497
07497
07497
07497
07497
07497
07497
07497
07497
07497
07497
07497
07497
07497
07497
07497
07497
07497
07485
07485
07485
07485
07485
07497
07497
07497
07497
07497
07497
07497
08234
02055
12251
03543
10716
02424
16087
10014
10013
16066
16074
01801
16203
00209
12990
16345
11733
01992
16370
07394
11734
11735
16171
16263
16319
18249
11959
11960
16692
12368
05825
11961
11962
11963
18816
02029
00137
10001
16856
02003
02226
11991
19416
10441
17315
17317
17316
11209
08738
08738
11209
17713
17247
10440
10439
10112
17205
17103
02028
02029
01990
10112
10111
16165
17836
17735
00254
17733
17736
18139
17947
18101
21449
01652
00874
18199
18248
18118
18288
18292
18335
00249
21345
21344
18290
18379
07046
18383
18373
18374
18369
18307
18306
02052
11103
00138
12255
11904
11904
11904
11904
21757
18480
11901
11891
11892
11906
16234
11904
11902
03332
18676
18139
18138
18778
18850
18928
18902
18900
07278
18929
18901
18903
19055
05999
08995
07485
07050
07050
03526
00820
18979
11904
13993
18101
18100
19221
00571
08678
10439
07485
07485
07485
07485
22468
07485
19265
01066
01785
04771
01992
19337
04771
19302
11209
21308
19577
19577
00799
19670
00992
19666
07666
19743
19731
20250
06131
19784
06132
08744
15777
19804
19813
21636
14731
09796
20034
20273
20274
20332
20455
20429
15035
20542
20543
09788
20541
22131
20866
01214
20938
20940
21105
21061
21062
21053
00840
21023
08968
13609
13877
21801
13877
21029
13993
09983
21307
21309
03651
21449
21420
01451
01451
21699
10026
21563
10914
21645
21757
21802
21825
21826
21826
21833
21834
21832
21948
21929
22003
22025
22130
22132
08319
00090
22067
22185
22292
02257
00611
11206
22488
00424
22505
22512
22504
22506
22507
22508
22509
22510
22511