03327
03455
03457
03832
09160
02914
03217
00930
00674
01439
00604
01462
00799
01734
00845
00215
01989
03636
03637
03602
05847
02114
02112
02115
02111
02113
00616
01869
03086
02316
01956
01955
00384
00948
02897
00759
02002
02001
02000
00566
01637
00076
00135
03089
03088
01520
01939
00058
00831
00788
02356
01092
02557
02909
00615
00001
02002
02001
02000
03686
01968
01969
00253
01907
00800
00945
02945
01915
01091
01807
00383
00901
01885
02066
02065
02067
00796
01633
00950
00525
00769
01754
01271
01784
01868
01286
01495
01496
00252
00773
01802
01802
02469
02043
03111
01338
01358
02837
03183
00761
02032
02031
02033
02035
00074
02033
02031
02035
01845
01628
02421
02400
02420
02389
02397
02396
02390
02557
02409
02406
02510
02509
00151
01826
02027
02026
02025
02051
02049
02050
03575
03284
03215
00598
00134
00927
01908
03601
03455
01494
06442
01993
01430
01429
01428
03187
03188
03189
03190
02008
00053
01144
00791
01079
00287
00560
02687
01262
01972
02535
01921
00075
01924
02563
01925
01000
01928
00065
05845
03303
03536
02340
03684
02343
00979
02297
02298
02299
02300
01759
01835
01940
01724
01104
01975
02003
01681
02193
02194
02195
02199
01687
01638
03313
00382
00627
00162
00161
01689
01937
03075
01803
00766
01609
01356
01885
00748
00677
02372
02536
00981
00806
02838
02357
02967
01286
01752
01965
01776
01077
01872
02948
02879
03040
02952
00939
03076
02876
02907
02988
02881
02933
02994
02954
02931
02895
02874
02961
02904
02878
02982
02890
02965
02886
02892
02926
02906
02946
02358
02355
02992
02950
03046
03043
02935
02864
02863
02867
02601
03073
02358
03218
00640
01759
01921
00003
01265
02229
01999
02227
02225
02224
02188
02230
02234
02231
02232
00020
02047
02046
02048
02431
02056
02057
02058
02015
02016
05846
01952
03453
00285
00822
01468
01745
01479
01712
00824
01631
00883
00035
01995
01996
01997
01998
02970
00325
00324
01470
00799
02034
02033
02035
00128
01588
01589
02919
00873
02064
02063
02062
03089
00626
02911
00795
00019
01999
01999
01998
01997
02048
02046
02047
02045
00763
00847
02335
02470
01867
00990
03101
03092
02806
00989
00381
00390
00567
00548
00957
02444
00111
00788
03149
03154
03153
00262
00303
00304
00302
00305
02027
02025
02026
02518
00013
00790
06204
06206
06188
03190
01430
01429
01428
03187
03188
03189
01464
01810
01091
02030
01259
00643
01918
00606
00528
01487
02116
02108
02110
02109
02109
00919
02523
01878
01879
00249
01945
03179
00275
00208
01736
01613
00764
02314
00574
02939
02963
02990
00645
00059
02078
00942
02275
02274
02258
02276
01006
01483
01711
01840
00971
01805
00854
00130
00108
02167
01354
02433
02200
02197
02198
02200
00982
01256
00311
01241
00817
01714
03060
01139
00762
00997
03100
01465
01883
02528
00097
01255
00940
01933
00939
01760
00480
00937
01876
02621
01698
00600
00793
00648
02259
00145
01480
02996
02871
01881
02986
01952
01923
01756
01783
02517
00001
01785
00874
02233
00768
01142
01129
01887
03116
03118
03117
01875
00573
03210
02434
00684
02160
01448
01866
00858
00573
01873
00020
02029
02029
02030
01676
00943
02341
01091
00867
01610
02793
01251
01963
01695
01696
01817
02520
02916
02887
01889
01591
01920
02040
02037
02038
02036
02039
00789
02600
02834
02956
00962
00208
01716
01255
01711
01790
00978
03688
03185
03980
06207
03474
00864
00626
00058
01462
01993
02050
02049
00651
00648
00833
01935
00652
01012
00166
00167
00382
00012
02057
02057
02056
00344
01004
00820
02622
02433
02435
00609
01465
03168
02913
02346
01161
02342
00632
01032
01031
02624
00481
02623
01055
01607
00449
00448
01857
01995
01486
00128
02016
02015
02015
02013
02427
02011
02012
00010
02010
02011
02012
02437
00605
01915
02484
03499
03500
00057
03320
01581
00033
02052
02053
02054
02055
02401
02417
02416
02556
02391
02412
02387
02388
02027
02025
02026
02013
02015
01919
01915
00036
01057
00286
02034
02033
02035
01673
01708
01812
01686
01154
01153
00819
01624
01284
01704
00133
00052
01750
01476
01433
01443
00101
01775
01480
01744
01424
01424
00074
01737
01755
01586
00760
00817
01507
01442
02339
01929
02968
00852
01239
02057
02056
02362
00216
02361
02364
00059
00963
01772
00627
01531
01048
01620
00265
00266
03196
03195
03204
03203
03202
03201
03200
03199
03198
03197
03194
00808
02619
02020
02018
02017
03495
00655
01142
02902
01735
00891
01962
01286
00059
03216
03310
03501
02529
01599
00014
00859
02342
03071
01693
02501
01814
02500
01523
02408
02392
02386
02394
02393
02415
02419
00104
01246
01892
00765
01679
01870
02527
00912
00074
00380
00039
00875
00376
02051
02050
02049
03186
02575
02529
00525
00526
02055
02052
02054
02053
01425
01840
00088
01951
00925
01996
01714
02034
02035
01733
06902
01419
02313
02338
03496
03497
03534
03639
01895
02959
03106
01673
00868
00140
00147
00931
02899
02888
02493
02835
00928
00568
01719
01409
03185
01703
02884
00554
02860
00382
00658
00164
01902
01903
01778
03110
01069
03070
02029
01710
01647
03667
03282
03590
03424
01653
03801
01627
03529
03609
01649
01649
02377
06187
03610
00368
03703
03750
06195
04744
04066
03549
03760
03589
03664
03629
03438
03437
00102
04087
04088
03666
03650
03562
01662
03977
01740
01738
03588
03695
04077
03621
03550
01652
01652
03665
03521
03522
03596
03469
03470
03498
03702
03701
03531
01738
03770
03745
03635
06191
03676
03466
04080
03577
03585
03799
06199
01626
03687
03631
03641
03608
06196
03705
03630
00537
03568
03707
04763
03823
04043
01749
03574
03787
03831
04078
03336
03786
03587
03592
03558
03564
03551
03523
03798
00340
00341
03790
03789
03625
03647
03924
03642
00342
02337
03544
03655
03545
03628
03809
03743
03657
03724
03644
03523
03771
03595
03978
03685
06213
02503
03734
03814
03593
03594
03671
03555
03694
03561
03624
03553
03744
03753
06190
03572
03761
01159
03723
03824
00425
00338
04773
03182
03820
03823
00334
00240
05936
04751
00411
00404
00405
00407
00406
01420
04764
00241
04047
03841
02034
07273
07273
04761
01644
06147
06147
06147
03781
06446
06217
06923
03797
03919
00330
03719
00339
00426
06131
01056
02363
04042
04046
00332
00333
00336
00337
06199
04753
03818
00412
00413
01996
00343
00242
00239
01999
01996
01998
01997
01996
01999
03704
01997
01999
10565
04094
04565
03733
06601
04092
03439
01252
01991
02010
01995
02032
04756
01665
02006
01995
01996
01998
01997
01999
03734
05539
04096
03584
00331
00335
04518
04485
03335
00329
00356
01997
01999
04564
04566
02426
05366
05805
01998
01995
01997
01999
01999
04747
03704
04487
02034
02033
02529
01991
05782
02057
02016
02030
02030
07712
02291
05524
05564
02014
02058
03530
09811
05562
02028
05559
05561
02055
02052
02053
02007
02004
05807
05810
05838
03710
05560
03527
09456
02305
04561
02448
04748
02164
06162
09013
01995
03710
02519
05788
02013
02030
02035
02035
02031
02032
06167
05786
05799
05800
03281
03710
05836
06075
01999
02051
06140
06158
06153
06168
01207
04755
06518
05595
02348
05846
03684
05832
05833
01271
02483
14981
02483
02471
06952
00799
00954
05896
06024
00001
06179
00228
06180
03427
07018
02071
06985
07090
06287
06918
02072
05592
02204
07107
06861
07657
06980
06966
06959
07218
07460
07090
07213
06969
07115
06904
07638
07090
07113
00297
06942
06915
06915
07277
06987
03449
07157
07082
06966
04719
02073
03386
07232
07234
06878
06890
07112
06975
07335
07684
07270
07112
07230
07104
07708
07126
07126
07507
07275
07146
09826
06941
07152
07304
07447
07340
07080
07091
06872
07110
06999
07027
06889
07126
07127
07243
06911
07054
07056
06920
07278
06886
03769
06895
07001
07043
03322
07461
07716
07007
07261
07042
03296
07058
07305
07007
07077
07078
06938
06602
07782
06996
07025
06997
07010
07001
07002
07025
07147
06998
07344
11719
06996
06901
07002
07258
07039
07391
06888
07341
07043
07401
07402
07393
09862
03585
09969
09922
07390
03431
09903
07462
09017
02073
10773
01092
06953
08484
06287
09014
09780
08990
09005
10543
09803
08998
09778
09774
09791
00373
08303
03711
09137
09710
00370
00374
07566
05801
08978
03446
01273
01247
08591
00794
00794
09748
08973
02221
10563
09781
09769
09812
09956
09799
09987
09986
09991
09949
09924
09928
09988
09972
09959
08988
09800
09807
04762
09117
11381
00371
05527
07090
05366
08369
09768
06891
09001
09458
09823
07484
07483
01266
09699
00783
09973
10026
09747
09975
09761
10545
10546
09773
09760
10547
10548
08311
10544
01447
09790
00324
09914
09937
09471
04075
03642
09472
08738
09709
01560
01560
08602
09458
03177
09919
09706
09971
09970
01952
07473
07478
09795
09808
08169
07742
07735
07738
08196
09969
09159
14980
09810
07736
08717
04083
06916
07568
08304
07552
08223
09125
13786
07722
10238
01761
01426
00059
01845
00059
01266
00059
01426
09458
02502
03640
10439
06446
10441
10440
10805
02533
10764
10236
10237
11073
11189
00970
03719
10806
01961
06147
13541
05934
06042
09691
09816
05815
09815
05816
05774
09985
05895
00285
13747
00647
05814
09794
05813
09817
09690
08738
11076
00564
03466
01874
11074
03543
01847
00812
11357
11443
12340
09386
03560
08300
11749
12262
11075
11078
11079
01894
00029
00821
01890
02342
07636
11068
11175
03088
02488
00479
11473
00031
11472
03426
11752
11754
02498
00602
02510
00655
05520
12573
12370
03979
12989
13292
06203
07552
09883
12257
12257
00281
13010
04761
06193
01469
01011
00626
07659
01916
03524
03643
02302
00595
21909
06199
11717
11753
01243
02303
09015
01895
11940
11720
13588
13893
07733
13584
12972
13926
13583
01534
17103
13482
10778
08309
14058
13503
13953
13821
01782
00620
12369
09457
13895
01491
00969
12372
12995
12371
12506
03752
07289
01687
12658
09882
13038
13888
00955
13581
10778
00024
13481
13642
01958
13582
13599
01897
13598
13893
13967
13688
13953
13894
13896
13587
13592
14162
00529
07483
01070
08281
10680
00014
03394
13772
13589
04085
14347
13628
11737
14160
03297
14205
01434
03324
07492
07492
07492
00941
03500
08316
14441
01524
01524
08305
14652
05606
14161
14261
05563
00949
07005
00128
14977
07050
16012
16013
15011
10010
02033
15598
14998
10117
15012
15034
15580
10824
15584
15586
15587
11741
01092
15736
15585
00220
15738
01082
15582
02428
04765
01692
13766
03559
15599
15581
00459
16079
16079
16079
00135
15371
18335
15987
16087
15977
00570
16079
16092
21911
07483
02424
09972
10009
16079
16079
16079
16165
10804
15580
16264
02031
10440
01166
10118
19233
19231
10440
02032
02034
10543
15583
10823
19232
10441
10119
10544
10545
02851
16915
00799
01834
02009
16871
02196
18334
14998
10439
17317
17316
17202
17206
17247
11209
17203
17315
17204
17205
17207
10112
11532
10111
10112
10112
01533
10111
17662
17723
05800
12574
00254
00076
17938
04771
18138
03585
19270
18118
21686
06221
18138
03446
00138
18480
18588
00862
18676
18676
18707
05366
07171
18954
16898
03497
03496
19055
18979
03526
00820
07498
16899
00611
18996
12448
00798
01621
19181
22468
00344
08678
19221
01992
01992
19342
06041
04771
07498
19339
19340
19341
17686
19713
07102
19689
00992
17722
19777
00799
08744
06016
19802
09796
20266
02483
20539
11529
16011
21054
21062
21137
21136
13609
21134
09806
00015
07497
01649
21420
21470
21470
21603
21564
21697
21564
21832
19591
21910
21948
21929
21929
22025
22131
22130
22187
22310
11991
02257
11206
00424