02428
09765
02034
02033
02035
07738
03631
03657
03531
03589
03588
01925
01000
08384
03438
03925
13292
06942
03147
03823
03406
00975
06200
00975
01733
01647
01619
01262
07058
03530
01889
01890
07023
09702
02441
07458
07568
03406
01738
03310
00800
02355
00031
01790
12452
03207
06158
04088
04087
06950
01975
09861
03564
03564
03816
07335
07814
03406
00868
03308
01811
06001
01811
02203
01923
03711
00764
01006
03406
02108
00878
00788
03091
03218
11145
02004
02003
03624
01624
03798
00760
04075
01881
00874
04068
01776
03671
03439
00432
02529
06923
04651
09121
00625
01206
03495
03650
01883
01770
07736
01887
00684
03694
06891
04041
10773
03088
04656
04653
04654
03608
04655
06182
01972
00651
07258
01356
09710
00969
07574
03979
02899
07584
02888
08301
01693
00013
00765
02502
03700
06179
00954
02469
05349
02768
02769
02770
08483
01421
03406
00688
00262
02356
00763
01869
04045
02470
03655
07030
02902
06180
03101
01735
09772
01734
05837
05515
03571
03570
03569
03630
00791
06346
03217
08998
03536
02914
01191
00845
02035
02033
02034
02031
02032
02564
04069
03284
03811
06211
03924
06890
03408
03499
07282
02863
02867
02601
03073
02913
02407
01854
12452
01709
01953
01778
00215
01714
03592
03568
06207
05366
04070
01740
08963
03522
03521
00074
00626
05808
00384
00059
03413
01652
00978
00991
01711
02377
09775
00067
03431
03581
02392
02392
03569
03701
03702
03797
06889
03828
01462
02034
02033
02035
04567
03624
01921
01929
01681
02647
01874
01783
00876
01750
00948
01924
00975
00975
06412
01056
03723
07114
06023
00845
00075
06958
09762
11184
01515
04069
00656
02529
02026
01953
02988
02907
02876
03076
00939
01265
02518
02919
02948
02986
03040
02879
06173
02871
02996
01868
01915
03572
03555
06168
01258
03657
01885
01520
00179
00180
01912
00616
11754
01873
01914
03665
00615
00694
03469
03783
01534
01866
09128
00057
08591
03977
00948
05810
07460
04061
03470
03100
03100
02884
01489
07335
00757
02860
00554
06960
03502
07099
03530
03100
07313
08600
04068
03111
03205
03530
03427
01154
01154
01153
03763
01265
01119
02044
01783
00615
00688
13653
01870
06188
01620
06969
02004
02003
06889
01515
01734
03784
01875
03497
03496
03501
01817
07533
07137
01649
03657
00690
02529
00027
07478
07139
00287
00560
07576
04759
03498
03924
02836
03070
00929
10206
01657
01658
01915
07718
00817
01104
03695
03978
03544
01358
03545
03152
00973
00849
00441
06920
00705
00852
09766
01886
00088
00928
00003
06209
02026
02025
03604
03704
01814
07095
07444
07814
00626
02006
02008
02007
01953
02026
02025
03088
02358
02355
02992
02950
03046
03043
02935
02864
01953
02474
01955
05396
10012
02805
01654
09811
09812
02647
00243
01915
08303
07082
12574
07447
03151
04487
09761
02687
03686
04043
03687
03705
01361
11358
04759
03671
01443
01163
09706
02026
02025
09955
02529
01821
07025
06987
03525
03524
00611
00286
03437
00850
02337
00789
01951
01893
00919
02823
01465
00655
00615
02103
03660
07035
03216
07456
03698
00849
07304
06950
00873
09770
02341
07056
01610
01937
03798
03711
07089
09013
09014
11717
04488
03768
01512
02013
02015
02015
02016
02004
02003
01953
02026
01686
00040
09955
02025
02173
04069
05343
00602
05995
06889
07090
03406
01533
01118
03657
00244
02406
03924
00297
01756
00764
02072
02071
02073
02004
02003
00657
07025
07133
07023
07313
04079
02959
03106
09787
01754
03110
03529
03685
02078
03621
02911
06889
03502
03787
02563
07173
01243
01810
06180
04759
04758
07043
03424
07718
01207
10439
03496
03523
03524
02528
00375
00762
01192
03703
06889
01142
03823
01424
07718
01809
03530
06976
07133
07559
07025
06199
01808
00700
02406
02278
02283
00925
01685
01812
02529
00847
00566
07301
03282
02026
02025
09157
07166
00859
02335
03657
02004
07025
08602
02520
02916
02887
01939
03406
07315
11104
01515
03499
03498
03976
03565
03553
08303
09888
12510
02654
02503
01677
01678
01609
00766
07088
03551
03550
00826
01704
01703
00053
01653
01953
00133
01755
00820
00012
03088
01952
01956
01955
03786
05349
06898
01591
07175
03321
06915
01955
06206
01104
03406
00266
06173
09903
02838
00806
00981
00099
03763
09748
02600
07742
02519
02834
03177
11753
07138
00848
01629
01813
01207
00600
02340
02238
02237
00930
00620
00145
01940
03604
02835
02493
02909
02956
00962
02837
03625
03601
03602
13789
01662
06442
00858
03402
05350
05593
00847
01193
02529
01752
01752
00762
01588
01933
11175
01945
03696
04485
10540
00640
02390
03100
01207
03628
07053
06287
00937
00609
00610
08600
02346
06180
00111
00864
06997
07321
01129
02316
03086
00876
07114
03088
01815
00046
01625
00874
02529
02026
12308
07727
06926
00266
07053
03438
03406
06213
05349
01876
07133
02108
02110
02109
02113
02111
02115
02112
02114
00854
05970
01235
00972
04477
03544
00926
06959
06872
02025
01515
02343
09747
06187
01785
03558
12410
02990
03111
02963
07461
03340
02025
02026
01740
03547
03546
03734
01091
01953
01953
01953
00973
01790
09692
12992
00790
06925
00784
01409
00991
07025
03426
01710
08641
01163
00604
02078
02939
02314
03737
07566
01808
00761
01493
07586
01999
01997
01998
01995
01996
00655
01791
01953
04564
00857
02398
02396
02396
02397
13626
03563
06603
02407
02422
02406
02406
07271
06969
02946
02906
02926
02892
02886
02965
02890
02982
02878
02904
02961
02874
02895
02931
02954
02994
02933
02881
02110
06864
06949
06941
03500
00604
01462
04066
01928
07462
12257
06871
01091
03534
02111
01892
04096
02115
07391
02669
08722
02112
02114
03596
02968
00805
03617
03613
03612
03614
03615
00575
00797
13747
10536
12251
04083
03406
01926
01775
03595
03584
01880
01872
02970
07098
05896
06024
01572
03415
02501
02500
03648
01586
04763
00548
01652
01626
02945
03527
00945
07007
01126
07507
00891
01803
00927
00134
04486
02653
03413
13038
00048
02188
01867
00703
06409
02371
00645
00059
09458
02160
02372
01961
01963
01962
01895
00041
01653
00942
03060
00995
05592
03075
12573
03664
03406
00931
03466
01938
01491
00528
00266
00783
06217
07037
07042
07007
07137
07718
00147
10439
10543
10546
11069
11070
11071
01736
00773
03210
00052
01687
01652
00831
00058
00759
00951
04652
04651
10548
03168
03706
02387
10547
02388
02408
02409
02410
02411
02412
09797
02413
02414
02389
02390
02385
02556
04078
02557
02416
02417
02418
02420
02421
02401
02400
02404
04562
03412
03407
03408
03410
03411
02405
09749
02967
02357
03610
03609
04077
02027
05349
07448
18672
01868
15534
15531
01835
03574
15771
04517
01174
02529
05349
14088
02419
02283
03629
02313
02338
02469
02470
01695
01696
08978
14228
06147
06147
01209
01897
01190
02315
14228
03655
02057
02056
00965
07079
00737
00820
05967
01784
08884
14086
02529
14234
14234
14087
02027
02027
01980
01980
01980
01980
01980
01980
14091
14228
07011
14225
14225
14228
14230
06147
03497
02035
07720
00821
09145
01715
14229
07718
00978
01571
02027
02027
02027
07407
07407
07258
02027
07407
07407
07473
01187
14219
14089
07502
14223
00974
14224
14224
14224
14237
14237
07079
14233
14233
14236
06921
06518
00941
14219
06921
01176
01198
10797
02028
06147
01916
03574
00897
00634
00248
01187
01200
02058
02057
02057
02056
01990
01270
00128
07720
06972
07404
01759
14232
05989
01768
14225
14225
01209
07052
07052
01992
02614
07720
11189
10907
01977
01977
01977
01977
01977
01977
01193
03307
01934
03574
14230
14220
14220
14230
14219
14234
14223
14441
14233
14234
02057
02057
07491
01985
01985
01838
14227
14222
14219
14231
01181
07491
01181
00284
06147
06147
00290
10947
06147
05364
03436
06147
06147
03574
01992
01990
13004
00091
01992
01990
02057
14623
06881
15051
01985
01985
01985
01985
01190
14090
14232
07496
02315
07114
06967
06330
06298
03406
07991
07726
00949
11755
06183
07079
01728
01992
14221
14221
07496
11072
07284
07284
11189
14228
06133
02952
02945
14226
14218
07192
14170
02422
07979
14540
14232
01990
01990
14233
11749
03324
01524
01224
03086
15771
14235
03215
15582
15581
15580
10798
15532
15633
03929
03929
02226
15738
15460
10823
00971
15532
15772
15583
01091
07260
03320
15986
17828
02028
19221
02424
10716
10716
10009
02029
02030
01048
03299
16511
16785
16511
03699
00882
15772
15770
15770
15771
15772
16786
02026
16787
16785
10119
10117
16789
02027
15770
10118
10117
10118
10117
10119
02473
02031
02032
02027
10119
10118
16906
16907
02029
16899
16898
16786
16787
11991
16923
16924
16905
02029
17318
17318
17318
17318
17318
17319
17319
17319
17319
10440
10440
10441
10112
01992
17318
17213
17716
02025
02028
17320
17320
17320
17320
17320
02030
14229
14225
14218
14218
01990
01990
01990
17675
01992
10112
10112
19271
17758
17759
12574
07315
07452
01267
07003
18231
18430
18431
18429
18581
17319
00702
18707
18640
18682
01992
01992
06147
09693
01872
19055
03526
07816
07816
07448
19147
19158
08678
19068
12952
19265
19294
15856
03616
20074
12132
20074
21636
21636
20444
01179
01179
01179
01179
01179
01214
01208
01214
11529
21071
21071
21071
21011
21012
08968
21469
21471
21471
21562
21600
21600
01176
21993
21903
22010
22132
03077
06993
22477