03564
07497
09767
03925
00121
07638
06886
03271
02049
02494
02204
00355
01194
01953
00151
00455
01826
01775
00822
00140
01485
00832
01387
00852
00146
01497
01569
01531
00259
01515
00574
00471
01497
00104
00104
01414
05351
00854
01495
01754
00681
01626
01870
01505
00130
00108
01633
01752
00799
00476
01916
00368
01495
00694
00156
01042
00963
01711
00764
01817
00133
00052
01647
01720
05998
01046
00033
01409
01662
00795
01011
01241
00826
01104
00012
01867
01560
01856
03381
03464
05783
00023
00860
00925
01489
03774
03781
03688
03185
02621
00648
01523
01496
01814
01693
00817
00013
00765
00790
00788
01975
01126
01735
00891
01586
01698
00457
00029
00762
00145
00297
01251
01246
00626
00605
01752
01599
01713
00140
00500
00639
00060
00799
00019
00640
01495
00481
01857
01055
01607
01114
00865
00873
01953
01941
01259
03417
01659
01620
00135
01008
00645
00053
00014
03430
00019
00832
01776
01895
00978
01709
00433
01915
01480
03430
01841
00692
00148
00600
01433
09459
00140
00020
01425
01387
02911
03608
03187
02622
06044
03778
00332
10773
03575
03648
01515
01955
02030
03218
02068
03821
07101
03671
03695
03636
03424
03823
07659
03386
01962
02575
02575
02498
07347
00543
00459
05874
07234
01999
03639
03750
02014
03776
07245
04744
01753
05837
18928
02232
01133
05596
03316
06901
00459
07290
03722
06959
03549
03327
07119
03723
02058
00646
03823
07396
03710
03761
03225
06911
02073
03449
09975
02484
03153
02188
09977
10537
05838
04062
09858
09862
02055
03306
02003
07052
03606
02970
03305
03710
00241
00242
03762
02624
03309
07088
01586
02493
07390
05879
05878
00525
01032
08166
00694
02483
00128
08323
08322
00425
03797
00824
00322
00324
02041
00134
01631
02160
08311
07259
02045
03545
02372
07056
06023
00362
07302
07303
02959
09903
06447
00325
00426
00363
03786
02053
03227
03220
03741
03119
03221
00782
03088
00799
00299
03306
02914
08998
04488
00249
00128
02013
07010
02112
02114
05784
03602
00240
05998
02992
02946
01589
02501
00411
03599
01095
03594
03977
03666
11900
03147
03665
04088
02518
03111
02884
03657
00324
03686
02990
02963
02314
00954
03601
01883
03733
03438
02906
05540
02926
02961
02456
02412
01652
00370
02890
02982
02878
03088
02346
00609
02454
02453
02463
02461
04485
03285
03455
01999
01256
02414
07001
06194
00375
02052
03223
00010
10563
02427
03798
07636
02480
06181
07649
07042
04773
06190
07058
01028
10038
10037
10036
09990
09957
10015
10016
10017
07223
07004
02019
02337
10001
09989
08309
01458
07243
02035
00231
02012
10002
10003
02001
01053
08195
03317
01956
03294
01999
01685
02011
07001
03119
07262
03466
00059
02053
00104
01666
03181
02393
00477
07044
07090
01784
01998
02057
07734
08307
07107
03335
03833
00794
06518
01073
03762
01996
00523
00375
06183
05800
00375
07749
07001
09800
05836
01684
08973
03559
02010
03981
01273
03559
02013
00372
03710
03216
04752
07018
07402
00507
02650
02444
07043
03458
04087
02402
02283
02047
03610
02403
07011
02046
05810
03088
00141
03406
07576
07044
00219
02014
02613
02612
00625
01652
06147
00788
02017
02018
01061
00499
09007
03086
07157
07391
03566
03410
01644
07152
03775
01997
05782
02849
03424
02836
07673
04751
01584
04565
02225
02016
06147
01673
03574
02355
03704
02050
00957
03336
00010
02519
05874
05845
05847
05846
02013
07346
11084
03611
01159
09001
06162
00102
06186
02652
02000
00425
01755
00615
03296
03555
02492
02500
02110
02388
06891
03226
07657
00375
07044
02032
07168
07258
07774
02483
07023
08289
18094
04096
08218
03529
02224
02014
06160
02280
08178
02280
03322
10804
09699
09973
01447
01447
10539
02841
02233
10004
10538
02238
03624
09937
08369
03273
05595
02535
04066
03076
07403
03074
02907
00657
01919
01462
00604
00937
01142
00641
00930
01778
00789
00383
01940
01533
00820
01633
01114
01714
01012
01935
00652
00833
01887
00548
00548
00681
01919
01920
01443
01649
00817
00948
00919
00759
01433
01754
01876
00097
01759
00800
00800
00864
00763
00027
01781
00826
00927
00873
01923
00854
01576
00077
00453
01556
00574
00275
00567
00075
00939
00979
00912
00077
00031
01520
03101
01870
00767
00278
03527
01255
01687
00768
01579
01918
01494
01755
01595
01749
01507
00697
00616
00969
00228
01945
00761
01734
00901
00053
01613
01649
00962
01803
00058
03386
00820
01596
05526
00673
00673
00868
01114
00697
01087
00997
03100
00059
00645
01091
00763
00560
00287
00554
00012
00945
00831
00568
01487
01256
00549
01139
00942
00989
01875
00384
00036
01057
00845
05396
01845
03439
00822
01784
00067
01790
00973
01710
01525
01465
04719
01555
00451
00600
00963
01627
01138
00791
01933
00970
00950
00606
01772
00982
01626
05916
00286
00773
00566
00799
01262
01866
01465
01756
01690
00147
01869
00215
01483
01477
01725
00615
00797
01167
00029
00946
01591
00883
00014
01881
00931
00859
01921
01924
01925
01000
01929
01928
01912
01783
01091
00766
01609
02876
00101
03230
06987
03776
00645
00796
03431
00937
00705
01236
00700
05973
00428
01886
01872
00963
01873
01736
00951
01868
00164
00658
00382
01897
04091
01356
00852
03331
06042
05895
05936
00926
00611
01940
01755
02229
09941
02227
02230
01031
01737
01878
02967
01738
01755
00376
00290
00090
01079
01760
00023
00626
01939
00940
00573
01733
00003
01608
01816
00042
01424
00943
01952
01810
01338
01358
00865
00077
01770
00991
01438
01483
01477
01297
01951
00088
01007
00748
00677
00099
00981
00806
01265
00990
01462
01972
00674
01439
00432
01775
01637
01560
01638
01885
00208
00528
01265
00831
00928
00640
01714
01867
01689
01627
01937
04487
01104
00382
00627
01414
01142
01915
01458
05603
01468
01712
01745
00860
01669
00496
02916
07058
05349
06900
03702
08194
09889
00758
01619
00820
01753
01512
03527
00832
00382
01046
01607
06045
09747
01724
01821
09774
03525
00760
09712
09861
02039
09748
02072
01126
07326
02419
09958
05712
03673
03092
03110
01990
01586
03705
07265
01647
08195
01029
00381
02300
06179
08300
00127
00124
00126
03820
01879
02395
00265
01652
03735
01995
01998
01056
08641
00448
02040
07346
03408
02234
03088
07497
07345
02279
02278
02050
02051
02048
07089
06938
07275
02069
07220
03969
04083
04082
03711
00252
07346
07782
10531
02036
02651
00261
02231
00344
02610
03557
04078
09930
07006
00799
01158
01281
07243
03717
00854
00249
00574
02073
07152
03071
02871
06996
03808
03808
06166
06165
06163
02044
07397
03643
05799
06923
03589
03442
01991
09005
06911
07275
07735
06910
08276
06287
00783
06886
02012
13489
09921
01484
09760
09924
02888
03586
04062
02834
05375
02651
01607
05527
03282
02913
06204
02422
08369
01644
01720
02423
02398
06193
03926
03154
06925
00091
06200
02651
02278
02280
02282
02283
03781
03092
07217
08995
01613
00020
00167
05366
01426
04754
03497
07313
07044
03772
01991
01560
06966
02005
09786
01420
07240
08983
06911
03474
03598
03597
07040
03088
03761
02116
01993
02004
01420
02863
02867
03316
04761
07100
02283
06223
01738
01697
03654
00528
05874
10125
03183
06134
03470
01419
03664
03179
03169
10253
02482
02440
06173
02470
03495
03501
08234
10255
03736
02057
02529
07347
02015
09983
09808
07262
07712
01915
09013
09015
02298
10013
10017
10015
10016
02355
02950
03405
01183
01478
00817
06187
02864
03595
00146
03088
03217
02055
00058
02358
02895
02433
03704
03667
06887
00163
03749
02484
08100
03630
01714
01628
00390
07091
09888
09919
06911
08169
07326
03307
04750
03088
09710
00344
01426
00337
00340
02653
00249
00799
01262
02275
02274
07789
07788
07799
07093
02052
01069
08296
01895
00598
00043
01997
03809
03075
03286
07102
07232
06217
01953
01768
06917
02275
00156
01434
03832
03637
05366
03703
07056
03831
00459
01561
03719
01640
06991
07002
02048
08715
00626
01119
00057
05833
00836
00249
09136
01192
03606
05520
06015
03119
03824
05366
09165
02348
01207
03327
03522
07461
01754
06199
07497
06153
02527
02841
07345
07347
07346
07345
00863
03406
01992
01990
03734
07218
09780
03284
02525
00874
03281
01620
01434
00128
00874
03073
03578
02015
04561
05807
00604
06867
05515
06969
09456
04061
03543
06916
02278
02279
00684
05539
07127
01452
07320
06158
05524
00957
01897
02821
07240
01077
07675
08305
02623
07140
03569
03293
06995
02002
02002
01999
03327
03446
09933
03750
02016
00648
00648
00363
00362
00253
02258
06910
09122
07460
00459
03746
03406
10013
00666
01997
01951
02503
02014
02054
00836
03228
03229
03230
02015
07518
02016
02282
01114
02282
06941
07175
00285
03457
07011
00655
04077
02013
02014
07107
03646
02403
06041
03270
03819
07265
01104
01991
02535
01711
03975
00858
03568
02042
05780
05781
06164
03299
03561
09761
03979
03587
01658
06020
04046
08995
03746
10126
03671
02274
07345
07347
07345
02406
02556
02557
03413
03407
03406
03412
03412
02400
02401
02421
02420
02419
02417
02408
02409
02410
02411
02412
02407
02433
02435
02669
03219
02342
07287
00720
01738
03607
07282
00560
00878
07088
00797
02575
03769
00373
00371
01420
03119
00609
07336
07498
00799
07141
03406
03455
07044
02027
07183
04772
03593
00655
02037
02038
09857
02357
00059
07119
01266
01322
02970
00305
00302
00304
00303
09915
00426
00425
07507
03219
03228
03224
03223
03222
03229
03230
00334
07447
02654
08282
09823
02666
03631
09801
07107
01834
00526
00525
02339
00101
02838
03177
09014
09117
03188
00525
02113
06222
03118
03628
07646
03407
02860
03521
02073
03576
03690
03569
03570
06920
05501
02410
01338
07160
02399
02386
02387
02389
02391
07240
07323
00575
03117
03600
02051
02050
01995
01998
03497
03642
03411
02557
02417
02416
02462
02459
02457
07497
07165
03088
02033
03566
06194
02279
03271
07240
07213
03744
06872
06201
03809
07275
02601
01548
01703
07568
02825
08301
01673
03583
02411
02420
02421
02931
02954
02988
02663
07275
04754
00626
07305
03770
01754
06131
02276
02919
00374
03768
00163
00059
02297
07644
01657
01118
00240
03814
04044
02434
02952
02879
06287
00782
05805
00123
00266
01426
03571
00249
02390
02471
03149
01997
09456
01997
00108
04562
07566
02835
01808
01126
01560
02002
03521
02053
02016
05596
05786
06895
03655
00575
04564
02114
02112
00339
00338
02510
02556
03933
02616
03795
03685
02422
02414
02405
02399
02395
02387
02388
02389
02390
02391
02392
02394
02396
02397
07687
02647
01178
02109
03587
00449
07115
03762
08310
01630
06188
02392
03587
04780
08151
02014
07052
07300
07098
02168
07005
08369
00040
01262
07107
08720
07552
06966
02055
02688
01434
07160
00612
02517
02803
02804
02111
01761
03798
07649
02509
02483
07028
07003
06989
03406
01607
02031
02035
07394
08994
10015
10017
05595
03088
09129
03710
02843
03577
00847
03500
00413
07684
03320
07180
06041
00537
02939
09458
03224
02563
00059
10764
01185
10229
09939
00974
03701
02487
03225
03222
08195
05349
01426
00239
03457
07007
02020
04073
02528
03787
10228
03225
03226
03227
03220
04561
00368
00380
03734
08677
02221
02075
07147
02058
05710
03517
03588
07507
07001
03072
02575
01147
06950
03070
07266
03694
07019
03585
00007
03980
03328
07154
01092
03522
03933
02004
02011
02396
07798
07787
01991
02394
07267
01077
07122
01999
01999
01999
07226
02460
03758
02575
00790
03322
00311
05846
03758
04078
03771
03806
04763
07152
03596
03088
02078
03592
06013
06966
07225
01845
02004
02053
02055
05343
04618
07347
01207
03337
03338
08223
01434
07492
05874
03746
03746
03746
03746
03746
03746
03746
03746
03746
02077
03406
03293
05832
01992
03406
02259
02169
02067
07444
06192
01247
08224
02409
10844
06077
02806
02996
08304
07402
03572
03466
06958
03089
03676
04047
02043
06997
00798
02407
01114
03086
03328
03743
07000
04762
02028
03640
03560
03562
07399
03799
00847
03978
04084
02065
02049
07316
02116
01996
01995
01574
09158
06048
01061
03414
03413
03413
03687
04043
10227
02073
02945
03550
03551
05808
01129
07491
03310
07156
07146
02351
02356
03752
06949
02227
03719
02237
05788
02858
02379
03650
06893
04033
01999
01998
02404
02400
02407
07240
07552
03641
08195
02948
03040
09791
02887
02520
02072
02071
02108
11250
11073
11073
03590
10811
02316
11159
04488
00799
05874
05875
10680
05366
02053
07497
01652
02843
06911
07262
07156
07245
03406
09471
07010
09472
04078
04077
08295
00648
03387
03386
03543
00285
01999
01997
01998
01995
01996
08642
04782
06148
06147
06901
07090
03119
01841
07044
01895
07771
01281
09927
02164
05921
00375
00666
05875
01266
02056
03534
03410
05367
06894
01869
05882
10947
04756
03666
03582
03584
01679
03274
03841
03500
01902
00111
03182
03186
03581
00008
06180
03215
01695
01704
02909
01644
03566
00720
02111
02523
01624
01448
00336
00335
00333
00331
00330
07112
00343
00851
03536
00412
03656
03496
07112
00640
02167
00342
00341
05913
09159
03558
02030
02030
02380
07230
03412
10806
01653
03189
00793
03704
02904
01995
01903
03303
09771
03789
10979
01995
01998
03621
04075
03767
07462
04567
00370
00371
00373
00374
00956
01676
00166
00537
03821
02108
02110
05550
05549
00154
01547
00329
00356
02518
02503
03116
02437
07117
03530
02405
07665
06929
08972
02970
02078
02458
02452
05375
06140
01546
07677
04079
04064
02614
02192
04065
07397
02611
02897
01989
08591
06940
03634
03832
04760
07738
02672
02655
02298
02299
02300
03885
01681
00123
00124
00127
07644
06966
10440
10440
10440
06024
07287
07241
10441
10441
10441
14682
07258
01889
03544
02340
07304
10439
10439
10439
02274
01588
01428
01429
02115
03786
02115
02335
01807
02899
02408
05589
02968
06195
01963
08084
03270
06861
13541
01696
00957
03043
03046
02341
02956
09773
06194
03635
02275
03769
02003
07082
06980
06142
00615
02994
02291
03437
02553
07053
09810
04755
01247
02029
02049
03761
02502
03087
07031
02986
05799
03190
02415
03625
07345
03325
02687
07560
07708
03106
02933
00285
02892
02886
02965
02109
03724
02874
09981
06202
02413
02397
02902
02935
02401
02406
02418
02455
02025
02026
02034
00529
00102
01968
05994
03704
10107
09688
09689
09691
02002
02529
03832
03561
05816
03644
05774
09983
05815
02052
02015
07507
00344
03406
03446
05591
03825
02393
05896
00285
00219
04764
02881
09965
02536
01652
01673
07667
00573
03543
03446
08303
06942
02686
03531
09694
05814
09695
02071
07638
02600
00426
05813
06153
00457
03616
09806
06182
06178
03269
02297
02299
02065
02066
03210
07478
07090
02010
00381
07657
01996
02056
06207
06999
02189
02275
01430
02342
02313
02338
06189
02343
10125
07277
05524
01892
03801
03469
06168
03060
03609
03408
01156
02469
02558
07118
02067
02066
09690
10126
03553
03565
09017
02609
10763
13790
11082
11076
11076
03746
03746
01620
07506
07649
11189
11189
01894
01890
11074
11074
07665
04090
04090
12251
12340
12140
10974
11083
12242
11892
11749
12239
12241
12243
12141
11900
02484
11902
11921
11927
11075
11075
11081
00821
01874
11103
11065
11103
10954
08261
11085
11175
11066
08483
00065
08483
11183
02768
00666
11068
05973
07677
00479
01851
00856
02482
03273
03719
10538
11892
11892
11891
11892
11893
11896
11897
11898
11895
11896
11897
01625
11472
11473
11896
11896
09019
11903
07126
12979
07687
10440
00906
12508
00620
12370
00612
00558
13488
02049
11898
11071
03496
04042
02484
00602
12452
00823
07687
12372
18333
12240
12238
13051
00675
13292
07119
03333
06895
12373
00626
11896
11897
07659
02483
11754
11901
11901
11910
11903
11890
11893
11906
11907
11907
11907
11891
11890
11892
11891
11891
03496
11717
11891
11901
11902
11897
11900
03524
11752
11906
11906
11753
11903
11903
11906
00595
11907
11892
11901
11907
11902
11893
11893
11895
02303
11895
11717
11893
11731
01243
11895
01950
02303
11719
11900
07152
07169
11720
01897
12262
11900
11903
11897
11896
11895
11752
00860
13890
13892
05685
13889
13874
01961
13741
01491
02347
13255
13288
13286
13287
12990
00375
00375
12972
13926
07246
13543
13747
01534
13482
12339
13061
12371
12658
12510
12685
02651
13285
12510
12511
12262
13038
12573
13954
13628
07130
00801
12511
13934
13930
13929
13931
13932
13933
13888
14058
14060
00795
13953
13821
03342
07516
01782
12368
12369
12511
01537
06879
00281
13490
05921
10012
13979
13634
13643
01070
06938
13774
13778
13779
10778
00024
13481
14218
07516
01961
13893
13896
13894
13486
13487
13891
13895
13953
03782
14228
14228
00800
03297
01977
01977
01977
01977
14232
03088
14221
14221
14221
14229
14393
14228
14233
14225
14162
13580
08281
13635
13633
13611
13491
13777
07501
10954
03394
13771
13771
00632
13766
00941
14160
14236
07459
08325
14232
11904
07045
14219
14219
14220
14220
14287
00941
12256
12256
14347
14233
14260
14266
14233
14232
15311
15312
14219
14234
14393
14225
14161
14237
14219
14231
14233
14230
14224
14224
14228
14228
14257
13993
02533
06147
01985
01985
01985
01985
00941
01980
01980
01980
01980
14235
14267
14234
14441
14225
14225
14228
02358
00380
15726
06919
01524
17207
14652
15125
15125
14218
14218
14218
14218
14230
14226
14229
04127
16238
14237
14237
14227
14227
14227
14227
14237
14234
14222
14222
14257
14219
06133
14223
14230
14230
14218
14170
02074
14742
11902
06016
06133
14645
02424
10009
00331
01969
13409
13408
15011
13408
13409
11905
06147
18129
15012
14761
15034
16320
16011
15313
18100
15580
11741
15727
15554
15773
15551
10831
15553
15555
15738
15552
15553
15634
02428
15256
15539
15582
03928
15725
15724
01692
15355
01692
06987
15337
15669
04093
16011
03286
12340
15581
15461
15583
15650
16011
15778
15408
15268
18336
15866
15977
18139
15977
15977
18100
03781
10009
16092
16090
16088
16147
16137
07497
12990
07498
10716
02424
18101
16087
10014
10013
21449
16066
16074
01801
16215
11069
16371
16203
11070
00209
16345
11071
11069
11733
20542
01992
16370
11734
11735
16171
16263
16319
18249
11959
11960
01166
16692
16692
16692
12368
05825
10823
11961
11962
11963
02029
00137
10001
16856
10001
02003
02226
11991
16841
13485
07497
07497
07497
18292
10441
17315
17317
17316
17206
11209
08738
11209
17713
17247
10440
10439
17218
17218
10112
17205
17103
17228
02028
02029
01990
08738
17686
10112
16165
10111
17836
19209
17735
00254
17733
17736
18139
17947
11900
18101
11896
18095
13010
21449
18199
18248
18118
18381
21678
18335
00249
21345
21344
18379
07046
18373
18288
18290
18374
18369
18307
18306
18139
08068
00138
12255
11904
11904
11904
11904
11904
21757
18480
11901
11893
11891
11892
11906
18475
16234
11904
11902
00505
03332
18676
18138
00854
18778
18850
03427
18928
18902
18900
18831
07278
01971
18929
18901
18903
19055
05999
07498
07050
07050
03526
00820
18979
13993
07687
18373
19221
00571
08678
10439
22468
19339
19265
01066
01785
04771
01992
19337
19342
09459
04771
19302
19416
19340
19341
11209
21308
19577
19577
00799
20257
19713
19670
00992
19666
07666
19743
19731
20250
18381
06131
19784
06132
08744
15777
08992
19804
19813
21636
14731
19981
19982
09796
20034
20035
20273
20274
20329
20332
20455
20429
20333
20543
20534
09788
03701
20541
19591
22131
20866
01214
20938
20940
21061
21062
21053
00840
21023
08968
13609
13877
21801
13877
21029
22252
05874
13993
21307
21309
03892
21405
03651
21449
21420
01451
01451
21699
10026
21563
10914
21645
21757
21825
21826
21826
21833
21834
21832
21929
21948
21929
01634
01634
05802
22003
22025
22130
22132
08319
22067
22185
22292
02257
00611
13061
22348
11206
22488
00424
22487
00424
22505
22512
22504
22506
22507
22508
22509
22510
22511