06442
09761
02469
01056
02160
04764
01868
01495
00330
00331
00332
00333
00334
00335
00336
00337
00338
00341
00339
00340
00342
00343
01881
03723
01448
02836
03564
01866
04487
03185
01004
03424
02341
00943
03642
01356
02986
01776
06206
05539
03198
03199
03200
03201
03203
03204
03195
03196
00240
00239
00242
00241
02884
00554
02860
03733
02902
03500
03799
02959
04092
03106
01409
01586
02340
00655
01286
01962
04763
00891
01735
00382
00658
00164
01902
01903
01778
03110
06190
01069
03497
03496
03501
03495
03650
03628
09015
03631
02535
03531
03590
03589
01921
00075
01924
02563
03588
01925
01000
01929
01928
03587
03438
03086
02316
03181
01956
01955
03704
00384
03498
03624
03702
03216
03924
00566
02032
02031
02034
02033
02035
02035
01246
03601
03521
03522
00311
03593
02914
03536
03217
03978
00799
00215
03543
01581
00528
01775
02437
00605
00133
01470
02016
02015
02015
02013
03197
03198
03199
03201
03203
03204
03195
03205
03980
01867
04077
04078
01679
01835
01892
01591
03088
02380
03695
02518
01588
01589
02919
00790
01520
03559
03561
03798
03641
03562
03551
03550
01159
00788
02356
01092
02909
01623
00927
00134
00615
03089
02911
00795
02114
02112
02115
02111
02113
04066
00616
01869
01895
01142
03466
03185
02988
02881
02426
01265
03630
03704
01999
01997
01998
01995
01996
02433
02435
01465
00609
04096
03168
02913
03744
03801
02622
02871
02996
01745
00858
01885
01626
00383
01807
01885
01647
02030
02029
02029
02028
00748
00677
02372
02536
00981
02838
02357
02967
02503
03694
01752
03046
03043
02935
02864
02863
02867
02601
03073
02358
03218
02434
03545
01933
06204
01783
01756
01923
01952
01952
02621
01876
03684
00937
00480
02337
03655
00820
06196
01129
01887
00826
03111
03701
04751
01915
06179
01872
03553
02879
03040
02948
02952
00939
03076
02876
02907
05366
03530
03196
02291
03644
03743
03499
01256
00788
03149
03154
03153
03147
02013
02015
02016
03832
01714
03664
03060
01139
00762
00997
03100
03685
01358
03544
01338
01048
04080
02517
00001
03666
03665
02259
00145
00600
00793
03625
03621
00648
05524
05563
05564
01802
05562
05807
05810
05561
02933
02994
02954
02931
02895
02874
02961
02904
02878
02982
02890
02965
02886
02892
02926
02906
02946
02358
02355
02992
02950
01142
01873
00573
03455
00053
03474
01144
00791
04087
04088
00287
00560
03761
03657
02687
01262
01972
05560
05559
03527
09456
00014
00859
02342
02335
03101
03437
02806
04566
02837
03671
01251
00329
00356
01963
03688
03183
03595
03584
01918
00606
01465
01883
01613
00764
03558
04485
02314
02939
02963
02990
00645
00059
02078
00942
02528
00097
03771
04744
02339
00940
03703
03116
03117
03118
01875
00573
03210
03770
01803
03075
01937
01627
01689
00161
00162
00627
00382
02470
02030
02520
01439
03705
03687
01975
02793
04043
03686
00930
03596
00674
06173
00604
01462
02916
02887
01889
00763
02945
00945
00800
00029
03071
02199
02195
02194
02193
01681
02968
02313
02338
03629
03786
02297
02298
02299
02300
00057
00208
01716
02970
02888
02899
02427
00931
00147
00969
03797
01507
06207
06213
00963
00088
01951
01126
02077
02075
02074
06191
03647
00525
00526
02493
02835
03070
03574
01255
00867
01424
03667
00962
02956
03177
02834
02519
02600
03439
00789
03820
06217
03789
06187
02343
00979
01920
02040
02037
02038
02036
02039
01870
06178
03592
02527
00912
03572
01494
00101
03523
00831
01939
03089
00128
03282
01915
00036
01057
01919
03676
00568
00928
03313
05788
03977
02116
02108
02110
02109
02109
01879
01878
02523
00919
02897
00948
03470
01945
03179
00275
00208
01736
03602
01662
03568
03469
03575
01006
01354
04564
02200
02197
02198
02200
00982
00567
03555
01977
01977
01980
01980
03684
01985
01985
06168
02483
02483
06147
06147
06147
06952
00954
06180
07018
06287
07107
06861
07146
07460
01810
07113
06942
07277
07090
07225
07157
07082
06966
07102
06890
07126
09826
06941
07152
07447
06980
09823
07091
06872
07638
06956
07027
07056
07278
07716
07042
03296
07058
06997
07002
11719
03768
03768
07115
07258
07043
09862
07391
07390
14981
04042
03431
09903
07462
11717
00286
01951
09013
09773
09005
09791
01419
03711
06167
07566
08591
00794
02221
09748
10563
09799
09985
09987
09949
09769
10001
10004
09800
10002
10003
09812
09131
05527
06891
09458
09014
07258
09811
09747
09760
08311
09790
09471
04075
08738
09458
09807
01952
07478
09795
09808
09810
07742
07735
07738
14980
07736
08151
04083
07552
13786
09458
03640
01185
13038
11189
11189
00970
01874
10773
01447
05815
05816
00647
13747
05813
05814
05366
00564
03746
03466
03194
11175
01890
03201
00821
12340
08300
11749
09883
09882
00031
11752
00602
00812
13292
12573
09159
03979
12989
11737
12257
01491
00281
07659
01916
03524
03643
09774
11753
11720
11754
13587
13588
01961
05685
13584
13583
17103
08309
00620
12506
13888
06287
13581
13592
13599
09928
13598
00941
14236
14219
14230
14228
14225
14220
14228
14219
14232
14221
14218
08281
00024
13688
13772
13589
14228
14222
14237
14229
14226
14234
14234
14233
14233
14230
14230
14225
14232
11604
14219
13628
14223
14227
14227
14228
14223
01978
00941
14231
03500
14237
14230
01524
02533
08305
14652
11605
11606
14224
14229
14218
14218
14228
11607
14234
14235
14233
14233
06147
01185
03560
14998
08316
01092
00220
02428
15371
16053
16087
06909
15738
16234
00029
16783
16784
01834
11532
17680
17675
00254
12574
21449
03446
11443
18588
18707
06916
16898
03526
16899
04771
06041
04771
19302
19689
06132
08744
09796
00949
09806
03293
21449
21929
21929
05802
11991
02257