14219
14228
14230
08156
19271
02428
19271
05349
13979
07138
02015
02016
00791
01875
01890
06199
01804
00868
01937
03217
02837
01952
07240
07240
05807
03702
00351
00350
00349
00348
00347
00346
07148
01687
00097
06941
01448
01961
08218
03695
01811
05349
00919
02429
00849
09808
01091
03775
03426
06959
05516
06997
02501
15987
01912
00180
00179
01950
01814
02500
11755
09812
00928
01586
01873
00075
01889
02945
07460
03524
03327
04485
07137
02338
13038
03631
03218
03088
03654
03655
09760
08303
00651
11065
17103
01993
12251
00940
01858
02429
03088
08218
00053
01653
01652
07082
00615
01808
03687
03686
11754
07138
03978
02687
06167
02939
07282
01491
02963
02990
07636
02355
06187
07735
03427
00648
03658
01915
08289
01056
04762
07322
03585
07456
01752
01091
02888
02899
00859
03210
03625
02897
02313
06889
01607
03077
01785
03307
01854
01372
06177
01785
01119
07098
01835
11105
09825
06889
00657
03455
01607
07079
07214
02342
00784
03075
03628
03664
00548
06001
00927
03655
03106
08223
00567
06950
03648
01914
02377
19271
14228
14222
14223
14231
14231
01173
14234
14220
14220
14220
14225
14233
01524
14234
01537
05606
14223
03215
14236
14236
14236
14225
14225
14225
14225
14225
14232
14229
14229
03324
14223
14224
01840
03743
14218
14218
14218
14218
14218
14218
03040
05606
11741
02835
01933
00764
00605
00012
03657
13747
00793
07058
00764
01956
01955
01685
02529
00874
01625
07088
01870
03101
03437
00948
03150
03147
03149
00788
03154
00782
02039
02036
02038
02037
02040
03839
03453
01448
03530
00648
07636
07568
00950
00789
06966
03536
08998
03424
01866
07568
07133
09807
02078
02372
00812
06890
14652
07095
03601
03602
00826
03439
00133
00243
00850
03527
03832
13789
03424
03561
01495
08303
01945
00850
01091
00937
01613
02337
03671
07139
04759
07133
03818
03818
09748
02600
02519
01815
06131
02621
07133
07133
07056
01284
03088
07267
00024
01686
01012
00833
09789
02169
03665
01676
09861
01955
01867
01661
02551
02361
03885
14155
01738
06180
03534
03543
03168
00891
00930
03088
07043
02003
07173
02622
00954
03797
04096
07107
00215
03100
03100
01874
00640
01883
00566
00077
06942
02523
01205
07560
03703
00759
03495
01887
06966
00847
00278
00382
07259
09817
07391
03786
00873
02834
09808
12573
07552
03320
04751
01803
01610
00761
05808
02358
03073
02601
00175
00174
01737
12257
01620
02970
03733
07166
09157
00688
02867
02863
02864
02935
03043
03046
09793
03340
03550
03116
03118
04773
00912
00946
01809
03521
03522
03282
01051
00848
02856
00048
04075
02003
00425
00426
01993
00901
01142
10206
01778
01953
00266
02911
00648
03977
01991
03558
09014
09013
09015
11717
03931
03823
00858
03561
03152
00991
03655
03596
09955
01811
01935
01190
00290
14219
07407
00847
03402
01940
00145
07461
07133
07133
01673
00763
01649
01703
01704
00052
03701
06975
01911
03270
06287
08301
03530
03575
01790
00067
07636
01695
01817
01609
00766
01657
01696
03771
03572
07444
00645
00941
01805
08138
12308
02884
00957
00860
09888
02003
02065
02066
06861
03545
01358
03544
03654
01689
03321
06168
07387
01869
03517
09811
06153
06925
09816
00800
00783
00767
00791
00677
02536
01591
14233
14233
14237
14237
14237
07214
15532
15633
15635
03929
01082
01897
15738
01209
15460
15532
14234
14234
03088
00812
03088
03768
01202
03976
06990
02428
00666
01262
03718
00929
07027
06889
07386
03711
01277
07315
00939
01206
09702
06934
04477
01104
01885
05989
09702
09702
11085
01278
06147
06147
00625
03499
02014
06201
01077
00241
07052
01278
01198
01209
04518
01424
00088
00854
08974
01081
02564
02564
02005
02004
02004
00845
01181
01784
03617
03177
09011
04516
03711
01258
01186
02371
03498
01372
07052
07588
00647
00059
03442
03593
03718
02775
07079
03613
03612
03614
03615
03803
00652
01572
00059
03294
01585
02004
01243
01619
03469
00046
09815
04763
01262
03783
07027
06147
01813
01629
02004
02005
02004
02004
02004
02005
12340
12340
01198
01209
15923
03734
02959
06142
03671
00876
01733
12524
02838
06949
08191
00297
02341
03327
01126
09903
00606
03322
02343
09457
06920
09125
03284
10773
03305
00865
03701
04069
13993
03655
02013
00134
05349
01951
01921
13043
00147
00790
02860
00099
11749
07133
06871
00796
09710
03798
00981
00748
03787
08307
06188
07478
05306
03430
07458
08222
01886
00765
00013
00817
01089
03654
07462
03564
04043
07458
09124
03654
01929
00262
02528
06213
05970
00677
03585
00029
00262
02887
02916
02520
01868
01462
07447
04043
07407
00925
03269
03630
03975
02040
03832
03561
01775
06158
01939
03654
01735
05810
03979
00760
06973
01892
00942
00969
02548
01770
01926
02357
02967
02996
02871
01893
06178
01756
03092
05349
05349
01129
01476
02518
01265
03076
02876
02907
02988
02881
02933
02994
02954
02931
02895
02874
02961
02904
02878
02982
02890
02965
02886
02892
02926
02906
02946
02355
02992
02950
09117
03531
03590
04096
04066
07037
02517
03773
12410
00962
03624
05837
05515
03570
03569
00602
02956
06207
11175
02078
09458
03685
03555
04564
03313
02356
02914
06180
01872
09765
01442
09955
00208
07056
03644
01662
00330
00331
13378
00337
00338
00339
00340
00341
00342
00343
00266
01880
05520
03113
04078
04077
00876
00931
01895
02909
01624
09994
03526
01588
02437
03797
03284
03470
02879
03040
02986
02948
02952
02919
03589
01924
02563
03588
01925
01000
01928
03587
03438
03308
03816
03543
02426
01438
02836
03088
03584
02968
02470
00705
02217
00286
07107
01740
01755
00762
03565
02493
11752
00806
07277
06142
06142
01776
06215
08681
00240
00239
00566
03551
05592
07727
11753
02503
05349
05349
17828
14235
16053
09022
14235
16212
01218
14228
03292
16211
16213
03699
16345
16363
01270
01270
16264
18369
02067
01155
15923
07273
11720
01977
01977
01977
01977
01977
01977
07091
09810
01190
03559
01847
01847
07085
02224
00773
03650
00757
00895
18139
02551
16710
07133
03086
02346
07566
03281
00604
03088
01783
02238
00705
01759
07133
02342
00175
00174
00176
00266
03315
01736
06872
03744
06889
00014
03183
01923
06173
07095
03286
00831
00058
01190
01489
03737
07133
03770
03525
03070
01810
00057
04567
04096
07000
00655
07098
01465
00721
11537
08999
09761
02112
02114
02108
02110
02109
02113
03270
00794
03629
01934
03797
03427
01154
01153
07133
01897
02111
02115
00656
04069
02429
02377
01711
00012
01991
01159
05776
06180
02342
00973
05801
00703
01918
01579
01006
01284
05595
01666
01633
01647
00031
01681
01126
12308
00177
14219
14219
14219
12343
14226
14226
09922
01978
10947
14232
01990
01897
00951
00951
07001
01714
01972
01338
07507
01265
01409
02902
02913
03110
14441
03530
03924
07114
07114
04079
03696
02469
01881
00700
01092
00950
01079
03830
00554
02823
02340
07164
03723
00281
03501
03801
05366
00609
00265
01980
01980
01980
01980
01980
01980
01992
01190
04084
14224
15923
01533
14227
14227
14227
14227
14227
14227
14230
01190
00018
03496
00971
00971
14221
14221
14225
14225
06921
01985
01985
01985
01985
01985
01985
14228
14233
01658
00226
06518
14228
17836
00661
17758
17759
00661
00788
13694
14228
14233
14233
14225
14230
14230
14230
14230
14232
12574
14229
14229
14228
00610
00600
01912
01876
01938
00384
01187
14224
14224
14219
00956
03585
18138
14742
18220
00561
18234
18234
07263
10206
01915
04041
00820
06969
03466
12942
00041
01812
08191
01190
15532
02004
01854
01051
00075
06413
01190
03530
01051
00059
02551
02338
01785
03630
03530
12340
07727
00945
05349
01126
01173
00874
01652
01821
03585
02564
03585
06131
03453
06985
07214
07713
19545
07713
07713
18581
04749
03332
18707
18691
18682
21572
20862
00571
18785
19304
18928
18929
03111
03502
03496
03111
03497
09797
03169
03169
03169
03111
03502
03503
03169
03111
03503
03502
03496
03496
03497
11991
19159
19157
19157
00798
19158
19158
19225
19157
01710
00571
07405
19265
19302
01990
07497
07497
07497
07497
07497
07497
07497
07497
01992
01992
01992
04771
18197
01218
05988
19355
06881
00525
03773
02477
03427
03771
03616
10206
19997
07484
07484
07484
07484
07484
07484
07484
07484
07484
20074
12132
12132
20344
20345
01179
01179
01214
01200
01200
20885
21029
21071
21063
08968
00821
00857
01185
01185
04068
02316
21636
00558
00558
03553
01520
00560
00287
00558
06223
01493
06217
02314
00560
02335
01187
00661
00602
07005
07011
00210
00652
06867
21572
21572
21572
21572
21573
21572
21574
21574
21574
21572
21572
21572
21572
21556
21572
21572
21572
21572
21572
21572
21572
21572
21572
21572
21572
21572
21498
21498
10026
21572
21575
21557
21572
21571
21572
21572
21749
21572
21572
22041
22132
03595
13566
09516