01212
16697
02030
21900
01738
01665
02338
07571
04083
04075
03798
07114
00760
02313
03629
02470
02469
00088
07258
06215
08681
01875
15519
15518
06979
16961
02851
19551
22044
09685
02499
19578
05592
02205
02768
02769
02770
19689
13614
13615
16013
16012
03297
18198
07691
11741
18924
02083
06297
18939
18939
07260
18926
02015
02015
02016
01207
07106
07217
00946
06925
03789
06158
03637
01926
03116
03118
04078
04077
00847
03523
02250
03100
03088
06207
07175
01425
03588
02259
02275
02276
06878
08976
10255
02343
09747
06187
06317
00943
09770
02341
07461
07056
06284
01874
03424
05985
02528
06436
05592
00997
01775
07723
06959
03216
07180
09786
03809
03704
02073
06956
10979
03093
03799
08963
00899
08965
06311
06312
11210
01356
00615
03413
06433
06432
01681
06431
06434
02346
03217
09166
05606
09699
00167
00166
00382
00263
01720
02361
00216
03523
07084
01255
09775
03885
00364
07734
01778
03885
00872
01733
00003
03644
07090
07127
00783
07778
07693
03654
01118
13993
08153
03623
00459
01776
01358
06966
03321
01673
02003
00675
11184
06958
00384
11755
02500
01814
02501
01693
00013
00765
02502
01476
02205
06714
01939
03449
02939
08224
00991
01770
00640
01883
11145
03218
06962
03091
01425
07719
01707
01706
01449
03116
03118
01304
03215
03427
01154
01153
06332
06333
06334
07718
15532
00611
02254
00648
09458
02034
01867
15580
15581
00390
00958
00860
02304
09777
00942
03060
03073
02601
02867
02863
02864
02935
03043
03046
07590
02992
02355
02358
02946
02906
02926
02892
02886
02890
02982
02878
02904
07150
15975
15977
13993
02503
12410
07228
09682
00831
02503
03839
03839
05823
03752
03750
03753
03636
02003
02768
02769
02770
03100
00077
11216
03335
07727
01308
02036
02036
02038
02037
02040
08222
04564
09793
05967
01151
03527
06967
03086
09768
00381
03657
03611
01534
01118
03664
12573
03928
03075
05846
05845
05846
05847
05846
05845
05846
05847
01689
15633
01803
00927
00134
05311
13038
04066
01462
00604
03500
06941
06949
01783
02902
01752
07152
01754
11068
01687
06950
00432
00651
03704
06209
03979
06375
02899
02888
06401
03609
03610
03571
03570
03569
03630
06287
11754
01873
06417
01845
01698
01749
02497
02492
03978
01338
03544
03545
01704
01703
00052
01649
00053
01653
01652
03829
07095
00989
06330
07240
07240
05982
00012
03282
02372
02392
02392
03569
06283
03320
04751
06386
03823
13542
00363
00362
00372
00362
02575
09007
08094
01265
03310
06295
02818
02819
05520
07058
07300
01809
00123
02069
03410
03411
02405
02967
02357
09903
02838
00806
00981
00099
11749
01881
03763
09748
02600
07742
02519
02834
11753
00962
06410
03888
03887
00800
00817
01695
01696
01817
01609
00766
06208
01735
01736
00940
03183
06285
01495
03530
11065
04773
00858
01895
03151
04487
03311
04486
02986
01866
01895
04766
04768
02557
02556
02529
13853
01924
06878
03439
01975
01738
06901
06885
06314
00260
00973
06305
03648
00868
01193
02598
07246
03100
07160
06350
03817
07071
03565
06428
03575
10780
06422
01845
03564
03306
07220
15975
00286
05916
00791
03666
01448
06413
03665
01915
01126
01586
06408
06406
06405
06404
06403
03091
06379
01839
03315
01744
06153
00848
00686
06973
01810
09779
09683
01745
01712
01468
00756
11535
05346
04023
01442
02016
03088
03431
00820
05577
09822
03924
01951
03088
06901
01588
01589
01756
01923
01952
03547
06304
06303
06302
06301
06300
06299
01953
02291
06895
00860
00958
00390
00954
07001
07040
00077
03925
03438
08384
01928
01000
01925
03588
02563
00075
03589
04564
03308
03453
00658
00164
06423
00919
06412
04042
00948
02897
01056
03723
04769
03525
10255
03704
07736
03449
13653
06180
02440
00864
00111
13771
01647
03308
00375
08966
08967
15973
02557
02556
06920
01737
10026
09457
01449
07107
08591
02622
02621
03310
00963
01640
02160
01961
01647
00074
01126
01448
07699
06399
03631
03402
06442
01662
13789
03602
03601
01491
03625
01961
02160
06397
06396
06395
06394
06393
07141
10711
00285
09014
11717
09015
09013
02073
02072
02071
07476
02437
07516
00318
06888
08369
01142
02990
06942
03501
03495
03650
03217
03536
03327
05786
06999
03088
13979
05520
03088
00123
03624
00876
08303
08303
07082
07447
06019
13292
01443
03710
08972
02406
03701
03702
01007
03797
09811
09812
02836
03070
02423
02422
02407
02406
03563
13626
02397
02396
02398
07777
07039
09817
09816
05795
05795
08369
02000
02001
02002
07406
06890
00978
01709
08223
15738
08602
06886
00858
06180
03707
03154
03149
00941
00208
06342
01752
03655
03621
00645
02078
03685
03529
03110
03106
02959
06960
02860
00554
02884
14540
03470
04061
01903
01902
04096
03168
04094
03733
01419
09125
03816
01299
02526
01625
00874
01815
07444
07502
01776
01994
07107
00240
00239
00928
03703
03671
03522
03521
13770
08989
07456
02347
09888
01890
01889
03437
06426
02647
11473
06200
01804
02887
02916
02520
05339
05338
06131
07118
01428
01429
01430
03639
02379
06381
00790
02114
02112
02115
02111
02113
01732
02109
02110
02108
00761
00600
01808
07566
02493
02835
11686
07088
06133
03186
03305
06295
02003
03284
01247
03215
00627
00382
06425
09771
03885
01812
08322
01686
02529
00041
01685
07090
07217
06411
00133
00928
01714
03466
03710
08221
00995
09769
06416
00060
06168
06328
03555
01657
00057
03977
05739
02945
00945
01449
00384
00260
03654
07007
15532
01012
01935
02529
10117
07406
01869
11632
11631
11629
11630
07139
01953
00789
01610
14647
05837
02829
02828
02827
02826
00965
00849
14393
07224
07243
00788
00878
05820
06969
02761
01866
02548
03367
03739
14188
03740
14189
00826
02759
02761
02760
02961
02895
02931
02954
02994
02933
02881
02988
02907
02876
03076
01265
02919
02952
03322
07217
11692
11103
01921
01929
03147
03781
15553
15554
02954
01433
00931
00147
00549
13275
06213
01198
01805
01775
03116
02346
01753
07124
00286
02913
00036
10907
14155
07697
06347
06348
11614
07335
02057
02057
11616
05566
05567
05569
05571
07680
00763
06950
03466
00259
04780
01252
02363
06606
06605
03335
03336
03338
03337
00140
06608
04079
07148
00865
11476
03387
01223
03489
04041
02948
03040
02879
06173
02871
02996
01448
06294
06349
07552
07090
06885
02760
02759
02761
00847
01809
01599
01772
00231
01421
00648
11102
03800
02016
03569
01486
01462
00161
00162
00627
00382
01007
09773
01879
01878
03584
07042
07037
07403
09117
02970
03324
09761
02687
03686
04043
03687
03705
03596
06385
06012
02968
02340
02237
02239
09710
00969
07574
00014
07015
06371
03091
02103
00782
07693
07778
01224
12308
15772
15771
02529
03303
03092
13727
01779
00692
00796
01633
00950
04567
03696
04485
00375
07002
03893
03088
00655
11358
06199
06199
01126
00824
03315
01534
03480
03716
03415
01126
02445
08289
01613
07146
11102
03710
00826
01952
01952
00764
01933
11175
00602
01945
01486
03657
01972
07507
02435
02434
05979
08221
09767
00243
09776
07259
00266
00931
00286
06392
06391
06390
02356
03786
07001
03800
00283
00282
00605
02247
02013
04047
07650
11622
11619
02013
02015
02016
02003
02013
02015
02015
02016
03758
07038
07219
02020
02018
00145
00620
00930
01956
01955
03590
03531
06383
03091
03091
02013
05810
06997
09772
02221
04074
03101
06180
02825
00609
01465
01956
01955
01591
00762
15975
03797
01438
01034
01083
01872
03581
00566
04487
07478
01876
01892
01448
07560
00759
07462
07228
12257
06409
03210
00773
07568
03551
03550
06318
03310
06370
03517
00767
00278
04487
00012
01448
00963
05946
01809
07282
02529
06726
10441
01575
01652
03893
14665
03303
09190
09967
00891
01060
07074
00318
07089
02013
02015
02015
02016
03319
00491
01512
03657
03790
03667
03706
02387
02388
02408
02409
02410
02411
02412
02413
02389
02390
02385
02415
02416
02417
03413
02418
02419
02420
02421
02401
02400
02404
04562
03412
03407
03408
05366
10773
01893
00812
01579
01918
00606
03524
01734
00215
07704
01868
07738
01611
00134
00859
07636
00024
00031
01647
07113
00873
00850
01962
01963
02337
01755
01940
03638
00925
02909
03628
00790
01624
02490
01937
06131
06131
00373
00371
00370
02575
01887
00797
01821
01868
00928
02015
02015
02013
02016
00375
14166
00009
01232
03481
02749
02750
14205
02016
02015
02015
03088
03572
00646
15311
03785
03088
07651
07775
07399
06178
06374
06373
06024
05896
02859
00794
14652
00793
11752
03100
04047
07173
08998
01673
02909
00425
00426
01911
01661
02551
00963
00012
00688
00703
00975
00975
03652
03781
03088
00426
00425
00019
01029
01028
00563
03781
03300
13767
19427
06292
06289
15666
15664
15667
15668
15655
14234
14234
14234
14234
06296
00691
01728
15665
15656
11815
11814
10040
03296
14223
14223
14223
14223
14219
01977
01977
01977
01977
01977
01977
01977
01977
01977
01977
14220
14220
14220
14220
14236
14236
14233
14233
14228
14225
14225
14225
14230
14230
14230
00130
14742
02424
14232
14232
14232
10041
10039
10009
03293
14221
14221
14221
14221
10716
16043
16044
00571
14219
01985
01985
01985
01985
01985
01985
01985
01985
01985
01985
14237
14227
14227
14227
14218
14218
14218
14218
14218
01980
01980
01980
01980
01980
01980
01980
01980
01980
01980
14233
14233
14230
14230
14224
14224
14224
14224
14224
14224
14237
14237
14237
14237
14229
14229
14229
14229
14234
14235
14228
14228
14225
14225
14225
14225
14228
14228
14228
14219
14219
14219
14219
14233
14231
14231
14231
16052
14230
14226
14226
14222
14228
14219
14228
14218
18682
10010
10040
16188
10710
07155
15313
16248
00008
16247
06352
06353
06354
00483
06356
06360
10823
06366
11635
11633
13613
16331
07038
16593
16216
16509
03298
16511
01838
01739
01179
02480
01223
07698
06437
06362
11620
11623
03339
11624
13955
16167
16168
00104
15583
16511
01906
00652
16137
11195
10708
02564
00547
03535
01113
01424
00158
09167
08981
07315
03090
03095
14338
01560
03294
03307
07120
07098
05822
03635
06147
06147
02005
02004
03436
00882
03499
00059
00058
03406
01569
16509
00845
01934
02076
13300
02049
02619
03708
07067
09698
02050
11709
11708
11710
11707
02549
08680
02552
00700
09815
02056
05565
05568
05570
11636
11634
01223
16323
11735
06288
16169
16170
06290
02253
06372
06338
06359
11440
06322
06361
06364
11621
13274
01342
06429
02251
13533
11737
11737
03299
07069
03768
04763
03711
00027
01424
01515
06889
00241
01209
03471
01759
01209
00853
03316
00380
07213
00059
03406
05595
00625
00294
03491
01784
06910
01258
00010
06610
00851
06321
06340
06368
06319
06293
06369
06337
06323
06376
06388
03794
15328
06440
02491
06341
08174
15329
16169
13612
13611
09697
09696
01182
09815
01176
00016
01916
00294
07729
01226
03486
01104
08097
06889
02035
02033
15582
01092
01958
02274
02862
07177
01181
00274
01489
00059
00639
03647
00805
00805
01823
06313
07052
05337
00058
09763
07584
06402
02236
01719
04076
02428
07770
01679
11618
11617
01569
02004
02005
06325
01104
07114
07114
02116
08234
00027
02446
00616
03048
06147
00374
01480
01759
03488
01222
03488
06902
02755
02756
02757
01479
01619
00819
07652
07668
15986
15924
06343
05518
06329
11626
06335
13532
06344
15921
16301
02238
06948
00033
06889
07192
03499
03498
01813
03406
03406
03406
03406
07570
06377
03976
01719
00073
00949
07030
00059
09787
07305
07304
03469
03469
00121
14338
01243
07017
13628
03317
01466
09684
00564
00939
03593
03406
08093
01259
02004
01409
07052
02443
01835
01077
03294
07098
03713
00854
00867
00784
00033
01966
00929
00626
06286
04767
00027
01439
06023
02564
06603
02242
02241
02240
07692
01182
02004
09762
16263
15629
00135
02799
02800
02798
07720
02025
03455
07094
03698
07533
00626
00567
08969
08964
03697
11189
08483
03406
00841
09976
06196
00666
03307
01262
13280
02249
02246
02245
02244
02433
02243
03294
01297
00033
03386
02755
02756
02757
07052
01759
06346
06183
05020
01048
02051
15976
00010
06994
01077
05937
03492
07104
07586
11085
09825
07816
03455
03153
01760
08724
02824
02823
03299
03307
03784
01607
00657
00974
03886
07404
04517
00575
00010
07105
02414
04518
04488
00059
09764
03177
09693
06877
00712
00852
10440
10439
03700
02086
16202
16199
16201
16200
16203
07025
11144
03346
10563
07658
00027
00059
15770
03929
09022
05340
03321
01223
15770
06309
06439
03483
00034
05519
06424
16698
06365
06389
06326
06419
06418
13277
13276
15772
15771
16786
00090
17234
16787
03457
16785
16699
07257
11637
15337
10119
06421
06320
06297
10810
09681
00980
02031
16789
07979
02525
04757
15555
16694
16705
16706
00065
07250
01233
01708
15312
06336
06351
06595
06113
02277
07705
18924
06315
11641
13037
13281
06378
06415
00634
03429
11640
06339
02303
02032
02068
07029
10118
10118
10119
10117
00128
08166
16962
07315
00128
06331
10009
02424
12263
16786
16787
16785
11639
15657
11991
02809
02810
16918
16920
16919
16919
16921
06113
03417
00951
16899
02803
02804
16898
16869
16916
16917
16925
02538
16838
16963
02101
15327
15468
01218
21064
01897
17217
01992
01992
01992
01992
17103
17319
17319
17318
17318
16922
01990
01990
01990
01990
01990
01990
01990
01992
01664
11638
03457
00096
06430
17216
00034
01897
17320
17320
06298
00265
16235
08986
06427
04091
01537
17462
02029
19575
02028
17235
17236
03574
03574
01990
01990
01990
01990
10112
10112
01992
01992
01992
01992
17472
17686
01227
03292
03292
17836
01843
06518
06518
01791
00537
17752
02027
02026
17828
11928
07284
12574
12574
17838
01190
17763
17763
17763
17763
17763
07284
00661
17733
00128
00128
17758
17762
17734
01187
08221
18104
01046
00004
01101
18115
03892
05799
05799
03206
21471
07145
21469
21472
03719
03719
00632
21466
02809
02810
02809
02810
01046
18197
06880
18231
19242
11691
15973
19546
02372
06284
01679
07658
19417
11189
19449
06439
03768
19429
19430
06366
19420
01487
03742
16236
01200
00681
00681
08693
15640
09388
04749
06380
06384
09809
03332
18653
18652
12555
18654
18770
18672
18707
18692
18929
01971
18928
18925
18907
06147
09692
06147
07171
18967
03790
03790
03169
03502
04565
05593
03111
03111
03497
03496
03497
08191
19005
03526
19005
18979
07816
03741
06609
06609
19242
19563
00148
06893
07097
02483
02777
00354
01447
19220
00798
19223
19224
07149
01897
11194
01710
01447
11615
06345
19055
01447
00456
19225
00020
01785
19426
19433
19285
19286
19424
06884
06013
03722
03722
02771
01585
02100
01567
01992
00839
19422
19421
04771
04771
01400
19302
19405
19411
00525
19432
00903
19419
19423
19425
03574
19428
19431
19418
07149
18567
19550
02032
06881
19577
11625
00887
21755
19552
19549
19548
19547
08164
19707
19701
01258
07119
19802
19955
19955
05770
18889
20074
18907
12132
20201
20116
20117
20118
02763
02764
02765
21613
11196
01612
20534
08884
08884
02483
18890
20534
21759
20628
22103
20742
07258
22106
01271
01208
21029
20895
03148
21064
21023
08968
00821
21064
00435
00526
01174
01520
00560
03546
02316
06217
01493
00287
07474
06909
03553
00857
02314
02335
21285
03328
03293
03293
05375
21416
21417
06607
06607
21405
21464
21481
21465
21467
21468
21567
21493
21601
21493
21600
21567
21488
21488
21491
21743
21745
11923
21701
21802
21902
21935
21959
18244
19302
06299
21959
00549
22043
21993
01463
00754
22135
22136
03595
14274
22132
22109
01932
22116
22230
22187
03547
22278
03077
22301
22299
02257
02257
22299
22301
09988
13566
18672
22441