04518
01897
00763
00029
02015
00262
00970
02860
00790
00942
00850
01834
00831
00351
00350
00349
00348
00347
00346
00018
02005
02003
02004
01057
00036
00033
01711
02377
02959
01818
02429
00688
02123
02120
02118
02117
02121
03086
00793
02039
02036
02038
02040
01886
01709
00978
03218
02338
00075
00639
01586
00928
02500
01814
02501
01433
01805
01870
03437
01812
00041
01790
01790
00012
00012
01807
00099
01714
02469
03110
02913
02902
01409
01990
01881
01531
01190
00773
01338
01338
01876
02823
00554
01972
01734
02548
02548
01710
00973
00937
03088
00560
00287
03424
00945
00850
01647
00031
01681
00053
01653
01652
01687
01736
03169
02015
02013
00057
01810
01914
02313
01633
01734
02517
02939
02963
02990
02355
03088
00800
01662
03385
02342
01686
00865
00652
02169
01935
03303
01095
02003
01489
00259
02371
00767
03088
00275
01759
03106
00428
01270
01190
00616
01834
01889
00927
01624
02837
00067
01952
02002
01620
01012
03150
01892
01939
01738
02472
00052
01704
01703
01649
00912
00946
03424
04047
06287
03775
03525
01153
01154
00757
00764
03455
03210
00859
03284
02361
01911
03601
01933
01934
00266
01091
03655
06158
06180
01695
01817
01609
00766
01657
01953
01424
01658
00937
01915
01778
01126
00266
00265
00820
01955
01956
00971
03217
01937
00012
01791
00640
03612
03613
03617
01784
00919
02314
01142
03313
01265
01006
03150
03147
03149
00788
03154
03100
02824
02003
02003
00606
02112
02114
02110
02109
02113
02111
02115
01938
00600
00610
00609
00979
00948
02619
00700
01915
01902
01903
00645
06188
06207
03575
03497
01714
00656
03490
02557
03088
03111
03801
03773
01613
02838
01676
00857
03169
01740
01246
01733
01424
00651
01951
01548
01547
01546
02884
00845
02003
01588
02342
01744
01424
00971
02956
01610
00761
01251
01092
00852
00852
03387
03307
02481
03088
00634
03296
02527
03703
03665
02523
01619
00759
03495
03100
00215
00677
03296
01190
02614
01883
00566
02078
03473
00891
01585
00930
04759
02314
00995
01858
02481
02343
00156
00156
00286
01740
03975
00262
03340
00969
00525
00705
01897
03977
02909
03695
00278
00382
00950
00789
01866
01815
00046
01945
02335
00868
03088
03521
03498
03654
00858
02477
01144
03702
03701
03595
03536
03100
00991
03522
00981
03310
01153
03088
01689
00605
02897
03553
03564
03306
03088
01151
00845
01752
01200
01176
01661
00876
06199
03321
02839
03811
02040
00648
01686
00566
02437
03092
00929
00962
03624
02503
01580
01425
01235
01745
01468
01712
02879
03040
02986
02948
02952
02518
01265
03076
02876
02907
02988
02881
02933
02994
02954
02931
02895
02874
02961
02904
02878
02982
02890
02965
02886
02892
02926
02906
02946
02355
02992
02950
03046
03043
02935
02864
02863
02867
02601
02358
01885
01104
03530
03530
00657
00688
03501
00058
01372
03328
03088
01791
01791
01119
03778
04077
07043
00655
03547
03546
02687
03711
04043
00176
01791
03787
03594
03648
01811
01191
03781
04763
03325
01928
03438
03088
01129
01520
00133
03308
01929
00796
00625
00925
03630
01785
04078
00567
03786
01785
01897
02836
02564
01443
00845
01880
02429
03169
01869
03517
01912
07729
00895
00382
01808
00615
01209
01804
01572
01572
01960
00847
00340
03718
03088
03798
03924
00548
00876
00765
00013
00817
01465
02564
03168
01887
01284
00174
00175
02834
02337
00873
01785
01791
03088
00656
02529
03269
03565
01802
02341
03771
00558
03658
03077
01785
00849
01785
01809
00012
00860
00957
00956
01462
01868
02520
02916
02887
01192
00973
03657
03499
01662
03116
03118
01815
02775
02564
03534
01091
00208
03644
00791
00677
01738
01187
02346
00854
01619
01737
03737
01710
03271
01685
00874
03629
01493
01284
00134
03282
01951
03976
03978
03685
06201
06213
03814
01918
01579
01875
02899
02888
01627
00791
03748
03744
03925
03816
02536
01591
02835
00014
03183
01923
01190
03088
01443
01443
02600
02519
03470
02470
02968
03531
03590
01924
02563
01925
01000
01077
02356
02914
01921
00147
00931
01776
00806
02493
00762
01755
01895
00286
00145
01940
03402
00848
01813
02856
01629
00048
00059
03327
02911
00648
02065
01358
03544
00088
01867
01955
00661
01756
01893
02871
02996
02967
02357
03113
01770
00566
00826
01993
03474
03152
00991
00940
01803
01495
00604
01783
01840
00432
01735
01872
00951
03496
00748
03827
00981
02528
01270
01190
00384
01915
02945
01873
03070
00097
03075
03305
00760
00939
03444
01159
03555
00854
03101
00652
03723
03839
06173
03152
04773
04079
03650
03439
03744
03839
03800
04762
02069
02551
06177
04761
01206
01201
00179
00180
03783
04041
00330
00338
03543
00339
00425
00426
01206
01206
06131
03559
01056
04069
02005
02005
03561
00337
01926
03631
00342
00343
00240
04068
00241
04069
01980
01980
01980
01980
01980
01977
01977
01977
01977
01977
04567
00341
04096
00239
03177
07407
02037
00640
01665
03734
03686
07106
03466
03088
03687
00331
03596
04564
06217
04485
09015
05366
02004
02004
03551
03550
05349
05349
05349
03885
03924
03615
02014
05367
04486
03270
05349
02014
02013
01992
01992
01993
02014
06518
02108
01990
06147
06147
06147
06147
02068
02016
02066
02004
02004
01991
02004
05807
05810
01990
01992
02016
02014
05776
06178
03527
03741
02529
01990
02426
03587
02014
02051
02001
06167
06153
06142
05349
06143
03281
05595
02003
02005
07560
03526
02428
01448
03427
00954
07011
03427
08138
07089
07133
07075
07107
07107
06861
07114
07139
06001
01258
06889
07460
07175
06969
06970
07240
06885
07071
00297
06942
00602
07118
07082
07220
06966
03386
07079
06950
06920
07301
07282
07114
06934
06911
06889
06973
06975
07133
07098
07098
06949
06949
07507
09811
07192
06941
06897
03654
07456
07133
07133
07133
07223
07005
06950
07085
07085
07085
07273
06889
07058
07053
07056
07056
10206
07095
01551
01551
06925
07407
07137
07001
07001
07037
07407
07263
07011
07031
07407
07027
02124
07011
07078
06996
07148
06997
07277
07001
07114
06871
07025
07447
06894
07164
07115
07391
07443
07045
07001
07386
07387
07052
01130
08156
07025
07052
06921
08191
07444
07462
04066
09013
00847
03584
03589
03797
05970
03718
03797
05970
09758
06113
09014
08999
01696
00783
08998
00782
10773
08289
08307
08303
08303
01912
06975
01787
01186
01241
00226
03561
01278
08218
03696
07259
09117
11381
03701
10563
10563
00666
01841
09469
03585
09459
08676
09458
00833
03799
00794
03924
01277
05515
01874
03797
07727
01224
08641
07478
08169
03496
07735
03307
03654
00784
06889
07568
04075
08223
09125
03614
07588
03570
03569
03572
03545
03593
09922
02621
02622
03315
01897
00949
06041
01447
00243
06223
10947
09790
01961
01961
07646
01667
02428
02340
00658
06131
11105
03628
11072
11071
00177
00175
00174
03561
11069
03469
01993
11927
11070
11175
09955
01847
00812
03664
05970
07791
05970
05970
12340
12251
01625
11749
12308
12308
03733
01197
09955
02316
07568
10206
01447
11065
03744
03744
02484
11175
07566
03602
11068
01163
01673
05349
11537
11755
03710
09702
06872
01126
04751
13043
05595
01297
12267
03426
12410
12373
12373
01491
06959
13378
08301
12257
12373
03499
07240
01847
11753
11752
03524
11717
11527
01243
01089
09807
01890
01950
06911
00067
00067
01787
01787
09812
12308
03657
05989
11754
00281
09011
06187
13038
12373
12373
13747
01079
01992
03671
03568
07270
07240
07240
09761
13789
03979
02217
09955
01262
12373
03655
12524
00703
03832
09457
12373
12573
12373
09861
02217
12373
12942
04516
09955
03088
03088
07783
13652
01534
02238
07133
00024
00024
09964
13821
03088
00603
13652
03719
03559
14218
14218
14218
14218
14218
14218
09810
14155
01843
07343
01190
07405
05592
14228
14229
14229
13993
06168
03296
00941
14155
14219
14219
14219
14231
14231
08325
14230
14228
14219
13004
01190
14221
14221
14219
07075
00290
14220
14220
03088
07075
14228
14223
14234
14229
14229
14222
14232
03442
09789
00721
12340
01985
01985
01985
01985
01985
14223
14236
14236
14225
14225
14233
14445
14441
14226
12373
01190
03307
03307
14224
01130
14235
14235
14221
14234
14237
14237
01607
14225
14225
14225
14225
14224
01173
09903
01966
01524
01173
05606
14652
18332
14233
14233
03215
14225
01051
14230
01533
14232
14233
14233
14228
14228
13993
14234
14234
14234
14219
14227
14227
14227
14227
14227
00661
14228
14230
14232
14232
03625
03324
15725
15726
16089
03088
03088
03088
03088
03088
03088
11741
09710
14415
01082
09817
03770
03530
05837
15633
15635
06180
15738
15669
00210
15727
15725
15460
06180
15532
03273
03088
00812
03088
03088
03088
15876
09704
10716
03320
15987
15727
00254
08679
01719
15977
15726
16089
15726
03671
16053
09022
16052
01190
06158
00537
16212
03327
17758
03559
17759
03453
00844
11645
16345
16363
16264
11645
03699
02000
05349
05349
02040
09815
02067
15923
01960
09808
09808
16936
16937
21571
06113
07091
12343
11720
17716
17103
21681
01835
01206
04084
15923
05601
17680
03561
03832
01572
03088
19271
17828
01537
07322
06142
06142
09181
03606
03585
00077
03088
04486
01187
01278
02529
03711
17836
03088
05808
01187
00788
13694
00764
18138
14742
18234
19049
03742
18581
01190
01190
01187
01966
00640
00928
01438
01051
01804
01190
01190
01190
07407
01193
01187
01187
01187
01573
01130
01191
15923
00951
10907
12995
01205
01205
01205
01206
01206
15923
03707
00950
01599
02230
08884
03332
18707
18691
18682
18785
18928
18929
19052
19052
08961
08961
18979
11991
19050
00986
08678
00798
01154
19225
19068
19265
19302
01990
01992
01992
01992
06131
19271
05988
06881
01990
01187
05349
12373
12373
01442
01442
01130
01130
01130
01126
01126
01081
12995
03587
03088
03655
15532
01790
02230
01790
07636
03592
13652
03088
03088
03088
03088
02529
02529
03711
03088
03088
03088
03088
03088
03088
03773
03771
03088
03803
02961
09748
01173
05516
03169
09888
03585
03585
02004
02429
18139
03322
01448
01448
03585
03655
02004
08218
16089
01991
01991
01991
01991
05340
02856
15727
07713
07713
05595
03832
03543
02477
02217
05989
05989
03630
07497
03558
06966
07148
01154
01154
01154
01154
01154
03427
03534
03534
05970
05970
05970
01811
01811
03734
05989
04069
09760
07483
07483
07483
07483
07483
07483
07483
07497
03305
03455
03325
07282
01133
07053
07148
09704
09704
09793
09939
09955
09973
01775
03588
03284
06076
07713
00848
03332
02472
01262
09816
07783
19802
03616
19997
12132
20265
20074
20534
20866
21029
21071
21055
21063
21132
08968
21065
21065
00821
21636
21279
21572
21572
21572
21572
21572
21573
21572
21573
21574
21574
21572
21572
21572
21572
21572
21572
21572
21572
21572
21556
21572
21572
21572
21572
21572
21572
21572
21572
21572
21575
21572
21572
21572
21572
21572
21572
21572
21572
21572
21572
21572
21572
21572
21572
21572
21572
21572
21572
21572
21572
21557
21572
01176
21571
21571
21571
10026
21572
21572
21572
21750
21572
21572
21572
22132
08364
00602
13566
18331
18330