01983
09022
06180
05807
01872
03563
01919
01150
09761
01807
01886
01937
01689
06194
01770
00991
00860
00957
02302
00390
00381
03673
03978
06207
00942
06980
02836
04567
01586
13292
06168
07042
06189
01869
02340
00969
03076
02876
02907
02988
02881
02933
02994
02954
02931
02895
02874
02961
02904
02878
02982
02890
02965
02886
02892
02926
02906
02946
02358
02355
02992
02950
07237
07236
07235
06141
01867
01783
01735
00891
01839
02837
07400
02170
01920
07447
03439
03575
01776
09802
00762
03980
02386
02387
02388
02389
02390
02391
02392
02393
02394
02395
02396
08300
02911
02078
00943
02341
03424
07337
01893
00763
12297
15738
07146
01873
01255
00611
05592
00962
02956
02834
02519
02600
03075
03431
03798
03624
00790
02888
02899
00133
00927
01624
03583
03582
03581
08304
00794
03625
01662
02300
02299
02298
02297
03545
01358
03544
01338
03770
02343
04079
01491
01883
09158
03704
00014
07566
01462
00604
02879
03040
02986
02948
02952
02919
02939
02963
02990
12573
01939
04087
04088
00791
00009
01810
13288
01448
02909
01419
03667
04080
00528
04568
00954
15984
08224
01778
06202
01749
03628
03671
03656
00053
01687
04487
04082
04044
04755
03977
01657
01649
00052
01703
01704
02871
14170
03106
02959
02860
00554
02884
03568
03786
03979
02996
03557
02399
00330
00331
13378
00334
00337
00338
00339
00340
00341
00342
00343
11754
03558
00948
00919
02835
02493
00925
13788
11107
02469
09945
03648
03687
00858
07390
03683
04564
01056
06942
01733
00872
12524
00760
06204
06173
05365
03070
00859
00364
00163
00627
00382
15724
03531
03590
01921
00549
00602
05787
03046
03043
02935
02864
02863
02867
02601
03073
00075
00297
01940
01755
03071
00640
03086
02970
03272
06153
01738
01972
02408
02409
02410
02411
02412
02413
02416
02417
02419
02420
02421
02913
02902
09800
03592
01924
02563
03588
01925
01000
01928
03587
03586
03438
01653
01652
01265
02967
02357
09903
02838
00099
00806
07277
02372
02337
01881
02401
02400
01887
03271
03687
03664
11991
00997
03685
03100
03596
00566
01756
08308
00208
01147
03801
03644
01591
06131
07056
00615
01714
01736
00765
00013
00817
01089
02501
01814
02500
11755
01494
01874
04075
00793
10773
04066
01866
05997
01626
01868
02520
02916
02887
01889
01890
04764
00773
03210
01879
01878
01151
02897
03771
02528
01955
01956
00215
03527
03101
01870
02968
03686
04043
03495
02108
02110
02109
02113
02111
02115
02112
02114
02470
02338
02313
02914
03536
03217
03650
04078
04077
02356
02317
03110
03089
00820
04042
10806
06190
01695
01696
13498
00766
06178
03168
06941
01892
00600
01935
01012
00833
03723
09808
00134
03839
01669
00164
00658
00850
02440
01803
05788
02945
00800
00831
01875
00384
02518
01876
09816
09817
00873
00036
03799
03704
03608
03609
03610
15035
14235
14234
00674
03469
02342
00769
00647
00616
01439
00033
01525
03286
06179
00059
03177
02427
04085
03442
11179
00939
03747
03784
00380
01916
03386
01243
01082
02798
02799
02800
04488
01409
02858
00974
08483
02784
01885
01507
04774
01092
07404
00564
14219
14229
01980
01069
00956
09476
01977
16322
01834
14228
14223
14230
14234
14236
14237
01978
14227
14221
14228
14228
14222
14233
14233
14219
14219
14230
14232
14233
14230
14231
01985
14224
14225
14226
14237
14218
14225
14218
14220
02778
02779
09810
04771
02503
08316
01658
01497
03772
09747
18889
07790
03111
00335
03526
02777
01498
00336
18890
00525
00526
00560
02314
01520
02315
02316
00287
02335
03595
02257