01985
14222
03297
14230
15035
03495
02108
01739
14742
08316
00974
00568
02075
02110
02112
02114
04042
03650
03217
02914
03536
02109
02113
02111
02115
02338
14230
14218
14235
14219
14229
14219
11991
01069
03562
03641
03640
00945
00800
00831
01875
03634
03466
00384
02518
08308
00566
00655
03926
04078
04077
02356
01613
13288
06925
01448
00791
03665
04088
04087
01939
03218
02990
02963
02939
07278
09800
02523
02888
02899
03979
03624
01955
02528
00097
03771
04744
01704
01703
00052
01649
03438
03586
03587
01928
01929
01000
01925
03588
02563
01924
03589
03590
03531
02535
03070
06204
00950
00382
00627
00163
05365
01937
01689
00381
00390
02302
00957
01082
03798
00796
03431
03075
02600
02519
02834
02956
00962
05592
02344
12524
00872
01733
04043
03686
02968
11753
01870
03101
03527
00215
01956
00860
05589
00991
01770
06194
01872
03563
02959
02860
00554
14232
14219
14236
02470
04080
01878
01879
04564
01414
03179
09823
11102
00611
01873
02339
01255
07091
11720
06861
09774
11719
00790
09908
02871
02996
07056
03086
02970
08591
01633
03272
03322
01972
01738
02045
02047
02046
02048
00615
01714
00761
03189
03188
03046
03043
02935
02864
00891
07400
00133
03284
01778
01749
02863
02867
02601
03073
02358
02355
02992
02950
01867
01783
01735
03628
11752
00794
03625
01095
01662
03151
02300
02299
02298
03470
02337
01962
04075
01881
03273
01961
02160
03786
03569
03570
03571
03568
03592
01338
00759
02343
03269
01883
01491
05837
05515
09710
02340
06890
06942
01056
00948
00919
02494
00053
01754
01687
00826
02841
02527
02913
02902
00942
03060
03673
03671
02493
01627
01868
02520
02916
02887
01889
01890
03800
05997
09014
09013
09015
11717
02426
00793
07390
03683
00275
01866
10773
03186
00979
00912
02945
02835
01756
09808
09808
07337
03424
02341
00943
02078
00645
00648
03621
02911
08300
00995
11940
01716
01893
00208
01657
00766
13498
01696
01695
01834
03184
01443
01886
03839
00242
00239
00240
00164
00658
01903
02884
01626
14187
14170
05807
06180
03695
00075
03524
03594
02946
02906
02926
02892
02886
02965
02890
02982
02878
02904
02961
02874
02895
02931
02954
02994
02933
02881
02988
02907
02876
03076
02919
02952
02948
02986
03040
02879
00604
01462
07566
00014
03271
00773
03210
03072
03074
02297
01358
03544
03575
06997
07447
07735
00789
00927
01624
01807
09888
03185
06980
02836
04567
01586
08311
13292
03583
03581
03582
01265
02967
02357
09903
02838
00099
00806
00981
11749
07277
06142
02536
02372
00677
00748
03643
01869
03820
06189
07042
01902
00036
00873
01876
01887
03980
08162
02467
09802
01141
00765
00013
00817
01089
02501
01814
02500
11755
01874
01495
02897
01921
09475
02469
11107
00343
00342
00341
00340
00339
00338
00337
00334
13378
00331
00330
11754
01963
06173
03473
07320
01428
01429
01430
03190
01951
00116
03977
01892
06941
00940
04487
00600
00997
03474
03685
03100
03596
03648
03687
00858
06186
03664
00998
00602
11258
01652
01776
00297
02909
00528
01803
00850
00640
00057
03274
15724
03832
06131
01142
04773
00134
03611
03610
03609
03608
01665
03704
01736
00939
07404
06078
01679
11085
03469
02342
03386
01480
01934
00674
02564
00241
03560
02014
01760
01507
02427
01525
00380
03177
09810
03316
09022
02074
01409
09806
02858
01885
02784
08483
00616
01439
01719
00647
00088
01092
02619
00059
02793
02794
02795
11179
00033
14230
03182
03688
03183
09760
00549
03089
01810
00651
14219
14225
14221
14224
00526
01977
01980
16322
01978
14228
14228
14228
14228
14228
14231
14225
14233
14233
14233
14233
14234
14234
14234
14223
14237
14237
14229
14220
14226
14227
04772
06075
00956
02503
01664
00813
01658
01497
18800
03646
03111
00335
03526
19235
00336
19304
02796
20862
02314
02316
01520
03676
00857
00525
06217
00287
02335
22051
02257