01212
08153
16697
07149
21900
01218
01992
01992
01992
16961
19689
02851
22044
06979
05592
02205
13614
01992
01992
16013
16012
03297
18924
11051
13767
07691
11741
18924
19417
02083
05520
18939
18939
18926
01732
04567
03696
04485
00991
01770
00640
01883
11145
03218
06962
03091
02913
03073
02601
02867
02863
02864
02935
03043
03046
07590
02992
02355
02358
02906
02926
02892
02886
02965
02982
02878
02904
02961
02895
02931
02994
02933
02881
02988
02003
00928
02015
02015
02013
02016
00375
14166
00009
07160
06350
03887
03888
00215
01734
03524
00606
01918
01579
00812
01893
10773
05366
07502
07444
01299
03816
03636
03753
03750
03752
05823
03839
03839
09776
02907
02876
03076
01647
03308
03088
00655
11358
00646
06199
06199
01126
12410
00824
03897
07228
00928
00133
06411
06410
00962
11753
02834
02519
07742
02600
09748
03763
01881
11749
00099
00981
00806
02838
09903
02357
02967
02405
03411
03410
03408
03407
03412
04562
02404
02400
02401
02421
02420
02419
02418
03413
02417
02416
02415
02385
02390
02389
02036
02036
02038
02037
02040
08222
04564
09793
05967
01151
03527
06967
03086
09768
09773
01879
01878
03584
07042
07037
06438
07403
09117
02970
02013
02015
02015
02016
03758
07038
07219
02020
02018
00381
03657
03611
01534
01118
03623
03664
03217
03536
03415
03716
03480
13770
08989
07456
02347
09888
01890
01889
03437
06426
02647
11473
06200
01804
02887
02520
05339
05338
07704
01868
07738
01611
00134
00963
05946
01809
07282
06295
02529
06726
10441
01575
01652
03893
06330
13653
13979
00375
07734
00375
07010
00005
07552
09458
07090
07246
03306
03088
07090
07007
02529
10117
07406
01869
11632
11631
11629
11630
07139
01953
00789
01610
04047
00790
01624
02490
01937
06131
06131
00373
00371
00370
02575
01887
00797
01821
06885
06314
09384
06332
06333
06334
06890
00978
01709
08223
15738
03319
00164
00658
03453
03308
04564
13993
01118
03654
08976
06878
11216
00286
00931
03657
06342
00208
00941
03149
03154
00686
00459
06973
01810
09779
10907
14155
07697
06347
06348
11614
07335
02057
02057
05566
05567
05569
05571
02761
02760
03652
02015
02015
02016
03893
02760
02759
02761
00847
01809
03781
01442
00426
00425
00563
03781
03300
07719
15975
15977
01449
03116
03118
01304
07039
09817
09816
05795
05795
08369
02000
02001
02002
14665
11210
06379
03091
06403
06404
06405
06406
06407
06407
06408
01586
03100
11752
00793
14652
00794
02859
05896
06024
06373
06374
06178
07399
07775
07651
03091
03091
06383
03531
03590
03589
00075
02563
03588
01925
01000
01928
08384
03438
03925
00077
02911
07040
07001
00954
02276
02275
02259
01876
01892
01448
07560
00759
07462
07228
12257
06409
03210
00773
03551
03550
06318
06370
03517
00767
00278
04487
06209
03979
06375
02899
02888
06401
03609
03610
03571
03570
03569
03630
06287
11754
06966
03321
01673
00675
11184
06958
00384
11755
02500
01814
02501
01693
00013
00765
02502
06019
13292
01443
03710
08972
03701
03702
01007
02313
02338
03629
02470
02469
06215
08681
01875
00865
15519
15518
06306
02343
09747
06187
06317
00943
03575
10780
06422
01845
03564
03147
02034
03781
15553
15554
02954
01007
01805
01198
01915
03665
06413
03666
00791
09699
00167
00166
00382
00263
01720
01647
00074
01126
01448
01775
07699
06399
03631
03402
06442
01662
13789
03602
03601
01491
03625
01961
02160
06397
06396
06395
03644
07090
08153
10711
00285
09014
11717
09015
09013
02073
02072
02071
02205
06714
01939
02939
00692
08987
03817
03322
07217
11692
11103
01126
03530
01534
01449
09457
10026
01737
06920
02556
02557
15973
08967
08966
08965
00899
08963
03799
03093
10979
00859
07636
00024
00031
01647
07113
00873
00850
01962
01963
02337
01755
01940
03638
00925
11065
04773
00858
01895
03151
04487
03311
04486
07240
07240
00012
03282
02372
02392
02392
03569
06283
03320
04751
03588
06386
03823
06131
07260
03449
07217
00946
06925
03789
06158
03637
01926
03116
03118
04078
04077
00847
03969
06872
03088
07443
09125
03704
00651
00432
06950
01687
00655
11068
01754
07152
01083
01685
02529
01812
03885
02069
00123
07507
02787
02788
01224
00077
07173
08998
01673
02909
00425
00426
01911
01661
02551
07552
00260
01790
00067
00973
06305
03648
00868
01193
14647
01265
02919
02952
03040
06173
02871
01448
06294
06349
02015
02015
02016
01207
07106
03088
09682
00831
02503
01599
01772
00231
01421
00648
11102
03800
02016
03523
02250
02413
02412
02411
02410
02409
02408
02388
02387
03706
03667
01419
03733
00491
01512
01265
13993
02818
02819
05520
02529
00014
03785
07058
07300
00266
01868
07259
01961
02160
01640
00963
01935
01012
01028
01029
00019
00645
03707
06180
00858
06886
08602
15581
15580
01867
02034
09458
00648
02254
00611
01955
01956
00930
00620
00145
00763
06950
03466
00259
04780
01252
02363
02361
00216
03523
07084
01255
09775
03885
00364
14189
07458
09683
01745
01712
01468
00756
11535
05346
02016
06606
06605
04094
03168
04096
01902
01903
04061
03470
14540
00554
02860
06960
02959
03106
03110
03529
03685
02078
00645
03621
03655
01752
01752
02902
01783
06949
03324
09761
02687
03686
04043
03687
03705
03596
06385
06012
02968
02340
02237
02239
09710
00969
07574
00014
07015
06371
03091
01809
12573
03928
03075
05846
05845
05846
05845
05846
05847
01689
15633
01803
00927
00134
05311
02103
09770
02341
07461
07056
06284
01874
03424
05985
02528
06436
06423
00919
06412
04042
00948
02897
01056
03723
04769
07571
06382
04075
00760
03798
03525
04083
01738
01665
00796
01633
00950
03216
07180
09786
03809
03704
02073
06956
06180
02440
00864
00111
13771
15311
03572
03555
06328
06168
00060
06416
09769
09190
09967
15652
00891
01060
07074
00318
13542
00363
00362
08094
06133
03186
03305
06295
03088
03654
00260
00384
01449
00945
02945
03977
00057
06398
03530
01495
06285
03183
00940
01736
01735
06208
01657
00766
01609
01817
01696
01695
00817
00800
03588
01425
07175
06207
00382
00627
00162
00161
01462
00995
08221
03710
03466
01714
06394
06393
06392
06391
06390
02356
07001
03800
00283
00282
00605
01308
03315
07476
02437
07516
00318
02013
04047
07650
11622
11619
02013
02015
02016
06888
08369
01142
13531
13530
02990
06942
03501
03495
03650
03569
00077
03100
02768
02769
02770
02003
01873
06417
01845
01698
01749
02497
02492
03978
01338
03544
03545
01704
01703
00052
01649
00053
01653
01652
07095
00989
01776
01994
07107
00240
00239
00928
03703
03671
03522
03521
03797
09811
09812
02836
03070
02423
02422
02407
02406
03563
13626
02397
02396
02398
07777
00012
01448
01921
01929
05592
00997
01775
07723
06959
01118
03704
01779
07727
06213
13275
00549
05820
00147
00931
01433
15975
07220
02986
05916
01866
01895
04766
04768
02557
02556
02529
13853
01924
03466
06878
03439
01975
01738
06901
07118
01428
01429
01430
03639
02379
06381
00790
02114
02112
02115
02111
02113
02109
02110
02108
00761
00600
01808
07566
06387
02493
02835
11686
07088
02909
03628
03924
01951
03088
06901
01588
01589
01756
01923
01952
01952
01952
00764
01933
11175
00602
01945
01486
03657
01972
07507
02435
02434
03215
01034
01438
03797
03489
01223
01201
15975
06999
05786
03327
05916
06153
05520
05837
03829
02829
02828
02827
02826
00965
00849
07224
07243
00788
00878
06969
02761
02548
03367
03739
14188
03740
00826
02759
03431
00820
01126
02445
08317
08289
01613
07146
11102
00826
01425
07717
03100
03547
06304
06303
06302
06301
06300
06299
01953
02291
09767
00243
07335
06941
03500
00604
01462
04066
13038
03060
00942
09777
02304
00860
00958
00390
00762
01591
01955
01956
01465
00609
02825
06180
03101
01870
04074
02221
09772
06997
05810
02013
08224
00123
03624
00876
08303
08303
07082
07447
01872
03581
00566
04487
07478
00782
03303
03092
13727
01193
02532
03484
01358
03284
01247
03215
00627
00382
06425
01232
03481
02749
02750
03623
14205
07071
03565
06428
03310
02621
02622
08591
07107
06434
06431
01681
06432
06433
03413
00615
01356
01839
03315
01744
02346
01753
07124
00286
00036
02346
03217
05606
01778
03885
00872
01733
00003
03335
03336
03338
03337
00140
06608
04079
07693
07778
10255
03387
04041
07141
00783
01476
00130
19427
15661
15662
15663
06292
06289
15668
15654
15655
14234
14234
14234
06296
01728
15667
15656
11815
11814
10040
03296
14223
14223
14223
14223
14219
14220
14220
14220
14220
14236
14236
14233
14233
14228
14225
14225
14225
14230
14230
14230
18104
07104
06196
09976
04763
03711
00027
01424
01515
06889
00867
00784
00033
01966
04763
13628
03317
03386
03518
01560
00547
05937
00158
03697
08964
08969
00567
10563
07658
07120
01176
03307
02823
02824
03976
14338
01243
00851
03299
03929
00059
06286
01104
00027
07094
03307
02433
01759
03784
03307
01759
01222
00088
07258
07586
11085
09825
02035
02033
13953
01181
00854
03713
03647
00929
00626
01466
09684
04488
00819
07652
07668
15986
15976
01113
01182
09815
00016
15629
06889
03783
07258
03768
09763
08724
07177
02862
02274
01958
07105
04518
07584
06402
02236
09762
06023
02564
09167
08981
07315
03090
03095
07404
01297
03294
04767
00027
01439
07114
07114
02116
08234
00027
02446
14338
03294
00058
00059
01760
03153
03406
03406
03406
03406
07570
05565
05568
05570
03491
01784
01258
03488
01916
00294
00121
08093
00058
05337
07052
06313
01823
00805
00805
00575
04517
01092
03499
00882
03436
02004
01719
04076
02428
00241
01209
02242
02241
02240
07692
07032
00121
00657
06183
05020
01048
02051
02049
02050
00616
03048
06147
00374
01480
03294
10947
01081
02443
01835
01077
00639
00059
09685
02499
07114
02619
03593
01092
03698
07533
00626
02414
09787
00059
07030
00949
02238
06948
05595
01784
01226
03486
01104
00666
00652
03455
07816
15582
02033
02035
06994
01262
13280
02249
02248
02246
02245
02244
02243
00845
01934
07770
01679
11618
11617
07052
01759
06902
02755
02756
02757
01479
01619
00010
06610
07017
03492
01409
07052
03469
03469
07304
07305
01719
02530
01220
02786
02549
08680
02552
07192
03499
00625
00294
03708
07067
09698
00564
00939
03294
03455
03177
09764
02076
13300
01489
01569
02004
00135
02799
02800
02798
03886
01569
00974
02086
03700
06877
02005
03635
05822
07098
00841
03406
08483
00853
07025
11144
03346
11189
09693
00712
00852
10440
10439
06325
03471
01209
03488
00380
07213
00059
06346
03316
02424
14232
14232
10041
10009
10039
14221
14221
14221
14221
10716
16043
16044
00571
14219
14237
14227
14227
14218
14218
14233
14233
14230
14230
14237
14237
14237
14234
14235
14229
14229
14229
14228
14228
14219
14219
14219
16052
14230
14231
14231
14231
14226
14226
14222
14219
14219
14228
14218
18682
10010
10040
16188
13615
15313
16248
00008
16247
06352
06353
00483
06355
06291
10823
10710
06366
06360
11635
11633
13613
16331
07038
16593
16216
16509
02197
16511
01739
05846
05847
02480
01977
01977
01977
01977
01977
01977
01977
01223
06437
07698
06362
11620
03339
13955
16167
16168
00104
15583
16511
01906
06324
10708
01223
11636
11634
16323
16169
11735
06288
06290
02253
06372
06359
11440
06322
06361
06364
11621
13274
01342
06429
02251
06414
14225
11737
13533
06321
06340
06368
06319
06293
06369
06323
06376
06388
03794
15328
06440
02491
06341
08174
13612
13611
15924
06343
05518
06329
11626
06335
13532
06344
15921
16301
16263
16202
16201
16200
16203
09022
07045
05340
16264
03321
01223
06439
03483
00034
05519
16698
06389
06419
06418
13277
13276
16786
00090
17234
16787
16785
16699
05825
07257
11637
15337
10119
06421
06320
06297
10810
09681
00980
02032
02031
16789
01985
01985
01985
01985
01985
01985
01985
07979
04757
15555
16694
16705
16706
10117
08168
07250
01233
15312
06336
06351
06595
06113
02277
07705
13052
06315
13037
13281
06378
06415
00634
03429
02303
11050
02032
02068
13015
07029
08194
10118
10118
10119
16962
00128
02030
12263
14224
14224
14224
14224
14224
14224
14228
16785
16786
16787
11639
15657
02768
02769
02770
03417
11991
16919
02809
02810
00355
16918
16920
16919
16919
06113
00951
02803
02804
16869
16925
02538
16899
16898
01980
01980
01980
01980
01980
01980
01980
14233
14225
14225
14228
16960
16959
16958
16957
16956
02101
16963
15327
15468
01897
17217
17103
01990
01992
01990
01992
03457
01218
01990
01990
01990
01992
01664
11638
03457
00096
06430
17216
00034
01897
00265
06298
02484
16235
06427
04091
01537
17462
02029
02028
01992
17235
17236
03574
01585
01990
01990
10112
01990
01990
01990
10112
17472
17686
01227
03292
17836
12574
12574
01843
01791
11928
17752
17828
06518
06518
18115
17763
17763
17763
17763
17837
17763
07284
07284
17733
00128
17758
17762
01187
17734
00537
18104
00632
08221
02809
02810
00004
01101
00004
03892
05799
03206
21471
07145
21469
21472
03719
21466
01046
18231
19302
19546
11691
19449
00004
03091
06895
01839
02575
06284
16169
07729
03657
03469
04763
15973
07462
19429
17716
06304
06016
19430
06366
19420
03742
16236
00681
00681
01174
08693
15640
09388
06380
04749
06384
09809
12555
15632
18770
18672
18707
18692
18929
01971
18928
18925
18907
06147
09692
01612
07171
10747
18967
06147
03169
03502
03111
07467
04794
05593
04565
03111
03497
03496
03497
19005
03526
19005
18979
01174
07816
14742
06609
19242
02483
19563
02777
07149
00354
01447
01447
19220
00798
19223
19224
01710
01897
00571
01447
06345
11615
00590
12132
01447
00020
19302
01785
19426
19433
19285
19286
19424
06884
03722
03722
02100
01567
01992
01992
01992
00839
19422
19421
04771
04771
01400
19405
00903
19411
00525
06367
19432
19419
19423
19425
03574
19428
19431
19418
18567
19550
11625
06881
19577
00887
21755
19549
19548
19547
19552
08164
19701
00547
00297
07119
19802
19955
19955
05770
20074
18907
20201
20116
20117
20118
21613
20492
20486
20487
20488
20490
20491
20534
18889
08884
18890
20534
21759
22103
20742
07258
01271
22106
21029
20895
03148
01768
21064
21064
08968
00821
21064
00435
00526
01493
03546
00525
00857
07313
02316
02335
00558
00525
00525
00525
00526
01520
00560
00287
06909
07474
00560
00287
17733
06904
00558
01520
02314
03553
02316
06217
21285
03328
03293
03293
05375
02031
02335
21416
21417
06607
03293
02483
21405
21464
21481
21465
21467
21468
21567
21494
21601
21600
21567
21745
21701
21802
21902
21935
11923
21959
18244
00680
06299
22043
21960
21993
00754
01463
22135
22136
03595
14274
22132
22109
01932
22116
22222
00467
22230
03547
22278
03077
22301
01486
02257
22299
22301
22299
09988
13566
18672
22441