19744
10439
02029
03602
18334
21344
07172
07484
14742
12979
03297
12658
10439
17322
00477
18928
18138
18067
18069
16264
16320
11741
07045
00141
07045
07045
16877
16878
10747
01505
04098
05799
01026
01531
15725
13409
13408
21431
03446
03446
16011
11741
22325
18841
07085
03778
00925
00208
09857
06192
03808
03585
00285
01999
03735
03183
02078
07262
03291
05596
00800
00817
00299
06978
03696
01706
00479
00286
01714
00600
02002
02001
02000
03453
00156
02029
02029
02529
09958
03446
03556
15866
01647
06131
02019
00382
15551
15552
14393
00023
01061
03322
03086
03522
03521
00450
04755
10805
02182
08368
10713
07649
09024
01744
01465
11903
11901
11900
11903
11905
11896
11895
11907
11893
11892
11891
11910
06160
07140
00007
00451
01555
03724
02034
02355
09005
06181
00031
03704
06891
03694
13038
03101
01870
11753
11175
03500
03517
00767
00278
02913
02902
03630
03774
03527
01999
02529
05817
10680
07020
01640
06966
13993
03098
01991
03207
12990
00067
01790
00973
00655
01465
00609
02825
07447
07395
01126
07058
00123
00123
02380
01042
03833
00375
02053
07118
00694
15371
07043
06133
01721
07275
00641
06222
09799
03100
06985
06204
01061
02065
02066
02451
07507
02529
00014
01703
00052
09972
02029
01999
03088
01628
01714
10441
01999
01997
01998
01995
01996
11902
11901
11900
11903
11897
11896
11895
01998
01995
01996
01999
13634
00381
00390
00957
11720
07091
01255
02339
01687
13292
09888
02015
02013
00768
02233
02016
02225
02227
02231
02232
01579
01918
07112
01799
01464
08195
01799
03381
03464
00077
00325
00324
07735
01669
00941
04077
04078
07518
13482
13481
03710
04564
03601
00912
09791
00979
03980
02968
01940
00075
09767
08591
06925
01448
15268
06140
06987
03446
01502
03885
00077
00381
00822
03543
07403
00609
09803
01521
01464
09975
05836
01745
06199
01266
13891
13890
13889
13892
13051
03710
00899
08963
01628
10441
05878
05879
00450
04487
01999
01998
03186
11893
11891
11890
03088
01053
01685
01714
01687
01845
01555
14393
00285
07124
02529
15509
10974
01438
02053
00014
03300
01996
01997
05896
09800
01874
01494
01584
01755
01595
01749
02498
00573
00384
03466
03634
07478
01875
03981
03554
02622
02621
03673
03543
03381
14218
01265
03610
03609
03608
03832
08177
01673
03304
03554
07726
06911
05838
00275
00574
07130
01556
00453
00252
02655
02672
08084
07738
00600
07107
03562
03641
03640
02528
00097
03771
04744
07102
01756
01625
01690
08973
00147
02340
07090
02002
02000
02001
02001
00014
06995
04102
02053
09780
01468
01712
00655
02623
00449
00448
02688
01968
01969
06987
09758
07085
00688
11082
11083
05548
15509
10001
10003
10002
00285
00826
03098
00574
00574
09701
01744
01779
06446
07001
02029
02029
09967
06995
07090
01647
01714
01689
00014
00285
02029
02029
01821
01053
01685
01673
02053
03324
02029
00077
00014
03786
11103
00615
00615
00615
07107
01647
02529
00989
00942
03060
04760
03841
01256
01841
03430
06901
07402
13482
13481
03611
06940
06153
03439
02221
01754
06895
03182
03625
00794
14652
01912
00074
02612
02611
02610
02609
00874
01740
06222
03281
03643
01869
03809
03583
03582
03581
03561
00215
06186
01483
01477
11103
00134
00615
09761
00029
00946
01095
01591
13874
10538
10539
10537
01631
00883
03814
00014
01147
07000
02558
02160
01961
02687
11065
06077
09954
07085
09758
03088
01502
01673
03543
00164
01652
15554
08137
03654
07002
02048
11084
11081
07679
03781
08677
13483
11178
11177
07141
00375
00823
07001
00074
01895
05878
07248
01053
01995
01998
01997
01999
03543
01652
02053
02029
02029
01998
01999
01821
01652
03710
01999
01997
01998
01995
01996
01703
01704
01644
02106
01644
08369
07240
09967
09967
00793
11752
01845
07552
00036
01057
03928
10017
10015
10016
06911
07659
07638
00697
07058
03092
08995
05520
08169
07290
02068
02069
10979
01079
00874
14441
00023
03821
05810
06180
05807
06959
03549
07101
01939
02502
09937
04087
04088
03665
03666
03977
01892
15539
03806
06950
03106
00760
01881
08311
00931
03979
02899
02888
02523
02652
02654
00859
09862
06923
00620
03070
00720
02535
03531
03590
03589
01921
01924
02563
03588
01925
01000
01929
01928
03587
03586
03438
03925
06134
01857
08368
01714
10220
07154
01053
00640
01495
01915
01997
01998
01995
01996
01999
03652
09771
03327
01173
08482
01903
01902
00077
08177
06193
10126
10125
01464
01998
03762
01799
12511
12510
02283
02282
02280
02279
02278
02651
01153
01154
03427
02034
00479
02053
01682
08688
02182
06160
10979
00384
10001
07516
15554
00299
07246
01687
00239
01673
03310
02313
02338
02470
13652
05591
08169
04096
01462
00604
03799
03500
06920
01737
05837
00014
00457
01725
01673
11921
15738
02622
02621
04079
03181
05782
09989
10773
12973
03466
06941
00940
03215
07501
06194
00573
03787
06187
09747
02343
03671
03628
09933
02909
03327
06894
05367
03695
13771
06886
03636
03750
00684
15866
01912
08304
06195
01783
01091
01657
00766
01609
03648
01118
03981
06942
02492
02835
02493
07390
03186
03704
04046
09941
12511
02283
02282
02280
02279
02278
03701
09964
07080
03387
09990
10253
07345
07347
15125
03086
09117
07007
09007
01662
00795
03602
01061
03885
06966
01241
02204
02053
00303
12972
07246
06995
02053
00303
02034
03885
00342
03576
00549
07507
00156
03412
13924
11900
11901
11893
11892
11903
11907
11905
09883
01953
02474
05366
09913
06194
06989
05515
03571
03570
03569
02435
02434
01142
08218
00641
00930
15011
15012
04090
00847
14347
00459
01640
12972
01012
01935
00833
09858
08289
01894
07146
02337
08301
06287
00783
09710
00969
00228
01945
00761
01734
07667
07789
07788
07799
05800
03583
03582
03581
15034
03303
03147
03594
01807
11066
03218
12573
03787
06916
00382
00658
00164
06207
03543
03446
02834
02519
02600
09748
06178
06024
00041
01685
07137
03600
03599
00413
00412
00411
03118
03117
03116
02500
01814
02501
01693
00817
00013
00765
00790
07122
07323
04754
02066
02065
00788
03149
03154
02471
00266
00163
02029
02029
01754
15783
15784
15782
15786
15785
03753
02019
03168
00703
05343
01236
00705
06044
10764
00764
03558
03749
11754
01963
01695
01696
01817
06173
00133
00052
01704
01703
01647
03852
00375
00111
03381
07088
01114
01912
03823
00600
06995
03762
03798
00303
02053
03427
01154
01153
07043
03435
03521
02057
02057
02393
07638
03777
11474
07223
00688
01673
00906
07301
02407
02406
02970
01246
06188
02403
02402
02556
02557
03413
03407
03408
03411
03412
03413
03414
03673
01887
01055
07095
03762
14682
03578
01915
07708
07712
01142
01546
01547
01548
07646
01414
01491
00163
00627
00382
07262
00832
03702
07230
07243
07397
07001
04755
04044
04082
04487
13643
07001
00019
07115
00067
14161
14160
09861
14287
00074
00343
00342
00341
07275
01126
05813
01129
01735
00891
02666
05366
06202
01586
07399
03978
01698
04084
03926
02879
03040
02986
02948
02952
02919
02518
03076
02876
02907
02988
02881
02933
02994
02954
02931
02895
02874
02961
02904
02878
02982
02890
06938
02224
02189
02234
02230
13580
13541
03394
06042
02229
02188
05895
05936
03736
03735
06917
07089
00426
00425
02841
07300
10013
06987
02431
09159
00240
00239
00242
03710
00024
01644
01720
01681
07644
00384
03671
00077
10441
01999
07649
10013
02057
02057
00596
02431
02057
02057
11534
06871
01703
01704
00052
01053
05343
09768
13928
01999
01751
03821
01555
03186
08195
00285
06222
07152
03710
03119
15553
02029
02029
02034
02002
03525
03524
02066
02065
07018
00824
09158
03801
03644
11103
10125
10126
03427
01154
01153
07391
06911
03561
03832
02192
01776
03594
01676
01895
14393
03306
01126
03305
02970
03823
10016
10015
10017
00673
00673
06447
01484
05526
10013
00340
00339
00338
00337
00334
00333
00332
00331
00330
03075
01803
00962
02956
01999
01649
13896
13895
13894
13893
00208
13929
13930
13931
13932
13933
13934
13935
07387
00928
04075
01962
01247
01883
03269
00640
02965
02886
02892
02926
02906
02946
02358
02355
02992
02950
03654
03046
03043
02935
02864
02863
02867
02601
07007
02609
02611
02613
00457
04090
00029
00762
07687
03809
00145
06901
15580
15581
08177
07234
05916
12266
03446
07734
02002
02002
01433
02002
00479
03521
03522
01273
02167
15342
08369
01633
00305
00303
01752
08482
03717
03799
02526
03762
08295
01075
09461
07006
08304
11890
11891
11892
11893
11906
11902
11901
11900
11907
11895
11896
11897
11903
07217
14393
08995
03088
01053
11475
01915
04755
07010
03607
05845
05846
05847
05846
04752
03320
01919
01920
03797
03071
00057
03216
02169
02275
02276
02259
07152
02073
01443
03089
01649
06895
03110
00954
00817
01056
02897
00948
03809
07058
01740
01736
00311
07107
01028
01029
01868
02520
02916
02887
01889
01890
04764
15977
02624
01031
01032
01857
01055
07287
03555
03775
07287
01714
01867
07053
04083
05589
01689
01627
01937
03424
09808
07462
02836
04567
01613
00053
01653
01652
03088
00901
06966
09122
01338
01706
07154
03744
07644
07156
07798
02275
03824
00384
07275
07168
00457
03088
01999
01997
01995
01998
01996
00014
03549
02002
02001
02000
07507
01685
02057
00060
05916
15553
15554
00832
01075
05782
03464
03381
05549
05784
05783
05548
01576
05548
02003
11891
11896
11895
11906
01574
00019
03762
00426
00425
07303
07302
03186
01799
08369
01273
01999
01996
01995
01998
01997
01999
00919
02494
03575
07157
06958
05808
03092
06861
09774
11719
03270
06041
00759
01433
03701
07687
01753
06015
06879
01754
03183
03690
03688
01638
01637
03789
09977
00941
00788
00878
01775
04485
06158
00432
06131
07320
14267
03529
01972
01462
06182
00990
01265
02967
02357
09903
02838
00806
00981
00099
11749
07277
06142
02536
02372
00677
00748
03470
03437
06911
09773
01007
06886
00425
00426
08223
01908
03657
01873
00963
02057
03338
03336
03335
03337
01996
01995
01995
01998
01997
07107
01620
01872
01886
10001
00428
03449
07787
00820
04042
14058
01633
08309
07160
09973
12372
12371
12370
12369
12368
00297
08972
01251
09456
04061
03594
00077
05596
14393
07127
07127
15229
15228
02624
00036
07006
06938
00019
03098
07088
03410
04754
06200
03527
01703
08369
04090
10537
10539
10538
03701
01673
03088
01703
01704
01996
01995
01998
01997
01999
01996
01995
06446
01895
05548
08191
02529
03704
07090
09794
01821
01194
08195
03088
01876
08310
07516
02379
10806
02575
00261
10001
10003
10002
10004
01465
07397
02871
02996
15724
09001
01866
07560
03551
03550
01159
00602
03557
03185
07444
00325
00324
00324
00566
09857
03664
09801
01951
01975
08641
02034
01477
01483
01620
07127
02057
02057
09165
03282
03969
05366
07156
06153
08296
01524
00937
07636
02039
02036
02038
02037
02040
03431
00796
03798
03624
01955
01956
08307
08983
00697
01087
07152
03703
02356
02423
02422
02408
02409
02410
02411
02412
02413
02415
02416
02417
02418
02419
02420
02421
02397
02396
02395
02394
02393
02392
02391
02390
02389
02388
02387
02386
02398
02399
02401
02400
01752
00281
02437
00605
03656
02405
04562
02404
01999
05878
05879
03717
02336
02402
02403
01008
09957
03088
00481
07090
13574
14205
00031
03412
01512
05786
06139
06138
06137
06136
01814
09154
03841
00855
00615
01624
03521
03522
00311
01644
03522
03521
01644
05548
05782
15357
01799
00615
00615
01442
01114
02003
07246
13021
06135
06138
01247
01626
01998
01997
01999
09959
13483
11178
11177
07039
01638
08717
06160
01707
02073
06192
03808
03808
03074
03072
03210
00773
07568
03655
04761
03781
04047
03179
00286
06997
11473
11472
01626
03568
00285
01714
09128
12508
03782
08369
01895
03786
00832
00117
01775
03303
03654
07217
02275
08482
13993
13993
00982
03631
00858
03705
01772
04762
03687
04043
03686
01684
07043
00655
03273
01879
01878
03820
06189
07042
05539
00615
09694
09695
01356
02048
02046
02047
02045
13635
01608
02990
02686
02963
02939
07220
03306
07175
03564
00604
10012
01207
00997
03474
03584
03685
03100
03596
03598
03597
03088
09458
02078
00645
00648
03621
02911
07040
06287
07056
04773
01091
08300
03639
03752
03750
09760
00782
00763
00782
05805
03657
01652
01999
13821
04066
01599
01713
02114
02112
02115
02111
02113
02109
02110
02108
03501
03495
01996
01995
01998
01997
01999
01999
01998
01997
01999
01996
01995
01951
06048
15461
02053
07638
03724
01640
00014
01633
10713
10714
01714
00382
02041
02044
02042
10037
10036
05774
02043
06166
06165
09915
07303
07302
07240
07240
04102
02012
01118
00375
01534
07093
02020
10218
10220
08195
03413
00459
00140
03885
00627
02018
02020
13766
01640
08369
07248
06168
00864
03762
11927
11068
00606
00950
10763
01933
07075
00791
03572
03975
10001
07649
04077
04078
02276
15408
02275
00156
13688
07090
08482
03704
03704
03565
01903
01902
14260
00003
01733
06938
03322
11073
11076
11075
11074
01754
01438
03723
00991
01770
04756
07638
07659
02291
00865
03545
01358
03544
01338
03530
03770
10804
02003
01810
00285
01952
05527
06190
03327
03592
09889
03831
13288
06949
02227
02884
00554
02860
02959
00285
03522
03521
02073
02072
02071
12339
02237
03274
00012
05788
02945
00945
00800
14170
03530
02453
02455
02452
02456
02457
02458
02459
02460
02461
02462
03446
01919
10778
03667
01419
06204
06969
03733
09921
01778
02517
00789
10680
00528
07402
00868
00975
00703
00140
03284
02518
00886
00036
00675
03587
07241
03534
12661
06164
06163
05781
05780
06162
08195
06991
02346
03119
01142
01993
01114
01434
01623
07259
07507
03426
11740
13979
02570
02567
02568
02194
02195
02198
02199
00459
07673
00373
00371
00873
03780
13021
06966
00375
00826
00927
00873
01624
01923
01588
01589
07566
07259
03577
03585
14161
14160
07217
03704
03446
03543
00375
03601
01070
09823
10227
10228
10229
07516
08281
06980
07082
00943
02341
03424
00697
10441
02529
07180
09786
05786
00826
01775
00831
09924
02469
00123
00126
04751
01950
09919
07461
03190
01430
01429
01428
03187
03188
03189
02527
02841
15778
01061
09939
08224
01061
01999
07226
03642
07056
03271
03650
03217
08998
03536
02914
06145
13487
13488
13486
13489
11444
03281
12658
02556
02557
03322
07644
00372
00362
00363
00362
02575
09129
06999
03415
11905
11892
11893
11891
11910
11896
11895
11906
03288
00375
08195
03381
00370
02575
02575
02011
08195
02624
02297
02298
02299
02300
10441
03704
01640
15790
08195
15977
07238
15726
07644
07347
00472
02456
02456
02453
02455
02456
01118
00375
00145
00263
00324
00325
00077
01465
08323
00428
00472
01640
02106
08196
08369
03786
02529
03088
02013
02015
13255
02016
07124
07002
03119
03556
01173
14160
10979
18982
16079
10716
03781
01602
01692
00059
03518
03519
02004
00830
01785
00666
10531
03535
03342
01759
07232
00033
01424
00059
06179
05524
00666
02116
07117
02055
13953
05966
01499
01724
02051
02049
02050
02017
02858
07019
02843
00854
00121
02074
02077
00626
10440
00626
00799
00852
07032
01474
03286
00127
00124
03455
01507
00059
01784
08234
07665
06934
00121
01426
02010
10440
10439
01474
15727
07665
07346
02454
02823
01639
01607
03386
02014
00970
12373
03769
07305
14761
01679
06013
08305
04517
02454
02463
03294
03518
03519
07161
00799
03406
02051
02049
02050
06889
10439
00801
00799
05595
02571
02569
02193
02200
02200
00374
03519
03518
00046
01426
02050
02051
02049
00625
00647
00059
04091
07048
06889
02025
00059
00059
02050
02049
01692
00135
02050
02049
02051
01426
02030
01474
02823
01118
00854
00854
02033
02035
02035
00054
01784
00721
01784
01525
00059
02342
00124
00127
02052
02055
00101
00121
01480
00058
10440
03518
03519
00799
02028
06183
07504
01469
00484
00939
04763
00567
06147
07123
03830
10439
10440
00059
02433
00135
01439
02433
02052
02055
01561
01474
03593
00799
01577
09981
07304
03560
00851
03299
01847
09684
02055
02052
01259
00135
01424
02055
01474
02014
02052
02055
00666
07052
02428
02342
04093
02433
00799
03711
03743
00856
01580
03649
04091
11312
01455
03406
03406
00135
07098
07393
03535
01474
00244
15583
00135
08299
02050
02049
02050
02049
01941
07315
02052
02055
00652
06897
01322
00845
02050
02049
06910
01760
00626
00626
02653
03574
04750
00567
00244
02050
02049
02033
02055
00294
00058
01596
01630
03307
04750
00616
03616
03087
02050
02049
02051
03635
01692
01560
01262
00598
03606
03386
01409
01011
02052
02055
00135
02055
07025
02052
02033
02035
01560
02035
00799
00059
07126
00294
02433
00799
01561
00652
00799
11085
00059
06445
00059
00626
03325
03177
01523
01496
05595
02067
03153
02025
03442
01692
01916
09705
05712
00700
00625
01759
08738
02052
02055
02056
01104
11209
00626
00575
00548
00548
06201
01885
13628
04488
01104
07213
14162
01515
07491
05816
05815
05814
03405
00595
07054
04063
00241
07665
00033
10439
10440
02056
01619
00852
02056
00389
02051
02049
02050
01560
00666
03518
03519
06934
00058
02049
02050
02051
02049
02050
02033
02035
01692
02067
00647
14475
00058
00666
07258
09806
03768
06910
00059
15582
08720
00059
02821
11189
08483
02274
02258
01607
02533
01092
02238
01630
07665
02274
07126
06147
02056
00639
01907
02004
01601
07048
10563
06023
02806
03455
01081
01560
01439
00674
02004
03406
01243
00010
00010
02056
00974
03294
07304
07305
00059
01113
00799
03776
06045
01192
00059
00626
01796
09702
01560
01785
06147
01262
00799
00088
02035
02033
01297
02056
07657
02427
02342
06147
02348
02414
03316
07116
09983
00575
00202
00672
00200
00201
01601
12340
00626
14162
01796
02274
14162
19736
01916
02067
13590
03781
09691
10009
14235
16092
00064
00064
16053
14232
16135
16091
16090
16147
02030
16137
10013
16137
02610
02358
00240
00242
03717
03799
02014
02014
02014
00130
00130
18982
07045
17828
02424
03767
16074
14221
14221
14221
14224
14224
03320
07577
00484
14232
16053
14225
14228
02029
00102
10013
21449
16066
16074
03566
03566
03321
02051
02480
16257
16256
00253
15583
00146
16259
05710
03380
15773
16242
16243
01708
16258
15765
00529
01801
01834
05351
15553
02054
16244
16246
05797
01659
01659
14219
09386
09386
16516
10831
01977
01977
01977
01977
01977
01977
15540
15540
02303
02052
06911
01069
11735
12262
12262
16245
15060
16249
02054
02054
02054
02054
02054
02054
16319
16165
02054
02055
00130
05550
11734
04099
11735
16171
00459
05799
00568
07749
00104
08364
02028
01856
01856
10823
16319
14236
01487
03321
19416
11959
09690
14229
14231
14230
02525
11960
11961
02473
00059
12368
00090
03457
14225
14225
14220
14220
14218
14218
14218
14218
14218
14218
14218
14229
14227
14227
14227
14227
14227
14227
14219
14219
14228
14228
14237
14237
14226
01985
01985
01985
01985
01985
01985
15553
14237
14234
14233
14233
14233
14233
14225
01980
01980
01980
01980
01980
01980
14222
14230
14228
14229
16692
16692
14228
14228
14237
14223
16692
00042
00042
10440
10441
12368
14230
14230
14228
14219
14232
14234
14234
14219
05825
10561
02075
10560
11962
11963
01997
01998
10111
10559
10562
02778
02779
07543
07544
07546
07012
02029
02029
02030
16203
00128
02030
13485
15054
06016
06016
06016
06016
06016
06016
06016
02030
02030
02030
02030
02030
02030
02030
16856
12658
05795
02226
16876
16880
00355
00355
00355
09810
02803
02804
16873
16879
11991
00951
15555
03417
03559
15555
03559
06075
07245
03779
00114
01426
01426
01426
01485
00128
00108
16871
02303
16841
00529
13485
01689
13490
00008
00034
08365
00988
01997
01998
17226
10439
02028
17315
17317
17103
17316
03520
03520
03520
17325
17323
17321
02058
10439
02030
02058
02057
02058
10440
10440
10441
12064
08194
02028
02028
04091
08738
11209
17713
02052
02028
00480
00480
00480
00480
15555
02028
03457
03457
17324
17247
10038
10439
02484
01897
02484
02484
10112
17103
19092
17285
10439
01990
01990
02054
02052
01990
01992
01992
01897
07576
17686
10112
00523
17686
10111
02027
02026
05601
09472
09472
09472
00018
17723
00529
00128
02027
17752
01130
01130
12574
13543
19743
19745
00483
01658
17828
02026
01467
17763
00537
03566
03566
03566
03566
03566
03566
06518
05540
07684
00128
00128
00128
00128
00135
00483
01183
05603
00661
00128
17735
00254
01791
00821
01497
02614
17762
18199
17736
13995
18069
18070
18139
00130
00130
07068
07068
07003
07483
07483
18118
02058
07645
13876
03719
03719
03719
03520
18028
13995
07068
02031
02032
00956
07483
07483
07483
18067
10004
18028
02768
08483
11183
00632
01133
07222
00433
02058
02058
00249
00249
13873
00108
05799
00108
00108
00108
00108
00091
09017
00108
00329
00356
01652
03520
09017
00020
00020
03772
18068
02768
08483
11183
05973
07222
21449
17850
01473
01473
01473
01473
01473
01473
00523
02031
02032
02031
02032
21678
05874
05874
18139
09709
12262
03535
09709
18335
18337
22348
22550
03194
21345
22003
03637
03585
18139
01649
11900
03688
05548
00324
01026
00014
01026
11903
03736
08195
01799
15357
00626
00059
00077
00029
00762
01997
02034
02033
16370
01007
07347
01704
02052
02055
02054
02053
01996
01995
01055
01607
11907
11903
03798
07088
11903
03798
03543
13993
10013
01995
01996
01997
07402
08195
03182
11892
01999
03762
07107
10974
01999
03522
03521
01995
01998
00901
03288
01714
00479
01720
10004
01999
02402
02403
01999
06016
03566
08195
01999
00029
03522
03521
02613
02806
07305
03762
01996
01996
01995
03522
03521
11475
03522
03521
01692
01679
11103
01996
01995
01997
01999
08195
15553
13995
02167
13821
03885
00241
02051
08995
07126
03642
07126
03316
02471
03306
01999
03284
03522
09975
07659
02051
08195
01999
07391
03427
02612
06995
07275
08195
02395
07126
07126
07001
03566
07687
07687
01534
03325
02050
01999
12262
01821
02002
15461
06077
07117
06194
00382
03762
03704
11734
07058
04043
00574
03530
07117
03086
03088
03530
07246
01579
03566
01703
02403
02402
00697
14161
07117
03413
01972
03655
03530
18138
07046
18369
02483
03446
00138
01781
12255
11904
11904
21757
21757
18480
18480
18459
02488
11904
11904
11904
11913
11904
11904
11904
00681
00681
00681
00681
00681
00681
18138
18676
18697
18778
18902
07172
18910
18900
18902
18900
21677
07171
01214
01971
07171
18900
18829
18831
18954
18828
18842
12066
18850
07278
18928
18929
01971
18901
18903
03746
03496
03497
03496
04565
03646
03169
14060
11811
03496
03497
03746
03496
03497
03111
11811
03646
03497
03496
03746
03746
10676
10676
03201
03203
03204
03196
03194
03497
03201
03203
03196
03497
03497
03746
08363
12061
12060
12059
03111
12068
12067
12065
12063
12062
12057
12072
12056
12058
03169
03496
03761
03761
03761
03761
03496
07483
07483
03496
07483
03496
07483
00221
00221
07483
07484
07497
07497
07497
07050
03526
18981
18981
18981
00820
18979
18981
12069
02663
18991
18991
18991
01458
00344
00335
00336
22044
00986
19046
06867
07746
07746
00148
00148
06020
19221
19166
09951
06378
07172
00344
07172
04772
15515
19057
19059
02650
07749
01167
10844
01167
01781
19123
19126
03458
00499
19058
05875
02031
01710
08166
05875
00571
18918
18918
01621
01621
22468
07326
19124
22468
22468
01155
00249
19057
03446
07062
19125
07062
08365
19191
00590
07448
03328
03285
02351
01066
01066
01066
19265
19265
01066
06867
01785
03722
04771
01992
07497
07497
07497
07497
07497
07497
07497
07497
19337
03574
19302
09459
04771
19338
01066
01785
00059
06867
01066
11079
11209
11209
11209
11209
19577
19577
00525
00799
19670
00992
07666
07666
07666
19743
19777
06131
06132
06132
07147
07119
08744
15777
00799
09461
19784
17722
07497
19804
08992
04102
16320
14731
21617
22209
01457
01777
14731
20034
01560
20023
09796
20035
02182
02051
20074
12132
07484
01777
01777
01139
20807
20329
00507
00507
21324
20429
20444
20542
20543
07169
03746
03204
03197
03198
03200
03197
03200
20541
03199
03195
03199
03195
07659
02049
22553
11529
20757
07100
11529
01214
01214
19591
16844
21061
00285
00525
00525
21053
01768
00840
13075
21023
21023
08968
13877
13877
21062
00249
21029
00249
00249
00526
00529
00529
14623
01520
07474
06904
07336
09960
09961
06919
14059
02316
09882
07313
07455
01185
03676
02314
06217
03553
00560
00287
00558
02314
03863
21323
02056
02031
05375
05375
02030
02022
02032
00249
09983
14333
02335
05710
05710
05710
21307
21308
21309
21416
21405
21417
03892
02483
02483
00146
21405
21405
21405
03651
22044
21420
21405
21607
01451
21624
01451
01420
01420
01420
21498
21645
21703
21703
10026
00863
21703
19967
21645
00344
21607
00344
21725
21757
21825
21829
21826
21826
21833
21834
21832
21826
21826
21883
21883
21883
21883
21832
21929
21948
21929
21929
21929
13875
21990
22024
22027
03892
18244
22044
22003
03442
22025
22027
03285
03285
00043
03285
00043
03285
03741
01816
22129
22130
22132
08319
03595
13874
00090
22067
07183
00304
00302
22131
22112
22185
22187
13876
22209
01160
13875
08994
22270
01905
22224
22186
13876
22213
22185
22186
22186
13875
01046
22292
22250
22303
22325
22293
15634
02257
03469
00611
11206
22491
22551
22549