06331
01678
01677
01448
00878
02996
02871
02879
03040
02986
02948
02952
02919
02518
00939
02313
02338
02470
02469
00058
01875
01875
00133
01494
00762
01613
02003
02004
02004
00058
00053
00366
03076
02876
02907
02988
02881
02933
02994
02954
02931
02895
02874
02961
02904
02878
02982
02890
02965
02029
02028
01760
02525
00874
00847
01193
01126
02003
02004
01338
00997
01775
00788
00075
00850
00873
01465
02003
02004
01232
01007
01185
00133
00548
02227
00793
01586
02050
02049
02051
00937
01867
02837
01866
01869
02027
02027
02025
02026
02005
02004
00876
00640
01812
00041
01685
02056
02057
02057
03092
00134
00927
01803
01689
03075
01808
00262
01223
00266
02440
02008
02006
01866
02015
02015
02016
02013
00824
01784
01613
00948
02003
02004
01624
01845
01698
00860
00394
02051
02049
02050
00957
02343
01992
01992
00009
00820
02003
02004
01992
02035
02033
02034
01207
01443
01012
01142
02003
02004
00882
01992
01992
02588
02589
02590
02586
02591
02587
02585
02592
02594
01992
01990
00016
01990
01992
01744
00928
02018
02020
01487
02556
02557
00611
02005
02003
02004
01119
00065
00823
02003
02004
00925
02911
02078
01992
00688
01992
01992
01992
02004
00574
01486
00800
00014
00891
01409
02502
00765
00013
01693
02501
01814
02500
01496
01523
00615
00655
01681
00030
01940
01755
00656
01885
01286
00003
00767
00278
00873
01887
00525
01476
02446
02335
00859
01144
01972
01520
02021
02888
02899
00969
02968
02004
02687
02970
00901
02316
03086
02440
02443
00864
00111
01686
02100
02103
01804
01804
00615
01785
03150
01935
00833
02007
02008
02189
00768
02232
02188
02191
02231
02233
01588
01923
00764
01933
01945
01223
03110
03106
02959
02860
00554
02884
03100
03093
00692
03168
02967
02357
02838
00806
00099
02600
02519
02834
02956
00962
00928
00995
01756
00651
01356
00791
02557
02556
00945
02945
02016
02013
02015
02003
02004
01839
00858
02356
02824
03101
01000
01928
02392
02392
02405
02404
02400
02420
02419
02418
02415
02385
02390
02389
02414
02413
02412
02411
02410
02409
02408
02388
02387
02406
01854
01711
02406
02407
02422
02397
02396
02398
02417
02416
02563
00566
00975
00703
01953
01048
00963
00600
01876
00951
00759
03074
03072
03210
00773
03091
00067
01790
01710
00973
01784
00963
01889
02887
02916
02520
01868
02034
02033
01714
00215
00674
00930
00145
01873
02016
02015
02013
00175
00174
01673
00104
01611
00797
00046
01489
00854
00845
01838
01778
00059
01338
01358
01955
01956
03100
02823
01591
00610
00609
01915
02434
02433
02435
01972
01200
02886
02892
02926
02906
02946
02358
02355
02992
02950
03046
03043
02935
02864
02863
02867
02601
03073
02913
03091
03218
01695
01696
01817
01609
00766
01658
01657
01687
00052
01704
01703
01883
01881
02035
02033
02034
02032
00991
01925
01880
01938
00760
00948
01924
01776
00286
00931
00147
01893
00567
03088
01993
00526
00525
00100
01775
00020
00547
02839
01992
01222
01198
00059
01992
00790
00016
02003
02004
03169
01962
01963
02372
02160
00059
00645
02371
02078
00648
02004
02004
02003
01939
01714
01687
01992
02004
02004
02003
02030
01495
00131
01548
01547
01546
02314
02939
02963
03111
02990
02914
01623
00626
01990
00067
01574
01176
01810
00874
00691
00633
01951
00088
00074
00248
01715
01439
02004
02003
01892
01834
01271
01928
01512
00865
02077
02836
03070
00789
00790
00626
01791
01493
00761
01808
01104
02835
02493
00857
02909
01937
01921
00919
02027
00606
01918
01579
01809
00788
03150
03149
03154
00796
00077
00018
03169
02530
00917
01819
01819
02530
00849
01784
02529
01220
02530
01575
00971
03151
02434
02433
02435
02528
00560
00287
01488
03147
00817
01870
00971
01791
00971
00929
00634
06439
01520
01784
01807
00806
02027
02986
00826
03088
02598
02003
00847
02532
02004
02003
01919
01489
01619
00756
00432
02406
00432
00432
02986
00027
00868
03152
01012
01151
02406
01744
01952
00929
00688
00265
00266
01872
03091
03091
03091
02040
02037
02038
02036
02039
00057
01424
00942
03060
00604
01783
02902
00625
02346
02761
02654
01620
03637
02759
02760
03602
02110
02800
05847
02111
02113
02755
02755
02798
02799
02786
02787
02788
02803
02804
02237
02529
02768
02793
02794
02795
02796
01934
00385
03570
03569
03686
03581
02769
02770
00616
00841
02777
02777
06287
03319
00384
01735
01462
02756
02756
02757
02757
03601
00364
01126
01770
01462
06442
02341
01734
03293
02109
03320
02669
03698
03322
02108
01752
01752
01733
02114
02112
02115
05845
03305
03536
00975
02340
03980
03684
03217
03424
03271
06158
01736
03306
03488
03488
03480
03483
02564
06180
06206
03284
06207
06902
06902
03411
00575
00575
00970
03481
03415
03495
01929
03407
03407
03311
03216
03328
03413
03413
02190
03408
03408
03408
03409
03410
03284
03292
03292
03501
03497
03497
03639
04066
03402
02744
03590
03424
03531
01653
03406
03529
03609
02377
03979
03399
06187
03610
03556
03703
03750
02342
03565
03828
03294
03438
03394
01739
03664
04759
06200
03629
00763
01649
01649
03437
03666
03650
00198
00198
01662
01662
03977
01740
01740
06180
06179
03412
03763
04077
03621
03550
01652
01652
03704
03655
03521
03521
03522
03522
03470
03436
03654
03701
03517
01738
04488
06434
06282
06281
06295
06296
03671
03466
03596
04750
06199
06373
03687
03631
03705
04079
03630
03530
03568
03778
03778
06311
03716
03716
04655
03823
04043
04654
06421
01749
03574
03704
03575
04477
01811
04763
03325
04078
03786
03551
03523
02116
03665
03545
03798
03790
03789
03718
03625
03563
08884
03523
03623
02337
02337
03624
03544
00558
00558
03892
03547
03628
03702
03695
03925
04656
03657
03660
03525
03564
03737
03523
03595
03978
03685
03555
03694
03696
03816
03553
03706
03546
03708
03723
04083
06173
03152
03735
03736
04751
04070
06183
07273
05979
01187
04567
00179
00180
03738
03783
04069
04653
03737
04041
03797
04042
06178
01056
04750
06199
03826
01926
03798
04068
04069
04096
04565
06209
03439
03177
03584
00763
02035
01737
04061
06297
06308
04076
03734
07699
04487
04562
03496
06023
03589
04485
09811
04758
09013
01118
04487
03734
03856
04758
04486
04769
03588
06012
06148
06148
06153
06024
06317
07729
03710
05311
05337
07257
01449
06131
06384
01091
03406
02499
05846
05846
06147
06147
06147
06147
06147
06147
06153
04074
05808
03710
06391
06390
06374
06409
06436
05847
06334
06333
07560
03406
03406
06438
06346
05845
05846
05896
06283
06399
06397
06396
06395
06394
06393
06392
03406
07030
07037
06284
05982
07038
07038
07045
07076
07099
07105
00954
07106
03406
06400
03406
07043
07079
07079
06381
06405
06406
06402
06382
07173
07082
06306
07107
07107
07098
07098
06387
06385
06378
06379
06398
03413
06383
07124
07124
07124
06962
07150
07017
07139
06967
07074
07074
07058
07129
07162
03406
03406
02073
07005
07164
02071
00872
02072
07033
07025
07025
07052
07052
07052
07052
07052
07052
02647
06412
07214
07216
01560
06415
06416
01258
07090
07031
07646
07667
07166
07460
08384
06960
06997
00375
06950
06958
07137
07137
06994
06994
06973
07009
06910
06959
06972
06972
03750
07219
07220
06911
06936
06933
06950
07067
07011
07011
07011
07011
07011
06871
06871
07010
07007
07007
07053
07095
07095
07088
07088
07058
07456
07027
06990
07706
07707
07138
07056
07042
07089
07335
07149
07719
06949
01118
07078
06867
06867
06890
06889
06889
06889
06889
06897
06895
06888
06864
06898
07507
07447
07180
07636
07650
07770
06925
06941
06941
07284
07304
06942
05985
06920
07273
06215
08681
06923
07313
07397
03768
04518
07813
06603
06901
06901
07258
07322
07391
07305
09903
09157
06223
07317
07462
03431
07444
05799
09888
03769
09155
00949
03592
00783
09764
08998
09685
08302
08303
08303
10439
00662
05810
02492
08986
05873
08303
03088
01421
01421
03500
01338
09772
09936
09762
00243
09748
10118
10119
09749
03571
00970
09768
09812
03652
09117
09118
03711
08094
09825
09770
09014
06891
09121
03449
10773
03929
00794
09458
05366
09747
08591
02477
05515
09811
09777
09779
09786
09787
09776
10112
10117
09761
07727
09765
09766
02825
01224
09706
09759
00648
09607
02503
07478
03296
09808
07502
07738
07574
07816
07723
07590
00784
07493
07584
07741
07742
07571
07566
07568
04075
11358
07491
09930
03969
03572
09458
01297
08234
03741
13038
02621
02238
03148
00384
00384
00826
03527
02945
08483
11189
05592
03688
07478
10947
09973
05936
05934
06042
09817
09815
09816
05815
05895
09696
09697
05814
05967
02650
02652
11071
19225
03466
03179
11072
02777
03466
03469
11070
11145
11069
01874
03205
00027
11623
02653
00602
00812
07263
12308
01950
08301
11753
11752
09458
02238
11065
11102
00956
02794
01953
11068
02622
03569
11175
02315
11068
03111
03111
03466
01114
04564
01262
03273
03719
00965
03426
01625
01625
03426
12574
01507
00602
01890
13292
03657
03574
01515
01243
12410
06284
08093
01491
09759
11624
03657
07217
07729
00655
06296
07658
06168
03524
03524
02304
01950
11717
01114
02242
03657
07979
01737
06409
01961
10797
11754
02749
02750
06416
02221
13678
04072
13653
13542
02078
08309
10947
00620
06409
12573
01534
12511
07250
13730
07533
13789
01537
12510
04758
00620
02217
01958
05837
04759
18672
01990
13820
14224
14224
03698
00784
03406
13940
14155
14232
14234
14234
14234
14220
14220
14220
14220
01980
01980
01980
01980
01980
01980
01980
01980
01980
01980
01980
14225
14225
14225
01179
14228
14234
04072
03458
13626
02224
01955
00121
01977
01977
01977
01977
01977
01977
01977
01977
01977
01977
01977
14236
14236
06518
14228
14229
14229
14237
14237
14237
14237
14223
14223
07219
01179
14219
14219
14219
14224
14228
14225
14225
14225
14225
14232
03703
14233
02283
14230
14233
01400
05540
14228
14230
01985
01985
14222
14222
14233
04720
14230
14230
08325
00721
14441
14226
14226
03671
01985
01985
01985
01985
01985
01985
01985
01985
01985
09810
03406
01046
00941
04517
14219
14231
14231
14231
14189
01449
14233
01524
19302
14652
00821
14229
14229
14223
14225
03406
06133
14221
14221
14221
00965
14235
06133
20534
14228
14228
14218
14218
03293
03322
01421
03798
14232
14232
14234
10009
14540
11749
03297
03087
03091
06881
03624
03624
14229
14229
14219
14219
14475
14761
03215
15582
15583
02032
15581
15581
15669
02428
15580
15583
15256
15633
15629
15738
15581
02226
15582
15583
15580
02594
15532
00812
15582
01835
15898
15976
01091
15924
15986
07260
15921
06157
07792
02424
18939
10716
18926
03699
17828
16210
11733
16264
01223
01223
05349
11737
10823
01223
01223
10823
02006
16786
05813
16787
16785
02031
10823
16789
02031
16651
10010
02851
16962
16898
16950
16951
02028
16881
02004
11991
02007
16963
02009
06113
00395
16899
16961
17213
02030
02029
00096
01738
01992
02029
02030
19309
01760
17103
17103
02028
01212
01990
01990
01990
01990
01990
01990
01990
01990
01990
01990
01992
10907
05601
17675
01992
01992
01992
01992
01992
01992
01992
01992
01992
01992
05601
17686
17758
17759
01267
00209
17836
01007
01007
17733
09022
02171
18220
03605
18148
01034
02172
01035
02749
02750
18234
18120
18214
18231
20461
14415
15580
03742
08744
18650
05515
05515
18707
18640
18682
16149
02358
07171
06147
18967
01872
02315
03429
03526
07816
19002
19002
16238
08151
07448
00355
05919
01621
00354
07317
07462
01990
01990
01990
01990
01990
01785
19286
01567
01992
01218
19310
19271
19271
04771
19405
19302
19302
19411
19350
03574
01179
15777
00547
00297
19802
21636
21636
00100
10206
05770
20074
12132
20116
20117
20118
20074
20112
20074
01983
01400
00532
20114
20113
20459
20460
09690
03332
20344
20345
20534
18890
18889
01179
01179
01179
21011
21012
08968
07258
21379
07258
22044
21467
05364
21471
21471
21600
21613
10026
21600
10914
21929
21929
22010
00936
21903
22132
22230
07456
03077
01585
22373
06993
22405
05592
22405