01990
08744
01006
07012
02171
18640
02025
13612
01897
00951
00040
01209
03733
07089
03093
01611
10907
01912
02072
02071
02073
14155
01921
01880
13038
01975
02003
03088
06969
06180
06894
03088
00703
06923
00031
06173
07043
01914
01893
00873
01142
03407
03408
00620
01338
07813
13292
07240
07240
02015
02016
06042
02232
02227
04758
00615
00615
01873
02588
02589
02590
02586
02594
02594
01950
02003
06397
06396
06395
06394
06393
06392
06391
06390
03340
03466
02020
02018
02837
00876
07053
10206
01889
01890
01810
01338
04069
08963
01735
04074
03060
00942
09777
09761
02687
03686
04043
03687
03705
03596
06385
01809
02897
01129
01579
01918
00606
03074
03072
09163
06871
06180
03101
01129
00826
07015
00014
02456
02654
01151
03786
02356
07166
09157
03088
06334
06333
02956
00962
06410
06411
02652
07738
03091
03091
06383
03531
03590
06416
00133
06438
07037
07042
03584
04487
03151
09766
00600
03924
05349
07107
00850
06285
02337
01839
00756
03924
01586
01867
05896
06024
06178
00797
02897
07175
03823
08309
01955
01956
01591
01465
00609
02825
03210
06871
03565
01448
01925
01198
11753
02834
02040
02037
02038
02036
02039
07636
02057
02057
07335
06969
00179
00180
01912
07478
06168
03555
03572
00791
03666
07456
01448
07240
02500
02492
02304
01749
13542
01698
01845
01665
00215
06133
03710
03149
03154
03978
11358
00847
01736
00891
04486
01866
00566
04487
00940
01611
02945
03527
00655
00945
06208
07007
11754
03070
03655
02835
07238
07566
01808
00761
02108
02110
02109
02113
06287
03569
03570
03571
05515
03610
03609
03608
01734
11752
03100
01876
01892
07560
00759
07462
09117
02970
03093
02224
01845
01698
13542
01749
02492
02189
05936
03394
02188
03407
03413
07699
06399
03631
03402
00858
03093
02003
07636
06442
01662
09775
13789
03602
03601
03625
00012
03093
01126
06967
03086
07301
00975
00975
02586
05810
01886
15342
01338
03655
03589
01881
08681
06215
00375
01738
01740
00651
06131
01060
02346
00820
03431
07137
04069
04759
04758
07777
00954
03655
02902
10773
00703
02346
03437
02887
02916
02520
01868
02237
02588
01599
01738
07139
02836
10907
03671
03088
06416
03685
09458
02078
00645
00648
03621
00995
14441
00773
07568
06381
01714
00215
12410
00790
02563
03588
01000
01929
01928
08384
03438
03925
05837
13292
02529
02469
02470
02519
07742
02600
09748
11749
00099
00981
00806
02838
09903
02357
02967
06207
07082
08303
05515
03091
01695
00757
02057
02057
07335
03710
06398
00057
08591
03977
02911
07040
00925
02434
02435
03088
01972
06012
02968
02340
03147
00788
03150
01783
06949
06941
03500
06973
00604
01462
04066
03734
01953
01952
01895
04079
02278
06153
07220
03306
00793
14652
00794
00075
06958
06379
03091
06405
06406
06407
06407
03216
01163
00134
15633
02413
02412
02411
02410
02409
02408
02388
02387
04094
03168
04096
07391
02007
03088
01153
01154
03427
02111
02115
02112
02114
00790
06381
06283
03569
02392
02392
02395
03088
02601
00973
00067
01790
02503
01872
03093
01114
12511
12510
02283
03101
01534
02233
02231
02227
00928
00003
06209
01733
07001
06872
01704
01703
06206
03088
03215
03088
07089
02003
02224
06425
01812
12960
01251
09786
07180
07090
07090
06891
03694
00684
02996
02871
06173
02879
03040
02986
02948
02952
02919
09710
00969
01945
00602
11175
01933
00764
01588
06901
07088
01951
04567
03624
04077
04078
11755
02500
00688
01666
03100
01624
00656
04069
02283
03701
03702
04095
13653
02528
03424
01874
06374
06373
06284
07056
06295
00831
03523
03183
06888
02422
02407
00604
10026
01737
06920
10206
01778
01939
01678
01677
03530
00800
07444
02013
02015
02016
00963
07058
02963
09768
02338
03629
02470
03624
03088
01647
06940
00764
01955
09776
03088
03101
12267
00111
02217
03650
03217
08998
03536
02914
02939
04075
00760
03798
00789
03581
02343
09747
03088
03088
07150
01667
03763
03529
02003
00645
01358
02029
07727
02029
02073
02072
02071
02586
05366
02003
00931
09922
01681
01647
03789
06925
02518
01265
03076
02876
02907
02988
02881
02933
02994
02954
02931
02895
02874
02961
02904
02878
02982
02890
02965
02886
02892
02926
02906
02946
06409
01814
02501
01923
01693
00817
00013
00765
02502
03657
05808
04751
01915
02669
01875
00266
02556
02557
02493
00891
08602
00266
03088
01817
01609
00766
01657
06942
03408
07406
08309
00859
03088
03110
00955
00957
00390
02372
01924
06412
04042
00948
01056
03723
04769
03530
07571
02003
02007
01091
03688
09973
05516
00615
00615
02283
12510
12511
02654
03427
01154
03091
03218
11145
01883
00640
03660
09779
06929
03100
03665
08303
09888
03093
06890
02341
09770
00943
03525
03524
00950
01633
00796
07095
01495
10547
10548
10546
03802
13282
01305
00052
03088
02078
02406
02406
03563
13626
02397
02396
02396
02398
07010
02909
03628
02990
03093
01649
01649
00053
01653
01652
01308
06436
02529
00783
00790
13012
06423
01449
00767
00278
03517
07813
02469
03501
03495
06187
07089
01696
09817
09816
00615
00615
06213
07043
00611
00930
01926
06158
02355
03696
06959
01449
00384
02913
03073
02601
02867
02863
02864
02935
03043
03046
07590
02950
02992
02355
02358
03088
07813
02313
01821
06317
03737
01938
06436
00919
03969
03924
01449
00528
00262
04072
07078
01091
08177
03704
03439
00012
01869
03924
00147
01870
01881
00648
00648
15461
01494
00941
00878
00797
06382
01689
03075
12573
07447
08301
02888
02899
03979
07574
02221
09772
06997
06180
03413
03412
03408
03695
06382
07718
02662
06409
13993
03980
01775
07723
05946
01755
01940
01159
03550
03551
02662
01448
00989
03657
07462
03924
02529
06894
03657
00145
02647
09812
09811
03797
03704
04083
02048
02046
02047
02045
00198
15580
01448
03088
00176
00174
00175
00177
01915
04485
07736
00991
01770
06966
02669
03466
01491
09769
00384
06915
07130
01921
01776
01887
03737
03797
01937
06387
07507
01687
01652
03980
04088
04087
06295
00286
03703
07099
03545
01358
03544
07053
03664
03091
13653
03811
06211
07217
03737
01012
07559
03150
01012
01744
02662
01599
00768
02529
01599
10441
06726
03424
00198
03387
15580
15581
03427
01154
01153
00656
04069
07238
01051
03581
01235
01356
03088
03106
02959
06960
02860
00554
07240
15987
01696
01695
04651
04656
04653
04654
00763
00686
01756
00812
01273
03630
07460
04061
02529
03470
14540
03100
02884
04045
03427
01154
01153
04069
00656
02405
03411
03410
03408
03407
03412
04562
02404
02400
02401
02421
02420
02419
02418
03413
02417
02416
02385
02390
02389
01599
00170
00169
00172
10947
07258
03386
06864
02004
03768
01156
07316
01572
06897
04488
11105
00548
00772
01181
01104
06402
00595
06023
04477
09762
11189
03409
01489
02009
03615
03614
03612
03613
03617
03856
00366
09685
07533
02499
07491
03498
03499
02004
06147
03830
04517
03856
03708
06196
09749
07114
07114
01601
02591
02587
02824
03574
02120
02118
02117
07052
02122
02119
02121
02124
02123
01885
07343
06281
03976
07584
00575
07720
01784
02428
02591
02050
07067
09697
09696
06179
02653
01619
00016
03469
01515
11189
08483
04076
01409
02775
02049
02050
02051
00852
00784
06147
06147
02051
02050
02049
01823
03386
15582
03386
06889
03320
07098
03406
02050
02241
01835
04763
07258
01480
01571
07052
01934
03406
02823
03077
01181
03177
07658
07079
01489
02056
03784
03406
02619
09764
00949
04488
00575
02004
07658
03499
07720
06183
03406
02050
02591
02035
00088
03409
02564
07009
07213
15635
07706
07258
02049
02050
02050
02591
06889
09121
06898
00059
07114
06971
02056
02241
00625
02433
02238
03148
09729
00805
07457
03711
02004
01104
07258
09749
03499
03325
02004
03783
00845
00564
00845
03090
03769
00046
06603
00027
00058
06147
03406
07652
07668
00700
03406
03406
00721
06346
00274
03711
00666
09787
03406
04652
04655
01596
03406
04518
06889
11069
11071
11072
02004
00567
02591
02004
07079
00939
07052
15986
07257
03442
08974
01784
03325
09815
01104
00059
03406
00059
07533
03406
08978
09749
02414
02049
02051
01515
07464
07464
22010
22010
00974
06296
07491
07491
07491
07491
07491
07491
07491
07491
02406
19221
02029
02028
02030
14232
14235
14230
14230
00974
14231
07038
16216
02017
03699
01270
16511
04759
15583
00882
05349
15921
14234
00284
14224
04782
02851
18349
01985
01985
01985
01985
01985
01985
05350
18350
16786
16787
16785
17828
06297
16698
10823
13281
07045
15923
16898
02006
02030
02030
01803
00927
14475
06378
16881
06298
06113
16881
02050
00966
02051
14220
14220
14220
14226
02226
02008
02006
02008
15924
16899
02028
01978
00096
11070
17716
02030
17318
17319
01992
14223
01992
14080
01990
10439
01990
02029
14225
14225
01992
01992
16922
02057
01983
02058
06881
14237
01990
14237
14237
14237
14228
14228
01990
01992
14232
14234
02028
01980
01980
17319
04480
01897
01897
01897
17320
17318
17320
01537
01537
01992
14090
01990
14230
14222
01990
01990
01990
10112
07271
07576
05601
01992
01992
17686
17686
00018
17836
07316
17758
17759
14231
04757
01658
01980
02026
06518
14224
14224
14221
14221
17836
01183
00661
00209
01739
00128
00537
01791
04757
12574
02027
02107
07003
01977
01977
01977
01977
01977
01977
14230
14223
14223
14229
14229
14229
14229
14236
14236
01980
14218
14218
14218
14232
14227
14225
14233
01980
14233
14219
14742
07045
07045
17947
09022
14219
14219
14219
14219
14225
14225
14233
14228
01980
14234
14234
02172
14233
14228
14228
18231
06950
18331
20534
03406
01181
01181
03406
07533
02588
02050
02050
01181
03088
02585
01448
02003
03413
02654
04045
00600
07258
01784
13963
02003
01534
01652
07699
00016
00123
01224
03406
01356
03924
02078
07533
03093
03413
03413
08641
05895
03768
15580
03412
06284
12574
02586
07777
03924
04486
03406
03406
03408
02650
02650
18430
18429
18431
17992
18332
18330
18346
03742
02049
05521
02477
02477
06384
04749
01179
02027
18672
00702
22305
18707
18640
18682
07171
07316
07012
01262
06147
04565
03111
03169
03497
01421
03496
03497
03526
07816
07005
19048
03429
03429
19088
19115
19221
07451
19114
07452
19147
19075
19090
01710
01710
07319
00728
00728
06345
14761
09951
19134
06415
19225
19116
01990
01990
01218
01567
07497
07497
07497
07497
07497
07497
07497
07497
07497
07497
07497
07497
07497
07497
07497
07497
14086
07497
19296
04771
18197
04771
19405
19411
02004
13614
01992
00984
07216
07216
15856
19689
01179
07315
07315
07315
01258
03616
20074
20074
20074
20074
12132
07484
07484
07484
07484
07484
07484
07484
12132
21636
21636
20491
20345
20487
00525
20492
20488
20490
20345
20344
20345
07706
07800
20534
20628
01179
01181
01179
01179
01179
01179
01179
01179
01179
01179
01179
20742
20866
01208
21071
00821
21071
21011
21012
02316
02314
18640
02316
13730
00560
01493
04068
02335
01520
06217
03553
06919
02316
03465
07451
02315
02335
14089
07258
03892
21471
05364
03741
03741
21471
21600
21929
21929
21993
03741
21903
21903
03595
22024
22132
05592
03892
03892
03547
22026
20628
11991
01582
03641
09988
00728