02428
01181
00966
01212
01457
01181
09164
11263
06001
01198
00805
12503
01079
13788
13745
01768
10531
06204
08372
08372
03647
03933
00564
02057
02056
03574
03189
01665
02803
00956
09181
04749
03892
04518
11754
00297
07304
01754
03624
11068
07175
02003
01679
02025
02026
01673
00847
03601
03527
09760
08681
01159
03550
03551
03210
03072
03074
00759
03768
01892
01876
06994
07478
02986
01872
07447
07082
00014
02652
02669
02653
02654
02662
01736
00891
01735
02356
03625
02825
00609
01465
01956
01955
01591
02355
02992
02950
03046
03043
02935
02864
02863
02867
02601
03073
01488
00075
02913
09767
03799
00528
00767
04567
00854
01805
03088
01834
02039
07776
02040
02037
02038
02036
07736
00991
01770
01883
03218
01087
00697
01151
03648
04077
00215
00135
00560
00287
01714
12574
03466
07282
00995
03743
05522
03724
03553
03565
10007
10005
10008
06168
07085
00791
01778
03665
03722
00016
01356
07738
00058
01589
01809
05786
00343
00342
00341
00340
00338
00337
00336
06889
03333
07667
07646
06975
07025
07025
01638
01265
02346
02003
03466
00261
01772
00230
00567
13529
00266
01126
03583
03582
03581
03655
07454
03088
01596
00761
03933
03149
03153
00788
02026
02025
06911
10805
06886
08483
02777
01322
00705
01256
07386
01808
06929
01740
01895
00640
01738
03545
01358
01358
03544
01873
02340
02238
02237
01869
06915
07393
03088
07032
01595
06907
06903
09710
00969
00147
10773
00133
00928
06187
02343
02003
03704
00962
09858
09992
01637
01697
01060
02313
02338
00033
03629
02470
02469
03704
03449
00059
00851
01812
04042
00948
09807
02897
01056
00980
03328
03723
02428
00324
00325
02493
01689
09009
03885
01236
06044
02017
02018
02020
03635
03639
03750
03637
00374
00373
00371
00370
02575
02575
00362
00363
02302
01719
00826
01950
01868
00995
08256
06215
00867
01951
01462
03431
02996
02871
00694
06173
00886
02879
03040
02948
02952
02919
02518
01265
00939
03076
13280
02876
02907
02988
02881
02933
02994
02954
02931
02895
02874
02961
02904
02878
02982
02890
02965
02886
02892
02926
02906
02946
02358
02003
06895
05596
06996
01126
01611
00797
03088
05916
03190
03188
01428
01429
01430
03308
02007
01534
10843
03328
03704
03704
03924
03925
03438
03587
01928
01929
01000
01925
03588
03589
03531
05810
09772
02221
03101
06180
02337
00013
03654
00817
01693
02501
03781
02520
02916
02887
03437
01975
01889
01890
03711
09781
07240
07559
09118
07177
07043
03657
03426
03657
05595
07053
01262
03593
00849
02003
02003
06203
04565
02503
00690
02529
01921
01775
08641
09117
00688
03439
06996
03695
01142
00059
00864
02440
00111
00619
03575
07067
04485
03168
00943
02341
07729
12234
03466
02013
02015
02016
01464
02050
02049
02050
02051
03811
01912
07101
01091
01870
05878
05879
05881
00940
03529
00931
03979
02899
02888
00425
00426
10563
03685
02911
07040
00954
03655
07030
02902
00946
01921
00057
00790
01704
01703
03070
09927
00981
00995
00694
01104
02071
02072
02073
06910
06902
01193
07131
10234
10233
10232
01875
00012
00156
07214
01934
01104
01791
07025
00831
00819
03299
00851
06915
00878
00788
00145
00620
00930
00611
03402
01940
01755
03652
01866
06442
00858
03631
03980
01937
02259
09014
09015
05710
09013
11717
04488
03088
04063
04758
04759
00641
01740
09702
07341
01507
07259
04075
00760
03798
01495
00796
09167
08981
01918
01579
00278
03110
03320
04751
00990
03106
02959
06960
02860
00554
02884
03100
03470
07460
07391
04096
03733
02405
02967
02357
09903
02838
00981
06941
00099
03718
06976
10563
01881
09748
02600
07742
02519
02834
03177
11753
02956
00962
07654
07670
03924
09791
00973
00067
01790
09153
07027
01711
01710
01588
00851
07104
03830
03556
02355
02003
08369
07054
03523
01142
01491
00600
01433
10547
10548
10546
10547
10548
10546
00024
00031
00602
11175
01902
01903
00876
03657
09793
07093
02351
07245
07156
00627
00162
00161
10680
03466
00817
08972
02529
10548
10547
10546
00692
03924
07154
07154
00876
04043
03687
03686
13640
06191
03647
00525
00526
01007
04762
01810
00763
06891
01776
00989
03564
04078
00382
05846
05846
13288
08281
03111
07107
01129
06048
01880
09815
09817
09816
00806
03584
01649
03924
03595
07042
06217
01006
09761
03686
03705
01533
07301
03823
03325
00648
03088
00363
00362
07729
03654
04477
03212
01243
07173
00982
01915
00606
01265
00886
01745
09861
07164
00163
00645
00648
02078
09940
03596
02968
01823
03790
05349
02025
03696
07107
12410
07020
03924
07560
06980
03313
03088
06978
07058
03282
03750
03790
00254
01933
00764
00262
00363
00299
01952
03781
00661
13653
07727
09166
09992
09955
00275
03310
01885
07025
06949
00800
03088
02669
00164
07401
12510
12511
02836
09812
09811
03664
01626
00655
00845
02342
00766
02276
03889
03890
03891
04564
02274
02275
04487
00865
03517
01255
00382
00658
07071
06994
03801
00230
03644
01915
02379
00232
00626
00059
10764
01952
01952
01923
01945
01939
01624
03975
02566
03744
00762
07124
03654
02529
09458
03734
01462
02316
08323
01235
04079
12308
02529
03216
00681
02529
00874
01625
01812
02529
00040
02049
12308
02529
05349
02335
06994
01421
00963
12373
07056
00208
01874
03424
02528
00919
00059
00208
08296
00975
02469
00857
01092
01520
03499
03499
01681
00088
01662
00656
04069
03684
00033
01779
02302
00957
00390
06916
01951
12511
12510
02283
02282
02279
09005
00925
02016
02015
02015
02013
00088
00088
04078
06048
01409
09019
03789
06925
01775
00997
00820
01756
06888
02492
01599
00231
01749
01698
01845
07090
03785
03823
09771
07727
03322
05520
00059
06199
06199
07734
01443
05350
05838
00700
05343
00688
07077
03521
03522
04487
00566
01972
02435
02433
02434
01669
02529
05349
01687
03702
00859
02945
02034
02035
02335
01997
01998
01995
01996
01999
00873
00266
00265
01695
01696
01609
01657
02500
13571
03432
03433
13570
13527
07442
07465
07305
00299
01950
00763
11068
01858
03980
00384
03671
03497
03496
03501
06346
03217
08998
03536
02914
00852
01421
00450
02049
02051
02616
02616
01687
01912
01652
01653
00053
00052
00826
01649
03800
00389
06997
07735
03469
06153
01284
00259
02346
07075
03321
06910
02470
03086
01494
07114
02902
02913
02954
02919
02911
02529
01808
01488
01619
03783
00382
06287
03524
07552
04072
01887
01586
00003
01733
00872
03628
02909
02835
02493
02108
02110
02109
02113
02111
02115
02112
02114
07503
04047
00116
00567
00240
00239
00241
08987
03977
00655
00945
06178
06024
05896
03496
04763
00615
00616
00036
03075
01803
00927
00134
09762
06958
03703
03701
09780
04069
07160
06877
02283
07127
00365
01466
07402
02049
00027
01895
00937
03306
07220
00384
03671
03325
03823
07089
00520
13292
03521
03522
00528
02314
02939
02963
03111
02990
01104
00036
09981
00281
00605
02437
00549
01246
03578
03547
03546
03294
06942
01724
02035
02033
02034
06207
01647
01439
06966
00796
01255
03088
03117
01867
07058
00240
00239
00242
00241
07335
01489
00942
03060
13038
00789
04066
00604
03500
01783
11752
00793
00794
01523
00765
13572
13573
03116
03118
03727
03820
08999
06929
05592
01620
03530
04477
10979
00335
00334
00333
00331
00330
03183
02552
02551
02549
01661
01911
02548
07399
06196
01926
04768
03499
01804
00286
07031
03271
00616
00826
00860
03088
01874
11089
03088
05567
05568
05569
05571
02064
02063
03897
05522
13821
01897
02004
02004
02004
02004
02004
02004
01664
07141
01835
00001
00332
05570
02483
13787
14221
02004
02004
09940
01198
03719
01209
07407
01924
13993
03574
03466
14232
14230
14224
03296
00759
07979
14234
02483
00633
06921
06994
02529
01092
03767
01181
01181
01181
07454
13940
05794
01784
05794
05712
01784
01621
00632
01126
01990
01802
14225
06188
03924
11069
11071
14233
14225
06113
06147
01181
01181
01739
00951
10006
04092
05364
01181
01011
01011
01897
14229
14232
14230
02027
05847
02027
02027
18230
01434
01434
00372
01955
14232
03704
00758
02013
14233
14225
14237
07979
14347
14260
14668
03709
14228
11072
02003
00339
01992
14218
14235
14231
01739
01179
14228
01992
02029
02030
10947
14267
03892
14223
01992
10947
01181
14228
14224
02616
06147
10241
02058
02057
02057
01802
00344
02056
01840
10947
14226
01179
01091
03154
00970
03657
01814
01817
07132
03709
01496
06921
14136
01436
14393
06926
00868
00064
03273
14161
01990
01990
01990
01990
01990
01990
01990
01990
01990
03313
00674
06147
03892
14237
07075
14220
14233
01711
07075
01951
01181
01181
14670
14671
14228
04517
02057
01990
06945
07483
01980
01980
07483
00965
05565
01985
01985
00941
03190
02027
00362
01724
07114
11070
01286
08972
02483
14219
01181
00752
00895
00162
01057
01182
01897
01515
10242
19267
01966
01840
01524
01173
07768
01978
00721
01990
14223
14230
10240
10947
03892
06147
02030
00839
00897
14228
14219
00130
14234
14219
07284
07284
14234
01187
14227
14218
14219
14237
01802
14229
14236
14218
01977
01977
14162
14222
14155
14233
01081
01983
08095
00368
02083
02031
02032
14669
14761
14667
14949
14652
16013
00971
16012
03088
11939
06177
08316
01941
15034
15372
15553
05602
15521
15526
15554
12510
11741
15525
15520
03298
14415
00392
01198
01209
18926
15987
15987
00594
18682
15771
16147
16148
16137
16163
16164
18955
18955
16168
05845
15035
01218
02033
16167
07260
16264
03699
02062
16237
16264
03321
15772
11960
11961
15770
16783
10118
10119
10118
16784
11959
11962
10117
11963
02851
10545
04757
10117
11991
01533
16870
16840
01719
17218
17318
17319
17319
01992
01992
01992
01992
01992
01992
01992
01992
17716
02028
17320
17320
15580
10112
03671
15555
10119
10119
10112
17686
17686
12574
17810
19270
21688
03183
18455
08300
08301
18546
03574
00702
01214
01992
01990
18917
18955
18955
01971
10747
06147
01971
03976
07029
07816
03526
07452
18688
16422
19068
19147
19265
01785
01990
01990
01990
19302
08217
19302
01785
19545
08744
01179
19710
19668
19784
01431
12132
12132
12132
20074
20074
20074
01179
01179
01179
01214
20814
05926
21014
20940
20902
21071
00821
21071
21636
21147
03636
03741
21471
21471
03741
21480
21401
21564
21600
21600
10914
21929
21885
00020
22033
00936
22010
22044
22027
14274
03077
22297
02257
17758
22311
07755
22306
11206
00135
00728
07566
22491
22539