02933
02015
05349
03637
02341
04042
02428
10773
01955
05810
01429
01653
00567
03584
03500
03497
02967
06966
01626
00600
03527
00767
00481
00077
00975
00164
00014
00549
01887
07156
03652
02906
02926
02886
02965
02982
02878
02904
02961
02895
02931
02379
02619
01246
06173
02015
01644
03075
03703
03665
04066
02825
03074
03072
01159
03177
03550
01802
01880
02358
03060
08369
01903
10563
01992
01992
01992
01952
13653
02890
03696
01953
02907
03218
00963
00425
02874
03449
07042
03601
02016
02015
02013
09936
02518
02470
02469
03043
03168
06891
03811
02476
02475
08170
01657
01696
02108
02340
02472
03040
03183
01589
07503
02115
02112
00135
03284
07175
03300
01703
08372
03282
02004
02492
02010
02011
02012
00231
06196
07399
02051
02049
03306
01724
05995
00805
03073
02867
02003
02963
02954
02913
02902
03321
02909
02911
07669
00525
02863
00003
07090
02808
02809
02810
01740
00700
00566
01972
01687
01659
01867
00053
00052
01885
00761
00057
01921
00946
00145
00930
00611
01940
01755
01866
00858
01937
00945
00033
00878
01744
00765
01523
06153
01772
01951
00615
00616
00036
01750
01595
01803
00927
01783
00604
01462
00942
01591
01465
01735
00891
01736
00014
01872
01876
00759
01868
01662
01520
01356
01778
00791
01714
03465
00215
01881
00116
01265
00099
00788
00554
00990
00262
00873
01496
01814
01693
00817
00013
01754
01870
01924
01925
01000
01928
00768
00826
01255
01733
00820
01823
01638
00969
00147
00931
00940
01873
00626
05783
01358
01739
01425
01812
00997
00989
01776
00763
01916
01835
00790
01933
00764
01952
01952
01923
01945
00833
01935
00156
01788
01770
00991
00088
03380
01918
01495
00797
01462
00925
01939
00762
01494
01596
03439
00864
01875
00873
00016
07304
01869
00766
00059
01251
00943
00800
01489
00831
01647
00560
01810
00919
00134
00948
01689
05786
07120
01246
06996
07386
03338
00140
03337
03336
03335
00010
06605
03704
03310
07009
02342
03088
03781
03325
09117
07045
00252
02283
06877
01768
06179
09153
00973
00067
01790
01710
02016
01322
00241
01619
02016
02015
02013
01834
02435
01892
01912
07653
01915
03496
03685
03470
04485
01430
01428
03188
02337
03628
02015
02015
00867
02343
02338
00526
07090
02346
02313
03639
10843
07447
00374
09121
00794
02551
01962
01963
03531
02113
11189
02016
02529
07114
06889
07397
07560
00882
03743
00995
03466
00962
02956
02834
06988
00537
00872
06048
00558
03187
03189
03190
01791
00793
07478
02892
10805
00609
01046
00951
00882
02768
02769
02770
03111
07088
00059
00957
01874
02114
01956
07146
01858
04047
00851
00285
09790
00450
05548
09164
03116
03305
00217
00010
00010
03762
09384
02016
00970
03980
03088
00384
03671
01448
03501
03217
03536
02914
02077
02075
02074
01069
03579
00661
02011
02012
02010
01007
01007
01840
09811
03664
03704
00683
06901
04487
09791
05896
02837
01056
01056
02897
07058
02021
06148
00681
03723
06147
03758
06193
03517
03800
04750
07300
09781
05838
03521
03522
04487
07154
03824
02337
02433
02529
10441
10440
10439
06726
02016
03453
02434
02601
01902
03702
03701
02520
02916
02887
05814
05815
05813
05816
01126
03437
03727
03118
07465
00548
07222
03325
01808
01889
02618
04755
00012
01784
02952
02948
02986
04078
04077
03088
06994
01669
02072
02071
02073
08981
03709
02016
03216
03762
07222
06200
01720
03417
00031
02013
02016
01142
02016
02013
07058
07258
04567
01624
01809
07670
07654
03070
00641
00287
03657
01934
00963
03750
03790
07056
03654
03424
00868
06994
01239
03365
03786
02335
00954
00239
06895
07393
00058
07182
02342
02361
07727
03147
00688
03648
07030
03655
02028
02029
02030
08974
02945
02755
02756
02757
00859
00852
01012
03046
01241
00606
01579
01649
00928
00133
00382
01433
00075
01897
00286
01749
00014
01698
01599
01845
01911
01707
01661
00939
01265
01775
00088
00088
01951
00641
03724
02609
05794
01714
02433
02004
02003
05522
10563
03629
07149
00128
02004
03466
01966
00721
07071
00111
03405
05548
11928
07776
03111
10008
10005
10006
10007
03565
03553
03523
02015
02013
01907
01847
00027
06207
00674
00674
01439
00796
01193
03088
03117
03593
00426
06910
06148
02021
07588
07166
09157
00658
11387
02548
01695
05571
05570
05569
05568
05567
05565
03704
09956
09146
06949
03088
07043
07177
09118
00375
06215
08681
02836
09812
02549
00128
02026
02025
02027
11263
02946
02519
07742
02600
02888
06975
02035
06966
03544
01358
01077
06864
06898
01816
07124
07214
02168
00040
00851
03564
00019
07011
01081
00457
01658
00240
00966
09748
02031
02032
09861
02564
01443
07736
07067
03575
00950
01633
00796
03798
07259
01507
05567
05568
05569
05570
05571
00382
01720
03417
06287
03549
01588
07110
04488
09013
02259
00344
01057
03320
00134
09762
06958
00789
03625
02015
02016
02013
07082
07054
01421
00299
01752
02035
03210
08256
00995
03684
07222
01637
03596
02968
09710
02624
01857
00448
00449
03464
03381
05784
05782
02031
02032
02034
02033
02035
03975
06886
07240
07107
01092
00886
03086
03087
03709
01784
04761
03578
07738
03436
03892
11103
06867
07120
00265
00266
01784
02111
01679
05343
06148
06148
00865
00688
07104
01609
02500
01092
02501
01816
00010
02342
06044
04762
01236
05786
01586
06180
03101
01424
02221
09772
06997
03589
02563
03588
01929
03587
03438
03925
00297
01626
00655
00845
03891
03890
03889
02276
02275
02231
02233
03801
03644
07085
01915
00982
00849
07164
01104
00163
05833
05832
01989
02078
02566
02316
01129
03711
01704
09014
00806
03595
06217
09761
03686
03705
01897
00705
06147
01284
03311
03979
03545
01256
07004
02035
02033
02031
02034
02032
02483
00128
02755
02756
02757
01142
06131
07552
02030
08289
03695
03312
03686
03687
04043
07090
00390
04750
07793
07795
01239
05916
06988
03488
01223
02755
02756
02757
02016
02015
02015
02013
00012
06860
01854
03710
04518
07284
03761
01126
03299
01744
07025
00101
00128
00261
04564
03217
02314
02939
03111
02990
02058
02057
02056
01533
08972
00817
06213
03709
03322
00520
08296
00045
00854
01918
07025
06994
00773
01885
09747
06187
09684
00135
02864
02935
02950
02992
02355
02013
02015
02015
11065
03647
02003
01738
00640
03722
02274
06191
02919
02004
06975
02039
02036
02038
02037
02040
06980
00432
06986
01354
01756
03305
02483
08167
06902
03340
03932
00697
01087
02077
02074
02075
01193
02899
05565
02004
02003
01992
01990
06941
00981
02838
09903
02357
03733
07391
07460
03100
07741
02884
03153
03154
03149
06959
03319
01857
02860
02959
03106
04751
03320
03110
03529
01512
04077
04096
03595
02356
09167
03767
09125
10027
07090
07040
02042
02041
02044
07088
02035
02033
02034
02031
02032
01975
00852
03453
03551
00528
01207
07146
07284
11068
08483
09009
03624
03823
07160
02446
03602
03308
06942
03405
03574
03293
05592
01586
00373
00371
00370
02575
03750
02835
02493
03402
06442
03631
04763
06024
06178
03977
02021
06148
07238
03316
09858
03070
08999
01990
02042
02042
02041
02044
03885
00574
03820
07113
01883
02528
02109
11175
04075
06989
07552
07305
06867
04091
03919
02110
00563
07052
03475
07735
03111
01992
00956
03768
02013
07301
07005
07192
01652
00760
01681
00389
03076
02553
05596
02237
01029
01028
01607
05549
05550
01673
06886
05548
07245
06911
03635
03750
02018
02020
02994
02881
02988
02876
02614
02610
02611
02612
02613
02879
00574
02871
02996
03431
06925
07085
03789
01409
01186
11717
07768
03426
11533
11533
01625
02484
00602
07442
03710
11738
03449
11754
18917
12410
01491
13288
07250
00666
03657
07448
11752
03524
00595
03310
01890
03496
01847
02303
11753
00038
12503
07114
13789
13542
09015
13788
13527
00528
00074
01534
12583
13933
13935
13932
13953
13570
03655
03657
13038
12437
00620
02217
03292
12942
07483
13668
03761
13640
00024
07032
01958
01534
13821
13950
13787
13930
00153
13687
13573
01792
04098
07794
01113
13498
13571
08281
13580
13572
13686
12428
13671
18230
02013
14347
07045
14260
14153
06867
01856
14267
14337
00459
14339
14136
14393
00868
09681
08224
14445
00549
04517
07483
14162
14683
11961
01515
13288
01524
08987
01011
01011
01011
14161
14155
01524
06221
07032
14949
03381
16013
16012
14652
11939
06177
02050
08316
00055
01055
15372
15509
15578
15733
05602
15526
15521
15555
15553
03929
15576
01082
15554
12510
15577
15525
15520
11939
01840
14415
00392
18926
15977
15977
15771
16147
16148
16163
16164
10716
05898
18955
18926
21949
11051
11737
16264
12574
01223
02005
03321
15772
16653
11960
15770
16783
11050
16784
11959
16652
16647
16650
16649
11962
16648
11963
02851
10118
10117
13693
10119
16785
16786
16787
16923
16786
16787
16870
16785
16925
16786
16787
16927
16785
15582
15581
07778
15580
10112
10112
01990
01990
01990
17686
03671
10112
00254
00520
17883
03366
13979
18277
18230
18118
21687
21688
00138
16237
18455
03574
06168
18700
18701
01990
01992
21686
18955
18955
18955
18833
06147
06147
03526
07816
03892
01046
00384
01659
07452
01046
19147
00798
00135
22468
19124
00217
01239
19265
01990
19302
01992
07494
12954
19267
06881
19577
19577
01267
19710
09796
12132
12132
12132
20074
20468
20470
01214
20814
20943
21071
13877
00821
21147
21147
01436
22552
03636
21481
21473
21480
21401
21481
05364
21498
21564
10914
21600
21685
21885
21885
21883
21962
22044
22027
22044
15578
22112
22270
17758
17759
22316
22306
02257
22311
22476
00728
22468
08300
08301
07566