01992
01992
01992
01992
02057
08744
02428
02241
01006
07496
02416
18672
06147
02417
18640
15771
07496
02313
02338
03629
02470
02469
01939
01937
07718
14226
02404
02418
04069
02945
03530
14223
01924
06885
02003
10441
07138
01665
03734
02419
02421
03410
04562
02405
09955
04023
02103
07090
01938
02902
07057
06176
07391
09816
09817
08591
04096
03168
04094
01419
03667
03706
02387
01154
02283
03407
03408
14228
14235
14233
14219
02529
09955
00266
00528
00874
06885
03924
00640
01883
01201
01195
10543
07718
00820
07718
01443
07718
10543
10545
01051
01624
01625
00874
01815
03303
07406
02410
02411
02412
02413
02389
02390
02385
02415
03411
02278
02400
02408
02409
14233
05349
10192
10193
10194
07718
07301
03797
03569
02392
02392
00615
07088
03431
00820
02346
03413
02388
02420
02401
09013
00384
07243
06398
03716
00198
13954
06373
06374
01628
00688
03924
02529
07718
00549
03523
01935
00833
01012
14233
04077
04078
07216
14224
03413
14221
14230
14232
14219
14237
14220
14219
14232
14237
05919
14236
06921
01179
00974
14230
02304
14228
14223
14228
14415
14225
14225
14228
14219
14229
14225
05540
14218
14218
01838
14234
14441
14232
00065
14227
14227
14230
01209
02057
00639
06889
09815
03711
09749
06196
05499
00030
02025
01572
03406
02005
02004
07442
10440
10439
00058
09698
00853
07720
07720
07720
03406
07720
10540
10541
09696
09697
01524
02004
03386
07668
07652
02025
00691
01664
15035
07979
14229
14229
07033
14231
14233
03436
02056
01537
09004
10231
05989
01992
10118
14224
14224
14234
14228
05799
14540
09002
01182
04749
14652
14222
03091
01778
01812
01999
01997
01998
01995
01996
00762
12573
02343
02963
01955
01591
01465
00609
02825
06180
03101
08963
01735
01870
04074
02221
09772
06997
01804
02990
02967
02357
09903
02838
00806
00981
00099
07444
03322
04487
00566
04486
00172
00169
03088
00891
00978
01709
01790
02407
02422
01975
00931
00147
07456
03100
00286
06409
07699
06399
03631
03402
00858
02503
01872
02945
03527
00655
00945
06208
00797
01734
05837
03608
03609
03610
05515
03570
01703
03569
06287
07053
06442
01662
03216
06901
01923
01952
01952
01952
00764
01933
11175
00602
01945
00859
08309
07166
09157
01704
00052
01811
01811
07507
11145
02372
03218
06962
03091
01921
01776
01887
01912
01448
07406
02217
00606
01918
01579
00928
00872
00003
06209
06310
06311
06387
00759
07560
04070
12308
07137
07053
02340
02968
06215
08681
00997
01775
02437
02016
02015
02013
07015
00014
02652
02669
02654
02662
06153
02355
03696
11749
03763
02647
09812
09811
03797
06423
06012
06385
07335
03710
00756
01839
03407
03408
03594
02946
02906
02926
02892
02886
02965
02890
02982
02878
02904
02961
02874
02895
02931
02954
02994
02933
02881
02988
02876
03076
01265
02518
02919
02952
02948
02986
03040
02879
01151
03786
01657
00766
01609
01817
01696
01695
06173
06379
03091
02398
02396
02397
13626
03563
02406
06942
09807
03671
06967
01972
03688
01738
03534
12308
02529
02529
01818
10441
00847
00865
02871
02996
03320
04751
04485
05946
00615
00615
03701
07088
01951
02108
02110
02109
02113
02111
02115
02112
02114
10907
06180
03584
01880
05311
00134
03075
09775
03657
01890
01889
01736
00901
07042
07037
06438
09117
02970
07107
00873
00850
06285
02337
02911
07040
02237
01869
09710
00969
01940
01755
02897
07736
03522
03521
07001
00954
03655
06969
03752
00767
00278
03517
07447
03437
02887
02916
02520
01845
01698
13542
01749
02492
01689
08999
03424
01874
05979
03412
02013
02015
02016
03183
03147
02529
00941
00788
03150
03149
03154
03703
04069
04069
06958
00075
03183
01207
07568
06381
02034
00955
00957
00394
09798
06412
07150
02003
07089
01534
07718
01950
03154
06920
02529
06284
07056
03150
01744
07406
09766
00177
00175
03660
01448
03628
07478
00600
00962
02956
11753
02834
02519
07742
02600
09748
01783
06949
06941
03500
06973
00604
01462
04066
13038
00179
04769
13789
03602
03601
03625
06397
06396
06395
06394
06393
06392
06391
06390
09769
03565
00995
01491
03466
06411
06410
07460
04061
03470
02884
00554
02860
06960
02959
03106
00849
00965
03547
06915
01770
00133
01714
00215
03170
01756
00812
01273
00641
01740
07574
03979
02899
02888
09765
03551
03550
01159
00174
00176
04654
04653
04656
04651
01448
00145
00930
00783
07566
07238
02557
02556
02835
02493
02909
03060
00942
09777
09116
06929
01912
03088
01448
08303
09888
02529
00180
03978
01338
06381
06382
03969
00950
00796
03524
09706
00790
00943
02036
10026
08982
01060
02769
02770
02434
02435
15987
02528
03210
02034
02529
00773
01611
00847
05808
03070
02836
03408
02356
01628
07462
00789
01652
00761
01808
00790
03074
03072
06871
01624
01881
07010
11752
00793
00794
03630
00975
00975
00703
00688
10206
03802
01681
01999
02018
02020
02585
02586
02590
02589
02588
04751
09760
02341
09770
00943
01678
01649
01649
00053
01653
03665
02358
02355
02992
07407
01193
03484
01714
03664
03789
06925
09007
01737
02950
07590
03046
03043
03412
01868
06024
05896
01867
01586
03091
03091
06383
05970
03531
03589
02563
03588
01925
01000
01929
01928
08384
03438
04083
03704
08591
03977
03091
08303
07082
06207
05813
01126
03086
01129
03544
01358
09457
01012
05366
09000
06405
06406
06407
01677
02040
03501
03495
03650
03217
08998
03536
02914
06295
03523
03581
03545
11381
00382
00627
03644
03801
01687
00826
04567
03624
01733
01926
07571
03530
06283
00528
00266
01915
03798
00760
04075
03723
01056
00948
04042
07718
01805
07718
01876
01892
06199
06199
03525
01163
00876
01652
08301
00111
01118
02007
01686
01235
07718
01599
00817
00800
00848
07095
00989
03925
13292
01953
00919
02913
03073
02601
02867
11754
05810
07636
03306
07220
02039
02502
00765
00013
00817
01693
02501
01814
02500
11755
03980
03823
10773
01866
03980
12960
01251
02939
00170
00169
00171
00172
01875
07043
01153
01154
00763
03637
03639
03750
05773
05772
03738
06409
06923
02003
08602
04759
01449
07282
03596
03705
03687
04043
03686
02687
09761
04487
03151
06178
00611
01955
01956
02863
02864
02935
00991
01993
07738
13993
03695
01912
00179
00180
01912
06168
03555
03572
00791
03666
01356
00925
01873
03702
01740
03154
03716
01588
01589
03110
03529
02073
02072
02071
01738
06416
02038
02037
02040
03685
09458
02078
00645
00648
03621
00963
06187
09747
07491
01200
10117
03215
15582
15342
15342
07079
04488
06603
00088
02025
03325
02238
00016
00616
07658
06196
02653
01409
03708
00949
04763
07009
00772
01489
01619
03783
03406
00939
01262
06864
06898
08978
06013
10440
10439
01206
07258
01934
07258
07030
06183
06864
07051
00385
03148
06023
00548
11189
09762
10440
05350
03499
03499
03498
02033
02238
09685
02004
11261
02035
00700
00845
02591
06976
07105
06147
00567
00854
00666
00548
05815
05814
01119
01813
02499
07533
07720
06897
15633
02025
00027
03177
09787
01885
01784
03406
07584
04655
04652
01104
03090
01439
02025
01596
02033
02035
03929
02004
03711
07258
06179
06147
01537
00625
02050
02049
02051
00059
01784
03409
06857
09126
02823
02824
00772
01515
03469
01571
01480
02443
07720
03856
04517
00575
00058
06994
03750
07219
03406
01077
06346
01192
02025
00058
03406
06934
06147
06147
09825
08483
11189
02806
00882
02433
00068
03294
09118
04477
01181
07457
15916
10560
10559
15580
22305
15532
07130
15581
03320
07045
17828
05350
01990
16213
04518
01838
01983
01978
10544
06296
00971
10117
16786
10562
16787
10118
10119
16785
10117
10118
10119
06297
10119
10117
16788
16789
16705
10119
10823
15772
10118
10117
10117
10118
10117
10119
10118
13015
15770
10119
10119
10118
10117
07012
11991
16950
16951
02030
02008
16881
00927
01803
06113
01218
06298
10561
02006
02009
00395
00196
01985
01985
01985
06113
02029
10542
17318
17318
17318
17318
17318
17318
17318
17319
17319
17319
17319
17319
17319
01977
01977
01977
01990
10440
10441
10441
01992
06881
01990
01990
01990
01990
17320
17319
17318
17318
17318
17320
00096
00040
00951
02028
17320
17320
17320
17320
17320
17320
17320
17319
17319
17319
17320
17318
17320
17318
17319
01980
01980
01980
14234
10112
01990
01990
01990
01990
01990
14226
07576
02027
05601
17686
01190
07979
17758
17759
00971
02026
02026
02026
02026
02026
02026
02026
02027
01658
02027
06921
04757
04757
02027
01791
12574
02027
09022
01838
00196
18331
07684
03406
07720
03413
00943
02039
02529
01714
01224
07720
07718
06147
06147
01571
02025
10543
01356
17318
01449
06147
06416
02650
17992
18332
18330
03742
09388
09388
00702
18675
18707
18682
18675
03427
06147
07171
05342
03469
18785
07171
07012
06218
06218
03111
03205
09797
03111
03497
03496
03497
07171
02315
01160
03526
03429
19088
07464
07464
19091
09951
19115
06378
19076
19138
19114
19143
09951
19139
19090
19140
07016
07061
19091
19075
19116
01990
01218
01992
01992
14086
04771
19405
19411
19265
19689
07315
00547
00297
19814
19956
12132
20074
00001
21636
06147
01179
20885
20885
20885
01208
21071
00821
02315
06223
02314
02335
03546
02316
01493
02314
02315
03465
01520
06217
03553
02031
02031
18783
14089
21140
03892
22044
03741
21471
21600
01176
21947
21929
22010
21903
03595
00015
22132
03892
03077
22405
09988
00590