06180
03701
07214
04042
09013
09009
09811
00297
07653
07669
01624
00526
00957
00956
07090
01992
04567
00249
01673
01883
02074
02077
06986
02021
06148
06980
02619
06975
02004
06147
03977
03427
01154
01153
06889
03070
03885
01426
03727
03116
01681
03724
00525
00526
02274
04044
07120
07124
02351
07245
01808
02016
02340
02314
03427
00325
01990
02013
02015
02016
02434
02433
03522
03521
00700
02493
02835
03628
03975
05592
03593
03088
00563
06966
06207
02003
06942
03308
03527
07175
03624
03709
02897
02837
02528
03424
07056
03750
03282
02911
02909
02902
02913
02954
02963
00626
03657
03744
03799
02020
02018
03637
03750
03635
03639
07177
03088
06949
03070
00966
06287
01659
02056
02057
02058
03216
02073
02071
02072
04077
04078
07118
02996
02871
02879
02986
02948
02952
02518
03076
02015
02015
02013
05375
02876
02907
02988
02881
02933
02994
02931
02895
02874
02015
02013
02961
02904
02878
02982
02890
02965
02886
02892
02926
02906
02946
03710
02992
02950
02935
02864
02863
02867
02601
03183
02548
02013
02015
02015
02016
06196
01897
03704
02283
03327
03088
03325
07009
06187
03284
00817
01897
02939
03111
02990
01858
03306
03671
03497
03496
03501
03217
02914
02338
02470
07224
02469
01664
00265
00266
06996
01990
03217
07146
04564
04518
07093
07112
03312
02777
06867
03584
01880
03306
00163
07164
02275
02563
03589
02346
03101
02337
01657
01696
01695
02335
01889
03154
03153
07114
10007
08681
07030
03648
03305
00872
03117
01193
02004
03601
03602
02446
01679
03823
00249
07222
00249
03723
01056
01056
06994
03790
07088
01029
01028
01644
02017
07654
01588
01589
03783
07284
00088
03088
06173
03040
02259
06215
03075
00793
03060
01955
01956
00609
03786
07004
01892
02035
03210
01159
08256
07156
00231
03684
03709
03578
03177
02004
02003
03470
03100
02168
02168
03685
07040
00954
01704
01703
01274
02015
02015
02016
02016
04793
02015
02358
02355
03046
03043
03073
00805
02549
01990
06179
00240
00239
00241
07110
02341
03168
06877
02016
02015
02013
05565
05567
05568
05569
05570
05571
03781
02343
06994
01443
06199
06199
03980
03088
01448
03536
02021
06148
02013
07646
07667
01153
01154
01546
01547
01548
01816
02361
01113
01992
01653
01652
02337
05838
02114
02112
02115
02111
02113
02109
02110
02108
13671
02313
03629
03322
03088
03588
06966
03439
03387
03386
04043
03687
03686
03758
00252
03695
02437
03647
00249
07146
02348
02030
06131
04077
04075
03798
03307
03696
03311
03575
04485
02016
02015
02013
03218
02483
02503
03499
06910
06153
02040
02037
02038
02036
02039
02003
07160
03704
00135
02836
03664
07084
03310
02919
06191
03647
02217
03088
03722
00763
03564
06886
03545
03544
02888
02899
02013
02015
03979
02237
02968
03596
03453
00074
06147
01897
03705
03686
06217
07042
03595
03322
02316
03644
03801
03889
03890
03891
02342
03925
03438
03587
03588
03531
05810
06997
05786
04762
03517
02501
02500
02028
02029
02030
02945
00059
03702
03701
07304
01814
01817
02520
02916
02887
03437
03402
03149
03147
06442
03631
04763
05896
06024
06178
07085
02553
07124
00721
03820
03118
06153
06910
07166
04488
06958
03703
03500
04066
03625
02356
01262
07082
01081
03074
03072
03551
03550
03086
03087
04761
03436
03665
03553
03523
03743
05794
03466
03465
02956
02834
02519
02600
06941
02838
02357
02967
03733
04096
02884
06959
02860
02959
03106
04751
03320
03110
03529
03310
03655
06901
03767
09861
03768
09157
02342
03431
09903
01951
00615
00616
00036
01057
01756
01923
01595
01803
00927
01354
01952
00134
01783
00604
01462
00789
00942
01591
01952
00764
01465
01933
00851
01735
00891
01736
00014
01872
01876
00951
00759
00640
01738
00790
00831
01647
01802
00995
01868
01599
01662
00287
00560
09762
01494
00567
00605
00762
01939
01239
00549
00528
00390
00925
01142
01462
01507
00760
01495
00796
01633
00950
01918
01785
00849
01579
00666
00991
01770
01087
00697
01945
07305
08998
08974
08884
10773
05995
08289
09761
08591
02428
01739
01246
00219
00016
01126
01875
01854
01596
01575
00012
03711
07006
02492
01421
08372
09781
00773
00389
10008
10005
10006
03652
07259
09812
02075
09819
09118
01810
01835
01520
01092
00886
01784
01916
01776
01356
01778
00791
00995
01714
00215
00962
00989
01881
00116
01256
01358
01265
01358
01873
00099
00981
00940
00130
00931
00108
00554
00147
00262
00969
00946
01921
00057
00571
00688
01885
00052
00058
00053
01687
01284
01754
01972
00566
04487
01733
00003
01586
01887
00164
00705
00975
00806
01255
01439
00674
01129
03333
01104
01533
00520
00606
00600
01915
01689
00948
01752
00982
00919
00963
01724
01012
00666
01915
00666
00800
00943
01251
01809
01840
00067
01720
01255
00826
00864
00768
01840
00761
01488
01867
01953
01142
00156
00031
00766
01740
00845
00641
00101
01951
00088
00655
01626
01928
01409
01929
01000
01925
01775
01924
00820
01265
00939
00216
01870
01424
00873
01236
01661
06044
00767
01911
00973
01790
01710
01845
01698
00013
01749
00286
01834
00817
00496
01693
01092
01496
01609
00873
00859
00145
00930
00611
01940
01755
00788
01866
00858
01937
01938
00134
01126
00033
00574
00057
01921
01921
01744
00765
00075
01619
01638
01637
00382
01768
01750
01697
01772
00133
00928
01649
01885
09014
09015
06891
10563
00794
06048
09146
09747
07386
09748
09710
07670
02825
09772
01869
00852
01239
00384
01665
01992
01952
09820
09820
10531
03449
00867
07778
05522
01874
10843
07447
02551
00232
00558
11263
10805
08884
11387
04090
07503
07560
03466
01992
01992
07776
04567
03111
00626
07058
00658
03496
11263
02342
11103
11068
02654
11175
02276
07738
06147
07478
07006
11717
07768
07736
02484
00602
01992
07442
07391
11928
07054
11754
12410
01491
13288
00666
03657
11752
03524
00626
03579
01990
01890
07120
02303
07460
11753
06994
12503
00281
13542
01079
13788
13527
02078
12583
07107
03975
13570
01782
03655
03657
13038
12437
00620
12942
03892
13668
13640
13821
13787
00153
13573
11263
01113
13571
08281
07043
00024
13686
03565
07058
12428
02013
14347
14260
11601
11602
14337
14339
14136
00965
04517
03655
14162
01985
07483
00941
03811
01515
01156
01524
02016
01011
01011
14155
01524
14956
14949
14652
11939
06177
08316
15372
03929
15733
05602
15521
15526
15526
03929
01082
12510
01692
15866
00459
15525
15520
15342
00392
04093
15977
18926
15977
05342
16147
16148
16301
16164
10716
12574
01207
05350
18553
01156
16264
03321
16653
16783
13573
16784
16652
16647
16650
16649
16648
02851
07012
16786
16787
16870
16923
16785
16786
16787
16926
16785
01990
01990
01990
01990
01990
14161
17686
03671
01978
00254
00254
17836
10027
00561
17883
13979
18118
21687
21688
00138
16237
16237
18455
03574
18701
01992
14225
14225
14225
14218
01990
14225
14223
18955
18955
07316
18955
18955
06147
06168
03526
07448
19123
19046
00135
19124
19125
19126
12349
12952
12954
14228
01977
01977
01977
19710
09796
12132
12132
20074
01985
01985
01436
15035
20468
20470
14218
14226
01214
14219
14219
14224
14224
14219
20814
21071
00821
14228
21147
07483
14228
22468
21401
21473
21480
21471
05364
21498
21600
10914
01114
21685
21885
21992
21962
14221
14221
22044
14227
14231
14219
14224
14236
14234
14228
14229
14233
14230
14228
14233
14233
14235
14237
14234
14225
14220
17758
17759
14232
22316
22306
02257
22311
17485
14232
22476
00728
22468
08300
08301
07566