02428
02484
14652
06857
10040
14233
14229
14229
14235
18929
14228
14225
14232
14225
14225
14231
14228
14226
14220
14222
14221
14221
01607
14227
14227
14227
14224
14236
14219
14230
14223
14228
14219
14238
14228
14219
14230
14233
14237
00104
01173
00459
01524
01524
05540
14218
14230
14234
14219
14234
14233
14218
14218
14218
14224
14237
14237
00557
07097
09951
01270
11382
06919
18928
02242
04771
06180
02483
02483
02483
00290
06921
03324
01150
15256
15257
01082
15633
11014
15912
15913
15669
15894
15896
15910
03605
15897
18139
08173
15876
15895
15898
15899
01985
01985
01985
16089
10041
16089
01977
01977
01977
10039
16087
02029
02028
16052
10040
18682
16264
11015
15914
02031
15915
11013
01959
11782
02003
17103
02028
02030
02030
17247
17248
17249
17250
17251
08738
02029
17686
07318
00254
18220
17938
05922
07003
05366
01533
18284
11784
11785
18285
02482
01174
04753
07216
03743
18480
18925
03789
10747
18138
18992
03673
03611
03673
02400
03466
02397
01845
01491
03100
03750
00790
01664
04763
03526
15461
00336
19147
00525
01654
22468
03892
06867
19416
02503
03310
03216
01775
07152
01738
10806
06200
00948
00575
03412
01808
00759
01255
06942
01755
01610
01960
03308
03308
12056
12058
07088
05939
05939
02029
02004
03070
03634
12251
03406
00602
05801
01952
03650
06346
07107
02110
00058
02945
03527
00800
00800
01890
01889
03152
00332
02030
09861
00331
00330
03111
03201
03203
03204
03196
03205
18930
18930
06159
02952
02948
02986
03040
00765
00013
01089
02501
01814
09805
02500
11755
00674
03593
12506
00958
01095
02835
07226
02014
02015
02013
02016
03761
03575
11752
01752
02879
03561
03832
00566
03685
03469
03837
03168
06978
03076
02876
02988
02881
02933
02994
01012
00615
02066
02065
01265
03313
03313
07243
07230
02004
02004
02003
01689
00075
01647
02931
02874
02878
02982
02890
02886
02926
02906
06178
12574
02528
06941
01704
01703
00052
01649
09457
00651
01740
02390
01159
02034
03169
01153
00812
00640
01585
01892
00943
00954
03186
02386
02073
02073
02073
02072
02071
01873
01873
03657
11065
02567
02573
02574
02568
02570
01433
03701
07090
01657
13497
01817
01696
01695
02417
01633
08591
02992
02355
06940
01609
06917
03320
13017
01872
06287
03695
03797
01923
01952
00655
06199
04079
02341
00796
01972
06442
11753
10773
01624
02557
03308
04084
13888
05685
05685
09795
02217
01878
07164
02527
02860
00554
02884
07127
01626
02337
06997
02406
02493
06013
02313
02338
02470
07084
00265
00266
03470
01687
07023
06920
03406
00428
06180
01756
06956
01937
07462
01424
01744
07791
09859
07337
02888
03979
00931
00604
03524
03496
03497
02109
02109
02113
02111
02115
02112
02114
03559
03832
03641
03640
03775
00645
07042
06204
00783
01963
01092
07277
04517
02535
00872
02519
02519
02012
02012
03561
03559
03832
00762
02838
03075
01673
13819
02887
03637
01142
03760
00901
01465
03406
07238
07812
03532
00826
03564
09765
02372
00677
03569
03570
01955
00616
01079
03408
03407
03415
03269
03787
00428
03431
03101
08973
18138
03585
09767
01591
03625
00794
01627
03977
00891
01867
01875
00873
00116
03525
03558
03711
04567
00600
03749
00014
13292
00246
00244
00245
07126
01925
01000
00239
00240
00241
03707
09458
01962
08077
01783
02342
03147
09778
06168
02600
03655
06886
02029
02358
02601
02867
02863
02935
03043
03587
02388
02387
07082
00031
00024
01903
01902
00176
00174
00175
00177
02492
01881
01649
01749
03182
06603
02407
02422
02356
00147
00384
00384
03424
08307
03642
03270
03978
05515
01262
03305
03667
01419
02939
01940
06925
06861
03092
07792
01546
01546
01547
07646
07646
07646
01462
01358
03545
01495
02412
03702
02456
00764
04066
00215
07478
02393
03300
06153
13788
01868
01868
02520
12684
00145
00930
00573
00925
00763
03438
00763
03770
03624
03590
03531
02392
02392
01915
08303
01588
03831
03284
02055
02054
02053
02052
07496
03832
03705
03687
04043
01154
00681
09797
07552
06207
02389
02390
03319
00566
06966
02417
02416
02405
04562
02404
00950
03786
04773
07216
07216
07216
07216
00782
03303
00425
00426
01779
03648
02834
09748
07452
07452
19147
09816
09817
09815
03406
03406
07093
00384
03671
07460
00003
14261
03218
07056
09761
01737
03639
03179
00791
04564
02010
02011
11175
07391
00748
10938
01579
01918
00606
02017
02018
02169
09789
00652
00833
02897
11720
01586
02566
14170
00817
02409
02410
02411
01662
09825
03183
03601
00648
03621
00940
03386
02401
02557
02556
06152
06151
09117
01652
01653
02536
07568
03118
03117
00928
02040
02037
02038
07043
04656
04652
04654
04655
04651
02340
00053
09798
04096
07447
07304
01507
00939
01876
00858
03631
01929
03550
03980
01883
01883
01682
00567
01772
01874
03841
01885
07098
01613
11085
01714
00076
01916
00912
01733
00979
02419
04042
13038
00806
02654
07091
06173
06929
09943
06867
00099
00981
01058
02015
02015
02015
02013
02016
03385
03385
00937
03407
03551
01679
03781
01714
02453
03737
01091
03286
02996
02871
03582
00406
00405
02108
04485
03110
05810
00793
02484
00820
00990
06901
00769
04754
07323
07017
01042
03833
03981
03839
03326
01760
01756
04759
05927
00208
01803
00927
00134
00969
09710
15778
02415
00997
07265
07266
00873
00404
00404
01956
09804
01939
07112
11928
13821
01008
03406
02379
00127
00124
00123
00123
13747
03273
03628
02343
00016
03768
11743
11742
01887
00942
02421
02357
02967
00574
00413
00412
00411
03893
03495
11103
03306
01465
00057
02434
02434
07173
02073
00549
00297
00958
00860
03271
07031
01711
02377
02377
01790
01854
01790
01709
00978
01854
02484
05516
13640
03455
01091
01879
03474
00097
01599
03703
01951
01945
04744
00962
01104
06187
03620
05927
01448
01866
09903
09811
09812
06180
05837
03498
00761
00029
01885
01961
02160
01494
00662
00648
02500
02501
02406
02406
02456
01409
03694
00684
03406
07305
01613
03798
02687
03413
00611
01698
01497
03501
03086
08296
01735
09944
00773
01996
01995
01998
01997
01999
01999
00133
09860
02469
03596
03686
03588
02563
00788
03150
03149
03148
01439
06895
12410
07456
01924
01924
00088
02433
01870
00995
11749
02990
03111
01338
05807
13626
01719
00788
00941
07457
06923
03723
11754
01869
01869
03074
03072
03820
00789
07862
00609
08602
03657
03177
00919
03664
17251
01784
07501
02841
02517
02843
03271
03272
03274
01784
00012
08678
06041
10107
09689
09688
09979
04075
02836
06176
00946
02394
02396
07090
02455
02454
03635
03750
15342
03326
01933
00859
03796
07133
04047
01810
00963
01895
05773
05772
07160
03923
13979
05593
03406
00343
00342
00342
00341
00339
00338
00337
00335
00333
15738
19713
07147
01139
01420
09796
03668
03200
01980
03195
03199
01023
00821
06905
06906
03465
06907
06908
06223
02335
02316
03553
02032
10938
02481
01139
00526
13695
21420
01451
10026
21929
14441
17758
17759
22391
22477