02029
22349
05349
18672
15531
15771
10040
02477
01181
00661
03830
01759
00969
08591
10119
03215
00131
07216
08986
01051
14231
14231
14231
01447
07216
02056
01649
03498
05844
03406
00873
01190
01190
01209
00656
00656
01457
02529
06909
06972
00615
00104
06147
06147
06147
14225
14225
14225
14225
14225
02058
02056
01200
01537
00128
00974
01537
14223
14228
14228
14228
14234
14229
14230
14230
14230
14233
15035
07282
01485
00042
01977
01977
01977
01977
01977
01977
01977
01977
01977
01977
01977
00065
01179
01759
05364
06148
02030
01992
01990
03741
10119
00065
00666
01912
01950
01990
01990
01990
07720
03324
00566
04488
04487
01207
06381
03575
02114
02112
02115
02111
02113
02109
02110
02108
01791
00548
00297
03652
07058
06131
09749
00763
01870
03406
03406
00648
01845
01698
13542
01749
02492
02190
03284
03621
02911
07040
00925
00625
03706
03168
04096
07391
07738
01620
09861
03564
06956
01192
07025
07027
00526
00525
01493
00703
02004
02003
02004
00941
00788
00878
05350
03488
09935
03811
03088
02556
02557
02897
07770
07650
01779
01079
01588
06409
07406
01784
00965
06153
04486
08483
11189
00147
01972
03657
04477
01867
07173
04041
01770
00790
07652
07668
02033
02035
00012
07027
01710
00973
00657
09691
09690
13010
01711
03785
07114
01235
01686
00040
13653
03710
00616
07718
07074
00133
03284
07462
00640
01883
11145
03218
03091
01733
02119
02123
02124
02122
02121
02117
02118
02120
07089
03711
07507
01480
00797
01611
03565
00567
07098
00620
14219
14219
06415
09459
03182
06147
06147
00930
00821
07150
01448
02051
02050
02049
01572
02837
04068
01520
03737
10206
06923
03321
00820
03695
07718
03406
01652
01687
00826
00052
01704
01649
01649
00053
01653
01652
06207
01181
03169
00651
07816
06409
07478
01586
02346
01534
00688
07566
01808
00761
01681
06284
06373
06374
04751
01953
12308
05970
14222
14222
14224
14224
14224
14224
14224
01190
14218
14218
14218
14218
14218
14218
14221
14221
14221
14221
14237
14237
14237
14237
14237
14237
14234
14234
14234
14234
14225
14225
14225
14225
07406
05592
00287
03465
03704
00528
00266
11068
01610
13678
07027
00574
01273
01874
03424
03406
02528
00661
01885
06919
07052
07025
03784
03798
01624
06438
06217
07037
07042
01489
03595
03584
02335
00859
02035
00965
07166
09157
01866
09779
01308
07139
07099
06183
00611
00831
00058
03615
03614
03612
03613
03617
06287
03630
03569
03570
03571
05515
03610
03609
03608
05837
01734
03210
00773
01736
07052
09768
07568
06182
06381
11189
09762
06958
00075
03546
03547
11069
11070
11071
11072
02004
02004
02003
02887
02916
02520
00971
01537
01868
03466
02283
02236
02016
02015
02013
03856
14170
10254
05349
02003
02004
00014
03406
06872
03744
01657
01658
00766
01609
01817
01696
01695
03439
06379
03091
01952
01588
01923
00764
01933
11175
01945
07729
00375
00640
08301
02888
07584
02899
03979
07574
07301
09710
07258
02237
06298
02238
02340
02968
06012
06385
03596
03705
03687
04043
03686
02687
09761
04487
03151
07447
03711
12574
03091
08303
07082
06411
06410
00928
03466
01938
01491
14441
00995
04083
01714
00215
07043
01785
02529
00849
14761
02313
02338
03629
02470
02469
03624
09770
02341
07056
03496
01875
02029
07090
03628
02909
02493
02835
07238
03702
05349
00876
03701
03703
06023
00845
03406
03823
04079
06173
06901
07533
07192
01776
07258
06024
05896
07258
00756
01839
04763
02825
06180
03101
04074
09772
06997
06398
00057
08591
03977
05810
07460
04061
03470
03100
03100
03100
14540
02884
00554
02860
06960
02959
03106
09787
03110
03529
03685
02078
03671
02342
03496
03497
00558
06904
01187
01677
01678
03311
07079
03320
04751
03406
00948
01950
00077
00797
13747
01265
07007
00655
01872
02970
09117
00262
10773
03657
05366
01915
03665
07043
12942
04485
03696
07088
07723
01775
00997
03581
00943
01926
06158
03716
01255
14230
14230
14230
05799
07979
07979
03072
03574
06148
02477
01224
13281
07282
07216
07005
07045
07069
07149
03088
07979
10117
10947
03892
06147
10118
02614
00537
06378
09766
02051
07533
06016
03086
02033
15771
00030
01223
02755
02756
02757
06147
01992
01992
06147
02030
01992
01990
01990
01990
01990
07720
07720
07720
07720
02004
07720
07720
07720
14230
14233
14233
14233
14227
14227
14227
14219
14219
14219
14232
14232
14232
14232
14226
14226
14223
14223
14223
14228
14228
14219
14219
14232
14220
14220
14220
14220
14220
14234
14228
14228
14218
14224
14233
14236
14236
14236
14229
14229
14229
14229
14229
03073
01841
00860
02422
02407
06603
02406
03563
13626
02397
02396
02396
02398
03581
00789
02395
02392
02392
03569
06283
04564
01091
05593
06915
06919
02026
02025
03070
05808
03406
01181
02233
02231
00768
01673
04720
02227
02224
00284
01647
09777
00942
04066
01462
00604
06973
03500
06941
06949
01783
00949
02902
07030
03655
00954
06179
03700
07180
09786
01486
08602
02304
00857
00609
01465
01591
01956
01955
02823
00762
05801
01714
02026
02025
07301
03340
03781
01012
03150
01752
01752
13993
05916
02003
02004
07088
01811
07240
07240
03406
03486
06173
09457
02029
12257
00615
09384
01589
03797
09811
09812
02647
10112
05946
02986
02948
02952
02919
02518
01265
00939
03076
02876
02907
02988
02881
02933
02994
02954
02931
02895
02874
02961
02904
02878
02982
02890
02965
02886
02892
02926
02906
02946
02358
02355
02992
02950
07590
03046
03043
02935
07219
02020
02018
02588
02589
02590
02586
02591
02587
01999
01997
01998
01995
01996
14155
00864
02529
01804
03077
07718
02057
02057
02012
02010
02011
01181
07718
01785
05970
00800
02839
02049
02050
02050
01464
10254
07341
06213
02035
02034
02031
02032
07010
01869
00852
00662
07282
01886
10439
10543
10546
10548
10547
03216
07456
03698
04564
07238
02824
04070
07238
02217
06334
03664
12573
03075
01689
01803
00927
00134
05311
03324
00088
06153
04077
04078
03660
00991
03294
01409
00784
04758
04759
00919
06436
02029
03469
01740
06969
00170
00169
00171
00172
01912
01761
02073
02072
02071
10907
06872
07124
03088
03088
03657
06949
01735
03694
06891
03523
00133
07001
01881
00088
06902
03499
06897
01725
02598
09764
01939
06890
03928
01448
02315
01924
02232
03406
06193
11358
01226
02818
02819
01915
09759
02434
02433
02435
00266
01915
01778
10206
03310
03497
03496
01887
03497
03501
03495
03650
06346
03217
08998
03536
02914
00384
06897
07335
02057
02057
01488
01012
02003
02004
02588
02016
02015
02013
01790
13993
02071
02072
02073
10563
07139
07658
07636
07444
02040
02040
02037
02038
02036
02039
03406
01619
03415
01892
01876
01176
01918
03147
01921
02015
02015
02013
02016
04763
06911
01118
03657
02003
02004
09967
09967
02589
02590
02051
02050
02049
07226
00940
03088
01308
09913
01812
02529
00041
01685
01815
01051
10192
10192
10193
10194
05795
05795
10039
10040
06904
06518
11065
00548
03282
00096
01442
00794
14652
00793
11752
04758
06333
01151
00059
02996
02871
06173
02879
03040
09927
06215
08681
01187
03768
07043
01142
01754
03803
03924
00179
00180
00600
02355
07124
03386
10974
07813
01752
01752
00384
06409
07007
07137
00760
06206
01091
03769
07095
02049
02050
02051
06940
03976
02945
01873
03169
07474
02864
02805
02863
02867
02601
11051
02556
02385
02390
02389
02414
02413
02412
02411
02410
02409
02408
02388
02387
01756
03553
01940
01755
00700
04758
00806
01443
13653
00662
04488
11717
09014
09013
03438
09116
04023
04028
04032
04026
03736
03735
04019
04029
04031
03312
00783
03406
05833
05832
01989
11928
02016
02013
02015
05814
05815
05813
01126
03744
03406
05847
05845
05846
02004
02003
03484
00690
00847
06885
01420
01919
03737
01811
07718
09766
05337
00873
06408
02343
09747
06187
01424
11755
02500
01814
02501
01693
00817
00013
00765
02502
07126
12267
02050
02049
02051
03498
03499
00558
00558
02025
02026
01626
02647
09955
01955
00384
01104
07052
04047
09825
02422
06317
02503
01953
00027
02563
01937
08974
01243
01810
07105
07035
00703
02990
03111
02963
02939
02314
03823
04069
00656
07461
01738
03648
01914
09936
00016
04068
02003
12452
00978
09825
10907
06407
06406
06405
06404
06403
07560
00951
00759
07570
03671
07335
03406
03074
06871
07053
01893
03431
00847
01809
02529
07407
07407
04567
03624
03525
13038
03524
03798
00760
04075
06382
09685
00975
00975
06412
04042
00948
01056
03723
04769
02499
03530
13052
02836
03408
07095
03152
03545
01358
03544
04076
01338
03978
01709
01652
01666
02652
02669
02653
02654
02662
07015
00891
01262
02356
06390
06391
06392
06393
06394
06395
06396
06397
03625
03601
03602
13789
09775
01662
06442
00858
03402
03631
06399
07699
03437
03499
03498
00850
02337
05970
01890
01889
04517
00290
01270
01941
14228
14228
01999
01997
01998
01995
01996
08303
09888
03551
03550
00931
02469
02470
03768
07053
07052
00962
02956
11753
03177
02834
02519
07742
02600
09748
11749
00099
00981
00806
02838
00602
02013
02015
02015
02016
03816
03458
06901
03426
08978
13292
11105
01119
02042
02042
02041
02044
09816
09817
09815
04759
04758
08600
02004
02003
03088
09790
03088
06976
04030
03186
03179
08303
04767
07098
12410
03763
00366
05515
02027
13653
11104
07407
01951
14228
14228
00854
01805
00230
03484
02809
02810
01193
02048
02046
02047
02045
00394
00957
00955
02003
02004
01421
07114
03091
03091
06383
03531
03589
00790
03588
01925
01000
01929
01928
08384
03438
03925
13292
06942
00876
06967
03086
02316
01129
01006
01880
03088
04763
06196
01258
03657
06910
03556
07095
02026
02025
02027
03406
13622
09707
00984
01007
03179
05833
05832
01989
00995
07727
07727
03386
00384
03924
01868
00266
09790
03781
03152
03312
01740
03704
00243
03111
07584
09903
02357
02967
02405
03411
03410
03408
03407
03412
04562
02404
02400
02401
02421
02420
02419
02418
03413
02417
02416
02415
02557
09697
09696
09973
06871
03654
07386
01176
03734
03885
00805
00805
03088
03406
01962
01963
00963
01921
06387
06311
06310
02529
00688
00705
10119
02529
00882
02768
02769
02770
06131
13275
00145
00874
00874
01625
01077
04773
01912
03406
03406
04072
07455
02315
02003
02004
00764
01928
00334
00335
00336
06950
01448
02071
02072
02073
03517
00278
00767
01515
00286
02057
02057
07335
07335
01448
06209
00003
00928
00872
06959
06925
03789
06940
03778
05919
09758
01356
03666
00791
03572
03555
06168
07646
07667
04487
01734
03657
07502
00575
03527
00945
06208
01571
01572
06178
01961
02372
02160
09458
00059
00645
02371
02078
00648
08884
11754
06133
04750
03088
01696
00868
07343
15372
15582
17319
17320
15633
15635
15629
15738
02428
15580
02594
15532
01835
15581
14415
00873
15583
15583
15771
01091
15924
07260
03320
03320
15986
15987
07464
07464
01209
01198
15921
17828
10041
07455
02315
19221
02029
02028
02030
16052
16212
01983
01218
02017
16213
03299
16511
05349
04759
16785
01978
03699
02172
18866
15772
15772
15770
15772
15770
15771
15772
02851
15770
10117
16786
16787
10118
10119
16785
10117
10118
10119
16788
10823
16789
05825
11050
02032
15770
10118
10117
10118
10117
16203
16786
16787
02226
11991
01985
01985
01985
01985
01985
01985
01985
01985
01985
01985
01985
01985
01985
16924
04027
00395
16898
16899
01738
01760
02028
17318
17319
01992
17398
01992
17320
17318
14235
14235
02028
02028
17320
17319
17318
02030
15582
17076
17074
17073
01980
01980
15555
01980
01980
01980
01980
01980
01980
01980
01980
01980
01990
01990
01990
01990
01990
01990
01990
01990
15553
15554
01980
11069
17680
15770
01992
01992
01992
01992
01992
01992
01992
01992
05601
05601
17686
17836
17723
19271
10027
17758
17759
17733
02171
17992
18148
06880
18231
18332
18331
18431
18430
18429
18330
18348
18475
18471
18475
03462
18475
00702
06896
18707
18682
18785
18856
14234
03790
18785
03790
06147
07171
06147
18888
18887
01872
19055
03526
19002
19002
07452
19147
19225
07448
07451
19265
01990
01990
01990
01218
01567
01992
01992
19271
12952
04771
19294
19355
19294
03574
15856
01179
19689
15777
03616
20107
20108
20074
12132
20116
20117
20118
21636
21636
21636
20116
20117
20118
20345
20345
20344
20344
20534
20534
01179
01179
01179
01179
01179
01179
01208
01208
11529
01208
01214
21071
21471
21600
01176
21935
21929
21993
22132
22132
22010
01551
22405
05592
01551
00728