14155
01992
01992
01992
01200
02503
13890
13607
01928
07099
13747
11753
02823
03386
03595
02057
02057
07793
02010
07496
01048
02057
01784
00625
03574
02034
02027
13789
01534
05589
00666
01270
01174
07736
11189
01361
14218
14228
02035
00290
02004
02004
02004
02004
02890
02028
18231
02111
01537
01897
00951
13889
00805
13891
01262
11754
14225
02056
07496
14234
06147
14235
14234
01983
14225
01980
01980
14230
14219
14225
14233
02025
02026
03110
01092
01873
13038
01489
00756
01619
07335
01488
10914
03783
00111
03284
01972
01753
02003
01478
01448
03431
01928
05808
03427
01154
01154
01153
03657
08722
01733
10112
01443
01639
02026
02025
07133
02914
00919
03544
01358
03545
03664
01409
01520
08303
03701
03437
02887
02916
02520
00925
01866
02968
00266
00528
07462
02970
01872
04068
01868
04072
01126
06287
07282
00688
02003
02035
02564
01752
01752
03671
06196
02837
09816
00384
03427
01154
01153
00655
02963
03111
02990
03439
01104
07566
02835
02493
02909
03152
02073
02072
02071
03311
03648
02034
02035
00111
01006
01880
00942
09777
02346
00134
06997
09772
01091
02888
07584
02899
03979
07574
03282
03530
10563
07444
00973
00761
01465
01591
00762
00991
04485
01142
09761
01892
01876
03100
03596
01770
02283
03424
01874
03768
00763
06173
02879
03040
02948
02952
02919
02518
01265
00939
03076
02876
02907
02988
02881
02933
02994
02954
02931
02895
02874
02961
02904
02878
02982
02965
02886
02892
02926
02906
02946
03617
03612
03614
03615
03154
03148
03149
03150
00789
00375
01883
03218
00027
07240
07240
00873
01613
01886
01885
01938
09612
03705
03687
04043
03686
02687
00700
00975
00975
00703
10773
03655
00954
01921
00611
00926
03310
09014
04488
01783
06949
06941
09125
01243
06179
04487
07478
03151
04487
03710
03470
02884
00554
02860
06960
02959
03106
09787
02440
02003
07043
11717
09013
07507
01679
00610
00609
06153
00077
01744
01424
07560
01056
03723
02035
02033
02034
02355
07053
00059
03631
00858
01662
03602
03601
03625
02356
00705
01338
02358
02355
01950
01623
01881
07040
02911
03977
06207
08303
03708
03696
02824
00864
06213
03498
03499
03737
04079
03702
02337
00759
01867
03469
01515
01491
03980
03628
03569
01869
00788
00878
07137
02120
02118
02117
02122
02119
02121
02124
02123
00074
01807
03553
00995
02078
02033
02031
03685
03529
01259
00016
02033
02035
07243
07230
02003
02003
07473
09748
02600
07742
02519
02834
03177
13292
10254
00852
07335
06024
05896
01870
11105
03308
07006
00432
01951
09790
01951
06201
01206
02031
03458
03816
03070
01890
02992
02950
01258
01875
09762
06958
00075
06023
02935
02864
02863
02867
02601
00783
00790
07668
02469
03501
03495
03650
06346
03217
08998
03536
01620
04066
03763
11749
00099
00981
00806
02838
09903
01250
00757
01785
03315
01805
00854
01750
02011
02012
12554
02012
02011
05349
05349
01889
01734
04070
09815
02114
02112
02115
02109
02108
03216
07456
00995
00850
05879
05878
01996
01995
01997
01999
01531
09155
03438
08384
01929
01000
03588
02563
03531
07738
06182
01791
03499
03498
06901
03655
07090
07729
02357
02967
03315
04567
03624
00088
03584
07037
06217
06180
03101
09769
06215
03072
00928
02469
02470
01834
02033
02035
07133
00857
06871
03043
03046
02587
02587
02013
02015
02016
02588
03703
03789
02996
02871
07056
02341
00943
09747
06187
00844
08659
03704
01439
00945
01611
00797
01480
03337
00615
00615
00927
02529
03335
00010
00010
03336
10439
10441
10440
05366
01493
01163
07447
12573
03075
07651
06969
06180
02335
00859
06942
07391
03168
04094
07568
00773
03210
06871
02316
03086
06967
03308
02986
02956
00962
08600
07009
00059
00566
06168
03555
03572
00791
00133
03630
01893
04069
00656
00876
01689
07089
04042
06890
07473
04047
00639
08659
01256
03976
06902
07386
07636
02036
02038
02037
02040
03496
03497
02470
03629
02338
02313
08602
00525
00526
01129
01304
03665
01533
02340
03978
00948
01924
03798
00760
04075
02314
02939
03551
03550
01159
13012
03734
03500
00604
01462
01887
02836
06898
09121
00969
09710
02237
00560
00287
02529
02025
02026
01811
00847
01372
06158
00052
01810
02528
03306
07220
04078
04077
07007
07137
04083
03797
09811
09812
02647
01775
01914
07473
07112
07112
01667
03308
10947
10907
14229
14232
14236
14237
14223
14219
14224
14224
00974
14230
03527
02945
02057
01998
14228
14237
14237
07052
14234
00868
01977
01977
14230
14218
14223
14222
14228
14441
01990
14226
14228
14220
01985
01985
01838
01992
07467
00941
14219
14231
07720
06147
14228
14221
14229
14227
14233
14233
14232
14218
00150
06925
14232
14540
14233
06147
07658
07316
00537
11145
07460
04096
07491
07496
01449
03565
06864
07015
14155
03060
15771
06147
03215
02031
02032
02032
01787
02110
14155
05946
07258
11693
00949
00997
13542
03073
03074
12574
02315
03466
00567
02034
02034
02031
09817
02238
01200
03613
07082
07098
07133
07133
09765
15551
02428
00655
02343
00384
08600
03100
03100
07979
06147
06147
06147
06147
06147
06148
06148
02027
02032
02032
02033
15986
07260
07491
06147
17836
17836
10831
16785
03299
15552
15035
03699
15772
15770
16785
16786
16787
02055
17074
17076
01835
16786
16787
02030
16785
16786
16787
16786
16787
16899
17828
00927
01803
16898
16785
16925
16785
16786
16787
16926
16926
16926
02029
01990
17103
01978
17073
01990
01990
01990
01990
14219
02052
01156
18220
03742
18707
18682
01872
03526
19157
19157
12952
04771
19411
19302
19405
20459
12132
20074
21636
20460
20461
20534
21071
20903
08968
21600
01176
22132
17758
17759
22373
22431
22432
22430