01992
01992
01992
01992
08744
02428
02241
01006
07496
18672
02027
02315
06147
09002
01077
13993
01934
15771
07496
08978
14228
14228
01990
14226
06147
02056
14234
00065
14225
14220
07033
14228
14228
01990
14219
01449
14230
01181
07720
01990
07491
11189
14230
03413
14225
14225
01179
01983
14232
01190
14237
14233
07045
07079
14233
07011
01784
01784
05919
14218
14218
00974
01182
14236
14223
14233
05540
06147
14224
14228
06921
10907
07720
14230
14224
14224
14222
01980
01980
01980
14441
02057
00030
01977
01977
01977
00965
02057
01985
01985
01985
14232
00941
14234
14232
14219
14219
14219
01209
14227
14227
06857
15035
07979
01978
14231
10206
14237
00666
11261
14229
14229
14229
14221
06183
07052
06147
03436
03527
02945
01990
14233
14223
06378
07216
01537
10231
14235
00949
01992
14540
04749
14652
06381
07568
06920
03154
02313
02338
03629
02470
07341
02469
03744
06872
03924
01939
00973
01790
00067
01937
07718
01443
01201
10543
10543
10545
09000
09127
03150
07056
06284
02529
00919
01195
10026
00790
09706
03524
00796
00950
03969
06382
06381
01950
07636
03306
07220
02036
02039
02015
02013
03412
05979
01874
03424
08999
01534
00075
06958
04069
07088
01951
02108
02110
02109
02113
02111
02115
02112
02114
04069
03703
01421
03154
03149
03150
00788
03147
00773
03210
02528
01591
01465
00609
02825
06180
08963
02933
03091
02398
02396
02397
13626
03563
02406
02407
02422
01975
00931
00147
07456
03100
06942
09807
06967
01972
03688
01738
06923
02003
04759
07282
03596
03705
03687
04043
03686
02687
09761
04487
03151
06178
00611
01955
01956
01953
02913
03073
02601
02867
02863
02864
02935
00991
01993
07738
03695
01912
00179
00180
01912
06168
03555
03572
00791
03666
01356
00925
01873
11754
05810
00239
02502
00765
00013
00817
01693
02501
01814
02500
11755
03980
03823
10773
06901
01923
01952
01952
01952
00764
01933
11175
00602
01945
00859
08309
03702
03701
03216
04077
04078
06180
03584
01880
05311
00134
01689
01812
01999
01997
01998
01995
01996
00762
01955
09817
09816
07391
01735
01870
04074
02221
09772
06997
00286
06409
07699
06399
03631
03402
00858
02503
01872
01883
00640
03671
04070
07560
00759
06387
06311
06310
06209
00003
00872
00928
01579
01918
00606
02217
07406
01776
01921
03091
06962
03218
02372
11145
07507
07718
01811
00615
00615
05946
04485
04751
03320
02996
02871
00865
09955
02529
01195
02963
02990
00052
01704
01703
03408
02836
03070
05808
02343
12573
03075
01778
09157
07166
00847
01611
02356
08301
02405
03411
03410
03408
03407
04562
02404
02400
02421
02420
02419
02418
03413
02417
02416
02415
02385
02390
02389
02413
02412
02411
02410
02409
02408
02388
02387
03706
03667
01419
04094
03168
04096
07057
02902
01938
07090
03734
01665
07138
02103
03412
03408
02003
06176
01912
01887
06409
03427
03655
01154
01153
07043
01875
00172
00171
00169
00170
02881
02988
02876
03076
01265
02518
02919
02952
02948
02986
03040
02879
09760
01681
03802
00876
01163
03525
07010
01881
06199
06199
01892
01876
07718
01805
07718
02529
06871
03072
03074
00790
01808
00761
04042
00948
01056
03723
04075
00760
03798
01915
00266
00528
06283
03530
07571
01926
01733
03624
04567
00826
01687
01652
00789
07462
01628
03801
03644
00627
00382
11381
03545
01358
03544
01129
03086
06207
07082
08303
03091
03977
08591
03704
04083
15987
02435
02434
13292
03925
03438
08384
01928
01929
01000
01925
03588
02563
03589
03531
05970
06383
03091
03091
01586
01867
05896
06024
01868
03412
03043
03046
07590
02950
02992
02355
02358
03665
03738
05772
05773
03750
03639
03637
00989
07095
00848
00800
00817
01599
07718
01235
02007
06385
06012
06423
02939
01251
12960
03980
01866
03322
03594
02946
02906
02926
02892
02886
02965
02890
02982
02878
02904
02961
02874
02895
02931
02954
02994
04487
00566
04486
00172
00169
03088
00891
01151
03786
01657
00766
01609
01817
01696
01695
06173
06379
01775
00997
08681
06215
02529
02395
03664
07407
01744
00688
00703
00975
00975
03630
00794
00793
11752
06969
03752
01686
00767
00278
03517
07447
03437
02887
02916
02520
03716
01588
01589
03110
03529
01624
06187
09747
03547
06915
01770
00133
01714
00215
03170
01756
00812
01273
00641
01740
07574
03979
02899
02888
09765
03551
03550
01159
07406
01448
00145
00930
00783
07566
07238
02557
02556
02835
02493
02909
03660
01448
03628
07478
00600
00962
02956
11753
02834
02519
07742
02600
09748
01783
06949
06941
03500
09116
06929
01912
00180
00179
04769
13789
03602
03601
03625
06397
06396
06395
06394
06393
06392
06391
06390
09769
03565
00995
01491
03466
06411
06410
07460
04061
03470
06960
02959
03106
00849
03978
01338
00111
07444
03408
03407
01839
00756
03710
07335
03797
09811
09812
02647
03763
11749
00099
00981
00806
02838
09903
02357
02967
03696
02355
06153
02662
02654
02669
02652
00014
07015
02013
02015
02016
02437
02968
02340
07053
07137
12308
09888
08303
01448
03088
01737
09007
06925
03789
00655
00945
06208
00797
01734
05837
03608
03609
01652
01653
00053
01649
01649
01678
00943
09770
02341
07037
06438
09117
02970
07107
00873
00850
06285
02337
02911
07040
02237
01869
09710
00969
01940
01755
02897
06416
02038
02037
02040
03685
09458
02078
00645
00648
03621
00963
06317
02529
03924
00688
01628
06374
06373
06398
07243
09766
00177
00175
00174
00176
04654
04653
04656
04651
07150
07089
09457
01012
05366
06973
00604
01462
04066
13038
03060
00942
09777
03523
03581
06405
06406
06407
01677
02040
03501
03495
03650
02860
03217
08998
03536
02914
02884
00554
03610
05515
03570
03569
06287
07053
06442
01662
09775
03657
01890
01889
01736
00901
07042
02346
00820
07736
03522
03521
07001
00954
03655
07301
01815
00874
01625
01624
06200
07704
00384
09013
06295
03431
07088
00615
02392
02392
03569
03797
05349
03303
09798
06412
01924
01012
00549
07718
07491
01200
06603
00088
06864
06898
06013
02004
03711
07258
06179
00625
00616
03409
09126
02823
03711
09815
01515
03469
09698
03215
01206
03929
00058
09749
06889
00639
01664
00853
00575
03409
03406
07442
02004
02005
03406
15582
03499
05499
15342
15342
03386
12992
07668
07652
07720
07720
10540
10541
09696
09697
00882
09825
02025
06934
03406
01192
03498
03499
07658
09762
00548
06023
03148
01596
02824
00772
07258
03406
02025
02238
07030
02004
07079
09685
07720
15633
00939
00854
03406
07720
07533
02499
09118
00068
01813
00548
02433
03750
07219
00575
04517
03856
04763
06994
04488
01262
06196
02025
00567
06147
06976
00845
00700
07457
04477
03406
07584
01104
00027
03177
09787
01885
02443
03406
03783
01619
01489
00016
02238
03325
00772
03708
01409
01439
03090
01571
01480
06897
02653
07258
00059
04655
04652
07009
06346
15916
15580
22305
15532
07130
15581
00226
05350
01218
00008
16213
04518
01838
10544
06296
00971
16786
16787
10118
10119
16785
10117
10118
10119
06297
10117
16789
16705
15583
10823
15772
10117
02619
13015
15770
07012
02030
15923
02008
16881
00927
01803
01218
06298
02006
02009
00196
02029
10542
17318
17318
17318
17318
17319
17319
17319
17319
17319
17319
01992
06881
01990
17320
17319
17318
17319
17320
17318
17318
17320
00096
00951
00040
17318
02028
17320
17320
17320
17320
17320
17320
17319
17320
17318
17319
14234
10112
01990
01990
01990
01990
01990
07576
17686
01190
17758
17759
07979
00971
17828
11991
02026
02026
02026
02027
01658
04757
04757
01791
12574
09022
07003
18331
06147
07718
10543
03413
17318
03407
03409
03413
09955
01571
03413
07533
01224
03406
03406
01449
06416
03406
07491
02650
07720
17992
18332
18330
08068
03742
18475
07705
19076
09388
00702
18675
18707
18682
06147
07171
07171
05342
18785
07012
01992
01990
03111
09797
03497
03496
03497
07171
02663
03526
02664
03429
19088
07464
07464
19141
19142
19091
07452
09951
19115
19139
19114
19138
07061
19143
19090
19140
07016
09951
01710
19091
19075
19116
01218
01992
14086
04771
19143
19405
07496
19411
19265
07315
19689
06147
00547
00297
19814
19956
12132
20074
00001
21636
20074
20345
20444
20345
20344
20344
06147
01179
01179
20885
01208
21071
00821
02335
06223
01520
02314
03465
01493
02316
02314
01185
03546
03553
06217
04068
14089
03892
21471
22044
03741
21600
21947
21929
22010
21903
03595
00015
22132
03892
03077
22405
00728