06331
00248
01191
00865
01775
01990
00432
02440
01048
00432
01885
02619
01495
00796
00873
00768
02231
02233
02226
02227
02016
02015
02013
02232
00574
01775
01493
00648
00645
00878
02529
01785
00849
00876
01624
01265
01338
01358
03151
01304
01845
01698
02598
01520
02793
02049
02050
02824
03169
00262
00826
00847
01193
02004
02003
01935
01012
00948
01200
03100
00806
02057
02057
02056
00700
01060
00788
03150
03149
03154
02529
00852
01887
01756
00995
00928
00962
02956
02834
02519
02600
00099
00981
00806
02838
02357
02967
03168
02884
00554
02860
02959
03106
03110
02078
02911
00925
00625
02902
01783
00604
03060
00942
01424
00057
03091
03091
03091
00876
01872
00566
00372
00756
01515
00858
02356
01778
01000
01928
02897
01126
01889
02887
02916
02520
00133
01714
00215
00674
01873
00059
00600
01876
01892
00951
00759
03074
03072
03210
00773
00940
01512
01286
01914
03169
00859
02335
01425
03086
02316
01129
01006
01489
00901
02970
02687
01990
02968
03091
01619
01580
02563
03152
02621
02622
01191
02018
02020
02687
01042
01008
00969
02899
02888
01270
00873
02945
01119
02836
03070
01443
00789
00790
00626
01791
00761
01808
02835
00857
02909
01937
00919
01409
01270
00059
02160
02372
01963
01962
01151
00945
01910
01644
00027
00656
00791
01356
01142
00762
02823
01591
01465
00609
01809
01439
02824
02013
02015
02189
02191
02188
00266
01486
03075
01689
01803
00927
00134
03092
02058
01921
00640
02030
02029
00788
02313
02338
02470
02469
01875
01613
00287
02343
00058
00700
00703
00688
00975
02355
00845
01624
00005
00863
00016
03150
02003
00874
01195
01686
01812
01478
00611
00926
01387
01992
01992
01990
01639
02007
02009
02008
01232
00925
02016
02015
02013
02445
01207
01784
00997
00615
00615
01990
00104
03100
00879
01818
01628
01819
01819
00917
00567
00075
03088
00850
00873
02027
02026
00757
01839
01590
00020
00278
00767
01126
03100
02012
02011
01990
01759
00980
00012
00971
00963
01784
00963
00366
01611
00797
01480
01186
03088
01226
00793
00882
01425
01586
03100
02837
00973
01790
00067
01710
01867
02040
02040
02037
02038
02036
02039
01886
01866
01869
01520
03147
01952
01588
01923
00764
01933
01945
01755
01940
00800
00014
00891
01442
03088
01186
02003
02004
01485
01470
01190
00077
02016
02015
02015
02013
02016
02015
02015
02013
01921
01190
02003
02926
02906
02946
02358
02355
02992
02950
03046
03043
02935
02864
02863
02867
02601
03073
02913
02358
03091
03218
01883
01881
00131
02341
01925
01012
00266
01880
01938
00760
00948
01924
01271
01893
01255
01488
02528
01262
01870
00111
00864
02443
02440
01776
01915
01955
01956
00147
00931
00661
00790
01939
03210
00286
02314
02939
02963
03111
02990
02914
02003
00989
01972
01810
02034
02033
02035
02575
01951
00088
00074
01715
00971
00128
00868
01868
00820
00688
00705
00929
00634
01305
02986
00526
00525
01448
02996
02871
02879
03040
02986
02948
02952
02919
02518
01265
00939
03076
02876
02907
02988
02881
02933
02994
02954
02931
02895
02874
02961
02904
02878
02982
02890
02965
02886
02892
02759
02760
03637
02082
01187
01187
03101
05966
02115
02110
02650
02809
02810
02818
02819
01977
01977
01977
01977
01977
01977
01977
01977
01977
02111
02113
03602
01985
01985
01985
01985
01985
01985
01985
01985
01985
01980
01980
01980
01980
01980
01980
01980
01980
01980
02768
02769
02770
05847
03282
02117
02803
02803
02804
02237
01715
01273
02793
02794
02795
02796
02796
02796
02795
02794
02793
02793
02794
02795
02796
02794
02795
02796
06287
01934
00385
03570
03569
03686
03581
00616
02346
03317
00384
00384
03335
01735
01462
01462
01462
03499
03601
01734
00991
01770
01197
06442
03536
01646
03337
03338
03336
03303
02109
02118
02121
02123
02120
03321
02652
02653
02662
02669
03698
02654
02650
01919
02108
02119
02122
01752
01752
01752
01752
01754
02114
02112
02664
03305
03307
00010
00975
02340
06193
00655
03217
05845
05846
09761
03424
06158
01736
03306
02663
03480
03480
02564
06180
06206
01448
03307
03284
06207
00763
03310
03484
03481
03310
03495
01929
03311
03216
02190
03292
03501
03497
03639
04066
03402
03590
03531
03529
03608
03609
03979
06187
03610
03703
03750
03475
02342
03565
03294
03438
03394
03664
04759
03629
03437
03666
03650
01662
03752
03977
03399
06180
06179
03763
04077
03486
01788
03550
00760
00385
03655
03521
03521
03470
03436
03654
03701
03517
01738
04488
03621
03671
03466
03522
03596
06199
03811
03496
06373
03768
03687
03631
06196
03705
04079
03630
03530
06121
06122
03568
04763
03778
03707
03716
03522
06024
04043
06201
03465
01749
03704
03648
04078
03786
04034
03551
02116
03665
03545
03798
03790
03789
03718
03625
03523
02337
03544
03892
03308
03628
03702
03695
03657
03660
03525
03564
03825
03737
03547
03595
03976
03978
03685
06213
01207
03555
03696
03816
03816
03624
03553
04023
04026
03706
03546
03753
03497
04032
03708
03723
04083
06173
04487
03856
03735
03736
03802
06173
03758
03758
04070
06183
04516
03833
07273
03311
05979
01206
04567
03784
03783
03797
06178
01206
06131
01056
04042
03826
01926
03798
04019
04023
04068
04069
03617
02053
03671
04028
04027
04029
04031
06209
03439
01200
03177
04074
03584
02004
02004
06307
03311
04076
01665
03734
02051
07699
04096
06023
03589
04485
09811
04564
02005
01992
01118
04487
06518
02052
03734
07560
05916
04769
03588
06012
05589
06019
02055
06148
06148
06148
06148
06148
02016
03710
03527
02058
02028
01992
02010
06153
06317
07729
03710
05311
05337
02012
01992
03500
06384
05837
02499
06147
06147
06147
06391
06390
06408
06385
06374
06409
06436
06438
06346
05896
06283
02476
06399
06397
06396
06394
06393
06392
07559
03572
07035
06284
00954
06381
06405
06406
06608
06382
03431
07173
06387
06378
06379
06398
06383
11059
06726
07124
06962
06967
06889
07107
07137
07139
02647
06407
06412
06415
06416
01258
08587
07166
07460
07175
06969
06904
08384
07240
07240
06911
06942
07090
07095
07082
07220
07067
03386
06972
06973
07456
07301
07282
07636
06950
00086
07053
06960
07335
07098
07300
07718
07720
06949
01118
07112
05810
07507
07180
08600
06941
03654
07284
07304
07447
06897
05985
07238
07007
07149
07040
07009
07030
07088
06994
07058
07056
06925
07407
07037
07043
07461
07407
07042
07813
02124
07007
07007
06997
06871
06871
06901
06901
06901
03768
07038
07258
07322
07001
07305
07052
09903
09861
09157
07462
07052
07391
09778
07444
05799
09888
09762
03657
09155
06958
07496
09758
00949
09758
00783
09004
08998
08974
09779
09777
09685
04486
08302
08303
10439
09137
09787
03592
06182
02492
09748
05873
03783
08303
01421
01421
09768
09786
09017
09812
07533
00243
01961
03652
09117
09118
03711
09825
10773
08384
00794
09458
08981
09747
03498
09705
10112
09773
10540
10541
10542
09764
09790
02825
09772
08602
09704
02503
06917
09935
07478
09167
07738
07574
07816
07727
00784
07979
07742
07571
07496
07496
07496
07566
07568
04075
07590
03969
13038
03549
01297
10254
08234
00537
03614
03613
03612
03148
00384
02822
03741
10947
11189
05592
06131
03688
07089
03615
01874
02238
10441
02428
10440
05936
05934
01448
05895
06042
09817
09815
09816
06402
10200
10201
10202
09693
09692
11071
08483
19225
08384
11105
11072
02777
02821
06131
11060
11061
01197
11070
11145
11069
01874
02475
00812
11535
08301
11753
11752
02242
01197
11062
11102
01197
01448
11031
11068
03569
11175
02315
02238
03111
03111
11057
11068
01664
01673
01197
01643
03426
01625
12574
01992
00602
01890
13292
04758
03657
00010
01187
01243
12410
01491
06959
13292
03657
13281
13280
00655
08309
01950
07658
06168
03524
01990
01243
02304
03496
12308
03657
06409
06409
11754
12940
13282
01104
02749
02750
00528
13542
14236
12573
00805
00805
01534
03458
07813
02217
13789
03769
01537
01262
06956
09936
05366
13280
12373
12942
06395
05515
03571
04030
03284
01537
11749
18672
01595
15771
05946
06120
13940
21028
13954
07099
14233
14233
14228
14228
14228
14228
14224
14224
14224
14224
01980
14220
14220
14220
14220
14228
14228
14228
14219
14219
14219
14228
04072
00941
01977
14229
14229
14229
14229
14229
14219
14225
14225
14225
14225
14230
14230
01190
14219
14223
14223
14223
14232
14232
06131
14233
14233
04763
14225
14225
14225
14225
14225
14225
14225
14234
14234
14234
14234
14236
14236
14230
14230
10907
14230
14230
14230
14230
07171
14237
14222
14222
14219
04720
14441
03215
14205
07491
03324
01449
01537
01524
14218
14218
14218
14218
14218
14218
14231
14231
14231
14231
14237
14237
14237
14221
14221
14221
14229
14229
00965
14235
14235
14233
14238
14226
14226
00974
14234
09693
14540
14652
09022
06881
03624
05964
15524
15533
15633
15738
19689
01026
02032
01835
15986
19221
16052
03699
16619
11733
03299
16785
01223
07260
16328
02006
16786
16787
16785
17828
02031
16789
02025
16789
15772
15770
16898
16961
16962
16950
16951
02028
02030
16786
16787
16963
16923
11991
16951
16924
16899
00196
01738
17318
17318
17319
02029
01760
17103
17320
16950
14227
14227
14227
14227
14233
15923
14228
05601
10907
17686
17675
17836
07284
07284
17758
17759
01267
00209
02107
08168
21471
21480
18120
07076
18231
00248
18475
03742
02012
18475
09809
17318
17318
06896
18707
18682
06147
06147
03790
18888
18887
01872
03429
03526
03429
14761
01990
01567
19411
04771
19405
19302
19302
19689
01258
21636
21636
19955
17624
01560
05770
20074
12132
20107
20108
20117
20118
20265
00532
07706
01208
21071
21071
07258
07258
22044
03442
05364
21471
21471
21562
21562
21600
21600
21562
22010
00936
21903
22132
22405
06993
05592