03316
00215
10747
00297
00956
09992
09946
09992
03446
06872
13043
02005
01992
09516
01990
00318
06159
03446
03446
01297
03791
01491
11178
11178
13051
04518
13019
01790
00059
03088
13483
01854
01061
03801
12373
00826
01687
01652
01653
00053
01754
03307
00854
01805
01735
00800
01736
03773
06978
06940
03797
03168
03270
03179
06287
01993
01247
00567
03218
01640
03088
01007
09781
06907
06903
10536
12251
03704
08987
07552
02014
03543
03098
03809
03701
03205
02371
07137
00957
00390
03497
03496
07098
01338
03474
01251
02899
02888
00099
11749
07154
03724
01682
07023
00928
03841
01480
02197
02198
04756
02902
02913
03110
05592
00700
05982
09003
07507
02379
07054
07401
00059
07124
01783
06217
01507
03088
02469
12410
00794
00161
03629
03088
00796
00940
04763
01771
09922
00609
02825
03564
00294
02836
00640
12339
00162
00626
02316
00287
00560
03453
01465
01042
05982
02557
03559
05795
07025
05795
03564
01770
01520
07056
06203
00761
09001
01486
06178
06941
03088
03701
00029
02066
02065
01902
01876
07636
11177
03787
11177
03581
03583
03582
00648
03088
03088
00641
06934
08224
03657
09760
00285
02014
03490
00845
08482
10680
06911
11717
01265
01588
01589
07727
00567
06996
02014
03088
01201
01201
07027
03885
00134
00927
11103
06872
03744
04762
02342
02558
03186
03786
01991
02377
00012
03818
03208
03606
00116
02575
00363
00362
03781
09014
11811
03823
03182
02837
01409
01142
01953
00074
00648
06177
02036
02038
02037
02040
02014
03412
03811
07727
03734
06886
00404
04561
01284
08151
03923
03088
03828
07402
07127
06910
03149
03150
01265
00943
00558
09748
02600
02519
03771
00764
08296
00286
00981
01613
03703
06888
01719
01785
00809
04567
01278
06878
07588
08976
07152
02276
02276
02274
02275
11175
07152
03711
08602
00133
00979
11381
08972
01816
07259
00851
03572
07305
09747
03979
00939
00003
03644
03585
00556
01703
01704
00052
01649
08641
03534
02429
00820
06213
08994
01745
01712
03561
01258
00549
00604
00325
00324
00324
10563
00231
01772
00174
10773
01689
01952
06974
03088
04047
02622
02621
03273
05350
04487
01745
00059
00647
02078
07107
02078
02372
00997
01912
06966
06940
00077
03088
00059
06903
06907
12373
02067
02065
02066
03210
00859
12257
00812
01848
00382
03466
06889
00891
01494
03088
06997
01476
02911
03621
02428
06959
05522
09761
03327
02314
01890
03783
06024
02115
07090
01735
03179
02839
03070
01619
00600
00973
03555
03179
07447
01462
03088
03088
06180
01586
00937
07576
01256
06173
03561
03650
01858
01095
00833
03710
00156
04761
01256
00612
00525
00526
03718
00140
01464
01246
00428
02232
02227
07241
03795
00595
05895
02188
02231
00768
02233
02230
01468
01433
07095
01681
01627
03827
00507
07001
06169
08976
00853
01804
07002
03695
01278
00819
03596
01809
07460
01756
06988
02035
01866
00428
00507
07275
12308
00457
00451
12524
00872
01733
09990
00925
04043
01887
01489
03100
03271
07031
01465
01205
02014
00860
09957
02019
07141
07303
07302
09959
00428
03724
01810
01923
02342
01812
01685
00041
00134
06889
01811
01749
01719
01599
00228
01698
01845
04761
08591
02687
00962
02956
09812
01933
11753
02340
07501
01673
01776
01354
00240
00239
00241
07106
03797
03977
03595
02014
01755
00930
00145
01940
01206
02492
02259
06207
03470
03092
03553
01247
01955
02238
00602
03088
03111
03575
03530
08301
02517
00278
02003
00057
03320
03702
03281
11748
03543
00847
03665
00605
03543
12373
05349
00765
00013
00817
01089
01657
01658
00766
01609
01817
01696
01695
02501
02500
11755
03585
09964
07001
00481
00343
00342
00341
00340
00339
00338
00337
00336
00335
00334
05989
03296
00185
03897
01784
02503
01961
13481
13482
07263
13483
07005
07051
12957
01424
03088
07313
09458
03701
02348
05776
06894
05367
07478
07386
01007
07220
03306
00973
00615
03088
05837
01875
01950
06195
01929
04487
04488
03101
07090
01679
01849
01886
01885
03424
05515
03570
03569
01945
03305
03750
03637
03752
03635
03636
02347
05520
05520
01104
01104
00331
00330
02529
05970
01444
06201
02564
00384
00075
04066
00655
06891
00684
00031
00031
03783
01903
05366
03217
01937
06950
02108
02110
02109
02113
02111
00097
02528
03624
01159
08994
03551
01869
09811
06153
00259
06925
03654
06915
06902
00677
02536
06885
06167
02493
11752
00074
03593
01591
00252
03734
02020
02018
02017
00575
02346
02337
06886
05995
01206
03760
10680
00059
03307
03778
08094
02945
03527
00945
03696
00784
01714
01962
07058
06966
10674
10680
00655
03313
01512
01803
02909
09767
03088
01585
00762
00954
01633
00384
01620
01873
01752
04077
04078
06876
02346
02217
03885
03601
03602
13378
09137
01915
07225
02013
02015
02016
09955
03544
01358
03545
01476
00681
04564
03086
03106
02959
02860
00554
02884
03116
02433
08307
01114
00059
03169
00384
03208
03606
00867
00135
00873
00850
01322
00067
07107
00658
09705
07090
00507
02066
02065
00252
07124
07112
07112
03455
00575
03412
02426
11717
09015
09013
11177
08481
05595
00831
01556
08223
01692
08234
03316
03316
03316
13924
05343
08097
05979
01961
03386
01992
03296
06966
03655
01647
00773
03501
07056
11927
07559
07313
00274
00817
07304
07552
03304
07140
07154
07154
00059
09936
07006
05349
03088
00428
03685
09458
02078
00948
00342
00341
00340
00339
00338
00337
00336
00335
00334
00333
00332
00331
00330
01892
01952
03652
03975
02356
02160
01915
01952
00639
00014
03177
03437
03885
00616
03924
01118
00793
02970
03733
05808
02358
03073
02601
02867
07098
01673
01118
07396
07444
12573
09940
00606
00937
01579
01918
00703
00789
01953
06942
00641
00757
01778
03284
09125
02337
03671
09005
03529
00975
00703
03307
01823
02474
05516
03885
01194
01262
01997
01995
01998
01996
01999
06996
07118
01951
06997
03325
07071
01665
01939
01206
01192
00748
03787
06140
01874
06889
07735
02114
02112
02343
00627
06996
07071
03978
03183
01465
07391
02355
02014
02863
02864
02935
03043
03046
06142
07025
00365
10947
07289
02313
06041
01673
04759
02609
02611
02612
00969
01883
06861
00059
02341
00432
04485
06973
02871
02996
02357
09903
00275
03530
01142
00548
06187
03657
03526
00639
03088
06889
01895
10979
07240
01893
03628
01724
03439
03718
00453
00790
00942
03118
01808
03088
03657
03565
01443
00946
01092
00175
01448
02034
00812
02338
03154
03147
00788
00788
02194
02195
00261
01241
07568
00991
03630
00948
02897
01056
11381
00797
01611
06889
07458
00558
00756
06044
01236
00243
01118
00375
03585
01201
07025
00059
01821
07443
09933
01807
02003
01533
06443
05845
05846
09954
03088
09973
06048
01921
01881
00791
07566
00674
00274
00274
01952
01262
01610
04096
00088
03820
03550
00648
00645
01495
01737
01669
00826
01029
01028
05807
03925
03438
03587
01928
01000
01925
03588
02563
01924
03590
03531
00389
07504
06911
03549
05970
07461
03734
00826
02950
02992
02355
02946
02906
02926
02892
02886
02965
02890
02982
02878
02904
02961
02874
02895
02931
02954
02994
02933
02234
06871
00428
11927
03924
04773
00950
03781
07007
06910
01999
01206
09001
07106
00147
00931
01815
01685
08191
01625
00874
00041
00566
03500
00658
00164
02968
02078
00648
01951
07577
00059
00849
02014
01595
01430
01429
01428
03187
03188
03189
03190
00033
00036
01057
01206
12373
01686
01866
00067
01790
01710
01710
00012
02527
00857
07020
06910
03820
09913
01576
05499
03088
00886
12308
03547
03546
00604
01953
03534
00782
02856
04712
00573
02825
07734
00860
03075
07082
07058
02014
00681
03724
02346
02337
00928
01867
02435
00208
03631
07164
01299
06969
03687
03686
06969
00760
01586
04103
03648
09955
01118
06996
03735
03736
07304
07456
10764
07146
06158
01868
02520
02887
02916
00919
08999
03522
03521
04075
00783
00404
00405
02474
03585
03088
06177
06193
03543
00164
01652
07032
01224
07304
00384
00382
01620
09958
03671
02881
02988
02907
02876
03076
01265
02518
02919
02952
02948
02986
03040
02879
01956
10255
02517
01126
11927
07112
07112
00425
00426
03088
07107
07646
01548
01547
01546
06978
03469
03664
01963
01624
01697
01935
00912
07006
01012
03313
03405
06181
09955
07124
06911
06975
06999
02078
02372
08994
07217
00612
09927
06182
00598
01737
00274
07305
00375
02523
07462
04079
02990
02963
02939
06155
00343
07094
01662
02613
04047
06911
04063
05896
03282
02838
00615
02834
01870
02470
09807
03723
00523
01880
07058
07560
06143
06949
03924
02437
02835
01872
02434
03584
03269
00782
03798
09710
03524
03113
00767
09117
03558
00858
00806
07277
06142
02914
08998
03797
04564
01972
11942
09704
03088
01711
02377
07025
07658
06181
09792
02536
00074
01889
02335
03814
03811
01126
02440
00864
00111
00265
00266
03642
03284
03517
04758
03495
06131
03761
01807
03654
15311
01934
03168
01187
01179
07114
00375
00863
13038
03296
03296
03296
01447
01447
07273
02005
06867
06893
06926
07003
07011
07052
13789
07157
01816
03088
13924
09776
02529
03446
00507
03585
03088
12373
06159
01779
03973
01835
06180
01775
00128
00128
01053
01190
00965
07407
01838
01198
01198
01182
01209
01209
01759
03549
02014
00375
02477
03585
02014
01420
04750
08978
09124
01814
03574
09776
01130
01130
01130
12658
01436
01990
03768
03296
07011
02005
02014
01372
01479
06168
03294
03294
03294
00647
03709
01897
07027
03832
02529
01187
02477
07396
01791
01791
03088
00281
11178
03296
03328
01206
02033
02477
01206
02477
03832
02477
02014
02477
07397
09702
09702
00117
01791
01197
02078
07017
07126
09935
00784
13979
04516
00034
00508
13745
03649
07404
03782
01534
12941
02040
05710
04720
07303
10778
10027
01201
02014
03088
07386
02429
03088
07636
03088
07658
00024
07114
08097
03286
01206
01711
13522
00406
02081
03281
06142
01114
00647
02529
03088
01206
00405
07152
03088
04063
02004
02004
09808
02004
02004
02004
02004
03088
02433
02610
03317
11754
13766
00008
00845
03585
03088
11921
03457
00951
14231
13694
06889
13483
00652
01990
01990
09810
12340
01185
02529
07497
01259
11085
04517
01077
02303
03639
00941
03589
01434
01273
01301
06147
06147
06147
05847
01992
01992
00646
01802
07516
14228
14218
01183
14226
01092
07052
00645
07011
13628
03296
14229
13993
14236
03404
03741
01466
07114
07114
09166
00058
00058
02003
07483
07483
04047
08481
06929
13924
02224
03394
03932
08325
03770
03496
09808
00632
01181
01760
01991
00065
01505
01179
01840
00971
14233
14233
01715
14228
07117
01297
14232
14232
07045
14218
14218
14228
14229
14229
14229
14229
14229
00128
06867
14220
15312
01977
01977
01977
01977
01977
01977
14223
14234
02967
14228
14219
14219
14219
14219
14222
14222
03322
07017
05989
14234
00469
00721
14162
14160
14223
14225
01978
14233
15034
01759
02304
14441
01985
01985
01985
01985
01985
01985
14228
14228
14228
07483
01190
14205
14221
14221
14221
00459
14189
14237
14237
14237
14233
14225
14227
14227
14226
14226
14224
14224
14218
14234
01173
01966
01524
01173
14652
03462
05606
15035
14287
03215
01051
14230
14230
01083
14161
01980
01980
01980
01980
01980
01980
18333
01621
02014
01092
06893
04750
14219
14234
14235
06133
14219
14227
14228
14232
14230
14230
01983
08676
01992
02083
14235
14235
14235
14235
14218
14977
14225
14225
14225
14219
12340
02303
01524
01120
14228
15726
03086
11741
01176
14223
03625
14742
08093
15313
15372
15256
15328
14415
15633
03929
03929
15746
02428
00971
15738
15337
15669
15329
15726
15727
15725
15460
00459
00459
15532
15862
00812
03179
14415
15866
00901
14189
10716
15975
15987
15923
15977
15977
02014
00691
07483
07497
07497
07497
07497
07497
07497
16089
15726
16089
16089
15726
16137
16137
14228
14233
18682
18954
16052
16055
16212
11645
03292
16211
02014
16213
16363
00392
15727
21430
03699
01992
05349
16171
03321
02067
02067
07046
00138
15923
11720
02226
16937
21572
21571
21571
17716
16840
16137
16137
07091
00184
17103
00367
08738
01990
08738
11782
17225
01992
08738
01992
01992
01990
01990
01990
01990
01990
01990
00526
00525
04084
04084
15923
17686
17723
17837
17836
00254
17836
17763
17762
18138
17838
17752
09022
03585
11785
11784
11783
21430
18285
18369
03742
03564
18707
01971
18929
18928
01971
03181
03790
01971
03790
18928
18929
18930
19000
18979
01820
11991
19048
16238
00798
07452
19147
00571
19068
19265
01846
19268
19265
19302
01990
01990
01990
01218
01992
01992
01785
19270
06881
08156
19713
19707
19715
19714
17722
13877
15777
01431
19802
10206
12132
20276
03332
20483
20483
20484
18889
18890
01179
01179
01179
11529
01214
20866
20832
21147
21062
08968
21065
00821
02481
21196
21470
21470
21572
21572
21572
21572
21572
21573
21572
21573
21574
21572
21572
21572
21572
21572
21572
21572
21572
21572
21572
21572
21572
21572
21572
21572
21572
21572
21572
21572
21572
21572
21572
21572
21572
21572
21572
21572
21572
21572
21572
21572
21572
21572
21572
21572
21572
21572
21572
21572
21572
21572
21572
21572
21572
21572
21572
21572
21572
21572
21572
21572
21572
21572
21572
21572
21572
21572
21572
21572
10026
21572
21572
21572
21572
21572
21575
21572
21572
21572
21572
21572
21572
21572
21572
21572
21572
21571
21572
21572
21572
21572
21572
21572
00754
01463
05275
05275
22136
03077
02257
17758
17759
13566
22491