18917
01992
01992
01992
16013
16012
02034
02874
02895
02931
03837
01752
02994
02933
02881
02988
02907
02876
03076
02518
02952
02948
02986
03040
02879
06173
03466
02871
02996
01142
01867
07058
00761
00382
06287
02529
02965
02890
02982
02878
02904
02961
00817
14445
03480
06996
04561
06215
08681
00773
09117
10773
02283
12510
03704
03168
02341
00973
00382
07110
00239
00240
03524
01589
01588
01809
11738
09812
09811
03664
01673
02016
02015
02015
02013
03704
06901
00831
01647
03282
00963
03750
03790
15977
07056
01874
03424
02528
00919
03811
00134
02837
01056
00459
01056
02897
00948
04042
03723
03758
01689
01524
06966
00796
00563
01193
01575
00975
03088
03117
00014
00965
00849
05592
02013
02016
02434
06895
05596
01687
01653
00053
00052
02361
01012
01703
01704
00057
01921
00946
03648
03655
00954
07090
02029
06178
00945
03977
02016
02015
02013
09858
03070
08999
03284
03885
00574
03820
07113
02230
02229
06042
05895
05936
01681
01951
07166
09157
11717
09013
09015
09014
02259
00615
00036
01057
03075
01595
01803
00927
00134
06958
03703
00794
14652
00793
11752
01783
03500
00604
01462
04066
00789
13038
03060
02834
02519
07742
02600
09748
01881
09861
02224
13580
00116
02232
00942
10805
00995
01868
07156
03684
01662
00886
03086
07560
04756
04761
04751
03110
03529
01512
03310
03685
07040
00259
00262
00865
00688
00873
01609
02500
02501
01693
00817
00013
04762
01754
02337
05786
06180
03101
01265
00099
00981
02838
09903
02357
02967
03733
04096
07391
03470
03100
02884
06959
00554
02860
02959
03106
00990
02231
00768
02233
00826
01255
00281
00605
02437
03801
03644
01915
03427
02003
07084
01733
00705
01284
03311
07088
02034
07112
03596
02968
02340
02237
09710
00969
00147
09790
07085
07124
13288
01714
08281
03564
00997
11533
00989
01776
06891
00763
01079
02217
11068
01952
01952
01952
00432
01354
01923
01756
01945
00156
00697
01087
03218
01883
01770
00991
07736
04485
01673
03575
03696
02003
03686
03687
04043
03306
02013
02015
02016
03190
03189
03188
03187
01428
01429
01430
14260
04567
00012
01494
07146
04047
01421
01869
02003
01443
01714
01792
09946
01657
00766
04567
01918
00950
01633
00796
01495
03798
00760
04075
07259
11103
04077
05567
05569
05571
06048
01462
01142
06131
01207
03439
01126
02445
02013
02015
02016
01875
03710
13498
01696
01695
14347
07735
03980
03088
00384
03671
01448
03501
03217
08998
03536
02914
00782
03303
01887
01586
00003
00872
03628
02835
02493
02108
02110
02109
02113
02111
02115
02112
02114
05606
05838
02013
03521
03522
04487
00566
01972
02435
02015
02945
00859
03702
03701
02520
02916
02887
03437
01889
01890
00145
00620
00930
00611
03402
01940
01755
09791
01866
06442
00858
03631
05896
01935
03305
00833
01935
06024
03118
03116
01938
01744
07791
00765
06153
05881
05879
05878
01772
01591
01955
01956
02313
02338
03629
02470
02469
02057
02013
02015
02015
02016
06996
00864
02440
05845
01465
00609
02825
07071
03625
02356
03786
01735
00891
01736
02654
00014
07082
07447
01872
07478
01876
01421
01752
01892
11065
00759
03074
03072
03210
03551
03550
01159
03578
07738
01356
02768
02769
02770
03665
01778
00791
06168
03565
03523
00995
09780
03466
01714
00215
00962
02956
11753
02346
01870
02221
09772
05810
03531
03589
01924
02563
03588
01000
01929
01928
03587
03438
03925
00655
02276
02275
01953
00982
01915
00849
07164
01626
02016
02013
02015
06213
05343
03088
05846
05846
05847
01012
01241
01858
06966
07090
03579
03919
01246
00098
02343
09747
06187
01649
05346
00928
00133
03088
03781
02011
02012
02445
05571
05569
05567
04069
00656
00075
01524
00286
02492
01749
13542
01698
01599
00231
01845
07399
02013
02016
02015
02548
01911
01661
02551
03183
03073
02601
02867
02863
02864
02935
03043
03046
07089
04069
02950
02992
02355
02358
02946
02906
02926
00817
02227
00163
00820
01129
01880
00806
03584
00868
07042
09761
03686
03705
00931
03979
02899
02888
00940
11754
01873
00024
03544
09136
09136
06200
14645
06199
06199
02003
00790
01738
00640
06975
00005
00425
00426
13950
01358
01358
03545
06911
01808
01256
06886
09936
07107
02892
02886
03431
01775
06925
07085
03789
04077
03088
01951
02072
02071
02073
02073
03216
01491
02016
02015
02013
00031
01251
00943
03070
06949
00800
03088
03657
03426
03657
07043
14393
03327
01697
01586
02034
03724
01810
03657
11175
00602
10008
10005
10006
10007
01644
02963
02954
02913
02902
02911
03624
00600
03823
03602
03601
03527
06942
06193
09781
00077
06207
02039
02036
02037
02040
06980
01933
00764
00925
13788
00528
08289
07101
07399
03385
15876
01939
01624
00762
00111
03695
03312
01126
04564
08224
07146
03217
09125
08369
02939
02990
18926
01897
02056
07386
11387
13686
11710
11708
11709
11707
04517
06994
01885
03299
00851
06877
01322
00241
00666
07503
00700
02342
02433
08974
02755
02756
02757
01515
04763
00595
03727
13573
13571
13570
07442
01523
00548
15526
06910
03768
02035
07588
01847
01847
07054
14232
03436
08483
03436
00882
11189
03743
05794
03177
01424
13787
00845
13668
03891
03890
03889
01104
02566
03711
02351
07245
01835
02004
15520
02619
03647
14949
02348
10947
01011
03317
01489
00758
00016
07304
13671
06177
16147
16148
07052
07120
03475
00046
03299
07009
02342
03784
01619
07657
05570
05568
05565
15521
07768
07776
06196
02549
12583
00016
00805
01372
01409
00088
00088
02077
03709
07670
07654
00508
07177
09118
00368
02035
02033
02228
01082
03649
05522
00135
04093
07669
07653
08372
12503
00867
01679
02446
09146
15525
00567
03404
07316
02004
07035
00088
01823
02035
02033
02238
02428
02274
03647
01916
03499
03932
02004
02005
13953
13640
02031
02034
02033
00135
02004
02564
01788
00845
02035
02033
02031
02034
07052
02035
02033
01424
00939
14743
07258
01488
01958
11263
01011
00852
01966
01966
02025
01259
02428
05602
09009
12942
10843
01962
01963
01692
01934
01507
05565
05568
05570
03574
01596
06860
12437
12428
13687
14136
01854
04518
00970
16164
00674
00674
01439
13693
03593
01616
03929
03307
04750
00058
07182
02342
01885
03932
07030
07792
06889
07397
00033
00721
13540
04488
14339
00616
09762
08256
07305
03087
03709
01784
03386
10563
01496
01092
01814
01817
02342
10716
15733
14232
14235
18955
02028
01840
01840
01834
01840
01977
01977
01977
01977
14222
16264
15772
16653
15770
15771
16783
02484
01985
01985
01985
01985
16784
16652
16647
16650
16649
02851
16648
02030
02030
11991
01906
02031
02032
14219
14225
14228
14219
01980
01980
01980
01980
14228
14228
14219
14219
14234
14226
14237
14218
14220
14225
02768
02769
02770
14234
00966
00951
08316
14225
14225
00108
16870
02303
16925
16786
16787
16785
14227
14233
14236
14223
14223
14229
14218
14218
14219
14230
14228
14228
14233
14233
14233
14230
14230
14224
14224
14224
14232
14237
14237
14231
14221
14221
14229
14234
15582
15581
01990
01992
01992
01992
01990
01990
01897
15580
10112
03416
17489
01990
01990
01990
17490
01186
17489
17686
03671
02010
12574
11928
01658
19745
02026
07284
03767
01267
14337
00537
02027
07284
07284
00254
08168
17883
02031
02032
02031
02032
02031
02032
02058
00130
21480
18118
21687
18292
21688
01619
04078
02909
00299
00299
14194
07052
02919
07052
03975
13671
00652
02483
16237
16237
18455
10563
03574
01990
01992
02032
02032
18955
18955
06147
18929
18928
04565
03496
03111
03111
03497
03496
03976
03526
19125
00067
01790
19221
00798
01710
01239
01239
19302
00020
19265
01785
03722
19302
00526
01992
06867
06867
06881
19577
06221
19710
19784
07119
02033
02034
09796
12132
12132
12132
20074
20468
20470
01214
01200
20814
21071
01768
00821
21636
00287
00560
01520
07465
03553
03465
02316
06217
02314
06191
02335
00525
09820
01436
22468
09819
02075
02075
02074
00526
21481
21473
05364
21471
21401
21498
10914
21685
21962
22044
22044
03595
00666
01046
00020
17758
17759
22316
22306
02257
22311
11206
22476
00728
22468
08300
08301
07566