02529
13653
02409
07462
00595
03816
03763
11717
10773
00132
11358
01696
06001
10773
02189
02338
08722
07560
00575
02913
03624
00954
03660
02520
01876
01448
00180
01892
01430
03500
00604
03629
03545
00057
08591
02015
02013
05810
00688
01963
03575
07456
03648
01704
04023
10439
10441
10440
10439
01703
00925
02863
02864
00847
03088
07460
03100
02884
00554
02860
06960
02959
03106
09787
08223
08972
05934
02120
02123
02115
03498
03177
06381
04517
03550
01695
00919
02283
02026
00282
01142
01610
02916
02335
02417
02071
06442
06956
00604
02188
01881
03601
03110
07042
03969
02835
09936
03169
03168
08744
02406
03687
03705
03596
06012
02968
09117
01495
01778
05366
05366
07478
07040
02911
09888
06969
02051
02492
01749
03091
06405
06406
06407
09747
07814
03088
00645
09458
02160
02372
01195
01955
01531
00759
02406
01588
01428
02405
03151
09761
02687
04043
03977
03530
02190
02032
02837
00525
03555
01892
02421
02401
01962
00820
02341
02435
02400
01677
03665
02337
04562
01845
09811
00864
01297
02346
02346
00790
03685
01572
03565
03553
01754
03529
02078
01921
06131
03091
03091
06383
03531
03589
03588
02933
01925
08384
03438
03925
06942
01783
06949
06941
03704
00761
02016
02015
02013
02529
01804
03621
00945
07007
00995
02026
03737
10543
10546
10548
10547
10254
02003
06173
06173
06173
01956
00526
01893
03409
03413
07034
02113
03613
02470
02469
02469
02470
02343
03734
07447
03612
01997
01998
03617
06317
02283
06187
00147
03070
15583
03040
00283
02529
02048
02046
02047
02045
00957
01740
01738
00616
00615
03703
19221
00266
04083
04070
07053
03210
00773
01265
02120
02118
02117
02122
02123
03497
00826
03412
03569
04651
04651
01995
01868
06871
02357
02967
09749
03411
03408
03407
09136
01443
02564
01224
06042
03741
07137
03696
01945
11175
01933
07058
01867
01714
06207
09816
09817
09815
08974
06024
03609
01999
01649
01733
00876
06967
03086
01129
04759
02119
01914
06987
00052
03924
04079
01915
03442
00831
10563
00803
00111
02026
02025
03737
01788
04032
04026
03735
04019
04029
04031
02500
08303
01887
00605
02437
03800
00382
09764
05592
09861
03564
01915
01778
02433
02434
03704
03595
03584
01880
01006
02564
04654
04655
03308
08483
01866
07258
07258
02003
00756
01626
01805
02407
00012
02072
02073
02003
03547
03546
01999
01997
01998
01995
01996
01620
07001
06201
01255
01206
07095
03152
03310
03431
03544
01338
03978
03117
03116
03118
07139
03628
02909
02493
03499
03437
01810
00611
03525
05878
05879
01887
06923
00375
01151
07043
03521
03522
01996
01807
03523
00558
00849
10439
07095
00133
02035
02034
09815
09817
09816
06897
02887
01873
06379
07238
03624
08974
02015
02015
02013
02016
03671
00873
07667
02040
02037
02038
02039
06397
06396
06394
06393
06392
06391
06390
00014
01262
00891
07015
07010
02355
03856
00800
01356
09710
00969
07574
03979
02899
07584
02888
07043
03976
08301
04567
07646
01868
03784
01619
01489
01299
01866
07406
02026
02050
02049
02033
09704
04656
04653
01465
01591
07173
01091
11069
11070
11071
06158
01926
00997
01775
00783
03088
06885
06911
06196
07727
09927
01921
00335
00334
00948
01924
06412
03723
05845
05846
01869
03088
03088
02529
02529
01448
03568
03592
01872
01118
01975
07240
07240
01613
04769
07443
02499
06382
00760
03798
03615
03830
03216
03698
06975
03778
01572
03498
01940
06287
05350
03704
00655
00145
00930
02238
03284
10254
06940
02026
03312
06180
03088
01493
07507
04564
06283
03614
01811
01885
01686
02003
02035
03282
03088
02950
02992
02355
02358
02025
02026
03665
03088
00768
01304
02231
02233
02227
02232
01875
07106
09001
10439
10440
10441
08963
02003
03150
01012
02422
00764
00111
03101
01937
03798
06023
00845
00075
09762
00850
06959
06925
00784
01409
00991
07444
06949
00848
03534
03654
03704
00656
04069
04031
04758
04758
04759
04486
02647
06989
02012
02011
03502
01551
03325
00243
00384
05808
02836
03408
03702
03701
07053
03823
02026
02025
01586
02398
02396
02397
03563
03686
00931
07137
07007
07037
06217
06438
02970
01872
00099
00981
00806
02838
09903
02031
02031
06196
06871
03716
02492
01749
01698
01845
02897
03326
00852
03326
04652
04652
02600
10979
03610
03608
05970
00432
00432
07736
01698
05936
02008
02006
02007
02025
02026
05593
03100
00762
03091
02823
03602
02313
02408
02404
06603
03187
03188
03189
03190
00705
00928
06180
03101
01735
06973
01462
04066
01929
01928
07699
06399
03631
03402
00858
01662
03625
03088
02007
08717
02008
02006
10947
01624
04567
01883
09772
06997
09779
01734
05837
05515
03571
03570
03630
00791
03572
06398
03786
08303
02392
02390
03046
00609
03581
10541
10540
02340
03043
01657
01658
01448
02411
02388
03724
03763
10542
04477
03736
09696
09697
07402
01464
01751
00384
09707
03518
03470
03469
01752
01752
07141
03637
03639
02020
02018
07402
01008
04031
04024
02003
02044
02041
02042
02042
02529
06901
01687
01258
01952
01000
04486
03789
02529
02431
03466
10112
00662
02996
02871
02420
02419
02418
03413
02557
02556
02385
02413
02387
03706
04096
07391
07738
01815
00874
01685
00041
01812
00610
01938
02879
02986
02948
02952
02919
02518
01265
00939
02876
02907
02988
02881
02994
02954
02931
02895
02874
02961
02904
02878
02982
02890
02965
02886
02892
02926
02906
02946
06969
06872
01790
00067
00973
02935
02867
02601
05844
06153
01740
00962
02956
00375
02834
02519
07742
09748
01814
01693
00013
00765
06179
07816
09157
07166
00859
03073
08602
03924
01839
07035
07095
02114
02109
02110
02108
01808
07566
00882
06374
06373
06284
07056
02654
04069
00656
07636
02039
02036
02038
03415
02111
10188
03088
00928
00003
06209
03797
09812
02647
01756
01181
09770
03439
03671
01880
03111
07107
01689
01163
09013
06213
00857
00567
01421
09163
01104
01104
01104
01091
01091
00868
02121
00703
11927
01854
09705
03820
03501
01270
00262
03569
05896
00027
02051
00789
07706
03664
03075
01803
00927
00134
03100
03100
03060
09777
07030
02902
01752
00286
00848
01818
09962
00566
04488
00286
00891
04069
03790
00548
00600
10439
02528
03424
02314
02939
02963
03111
02990
00655
01776
01921
06387
00053
01653
01206
02445
01206
01939
01520
09768
00764
01923
03495
03650
03217
08998
03536
02914
04068
01480
00797
03101
03924
09825
00651
01972
00266
00528
01953
02118
02117
02122
02119
02124
01912
00179
01912
01736
01734
00926
03695
04087
04088
01687
03299
01870
00763
02050
01817
01609
00766
10441
04077
04078
01886
07282
02026
03091
03218
11145
00640
01770
02003
01126
05995
06958
01649
11041
02502
09955
02316
10206
03076
02416
02410
00175
03700
01448
02396
07568
11104
03551
03496
01429
01571
02112
01889
02356
00876
01951
11068
04075
01681
00088
00174
04485
03655
02501
02563
01678
00817
02412
01424
01755
00244
01652
03781
03657
00956
03783
01056
04763
01673
05349
02124
00016
00016
00040
03711
01834
01625
11072
01834
01183
03426
01809
01809
00873
12574
00057
01992
00602
11755
01890
09992
00972
00297
03406
02529
00657
03574
10193
13012
04030
00274
06934
01207
00046
01207
04477
00046
07124
00059
01784
12410
02474
05349
03722
03711
07027
06889
09936
13292
07304
03892
09759
01201
01201
12257
03657
06889
04029
06889
01200
01491
10194
03406
02529
01628
10192
03768
06168
03768
03524
00661
01785
01990
01243
04487
04487
04487
01358
01950
03458
01710
09759
01874
02237
11753
07105
00059
07098
07098
07098
03657
03574
04767
07013
01420
01081
06408
07025
02026
02025
01448
03545
03711
12527
06346
06385
06395
07114
07114
13049
07729
03321
07133
06306
03406
02414
03340
02654
13747
13542
18231
18672
04487
03386
07718
07718
05349
05349
07718
07718
05349
09749
00854
05349
03410
07718
06378
04030
06409
06409
03294
06295
06147
06147
01218
00394
15534
15533
15531
06410
12573
03783
01421
07082
13542
01534
03406
03406
03406
03406
03406
03406
12992
03973
11749
00805
13922
01992
11754
13730
02004
02004
02004
02004
02004
02004
03574
13789
01191
01537
00980
02226
01537
03088
07718
02069
07038
08092
12510
09766
07979
06147
00620
01235
01209
07053
09702
05337
02068
02025
11189
02503
03686
02217
01488
02224
07003
06183
02003
02004
02315
11189
01990
01647
00655
00949
01934
00625
06384
00533
03544
02037
02040
02049
15771
15770
15771
05601
07729
03518
01515
07053
06411
07793
13653
03394
01961
04028
04028
01813
02025
03273
03088
00821
10778
07033
04758
14224
14224
07533
09706
06972
02004
02004
07079
14221
14221
12700
02009
00951
06889
02026
07720
13653
03406
07777
13292
08978
03406
01784
04750
04750
00564
01119
07052
00752
01560
03798
01560
02057
02056
14229
14229
06182
07502
02529
08884
03406
03406
17320
17320
02027
14220
14220
04720
07343
05847
02027
02027
14225
14225
14225
01990
03406
01980
01980
01980
01980
01980
01980
01980
01980
01983
14228
03437
14225
14225
14233
14230
14230
00336
07406
04072
03088
00215
03406
00058
03438
02026
02025
02529
11184
10907
00058
13653
13626
02026
07335
07335
07335
01181
02057
01784
01990
02304
02057
09145
14236
14236
06518
01977
01977
01977
01977
01977
01977
01977
01977
03077
02529
04028
07407
07407
14229
14229
02029
13963
06987
14228
14228
14089
03703
07079
14233
14233
07720
02389
03574
03574
00128
00290
01759
01182
14230
01449
03328
06131
02036
01992
14223
07718
02027
10439
08384
03406
00874
03930
01181
03527
02945
14225
06015
14233
02004
14224
14224
10189
14232
14232
02057
03630
07052
01992
07720
10907
00868
07005
05919
14230
02027
14219
01978
02016
07813
14441
00131
14219
14226
02057
02057
01537
06147
06147
01190
01187
03307
06147
06147
01187
02392
02056
01990
01198
00974
01985
01985
01985
01985
01985
01985
01985
01985
14228
03324
01992
01990
14234
14234
14232
14222
14219
07658
07052
14219
01628
07335
01181
14231
01286
07216
07216
07005
01838
01838
01198
01179
01179
01183
06148
02033
04074
06147
02034
02035
02033
01992
01992
07404
07483
01190
01470
00104
14155
14227
14227
02304
01990
01051
10190
14228
01990
02057
00965
06147
00537
14235
02945
00984
02016
14218
14218
14218
14223
07192
14170
07001
07406
02422
01992
02525
03487
02027
07213
02004
00046
00995
00790
09702
10561
10559
00030
14234
14540
00942
03324
00657
12960
02003
02004
03406
03086
03086
15771
01119
01990
01990
01992
01267
01198
07005
14761
01990
01990
01990
02003
02241
04061
00433
06147
02056
09809
10560
01838
05799
18581
01759
02056
01990
06147
07720
01992
07720
10200
01190
01759
14228
08591
08600
07979
10947
10947
01992
01992
07130
03215
15581
15582
15583
15580
15533
15532
15633
15629
02428
02032
15738
02057
15582
15581
15532
15632
01835
01198
01209
08679
15986
15987
18330
01209
01198
15973
17828
02028
19221
20038
02029
02030
09022
02017
16213
03299
16511
16511
03699
16328
15772
15772
15770
15772
15770
16786
10562
16787
16785
10119
10202
10118
16788
10823
10823
16789
10117
02056
10201
10118
10117
10119
10118
10117
10119
10117
18816
02025
02031
02032
10119
10118
16899
16898
11991
03743
04027
00395
01738
17318
17318
17318
17318
17318
17318
17318
17318
17318
17318
17318
17318
17318
17318
15035
17319
17319
17319
17319
17319
17319
17319
17319
17319
17319
17319
17319
17319
01992
02030
10440
01992
01992
10441
01992
07636
01990
17318
17320
02029
01760
17716
17103
02028
17320
17320
17320
17320
17320
17320
17320
17320
17320
17320
17320
17318
17319
17320
17363
14088
14090
14086
01990
14234
01990
01990
01990
01990
01990
01990
01990
01990
01990
01990
01990
14237
14237
14237
05601
01992
01992
01992
01992
01992
01992
01992
01992
01992
01992
01992
01992
17686
17758
17759
17734
18331
01791
17992
18332
18475
18581
18581
18581
18554
17319
17319
17318
17319
00702
18707
18675
18682
18785
01992
07171
18785
03790
18784
18783
00691
01990
06147
01971
18888
18887
03429
03526
07816
19068
07317
12952
01990
01990
01785
01567
19411
12952
19294
19405
19302
01358
19350
19265
06881
19784
15777
03616
01843
00100
12132
20037
20074
20116
20117
20118
18783
21636
21636
18890
18889
01179
01179
14237
11529
01208
21071
08968
21298
21472
21471
05364
21515
21600
21600
01176
21903
22010
22132
22132
22278
01551
05592
01551