15669
14980
02499
14981
01961
02428
03406
02406
02040
03571
03560
05349
01965
13013
01940
03809
00029
00215
09978
03406
01817
01696
01695
01963
03671
07102
06925
06916
00241
00242
00239
00240
04755
01012
02793
01265
06206
02071
02072
02073
02014
09457
00640
06217
07263
02049
03704
00029
07127
03274
00626
09781
03655
10010
10009
02424
06952
06601
06602
02406
01006
03809
06911
04046
07007
05592
03075
01937
02911
01689
00161
00162
02913
11443
00847
02346
06891
03694
02503
09919
03496
01918
01968
07001
06213
02417
03801
07305
07002
00074
04759
04758
13593
09990
11753
01870
03101
03572
00567
04078
04077
09883
13522
00567
04762
05524
07736
03088
02014
02003
01546
01547
01548
07646
03664
01714
08309
02013
02015
02016
06969
03437
03579
03294
11720
11209
03406
07576
06966
03585
02406
01811
00883
01631
00626
11159
02914
03536
03217
03978
03408
00426
00425
00626
04566
00602
07148
06915
00012
13051
01783
03500
01591
03185
09791
07157
05838
03431
00820
00574
07025
08323
01235
00274
06904
02200
02197
02198
02200
00982
03088
07147
03630
07667
00851
00616
03273
03271
07031
07031
01737
00404
00405
00406
01533
07275
01785
00035
01687
07137
01738
06876
00574
01669
01627
01730
00101
12661
03534
07693
07778
07126
02434
02433
02435
07447
00609
01465
08591
04096
03168
01754
01939
03089
08972
01620
03070
03769
00620
11927
03676
01811
00928
08484
07662
00101
12661
02856
02014
09018
03119
03119
02469
04565
00833
01935
02557
02371
03584
00675
03595
03685
03100
00997
03474
00762
03060
00950
00864
00858
01491
09768
08738
00891
01735
01489
05527
09882
03408
00121
13584
02412
03086
02316
05349
06886
09939
03734
00380
03752
02529
12573
02556
13589
06207
13049
03521
03522
06182
02835
04047
00384
01654
07090
03406
03624
07276
00995
03704
01955
03703
01956
09984
07302
00549
03088
12308
03534
01685
02429
01206
03313
03704
09005
07156
07233
03088
07798
07787
00626
03205
03088
02396
02397
00566
00626
06975
07124
03695
02493
07140
07058
03517
00278
00767
00979
08738
01255
12511
12510
02283
02282
02281
06920
01737
01736
00822
09472
00135
01845
01915
11069
11071
11070
07010
01915
09471
02014
03088
00626
01752
03497
03306
00134
01951
00088
02427
11940
00500
01484
06447
00673
01295
07278
02045
02047
02046
00773
07568
00954
02280
02279
02278
01665
06902
03702
07504
00384
00694
01962
06193
04763
00652
01692
00372
00363
00362
02575
07183
03601
02517
04080
06041
03827
01243
00761
07303
07302
07220
03306
10773
00140
03406
09807
01579
01626
00383
01581
00809
09474
09823
07107
03284
02040
04066
09921
03733
03406
00382
00658
00164
01902
01903
02018
02020
06996
02258
02276
03790
01866
03564
02836
05366
01448
08300
03149
03154
03786
02160
01876
01803
03770
01657
01658
00766
01609
07044
06995
01753
04561
00525
07322
07234
02014
01462
09760
06187
09747
02343
03426
01241
00526
11208
00133
00525
11068
07090
03455
03455
07386
02502
01892
01810
02014
07735
07566
09861
07001
02371
07340
03469
02204
03527
01887
00605
02437
00282
00283
02109
02109
00121
01070
02986
09981
03799
07107
07390
01952
06978
01952
01952
01923
01756
02429
05349
04782
09021
09023
09018
01488
13483
11178
11177
07006
00046
07282
06978
08738
09808
06167
03424
02341
00943
03642
07058
03723
01807
04042
01091
02342
03530
07107
00058
11475
03300
02065
04754
03088
04754
03814
02888
02899
03979
06178
09982
07290
07025
01724
07152
07043
03654
03098
01251
00868
05786
00133
02335
03406
00626
13481
13482
07402
00574
04094
03701
02394
06204
07006
07734
03925
03438
01928
01929
00627
00432
00382
05939
03644
12506
07708
07712
13598
13599
00824
03666
03665
02231
02225
02016
02015
02013
02227
02232
00768
02233
05970
01687
02014
06134
01247
01894
01755
01586
03406
00760
09812
09811
00655
00817
09973
07729
01494
10764
06195
04083
13583
02300
02299
02298
02297
05349
12373
03710
03411
03413
03412
00575
03408
03407
03413
03406
03406
06446
03294
05800
00817
02042
02044
02041
08988
06872
03744
02113
02111
02115
02112
02114
08311
09798
03797
00783
09710
00969
00147
06996
03179
03781
09790
09761
01919
03305
03568
02275
02274
01000
01925
03281
03588
02563
01924
00075
01921
03589
03590
03531
00817
00457
00451
07115
07240
03553
01872
07088
00031
02116
00826
01969
02651
07246
00641
08296
00681
03088
02407
02406
02389
02390
02396
02397
03413
03407
03408
03406
03406
03406
03408
00575
03412
09690
09691
07454
07458
00558
00053
02523
01679
09985
01653
01652
00791
03593
06076
02003
00263
09989
01356
02238
01885
01647
04061
00748
09949
00677
02372
02536
07277
11749
00099
00981
00806
02838
02357
02967
02337
09808
01881
03525
03524
00343
00342
00341
00340
00339
00338
00337
00336
00335
00334
00333
00428
05819
12508
02014
03778
02529
03406
02066
02065
02067
03832
03153
03168
10979
03530
09474
12251
10536
02014
01029
01028
00554
02884
01703
01704
00052
02356
04568
05793
10806
08482
00845
11103
10125
01991
07313
00931
03182
07136
03592
09778
02527
00912
01945
07657
02039
02036
02038
02037
07636
02048
00930
07025
00604
06173
01425
01439
02110
02108
07090
03529
03575
13581
03470
01246
06980
01465
03088
12508
01652
09986
00228
00626
00626
00023
09705
00381
00390
07716
01256
07114
01278
03100
00548
00548
05350
05801
00287
09159
00154
11717
09015
09013
09014
04487
13643
07018
03885
09001
00692
00847
03088
03088
03606
00012
03208
03818
03328
02377
01711
03602
00795
01662
02393
02386
02392
02391
02415
02416
00036
01057
01690
00845
02529
00873
06953
03724
03722
01779
07054
03147
09965
09992
03327
00332
00331
00330
03530
01338
03544
01358
00831
00058
07028
01687
03750
00528
03073
02601
02867
02863
07007
02864
02935
03043
03046
02040
12942
02014
05539
06985
06938
00768
06966
00573
09991
01873
06442
03215
03088
00311
00919
03320
04752
03325
03823
11811
01738
09972
09971
09970
09969
02342
07344
01745
05845
05846
07086
02408
02388
02387
02418
02419
00852
03322
09984
01354
03823
04773
00275
05516
02400
02417
02411
02410
02409
02390
02389
01142
03406
02342
00859
00014
06287
09773
01599
01772
08973
03628
01061
03650
03495
03501
03496
03497
02340
03643
01869
00788
06997
03071
01523
02500
01814
02501
01693
10773
10778
03667
01419
06886
02968
03980
01867
09019
03789
03711
06168
06217
07042
03820
00789
03439
01507
09748
02600
07742
02834
03177
02956
00962
07336
07302
07303
07141
03639
03636
03635
03638
03637
03406
09780
00057
01409
01749
01719
02498
09987
03186
01588
01589
07727
01779
09160
02909
01126
01092
00788
02192
03594
03406
09930
03088
01624
00927
00134
09888
09769
07507
01159
03551
07107
08151
07478
06199
06179
01874
05820
00957
13012
00040
01685
02529
01812
01815
01625
00874
09948
08191
00697
01087
03088
00059
05349
05349
04754
02444
01093
09701
03088
07167
02444
00111
08191
07304
03119
08191
03088
00035
05836
13038
01520
03543
00208
00647
01716
01975
06890
02193
02194
02195
02199
06190
03110
01778
01322
01322
09956
04754
02067
02066
02065
04761
01284
01776
03466
03406
00641
02950
02992
02355
02358
03781
07516
03284
00059
06911
04090
07148
09803
01126
01230
01761
09922
01878
01879
07044
01698
00643
00600
07738
00794
03625
00946
03621
00648
04764
07093
02871
02996
00145
03821
00003
03841
07462
03562
03641
03640
04075
03798
00796
09962
01990
00652
01784
01053
01048
07221
02406
07221
07221
04752
01563
12256
01198
13953
01835
03317
03545
00626
04751
01915
02622
00937
03684
01933
11175
00940
06158
02274
02275
02339
01255
07091
11720
04744
03832
03561
09862
06287
02518
00013
00790
01093
03710
00820
01443
06075
01061
01444
06201
09980
08989
01104
01469
01847
01847
03629
03687
03705
00989
07727
07056
07460
01920
07391
08218
08989
06941
07124
13588
03413
00575
03088
04564
06180
01496
01495
01883
00059
08998
01868
01640
03216
00411
00412
00413
01061
01061
06942
06911
01056
02897
00948
05810
13292
00286
07638
07659
00826
01626
02014
03669
07119
01142
01129
01207
05896
06024
03116
03117
03118
01875
03787
00573
06923
03210
03072
03074
02291
02535
05807
03631
01972
01262
02687
03657
00812
01649
03569
03771
00097
02528
00942
07082
09458
02078
00059
00645
02990
02963
02939
02014
02314
01775
04485
03558
00764
03977
00606
03088
03088
01091
01975
11475
07588
13587
02401
02421
02420
01734
00817
02837
00019
02014
11357
02426
01114
05306
00575
03412
00059
01673
01673
00259
07402
01895
07263
03282
05788
02945
00945
00800
02806
03092
06861
09774
11719
03684
06153
00266
00265
03442
00616
00067
03273
02313
03919
03686
03555
00990
03387
03386
01633
12508
03088
02919
08602
03088
00324
00324
00325
13592
03570
05515
05837
07552
03218
02358
00384
02379
02946
02906
02926
02892
02886
02965
02890
02982
02878
02904
02961
02874
02895
02931
02954
02994
02933
02881
02988
02907
02876
03076
00939
02952
02948
03040
02879
00481
01028
01029
00449
00448
01857
06978
07282
05819
02529
03325
02520
02916
02887
01889
07304
03596
03761
01224
01950
00615
07267
02221
09131
07458
01738
00558
00973
00067
01710
01433
01790
01754
03773
00963
03272
01647
01647
07577
10805
02860
02959
03106
09983
00024
01644
09966
10563
03183
03688
07052
01069
13979
10947
04518
05712
00297
13590
01190
00955
00537
08355
08356
00274
13775
01273
00529
07749
00666
01053
00407
14218
14205
02004
02004
05799
01083
03767
06147
00951
03294
00020
00368
00564
00529
05973
11754
14221
14221
04091
00568
00329
00356
01760
03111
10778
11085
11003
01079
03719
00941
14162
00459
04085
01113
01447
00065
01259
00852
00141
14230
14230
14228
14225
14225
01992
03409
07343
06183
00652
07165
14220
14220
01983
13628
14219
03406
18335
07733
01759
13766
02483
01181
00821
07152
11189
00015
00799
14232
05847
03559
00121
01126
02014
08323
04755
14232
14229
11072
05989
03585
14236
00799
01077
14335
14222
14347
01205
14233
14228
14266
01187
03773
14233
14219
03574
02510
01934
14234
03566
00433
01179
14223
00970
14230
14230
00666
00344
00666
14219
00344
08234
00108
01209
00128
07052
02014
02488
02014
02843
14225
01011
00674
14229
12941
02304
02483
03088
03088
03088
14449
03418
09810
03293
14446
14448
01187
01187
14447
03307
01259
14232
01985
01985
02196
01092
01796
14235
14189
14231
00652
08995
01802
03500
14227
14227
14234
14233
14218
14218
14218
14237
14237
14224
14224
14226
14230
14237
15012
15011
02803
02804
01966
09017
01209
01524
07397
06603
03574
01537
00666
02529
14228
03457
00253
01978
13010
14219
01990
01051
14161
09810
01802
00839
01800
14234
14261
01239
14225
14228
01977
01977
01980
01980
14233
00799
14228
07506
13591
14266
01426
03574
14986
14987
14987
02083
09020
08691
01190
14266
07148
08641
01443
00525
01560
14727
07165
07165
00433
14266
14266
00799
02970
07245
04063
14998
07052
01487
07165
02554
05606
08139
02483
03566
02529
13642
01953
16013
00799
00799
00799
00799
00799
00799
16012
15011
12340
15383
03088
03297
11939
15727
15727
11748
08316
06977
01178
01467
15034
15012
12533
15725
15578
15371
15726
15268
15461
11159
15554
15532
15553
02067
03929
15555
03929
03929
03929
00220
11741
15256
09024
15738
01082
01834
15725
01120
01692
01692
01692
12535
12544
03560
15577
13006
02477
13245
00344
00459
00064
00249
00249
00666
00108
00020
01843
01426
01436
05499
02902
02533
03767
06147
06147
02051
15553
01992
15576
00128
11159
15861
00537
01185
15778
15268
07165
07165
07011
03929
15866
15977
15987
11004
15918
15977
12534
01198
01209
08679
15923
15977
02014
02014
02014
02014
02014
09018
02803
02804
16092
16088
16090
16088
02014
10716
10716
16087
16210
00064
16211
03294
16264
02014
02014
02014
02014
02014
10804
03699
01992
16171
16165
16047
01113
07323
01166
02066
18816
01990
01990
01990
01990
16872
02303
13485
02303
07091
00971
07323
11209
17247
11532
07323
04084
01992
01992
15894
17686
17662
17686
17675
17836
17837
17865
17836
12574
00254
18139
00481
14742
00433
17893
00433
17950
21430
19270
17850
18118
18299
18300
18298
18337
07046
18383
03446
00138
03462
18480
18587
18588
18642
18697
14266
18138
10747
05366
05366
21029
18833
18954
01971
16898
15726
19055
11189
03976
18979
03526
16899
03296
07746
19221
00798
08678
19092
01406
07062
04771
19267
02005
19302
01785
19355
19577
00992
00799
20461
15777
15777
19802
19837
20266
20326
20459
20531
20527
20542
20532
20534
20543
20533
20528
20529
20530
11529
07165
16554
21053
08968
13877
09806
03863
03862
09983
03892
11189
21420
21470
21645
10026
21564
15861
21822
21883
18336
21929
21929
19591
21883
21929
00424
03741
22067
14274
22185
22186
02257
19784