02057
02241
01990
02055
02052
02053
02054
00018
10040
18672
06147
21028
14228
14233
01426
14225
14218
03491
06147
01990
01990
14229
14228
14220
14220
14220
01628
10907
14234
14234
14236
14229
14229
14230
14224
14224
06518
01039
05989
02057
02010
14228
14228
07045
14260
01190
14230
10710
14224
10117
03574
14237
14237
14237
14219
10118
14225
14225
14232
05919
14219
00290
01420
01759
01182
02469
01992
02760
14228
14228
22278
02058
02057
14233
02056
06608
10119
14232
14228
14228
14225
14225
14225
03892
02057
02057
07052
03629
14218
14218
14218
14218
22278
02338
02470
01934
14223
14236
02304
14441
14221
14221
14230
14233
14219
14223
14223
14219
14234
14235
14237
14218
14234
14232
14237
14226
02057
02057
07216
03324
01487
14231
14231
14227
14227
14222
06926
01183
07078
01652
02909
02493
02835
02759
02760
02761
03695
06131
00655
14170
06923
00937
07106
00824
07088
01624
04564
01151
06872
06206
01733
01624
01915
04486
02759
02760
02761
03710
07335
00757
00978
01709
12452
01442
04751
00919
06387
01776
03484
06167
00690
03544
03101
06871
12257
00773
03210
01624
00918
09988
00384
05808
03070
02836
06209
00003
00928
02003
03481
01232
01921
01778
11358
00817
01462
01534
01915
01778
10206
01448
01956
01955
06334
01599
01770
01883
11145
03218
02669
06911
01921
06213
03657
06180
06959
06925
03789
00991
03565
01804
02103
04041
07095
07444
07095
07736
01752
01752
04486
02012
02011
02012
07043
07462
00600
00067
02003
02346
03696
04485
01007
01952
01953
03763
03216
03310
07718
02057
02057
02529
02044
02041
02042
02042
06200
02939
07010
04069
00656
07406
01752
01752
01448
07456
01443
02039
02036
02038
02037
02040
06283
00797
13747
10536
12251
00640
07461
11068
06180
01881
03569
03581
03823
00973
03800
00382
00648
02078
00645
09458
02160
02372
01961
00891
01924
09816
09817
02503
02563
06374
01874
03424
02528
04069
02343
09747
06187
03710
04042
00005
06411
06410
01714
01163
02990
02963
00848
04078
04077
03088
07727
10773
03594
00756
01265
01246
01914
07566
10773
01972
00940
01938
01491
11754
00528
00266
13652
02053
02529
02529
02761
02759
01223
01677
01678
00655
10441
06373
10974
03710
00615
00615
01810
10441
12111
02529
00615
07322
10539
10537
00134
00927
01803
02340
00948
03311
01893
00975
00975
06412
03340
02278
02283
12510
02654
02687
09761
04487
03151
07447
07082
08303
03584
01880
06881
02057
02057
07335
07240
00928
06956
14155
07007
00945
03527
04758
04758
04759
01232
00757
01886
00375
06408
01008
06901
00688
00926
01751
12527
01464
02019
03637
03639
07402
07141
03703
00075
06958
11184
02337
02529
00850
00041
01685
02529
03624
04567
02968
06012
06385
03596
03705
03687
04043
03686
07090
07240
00806
00198
07718
02217
07402
03284
00873
01586
02341
07056
04088
04087
06173
03088
00243
02647
09812
09811
03797
01620
03702
04759
07568
01926
03734
01755
00067
08323
02913
03073
02601
02867
02863
02864
02935
03704
07478
03628
15035
01266
01698
07053
03737
07138
01740
06131
02016
02015
02013
01812
02529
01625
00874
00874
00800
02355
07335
00757
01869
08384
08384
03438
03925
02057
02057
03657
07483
03382
03321
02012
02011
02012
02029
03437
01950
03308
03665
06024
05896
00926
03716
00865
02647
01338
01695
01939
06158
01926
01775
08602
06940
01591
00762
01588
01933
11175
01945
00789
02003
01338
09936
02283
02279
02654
06412
02016
02013
02015
02015
00847
01809
06333
01673
12267
03652
01494
01779
09936
08972
09768
07443
01868
09116
01462
07089
00283
03800
00382
02019
03704
09790
00891
03438
01686
01448
07335
06147
06306
01448
04651
10709
03710
03710
10709
09128
04031
04029
04031
04019
03735
03736
04026
04032
04023
04030
02759
02760
02761
07112
07112
00384
00605
02437
00282
03544
01358
03545
10542
11754
06379
03091
06403
06404
06405
06406
06407
05366
06207
01714
00215
01923
00764
01756
02189
05936
03394
02188
00602
02003
01890
01889
06901
07058
01738
01299
08303
09888
03551
03550
07502
03704
04083
03704
07718
02057
02346
02069
02068
02887
02916
02520
01868
07088
00826
00014
07150
01448
04654
04653
04656
01586
01887
07507
06167
02356
03786
07015
07738
02073
02072
02071
09117
02837
13038
03525
03091
03088
03091
07013
01182
06383
01873
03978
01338
07718
06042
02232
02227
02233
02445
03150
02445
02231
00768
02224
01091
02768
02769
02770
00574
06133
01689
01867
00297
03531
03589
00790
03588
01925
01000
02902
00820
06180
03101
01735
07137
07007
06409
07042
06438
02970
01872
06398
00880
01996
01995
01998
01997
01999
00057
08591
03977
00868
01783
06949
06941
03500
06973
00604
01462
04066
01929
01928
01938
03466
01647
01681
02016
02013
02015
07402
00965
07636
01273
02003
00609
00610
00876
06967
03086
01129
01091
01610
01449
01704
01703
00053
01653
03664
12573
03075
02444
03282
05739
14155
03092
06893
01839
01756
15580
15580
09903
02838
00806
00981
00099
11749
03763
01512
02470
02469
00133
03308
00761
15987
07718
10441
03621
02078
03685
03529
03110
01754
06871
07718
07707
07813
00942
03655
00876
00954
07124
02502
00765
00013
01693
01814
11755
02773
02774
05878
05879
08301
02888
02899
03979
07574
00969
09710
01356
09772
06997
01734
05837
03608
03609
03610
05515
03571
03570
03630
00791
03572
03555
06168
01223
00147
00931
05810
07460
03470
03100
02884
00554
02860
06960
02959
03106
01875
01358
13653
07718
02057
00899
08963
13922
01040
13954
05878
05879
01421
07391
04096
03168
03706
02967
02357
00859
07166
09157
00925
07040
02911
02529
06726
10441
03060
00995
06153
14233
14219
07718
13292
06942
07813
00266
09765
03575
03524
00611
00537
02056
02945
01233
07491
03406
10231
07001
03307
01992
09692
02794
02794
03079
14977
14540
02794
03324
14652
01524
00974
03491
03088
03086
03086
02794
03612
03614
03613
03617
02025
05833
05832
01989
04517
03856
07720
10118
02056
03784
01489
06147
06147
07090
03406
03475
02822
07720
10118
03698
01104
01835
01119
02371
00059
15986
03406
02778
02779
01788
09815
03711
10254
02564
02793
02795
03406
03406
03406
02025
01813
01629
00059
11041
07343
01489
01619
06889
01759
15986
02025
10439
10440
03488
02755
02756
02757
02795
06859
06859
03710
09988
01624
06158
00962
02956
11189
10440
01962
01963
02824
02025
01243
02025
00845
06147
02238
00700
03711
01006
07079
07386
03711
00088
03518
06023
09762
07667
02823
03406
02056
02005
01439
10439
02190
07052
02025
01191
01759
00616
01838
02428
01738
14155
01740
04564
00266
00528
03547
03654
07646
02897
02025
01222
01424
02744
02025
11189
01222
16962
16961
16963
09963
03768
01104
02025
00059
02004
11189
08483
03451
07729
08974
02653
00016
01885
01951
03701
06015
03798
01937
01999
01997
01998
01995
01996
11753
02834
02519
07742
02600
09748
01486
00077
02034
01686
04070
03798
01845
13542
01749
02492
00864
02440
11189
02529
07098
00027
10540
10439
07720
01572
01206
02025
07720
00046
01262
00046
04750
00274
08217
09705
03325
04488
04488
02004
00616
03294
02025
07213
03409
09155
05337
10254
10439
05989
08217
04652
00854
06971
10797
11189
10541
10540
02051
07258
07035
03499
01727
04655
03498
00882
03406
00548
11189
02755
02756
02757
03488
06281
06282
06147
07720
08978
10118
01439
07030
07048
00625
01785
07720
10440
10439
00845
07720
07706
03469
10112
10112
02025
07720
01759
00949
09138
06928
05833
05832
01989
00805
07658
02004
02005
03976
06201
03518
07258
01572
01571
02793
06971
06183
06179
03700
01258
02775
03499
03498
07584
02755
08217
02025
02056
01619
00852
10440
10439
02756
02757
03488
09787
06147
03615
00784
01409
07720
01560
03406
03518
02004
00854
06972
00284
07318
07491
14761
18581
14742
11051
03215
15582
15581
15581
03093
15583
15580
15583
05813
03885
03734
03182
03179
03186
02012
02011
07718
01091
15533
01647
07646
10984
10985
10986
03710
03710
03710
03798
00760
04075
06382
03530
15633
00286
03624
02996
02871
02879
03040
02986
02948
02952
02919
02518
01265
03076
02876
02907
02988
02881
02933
02994
15256
00132
02051
15629
02529
01438
10213
02057
02057
07335
00930
00620
09707
00145
01940
07001
00566
04487
06409
02018
02020
07219
04769
03723
01056
07137
03816
07560
01126
01126
00111
07507
00864
01486
03710
07173
07667
01548
01547
01546
00615
00615
01142
06391
06390
03387
00783
02237
09936
01491
07718
00031
02434
02007
02029
01465
09779
06306
07238
02114
02112
02115
02111
02113
02109
02110
02108
09816
09817
03744
01551
01628
08963
00899
00995
01876
01892
01207
01657
00766
01609
01817
01696
01695
03147
00878
00788
00941
02760
02761
10979
10711
00831
01652
01687
00052
03660
01338
02954
02931
02895
02874
02961
02904
02878
02982
02890
02965
02886
02892
02926
02906
02946
06969
00651
01972
06182
13530
01247
01687
02418
02417
02388
03413
02416
02557
02556
02385
02390
02389
02413
02412
02411
02654
07106
00759
13653
03413
04061
03407
03408
03412
02398
02396
02397
13626
03563
02422
02407
03415
03411
03410
02392
02392
02405
02400
02401
02421
02420
02419
07667
02410
02409
02408
02387
03271
01790
03273
02406
01815
00262
03523
03426
04072
03501
03495
03650
03217
15738
06412
02654
02279
02283
00794
00793
11752
05847
01649
02529
00705
09807
03100
01808
01736
11927
08297
03521
03522
02182
03521
03522
05592
02034
00789
03310
00790
02114
02112
02115
02111
02113
02109
02110
02108
04030
04024
04029
04031
07106
02358
02355
02992
02950
03046
03043
04564
03271
03273
01790
10547
10548
10546
03308
01667
10543
01955
03431
08600
01734
02529
01012
03556
03657
07507
03337
03335
03336
03338
00140
01624
02435
02818
02819
01866
08681
06215
01232
01626
06153
03648
02500
02501
06969
07053
01486
03439
03088
02012
02529
07407
01007
00432
00849
07139
07282
04079
06287
09775
06950
00703
07699
06399
03631
03402
08998
03536
02914
00858
06442
01662
13789
03602
03601
03625
06989
06397
06396
06395
06394
06393
06392
03671
05845
05846
01854
10440
09963
07031
07720
10439
12992
09153
05350
02025
03386
11072
10439
03442
00700
07404
07126
08299
02033
00882
02798
02798
02799
02800
01784
11071
11069
03406
04763
02035
00010
01226
03486
07079
01515
07025
00939
03325
01488
01222
03299
03491
00058
01992
00567
02025
09749
00575
05814
07031
03406
09680
06346
15669
02795
10439
10440
10439
03406
01537
03783
02050
02049
02795
02119
02123
02124
02122
02117
02118
02120
02010
01222
05815
03406
00805
02051
02049
02050
02010
07720
02025
00666
03499
03499
03498
01192
02025
03177
02049
02050
06864
09121
06898
02033
02035
02342
03406
07533
01619
07032
02499
00852
01439
02056
00852
03406
04488
02025
04477
01835
02025
09825
03475
02822
03386
02433
02009
09815
03711
15582
06384
00567
06196
15583
15580
15580
15581
15582
10823
07260
10947
15973
03320
00248
18330
10117
17828
10041
07491
07491
07491
20038
10039
02029
02030
10040
02028
21449
01983
10710
10708
01270
18430
02017
03299
03699
03699
16511
10710
02769
13479
04759
04759
01978
01223
01223
00087
10823
02172
18349
16785
18350
02027
16786
02011
02055
16787
10118
16785
10119
10118
10118
17074
16789
10117
11050
10823
10117
10119
10118
10117
02025
10119
10119
10118
10119
10119
10118
10117
10119
10117
04027
16899
16898
06016
02006
02008
02030
02803
02804
11991
16923
01985
01985
01985
01985
01985
01985
16786
16787
02054
11070
17318
17319
17319
01977
01977
01977
01977
01977
01977
02030
10440
10441
10441
01992
01992
01990
01992
02028
00040
00951
02028
02029
17320
17320
17076
17073
02010
14224
05601
01990
01990
01990
01990
01990
01990
01980
01980
01980
01980
01980
01980
10112
07271
07576
02027
02027
01992
01992
01992
01992
10117
10119
05601
17686
07979
17758
17759
11928
01658
02026
02026
02026
02026
02026
02026
02026
02768
02026
02026
02026
02026
02026
02026
02026
02026
02026
02026
02026
02026
02026
02026
02026
17836
02027
02027
02027
02027
02313
01119
06381
00688
01870
00763
01267
07979
00661
01739
19540
17836
12574
02027
02027
02027
02027
02027
02027
02027
02027
02027
02027
02027
02027
02027
02027
02027
17734
02171
18220
03605
02809
02810
02770
07045
07814
02058
02058
07003
02538
05799
05799
03719
02794
02794
00058
18231
18331
18350
07816
04079
03406
10112
06306
01785
07720
07718
03581
07718
07720
04758
06306
07720
02027
00757
02056
00757
02004
03310
01358
06333
02755
02756
02757
03406
07718
07720
03406
02744
05919
03406
01448
03545
01537
06901
06306
04758
07720
11189
02529
10254
10823
02798
02799
02800
10117
03406
03710
03710
06173
02759
02283
02279
06412
06147
02056
07335
07126
00382
02478
01551
09968
03710
03710
03406
07720
03701
09963
03491
01439
10540
07507
01689
02058
02056
07783
10117
07718
07720
08217
07718
01232
01443
00948
06158
07720
07718
10117
07718
07718
02755
02756
02757
01791
17992
18332
07800
18475
03742
18471
18581
11189
02116
02477
02477
00702
18707
18640
18682
01992
19506
19506
04844
06147
03790
00662
03111
03496
03497
07171
07171
07171
03205
13677
03502
03169
09797
09693
01990
01971
18349
03205
18968
03205
03497
03497
03496
03169
03205
03496
03497
03496
18888
01971
18887
03169
01872
07484
07484
07484
07484
19055
02315
04028
04028
04028
07483
07483
07483
05396
03526
07816
07816
19002
19221
06378
19221
00798
01710
01668
19225
19267
19285
03722
03722
19271
01567
19411
19310
00020
19350
19271
01215
04771
19310
19309
19405
19302
19350
19265
01066
19510
19507
19508
19509
19510
19504
19504
19505
19509
19504
19510
19509
19508
07216
07216
07216
03483
19506
19510
00525
02796
02796
01258
20444
15777
03616
19802
19814
21672
19955
19956
19955
11751
05770
05770
12132
20074
20037
02777
02790
02791
21636
21636
21636
00526
20444
20534
20534
20885
02790
02791
02790
02791
02790
02791
01214
21071
00821
21071
20903
00287
03546
00558
06223
06223
02335
02315
06907
06908
06903
02314
03553
06223
01493
03546
04068
06217
00857
06909
01520
02316
06223
02031
07258
07258
07258
00633
07258
03741
21472
05364
21471
21467
21472
21471
03741
21562
10914
21993
21903
05592
22129
22010
01463
03595
03547
22024
09022
22132
03892
07456
03077
01585
22405
22431
22432
22430
00590
22477