17828
00065
01458
01739
05603
00091
11069
11070
00034
16087
09065
01436
01301
02035
01992
08940
15232
07496
06415
01066
04771
00632
01897
01897
00666
00666
04034
07445
07445
03307
16329
15726
15726
07319
06883
00208
01885
01738
00688
01737
09167
08981
02348
03296
09022
08944
00146
04035
01990
01990
01990
07318
07496
07496
07496
07496
02058
02871
02884
02056
02035
00344
07496
07496
04749
06867
01715
07537
00340
03885
02277
14468
14469
02031
09691
07025
01710
09786
07738
02669
02913
00163
01693
00864
03522
03521
03179
00762
03748
03625
00794
01627
01082
00600
01808
03750
04094
07114
07443
01620
02355
03088
01255
03215
00901
02841
02503
14605
06966
00059
07052
00655
00851
00845
00886
02291
13038
02446
03701
03660
07107
01756
03801
03313
00343
00342
00339
00337
00333
00332
13775
00943
00640
00457
01975
09794
02500
11780
03665
07277
06142
01262
00995
03581
02456
13832
03789
01737
00809
01585
12339
03386
00784
00720
12454
12454
00721
01754
00859
00525
00526
01817
09690
01681
00772
06937
06891
01647
00951
09949
03771
02956
00962
05788
03072
03074
03832
03562
03559
03559
02945
01042
01867
02004
00343
10960
08226
01745
02433
04751
03320
03667
13787
09000
09127
09808
02793
11189
08483
07456
02233
01918
01579
02823
02316
00464
07107
06937
02114
01095
07192
06204
06997
03783
03153
07335
01669
03797
07114
03110
05366
03821
06133
02668
06158
02013
02015
02016
07225
00341
00340
00339
01817
00790
03088
02335
00812
00912
03529
08296
04518
01698
06898
06215
02469
00812
03932
07042
06207
00566
07098
03700
03575
01589
00705
01997
00979
08641
07305
02669
01880
00406
06942
07089
03088
03100
00214
02963
00873
04083
03092
06861
03657
02434
00452
01890
09888
07313
03530
07027
01951
07102
00406
08681
01803
08884
00872
03437
02835
06941
00303
00820
01338
03798
13993
03596
00925
00978
01709
01790
01784
06864
00261
06925
01092
01724
06955
01881
02501
00991
03602
00074
01962
01736
07058
02887
02916
02520
01868
00016
07151
05350
01999
00989
01491
03789
00088
09478
01921
00677
00330
00331
00332
00333
00334
00941
05810
02372
02536
06142
01297
01304
00029
07399
01586
06153
08309
01784
02112
02527
02356
13599
03216
02535
03088
06990
07491
07075
00003
00788
03319
11381
01814
03593
01126
09121
01507
03781
00793
07075
03980
01938
01887
01154
01153
03427
01154
01153
07075
03427
02836
03466
00134
02356
01524
01673
07086
01495
01893
07259
03568
01872
03671
03545
01358
03544
01338
03978
03628
00703
10217
07071
02667
03553
09127
09000
01775
03438
08384
00099
00645
02669
07240
06213
00826
01915
01425
03525
01424
03495
01956
09778
00013
03118
03117
00384
03225
02418
03226
02420
01809
00763
02421
04758
04758
04759
12251
10536
00147
00626
01782
02657
00681
00681
01849
01735
01126
02039
07658
07636
02669
00609
02825
01892
03455
03392
00228
09835
01952
00767
02338
06969
02182
01489
00655
10026
01061
03111
04763
03496
08999
03631
02517
03926
02340
01754
00615
13810
00033
00036
01057
03684
03524
09767
02536
02003
02004
00791
00486
08884
06173
00806
00283
02057
01873
02293
12960
01969
01791
00024
06991
02259
06991
03305
06889
01895
13622
13623
01876
03694
00453
07075
04719
07395
02291
15383
03652
03431
04042
03306
02358
03073
02601
02867
02863
02864
02935
03043
03046
00865
00823
07010
11752
09922
07004
07004
00765
01869
11337
11335
02666
02664
02663
02662
14441
09774
01207
08963
03273
00335
01874
06187
09747
01338
09930
01494
01465
02078
09458
00074
09457
08591
01740
00641
02954
02909
03403
02492
04037
11336
03270
07117
02314
13687
04748
00965
01419
03594
03723
01945
02653
02652
02453
02456
02456
03101
07007
03979
02899
02888
01749
01760
09791
06167
03149
03154
06958
00338
04487
01733
02034
02669
00945
04564
03152
10773
03147
03637
00575
03183
00602
02654
01889
07566
11753
01963
11754
03833
04567
03088
03116
00963
00831
02076
09950
01845
03556
01866
03428
06876
00058
03664
03564
01673
03624
03924
07147
01354
06217
00748
07119
03584
03969
01142
02343
00826
01476
01556
00975
03558
04485
07568
07263
00432
03977
02057
00166
00981
03924
00382
01711
02377
03501
03496
03497
01952
01595
00833
07164
03086
02428
00338
00606
06131
08218
08309
13789
02641
01937
06894
03885
02405
01991
03831
15342
06223
00940
01902
08676
10563
00796
09710
00969
03733
00652
02004
02004
01870
01679
00858
02315
03722
03655
01778
03551
03797
06168
00891
01091
01848
07460
11175
03294
01256
06013
13770
07516
01619
02160
03040
02895
02892
02946
02355
02992
02950
11072
02492
01462
08223
13963
02004
07082
00604
03230
01695
06920
06045
03527
04040
02016
03530
01950
07407
03223
00008
00261
00273
03527
01436
09810
07496
07013
02032
03168
07560
03651
11755
01953
11434
02231
01712
01468
04039
04038
03550
03797
00252
03702
04744
04077
04078
09458
07315
06379
00928
01012
06442
03701
07304
00626
07736
03703
09800
03088
00684
00030
03222
01104
09137
07640
07662
01772
09014
09013
09015
11717
04488
08307
02902
10806
07391
00927
03629
07090
06915
02341
00167
00658
14652
11334
00809
08301
05837
05515
03571
03570
03569
01255
03798
04075
03655
03088
03705
03687
04043
03686
02003
10804
03650
09690
09691
03271
00931
01061
05896
06024
06178
00548
01588
03770
01448
03572
04066
12574
00067
00768
01933
09117
02227
04720
02014
02016
02015
02013
02232
00661
02015
02115
02111
02113
02109
02109
07107
00648
01006
01952
02939
02990
01056
02897
00948
00919
13292
13953
00057
01770
00857
00133
05946
01790
00973
07019
01939
01007
01658
01657
03856
02843
06978
00759
01512
01008
03088
01998
03294
03402
01940
01755
01935
01259
06381
03564
00336
05873
03695
13993
03687
06885
03621
03564
02033
00240
00239
00241
01875
01848
00760
07462
00789
01251
02003
02005
00942
13498
01262
00337
03470
03182
02528
07114
03088
03635
03636
09761
02057
03975
02238
02652
02669
02653
02056
12733
02470
03186
03177
00145
00930
01784
03818
02276
02274
02275
07152
00185
03500
00720
09966
13671
00648
09844
06980
03405
07160
03316
11071
03797
02040
02037
02038
02036
01625
00764
02834
02519
02600
09748
02849
02014
02635
06287
01515
06915
11333
02337
02108
02110
03327
01563
02004
02003
01710
02687
00384
00950
02435
13598
03547
03546
06041
00012
01903
03406
02502
03579
03555
02558
07259
04040
02230
02016
02224
03821
07075
01555
02401
03296
00817
00282
02437
00605
03531
03590
03589
00075
01924
02563
03588
01925
01000
01929
01928
03595
03787
08884
07180
00800
00954
06885
01626
07056
07814
04773
03634
07099
03601
01409
07588
01776
00451
00783
01923
00995
02065
02066
01955
03284
07507
06199
06048
03592
06223
05845
05846
05847
01696
00175
00174
00021
03685
01784
00766
15342
07141
00849
02493
01858
03820
01883
01610
09781
09936
05365
02057
00077
06888
11749
02914
03536
03217
06346
02003
03634
03771
03405
00788
01784
03469
00500
00412
03886
01113
03070
02970
00756
01434
03218
01322
00655
07031
00943
03666
02499
04096
03282
03885
07018
00331
00330
00554
02860
06960
02959
03106
07001
01278
09697
09696
05606
03769
11731
00845
04043
03686
13640
00031
03696
01591
08307
00625
00603
04047
09825
02968
05808
04564
13051
03639
02016
02004
15257
00286
06203
02902
03710
03325
06015
07303
07302
06180
03424
05807
01783
11085
07058
06223
01972
15067
01669
02838
09903
02357
02967
02996
05794
03210
00773
07124
03404
03644
12410
01613
01689
02004
06966
01995
01996
01599
11085
01178
00666
00525
13015
15725
02342
01768
00384
00928
04093
00568
08884
08884
03100
03711
03704
03088
06173
06180
03768
03075
13525
03574
01173
07213
03741
01090
01090
01802
07447
07496
07496
07496
07496
06919
06381
07277
07001
07013
07075
07075
07114
09164
09763
14218
14225
01692
15727
02313
07130
00655
03060
00008
05830
00249
00284
15866
07012
15987
15977
03224
16091
16087
10716
14232
14230
11645
01992
16211
08941
14221
00850
07317
15727
14233
14218
07012
07448
02067
04757
02851
01719
14237
01834
14226
16881
14231
14223
01985
00184
17103
01977
14236
14222
14232
14228
14218
14234
14225
14219
14234
14228
14219
14228
14234
17247
14237
14220
04084
14232
17686
01980
14229
14233
14233
14219
17758
17759
14227
14229
14225
14235
04757
14230
14230
14224
14233
14219
14237
14228
14228
14224
14223
17836
14219
11784
18285
11785
11783
11782
03742
19076
07172
12132
18979
03526
16149
08151
19141
19142
19141
19221
19131
19131
19136
09951
07061
09951
00571
08678
19090
07012
19132
19132
00590
00571
00571
19142
19075
19221
19302
11991
19416
20757
06881
07315
19710
20534
08744
00547
00297
19802
14731
08884
20074
12132
12132
12132
12132
12132
12132
12132
12132
20810
20074
20444
18890
18889
21058
12988
14652
02293
02293
12132
21071
12132
12132
12132
12132
04771
04771
04771
03497
03497
03086
03086
04749
04749
02358
03696
21029
06223
03496
03496
04763
02004
19131
19076
07171
06919
07496
07496
03429
00943
18912
01918
01902
00059
01657
00128
03821
00341
00342
02636
07263
07263
07263
16554
21029
07496
07496
07496
07496
07496
07496
06351
00441
21636
21147
21420
21575
21929
21929
22136
00754
01463
22187
22205
02257
01551
01551
00590
00590
00590
22491
00275