02428
14219
14219
01992
01992
01992
01992
14218
14235
11601
11602
14218
14228
14228
14234
14234
14229
14224
14221
14221
14231
14219
14219
14230
14230
14220
14237
14237
14237
14223
14223
14236
01066
01239
18230
19267
11603
14237
14223
14228
16013
16012
14228
14228
14234
14225
14229
14229
14232
14232
14222
14224
14224
14224
02363
06177
14234
01834
15733
05602
14218
14218
14228
14225
14219
14226
14232
14230
14233
15521
15526
15551
03929
14233
14233
14233
12510
01897
11741
00459
15525
15520
14225
14225
14225
14227
14233
14225
01840
01840
00392
03727
13571
13570
02056
06147
06147
01488
07258
14339
00616
00088
01409
01243
03635
00939
09764
02074
02077
06902
01372
03932
14162
00721
02348
14949
13640
01011
04091
02035
02348
10215
01489
00758
06147
13671
03929
02004
01077
02035
02033
00803
04518
03647
01854
04750
14136
12428
12437
06860
01596
01782
00626
01104
01104
01814
01817
01092
01496
09167
08981
01104
04063
03307
01515
04763
00547
01507
07077
13787
03647
02274
00626
00869
01597
00938
01823
00135
06994
02004
09684
07250
00135
00626
00135
13953
00135
09684
01011
00004
06147
03711
03333
00101
03153
03889
03890
03891
02342
13668
00845
13671
02342
07669
06889
07397
00033
09009
03436
00882
07504
09118
07177
07654
07670
02025
01966
11263
10843
01692
02074
02077
02004
05522
03709
02428
08974
00700
12942
00666
07054
07120
01092
03087
02755
02756
03709
01784
01537
02757
13953
00059
00626
02351
07245
05794
03177
00045
02238
01934
08372
07030
01885
02342
07182
00219
07393
02433
02342
00567
01641
07214
06994
00626
03316
00666
11263
02035
07503
01616
03593
02033
04093
01011
11263
03783
01439
00101
01958
02619
00674
09146
00851
09762
00380
03768
02035
08256
10254
07305
03386
03649
02446
08483
03436
11189
03743
01679
03469
00867
12503
02303
02049
02050
00854
10563
00058
00059
01692
13527
07442
01523
06910
00666
04488
01002
18926
02049
02050
01470
11071
11069
00805
12583
12949
02351
07245
11263
08167
01466
00135
02049
02050
02051
07776
07768
00851
03299
07250
09684
00135
00852
00970
11072
03718
01113
06877
05565
05568
05570
02342
07009
06988
01885
06994
04517
07729
00059
02549
00508
06196
01619
00241
00232
07304
04788
00016
13686
11387
07386
03325
00626
01580
01262
01719
01923
01354
11103
01952
01952
01952
01933
06980
02040
02037
02038
02036
02039
09773
01007
13950
06997
03075
01595
01803
00927
00134
06958
03703
00794
14652
00793
11752
01783
03500
00604
01462
04066
00789
13038
03060
00942
01591
01955
01956
01465
00609
02825
03625
02356
03786
01736
02654
00014
07082
07447
01872
07478
01876
02168
01892
00759
03074
03072
03210
03551
03550
01159
08681
10805
06215
00995
01868
07156
00231
01599
03684
01662
04761
04756
03578
07738
01356
03665
01778
00791
06168
10008
10005
10006
10007
03565
03523
00995
00116
03762
09384
03724
00375
15372
03100
02884
06959
00554
02860
00262
02959
03106
03320
03110
03529
01512
03685
07040
00954
00052
07243
07224
00053
01653
01652
01687
02112
02115
02111
02113
02109
02110
02108
02493
02835
03628
00872
09781
09858
00640
01738
00790
06888
01744
00765
06153
01681
07166
09157
06443
11717
09013
09015
09014
02259
00615
00036
01057
14161
01951
03088
04077
04078
00820
03431
02996
02871
03466
06173
02879
02988
02881
02933
00764
02016
02379
03637
03750
03750
02018
02020
03639
02575
00362
03040
02986
02948
02952
02518
01265
03076
02876
02907
01575
07058
07223
00012
14260
04043
03687
03686
03695
07778
07693
00281
00605
02437
00762
01624
01939
08289
07146
00528
00390
00957
07090
13788
00925
07552
06131
01142
01462
02313
02338
03629
02470
15552
02469
11939
15977
05520
08987
04047
00496
02013
02003
03652
02034
00111
13821
00426
00425
03762
01875
07006
02016
02016
02016
02015
02013
11068
08224
03439
01915
00982
02015
00286
05548
02000
02001
02002
01207
00782
00640
01494
00297
03925
03438
03587
01928
03758
01142
02015
02016
02013
02501
02500
01657
01609
01696
01695
00873
00549
13993
01866
00965
00849
06442
00858
03631
01937
05896
06024
06178
00945
03977
06048
04077
07259
03798
01495
00796
01633
00950
00878
03885
00574
03975
07101
00077
00868
00641
00574
01669
02919
02217
07075
02016
03800
03654
01808
00156
03688
01126
03545
01358
01358
00449
01029
01433
03544
00024
01873
03704
02003
00005
02340
08177
00161
00162
00627
00382
00252
02968
01246
03919
03596
03655
06911
00140
15372
02073
09164
05782
07010
03320
03320
03300
00074
14155
01284
03705
03686
09761
07042
03584
00806
01880
01129
00163
01012
07164
00606
02013
07090
03149
03154
00788
03824
13979
01915
03644
03801
00658
01255
00826
00768
01953
02275
00766
00655
01626
01929
01000
01925
03588
02563
01924
03589
03531
05810
09772
02221
01870
11738
02346
03101
06180
05786
03517
00767
02337
04762
00013
00817
01693
01689
03723
02029
01425
07507
00052
02945
00859
03702
03701
02520
02916
02887
03437
01889
01890
00145
00620
00930
00611
03402
01940
01755
07056
15977
03790
03750
00963
03282
02911
02909
02902
00833
01935
02553
03070
00941
00788
02768
02769
02770
05520
00943
01251
01809
00067
01588
01589
03524
00549
00549
14267
01738
07160
03704
06901
00831
01647
00299
14393
01772
03724
02003
01810
00703
00975
02836
09812
09811
03664
03449
00074
01733
01079
00763
06891
01776
00989
03564
08972
02013
02015
02015
02016
02016
00886
03086
07560
13288
07124
14445
07107
07090
06886
01256
03466
01714
00215
00962
02956
11753
02834
02519
07742
02600
09748
01881
09861
02016
03310
01265
00099
06941
00981
02838
09903
02357
02967
03733
04096
07391
07460
03470
11754
06966
00940
02888
02899
02016
03979
00931
00147
00969
09710
03655
03648
00946
01921
00057
01704
01703
02361
06975
00865
03701
05596
06895
00325
00324
02434
03453
02435
01754
01972
00566
04487
03522
03521
02013
05838
02114
00074
00003
01586
01887
05592
00134
03284
03117
03088
03975
01193
00563
01255
06966
06207
06942
03308
03601
03602
03701
03823
07175
15866
08281
00600
03624
02016
03116
03118
03117
00021
07006
01421
01421
03147
01524
04042
00948
02897
01056
01056
02837
02361
00216
03811
00479
01752
00919
02528
03424
01874
02913
02954
02963
07088
01029
01028
01644
01969
00602
11175
02034
03657
07043
03657
03657
03088
00800
06949
03782
03070
06287
00864
00761
03303
01756
01720
02935
02864
02863
02867
02601
03073
03183
02551
02016
02015
02341
03322
11533
09975
06187
00817
00574
03579
07093
01477
07071
01421
13542
01749
02492
00286
01524
01579
05548
07154
06996
00266
01869
14347
03655
02016
03168
07118
03704
02283
10773
05567
05571
03781
03088
00133
00928
02016
02016
01649
00997
09747
02343
01950
02016
02013
02015
02015
02016
07140
00773
13481
13482
07402
12410
03190
03189
03188
01428
01430
02015
02016
02013
06188
00275
03924
07127
01661
03306
01911
02548
00973
01790
07399
02016
01845
01698
00075
00240
00239
01638
01637
00382
02013
02015
02015
02016
02016
02016
02016
03217
02361
11065
01126
04564
00574
05349
00432
12508
09456
06199
06199
02939
02990
01858
03980
03088
00384
01448
03501
03217
08998
03536
02914
02302
02931
02895
02874
02015
02015
02013
03449
02961
02904
02878
02982
02890
02965
02886
02892
02926
02906
02946
01918
01579
13771
05916
04567
03696
03575
01673
04485
07736
01883
08369
03218
01087
00697
03823
03313
01945
03777
06213
03820
07113
03118
03116
02057
07058
01448
01867
01142
00031
01740
00641
02045
02047
02046
02048
01491
03216
02073
02071
02072
00363
02358
02355
02992
02950
03046
03043
03777
03777
07304
05342
16164
10716
01897
11735
03298
01977
01977
01977
01977
01977
01977
11070
07339
11735
16235
16301
16264
03321
16653
16783
03457
02484
01985
01985
01985
01985
01985
01985
16784
02075
16652
16647
16650
16649
02851
16648
15598
15599
02030
02030
11991
06016
01485
01426
00966
16785
16870
16923
08316
03417
16786
16787
16840
16840
01980
01980
01980
01980
01980
01980
00004
02058
15581
01992
01990
01990
01664
02028
00265
00951
00265
01897
00652
15580
15582
10831
01990
01990
01990
01990
01990
01990
17686
17686
03671
10112
01739
11928
14337
02026
03767
00661
00128
03098
12574
02027
01187
00254
01487
08221
18118
17883
10531
02031
02032
02031
02032
00956
03343
07222
07222
00104
00104
00130
01267
21480
18232
18118
21687
21688
02016
03100
02274
02016
02015
05838
16710
03596
09791
14260
01082
02069
02338
02016
03762
01055
01028
01055
11735
03929
00153
02078
00389
02276
02004
02016
06994
01990
02274
01448
03707
03088
03088
09384
03310
16301
02016
01738
01372
00012
02013
02013
00851
01772
01744
02168
02168
02016
11939
01779
02016
02016
02016
04564
03217
07483
07483
07483
07483
07483
00088
03466
02994
19302
00138
02483
16237
18457
18455
03574
06221
18701
18697
07483
16841
01992
06218
18917
18955
18955
01971
18955
18955
06147
18929
18928
18320
03496
03111
04565
03111
03111
03497
03496
07483
07029
03976
03976
02075
01659
10563
01710
00135
01239
22468
12349
19265
03722
01992
07497
12952
01785
12954
06867
02476
01429
19577
19577
19710
07119
09681
13775
06048
20034
09796
09796
12132
12132
12132
20074
01436
07027
06994
20470
01214
20814
21071
01768
00821
21147
00529
03791
00525
00560
06191
06217
02316
01520
03465
01520
06191
00526
03465
00287
03553
07465
00558
02314
00525
02335
05375
21147
00249
00526
00526
00249
13829
03293
21473
05364
21471
21401
21481
07334
18828
21498
10914
21600
00863
21685
21832
21885
21962
22044
00301
01816
03595
22107
00467
01046
17758
17759
22303
22306
02257
22311
22343
22342
22342
02226
22297
22344
22344
22343
22476
00728
22468
08300
08301
07566