00121
11720
00602
00966
08225
08972
03273
11085
01873
03546
01961
05516
01358
03497
01358
01784
00703
00703
08300
08304
08309
07304
03498
11753
00262
03496
12251
06168
09969
12574
02909
01788
01704
09691
03570
03569
03685
07657
07636
06178
01890
00640
01962
01495
06966
02227
09136
02044
00700
01652
08994
03635
01778
02435
00027
06160
07507
06915
07058
05936
07124
07006
01425
00937
01591
01783
07393
04079
01007
06442
01623
01624
02428
00826
02437
00605
01724
04068
03979
00688
01878
09807
00031
00796
07015
09780
09705
00925
08884
01595
02707
02549
01911
00763
00969
00325
00324
00324
09958
02426
02217
09932
08998
04047
03701
01953
00847
02006
02008
02007
05367
00259
07313
01304
09792
01921
02259
02275
02039
03703
04567
01868
06915
00239
02471
03797
00033
02290
02290
03924
06207
06024
03090
08994
02902
01928
07560
00845
06158
01247
02888
02899
06969
01872
01425
02016
00555
05575
02834
03561
03559
01687
02335
02071
01866
02704
01951
03787
03639
02639
03168
00766
00705
02837
02639
02658
02659
03306
01633
01698
06923
01711
02274
02276
08218
03273
07395
08884
06181
06997
01356
00611
06901
00275
00688
09458
01892
03608
03609
03610
02563
00053
02970
00566
03060
01881
01736
10773
02469
06969
03431
05515
01935
00873
09767
06888
00946
02716
04652
08973
03046
03046
03043
03424
02968
02160
01775
03500
07259
02231
08479
07315
01338
02946
02358
03325
00134
02040
01972
02356
01924
00075
09747
02963
02913
03750
03799
01462
07106
01159
00773
07300
07391
03596
09973
11329
02970
01703
07089
05810
00930
06894
03637
07462
03470
04083
03631
01776
00800
06042
00240
06042
07088
02906
02926
11145
01956
07010
01915
03671
01999
03185
06871
00849
00978
00981
02710
09748
02600
07742
02519
03684
03629
03189
03188
03187
01428
01429
01430
03190
01007
03564
07399
03657
09967
09967
07001
06206
03495
00817
03110
03284
04077
06885
03797
02637
03527
02040
02037
02038
06999
08641
01658
00901
07042
01923
07277
07004
02016
02014
02016
02014
00145
00845
00067
03282
00790
00794
00052
02654
07393
10536
06898
03593
07478
02690
02232
07456
01755
08296
02047
02046
02048
06217
02970
06960
02959
00057
07028
02500
03183
02469
03654
04758
04759
02892
02886
02965
02890
02982
02878
02904
02961
02874
02895
02931
02994
02933
02881
02988
02876
03076
00939
02518
02919
02952
02948
03040
02879
06173
02871
02996
00507
03455
03499
01920
03676
07727
03100
03116
03802
00554
05575
05577
03664
09800
00995
00457
03207
07056
07460
00872
03498
00013
07240
07240
02548
02552
03705
00162
03072
03074
05895
03564
04077
04078
01929
02003
06883
08289
09984
02836
01589
03744
00978
01790
03606
06920
01737
01883
03702
05575
05577
02013
03559
03561
08884
02342
00507
04763
02230
09812
09811
07217
07037
04043
02293
02291
02003
03101
09691
09690
03281
07305
00088
03671
06966
01756
03270
01627
00979
06041
02357
02967
01867
00855
02692
03798
10255
06169
00003
06942
00962
00558
01625
00208
05837
01443
04042
00389
00826
03530
02015
02015
02014
02016
01414
03218
00820
03312
06910
01588
01790
00067
00973
00147
03926
02234
01512
02337
02221
00761
01733
03625
01845
01714
00133
03545
03544
03737
00226
03644
06911
01057
01652
00135
06962
01953
05516
03695
07001
02703
00791
02470
06872
08999
00793
07443
00655
09972
03928
01251
01599
00855
07305
00876
09118
03778
01679
00014
04564
01869
03802
02639
06883
05808
03801
04488
05592
00767
01814
00648
03621
03551
09763
09774
06861
07447
07082
07015
00788
03154
03182
02897
01939
01462
02433
02036
11177
11755
10680
02708
01083
10680
05371
12573
02287
01297
01425
00284
00274
11752
03795
03496
07171
12454
00228
07259
07027
03711
03711
03711
03711
01980
01980
06889
13292
01654
00748
05595
05946
07304
03574
06889
01491
04518
02635
13051
14652
06871
01710
11950
11951
11952
00595
11953
11954
11957
11955
11956
11717
02303
04487
11959
11960
11961
11962
03524
04487
02191
11781
01243
03636
04487
00646
01358
03386
11777
11780
03496
03496
01835
00748
11958
00568
02585
02588
02586
02591
02597
02593
00278
02939
02314
05982
08591
02066
02313
02338
01915
06971
00950
01669
01951
02188
01725
02003
03529
01649
08481
08482
02687
08226
03595
02884
02520
00134
06873
02343
01737
06199
04066
00919
00991
01937
02040
02040
06890
04047
02634
02660
03118
02434
00286
03786
03547
02916
02887
02221
02108
02110
02109
02109
02113
02111
02115
02703
01465
03564
03657
03086
00858
00384
09825
07217
03428
00720
03856
02956
04096
05577
05575
07071
02691
02662
02699
07120
07568
01945
03630
07300
00059
03828
02355
02992
02950
08884
01999
01999
01653
01448
07101
03686
01817
01810
06883
03722
02647
09001
00927
01876
03405
09775
01619
03584
00161
02536
03824
00762
04656
04653
04654
04655
04651
01695
01262
02825
03111
09772
03885
03523
01012
01265
02669
01952
03977
02355
03149
03088
03179
01507
04564
03100
01465
10960
01647
05580
05578
00931
03553
01955
01885
01952
01682
00600
02990
00759
02316
01448
03723
02035
00688
03216
01915
01940
00873
03798
06883
00851
03980
07000
03783
03592
03652
08884
01925
00560
02536
00677
00943
02341
03820
02835
02986
02709
03116
01056
00772
00891
03186
00116
06871
02945
03526
03797
00384
03650
03070
04039
01887
03439
06886
03572
05896
06223
02003
03564
03787
09121
07019
10697
02487
06596
02660
02659
02658
03587
03438
01092
01092
01657
06991
06941
01711
02377
03581
03924
02705
02706
07566
02020
01915
00641
07040
06346
03217
03536
02914
06915
03437
00382
01609
06381
00784
02641
02045
07098
03192
07093
07086
06160
00720
09793
02033
00989
00798
01494
01997
03969
09936
06197
03499
03147
09125
01933
00860
11325
01803
02687
11473
11472
08972
03799
05579
03546
05567
05566
06153
01735
03752
01895
00684
01000
00822
02502
02639
00873
03568
00940
06925
03501
02935
02864
02863
02867
02601
03073
03455
03106
03525
00097
02945
07738
05846
01433
08302
03075
01915
01995
01996
02049
02050
02051
03088
01754
03168
00059
03665
08680
06891
02233
05582
01602
01601
07140
00036
00616
03841
09015
09013
09014
02026
09919
06045
01823
01952
00764
03798
00005
01673
02065
02067
03555
08963
01809
09928
04075
00859
01893
08303
00609
01255
06940
03474
02049
02050
08884
09710
01738
00366
03655
00937
03695
01879
01142
00507
01772
03657
03592
02658
02660
03644
06208
04773
03568
09780
00975
07315
07462
09903
02838
06180
01875
07322
09971
09970
02690
02689
01661
01993
03550
02340
00507
07190
02587
02596
02595
02639
06949
03686
04043
03687
02652
02669
02653
00806
01586
03789
03696
00147
01626
02034
01696
01007
01448
07390
03589
03531
00948
03800
02535
02372
00677
02078
09458
00615
08903
03638
03797
00616
05350
06445
01154
01153
04763
07090
01738
07240
00641
01740
07112
00390
01673
07507
01870
03602
03601
03412
03412
01153
01154
03427
03671
08884
01772
07769
01673
01889
00954
02954
03469
06864
02034
07243
03594
00390
07259
01874
03642
00383
00012
03716
07243
02033
02528
01689
02493
02048
00765
09744
02492
11532
00548
02012
02011
07090
01807
06287
00820
09005
00858
01693
01998
06188
06203
03798
09691
09690
01953
03818
01749
02860
03517
00809
00627
01854
03588
06196
09181
01733
02114
02112
03183
01738
01991
03497
06959
03768
03768
01322
01533
03177
01585
01262
04037
04038
02501
00604
03090
03657
00700
02551
00942
09777
04043
01662
01091
00789
03654
09131
01575
00606
05581
09761
10563
03575
06187
02238
06223
00981
00995
04040
03113
06891
03651
02720
02720
01963
02472
01953
06197
00688
02276
02274
02275
06876
01770
09931
04094
00645
02035
00425
00426
00099
02694
01409
00626
03821
02911
00812
06955
09771
07107
02026
02025
05573
05572
09833
01081
03087
03087
03087
01950
07025
08481
00971
01739
01802
02592
11175
07172
00389
08715
13819
05520
07141
01424
03321
13282
11178
07052
08995
13282
13281
01424
09951
03316
03316
12454
05979
13541
00695
00067
00695
07263
13799
13788
02664
05349
02657
07729
07131
09790
02657
02657
07131
01822
01061
02723
04751
03867
02706
02703
00694
00799
13953
03287
12454
01534
13542
00801
08902
01992
05337
01470
01992
03666
02116
14058
00567
02004
05356
03574
02224
03317
02717
13525
03328
01104
01090
02663
01147
02285
02284
02700
08699
04035
02715
05585
01537
13038
00297
09457
00281
02069
00276
11312
01061
12573
00058
01791
09702
02093
02094
04035
02696
05845
02503
06147
06946
00965
01488
09000
07242
01990
01259
05588
00620
07079
02044
01191
01515
10206
00721
13993
02077
13993
00034
00034
01934
06118
01897
05576
00958
01784
01485
03403
05586
02004
02004
02004
02004
00951
02004
02288
02289
15311
02092
11754
13993
08696
08696
02095
02096
02097
02284
02285
02286
02286
14231
14237
14221
00835
09940
01759
13483
00652
07114
10112
10206
13789
07516
07484
08698
09516
05928
14225
11603
07052
14230
01784
14225
14228
14229
13628
03088
02027
14232
14232
11085
14220
02027
05847
02027
01983
04072
03404
03741
01070
07114
07114
00215
07727
07727
09942
05584
03296
03394
00632
03403
05846
06985
07027
00104
04034
01181
13963
02698
13628
14218
01011
01011
01011
01297
00130
14232
03292
07496
14219
02029
06980
02029
01436
14233
03408
00392
00150
05946
14233
14234
01113
02714
02718
02636
02719
02719
02698
02698
07075
14218
14218
14219
15312
14228
02053
14331
14330
02699
14223
00059
09835
14224
09935
01978
09819
02074
00218
09834
14234
03328
02055
01768
02010
01066
07065
14228
00091
01436
06926
14237
14233
14236
14222
14218
14229
14219
14219
14232
02054
02052
00023
14441
14059
14059
07727
01977
01977
06945
01990
02005
02005
14518
02005
00941
01286
14237
02005
00799
01130
07216
03153
00459
07216
00721
00988
02040
01524
07075
07075
07075
07300
15035
14228
07052
01621
11602
09818
11601
09820
02075
14227
14227
14235
07496
04127
07013
14230
02711
02722
02724
02693
02693
02697
02640
03689
10257
02712
07079
08884
02294
01897
02702
06133
14226
14234
14230
14228
07216
14233
07726
01985
01985
01992
11522
01768
14059
07978
06596
08906
08906
02292
07075
07075
00082
11356
08697
11520
14540
07075
00613
14605
07445
12995
00799
00799
00799
02003
06197
08884
02533
03215
15226
01154
02292
09836
01621
01941
01457
07075
07075
01259
14606
14761
11523
07496
05587
08480
03892
02031
02032
00008
06147
00537
02650
00008
01069
03296
02030
08700
00091
11521
01537
02031
02032
02022
05583
07013
07013
00514
00344
07066
01537
08234
01802
07496
05574
00464
01090
00367
06147
00344
07492
06147
06147
02428
15342
15342
15578
15633
15736
15256
01082
15579
15337
15727
15577
06180
15576
02594
15342
07107
14415
08679
15918
10716
09012
03320
18828
07267
07484
07484
07484
07484
07484
07484
07484
07484
16137
10716
10716
03320
02045
05570
11524
19124
16213
01838
01533
16264
02018
02017
05569
03699
05571
02660
05568
00974
16787
16786
16785
18828
11963
07012
07012
02851
02025
02009
07785
16787
16785
02030
02030
02030
02030
02030
16786
16881
11720
11355
02030
17105
17246
17108
02028
11209
17244
17245
17218
17218
07024
13924
01992
01992
01990
01990
14225
03671
17686
10112
17836
02055
00254
04757
17758
17759
17763
07263
17836
18007
17947
00663
00436
15342
00275
04047
07260
03742
00241
18554
18678
18660
18828
05946
03427
07171
07172
07171
18831
18831
18814
17892
07171
01665
09951
19032
18979
19003
19046
16149
07464
16238
07746
08678
19123
19125
07172
07448
19076
09127
19121
19221
01154
19221
19120
00571
19142
22468
19122
19091
19126
09951
01990
01218
01992
12952
19302
11991
05275
07315
07315
05770
21903
12132
12132
12132
01208
20074
18889
20534
20534
18890
21071
21071
00821
21231
21147
03636
21310
21471
21480
21480
21563
10914
21703
10026
21600
21561
21929
22044
14274
03547
03892
02257
03181
22305
01551
11206
00728