10773
07462
03925
07062
01546
22348
02470
02469
02622
02417
00325
02224
00242
07258
02992
02961
02346
03781
01032
01673
01589
00411
02654
03772
01876
03153
00832
02510
03631
01095
01601
03594
03666
00425
00123
03665
04088
00832
02518
02517
01892
10563
02341
02274
01547
01548
01924
02535
07102
03147
02884
03657
01704
05788
00483
04066
00575
03975
01624
00239
01682
00324
03686
02990
02963
02939
07175
00334
01430
00954
06173
04564
03601
01883
03424
01644
00249
03438
03771
07259
02906
01845
02926
02892
02456
04077
03574
03584
03500
03701
02419
02412
07455
07007
00019
02886
02890
02982
02878
03088
02339
03802
02454
02453
02463
02461
02838
02904
08967
03407
07641
03656
00134
03555
07646
02275
03086
03592
02601
02015
02013
00208
07577
02036
02038
02037
04087
02402
00925
02040
02863
07642
02864
03553
05515
07088
03324
03753
02058
02056
02057
02057
03559
08082
00833
03602
02400
03781
01247
08303
08289
01658
05366
05367
03111
07101
03469
07117
01878
03551
00405
01596
03673
03092
01821
01159
09758
00963
03073
12508
00604
00567
09922
03769
02536
01649
09936
07216
02502
03470
03169
03587
00826
07140
03169
07673
02406
05366
03722
03640
00957
03724
03641
02662
02405
01031
03977
02945
01897
00901
00404
07011
03183
00253
01142
02837
03497
00648
00525
02258
02276
00648
03413
00798
00820
02238
01912
01695
08591
06446
02433
02435
04754
03775
00111
04567
08300
06179
04773
01007
00790
07090
02825
04562
02160
01962
07152
02357
08309
03624
01921
03589
03590
03531
00014
03832
07000
05837
03568
01626
03685
02487
06596
02340
03777
02234
00681
01857
01738
02433
06182
01778
09921
06204
03586
01928
01929
01000
01925
03588
02297
00525
03919
10747
02342
03582
01995
01998
00658
07107
00058
07042
02517
03271
04043
06867
01703
03648
07568
02338
07056
02411
01029
01028
02420
02421
02931
02954
02881
02988
01433
06872
00373
00374
03814
04044
02434
01996
01998
03177
01889
02952
02948
02986
02879
01142
00123
00266
01426
02010
07566
02835
03774
03655
03179
00640
02558
01956
07010
00526
00004
02493
03981
00163
00413
01056
00332
05559
03409
00537
00344
03547
01419
09458
03702
02313
03703
07447
02380
03832
03832
03734
03701
07082
07638
01997
01998
02528
03723
03980
03787
02229
00537
03215
06223
01915
02073
03550
07644
02303
07722
01644
02072
02071
03609
02806
02821
09973
02108
02109
03585
01995
03098
02314
02316
01879
01657
01902
03654
02045
05516
08483
07154
07154
04100
03092
06016
00481
03100
03596
03597
03088
02078
00645
03621
02911
07040
06287
09861
03776
03088
01649
00101
03303
03149
01996
02887
02916
10806
03667
03610
00609
10125
03744
02600
10979
03413
04100
04101
01874
00338
02621
02655
03608
02652
01993
00163
00575
06929
07677
02398
04100
04101
08084
00324
01903
03786
06969
02393
02392
02390
02415
01588
01428
01429
07157
02358
02358
02396
03786
02342
02111
02115
02335
01807
01963
01696
00794
00794
02556
02557
02409
02410
02204
03412
03043
03046
03581
07001
10439
10441
03583
04101
00864
02687
03561
00058
03412
03111
03217
02073
00371
00647
10440
02686
00090
02343
02337
03060
05832
05833
00788
03154
06190
07305
06978
01999
01999
01997
01995
07006
02014
02042
02041
02044
01714
00101
06955
00145
00311
01989
00906
02509
00799
05527
00058
02455
02455
02228
02189
05895
06042
09980
03466
01464
01999
04748
09823
09007
02919
02014
09005
07396
04764
02520
01868
01637
02192
03559
03336
03335
03367
03088
01640
07238
00285
02509
03299
02518
01640
07664
02013
02016
02015
02015
02291
06906
06908
06907
06903
00208
09709
00261
00548
01126
11103
01438
06193
06181
01706
02867
02935
00285
00380
03545
03544
01338
07387
07043
01776
03435
00882
02769
02770
09971
09970
09969
06158
07320
01439
02670
00674
03616
05539
01754
03322
00640
00101
00766
01609
00681
00101
01647
00566
00648
03089
04046
07056
07460
02670
02669
06997
05916
07644
02575
02575
00370
00773
01465
03799
03521
03522
08167
01476
00661
05713
03760
01358
03760
03760
07316
03088
07112
07552
00791
02003
01738
01998
01997
01999
01996
01995
00645
02073
00077
03926
03110
06446
06182
03088
07336
06188
04079
02283
02282
02280
02279
02278
02433
00554
02860
02959
03823
03306
07220
09922
01995
01998
01997
07478
03311
03634
00384
02902
02913
00507
03500
11175
09915
08994
02014
01689
07119
07552
08169
00140
00450
07001
00600
06997
05782
00375
00600
01951
03746
03576
06016
09965
01640
00995
03530
03770
02655
00428
02014
01714
07287
01520
01937
01627
01689
05589
04083
07088
03307
01480
06925
04062
03572
07644
07239
01886
06999
07120
00363
00362
06886
00375
04760
00942
03710
01626
05523
07039
07137
01493
03554
02048
02014
05772
02016
02015
02013
00381
00390
00384
01613
09941
01129
01735
00891
02018
02020
10680
02510
01126
00641
03270
06041
00759
03650
08998
03536
02914
02071
02072
02073
09933
03269
00928
04762
07649
07774
07795
01912
08218
00762
03570
03571
01442
00790
09136
03893
02666
02665
06202
07147
07399
00847
10229
10228
10227
01810
00036
03978
00789
00763
02072
02073
02051
09765
03576
02042
02044
02041
07239
01952
01265
00990
01462
00684
07262
01649
00053
01653
06966
09919
01507
03639
03752
03750
03671
07303
07302
01465
00655
02011
03284
07275
00140
03337
03338
05838
03566
02014
03566
06920
00500
06189
01716
00067
00973
01790
02012
02011
03273
00655
07043
03525
02454
02456
02457
02459
01933
10763
00950
07226
02032
02035
02433
01495
08310
03688
03690
05813
05814
05815
05816
01126
02492
07390
01881
08311
09858
00931
03979
02899
02888
02523
01885
10764
00764
03558
03749
09913
01940
00075
09458
06134
01754
02233
02457
02459
02460
05805
04488
00382
02471
03549
07240
07240
06996
03218
02003
07738
01736
01740
07058
00560
00287
07305
07146
06911
06955
03439
01872
02298
02299
02300
00241
03710
01687
08303
02839
03646
03560
03562
07107
03630
03527
01875
02003
03928
00574
01999
07118
08159
03449
00252
01873
09984
07734
00375
02498
02496
01719
01749
01595
02403
00795
01662
00859
09862
06923
03600
03088
01356
00939
00979
00912
02688
00135
00793
01304
01620
02016
02015
02013
10001
04719
02227
00817
02232
00768
00375
09983
00097
07712
07708
01939
07345
01890
06871
02014
07240
02406
02407
02422
02397
02395
06911
01246
02658
02660
01669
07735
05815
05814
05813
05816
02168
06894
08083
03408
02114
01847
01897
01907
06958
03767
07090
04751
09790
01897
07090
03841
00666
01834
00666
05802
06891
01091
02116
06915
01945
09710
00783
06287
08301
02014
00406
09926
09792
09888
02231
02016
02017
01091
04063
07684
07657
00868
07344
07344
04090
01525
07659
00262
01999
03831
09889
07180
09786
03320
00135
01685
00383
09117
02970
07007
02391
02389
07160
06940
01996
01999
01997
01995
10680
03495
07002
06016
00799
00799
00799
00799
00799
00860
03630
01591
00927
01462
04096
03074
03072
08304
01753
00982
01756
06938
08972
02066
02065
02067
00803
00111
00864
03688
02051
02049
02050
00574
01996
01999
01998
01997
01995
03284
07093
00364
07552
01724
06949
02227
02003
03205
06917
08307
02051
06978
02051
02049
08223
01687
07006
07507
12340
00523
12266
11811
09959
00340
00339
00337
00336
00335
00330
03075
01803
00962
02956
08084
02672
08084
02672
02674
00331
03820
02372
09386
11473
14682
02659
03381
03381
00074
02452
04782
11892
07506
11754
00299
02443
01426
11178
00108
11711
11712
11902
01784
01256
03088
02014
03088
03088
03805
03635
01714
03750
01733
00003
03564
03687
00052
00133
01817
02221
00997
03474
03595
03733
06996
00605
02437
06177
01999
01998
01996
07290
02019
06145
05541
00154
03695
04047
01894
03543
07588
03415
06145
00851
01690
02014
02014
01866
09001
06901
02996
02871
07115
06442
01251
07667
03098
09748
02519
02834
06207
06910
02342
06938
07799
01647
09159
00240
01599
01912
01999
01997
01996
03313
02404
02401
03414
00135
02509
00151
01754
09456
00615
06989
03644
03801
09158
02113
02112
07019
03205
01633
03672
07091
01255
01996
01995
01998
01997
01999
05591
00077
07032
02051
02049
09981
01012
00681
05560
05561
05562
05563
06966
09760
00763
07107
02012
03088
02014
03088
03088
03664
09801
01687
01951
10680
01999
00627
01414
04082
01640
01968
00856
03806
02667
02668
06950
03106
02379
02018
02020
02019
07231
07338
09947
06942
00767
01576
00077
06911
01262
00873
03797
03676
03071
00057
01586
01918
00606
01935
01579
01737
07001
03593
06217
07507
01531
02035
02033
02034
07127
07402
07645
07771
02454
09808
07053
01867
00858
07663
06143
03575
02494
00919
00948
02897
02033
02034
02031
02034
02033
02035
01810
00616
03824
03497
01687
03594
01578
00677
06142
07277
00099
00981
00806
09903
02967
00285
00600
00697
00574
09701
03088
01608
01816
00681
01707
01706
07058
01997
01998
01995
01996
01999
00528
07154
06959
06980
00943
02676
03424
02035
01255
09914
03469
07004
00831
00800
02014
08994
03746
07141
00275
07088
06911
02014
00573
02388
02387
02386
02408
02413
02418
03411
01638
08983
01887
09774
06861
01974
03088
01295
00145
03565
07649
03594
00432
03546
06911
03775
07391
02510
04752
03320
01775
03192
01241
07560
00014
02014
00797
02014
07727
00457
00812
01870
03101
07302
07303
06991
09958
04078
02527
01908
00382
09747
03671
03628
01647
02909
03327
02039
00937
03431
00796
03798
02427
01955
03437
09712
09960
02656
06941
00940
06178
06180
06194
00573
03312
03885
01265
03625
01919
06131
01750
07444
07039
00372
00362
03776
01409
01999
03924
03521
03522
00426
06140
02044
02041
05306
07789
08369
00126
03464
00285
01999
01997
01998
01995
01996
01494
00278
03517
01750
07054
03746
00453
01247
01556
00453
06940
04758
04759
02968
01698
08973
07018
02355
02946
02965
01042
00127
00123
00164
00382
06916
03722
05807
06131
01141
00761
01754
05782
03549
01919
03498
03499
00147
03643
01869
03559
06186
03088
07814
00822
01999
01997
01998
01995
01996
06016
04744
09761
09800
09989
03216
02169
03776
01999
01995
01996
01997
01998
07112
01772
03746
08987
03307
09882
09883
07152
10001
10003
10002
10004
01295
03518
07161
07402
07799
07788
07789
02014
06153
07395
01652
09927
00574
02067
02066
02065
01496
01523
03116
03117
03118
02011
03743
00946
02051
02050
02049
05836
01745
01712
09975
01468
00817
00548
01999
02433
01923
05808
06023
02014
02016
02015
02015
02013
07156
07233
03497
07798
03101
06153
07243
08363
03325
03529
01972
07001
01800
05810
03821
00023
03578
00681
01993
01808
03611
03745
00991
01770
02016
02014
09990
07774
07649
07795
03088
00375
00135
00077
00380
09939
09773
07225
03387
01483
01920
06048
06195
01783
00615
00615
00797
04761
00286
01652
02444
02874
02895
02994
02907
03319
02031
02032
02034
02033
02035
03585
03577
02460
02461
02453
09690
09691
00930
07649
05501
02047
02046
02048
07002
01118
02073
03556
01995
01996
01997
01998
01740
07275
09781
03405
02230
02013
02015
02016
02072
03523
02073
03599
00412
03282
01693
00013
00765
07323
09767
06985
02563
02876
02933
07222
03519
02674
11103
03040
02664
02501
00956
10954
02609
06187
01673
03190
03187
02614
02610
02611
02416
02394
02612
03789
01708
09125
07345
11085
02673
02672
03070
07636
02950
00549
00343
02355
07862
02356
07347
03210
03496
00427
00088
02613
00341
02500
04485
01681
01679
06199
01676
01814
03833
00342
03802
03189
03188
00817
03705
07160
06175
03569
02110
08483
11183
02768
06024
04564
01755
05896
04075
02032
03554
01983
01448
01652
02836
03637
01681
05936
07006
02510
03501
02653
02650
05973
09791
03076
03694
05596
04763
00333
06222
04565
03561
03561
03636
06606
03711
03711
03711
01644
00031
01104
01485
00031
04042
00074
00074
07552
01625
10126
11472
03435
07122
07552
11896
07516
11475
05812
01053
00459
01061
06605
01759
01759
08195
11749
01474
01897
01897
03746
03746
03746
03746
03746
03746
03746
11811
07726
02671
02671
02671
02458
07126
07729
02458
03446
03286
00228
01950
04751
09954
05520
12972
01207
03769
03296
00059
03769
07124
00059
00059
03827
04045
05564
06160
02002
02624
07124
00059
05540
00620
00657
06905
13051
00951
00059
00297
01077
07733
07074
11209
02483
02483
02483
02483
02483
05597
11898
11733
08359
08357
07687
07687
00520
11745
13069
03795
01659
03496
07687
02624
00602
11927
00054
01061
00823
00666
03791
12410
01760
01760
10804
07304
01907
00666
01069
00748
00598
09810
03724
05595
09017
03719
03719
01760
06889
13292
06978
07090
00219
10001
07232
11740
01473
00626
11897
00626
00626
00626
00626
00626
00626
11719
07222
00598
01081
00568
11890
11907
07304
11891
11901
11753
11752
11903
00595
04487
03524
11895
06168
11717
11893
00010
01243
05712
07213
00042
03458
03458
03458
07214
01895
01895
01358
01950
11900
00652
11906
11177
04755
04755
11263
03496
07787
04091
04091
00970
00060
07090
00299
11747
03119
03119
03119
11928
06001
00117
11720
01710
03569
12262
00059
00059
00046
00046
02624
01092
00974
03746
07098
03768
03386
03711
03711
01058
06895
01533
10219
03497
08358
02000
11189
05685
13888
05685
02480
05874
00344
01458
02029
02030
07491
01077
02071
07165
07165
03316
00626
01130
01008
01491
08364
06183
06878
02423
01424
01424
01692
12972
00375
13926
03340
07794
00344
02462
00799
06147
01768
01992
01992
01990
05874
00799
07246
02503
02503
01534
13482
00029
13795
01961
07182
02657
12339
03168
03719
12510
02651
12262
13038
12573
12511
01455
07497
13628
01534
05834
12972
01779
01779
01555
03406
03406
03406
03406
03406
03406
03406
03406
03406
03406
14059
13934
13930
13928
13929
13931
13932
13933
14058
13953
07749
07516
00029
13794
13796
01799
07245
05524
01147
07677
01297
01087
01469
01420
06879
15726
15725
15511
07165
00281
03657
00675
09961
01455
08365
01104
01061
06075
06518
06075
08305
07131
01791
05921
05921
12661
01426
00799
07397
07397
09935
00626
12941
01156
13979
13888
05874
13634
13635
13643
13639
01792
03642
10778
02001
00297
02004
00407
01079
07749
13481
07246
02483
02484
13821
01487
07516
01840
07248
00537
01534
01961
00529
04750
13893
06013
13483
02052
02053
02053
02055
01897
00249
00248
07116
00124
00249
00020
03296
02663
13590
00344
05799
02004
00102
04110
13896
13522
00249
01826
05603
01458
07068
02028
02029
02029
02030
05799
00459
03298
00128
07168
02028
02029
02030
00108
08365
09943
05712
01470
02414
00625
00799
01897
02010
13894
13895
13652
00121
14229
14229
14229
01113
01113
14228
04517
14218
14218
14218
14218
14218
14232
01977
01977
01977
01977
01977
14229
14393
14233
14225
14232
14232
14218
14218
14218
01070
01714
03744
13580
00215
13639
01584
05375
00265
03457
00058
00058
00024
01053
00666
10221
10220
01992
01990
08295
00249
07045
00666
02030
00008
01185
01434
00128
03394
02673
03772
00104
07165
03457
02462
06147
01436
00019
02387
01826
01856
11921
01119
01055
02004
02055
02056
02057
02057
02058
02058
02058
01487
00480
01053
01113
07793
07518
00020
01607
06985
02487
13771
06867
07114
13766
00632
05934
10531
00472
02259
01965
14170
00863
14233
14233
07459
14230
07474
14232
14347
14287
03297
09461
14221
14221
14221
14221
14233
14219
14260
03852
01561
14188
00941
14219
14234
18146
14228
14224
14224
14224
14224
14348
01978
11737
14228
14225
14225
14225
14225
00001
14393
18916
14161
02651
14219
14228
14236
14231
14228
14228
14228
14228
14233
14237
14237
14237
14237
14415
06945
07165
02533
14165
07169
01985
01985
01985
01985
01985
00941
01796
14219
14219
14219
14267
14234
14225
14441
00830
01173
01966
15726
01524
17207
17206
06020
14652
15035
14234
14414
01011
14226
14226
14237
14237
14237
14227
14227
14227
14227
14227
10218
14222
14162
15546
01011
01011
14223
14223
14235
00480
09004
14230
14230
06133
01980
01980
01980
01980
01980
14230
18893
14974
14540
07165
03699
03699
14998
06919
19092
16012
16013
13409
13408
15011
15726
03088
00146
15512
15773
06177
11939
15269
03321
15724
02031
15012
15513
00020
01969
14742
15034
12055
11741
15727
15554
15634
15553
15553
15539
15555
03929
02050
02050
15738
15256
02428
15725
15357
00007
15726
15725
15727
15727
15578
15577
00459
08086
15342
07130
01432
14415
15268
15866
15866
15866
12542
12541
15977
15977
15977
02847
16135
16092
16089
16092
16091
16090
16090
16088
16088
16088
16088
15726
15726
15773
06905
06906
06908
06907
06903
16090
16089
16137
15726
16137
02014
16087
16053
16087
02028
16074
11734
16371
16784
06909
06909
16165
01801
16514
16165
01992
11735
16171
16234
15461
16264
03321
16267
11959
11960
11961
17213
02031
15555
16783
05825
18828
11962
11963
10094
02029
02029
02030
02030
02030
10001
02226
08721
02050
02049
10819
17214
14220
14220
14220
17325
17322
17323
17321
02010
02067
02066
08738
02028
17324
17247
17218
17205
17103
02010
17215
01990
04084
15553
10111
01992
01992
15727
17686
17680
17838
17723
00254
17836
19745
19746
19746
07263
07263
17762
17763
17838
17752
17760
18029
18139
03520
18028
13995
00124
07814
17989
01167
18148
01652
18143
18030
17850
04343
18118
18294
18295
18296
22270
18138
18383
00138
11904
11904
11904
11904
18480
18661
18702
18850
18829
18910
21686
21645
18778
18831
20862
18902
07278
01971
18901
18903
19055
07050
03526
07665
18968
18979
18997
07746
19156
19129
19166
19127
19221
22468
19130
07448
07062
07062
19128
19155
07451
01066
01992
01992
19302
04771
19337
02004
03862
19295
04771
19302
19416
19338
01066
19295
19585
19586
19577
00799
17686
19713
19713
00992
17722
00799
19784
19784
06132
15777
19804
08992
01451
22209
19967
09796
20034
09796
09796
09796
20035
20023
20074
20074
20074
20266
20266
09788
20455
20455
20532
20527
20531
20528
20531
20532
20533
20533
20534
20527
20528
20529
20529
20530
20530
21394
11529
20757
11751
01563
11991
21006
21007
21008
21010
21011
20940
21105
21071
21021
21012
21009
21053
00821
00821
21019
21029
00249
03863
01139
03741
21405
21393
03651
21395
21395
21420
21405
01451
21607
07334
21498
21699
21645
21645
10026
10914
21621
21495
10914
21645
00043
02334
21948
19591
21929
22003
00097
03892
05802
22025
03741
15576
08319
22132
22131
00097
14274
22130
22112
22187
13876
22186
00065
22292
22278
22296
01337
22303
02257
00611
11206
22452
00424
22491