02005
07491
07497
15587
10824
13004
03546
06926
06402
13292
01520
06337
07496
04751
04751
04751
12992
12511
00297
13012
00611
01491
01628
18331
07213
07133
18672
06295
01784
02033
02035
02016
02016
02013
02015
02190
00145
00620
00930
01940
01755
07813
07473
03088
02031
02034
02033
02035
03809
02015
02013
07258
02025
02026
10112
03088
05795
00826
01687
01652
01653
00053
01652
01649
01703
01649
03431
00820
01821
03407
03408
00575
03412
03413
03556
03708
03696
04485
07067
07736
00991
01770
00640
01883
11145
03218
06962
03091
02358
02913
03073
02601
02867
02863
02864
02935
03043
03046
07590
02950
02992
02355
02946
02906
02926
02892
02886
02965
02890
02982
02878
02904
02961
02874
02895
02931
02954
02994
02933
02881
02988
02907
02876
03076
01265
02518
02919
02952
02948
02986
03040
02879
06173
02871
02996
01448
04069
02035
02033
02034
09817
09816
07089
07321
02035
02033
02035
02035
02033
02034
02031
02032
12267
02002
03499
06378
02000
06409
02503
01961
11754
00197
00986
03321
06409
03527
02945
01843
05520
06423
02414
13038
06338
06331
09951
00826
03296
13542
00625
04072
01784
03386
07012
03386
06285
06915
07129
03768
03571
03750
07219
00058
13954
00340
00805
01534
01534
03406
03406
03406
03406
03406
03406
03406
06415
05364
01470
01649
03088
01934
01537
01992
02315
06328
05939
02224
09776
13525
01104
01104
03646
03205
04517
00297
06295
01791
06328
00666
00996
02005
02005
02664
07669
01515
05337
02664
03824
02313
02338
03629
02470
02469
07137
01939
03654
03071
06518
03718
01599
01889
03320
07043
01912
00179
00180
01887
01937
01624
00616
03628
02587
02585
01953
01950
04486
03925
03438
08384
01928
01929
01000
01925
03588
02563
01924
00075
00790
03589
03590
03531
06383
03091
03091
06387
07738
04068
07576
05810
07658
07636
02036
02039
06997
09772
00286
02221
04074
09131
01870
02909
02835
02493
03415
06871
00790
00783
11179
11180
11181
03737
02343
09747
06187
06317
00943
02341
07056
06284
01874
03424
02528
02956
11753
03177
02834
02519
07742
02600
09748
07813
01951
06901
01588
01756
01923
00764
01933
11175
00602
01945
02502
00765
00013
00817
01693
02501
01814
02500
11755
03657
01972
02435
02433
02434
07139
01673
07034
06897
01142
01776
01696
09807
06959
00688
03091
01993
10536
08223
02377
01711
01681
02654
01775
00997
02478
06940
03412
00575
01886
09694
09695
01996
01995
01998
01997
01999
01999
02314
03465
00012
00973
02003
01951
09116
00031
09793
08227
06949
00335
02038
02037
02040
03116
03118
01012
03150
01744
00560
09936
07238
00919
06412
04042
00948
02897
01056
11068
03723
04769
02499
03530
06381
07571
06382
04075
03798
00940
01938
00796
04758
01007
03088
01756
01647
09003
03722
09797
03183
03169
08602
04043
03687
05516
03695
03478
00147
02003
07090
00198
06923
00548
01613
03637
04078
03639
03704
03465
01520
03664
03075
01689
01803
00927
00134
03092
09762
06958
04477
00844
03657
01881
00099
00981
00806
02838
09903
03088
03569
06283
06381
00790
02114
02112
02115
02111
02113
02109
02110
02108
01493
00600
01808
07566
09816
09817
09815
02076
01665
01474
01473
07814
07090
07710
07444
01486
01673
11473
00806
07258
03711
07090
03320
02588
02586
02591
03388
02086
02188
03399
05936
02189
05895
06042
11358
03654
09770
00278
00767
03517
06019
03671
05515
08303
07082
07447
01872
00566
04488
04487
01876
01892
02050
02049
02051
07560
00759
02357
02967
02970
09761
02687
03686
04043
03687
03705
03596
06385
03455
02669
02666
02662
02653
02669
02652
02968
02340
01953
07043
01153
02601
01448
03427
06434
01619
00800
01736
01735
09779
12140
12141
07034
06929
10773
03216
07161
01963
01962
00850
00873
00700
00975
00975
00703
01738
07007
07137
06223
03856
01657
01658
00766
01609
01817
01695
03856
07315
00817
03088
01999
06871
11102
01733
03088
01008
01040
01848
01849
07588
03521
03522
00313
03855
04477
02040
02037
02038
09000
05792
05795
06871
00575
06333
07341
01810
03703
03701
03702
03797
09811
09812
00615
00615
02836
03070
05808
03704
00789
00261
00655
06385
03977
08591
00057
06398
06209
00003
00872
00928
06864
06898
06168
03555
03572
00791
03666
01356
01677
01678
09118
01921
03823
07164
06967
03086
02316
01129
01975
01006
09773
01879
01878
01007
03584
03186
03595
01489
07042
07037
06217
06438
03408
01008
07813
00088
00012
00384
07460
07391
04096
03168
04094
03733
01419
03667
03706
01358
06158
06131
02492
01749
01698
01845
01926
07161
07321
07462
00763
00794
00793
11752
01783
06949
06941
03500
09729
00604
01462
04066
03060
00942
09777
00812
01778
00198
06013
01953
07166
09157
06223
02238
02237
01869
09710
00969
00931
03979
02899
02888
00626
08301
05837
03608
03609
03610
05515
00313
07089
01915
07282
02037
02038
03466
07217
01159
03550
03551
09765
06381
07568
00773
03210
09163
03072
03074
02535
02007
02008
02006
07282
03710
06966
03655
00762
01591
01955
01956
01465
00609
02825
00688
06180
03101
04061
00619
01952
01952
04079
07007
06407
06406
06405
07220
03306
01866
07456
08303
03652
09888
01890
01889
03437
02887
02916
02520
01868
03570
03569
03630
06287
07301
01873
02051
03978
01338
04076
03544
03545
01486
00567
01738
04077
02379
00833
01935
01012
03523
01875
08681
06215
02314
01338
02939
02963
03111
02990
03497
03496
03501
03495
03650
06346
03217
08998
03536
02914
07552
00385
08223
07112
01953
01611
03179
01042
03833
02654
02653
02652
02669
12339
02356
03786
03592
03568
02456
02653
06199
06199
03823
07727
03088
09768
06207
02446
03698
03169
01007
07240
01817
00891
00014
07015
05895
07006
02346
01817
01609
00766
02006
02008
02007
03789
06925
07010
01653
00266
01915
01915
07138
00939
00384
03722
03390
03389
03388
01495
03787
02355
00389
03469
04083
01912
07258
03797
02335
10563
00859
08309
03497
00558
03205
07813
07402
06937
02020
02018
02017
02020
02018
07458
03657
00033
00077
02003
00766
09691
09690
02278
12510
02283
02279
01247
00567
03753
03750
03752
00335
00334
01409
03969
00330
06436
06223
02279
02283
00558
03701
00558
09771
09771
07090
07138
03088
06399
03631
03402
00858
06442
01662
03602
07478
03601
00266
00528
00761
02040
09825
06196
09771
09121
07107
06877
03799
01480
00797
02626
02035
03389
00394
04759
04758
04758
04759
08972
00878
07088
03154
03149
03150
03148
00788
03147
01151
03610
00703
03521
03522
00626
00074
07473
03625
06397
06396
06394
06393
06392
06391
06390
03724
03427
01154
01007
00768
09740
09458
00765
01893
09764
09989
03665
06942
03088
06153
07095
00989
01448
01737
10026
06920
07507
07032
07699
04763
01839
00756
07258
06379
03091
09165
06407
06408
07461
01586
01867
06373
06374
06178
00945
02233
02227
02232
02231
07053
06416
09769
03565
03553
05592
00995
09767
06917
03466
06153
06140
07727
00661
02563
03284
00012
07053
00860
00963
02372
05946
01710
00973
00860
09691
09690
01710
01790
00067
00973
07009
03593
07180
09786
09798
01448
02902
03655
06012
00954
00925
07040
02911
03621
00648
02371
00645
00059
02078
09458
03685
03110
00772
08963
01251
09251
09787
03106
02959
06960
02860
00554
02884
03100
03470
00331
00332
00333
00337
00338
00339
00341
00342
00343
07034
01689
00876
12574
01714
00928
00133
06410
01520
07258
00962
02556
02557
03407
03412
02406
02407
02422
06603
03563
02397
02396
02398
02387
02388
02408
02409
02410
02411
02412
02413
02389
02390
02415
02417
02418
02419
02420
02421
02401
02400
02404
04562
02405
02392
02392
03411
00575
03410
03413
02416
02417
00760
06384
06411
02191
06413
07126
06384
01633
00950
03716
00606
01918
01579
03523
03524
03525
03624
04567
05601
07729
08223
01262
00958
00395
03782
13653
02224
04720
02823
11261
01599
00194
05934
02614
09698
09127
06001
14218
14228
15495
07775
06877
00949
02003
02004
02004
02004
02662
01273
07074
07079
00329
00356
02009
00951
01079
07228
07321
02663
02034
07099
07343
03856
10206
02282
06395
03855
07105
01784
12137
05967
05919
00284
01039
05919
04763
07496
03093
07723
14229
14229
14224
14224
14224
06147
14229
14229
14237
14237
14237
02945
14220
14220
01990
02654
14225
14225
14225
02027
01980
01980
01980
01980
01980
01980
01980
01980
01980
01980
14225
07496
14219
14233
03296
14219
14228
14230
02116
14232
02490
02490
02490
13639
00215
09942
07090
08097
13789
03394
13626
01955
03394
01990
02589
02590
02592
09126
07491
07117
00821
01011
10907
01840
14233
01571
03088
14225
07496
14236
14236
07219
14223
14223
14223
00974
14228
07011
14218
14218
01449
01449
08978
02945
01154
02001
01992
01537
01977
01977
01977
01977
01977
01977
01977
01977
01977
01977
14084
14230
14230
14230
03205
14222
14222
14228
08221
05299
05299
14441
07079
07491
02005
03324
01992
01985
01985
01985
01985
01985
01985
01985
14232
14234
14232
00941
14235
14234
07052
14219
14219
01449
14227
14227
03407
03293
05606
03090
11749
06580
03390
15035
14234
01966
02020
02304
07496
14221
14221
14221
06147
01990
14230
06133
14219
09004
01990
00336
14233
14226
06133
14228
02337
14223
14223
13993
14233
06296
14138
14231
14231
12960
01524
15023
14540
06919
06412
06148
09815
03406
14652
00067
01790
11741
14138
03324
03215
04783
04784
15342
06877
03406
15342
06147
00433
02031
02032
02477
00130
02481
02482
00052
07714
00104
07714
01715
14237
15342
06147
02477
07496
03093
03093
15584
15586
15633
15635
15585
02428
02057
02057
15916
14761
02022
01447
00537
16011
15727
07710
15342
15342
07130
02594
03320
15987
07464
07464
07464
07464
06296
07497
07171
02017
16176
16180
17067
07038
16181
16182
04518
13640
03769
04759
16263
02851
07012
18349
18350
16785
16787
16786
06297
02056
16786
16787
16785
07012
07012
02034
02031
02032
16950
16951
16786
16787
02009
02226
16785
16786
16787
16881
11991
16785
16785
16927
16885
16886
16786
16787
16926
00198
00198
16887
00196
00196
01784
01990
17103
17828
01990
01985
05592
17686
05601
17758
17759
07469
04749
02171
02614
01985
02172
18231
11785
11782
18285
17992
18332
18330
11783
11784
03742
18475
19076
05521
05366
18682
18707
06218
06147
06147
07171
07012
01356
18967
02315
02358
03526
16149
19088
19141
19142
19091
19221
19221
09951
19115
19119
19221
19159
19114
07061
09951
19115
19114
19091
19075
19090
19200
19091
19116
19116
19117
19118
19157
19091
01990
01567
01992
19302
19405
08217
19411
19350
06881
19710
19689
01258
19814
19814
20074
12132
21636
21636
21636
07706
07800
07800
20534
20534
21071
22044
21416
21417
21464
21471
10914
21600
10914
10914
10914
21935
21929
22010
22010
21903
22132
03547
22278
22278
07755
22405
00590
00590
22465
22465