07497
02495
16301
15770
15555
17238
11908
02345
08682
07568
00773
03210
03072
03074
01531
07738
11752
00794
03625
00946
12339
06887
05685
13888
08483
02784
01738
06203
03528
09806
02858
12265
12264
01961
02160
02025
08161
07246
06879
09125
07090
07470
02003
02004
01581
11738
08306
03575
03439
09923
07007
06144
06149
03406
01686
01714
03435
04080
04081
03319
07701
07703
12368
12369
12370
12371
12372
03336
07470
03406
00010
03338
03110
09812
09811
03089
01999
01997
01998
01995
01996
03406
03406
03406
03664
09801
06186
03631
01095
01662
00795
03602
03151
03152
00077
09767
00064
02970
01409
03402
00024
02523
02888
01912
06895
07454
08169
00375
00615
00615
00864
02034
02033
02035
08996
03185
01262
09895
09888
01934
06211
04485
01079
07186
00598
02837
03424
05876
03516
02013
02016
11719
03270
02015
03386
03387
04084
03926
01744
07113
04078
04077
03181
03179
00631
00901
03786
03569
03570
03571
06140
06958
02806
05808
03092
06861
09774
06041
07301
02065
02066
02067
07323
07122
00790
04691
06916
01061
02871
02996
07552
03599
03600
00014
01515
09920
03651
07000
02622
03923
02621
00655
08325
03561
03559
03484
01193
00847
09979
02035
02033
02034
00466
09022
00610
00609
12685
01223
00611
09893
03828
03829
00641
01873
02339
01255
07091
11720
09982
02035
02033
02034
06950
03406
03534
01629
01813
03406
03406
03764
12525
00297
04761
00322
01776
00075
03524
00867
03148
00788
03147
07740
03426
01599
05982
09891
05787
01945
00602
03753
09972
09971
09970
09969
13979
07733
03557
02687
06287
08301
03568
09889
03592
00266
07139
03814
12961
07460
07121
07056
03573
08311
08484
13292
02679
02680
02681
01407
01448
08304
00058
02426
01766
06968
01093
02026
01753
02300
02299
02298
02297
08218
07286
05527
01126
07088
03216
07640
06006
13283
00850
12251
10536
01803
00528
02446
00864
02440
09892
02553
02548
03667
01419
03591
04066
02909
04095
00694
11103
03427
00874
01821
07058
09125
08993
05813
02358
03073
02601
02867
02863
02864
02935
03043
03046
05814
05815
07665
07644
03150
03149
03154
10974
07223
05816
03712
00858
03687
03322
00616
00029
09768
00228
07263
02471
12266
01676
01247
03919
02026
03823
03762
06159
01424
00891
09913
03406
03554
00847
03547
07657
07636
02040
00549
03311
03386
06205
03718
03924
03549
06726
10441
10440
00852
02529
03753
03752
09896
03673
03978
09894
07712
07708
01915
06207
07560
03655
00556
03060
00942
03335
03337
08305
02549
10014
09458
03630
11903
00677
00748
03470
02337
01962
04075
06079
03555
06988
06910
01091
06193
01575
01652
00048
00605
02437
00281
07023
11068
06980
09159
03840
04763
03981
07462
01972
12975
02025
12974
06901
03316
01895
02014
02035
02033
02034
03088
07727
00040
03543
06075
03737
01921
09251
01265
02967
02357
09903
02838
00099
00806
00981
11749
07277
06142
02536
02372
02836
04567
01114
06895
07665
07644
05813
05815
05814
06222
00140
06966
06175
00990
02899
03979
07259
03624
07574
02427
03798
00796
03431
03075
09748
02600
02519
02834
03177
02956
00962
05803
05592
08303
03824
07461
01619
01839
03784
03789
02344
00564
00848
02855
02854
07127
01534
06145
03606
03819
01356
09823
06911
07393
15977
08191
01812
00041
01685
07783
07784
03734
01649
03734
16137
07124
03086
04091
01647
00242
00239
00240
00164
00658
01903
06199
03425
03644
03801
09158
03642
05837
05515
00783
09710
00969
02340
10002
10003
10001
03820
06189
07042
06168
03184
02565
03643
01869
10004
01443
01886
03839
03645
07667
07646
01548
01547
01546
01669
07160
02469
07677
07687
07676
01902
00425
00426
07107
03562
03641
03640
07150
03517
03811
01626
07787
07798
00849
05776
02019
02020
02018
12990
00012
00963
03545
01358
03544
01338
03530
03770
02237
06920
01738
05800
04752
03320
10805
09914
07443
02551
01661
01911
05838
10804
02003
02016
02029
10542
02529
11175
01874
00876
01494
07289
01991
00973
01790
00067
09824
07225
02016
02015
02013
02919
02909
03577
05802
06169
09790
00759
02343
09747
06187
04079
01772
09973
07340
11107
01933
00761
10763
03564
03567
01714
07287
01923
06957
06999
03704
00375
00137
03543
03446
05804
02042
02042
07552
01779
15836
05796
08315
12142
12141
12140
12138
00836
01586
02016
04047
02034
01241
11903
04653
13635
11102
13574
01779
07734
11901
11900
11905
11896
11895
11906
11893
11892
11907
11909
11891
11910
11911
00824
07243
07224
06166
06165
06164
06163
05781
02043
06162
05774
06167
02041
02044
09984
03762
07154
07090
00782
00574
03782
03587
05780
10014
15548
07491
07258
02564
03711
03406
08978
02015
02015
02013
03823
08349
02529
07407
02532
12972
03561
03832
09945
02073
02072
01521
01714
02034
01754
03415
13929
13930
13931
13932
13933
13934
13935
13928
00615
00615
07160
00812
07006
09958
01951
01725
01673
01910
01646
01644
05522
00241
02552
03560
01785
01784
02017
07404
08680
02549
02004
02014
00657
10541
10540
03593
01104
12992
00033
00059
07404
04067
00939
03455
11751
03406
02824
01439
07733
07014
09904
06899
02478
02897
07552
13896
13895
13894
13893
13694
01993
11927
05349
10037
10036
04047
11934
03449
07160
01961
02034
01126
05541
05873
09765
07262
04080
01051
09933
03750
00425
00426
03639
03638
03637
03636
02012
02011
06890
05349
00833
01012
02169
01935
03702
03297
02028
03825
09251
06147
02510
02033
02035
11209
02050
02049
02051
07792
07126
02049
02050
14218
14218
01664
01271
14225
14225
14225
14225
08350
02014
02035
02033
06889
01048
02035
02033
01258
02035
02033
14228
13053
14219
04085
18145
04021
01759
03201
14220
14220
14220
17950
07749
14237
14237
14237
01916
18446
01977
01977
01977
01977
01977
01977
01977
14232
01983
16961
14229
14229
14229
14228
14233
00799
06183
02356
14228
09791
00979
01495
07148
02073
02071
02072
11534
07085
00656
09136
00831
00800
00945
02945
05788
11755
02500
01814
02501
01089
00817
00013
00765
11073
11076
11075
11074
03212
09996
09999
09997
11066
11933
03704
06891
03694
02518
00684
00384
03466
03634
07478
01875
07396
08219
04069
07702
07700
01643
05964
01141
09802
00912
03675
08162
03790
09915
03980
01887
09907
07136
01876
08310
01159
07241
03550
03605
02768
11183
02769
02770
01151
11733
08159
00648
02057
08317
01070
00652
06219
03633
03804
03632
00027
01489
03635
03291
00537
00965
00941
02029
14187
09890
13060
16962
01739
14347
02010
02010
02052
00970
02001
14236
14236
14233
14233
01179
14392
14260
01840
01485
14228
14228
14228
14228
10038
14221
14221
14221
07771
01139
07274
06867
05835
05499
07791
14232
00244
03457
14188
02053
14234
02055
14234
14224
14224
14224
14224
01815
10193
10194
10195
10192
07038
06956
04764
01890
01889
02887
02916
02520
01868
03799
18146
14223
14223
14228
14218
14218
14218
01420
00948
01056
06942
05591
03088
02058
02057
02056
02074
00974
13069
03581
03582
03583
14230
14230
14229
11604
11605
03551
09816
09817
02560
00873
00036
01625
07156
01126
02053
13727
09917
01665
01752
00563
03704
03304
03808
03808
09902
03610
03609
03608
03684
07285
00130
11737
00956
02029
00826
00823
00375
06192
09857
03549
12536
14219
02030
08224
01935
07026
00285
01804
10537
10539
10538
01809
03223
03222
04759
04758
04758
03219
03603
03611
09160
07794
14225
14393
03168
13634
10773
14055
00325
00324
01627
02493
02835
02492
02494
00919
04064
01433
09858
07001
00963
04072
04058
03230
03220
03224
03225
03226
03228
03229
00031
06181
12152
00566
07153
01756
07637
02062
09901
06131
03832
10806
06190
06940
01657
07053
06178
07275
01695
01696
13498
00766
08281
04773
01142
09786
07180
01792
00134
09916
08289
01354
02217
14219
14223
14287
02358
03772
08177
02029
00344
02052
09810
06858
01985
01985
01985
01985
01985
01985
01985
01985
03574
02054
14059
02484
03307
12541
14235
01505
14234
03535
14189
14234
14665
07497
07497
14231
14231
00996
14441
14225
00674
11606
01173
00568
01524
12139
13641
07733
15125
15125
10018
06919
06919
07464
15035
01077
14226
14227
14227
14227
01760
03973
12340
14230
01051
00065
01978
14237
14237
14222
01980
01980
01980
01980
01980
01980
01980
01728
00042
03406
03406
03748
07258
16238
15396
14170
04477
03810
06201
00882
02056
00121
05844
09998
10000
00799
05966
11085
13628
14233
14233
14261
14230
14230
14230
02075
01069
01524
11607
14232
14219
14219
14219
07506
08998
03217
03650
07154
00457
07118
02902
03630
13038
05501
00762
00989
13892
13889
13890
13891
01266
13051
00648
00648
06133
02003
01091
01940
02529
10545
01879
01878
01246
03826
00835
02034
08177
12963
12962
07264
13014
10011
10012
07806
00971
02031
02032
09780
00342
00341
00340
00339
00338
00337
00334
13378
01698
03424
03118
03117
03116
03688
03690
03183
00995
03703
07689
00362
07552
02380
07154
00123
01951
04656
04654
04653
04651
00343
00331
00330
09161
09899
00925
13788
07095
07071
10017
10015
10016
03186
00764
03558
03749
11754
01963
03975
06173
13771
04095
02669
06997
00286
02221
09131
08227
05939
01223
01223
02387
02386
02398
02399
03516
12297
07140
00299
03885
07000
01207
07251
07337
13574
03424
02341
00943
07082
03604
02083
09458
02078
00645
00648
03621
02911
07040
09911
04770
01716
02167
02425
02405
02406
02407
02422
02423
02408
02409
02410
02411
02412
02413
02415
02416
02417
02418
02419
02420
02421
08369
08990
06918
03970
03969
03974
02397
02396
02395
02400
02401
03414
03413
03412
03408
03407
02557
02556
02402
02403
05876
02073
06080
01881
06194
00573
00208
06212
01147
06200
02526
04062
03113
01591
00574
00793
02458
10124
01223
00873
02426
11717
09015
09013
09014
05997
01007
09773
01256
00763
01893
03800
06074
00432
06073
12410
09808
09808
03723
04046
00675
08191
03106
07173
01919
03563
01872
08300
01465
12149
12148
07146
02517
03669
03670
01438
01118
03367
03739
03740
07733
00147
00931
11926
02394
02393
02392
02391
02390
02389
02388
02029
02029
02000
02002
03543
03446
03214
03672
00998
05811
06176
01770
00991
05589
00860
00957
02302
00390
00381
04093
01270
07232
10026
02016
01689
01937
03215
00865
01706
13918
00370
02575
07673
03797
03607
03808
01737
08195
02034
07300
03321
07661
07639
04775
03303
00782
03578
01118
03778
14058
14054
11065
01434
03721
13643
02016
02015
02013
15580
01681
00868
01866
09001
06077
06938
03683
07390
03597
03088
00278
05590
03648
15977
02045
02047
02046
02048
02647
01129
03281
01845
01626
09857
06192
03808
01673
00760
02011
00797
01611
08307
03695
05810
06180
05807
05809
01626
02884
00554
02860
02959
03565
03781
02057
01613
04033
02478
03710
11903
07733
09954
01972
03272
00982
07184
06153
01633
08591
10013
00372
09800
07278
07322
03773
07269
02939
02963
00884
02034
11750
02346
03271
00899
08963
08967
09880
03273
02071
02072
02024
12308
01224
01821
00549
00077
07341
13954
00373
00371
01588
01589
01752
02036
02038
02037
00937
11932
01512
11940
06929
01734
00878
02029
02029
01951
03601
03977
01892
02656
06941
00940
07751
04755
02016
05820
00600
05916
04751
07715
07711
01952
07106
12542
00997
03560
02990
03218
12573
02686
03584
03685
03100
03596
03598
01807
05596
09807
01624
00927
02015
02016
02013
05365
03579
01975
06206
06204
01894
00950
00606
01918
01579
03474
00005
08323
08322
01712
01745
05836
01745
09975
01468
01491
01883
15977
03269
03837
01714
09910
03658
11535
07799
07788
07789
07642
07664
08303
13256
01000
01929
01928
03587
03586
03438
03925
03435
01653
01652
01649
00052
01703
01704
01667
11925
02064
02063
01652
04044
04082
04487
00097
02528
06195
01955
01956
00215
12700
03527
03774
03101
01870
11753
02968
03717
03313
03686
04043
03831
09861
01733
00872
12524
07773
05805
05804
03720
08309
03472
00615
06141
00789
02742
09761
01920
07735
07447
03841
02558
01939
09937
04087
04088
03665
03666
00791
03572
01448
02453
02452
06925
02451
00824
01682
00382
00627
00163
03807
03806
05517
00767
02682
02504
02505
00364
00859
09862
03070
13301
01711
02377
12995
03473
07649
07774
07795
00154
09906
07090
07261
01736
07320
08296
02361
02363
01252
00216
07002
02462
02461
02460
02459
02458
02457
02456
02455
14475
02535
03531
03590
03589
01924
02563
03588
01925
01653
01996
01995
01998
01997
01999
02336
03580
05801
04744
03771
06076
01190
01708
00116
04754
02016
02015
02015
02013
02529
04095
02760
02761
02759
01586
02053
05539
01775
01118
03701
15532
01755
01738
06966
00832
17241
17242
13936
00557
00009
09967
09967
00831
03536
09795
01857
07115
01414
02470
03629
02338
02313
02914
01258
00135
03227
06887
07660
09760
01424
04753
04774
03613
03612
03614
03615
03616
03617
07305
08316
05799
02035
01835
07675
04771
02027
00813
07245
00758
00853
01488
01679
14682
09815
01487
01426
11904
04065
00090
00799
07497
00632
01897
03566
05874
02477
02477
05540
01092
03475
03406
02793
02794
02795
01146
16013
11616
08225
07497
14588
01730
00567
01805
00138
02379
04564
02562
01755
00930
00145
01438
01595
00757
01061
00549
03576
12973
00640
00057
03071
09798
00060
03274
02841
02844
02527
00954
02034
01273
01586
10543
02913
00014
07566
07479
04096
01462
00604
03500
03282
02879
03040
02986
02948
02952
02919
02950
07237
07236
07235
03760
07643
03745
03775
07070
06158
00855
07397
12941
12940
14057
02585
02584
03839
13529
02593
02586
02588
03737
13288
06949
01613
04568
00246
03098
09922
02356
01810
00928
03319
00906
01637
01638
00651
03076
02876
02907
02988
02881
02933
02994
02954
02931
02895
02874
02961
02904
02878
02982
02890
02965
02886
02892
02926
02906
02946
03594
02192
02355
02992
01590
01867
15269
07678
04487
13819
02596
11939
11748
01091
01783
03112
01735
00891
02507
12291
12289
12288
05366
08312
04762
04083
02170
07400
00705
00688
02444
01714
02439
00111
00688
00703
00975
02478
03704
07722
00133
06155
06145
06911
00113
00112
00111
02445
01126
02853
12582
02805
02472
02465
15724
05796
06901
02029
02029
02039
02036
02038
02037
02040
01738
00820
04042
02114
02112
02115
02111
02113
02109
02110
02108
03501
03495
10823
05790
03628
01610
07638
07659
04760
06959
05834
03654
01058
05786
03284
03657
03733
09921
01778
06202
05851
01749
02496
02498
01756
04033
03671
03732
03656
13821
00053
02521
01754
01687
00826
11258
01652
07391
09897
01825
07112
07112
05368
15585
15586
02619
00059
06179
03406
02414
00575
03087
02035
08992
07214
02755
02756
02757
03488
06078
09476
09476
09476
08997
08161
00380
01630
11392
02033
03776
01092
01885
01243
03647
02342
03469
03743
01439
02035
02033
00769
06445
08964
00799
00374
11179
09909
00088
01011
03803
00058
03442
02049
02050
02051
01479
03768
07343
03286
07393
04488
01525
07034
00616
02533
01585
02778
02779
01731
07793
00647
01782
07214
02454
07017
06177
03324
05874
07497
12537
03488
13637
02077
03293
08234
06919
01941
01457
03719
10019
10020
10021
14761
06221
07491
14742
01150
02464
00639
02843
12984
02033
02035
00854
10563
02116
16012
15256
15257
15582
02032
00127
00124
04655
04652
06281
06282
02348
03776
02755
02756
02757
15342
01507
07304
01119
06889
11991
02587
03747
03499
01569
07019
09898
10914
12942
03769
02597
02591
15580
15584
15580
03468
00245
00247
00548
00244
06887
02592
02851
07120
01719
03769
08178
00230
03498
02441
00700
00851
02852
01069
02799
02800
02051
02050
02798
02049
00383
00784
00845
02035
02033
00845
01577
15545
05603
02099
03767
18100
18101
15738
01096
15461
15554
01082
15532
15536
15634
15773
15771
01728
15772
15553
02428
00839
02031
10824
04765
15790
02595
03585
18138
15460
15723
15583
15577
15578
15581
15539
16347
08970
15342
12538
01834
01713
02594
15587
15268
08173
08679
03111
18139
18138
15984
18968
19734
15974
05802
01728
01728
01728
16092
01643
07491
01646
02030
02014
02014
02014
07724
07724
07724
03205
03746
07724
07724
00526
02424
02028
10009
02030
02029
02029
19164
15554
16087
16077
16066
16074
15495
03566
12143
11736
16203
11734
02031
07165
00537
16345
16210
16210
11747
15496
02055
01990
16322
02054
02054
01223
11734
04014
04015
12262
07749
16263
16264
12145
16329
10544
16693
18650
18650
07684
05816
17237
02027
16704
01166
11894
03776
02071
15554
15553
15553
16692
05812
12368
19230
07662
04772
13693
02055
12144
02849
07012
02031
02032
02030
02030
02030
02030
16842
16963
15841
02303
06075
01218
00951
02803
02804
16868
19227
02049
16841
16840
01501
17239
17243
17242
17241
01843
02028
02503
02030
17202
17210
17209
17247
17240
17243
00265
00040
03496
17713
17203
17204
02028
02028
17208
16922
10439
00681
00681
01990
05601
01992
10111
17686
10111
10111
19789
00108
01791
00632
06518
01658
12136
17837
17758
17759
01497
07459
00254
02809
02810
01497
06518
11928
08485
01187
03585
02032
02031
02032
02032
02031
02031
02058
17938
02031
02032
03296
08348
07483
07483
07483
02031
02032
03366
02031
02031
02032
02031
02032
02031
02032
18143
18144
21430
02033
02034
18195
02034
02032
02032
07483
05874
07491
04763
07782
03406
03406
03406
01910
01644
07491
08325
02459
02456
02455
02454
02453
10192
03574
02760
05876
01920
00762
02003
02004
08987
11903
03319
00389
10111
12151
07052
03406
16554
00549
01175
18326
18457
11904
11904
18507
18522
18555
18521
18518
18504
18505
18511
00335
02460
18515
18527
18676
18691
18650
18697
18765
18928
18889
18828
18929
21645
09690
09691
20866
20862
18800
18778
18657
18890
03746
07724
08722
07724
03194
03203
03204
03196
01732
01732
05785
07724
18850
18850
03553
03674
18929
03746
03169
04565
10748
03646
07810
05839
18928
03761
07497
03976
19055
03526
18979
19048
19048
19000
07746
19129
19221
19161
19162
19222
19165
19119
19226
19123
19236
19170
06320
19173
19117
19174
19163
19163
09951
19127
19229
01710
19164
19160
19171
02777
19163
01239
01239
19163
07012
19118
19130
19228
01406
19128
12979
19235
19169
19168
19172
19164
19164
19222
00336
19270
01992
01992
19416
03722
07497
07497
07497
07497
07497
19338
07497
19267
19337
19334
19303
19304
19333
03722
19611
07344
11209
21602
00799
00525
02796
05875
05875
05875
05875
19775
19745
00799
07147
06131
19784
19837
15777
02483
19804
12137
19802
19802
19803
07263
19810
21636
21613
03406
03406
20023
20266
07686
20332
20333
20429
00526
20431
20531
20533
20533
20527
20531
20542
20532
20543
20533
03197
03200
20528
20529
20530
20541
20628
19591
22132
03199
03195
20757
02438
20881
20920
20988
21029
21021
21086
21087
08968
21801
00821
00525
06919
04068
02316
06217
00560
03546
06217
03791
06223
01520
02335
00857
06903
06907
06908
06906
06905
07313
01185
06866
06191
02314
06907
06903
00287
05375
03292
07497
03651
13695
21470
21602
21695
21698
22015
22024
22051
15576
05275
01816
03595
22129
22105
22110
22110
03077
02257
11391
22293
13566
11206
00424