01869
02651
03296
03536
07301
03327
07113
02902
02078
02340
01512
03558
03980
07025
04078
01154
03577
03406
03406
02916
03327
02372
00059
02078
04758
04758
08352
05936
04042
09013
09811
01239
07315
00124
00864
05878
02931
05796
01533
01533
04764
03642
02238
03499
09729
05879
00820
04077
03408
00700
09903
08068
09157
09798
09931
09740
09763
01881
01951
03424
03687
01493
00764
01265
04043
03685
00297
03076
08984
08999
00782
09007
08963
00176
08998
09764
09004
09777
09778
09774
09749
01704
01588
01658
02417
03640
02029
00604
03497
03496
07403
03977
00826
07709
02526
03750
05772
07034
03686
01999
01997
01996
02500
02410
02409
04655
04654
02401
04562
03415
03585
02003
03284
07263
03648
01912
03980
03110
03614
03617
01996
01995
01998
01997
01999
07182
03458
03639
02188
07001
05837
07139
00208
03703
03705
01929
01925
03588
03531
02858
03799
02038
02037
03303
02838
02967
01677
03593
04652
02004
05786
02536
03179
03770
00761
00817
03118
02198
02057
00963
04066
07007
07019
03149
03150
04096
00175
07030
07037
06217
03768
04069
03147
00018
00382
06873
02406
02390
02556
01627
06958
06966
02836
03820
03074
03517
06213
01154
03427
07814
04763
00605
03499
03474
07456
00384
01007
04485
03089
01710
01784
03545
02986
02988
02982
02906
02992
02950
00703
02066
02065
02313
03551
02280
03650
03217
01990
03559
03832
03406
03671
06903
06905
03621
00059
03427
01153
03442
02033
03631
06890
00652
00973
00375
02115
02111
03579
01751
01681
03798
03431
01156
01885
01879
01878
03601
03040
02355
01902
01624
00648
03386
02108
07462
07089
07052
02005
01991
01912
02481
03316
08289
02019
01419
02313
02338
02823
00533
01147
00826
02390
02527
02440
02377
07442
01480
07090
02380
00123
02004
07289
07175
02407
07011
03415
03923
01439
01153
06926
00939
00266
02926
00645
03698
01926
03406
01154
03415
02190
02397
02396
03177
06873
03427
06895
01628
01630
07151
00534
00533
03500
06187
03409
03525
02501
02411
02421
02405
01784
00384
03642
03615
03734
03753
04767
07001
03570
07305
04486
02007
00384
02372
02687
07457
04773
02194
02406
02227
02556
02557
04759
00177
02575
07164
00954
05595
01092
00655
03584
03408
02528
05807
00995
07736
03414
01653
09761
08307
00185
08306
08303
08303
06400
03581
02316
03733
07318
06903
02005
06950
06180
02109
00567
02481
02435
07121
03564
03408
02796
07460
02884
06960
02959
03321
07005
02422
01953
07507
03150
06077
02030
02030
03409
03671
06907
07098
03733
03581
03088
06400
00950
06192
03075
03789
01823
03569
04065
03769
06320
04075
02968
03771
06925
02970
03530
01087
03671
05589
07168
00974
07011
06199
03413
02897
06282
06281
04653
00384
03561
03559
03832
01512
03116
02190
01091
01737
03602
02919
02907
02881
02954
02961
02904
02965
02892
07043
00374
00534
00533
07323
04751
03337
07257
03406
03550
02279
02282
06346
00793
03630
06173
03801
07090
07722
01673
07321
07095
02013
02016
02393
02386
02392
03183
03969
01185
01154
04517
00124
07402
03218
06997
06206
06940
07096
05810
03562
01678
02041
06179
03594
06857
03637
02388
03413
03612
02379
03752
05799
07088
02113
03925
01817
03470
00981
03390
06940
03111
03413
02389
03270
03928
03978
03786
02517
01808
01056
02952
02876
02874
02878
04754
01159
06204
02278
07040
03624
00847
02065
03469
02493
02864
04069
01153
07053
05366
03303
02335
00014
01956
07497
01081
03787
07098
00868
03406
02043
02069
03828
03168
02030
01897
02035
01955
06907
03296
02112
00394
03182
02195
03721
01952
03072
07152
02274
06178
02337
07657
07150
03271
02520
02355
03737
01657
02057
07491
01993
02066
07304
04771
03210
07027
03442
03711
03711
03711
03711
03711
09116
09137
02890
03407
00575
00575
00575
02835
03744
03616
02887
02221
08591
00794
09748
10563
09889
07058
09769
10038
10036
09988
09949
09928
09858
09794
09812
09129
09131
09136
09133
09117
00123
00123
00123
03388
03388
03389
03389
03390
06891
09141
09121
10773
00782
09458
05516
09747
02477
00783
09710
05799
06140
00246
02481
03307
07497
03686
06929
01271
04651
07213
02404
02415
05540
01653
02031
02004
02005
03745
06142
02963
02990
02030
02843
03743
03117
02481
04029
04031
04027
04028
07090
02002
05772
07027
02044
06166
06165
05774
07497
07132
03530
07497
07483
07497
03798
03799
04751
02231
03406
02380
02379
02019
02020
02017
00001
02481
07487
03406
02420
02418
02470
01892
01915
07713
02029
02028
02029
03768
00179
04773
00290
02000
01593
07045
02035
03307
01448
07444
07576
02276
04770
01883
04103
03814
02871
01889
03100
02415
02557
02557
02518
02619
02030
02529
06204
07257
00633
01784
03567
06878
02041
02518
07220
03043
03046
00198
00001
02168
02481
07089
02032
07497
02032
07568
02018
06968
02035
02014
02355
03406
01895
01784
01695
01744
01784
00384
07305
07090
03406
02584
03406
07481
03406
02042
02030
02029
02003
04786
02065
03799
07497
07497
04084
03406
00283
02945
05343
07469
03406
07447
02387
01126
06287
01095
01790
02030
02233
07107
03741
07391
07216
03523
02935
01653
03672
02018
05873
03101
04074
02879
02948
02994
02895
02946
07566
03501
02067
02039
03625
07133
02996
00891
01802
01962
01963
03406
02939
02197
03216
02557
06189
07387
03634
03413
07497
02114
02109
03589
03664
02860
02006
07497
02067
02066
00177
00175
00174
03413
00534
07803
03530
00759
07335
02002
02002
02020
02341
02052
07126
03060
00970
03503
03574
07216
04069
05337
03532
02054
02053
03826
06076
05592
03406
02408
02035
02909
07497
03073
06864
02406
03827
01921
03408
03406
09857
07032
07443
03752
00001
02030
03563
02956
03824
03411
05919
05788
07025
03973
03970
07219
03750
06910
08352
09749
02806
02793
02795
02794
06381
06142
00390
02217
04562
07487
09914
02825
09937
08641
09767
00969
05520
03406
07042
03406
07497
07289
02481
03286
02437
03413
07263
06603
02414
06320
07487
04757
07560
07497
03406
09936
09810
09808
02519
04567
00111
07089
02057
03186
05773
01998
01995
07082
03613
02002
02003
05776
02040
07056
00395
02357
07301
04069
02406
02356
02933
07023
02867
01843
02523
04024
03406
02042
06966
03281
07238
00058
02042
02044
02028
01696
05592
01843
01679
02412
01652
03296
01711
04564
05515
01236
02433
03587
02563
00104
00266
04744
03412
06147
00174
00282
00174
00175
06153
03412
01652
03150
02036
02434
03581
03427
00609
03502
06442
02358
01738
00128
09181
01703
03696
00031
01696
06937
03641
02034
07552
07304
01678
02034
02033
06898
07033
02057
03733
06147
02016
02013
02275
01012
04095
06990
01752
02035
01677
02469
02343
02056
01262
02033
02224
00111
03644
03313
07391
01953
04088
04087
06941
03406
02535
02601
02863
07071
03406
02015
01752
00929
06889
02394
02392
02600
06949
00426
03974
03406
02041
05781
05780
06162
06969
03572
00033
05596
02419
02556
03595
00978
01709
02444
03306
01057
09125
01876
01893
00525
03575
06158
00133
05367
06894
03281
03665
02400
02004
03315
00123
02945
00790
04656
01585
06131
03885
02001
05794
03455
02003
03569
02232
03438
01928
01924
03590
03070
03106
04079
02035
03169
07277
02314
04094
06180
02824
02056
06207
03783
02015
00147
06942
01897
03308
06861
03092
02446
03495
03310
07301
03466
03555
01586
07478
03667
02492
03498
03723
03086
02316
03841
03702
03694
03407
00548
03628
01870
01662
03544
02886
00958
03320
06959
01895
02283
03308
03553
06168
03654
07137
03701
03321
01755
00615
01868
01885
00833
01586
04759
06972
03979
02416
03325
03596
01873
06888
03310
02377
01711
01756
04487
07137
03833
01845
00425
01895
01649
00104
00925
03695
01744
01835
02193
07011
07011
03926
07502
07023
07335
03154
03148
03296
02035
02406
03496
03408
07011
06951
04758
05799
03293
06897
07010
02899
02888
02116
02110
02413
07045
06191
03530
07471
02030
02029
01999
03834
06164
06163
01153
03427
01945
03274
03657
06877
02346
00266
02837
02398
03533
00127
11358
03671
06196
03741
03741
01999
03321
07485
07497
00185
02427
02388
07488
02482
01142
02030
01537
06013
01915
01687
01486
01733
01939
01669
00102
01875
01854
01866
01689
06041
01921
03527
01654
09809
00705
01255
01007
01886
00661
01356
01912
01923
00013
00566
00873
01000
00075
00616
00554
00099
00806
00655
01638
01077
00029
06015
00656
00963
00677
00878
00788
04720
00688
01520
03797
00940
00286
00945
01489
00845
01814
01693
00088
00556
00789
01918
00606
00769
00796
01775
00259
00788
00951
01071
00681
01620
01933
01937
00791
01714
01778
00278
00767
01356
01734
01803
00930
00012
00997
00928
01649
00697
01409
00573
01912
00215
01972
00684
00760
00919
00948
00053
00067
00748
01338
01358
01008
00097
01887
00990
03465
00549
00943
00134
01872
00600
01338
03738
01940
01207
01698
00858
01749
00927
01783
01012
01935
01436
00931
01591
00942
01736
00891
00003
01776
00773
01790
03738
01465
01834
00762
01921
00656
01042
00640
00688
00634
01251
00962
00057
01952
01613
00052
01953
00145
01912
00036
01817
01609
00766
00800
00765
01496
00946
01810
01867
00979
00849
01785
01953
01654
00979
01246
00134
00768
11179
11180
11181
08483
11189
17828
11085
00619
02342
13542
10910
06042
09815
09816
09691
10679
09817
10819
09690
02277
05396
01151
11072
11070
05788
00666
01890
00029
11069
11071
00812
00245
00244
07636
07704
10206
11749
01462
14393
11742
11743
11065
11068
11175
08483
11183
02768
01163
01664
08300
00856
00965
03524
12574
01654
12950
08304
02474
01491
07250
03574
00912
13051
13292
00602
11752
03524
00595
01874
11753
02304
08305
13819
13038
13789
13747
13541
13788
12510
12511
12573
13954
11261
13895
02844
12506
00620
13993
13652
02224
01958
14218
14218
14415
11754
02028
14231
13993
13896
13893
13894
13821
14228
14228
14392
14228
14229
14238
14225
14225
14225
14229
14229
14219
14230
14233
18929
14232
14230
14230
14233
09882
05520
03394
13626
03605
03297
14228
14234
14155
14236
14232
14237
00941
00974
14233
14218
14218
14218
14218
14230
14230
14234
14223
14228
14221
14221
14223
03088
14224
14224
14224
14237
01934
14219
14225
14225
14235
14222
14228
14228
08325
14237
01980
01980
01980
01980
14445
01977
01977
01977
01977
14232
14227
14227
14227
14227
14234
11473
09691
14226
01426
14219
14234
04749
06133
14233
14233
14261
14220
14220
14219
14219
14219
14170
13993
01665
13993
11392
14652
03560
18928
09892
08316
12960
15034
16011
02031
19221
02533
15635
15633
15738
02428
09022
01082
02034
15371
02032
04765
15778
08679
12542
15986
12541
10716
03320
12543
07487
07487
07487
07487
07487
13993
20037
20038
10716
02029
10804
10804
03699
00850
11645
11645
11645
02008
02055
02034
02032
05825
02033
02031
16784
16783
09690
07012
02473
02029
10037
02030
02030
02030
02030
16915
02009
16885
16886
16887
10819
00196
11720
07091
00176
11473
00124
11261
00602
01439
11646
10907
02843
03273
00604
00604
08884
13598
02019
02019
02911
02913
05808
13993
13993
03154
02044
13599
00528
07461
07742
03498
15539
07315
09749
09765
09791
09793
09981
01950
01262
03561
00528
04749
00184
01978
01985
01985
01985
01985
15035
02030
02030
17316
02030
02030
02030
17317
17315
06881
02028
17103
17218
00184
02028
02029
02029
02029
02029
01983
02028
01990
10112
05601
17686
04749
00437
18008
03605
11784
11782
09458
18285
11785
11783
18691
18682
09888
18930
03976
03892
03526
18997
19046
07746
21935
19123
08678
00571
19124
19092
07448
19125
19126
07451
09951
01992
19302
01066
00638
19710
19689
19802
21636
21636
20038
11529
00821
14441
21555
21563
21600
21947
22024
05802
21903
22129
09022
22226
22227
22205
02257
00611
17758
17759