03303
00632
01875
02469
08681
02338
03629
02313
02914
02470
01006
18672
03605
02004
02851
10040
19578
03297
09685
02636
03406
03406
11180
11181
00784
03769
02499
02004
07308
07729
02035
02033
11179
03406
02051
02050
02049
07308
01480
08978
03321
11051
19221
07045
18925
01515
02251
07307
22010
11261
07720
07056
00376
07218
06284
01874
03424
01448
05985
02528
00297
02556
02557
09861
06295
01056
03723
04769
03530
07571
06382
04075
03798
00940
01938
00796
01633
00950
01918
01579
00278
00767
03524
03525
03624
04567
03367
03739
14188
03740
08369
13653
03340
01599
02343
09747
06187
06317
03737
02034
08303
07456
03116
02916
02887
03437
01889
01890
09888
00185
02224
07738
00563
05366
01866
02805
10012
07112
07112
00973
01060
07306
04759
00797
01868
00239
00240
02029
02029
02897
01448
01476
03088
03547
00145
00620
00930
07090
09936
01875
02007
06911
06975
02015
02015
02016
03654
03710
09790
07476
06348
09936
03466
06015
01464
07651
07775
07460
00343
00342
00341
00339
00338
00337
00333
00332
00331
00330
03470
14540
03100
02884
00554
02860
06960
02959
03106
12960
01628
08963
03110
04758
03664
15987
03075
01689
15633
01803
00927
03092
06958
03701
03702
03797
09811
09812
00615
00615
03070
05808
03704
02372
03093
05946
03569
13963
04069
08369
02016
02015
02013
01955
00694
01207
03088
03088
02194
03088
01008
07166
09157
01681
01610
02040
01740
01738
07306
07306
01163
03282
06180
10907
03216
03410
03799
06295
06923
00768
02231
02233
03100
00865
03449
03969
03826
01643
01644
01646
06967
03086
01129
14155
01040
00074
01849
03385
00606
03696
04485
07736
00991
01770
00640
01883
11145
03218
03091
02913
03073
02601
02867
02863
02864
02935
03043
03046
07590
02950
02992
02355
02358
02906
02926
02892
02886
02965
02890
02982
01821
07139
02478
00997
01775
07723
07010
02003
06959
06925
03789
03752
01673
07238
02470
04069
01356
01921
03100
03665
06413
06207
03666
00791
03572
03555
06168
03620
00566
04487
07478
03671
01876
01892
03088
07175
09776
07560
00759
07462
01653
01652
03074
03072
09163
03210
00773
07568
06381
03551
03550
01159
13950
01251
00067
01448
00611
01940
01755
00763
01923
05967
01924
08223
07282
07137
03431
00820
03710
11106
01486
08600
07306
07306
03657
01751
02355
01305
06409
03787
01495
00850
02313
00995
00198
07321
03529
03685
09458
02078
00645
00648
03621
02911
07040
00925
07001
06012
03655
01752
01752
02902
04083
01783
06949
06283
03737
06381
00790
02114
02112
02115
02111
02113
02109
02110
02108
03088
03088
00926
05782
07813
03517
01915
01534
00074
01652
03852
16052
00266
03581
02337
00954
01963
01962
07090
01667
06950
03088
03088
06158
00859
08309
00384
02551
01661
01911
07727
00872
00003
00826
01687
01652
01653
00053
01703
03116
01845
01698
13542
01749
02492
02304
07399
03117
03118
01611
03620
06209
06398
00057
08591
03977
03588
02945
03527
00655
00945
03303
15876
09773
01879
01878
02015
02013
02016
03833
01042
02380
00123
03584
00901
07042
07037
06438
12141
12140
09117
02970
02503
09761
04486
03088
01993
02669
06180
11927
06878
06915
07150
01251
08602
01733
00876
07461
10773
07090
03183
03969
06872
00782
01644
01902
01903
01266
10206
07053
01273
06416
01421
01421
03657
07075
00762
01591
01955
01956
01465
00609
02825
06180
03101
06911
02548
07007
04030
04024
04029
04031
08369
00783
06871
01996
01995
01998
01997
01999
01939
01756
01338
02939
02878
02904
02961
02874
02895
02931
02954
02994
02933
02881
02988
02907
02876
03076
01265
02518
02952
02948
02986
03040
02879
06180
01895
06173
02003
13954
03639
03637
04078
04077
00760
01951
01952
01588
01756
01923
00764
01933
11175
00602
01945
08369
07107
00873
00134
00313
03522
03521
07397
00134
06950
07777
00194
07321
03385
04654
04653
04656
15553
15554
01714
00928
00133
06411
06410
00215
00962
02956
11753
02834
02519
07742
02600
09748
00963
01358
11473
07516
13770
03522
03521
03413
02029
02018
02020
07219
10206
06295
03671
00384
00384
06001
06153
03744
06872
01644
01714
01647
13292
00259
09384
03782
13530
02003
09786
07180
00943
15580
15581
07699
03823
04486
03652
01821
01151
13653
00012
01007
09769
03565
05592
00995
14441
09767
06917
03466
07402
06937
07090
07727
03975
02346
07137
05571
05569
04061
07095
09936
03703
06950
04766
06941
03500
00604
01462
04066
03710
00789
13038
03060
00942
09777
01778
00761
00600
01808
07566
02493
02835
02909
01624
02490
01775
01937
01887
01449
01893
00262
01586
07090
01886
06140
03310
00077
00283
00282
02437
00605
01870
04074
02221
09772
06997
07636
05810
03091
03091
06383
01996
01995
01998
01997
01999
11692
03531
03589
00790
00075
02563
03588
01925
01000
01929
01928
08384
03438
03925
06901
02963
02990
06942
04651
07150
03501
03495
03650
03217
08998
03536
05567
05566
00198
02083
01483
14977
09771
06199
11068
01611
04564
00052
00286
00931
00147
01626
03594
03147
00878
00788
00941
09793
05516
02003
00800
06208
03313
07007
02550
06178
06374
06373
06024
05896
01867
06408
06407
06406
06405
06379
03091
06929
00756
01839
02687
03686
04043
03687
03705
03596
11614
03980
06385
02968
02340
01938
01491
02237
02168
14083
00584
01869
09710
00969
07574
03979
02899
02888
06306
02003
02003
03088
02073
02072
02071
02502
00765
00013
00817
01693
02501
01814
02500
11755
03734
03734
03657
01972
02435
02434
02594
00031
02588
14138
07321
11752
00793
14652
00794
03091
03695
03088
06131
07240
07240
01881
11749
00099
00981
00806
02838
09903
02357
02967
03706
03667
01419
03733
04094
03168
04096
10979
01151
06423
13993
07391
00266
07306
00831
00651
02029
02029
01142
01008
06193
02434
07646
07667
03100
01953
01915
03523
01754
03763
01649
03521
14534
00074
04561
02305
02057
02057
07335
02217
03311
03088
06295
07552
01975
03439
01810
00705
00703
00975
00975
00688
07736
09707
00382
04486
03592
03568
03324
03753
03750
07138
00955
00957
00390
02045
02047
02046
02048
03408
02392
02387
02392
02390
02389
02405
03411
03410
04562
02404
02039
02040
02037
02038
02036
07071
01779
02034
07306
07306
03116
07306
03710
09974
04759
04758
01265
07699
06399
03631
03402
00858
06442
01662
09775
13789
03602
03601
03284
01491
03088
00266
00528
03625
08301
05837
03608
03609
03610
05515
03571
03570
03569
03630
06287
01744
01926
03306
07220
11754
01873
07301
03978
01338
01609
01817
00766
01696
01695
01657
03544
03545
11473
07458
03657
01779
06714
02871
02996
02013
01866
02003
13292
13747
03215
01007
03827
03522
03521
00074
03088
03800
01753
06949
00243
03327
00782
02013
02279
03733
02283
04095
03852
03710
03427
02003
00864
07306
09022
06436
13282
03802
00919
06412
04042
00948
07680
07727
00077
01464
01799
03594
06295
02341
08298
00313
00185
06894
02379
06206
10039
10040
03320
04751
00797
00375
06215
08681
01754
01620
01091
03648
07322
01534
02002
02001
02000
11358
13653
01448
00375
07306
09768
07023
06920
15738
04079
09760
07444
00928
01247
03688
02016
02015
02013
02837
00782
02400
02401
02421
02420
02419
02418
03413
02417
02416
02415
02385
02413
02412
02411
02410
02409
02408
02388
03412
03408
03407
02422
02407
01790
01709
00978
02406
03563
13626
02397
02396
02398
02556
02557
09770
04030
04024
00656
04069
02346
07043
02570
02573
02567
06131
03798
02188
03394
05936
02189
05895
06042
02232
02227
02224
00425
00426
01667
03721
01915
07217
06929
02007
07507
12267
00868
00171
00169
00170
00172
11473
01961
06397
06396
06395
06394
06393
06392
06391
06390
02356
03786
02662
02654
02456
02456
01735
00891
01736
00014
07015
01613
03091
08303
07082
07447
01872
00989
01678
01677
04835
01776
06387
07238
01449
03797
03575
00824
17828
00568
00974
16785
16180
14222
01715
07038
14084
16511
16181
16182
16188
00183
04759
15583
07123
02051
02050
02049
01966
02004
03406
02653
01759
04518
01424
02241
00027
00619
00244
02823
07258
04767
04652
06346
07098
06147
06147
02056
03409
06196
00845
00700
09825
07161
09749
02414
04720
16013
16012
03406
02009
02049
01571
02653
00929
00626
07729
03406
07793
05337
10563
02552
02549
09121
00059
00805
06282
06281
07052
06928
09138
00127
00124
01619
01489
00548
02564
02005
02004
07052
03406
06889
00626
07034
09133
03498
03498
03499
06898
07126
02004
07114
06990
10041
06147
00088
01258
07052
06603
06603
02004
03708
09698
00567
01759
07009
02004
02004
03825
06864
01409
01934
02050
02051
09155
06281
06282
04488
02619
01784
05570
05568
05565
01466
01466
09684
07729
00184
06147
04517
03856
00721
07258
03783
04763
00244
02238
05020
07584
02251
00939
02035
02033
01989
03406
00241
03406
10254
08680
06897
06013
09787
00772
09762
02240
13280
11179
00027
06147
00567
10823
15582
05337
02824
09931
00548
01104
02446
00616
03048
03976
01759
03406
07308
07307
07308
07308
07258
07161
01439
03855
09118
02086
00197
04655
07258
03177
00219
03406
05833
05832
01989
02051
02050
02049
02017
00970
06282
07192
00575
00121
01474
00184
03406
00184
01039
00626
01848
07588
07308
07308
05337
00548
11072
11071
11069
07079
03294
01515
01409
06402
03406
04076
02428
07098
10563
02035
02033
07307
00595
07307
00058
01262
02004
07308
00626
00059
00626
07793
03406
00805
08352
15986
02433
03307
01835
01989
05832
05833
01784
07308
01916
06281
06282
00548
09153
01560
07729
07308
07308
07307
03711
03768
00059
02371
07030
00949
01989
02574
00284
14225
14218
18349
09818
03429
06296
06296
15023
18350
03457
03457
05825
06297
06297
02031
06297
16786
16787
01985
01985
01985
01985
01985
01985
09819
11050
00042
02032
02034
06296
06378
06415
00971
01704
16651
09820
13015
16906
16907
00634
14230
14230
14225
14225
14225
06400
16203
01980
01980
01980
01980
01980
01980
02652
02006
02008
02030
02030
02030
02030
16785
16786
16787
16850
14233
02193
11991
17716
16849
14233
14233
14219
14218
14218
14218
14237
14221
14221
14221
14231
14231
14225
14225
14230
14230
14230
14234
14234
14234
14229
14229
14229
14228
14224
14224
14224
14224
14223
14223
14225
14232
14232
14235
14228
14226
14233
02006
02008
16846
16845
02003
00198
04027
16905
16937
16899
16898
00196
00184
02028
00184
00183
11070
01978
17103
01990
01992
01990
01992
02029
01992
14233
01983
02028
14228
01990
01977
01977
01977
01977
01977
01977
01990
01992
06881
01992
14227
14230
07307
00185
00184
14228
14228
01992
01703
14227
14227
14227
02028
02028
03574
15024
15024
17218
00951
02484
01897
01897
01897
07307
00184
00184
01537
01537
17363
19575
14237
01992
01990
01990
17076
17074
17073
00335
10947
01990
01990
15555
14220
14220
14220
07576
17686
03088
05601
14219
14219
14219
17758
17759
00290
02003
14232
14238
14219
06518
07308
14219
01791
01791
08194
07469
11928
00537
02027
12574
14236
14236
14236
07979
14238
15876
01739
00128
00128
04757
04749
14228
14234
14229
14237
14237
07284
09022
02171
14742
01846
05299
00561
05799
05799
05799
05799
05799
00196
02172
05396
00104
00104
00104
18234
01473
18231
00334
00336
06297
02574
03406
07307
00104
03406
03072
07307
00963
08298
01715
03303
00219
00185
07307
07307
08358
06281
07301
01652
00185
00185
07399
04758
01715
12574
02946
03303
00789
08358
06334
08384
01715
11691
02004
03671
00548
02433
02435
09022
00244
02016
03408
03593
02654
03630
07668
07307
03545
04077
04077
00244
07053
01356
01129
08369
08358
07308
03406
07307
02573
07652
03671
00656
00059
18346
07459
03742
02032
00681
02477
06384
07794
07794
12555
18640
18707
18682
18924
18925
00132
00132
07171
19294
03790
03790
07171
01971
01992
01990
18967
18924
03790
06147
18930
18929
18928
03111
03497
03496
03169
03497
03496
03496
03169
04028
04028
00335
13052
03526
07816
19048
06595
19091
19221
02626
01710
11615
19221
19225
00020
01990
01990
19268
19302
19285
03722
01990
19341
04771
04771
19294
19342
19405
08217
19411
06338
00561
07216
07216
19689
19689
19784
21900
12137
19814
19814
20074
20038
12132
20037
07308
21636
18122
00525
18889
18890
20534
01179
01023
01023
01023
21071
00821
02005
13075
04068
02314
03553
02316
02316
07474
06217
03465
02315
01520
00558
00558
03546
03546
01493
21252
02335
02003
02004
02031
05576
02031
07005
07005
07005
21405
21405
03293
03293
02483
21471
21472
05364
21555
21600
01420
21562
21558
21600
10914
21600
21600
21559
21565
21566
10914
21562
10914
21929
03741
21993
21903
18244
01463
01816
03595
00015
00015
22132
22278
06993
08264