03711
03711
02967
00088
02523
03798
01151
03183
03183
02435
02433
03527
03210
03686
01657
01658
01733
01738
01736
00525
01696
01635
01695
02031
02434
03744
02499
03088
02454
02653
02662
02669
02654
04070
03101
06180
02335
03977
04043
03687
03705
00616
03686
03696
04077
04651
04652
04656
04653
04654
04655
02897
05808
03630
02337
03856
02032
02034
02033
02035
06199
03664
04518
03075
03799
03926
03517
03734
03118
03116
03116
03116
01737
03553
03565
01990
01992
03455
02469
02968
01628
00793
04069
00329
00356
02888
02899
02909
01814
02038
02036
02039
00334
00335
05794
02380
00123
01784
03271
03399
03399
03074
03072
00970
04066
02884
03925
03438
03590
03531
00525
02970
01889
02838
02357
03630
06287
04751
03320
02500
02501
02227
02585
02592
02590
02587
02591
02586
02589
02588
02018
02020
02016
02015
02013
06147
03523
03100
03572
03657
00609
01956
01955
02823
02835
02493
02355
04763
03703
03824
03555
02338
02483
02669
02902
03655
00208
02911
03625
02078
03723
06207
00266
02340
03696
04485
01883
04759
03709
02548
02528
01493
00124
03152
00008
02224
02483
02040
02037
06282
01704
01703
01653
01652
01588
01892
02004
02003
03596
02356
04568
02669
00331
00332
00333
00337
05580
00339
05576
00341
00342
00343
03424
02232
02614
01995
01996
01999
01998
01997
01897
00179
00180
04488
02500
02956
00995
01858
03177
02834
02519
02600
02935
02864
02863
02867
02601
03073
02913
02358
03685
01512
01897
06346
03536
02914
02963
03111
02990
03631
02483
02484
01156
06206
07033
01783
01808
02016
02313
03979
00969
02470
01892
02346
02238
02237
03499
03499
03498
03499
03306
03525
03070
03466
03702
03550
01159
00334
00030
01677
01678
01515
00858
04517
03785
03856
02950
02992
02355
02946
02906
02926
02892
02886
02890
02982
02878
02904
02961
02874
02895
02931
02954
02994
02933
02881
02988
02907
02876
03076
02518
02952
02919
02948
02986
03040
02879
06173
02871
02996
02341
02314
02939
03621
03701
03546
03086
02316
02108
02110
02109
02113
02111
02115
02112
02114
02860
02959
04487
02836
04567
03584
03284
06187
02343
01056
03043
03046
03551
03789
07739
06196
00525
01843
03531
03590
01783
01808
02016
02015
02013
02227
00817
02233
02231
03671
00197
00194
02015
02013
02227
00817
02233
02226
02231
03671
00197
00194
03545
00852
02356
03733
03168
04096
00172
00171
00169
00170
00334
00335
00065
03665
02887
02916
02520
03624
03147
03501
03470
00788
01880
03547
06178
01990
00560
01649
00954
01975
11753
06966
03386
06990
07053
08681
06215
07477
07028
07043
07007
06877
00602
07001
07031
06997
07507
07304
07052
09903
09153
06942
07391
07056
02965
08256
00845
06973
07560
07006
06994
07089
06001
07576
07316
07478
07729
04075
04078
07457
07447
03741
07007
06915
07738
08963
09777
08982
09013
07566
03592
09981
01952
01952
00940
00946
00919
01520
01873
00948
00600
00997
00800
00891
00014
01735
00939
01265
00789
01251
00772
00973
00820
01586
00384
01007
05982
01875
01689
01972
00058
01866
01921
00615
00768
01938
00615
00768
01938
01876
03893
00951
00826
01591
00942
01872
00773
00991
01770
00789
00766
01734
00286
01869
00554
01507
01881
00099
00981
00806
09747
09765
09769
09740
09946
07042
09720
09131
09117
10563
10773
09458
00794
08591
01874
09710
06158
09764
06910
02825
07497
09767
00566
01486
00760
01579
00606
01918
00052
01649
00053
01687
01951
01945
01756
01923
01693
00817
00013
00962
00215
00133
01714
01939
01912
01255
01870
01950
01915
00762
01465
01495
00003
01895
01433
01802
00930
01940
01755
01887
00645
00059
00931
00147
00989
00859
01496
01867
05947
01885
00767
00611
00057
01937
00764
01933
01409
00567
00766
01609
01817
03465
00640
00796
00950
00145
00928
01356
00604
01358
01778
00791
01803
00927
01662
00760
01868
01462
00943
03568
09807
07030
07040
09125
07460
07568
03787
07220
04759
01129
06960
02482
01912
04758
07497
02334
00442
09817
09815
09816
09694
09695
05595
03594
07462
07636
03797
03217
10206
11752
00619
11068
02315
04564
00134
12574
01992
04042
13292
12140
01491
07448
03711
03752
03524
01990
01358
06168
03743
01890
12141
03711
13640
11754
01843
04758
02334
13963
02503
03088
01491
00620
13038
03605
08591
11749
00441
14088
03558
03431
14237
14224
14218
14234
01622
14086
14087
14225
00966
14228
14091
14235
14219
14228
14233
14126
14128
06925
00024
14234
14233
02013
14219
14225
14233
07045
14228
14232
14221
14219
14237
14232
14232
14236
14224
10907
01980
11261
14225
14223
14228
14222
14228
14230
13993
14219
14231
14218
14234
14652
14220
14090
01978
14227
14230
14219
14237
14230
01977
14229
14233
14223
14226
14170
01985
14475
07497
14218
14138
14138
15521
15635
02226
15635
14415
15916
02428
02594
07130
15987
10716
15987
07130
09022
07343
07159
07159
16264
02017
16370
08591
00330
00974
07730
07502
06384
14229
15035
17828
00765
01992
00196
00184
02028
02029
00336
00185
02030
15580
01704
01703
01992
01990
01990
01990
01960
03215
17686
17758
17759
00528
06281
03183
18682
06147
01735
03526
19221
19221
07451
19221
07451
01992
01992
01992
19710
19689
00821
10914
21929
22044
22205
22222
22222
07755