00336
01006
18672
00335
07012
22278
06881
01990
11741
11741
00169
07464
07464
07464
12574
07260
00196
07012
18349
18350
01791
03738
03738
17828
00335
00336
15555
01926
04070
01921
00606
02355
06409
03787
01495
00384
01449
06042
05895
02189
05936
03394
02191
02188
00297
00297
03388
15023
00194
07321
14138
00198
07321
00648
03621
02911
07040
00954
06012
03655
02902
00763
00794
14652
00793
11752
02000
02001
02002
01895
01783
06949
06941
03500
00604
01462
04066
03438
03925
04486
07001
03324
07090
14445
16886
16885
00394
00395
00958
03324
06158
06019
07228
14445
06959
03594
02112
02115
02111
02113
02109
02110
02108
00260
03738
01040
00600
01808
07566
02493
02835
02909
03628
09928
01624
02490
04773
01937
01887
03182
01611
01775
02478
01895
03324
00334
12410
05967
01733
03388
03390
01662
00806
13993
07399
15876
03385
01091
01738
15973
13038
03060
00942
09777
00812
10206
01778
03738
03750
01912
10856
02990
03501
03495
03650
03217
08998
03536
02398
03412
03407
03408
02556
02557
03408
00826
01665
01534
03738
00074
03088
03088
03088
03088
00688
00246
07089
13767
02001
02002
15553
02916
02887
03437
01889
01890
09888
02347
03652
08303
07456
05366
01236
13057
06206
03388
07148
07113
03308
01640
01159
03550
03551
09765
06381
07568
00773
03210
09163
03072
03074
03093
07180
09786
02029
10979
04096
03168
04094
03733
01419
03667
03706
02967
02357
09903
02838
00806
00981
00099
11749
01881
09748
02600
07742
02519
02834
11753
02956
00962
00215
06410
06411
00133
00928
01714
06153
03466
06917
14441
00995
06871
03088
03969
02003
03724
00303
01915
03738
08223
03183
00334
08972
08999
00688
09768
02617
02013
00180
00179
10907
01449
02224
03665
01886
00031
00074
00783
02500
00790
06871
07095
00989
01448
04766
06333
06334
02417
02416
03413
03410
03411
02392
02392
02405
04562
02404
02400
02401
02421
02420
02419
02418
02417
02415
02390
02390
02389
07813
02003
06423
13954
03738
00177
00175
00174
00176
01591
01955
01956
01465
00609
02825
08221
16868
12256
00259
03738
01610
03789
06925
02490
07010
07723
01653
01915
00262
06888
01953
01915
02016
03088
07341
00334
13963
13963
00817
13653
01055
03823
03088
00375
06207
07461
03565
09769
06416
01273
07137
07007
03704
06901
03388
15342
02230
02034
07321
03088
02034
03150
01012
03118
03088
01007
13653
02914
02313
02338
03629
02470
02469
06215
08681
01875
07727
03704
07007
05592
06412
04042
00948
02897
07560
01056
03723
04769
03530
06381
06387
07571
01524
06382
04075
03798
00940
01938
00796
01633
00950
00941
03427
01154
01153
07043
01153
03427
01154
03716
06937
07402
02018
02020
01918
01579
03517
00278
00767
01845
01698
13542
01749
02492
02304
02003
02346
00175
01952
01952
03816
02057
02057
07335
09793
03833
01042
03179
06215
15372
00259
07112
04564
07399
02016
02015
01695
01696
01817
01609
00766
01657
13292
03466
16898
07444
00459
01486
07075
05946
12454
00012
13015
01939
07137
01338
02939
02963
02413
02412
02411
02410
02409
02408
02388
02387
02422
04061
02407
07075
02406
03563
13626
02397
02396
00198
03088
03088
01012
00797
02626
01151
03738
02428
03524
03523
16785
03753
03525
03624
04567
03734
03696
04485
07736
00991
01770
00640
01883
11145
03218
06962
03091
02358
02913
03073
02601
02867
02863
02864
02935
03043
03046
07590
02950
02992
02355
02358
02946
02016
06966
15342
04069
04069
07402
07402
07141
03924
03186
03182
01912
02013
02015
02006
02008
02007
05895
03654
03186
12507
03182
01007
01007
01647
03091
02585
02586
02590
02589
02588
01950
07043
01673
07043
06180
03101
11358
07099
09816
09817
00969
00876
00762
09003
01486
08602
01486
01817
01935
00833
09125
01945
00602
11175
01933
00764
01923
01756
01588
01951
00760
03688
05979
02018
02020
07219
07138
00928
00872
00003
06209
06398
00057
08591
03977
07139
03980
06923
01091
00765
01869
09710
06295
01265
00705
02346
02069
02068
02550
07090
16937
01008
01866
01007
00878
00768
02233
06442
01662
13789
03602
01491
03601
00266
00528
03625
01961
06397
06396
06395
06394
06393
06392
06391
06390
02356
03786
03592
02654
03568
01821
03215
00995
03701
01613
17103
03702
03797
09811
09812
00615
00615
02836
03070
05808
03704
00789
00963
02372
05946
02575
03710
02013
02015
07090
06213
07053
10206
02231
02232
02227
02224
02233
04766
01849
03610
03521
03522
00074
06168
03555
03572
00791
03666
00180
06413
01356
01677
01678
01903
01902
01849
05606
00024
02379
03388
00334
09740
00873
00850
06285
02337
03216
10773
06929
16881
02594
02434
02435
01972
03657
11755
02500
01814
02501
01693
00817
00013
07813
00147
00931
03979
02899
02888
08301
05837
03608
03609
03610
05515
03571
03570
03569
03630
06287
11754
04759
01873
06425
03978
01338
03544
01358
03545
00134
02115
02111
02109
02110
02108
02114
02112
15342
07090
00627
03644
00764
06949
03088
06180
05739
06385
02945
03527
00655
00945
00800
06208
06178
06374
06373
01867
01586
06001
06408
06407
09165
03091
06379
00756
01839
00177
00175
00174
00176
03695
05516
04043
05919
06328
01652
00648
12452
00978
01709
09457
07175
07726
03664
15987
03075
01689
15633
01803
00927
00134
03092
03151
04487
06958
01810
03703
00355
00844
01703
02666
02662
02669
02652
01735
00891
01736
00014
07015
03752
05515
08303
07082
07447
01872
00566
04487
07478
03671
01876
01892
01895
07458
01358
00198
12960
01628
01251
08963
01993
06295
06297
15495
07090
03110
03685
09458
02078
00645
01870
09131
04074
02221
00286
09772
06997
02039
02036
07636
05810
07738
03091
03091
06383
03531
03590
03589
00790
00075
01924
02563
03588
01925
01000
01929
01928
08384
01358
07699
06399
03631
03402
00858
07462
11473
03547
02837
07391
01512
07460
09989
00343
00342
00341
00340
00339
00338
00337
00333
00332
00331
00330
03470
14540
03100
02884
00554
02860
06960
02959
03106
02283
02279
02654
06412
03215
01247
01912
00180
00179
16785
16786
16787
03821
01448
14445
07813
05795
05795
04079
00806
01012
01935
00833
01464
00172
03390
03388
03426
02020
02018
07090
08309
00859
03797
01356
01868
02520
02343
09747
06187
07090
16846
16845
07080
01677
00242
00240
06317
00174
00175
00177
00176
00943
02341
07056
06284
01874
03424
02528
09776
06436
09936
07238
00919
03733
03716
03088
02003
01007
03556
07133
02906
02926
02892
02886
02965
02890
02982
02878
02904
02961
02874
02895
02931
02954
02994
02933
02881
02988
02907
02876
03076
01265
02518
02919
02952
02948
02986
00145
00620
00930
00611
01940
00074
15866
07727
01755
00826
01687
01652
01653
03040
02879
16785
06173
02871
02996
01448
13770
07516
04069
12410
02379
03738
04069
02363
00074
00656
03319
00053
01652
01649
01703
01704
00052
01649
03431
00820
03100
01955
08482
09116
06153
16915
01534
15495
02019
04751
03320
03154
03149
03150
00788
03147
01448
07775
01007
01007
04759
04758
03388
04651
03088
06942
00303
11068
07090
06199
06199
07112
01644
02237
09157
07166
03584
01878
01879
09773
01975
01129
03086
06405
06406
06407
06297
06296
06295
03594
06967
00179
00180
03657
06915
13954
14155
01687
00394
00395
07813
03116
00123
02380
03118
01977
01977
01977
01977
01977
01977
01977
01977
03738
00198
14138
05825
09803
03688
06950
00995
06131
02007
02008
02006
01912
01893
00180
11178
05772
00761
03624
07006
01993
04072
03320
04751
09807
08641
01091
01153
01154
03427
05606
03738
03388
04653
04654
04656
00198
14138
04766
08224
06940
03750
03088
03569
06283
06381
00790
02114
02379
04078
04077
01738
06409
15738
02548
12267
07301
03799
00574
03826
02019
05773
03639
03637
03753
02340
02968
06385
03596
03705
03687
04043
03686
02687
09761
02503
02970
01040
01008
06438
07037
07042
00901
03284
07650
02003
00074
03636
01486
01486
04766
07090
00768
01776
03308
07813
00860
00012
07053
15778
02003
07636
02039
02036
02038
02037
02040
07130
00036
01681
07217
09771
09771
14230
14236
14236
01990
01990
01992
01990
14233
01990
01990
01990
01983
00951
01897
01897
01897
01897
14218
07045
14218
14237
14084
01990
14222
14229
16786
16787
00805
03708
07067
09698
01092
04748
04748
00626
02446
00548
02190
11688
04720
00088
01848
07588
01515
00666
01896
00626
01715
01848
01571
00059
00626
09118
10563
00059
00059
00441
03404
03405
16786
16787
01537
03307
00626
06864
06897
15496
02051
06877
03148
03519
00059
00626
14128
14126
04652
07030
07098
02030
02238
09121
07729
06282
06281
03307
07316
01156
03698
04763
02824
06013
00059
06898
03406
04655
06196
00027
09764
03750
07219
00567
07729
06282
06281
01039
01489
07770
02005
02004
01823
09126
07052
02004
07658
00033
03307
09155
01474
01474
01990
01990
10112
00939
03399
02086
00197
07161
09138
02342
10563
07258
08352
07258
06889
07258
02025
00666
01907
01916
07009
02030
02028
03177
00241
00244
03406
03406
03406
02004
07052
01619
02035
02033
10823
02035
02035
01572
11261
02035
02033
00058
02499
03574
03649
16887
07576
15497
05601
01985
01985
01985
01985
01985
01985
17686
07182
02342
02017
15635
08483
06873
01784
07161
01156
04517
03856
03856
00974
07258
04763
06147
06147
04477
01077
07491
09762
04477
01026
01571
03307
01784
02851
02653
04488
07126
15554
07658
11105
01715
03519
03518
00567
16786
09787
09251
00772
03406
03406
00385
16951
16950
00059
02371
01469
09729
03711
07258
11179
03455
07250
01039
01572
01104
00616
01992
01992
01992
01992
07192
02004
02005
02050
02049
02051
03856
06889
07397
03499
03498
00949
06857
11179
11181
11180
00626
00805
02004
00619
02056
03469
03499
00055
09138
03856
16899
03768
07032
02342
05337
01934
01409
01537
08981
09167
06346
02428
03406
00575
02005
02004
02823
07250
00027
00548
02414
06603
03406
09749
01480
02035
03518
03519
03519
03307
03518
07669
03574
09825
00244
00245
01782
00626
03699
03649
09126
02009
07051
02592
02587
02591
08097
09815
07098
03386
03499
03498
00666
09942
07034
02433
06402
02051
04076
00626
03325
02116
03406
03406
01980
01980
01980
01980
01980
01980
01980
07469
07979
17758
17759
14225
01658
01658
16180
02027
02026
07469
01843
01843
18115
17763
00971
07979
06378
14233
07469
14218
14218
14218
14235
17836
17752
17762
17734
02171
14219
14233
14234
14234
14228
14228
14218
01980
14226
00124
02031
02032
07068
07068
07068
14127
03605
05299
14230
14230
14237
14237
00196
05299
07045
07045
00329
00356
14227
14227
14219
14219
14233
14220
14220
14234
14228
14228
14228
14228
14224
14224
14224
01985
14232
14223
14223
14225
14225
14221
14221
14219
14232
14231
14237
14230
02172
16011
03719
00104
14237
01985
14232
14225
14229
14229
18234
01473
01473
01473
01473
01473
06880
03605
03605
02614
02614
09942
16173
11785
01474
01999
04759
14445
01449
01845
03498
06297
15876
01912
01448
11175
07727
06871
03750
03388
02379
05772
03406
09974
06215
11179
07469
00196
01715
03088
03088
00666
04769
09022
03574
03630
02594
00878
09940
01091
03406
07491
03088
07282
00666
14445
03784
18234
02078
01897
06206
04488
01704
04763
04763
04763
00074
06385
04763
06910
06296
07727
04763
13954
01011
01649
07491
00179
03518
00334
01912
01715
03630
00963
04769
03519
07588
03390
03183
03116
07491
03797
02337
03641
11991
03518
00059
00059
02016
00179
03666
03388
03738
07777
01848
01849
16850
09747
13653
01715
01897
01641
01715
01715
00074
03727
03388
01715
07068
01915
03518
04766
01912
06297
06295
09022
03406
11782
01897
00334
18285
18346
18348
07539
11783
11784
07459
05799
03743
03742
07705
07245
02477
02477
02477
06384
06384
18640
18682
18707
01971
18856
07005
07172
07171
07171
07012
07316
01992
18843
01971
03111
03169
06218
03497
03496
07473
03497
03205
07473
07473
03169
07473
03169
05792
16149
00335
14742
02663
03526
13640
02664
16149
13274
12979
19091
19092
02482
19157
19158
19115
09951
19119
19221
19159
19114
19092
19117
19115
19114
19221
19157
19157
19158
14761
09951
01710
09951
19116
19118
17865
07451
19091
19116
01990
03722
03722
01992
07496
07496
07496
07496
07496
07546
07496
07496
07496
07497
00335
00335
19309
19310
19405
19294
19411
07710
19545
19515
19516
19710
07540
07540
19689
01258
19814
16181
01474
03499
12132
20074
07800
21636
00170
20460
20461
20459
20486
00087
20534
20454
22132
16182
00652
00821
01768
21071
00632
06217
02315
07451
03676
01520
03553
02316
06904
03465
02316
01493
02314
06223
00558
00558
06919
03546
06223
04068
07451
02481
02335
07052
02031
02172
01599
07741
21417
06415
21416
21416
21417
11690
21405
03293
21405
21405
21405
05364
21471
21600
10914
10914
10914
10914
10914
10914
07538
21929
21929
21935
21929
11923
21935
02334
22010
18244
22044
21903
00015
03595
22112
01932
22116
03892
03892
01905
22224
01905
22224
01905
22224
01905
22224
03547
02257
07755
14127
01551
18672
00590
22465
22465
03389
03389
03389