14127
00065
00966
00329
00356
14227
14237
14232
14226
14224
14222
14230
14220
14230
14228
14218
07483
01622
14126
07033
14233
14218
14234
14225
14225
14221
10907
02304
07667
03284
14233
14237
07045
14228
02313
02968
01591
00796
00950
07001
09769
07053
06941
00566
06281
06282
02380
00124
00123
00123
02237
02238
00928
02499
01938
07321
01491
00194
00197
02887
02916
02520
01868
00330
00331
00332
00333
00337
05580
00339
00341
00342
00343
03424
10773
02232
03524
01599
03116
07304
06966
01689
00134
14219
14219
14232
14219
14228
14228
14225
14228
14219
14238
04517
14229
14230
14236
14232
14233
02454
07486
01420
14224
14234
06147
05947
01155
01897
05576
01178
01537
01843
01077
01992
01990
00970
03296
06207
01950
03470
07460
00788
07477
01880
03547
06178
01486
00760
02669
08999
01007
01129
02316
03086
03546
03701
01255
03639
03637
00150
07730
14237
03388
03671
02231
02233
00768
00817
02227
02013
02015
02016
02016
00525
06196
00442
03388
03389
03390
07739
03789
09765
03551
03046
03043
11753
01866
00058
08681
01870
06346
08998
03536
02914
02963
03111
02990
07456
14128
06941
02224
01918
00606
01892
00765
00013
00817
01693
01923
01756
01588
01945
01951
07566
01808
01687
01652
01653
00053
01649
07507
01703
01704
00052
01649
00560
09013
01876
03545
01358
00852
01262
03733
03168
04096
01586
02341
03665
10206
01778
00791
01803
00927
01662
02115
02112
02114
06960
02959
05982
02836
01915
03631
07502
03590
03531
03596
03399
01507
04042
00973
00820
06910
07025
01783
01808
00615
00700
00688
02111
07058
01579
03787
07568
04567
01875
00335
00334
00170
00169
00171
00172
03723
02315
02314
02939
00384
03621
03638
03750
01462
08966
06997
06001
01056
01972
01998
01995
01996
01737
01999
06915
02337
01673
01975
07457
02050
02049
07089
03325
09760
01156
07316
07301
02194
02195
00123
00124
02492
01749
13542
01698
01845
00297
03584
06878
03284
06187
09747
02343
03572
06897
07665
01657
03733
03581
03088
01356
01883
01770
00991
03630
00567
05808
11754
00604
01658
00766
01609
01817
01696
01695
03523
00794
00793
11752
02600
07742
02519
02834
03177
01858
08256
00995
01939
01714
00133
00215
00962
02956
02342
02108
02110
02109
02113
06158
04043
03687
03705
13292
02077
03711
07341
09777
00942
03306
07220
03499
03498
02335
10563
02970
04070
01885
06180
03101
00800
00891
00014
03785
01735
03856
00997
00335
00334
03427
01154
01153
00059
12339
03527
00655
06888
05794
00788
03525
13038
07030
07642
01251
00789
02996
02871
06173
02879
03040
02986
02948
02952
02919
02518
01265
00939
03076
02876
02907
02988
07636
13963
03313
03696
01952
01952
00266
00528
01520
01635
02653
02662
02669
01493
03925
03438
03590
03531
01890
01889
03797
02006
03734
00951
02470
00845
00963
01872
07447
00773
06942
01892
02469
01356
01628
07454
00826
08591
02897
07113
11068
02528
00919
03556
07043
07665
00175
06929
02358
03073
02601
02867
02863
02864
02935
00859
04069
06990
07478
01960
00024
01677
01678
02503
01515
00619
00858
03568
03592
02002
02000
06966
04488
04487
01738
02008
02007
07056
01874
00805
08982
00525
07738
06282
06281
01409
04078
04077
04651
04652
04656
04653
04654
04655
06013
04075
00763
00602
05516
13640
03696
01937
00641
01740
01191
00764
09720
04564
08982
00179
03752
01512
03685
02068
02069
01356
02346
14162
02197
02198
09767
03074
03072
04066
02884
00554
03075
02434
03664
01915
04518
01008
01042
03833
02340
03499
03499
02837
01338
06903
06907
07006
00611
03977
08591
00057
03183
03183
01735
02548
09117
07164
04759
03711
00640
03926
03517
02379
03183
03856
00088
07305
14155
07576
03466
07461
03624
03147
03501
00943
04751
03320
02356
04568
07667
00382
00033
00762
03100
07090
07090
09807
03657
02669
05846
05847
05846
05845
02825
00609
01465
01956
01955
02823
07007
00850
03594
01881
00099
00981
00806
02888
02899
02909
06215
01159
12574
03070
14170
01736
00821
00930
00620
01940
01755
02902
07030
03655
03703
03555
02004
02003
00873
02338
07001
00703
00975
03753
03771
00003
01733
01495
02835
02493
03521
03522
05772
01750
05773
02355
02881
02933
02994
02954
02931
02895
02874
02961
02904
02878
02982
02890
02965
02886
02892
02926
02906
02946
02355
02992
02950
03088
00767
00278
03210
06168
09710
03455
00145
03798
01151
00940
06925
00946
02654
00600
00948
04763
09458
07462
06877
09764
02500
02501
01921
01921
12251
01895
07391
03308
02967
02357
09903
02838
01887
01867
01433
01814
11755
03550
01869
00286
00954
04485
09790
03799
03744
09981
03558
06915
04079
07042
03686
06718
00836
06720
03695
07636
01620
01734
02040
02037
02038
02036
02039
07560
07007
06973
03979
00969
03711
03565
03553
03116
03116
03116
03118
09131
00989
00147
07040
02911
00645
00059
03625
02078
00931
06940
01129
03654
01153
01154
03427
00174
03465
01873
02435
02433
07090
09125
03702
08963
00772
07028
00616
03628
13993
03709
19302
07075
00721
09819
07497
00030
02001
14234
14235
14223
14229
14231
14223
14218
14219
14233
03743
14652
14138
06857
15521
15635
02428
15635
15916
02594
07130
07171
15987
18682
07483
07483
07483
07483
07483
07483
07483
07483
07483
13638
07159
07159
07213
06940
02483
01978
08591
00974
06384
16264
16267
15553
17828
02193
02226
16915
14393
15023
07318
00196
02028
02029
01992
01992
15035
15580
01704
01703
01992
01992
01992
01990
01990
01990
01990
03215
17686
01985
05601
11749
17758
17759
03605
01977
01980
07486
18707
07172
06218
07171
03526
19221
19221
07317
01990
01990
19710
19689
11529
21564
10914
21600
10914
21929
22044
22227
22205
22222
22222
22222
03469
07755
17759
01551
05299