10563
02548
10773
07462
07001
00602
03271
11719
12297
02666
03111
09903
02945
02469
02470
07390
03648
03575
07397
01962
07320
02536
02372
03685
03431
03599
03732
03801
07258
04068
03771
02528
03789
02523
03536
02435
03587
03438
03797
03215
01673
03684
01424
02563
04771
08303
01963
03497
01889
01878
03686
05788
01807
00609
01883
02315
02906
03500
02878
03641
00648
03666
03555
00794
06187
03841
03610
02356
03665
00244
04069
03553
03550
03177
01664
06176
03501
02036
03798
02427
02527
06180
03981
01354
04564
03767
03688
03719
02535
04066
02952
02948
03040
02879
02664
02907
02876
02518
02314
03673
07042
02867
03744
04761
02990
02963
02622
03470
02519
13038
00350
00351
02888
03624
03469
02440
03168
08591
02355
02992
00600
01597
01494
00014
01698
01868
00820
06041
01783
00627
00215
01591
00560
01609
00761
01843
01939
00891
01752
00566
01007
00795
01465
00989
01756
00831
00286
00684
00677
00748
03100
01834
00981
00806
01265
01885
01759
00287
00021
01823
01641
01803
00674
00912
00790
00297
01744
00758
01142
00762
00868
00878
01945
01784
02841
01776
01581
01409
00951
01256
00029
01207
00760
01778
00948
02492
01273
00208
01870
03101
00799
00764
00949
00134
01077
00800
00945
00970
00950
03386
01462
00604
01810
00763
01507
01258
00864
01338
01358
01867
01869
01129
00928
01872
00057
01719
01749
00979
00995
01443
01716
00773
01754
01775
00963
00164
00658
01854
01873
01937
01627
01689
00088
01951
01972
00759
01142
00075
01668
00925
04567
01419
00789
01921
01924
01925
01000
01929
01928
01897
01626
00554
00275
01845
00615
00927
00962
01887
00133
00858
01875
00939
01736
00926
00611
01478
01633
01735
00384
00382
01613
00937
01886
01952
01923
01933
01714
00791
01876
00859
01881
01255
00557
04487
00605
00873
01934
00645
00059
00943
01919
01057
00036
00033
00796
03439
01772
01525
01491
01866
01599
00656
00611
01258
01284
01284
02671
02676
02667
03546
03640
03631
03073
03977
06192
03574
03644
02837
00526
02433
04754
00111
03760
02160
02662
02838
04758
02663
07091
02339
02357
09014
02970
09117
02899
02343
02338
02358
02340
02335
02337
02669
00525
02652
03409
02939
03547
03701
00059
03657
03702
06178
07089
03427
03667
03617
03613
03734
00974
03612
06223
03723
03588
03110
04077
04078
00783
04744
04568
04763
02884
02959
02935
03600
03572
00793
09158
03687
04043
02916
03611
02342
03703
03614
01153
01154
07636
08483
00230
02111
03656
01624
01095
02933
03615
10806
09007
01902
02493
00426
07259
03768
03545
06177
08300
03683
02434
03179
04084
02687
05540
03183
07560
08301
00568
03797
06181
03218
03885
08309
07574
00163
01903
03043
01589
06966
08084
09458
01588
03655
03629
07173
03582
09823
03581
00954
03583
01448
03806
03786
02931
01159
02621
02926
02965
02904
02961
02874
02946
00647
02950
03596
09794
03075
02065
03269
05807
00349
03210
07478
05365
03616
00346
03628
03664
00347
00348
06168
03060
03820
09748
03978
06149
04774
11105
00018
02654
03773
03746
11189
01890
07657
02238
01056
01270
12267
01916
03608
01874
09801
02517
04773
06179
02860
02968
02956
05539
04764
00655
06186
02039
02437
03086
02660
02659
02658
02657
07447
03311
07301
07287
03584
02871
02996
09922
06959
03523
03646
03560
03562
02040
02037
02038
03577
03585
03296
07040
02911
03621
02078
07082
02341
05794
01920
03744
06217
00247
03092
02313
07085
01270
03756
02834
02600
03748
03074
03072
03733
02902
02913
02897
02494
02835
07090
03695
07019
09889
04759
03387
03747
04096
07391
06997
07113
09805
07043
00655
03530
03544
01414
07080
03563
03565
03071
02498
09765
03286
09928
07566
02665
06207
06204
08974
05805
07340
08296
03528
07090
06958
03424
02909
03106
01262
09761
02668
03690
03116
03117
03118
06190
09710
03625
07738
05896
06024
03466
03634
03979
00869
06287
03593
07102
06941
02656
09159
02887
06861
09774
03525
03722
06883
03568
03592
00882
03745
04088
04087
03529
05808
03578
03670
03669
07153
09773
07460
07056
00942
06949
03694
06891
08311
06219
02824
03495
02221
02670
03551
01679
00624
07277
03595
03321
02744
03216
07792
06999
09888
09895
02967
03424
06901
03671
03111
03327
06213
01092
03313
01520
03310
04488
09015
03924
05595
07323
09800
07278
03980
03089
03711
06985
02237
02843
02655
01619
04762
03609
03770
07054
06189
02836
05810
03650
03217
08998
02914
09747
01515
06194
03642
08305
05837
05515
03571
03570
03569
06158
03070
03531
03590
03589
03076
00245
00246
02768
02769
02770
11085
02316
01892
07568
03784
09125
01879
11175
02986
02988
02881
02994
02954
02895
02982
02890
02886
02892
03046
02864
02863
02601
02503
04047
09001
06199
06942
02441
04485
02650
07007
03837
03326
01961
08316
02487
06596
02672
03787
04075
00425
02109
02108
02110
02653
02114
02112
02115
02113
04042
03524
09473
03643
03413
11753
06872
07184
06957
02483
01243
12410
11717
11749
11754
01840
09013
11720
11752
03606
09806
05685
13288
00297
01295
09690
13788
13292
12573
14058
06925
03342
13888
09457
03564
00281
07491
07491
12942
03272
05952
09808
13522
14220
14220
14228
14228
11607
11606
01977
01977
01977
14232
14221
14221
14229
14229
14233
14225
14232
08218
06142
14232
11605
07496
14223
14233
14236
14219
22044
14234
14218
14230
11604
14228
14219
14231
14233
14230
14224
14224
06945
07491
09810
07131
14228
14226
14225
14227
14227
14227
06147
01524
15035
01985
01985
01985
14219
14237
14237
14222
01980
01980
01980
14228
14235
14230
14219
06133
14652
14645
06147
16013
16012
15600
15598
14742
15256
15257
15580
01082
15738
02428
15582
15539
15581
15599
08086
12542
12541
15984
18828
18829
12543
02237
02237
09815
06909
16291
13283
07122
15583
10823
02066
02067
18828
14218
14218
14218
14234
02030
02030
02030
02030
02030
02030
02030
02030
02009
02030
17103
01992
01990
17713
01079
01160
00254
06153
02847
18778
18829
18893
19129
15461
19127
19130
19128
11991
19416
00992
19784
21636
21470
07334
21498
07334
21993
22132
22292
22452
00424