03111
03611
00042
01628
03701
02668
02667
02650
03806
02517
02517
03551
03550
02548
02335
03310
02848
02844
02843
03274
02233
02231
02014
02015
02013
02224
02004
02004
02003
02005
06199
03578
02990
02686
02963
02939
02314
03981
00859
01696
03525
03517
03717
03821
00023
00074
03628
03562
03560
03641
03640
01998
01997
03282
02017
02018
02020
03581
03582
03583
05516
03499
00123
01999
02821
01673
04066
03498
03500
03650
03217
03536
02914
02313
02338
02470
00404
00405
03497
03496
03501
03495
00127
00124
00123
02379
03752
03753
03799
01462
04096
03747
03169
04761
03701
02356
06183
03554
02051
00135
02116
02108
02610
02611
02612
02613
01999
01997
01995
01998
01996
03530
03625
00793
04084
03926
05772
03688
03673
03549
00259
03821
01673
01159
02275
02274
02016
02232
02283
02282
02280
02279
02278
02651
02651
01679
01965
01759
03449
03975
02358
03073
02601
02867
02863
02864
02935
03043
03046
02950
02992
02355
02358
02946
02906
02926
02892
02886
02965
02890
02982
02878
02904
02961
02874
02895
02931
02954
02994
02933
02881
02988
02907
03076
02919
02952
02948
02986
03040
02879
02110
02109
02113
02111
02115
02112
02114
03690
03183
02434
02433
03569
03570
03571
05515
05837
03642
03801
03644
03656
01356
03546
03547
03186
03270
04767
00174
00175
03320
04752
00055
01996
01995
01998
01997
01999
01999
03734
00380
00428
02837
05712
00760
00329
00356
01754
02806
05808
03092
03553
03743
01095
01998
01997
01999
01996
01995
03543
01754
01433
04046
03704
05805
02193
02194
02195
02196
02197
02198
02199
02200
02200
00074
02614
02609
09761
01962
04075
01657
03672
06193
01419
03671
05524
01652
01653
05820
01703
01704
00133
06173
01695
01963
03749
03558
03269
03768
03767
01883
03686
04043
03687
03705
03631
01956
01955
03624
02427
03798
02040
02037
02038
02036
03075
00332
00333
00334
00335
00336
00337
00338
00339
00340
00341
00342
00343
01515
00525
01658
00766
03654
02275
02274
02258
02276
02259
03089
01991
01104
02654
02653
02652
03106
03086
02316
02970
02340
03643
03657
00344
02337
03321
03593
01584
00287
03101
00111
02553
03694
03704
02913
02902
03284
00324
00324
00325
02523
03088
02275
00241
00242
00240
05524
00174
00175
00426
00425
00253
01907
01738
01895
01028
01029
05807
06180
05810
01118
03821
00688
02004
02003
02575
02575
03327
00772
06207
00963
03529
02670
01439
00432
04755
04044
04082
04488
04487
02044
03555
02074
02342
03469
01069
02031
02032
03775
03564
04485
03789
06190
03522
03521
03424
02067
02065
02066
00937
01770
00991
03472
04069
03723
03981
03664
02034
02033
03770
03695
03635
03636
03750
03753
03722
00240
00242
00239
00241
03710
01644
02518
06147
02051
01993
01681
01991
01104
02004
02003
02291
02003
09181
04083
03610
03609
03608
04567
02479
00058
03092
03594
03885
03634
03466
00384
04751
00059
01256
01652
01653
02483
02959
02860
02884
01255
02339
02022
06148
03637
00567
03791
03630
04110
01740
04760
04079
03613
03612
03614
03615
03616
03617
02010
02011
02461
02460
02459
02458
02457
02456
02455
02454
02453
02012
03564
00767
03545
03544
01338
03325
05773
03821
00799
04564
03601
03561
03559
03980
02968
02655
00404
00405
00407
00406
01420
03832
04033
03798
02227
00626
02909
01338
01681
01682
04750
00330
00331
03499
09811
07496
02225
02227
00161
00162
00627
04754
06147
00266
01129
02666
02665
02664
02663
02662
05366
01586
00067
01790
00973
01710
03182
03179
03181
03655
03809
06076
00989
04773
03149
03169
06158
03734
01919
03803
03617
03616
03615
03614
03612
03613
06147
03427
01154
01153
00381
00957
02658
02657
02659
02660
06153
04487
03118
02473
02474
00956
00528
03667
07462
04748
02448
00077
03785
02160
01907
03665
03824
05563
05562
05564
05561
05560
05559
00557
00832
03572
02622
02621
02556
02401
06181
00249
03215
03087
06194
03787
02355
03630
02888
02899
04764
01889
02887
02916
02520
05788
02945
02469
00145
02996
02871
06134
03568
00982
02346
01626
03831
03592
03676
03071
03216
02169
03978
03750
01807
02039
01624
02528
00097
03771
04744
03185
05540
02498
02496
02493
02835
04077
04078
03841
03600
03599
00413
00412
00411
06187
02343
00372
02575
00363
00362
02456
02455
02454
02453
02456
02456
03218
02502
04087
04088
03665
03666
03977
01892
02656
01902
01903
04691
03117
03116
02500
02501
01693
04754
02067
02066
02065
03455
03270
02670
01879
01878
03820
06189
06217
06168
06140
00450
03110
02494
02897
01056
03210
03072
03074
06195
03070
02535
03531
03590
03589
02563
03588
01925
01929
03587
03438
03925
03271
02558
03786
02160
02687
06077
02503
01710
03606
02453
02462
02461
02460
02458
02457
02456
02455
00575
03412
02454
02022
03814
06213
00609
02669
02670
02075
02077
03594
03832
03559
02518
00074
01448
07537
04069
04117
04116
03585
04047
09456
02650
01473
01474
07003
07062
07545
03575
00059
04110
01912
02341
02676
03424
00262
02004
03639
03702
06179
01091
02911
03621
00648
02078
03088
03597
03596
03100
03685
03595
03584
03474
03703
00249
02033
02034
02035
01823
03186
02609
02610
02611
02613
01912
05592
01907
02160
02566
00059
03744
02836
00019
02600
02519
02834
03177
02956
06204
01791
02967
02357
02838
06142
02536
02372
03470
03437
02169
02170
01626
03745
03088
02014
02437
06178
00311
05589
03306
00128
02048
02046
02047
02045
02204
02650
02481
03594
01462
03201
01589
01588
00180
00179
00163
02275
01676
02305
04561
02164
02182
00074
00632
00074
00626
00249
03503
03502
02050
02049
02051
03186
01823
03169
03205
03186
01153
01999
01997
01998
01995
01996
05548
01999
00228
03427
00174
00175
05794
05793
05792
05791
05795
05795
01095
03169
02483
01849
01848
03781
03594
02010
02049
02050
02051
06857
06287
03147
07018
06986
06940
07107
06969
00954
06923
07090
07090
07091
07649
07774
06992
06990
00297
07638
06915
03556
02351
07175
07659
06942
03386
07082
04719
07107
07053
07102
07708
07122
07684
07684
00655
02314
07644
01007
07178
07320
07275
07673
07673
03630
03598
07258
07093
07182
07289
07137
06980
07007
07040
06872
07043
07636
07657
06916
07007
06861
07243
06949
06911
06911
06920
06958
06959
03496
02841
07000
07001
07001
07536
07535
07534
07539
07538
07543
07546
07547
07548
07549
07550
15864
07540
07540
07540
07544
07507
07403
07180
07277
14682
07218
07711
06997
07152
07152
07115
07305
03772
07304
09903
06023
07003
07304
07305
01968
09158
09861
09921
07391
05297
02192
09458
07552
09781
07397
00988
09773
09007
18928
00782
00783
09005
08998
09792
09774
08963
09780
07039
08307
00373
08303
08301
08303
08300
04773
07344
02492
06910
07568
09812
00507
07402
03286
05788
06941
00374
03809
03446
07006
06182
09915
08591
09919
00794
06952
09748
07552
08973
02221
06938
03746
03088
01652
06966
10563
09889
07447
02876
07058
07058
02459
02487
08085
08084
07496
09786
03832
03793
06147
00370
09979
09937
09931
03561
01687
01008
01885
00703
00975
00700
01875
01507
00791
01933
00970
00950
00606
01918
00053
01613
01649
00554
01873
01908
05889
09928
09888
09989
09978
10004
09747
10001
09800
10002
10003
03711
03711
09923
09926
07259
01776
00864
01637
00104
01126
01921
01760
01816
00130
00666
01640
01487
00616
00023
01897
01736
00052
01817
00764
01772
00858
00215
00796
01803
00684
00003
01733
01358
01551
00912
00979
00939
01940
01810
01953
00943
00832
01104
00645
01924
00059
00278
00997
01207
00995
00655
00901
00450
00141
04118
00626
01479
01468
01712
01745
01007
00219
00962
00990
01265
00806
00981
00099
00677
00748
01935
00652
00833
01079
00528
00605
01867
01952
01937
01627
01689
01495
00376
01740
01972
03060
09768
00820
00625
00925
01735
00891
01591
03439
01920
00390
00641
01599
00661
00681
00604
00252
00824
01497
05797
00548
00948
01142
00762
00946
00075
00666
00942
01775
01002
01912
00799
01424
00819
01887
00102
01784
07262
00789
01778
00969
00768
01596
01886
01915
01750
01783
01091
01609
01791
01953
01756
01953
00066
01953
00930
01876
01759
00574
01409
01633
00567
00147
01869
00029
01494
00560
01662
00795
03527
01870
09131
03111
08972
09117
00371
00001
08995
07402
07560
07154
06891
09136
09122
00674
00640
01092
01000
00666
00951
00799
01975
01951
00088
00208
00382
00658
00164
01647
01928
01465
00901
01525
00573
01120
00014
01845
00788
01465
00286
00523
01687
01251
00799
00797
10773
01247
07001
08082
09810
06968
00974
09710
09801
09760
07497
08311
08310
09932
07501
03431
00558
09913
02825
09806
08738
01560
09767
10026
08309
02527
06917
11753
09941
07566
08305
09858
09165
09933
09808
09159
07025
07395
07287
08218
07168
07056
08304
03769
04108
04107
10800
02482
10701
10701
10701
10701
10701
02487
06596
10700
07089
00647
00798
07042
01147
06446
02238
02616
03774
03795
00655
00919
00948
00773
01420
00627
00382
01724
01895
00104
01173
01687
01187
00845
01507
01667
00901
00928
01737
01714
00573
01638
00031
00031
01520
00931
01868
00012
00800
00831
00568
01866
01881
00566
00826
01872
00600
01834
00057
01012
01698
01092
00855
00615
00134
00927
00873
01923
01414
01142
01262
01945
01719
01749
01595
01755
00285
01895
01939
00940
01523
01496
01814
00817
00013
00765
00790
03741
10764
09939
03746
00384
03497
06024
03746
06445
11189
10806
01961
03797
07458
01696
09691
18923
09694
09695
05813
09690
03497
02276
07712
00906
10763
06131
05527
01586
03746
18829
11688
01894
01890
07588
07088
07738
11942
00626
01847
01091
04042
08083
12062
12063
12064
12065
12066
12066
12057
12058
12059
12061
12340
12063
03497
11473
11754
02452
11749
02237
12141
07473
11711
11712
11927
12262
03746
03746
11212
03746
00029
01874
05343
02342
02342
02342
02342
02342
01448
11085
11065
11175
08483
02274
02651
05896
03769
02078
10856
10854
03738
10855
00856
02276
03273
11312
03719
11689
07478
12061
11472
03426
07516
10804
01537
06041
07133
07054
00620
07240
07240
00612
07735
01139
09801
04103
12234
12059
12060
12056
12056
12072
12057
12058
00602
11779
12410
12062
12064
12067
06871
12068
12069
01491
06966
07217
13292
06950
11719
07390
03496
07588
11752
11690
03524
11717
00626
07213
12060
12072
12067
12065
02303
02303
12140
03182
03182
07152
07090
11720
07056
07535
08357
02474
06013
05685
07733
07323
00626
13038
06910
13288
13926
07726
08296
01961
12339
12264
12510
00375
08224
12573
12511
03574
02014
13628
01578
07107
00805
06925
14058
07234
13888
12508
00721
01782
06879
15511
00281
03657
02203
03673
03500
00797
13643
06287
14234
07576
01792
00024
07444
06941
18138
03717
13821
07238
03342
03566
01961
06867
07088
02503
07068
01007
18929
06893
14393
14162
09882
07093
13954
01070
00156
06158
10680
13634
00265
07323
13924
13771
13771
13766
00632
06985
07787
00121
06147
03297
00941
00941
14160
07459
07491
07491
07491
14335
14287
00480
09461
14260
01113
07003
07003
07003
08359
08358
04109
04114
13993
01916
12055
10914
14161
14393
14155
07075
13993
03168
02533
04517
14267
14170
14441
01156
01966
01524
14652
18360
18362
18363
15546
01011
14746
14747
14742
06921
14540
13993
14941
06400
03979
06919
15512
15371
03321
15513
06020
01969
07491
12543
15514
02428
15408
04115
15546
15634
15738
15539
01692
15461
15724
08685
08086
16011
15342
15778
15866
08679
12541
12542
00122
15977
16011
07798
02226
04112
04112
04113
04114
04115
07464
16091
16147
16090
16087
03499
01173
07497
07497
07497
00375
18828
00570
03320
03981
04065
16053
03699
02487
07038
16165
01801
05797
02617
02617
16264
16171
07323
02031
02032
18828
17048
17049
16562
16563
18355
18358
18357
18359
18356
18361
07012
11991
17716
17713
12976
00925
11209
08738
00705
06044
17103
17050
17052
17051
07576
01990
01990
01992
01992
17686
17686
01533
17675
17865
00254
14219
14230
14229
14229
14219
19745
07263
07263
01007
18139
18138
07068
03585
21430
12055
22270
21345
14235
01977
14218
01980
01985
14230
14227
14218
14232
14233
14218
14224
14221
14218
14224
14221
14228
14237
14220
14220
14219
14225
14228
14232
14219
14226
14233
14237
14234
01985
01980
14218
14227
01977
14218
14228
14228
14230
14223
14228
00138
00138
01980
14225
14237
14231
18480
18640
07316
01971
18829
18928
03427
18829
18831
20862
18828
18778
07171
07316
18831
13040
18827
07278
10747
03496
07665
07484
07484
07484
07484
19055
18997
07063
03526
18979
07452
19166
19119
07448
19163
19147
19158
19159
19117
19118
21498
21498
19068
07317
07448
19164
19221
01066
19416
19267
04771
01992
19342
19345
19302
04771
19302
19416
19339
19340
19341
19713
18828
12960
00992
07715
07666
07645
01571
00799
01977
14218
14227
14228
14237
14233
14232
14227
01977
01985
20458
06131
14234
14222
08992
19804
01980
01985
14236
14225
14233
09796
03182
20036
20035
20035
20036
20074
12132
20200
20266
20199
01236
20527
20531
20529
20532
20533
14225
20528
20530
11529
01214
16554
20993
21020
21071
21029
00821
21344
03892
21405
21405
21420
21470
21563
07334
21563
08685
21929
03741
22132
02257
00611
11206