06179
03177
06180
03470
02860
02884
03743
02520
06925
06890
00286
02343
03185
01878
01879
03686
02276
06904
02169
03517
05524
03205
03196
03195
03204
03203
01497
03601
03650
03655
00329
00356
06204
02194
00655
03629
02335
02066
02065
02523
03074
02340
02111
03624
03664
02198
01056
02897
03455
00162
06942
01588
04764
03497
03644
09903
02108
01159
00333
00341
00342
00343
00340
00339
00331
09773
03625
03701
02197
03424
03147
02341
03530
03474
00969
02313
01578
03111
03555
06168
03688
06187
03116
02010
00799
09791
02968
01419
03640
01299
05570
05571
05567
03106
03595
06985
03684
02372
04079
02469
03657
02669
06134
02913
02078
04096
03572
03466
02221
07146
03544
03545
01095
02986
00242
00241
00800
02337
06999
01462
03043
02935
02864
02863
02867
02601
03073
02355
02992
02950
02022
02011
02371
07152
02970
01903
01902
02037
01915
06167
03667
03183
02275
02274
05807
03210
02338
03684
02996
02871
03593
01681
06195
01589
03199
04088
04087
02258
03676
02493
07277
02109
02109
03590
03498
03072
02434
09747
03798
00648
02836
03596
02956
03770
03386
10563
03687
03075
04763
00029
03820
00343
02067
02012
02959
03762
02199
02528
00384
03089
02919
01129
06207
09991
09985
09987
02954
02110
00954
03168
02115
03652
01889
02887
02916
03628
03154
03149
07088
03602
03671
03204
00161
02433
00334
00337
00336
00338
00335
06213
03978
02835
02470
04566
07018
04488
04082
04044
01808
01409
07080
00794
10773
09458
04043
04077
07258
03694
08591
08973
02338
03926
03086
02316
00526
01092
02356
03217
06173
03148
03553
03110
03070
03531
03496
02911
03621
02314
03153
00795
00525
07447
09710
09761
03685
00793
03525
09760
02113
02114
02112
01883
03060
03101
03787
08738
07462
03046
00609
03801
03592
03568
01892
02259
02193
01494
03704
07390
04485
03558
02990
02963
02939
06202
06147
00239
00240
07552
03551
03550
02195
03589
03733
01952
06194
02446
03495
01952
03630
04078
03695
01679
01955
06147
06916
05788
04773
02945
03218
02358
02946
02906
02926
02892
02886
02965
02890
02982
02878
02904
02961
02874
02895
02931
02994
02933
02881
02988
02876
03076
02952
02948
03040
02879
03536
02914
03179
02036
09808
04066
02902
01965
02038
04564
03198
03199
03201
01956
03977
02518
06287
02967
02357
00411
00412
00413
07391
02427
03584
03564
03438
03979
02888
02899
03118
02600
02519
02834
02435
00330
00332
00858
02909
03071
03723
03469
02838
00981
00554
01868
00133
00789
00767
01599
01778
00927
00674
01462
01783
01915
01866
00643
00627
01951
01647
01919
01873
00764
01439
07042
04075
06980
01770
00991
01867
01937
01885
00088
00645
00943
01923
01972
00600
03465
00942
01006
01876
01920
00057
01933
00950
01012
01255
01465
00796
00344
01772
00945
00939
00215
00773
01939
00615
01719
01586
01520
03527
00382
00946
01887
01870
01689
00099
01875
00791
00228
00930
01885
04487
00568
01633
01803
01495
00833
00059
01142
01940
03100
01749
00962
00384
01881
00997
00919
01613
01591
01869
00859
00208
01698
01714
00164
01756
00566
00788
00604
01338
01358
00275
01755
00652
01872
00382
00928
01945
01507
00145
00948
01265
00658
00995
00762
01935
00940
09816
09815
09817
05527
07716
03628
01874
03203
03201
02200
07058
00134
07738
05568
12340
11752
08300
11753
11749
00970
00821
01890
00616
11175
02488
02358
00031
00602
11754
00812
13292
01262
02858
09810
16264
01491
03524
03310
07460
12262
08316
00620
01598
00024
13821
13598
00941
13599
14228
14225
14235
14230
14230
14220
14225
14219
14232
01091
14219
13628
14218
14230
14229
14233
14233
14231
14228
14228
14234
14228
01985
01977
01966
14236
14237
14222
14219
14219
14228
14221
14227
14234
14233
14229
01980
14223
14224
03201
14237
14232
14230
15371
15633
00254
14226
03526
11645
02040
14998
01978
15035
00096
17103
07263
07263
12574
01916
18588
18587
18707
16898
18990
18989
16899
04771
21929
21977
11991
02257
00611