09160
10563
09161
01419
15581
09811
13888
02426
07552
02495
10773
00684
09808
09612
14155
07343
00884
11733
07229
11746
07810
00134
00675
00027
01580
01138
00598
00041
01425
01284
00657
01935
01809
01195
00076
01488
00799
00868
00275
01759
00574
00873
05887
01007
01626
01868
01916
00673
01142
11734
00262
01008
01424
00134
01897
01752
00563
01354
01690
00036
00873
01876
01887
00697
01087
00995
01176
01935
00656
01620
00156
00384
01875
00656
00831
00800
00945
00912
00979
01893
01256
00299
01716
01734
01512
01085
01465
00645
00059
00943
01207
01756
00566
01160
01185
00285
01775
01297
01194
00652
00948
00919
01627
01433
00857
01497
01591
01147
00690
01838
00567
00981
09903
09158
09861
09862
09023
09021
09020
09018
09017
09022
09798
09802
09920
09921
09824
09806
09016
09024
09019
09458
09015
08278
00872
03310
03831
07034
04043
03686
03313
03717
02968
03774
03527
01956
01955
08277
08279
08299
02182
08298
08297
03521
03522
00313
03855
08368
06195
02528
04744
05801
06177
03580
02336
02099
02062
02063
02064
01704
01703
05806
05798
01652
01653
03435
03925
03438
03586
03587
01929
03588
02563
03589
03590
03531
02535
03070
03574
02682
03806
03807
05799
00163
01682
01673
09013
02686
02963
02939
07269
03773
07322
07109
07304
06168
02566
02565
02564
02802
02803
02804
03839
03645
03756
07667
01548
01547
01546
03305
07160
05522
07120
00241
00242
00239
00240
01903
01902
00425
07278
02058
02056
02057
09773
08478
10126
08475
09794
02501
02500
05789
03606
03208
02377
03818
03819
01991
07289
07799
07788
07642
07664
08303
02436
09807
10544
10026
06219
03633
03804
03632
00813
07140
03808
06192
03812
04770
03286
03658
06929
06969
02057
03841
02558
03592
04068
02818
02819
03485
00610
00609
03828
02339
07091
06915
06146
06157
07454
07357
07358
07345
07351
07346
07347
07348
07349
07350
01305
07559
06445
03271
07491
02400
02557
02346
03830
02839
07017
07484
07480
06940
02919
02909
06889
02167
02168
06867
00926
02688
02532
03554
03546
03547
07657
07636
03311
08682
07568
03210
03072
03074
05517
07738
00783
00794
03625
01095
03602
03152
02299
02298
02297
08218
07286
05527
03545
03544
03530
03770
06920
05800
04752
03320
05839
05802
04067
02343
06187
04079
03455
08223
02068
05838
02004
06917
02083
02381
01589
01588
03269
03768
01883
07038
07644
07665
07796
07798
07787
02362
07214
02364
02013
02015
02015
02016
02361
02363
01252
06200
08317
03805
03386
03387
06140
05964
01646
07700
07702
03326
03704
06199
03425
03644
03801
07258
03642
05837
05515
02340
03643
03820
06189
06217
02800
02562
03216
03071
03676
03274
02843
02841
02850
02848
02844
02849
02527
00954
02913
02902
03630
05501
03060
03655
02173
10537
10538
00782
10440
04771
05997
09014
07340
01811
03292
02077
02073
03445
06901
07784
07783
07675
07686
01653
01652
08154
06871
01138
03307
07085
04081
04080
08194
02470
03629
02338
02313
09916
09917
09918
02931
02895
02874
02961
02904
02878
02982
02890
02965
02886
02892
02926
02906
02946
02450
02452
02453
02454
02455
02456
02457
02458
02459
02460
02461
02462
03594
02192
02358
02355
02992
02950
07237
07236
07235
03772
03775
07070
06158
07019
07397
01664
04095
03767
00362
00363
02598
07048
06223
02507
05366
08312
04762
04083
07638
07659
04760
06959
04758
04759
02170
07400
06155
03556
02444
02441
02439
00111
02438
03654
06156
06145
06204
06206
03579
05365
02014
02013
02016
02015
03281
02647
02967
02357
02838
07277
06142
02536
02372
03470
02337
01962
06911
03825
01996
01995
01998
01997
01999
01999
03089
03110
08316
04085
06133
07722
01993
07007
06144
06149
03305
07115
00537
07285
07225
02016
07227
02015
02013
07507
07058
07290
03826
08351
07726
03704
01879
01878
02529
03796
03833
02798
02799
04075
06079
06080
02073
02072
02071
03747
04096
03500
03499
03282
02879
03040
02986
02948
02952
02919
03076
02876
02907
02988
02881
02933
02994
02954
03101
09975
10441
10441
05779
08320
04045
03169
04773
08369
08369
07305
07274
07180
03449
03684
07285
01665
02793
02794
02795
02796
03704
08169
03799
03797
03607
07313
07245
07156
02345
08289
02560
03551
03550
01159
08310
07136
07821
06201
03516
02400
02401
03414
03413
03412
00575
05875
03408
03407
02557
02556
02402
02403
02255
02217
03834
07039
03703
02425
02405
02406
02407
02422
02423
07112
06910
02408
02409
02410
02411
02412
02413
02414
02415
02416
02417
02418
02419
02420
02421
07026
07458
00558
06950
05523
07127
03746
04781
05373
06147
06147
05372
04784
04786
04785
05374
04783
08172
01426
00645
07497
02233
02231
07048
02013
02015
02016
07001
07470
07258
03312
01624
02770
02769
02768
02538
09913
01061
13895
02846
09890
09476
09475
09812
02199
10038
10037
10036
09896
09988
09893
09894
09895
09901
09902
03605
06282
06281
03620
03619
03618
00425
00426
03704
03704
07647
07772
03532
09899
02477
07811
03533
05516
03809
07224
06217
04477
06214
04338
10012
10011
09891
10017
09936
09937
09927
09888
09747
09972
09946
09978
09748
10001
10003
09892
10002
09897
10112
09900
09923
09768
02026
06918
03721
06889
01420
05591
03737
03668
02887
02916
02520
07283
07038
06956
03781
03478
01222
03490
02759
02761
02760
04064
05526
01484
06447
00840
05777
05778
03711
01258
01961
09131
01118
03578
03817
03304
05782
02055
02052
02054
02053
03823
02014
02575
08348
03778
08348
08349
08350
02972
04063
09823
09771
07263
02471
06871
08324
08159
05595
01223
08173
08322
08323
03281
08224
04775
00325
00324
03758
07661
07639
01679
01676
02790
02791
03617
03616
03615
03614
03612
03613
03305
06077
06075
04565
06938
03683
07390
04564
03604
00793
03327
08354
06078
03785
00313
06074
06073
04764
01889
06891
09251
09136
01247
00208
18838
03979
06980
01223
02437
03185
01807
05596
06895
03442
03472
06934
02799
02800
02798
07387
01585
08137
02742
07735
07447
02669
06997
03439
03575
08306
03289
07150
02429
07266
02462
02460
02459
02458
02457
02456
02455
02454
02453
02452
00104
02478
02478
09810
07251
06048
03184
02039
02036
02038
02037
02040
02114
02112
02115
02111
02113
02109
02110
02108
02116
03501
03495
06205
03718
03924
03549
06726
02529
07391
01652
02521
03273
06222
08307
03469
02342
03769
03656
03732
03671
03628
02851
05790
02472
02853
02852
03293
06871
02498
02496
05851
06202
03733
03657
03284
05786
03654
05835
05834
03576
08094
02014
02622
07000
03651
03611
07238
02858
07184
07471
07666
07645
02775
02774
02773
08302
07273
03593
05846
05847
05846
05845
05349
03777
07262
05541
06518
03748
02529
07148
02769
02770
03291
02356
07552
06183
02897
06899
07014
07685
02200
02198
02197
02196
02194
02193
02568
02574
02573
02567
02570
02572
08276
03919
03734
07676
07687
07677
07710
07714
01035
02106
06894
02469
07279
00525
00526
02445
00111
00112
00113
07806
02549
08680
02551
02552
05594
02348
00784
00343
00342
00341
00340
00339
00338
00337
00336
00974
03779
03780
02970
02316
03086
03649
03776
06878
07043
08191
07393
06911
03838
07592
02081
02745
02746
02747
02744
02079
02082
02080
07056
07121
07460
07089
05520
07461
03824
08303
03835
05592
05803
02956
03177
02834
02519
02600
03075
03431
03798
02427
07574
03624
07259
02899
02888
02523
07724
07122
07323
02067
02066
02065
07301
07301
03270
06861
03092
05808
02806
06958
08485
03814
07648
07139
00266
03290
03600
03599
02996
02871
06916
04772
04691
03402
03623
03568
08301
06287
03571
03570
03569
02160
08302
02687
05540
03557
07566
07479
03923
02016
02015
02015
02013
00335
00334
00331
00330
08722
07095
07589
07071
03186
03558
03749
01963
03975
06173
03473
07090
07261
07320
08296
06076
08970
00389
08591
04653
04651
06281
06282
03559
03561
08325
06221
04753
02621
02035
01355
08476
02221
03536
03217
03650
03836
08163
06901
07214
01223
02755
02756
02757
03603
08308
02014
03813
02013
02015
02016
05879
05878
01056
03321
02494
02492
02835
02493
07300
06197
07232
07684
07673
02575
00370
00371
00373
00374
07001
02485
03746
03427
01153
05874
03316
02315
02317
02344
03789
08723
02837
04065
03424
03784
03800
07186
04485
08309
03720
05804
05805
07663
07641
06143
07773
09774
09781
10108
09786
10545
09760
10540
10110
09780
10541
10542
10543
10549
10551
09761
06212
07387
02945
05788
09801
03154
03148
03147
07740
05982
05787
00426
07107
03562
03560
03646
03641
07793
03183
03690
03688
03116
03117
03118
03424
05785
03182
03498
00230
03753
03752
03673
02335
03978
07712
07708
06207
08318
07058
07560
02380
00127
00124
02379
03534
02855
02854
02856
04564
02526
07640
07662
06006
02048
02446
02440
02548
03667
03591
05499
04066
02909
03764
07803
07709
07713
03827
03324
05995
02815
02814
02813
02812
06182
02024
05775
03181
03179
03327
05539
02314
01903
01902
03788
03701
03111
06901
03316
06518
03385
04013
04016
04017
04018
07126
02032
02031
02034
02033
02035
01808
06167
05774
06162
05780
05781
06163
06164
06165
06166
02043
02042
02044
02041
04750
06193
03762
07643
07771
03760
03759
03755
01584
07406
01676
07792
07703
07701
06975
03765
04567
03305
04084
03926
07791
07113
04078
04077
02356
03098
00247
00246
00245
00244
04568
06949
06925
01448
03572
03666
03665
04088
04087
03218
09456
06889
03477
03476
03475
02822
02821
03078
03079
03077
02990
09125
10004
09933
03640
03517
03811
05776
02020
02018
02017
07404
07496
02169
03702
03639
03638
03637
03636
03635
06890
06890
07027
01993
03722
06970
04047
07757
04069
08313
03750
07258
08160
07085
03674
05844
03212
06188
07459
03704
03694
02518
03719
03466
03634
07478
07306
07307
07308
08219
04069
06131
10716
03832
06190
07275
01695
01696
01657
07053
06178
04774
03168
01681
01096
03113
04062
03974
03969
03970
03973
03971
03972
02027
02025
10111
09857
09858
00297
08314
04069
04761
00075
02358
03073
02601
02867
02863
02864
02935
03043
03046
03150
03149
09790
09767
10539
10109
04337
04333
04335
04334
04336
03670
03669
08161
02517
07146
03675
08162
03790
03810
03980
02399
02398
02386
02387
02388
02389
02390
02391
02392
02393
02394
02395
02396
02397
08300
06179
07040
02911
03621
00648
02078
02619
07082
02341
03424
02778
02779
07000
03885
03723
07637
07660
07153
06181
03608
03609
03610
03503
03502
03611
03314
03528
06203
08483
02777
09914
09915
09912
09908
10857
04755
04044
04082
04488
04487
06889
05820
02057
02056
02058
04751
07715
07711
03474
03584
03595
03685
03100
03596
03803
03598
03597
03088
09910
09911
02045
02047
02046
02048
07106
07223
01448
04033
04025
04026
03736
03735
04019
04023
04022
04024
04021
04028
04027
04020
04032
04030
04029
04031
07674
04754
03215
07678
03535
06175
06966
03837
02429
02431
02430
06968
03566
08304
00058
02790
02791
03488
01448
03581
03582
03583
02681
02679
08484
08311
03573
02529
02100
00926
07402
06894
07751
07141
06901
02836
07462
03981
04763
03840
06999
07337
06957
07054
07287
03567
03564
03548
02824
03601
03977
01892
06941
05367
01733
00616
01870
09710
09712
04651
04652
04653
04654
04655
07497
03555
07314
03087
06194
03787
06176
05589
00956
00957
00381
00380
00313
02809
02810
03744
06872
06872
06872
10763
00658
01626
01834
01785
00849
00965
01784
00833
01012
09999
07786
07797
07690
09906
09907
07679
07088
07749
02477
08326
03322
03815
04844
05590
06866
03648
03214
03672
09181
05811
03761
03695
05810
06180
05807
05809
02884
02860
02959
03106
03687
03631
06186
03664
00375
06191
03647
00525
00526
02000
02001
02002
03543
03446
03563
03565
03553
03743
08305
02782
02783
02781
02466
02468
02467
04656
05796
03487
02752
02753
01223
08315
09954
09909
09904
09934
07336
09971
09994
09889
10000
09970
09800
09997
09998
09159
00215
00287
01525
00097
01804
00853
00052
01649
01928
01000
01925
01924
01921
00859
00364
00767
00627
00382
01611
00797
00117
00760
01579
01918
00606
00950
00970
01975
01845
01129
00674
00990
01265
00099
00806
00981
00677
00748
01582
01881
01069
01270
00769
00931
00147
01626
01582
00108
00130
03417
01659
01720
01908
01485
00633
01190
03119
01698
01921
01077
00286
00891
00847
01187
00773
00946
01662
00795
00077
01358
01338
00661
00759
00939
01772
01066
00892
01425
01483
01608
01816
00042
01466
00865
00926
00216
01169
05966
01910
00969
01869
01953
01443
01714
01886
01175
01835
01581
01669
01647
00164
09969
18837
09791
09936
07789
00963
09477
00558
03207
11392
03315
10823
10805
10806
10748
18138
02238
03808
00137
08234
07497
01972
00867
03673
00537
01524
00681
01126
01414
00383
01580
01194
00874
00694
00090
00854
01805
01176
00835
08092
00880
01042
00009
00101
00640
00057
00060
00639
01520
00762
00989
00942
01139
00556
01486
01631
00883
01667
00820
01914
00852
00826
01687
01754
00053
01791
01710
00973
01130
01719
01749
01778
01048
00549
00615
00926
01061
00757
01631
00883
00632
01271
01915
01785
01629
01813
00848
00850
01521
01803
00528
00864
01739
00005
00656
01595
01438
00145
00930
01755
00322
00557
01776
00788
01599
01945
00651
01638
01637
00548
00068
00928
01810
00901
01356
00344
01937
00951
01706
00048
01628
01818
00879
01766
01407
00560
01586
01779
00065
01815
00626
00074
00087
01751
01464
01487
01823
00605
01262
00058
00927
00615
01480
00789
01150
01920
01424
01581
00852
00979
01638
00666
01760
00655
01515
01023
00982
00982
01633
01409
00219
01685
01812
01752
00768
01141
00765
00013
00817
01814
00012
00033
01840
00971
01784
01840
07154
00432
00094
00878
01489
01495
01151
00882
00116
00626
00568
01126
01911
01661
00925
00764
01736
00632
00847
01193
01753
01577
00845
01885
01972
01738
00868
00228
00029
00616
01241
00615
01439
01923
01714
00761
01933
00937
01951
00088
00940
01011
01092
00600
05916
01952
00997
00278
00998
01626
00554
00858
00135
01919
01872
00068
00573
00573
01770
00991
00860
00390
01737
00847
01193
01689
01775
00832
00164
00658
01895
00881
01582
01744
01467
01613
00791
01939
01715
01507
01226
01531
00611
00926
01478
01873
01255
00046
01753
01686
00040
01002
00564
01619
00758
01839
01079
00932
00971
01711
01104
01494
00876
06141
11179
11073
11250
11074
11249
11191
11192
02300
11183
02768
07154
18922
00558
10678
02484
02483
01754
00865
00042
01630
01708
00962
01940
00796
00790
06041
00885
01788
01639
00014
01462
00604
00855
01867
01091
01783
01735
00891
01610
00705
00688
01974
00688
00703
00975
00700
00133
00851
11085
07345
10975
10914
11740
01624
10939
02504
00073
09973
02069
07173
10213
09974
09979
09980
07042
10439
10439
09815
08303
10679
10014
09816
09689
10107
09688
05816
00647
10015
10680
07490
06942
05814
05813
05815
04567
06153
09898
10125
11382
10124
09817
02075
02783
08992
00382
02451
11076
06039
11202
11072
11391
11070
09001
00558
11107
11203
11208
11071
11069
04567
02680
01848
11604
01874
11754
01625
04042
00031
12265
12147
12148
12149
12113
12111
12112
12289
02654
12266
11991
12264
12340
10974
12299
11892
11911
11911
04091
21905
11941
11937
12262
00656
07389
03827
11075
02464
02505
05245
02784
03329
00821
11203
11202
08483
11189
11201
08483
11189
11201
11065
07389
11102
11202
11209
01890
11175
11106
11105
07862
01681
00427
02550
11103
02461
10984
10985
10986
11066
11005
02805
11068
10972
10973
02569
05596
01545
11477
01643
11900
11893
11535
11472
11473
08302
11896
11750
01894
00016
11537
11903
07052
11744
03543
11742
11743
11755
12974
12975
12945
12962
01460
00906
01534
03484
12684
12687
12687
07781
12370
03276
13301
12983
14762
13288
01093
11929
11930
11745
11720
11753
11735
12297
12290
12288
11732
11739
03426
11749
12410
11736
11737
13381
01491
12372
13053
05368
12525
12500
03275
13051
13292
12961
12944
12963
12985
01058
10804
13014
11939
11685
11607
11605
11896
11901
11910
11909
11935
11926
11752
11931
11891
11905
11906
11139
00963
02426
11891
11910
11927
12151
11936
11928
11904
03524
11907
11904
11933
11934
11907
11903
11717
11719
11924
11894
11895
11925
11895
07243
11932
01250
03297
03297
03297
11893
06940
07591
06041
16345
00024
01089
12152
02302
11900
11751
11906
11905
11748
01243
11940
11003
11003
11004
11004
11720
06858
06887
08996
07443
03577
02003
08225
02226
02019
06910
05881
05880
06884
08990
08994
03482
08997
07147
04046
06159
07264
10016
05812
03299
08227
07265
07266
00652
11938
12291
02237
05984
00602
03931
00428
07347
02074
08717
03488
02553
03811
08984
03757
08989
08191
00098
11738
03319
11534
11534
01644
11606
11892
11901
11474
00371
00373
00374
07172
13890
06887
13892
05685
13889
13637
12943
13256
13038
13255
06879
13283
13378
13243
13244
07497
12972
13926
13788
13480
01051
05939
08177
12368
12339
12371
16371
12528
12529
15548
12521
12519
12520
12573
03468
06221
13629
14062
14064
14061
14055
13650
11005
13735
12369
12582
03272
14054
14065
01782
01825
14053
14058
14051
06211
13628
02532
12507
12700
12524
16693
12523
13069
04072
00281
12527
12517
12518
12957
12973
12522
12660
12661
02847
13979
07484
08993
10530
01684
13631
03782
13638
01792
13641
10778
13479
13643
13634
01070
13694
13821
14218
14218
07248
13938
13953
13954
13918
07483
13695
13497
13896
13639
13893
13891
13894
00121
13620
07483
07483
07357
14228
14220
14220
14220
14220
14238
14237
14237
14237
14237
14237
14232
14221
14221
14221
14219
14229
14229
14229
14229
14229
14229
14228
14233
01070
13498
08281
13635
13630
13632
13636
13735
13684
13683
13574
13771
00941
14187
01977
01977
01977
01977
01977
01977
01977
07250
03077
14233
01990
14236
14236
14236
14347
14392
14233
14228
14228
14228
14228
14260
19162
21901
14232
21907
14234
14234
14224
14224
14224
14224
14224
14224
14228
14233
14233
14218
14348
14230
21908
14219
14225
14393
14155
14287
14223
14223
15034
14415
14414
14059
07126
14744
14235
14234
14234
15396
14231
14231
14441
14225
14225
14225
14225
14225
14623
15125
14227
01985
01985
01985
01985
01985
01985
01985
01985
14226
14230
14219
14237
14237
01980
01980
01980
01980
01980
01980
01980
14222
14170
14219
06133
14261
14230
14230
14230
14230
14219
14219
14232
14219
14219
14155
01119
07346
14588
07483
14977
21906
14682
13735
06946
06946
16013
01146
13409
14591
03526
07484
14742
14761
15721
16012
15256
15257
15584
15587
15586
10824
15547
15580
15549
15550
15545
15552
16301
15738
15554
15461
15540
15553
02428
15633
15773
10831
15555
15724
15735
15582
04765
15722
15736
15737
00254
18138
03585
18140
15723
15833
15827
15585
15828
15583
15539
16348
15836
15536
16347
01082
15832
15834
15830
15831
15268
15829
15460
15977
15977
03712
18139
15984
15974
15977
18968
16092
16138
16089
16088
02503
19611
16090
16136
16140
07497
07497
16137
07347
07347
02014
09022
16052
07347
16087
16087
12516
20037
16053
07347
16076
16076
16077
10013
16066
16074
07351
16346
07346
18838
18838
16322
16324
01624
11645
16370
16322
16371
16329
16325
16139
04015
16326
16328
04014
16263
16291
16264
16328
16703
16704
16692
16711
16710
16695
00370
05517
19234
19230
18831
18831
07091
19235
16787
16786
16785
16923
16868
01990
17195
19353
19227
17247
11209
17713
19416
01992
01992
01992
01992
05601
17686
19789
17722
17723
03722
17758
17759
03585
07345
07483
17938
07483
18148
18141
03446
18142
17948
21430
03605
08156
07483
07483
07483
11904
18324
18326
19577
21637
01934
11904
18471
18478
01671
18446
19591
18691
08968
18697
18702
18765
18928
18850
18837
18837
18889
18837
18837
18895
18838
18838
18862
18862
03630
07171
07495
21645
18920
11741
18899
20861
20866
20881
20862
07319
18800
18778
18657
18890
18843
18929
18898
22044
18839
03976
18840
19055
18979
18997
18988
19048
19000
19229
19155
19156
19221
19222
19161
19166
19226
19236
19163
01154
19158
19160
19238
19228
19159
19168
19164
19270
19265
01066
19267
19337
19338
19304
19334
19302
19270
19354
19333
19303
21636
07497
19611
02257
19709
19688
19775
19745
19777
19778
19776
00799
03630
08323
07497
00847
06131
00799
06132
15777
19784
13069
03630
19802
12519
12521
07483
07483
12517
07483
12518
19803
19804
19810
19956
20038
20117
20118
20265
20542
20543
20541
21394
22111
22132
21029
21084
21085
21086
21087
21088
21089
21021
21028
21090
21393
21395
21449
21470
22105
01451
21498
21511
21512
07334
07334
21498
21602
08319
21739
21740
21741
21742
07733
03757
21746
19956
21698
21695
21936
21948
21963
21965
21966
21974
21975
21968
21976
21990
22041
22024
22051
22014
21964
21967
21972
21973
22131
05275
22130
22129
22104
22110
03079
03078
03077
15634
22293
13566
11206
00424