02495
08348
19586
00130
10014
15830
18138
16371
00130
02054
18141
00971
16013
14062
09476
12340
00040
00951
18581
16012
01271
00974
00884
00932
00568
12543
02083
11932
00133
03585
11198
11199
11200
15833
15827
15828
16347
16348
15836
02485
05874
02615
01990
08970
15832
15834
10110
15831
15829
10108
10109
02562
05517
07738
11752
00794
03625
00946
01662
00795
03602
03151
03152
00077
09767
08092
00835
02529
10545
10543
01805
01878
01879
07726
03704
00874
03826
01246
02909
00375
03577
05802
02867
02863
02864
02935
03043
03046
02759
02760
03150
03149
03154
00788
03147
07740
03426
01599
05982
09891
05787
01945
00602
00651
01638
01637
00906
03324
06182
01491
07345
07351
07347
07350
07348
07688
02012
02011
02024
05775
03181
03179
00631
00901
01356
03327
09823
05539
01775
03811
00832
03788
03701
13631
13639
06901
14393
01895
11102
10549
01808
06167
09994
05774
06162
05780
05781
06163
06164
06165
06166
02043
02042
02044
02041
06193
02526
03762
04084
03926
07791
01744
07113
04078
04077
02167
02168
02362
00246
04568
01613
06949
13288
06925
01448
03572
00791
03666
03665
04088
04087
09937
01939
13771
12573
03218
09456
03477
03078
02990
02963
02939
12973
03704
06199
03425
07109
07278
09800
02057
02057
03841
02558
09889
03592
15536
01465
01042
03839
03645
01581
02818
02819
03485
01531
00610
00609
00611
00926
00611
09893
06169
09805
01153
01154
03427
07454
09982
01414
07115
01194
07058
07290
00874
11103
00694
03524
00075
00757
01061
00549
03576
05834
05835
03654
01058
05786
03284
03657
03733
09921
01778
06202
05851
01749
02496
02498
02853
12582
02805
01754
01687
00826
11258
01652
09897
01776
00322
04761
01755
00930
00145
01438
01595
00005
03782
00297
12525
03764
02909
04066
00528
01803
01521
02048
00850
06006
04564
02856
02854
00848
03534
02532
07407
02529
02379
00123
00123
02380
07560
07058
08318
03978
03673
09896
03752
03753
02529
10441
06726
03549
03924
01914
06205
03495
03501
02108
02110
02109
02113
02111
02115
02112
02114
04042
00820
02040
02037
08163
03650
03217
03536
02914
03671
08094
02773
02774
01808
02773
02774
01783
08094
00656
02532
01193
01193
00847
00849
00965
01867
02529
01358
00375
02508
02511
02509
00455
05921
02317
02761
13255
02344
03789
08723
02837
03424
01839
03800
01079
04485
06211
03720
05804
05805
07663
07641
06143
07773
12524
00872
01733
09861
03310
03831
04744
05801
03580
02336
01804
02063
02064
11925
03291
01704
01703
00760
01673
01579
01918
00606
00950
01894
06204
06206
01975
03579
05365
02013
02016
02015
01845
03281
15724
01129
02647
07127
02029
02029
00677
00748
03470
02337
01962
04075
15034
06079
01881
06080
02073
02072
02071
03273
06222
08307
07243
07224
06911
12972
06214
04338
00347
00348
00349
00350
00351
05952
02346
11750
11926
00931
00147
02389
02390
02391
02392
02393
02394
02395
02396
02397
08300
07040
02911
03621
01921
00286
09768
00891
14591
09913
03554
00847
03547
07636
03311
11736
09932
08682
07568
00773
03210
03072
03074
06996
07637
01756
07153
00566
12152
06181
00031
02300
02299
02298
02297
08218
07286
05527
03545
01358
03544
01338
03530
03770
02237
12500
06920
11938
01738
05800
04752
03320
10805
09914
07443
05777
01142
00840
00673
03075
03431
00796
07122
07323
02066
02065
07301
06041
03270
11719
09774
06861
03092
05808
06958
03814
07648
11720
07091
01255
02339
01873
03828
12957
06915
07139
00266
08996
03568
08301
06287
03571
03570
03569
03786
02160
01961
14392
02687
03557
09969
09970
09971
09972
06447
01484
05526
09975
05984
04064
02760
02761
02759
09790
00759
02343
09747
06187
04079
01772
00892
08223
09973
07340
02069
05838
10804
02003
06917
01589
01588
03269
01883
07038
02013
02015
02016
07225
01626
09773
05349
11732
10679
06048
00077
05804
00432
01673
03327
00793
00574
04564
09918
01575
01652
01809
01676
07639
07661
02364
02013
02015
02015
02016
02361
02363
01252
00216
01295
06200
08317
02057
00899
08963
08967
09880
14287
03387
06140
01169
05846
05845
05846
03644
03801
09158
03642
05837
05515
00783
00969
02340
03643
01869
10004
10002
10003
10001
03820
06189
07042
06168
03184
01953
02565
01443
02802
02803
02804
01886
03778
09978
07667
07646
01548
01547
01546
01669
07160
01647
00242
00239
00240
00164
00658
01903
01902
11922
11198
11199
11200
00425
00426
07107
03562
03641
03640
03517
03811
01626
00549
09912
01118
05776
02019
02020
02018
01051
01468
05836
01712
01745
00833
01012
02169
01935
03702
03639
03638
03637
03636
06890
01993
11927
07349
07347
07345
13650
10037
10036
04047
11939
11934
11924
03543
01198
03446
01223
02761
08191
00656
04069
03750
13051
13892
13889
13890
13891
14441
11534
08160
08309
03893
07085
11073
11076
11075
11074
03212
09996
09999
09997
11066
02452
02453
02455
02456
02457
02458
02459
02460
02461
02462
01620
00156
04043
03686
03313
03717
02968
11753
01870
03101
03774
03527
06859
06859
02529
00215
01956
01955
11746
06195
03704
07396
13069
03449
02528
00097
03771
06188
09824
13888
05685
03704
06891
03694
02518
00684
00384
00052
01649
05798
01652
01653
03435
03925
03438
03586
03587
01928
01929
01000
01925
03588
02563
01924
01921
03589
03590
03531
02535
13301
03070
09862
00859
00364
02505
02504
02682
03632
01893
00763
01256
15554
15553
00299
15771
15772
01224
12308
02024
06213
01085
03809
09016
09024
09019
09023
09021
09018
13821
09786
04335
04334
04336
11941
03670
03669
12147
02517
07146
02846
12148
12149
01465
08162
03790
09915
03980
02399
02398
02386
07180
01792
00134
09916
02387
02388
00690
03971
03970
03969
03974
00648
00645
02078
09458
07082
00943
02341
03424
07337
07251
01207
07000
03885
12151
03723
09808
09808
12410
08281
04773
01008
00262
08320
05779
05778
07309
09771
08323
08322
01284
07347
06131
01999
09901
15581
15580
04072
00963
07001
03490
03781
15722
06956
07038
01868
02520
02916
02887
01889
01890
04764
06073
00432
06074
00019
01029
01028
07300
01627
02493
02835
02492
02494
00919
00948
03321
07345
07347
07349
05997
09014
09013
09015
11717
02426
00873
01697
01997
01998
01995
01996
03704
02071
02072
02073
02029
02029
07169
11900
11901
11902
11890
11891
11892
11893
02430
11906
02618
02609
02610
02611
02612
02613
15866
00074
01912
02616
07124
10680
09958
09701
00574
07390
09936
03683
09936
07026
09781
07458
03578
00134
10680
03760
06077
09001
00275
01866
00868
03305
10773
14155
01752
00563
03587
03704
13938
03758
00324
00325
14055
12941
12940
14057
00675
11744
11743
11742
04775
08224
12541
09765
05876
05358
05343
00426
00425
07217
10013
03817
03304
00765
00013
00817
01089
02501
05782
08303
13633
00549
15268
13630
13632
08159
03829
08324
01425
00041
04046
07787
15545
01935
03281
05847
07136
15256
15257
09907
01887
15532
09967
09967
07798
07644
08169
06044
03182
03805
06929
11940
06969
15580
11905
11911
00675
02355
01821
11208
15977
11933
03484
01193
00847
08641
02034
03466
03634
07478
01875
07306
08219
04069
00656
09136
00831
00800
00945
02945
05788
00912
09927
09791
00979
06219
03633
03804
03885
07140
12297
15738
03808
06192
09857
01716
04770
09911
03658
01734
02029
14058
05591
05520
15580
14054
11065
03721
08990
06918
14053
00868
12339
02045
02047
02046
02048
07223
01448
00228
00029
00615
12945
00208
01147
14051
13816
04062
03113
01591
01681
13634
03168
06178
07053
01657
13497
13498
01696
01695
03337
03335
03338
03336
00140
01951
07124
07112
07275
06190
10806
03832
09780
11250
05820
15977
00600
05916
04751
07715
07711
01952
11991
09858
01433
00720
00648
00373
00371
00370
02575
07673
00372
00362
05809
14170
14187
01626
02884
00554
02860
02959
03106
01056
06942
11907
11895
11896
11897
11898
00615
00615
00926
06901
00134
01194
08308
01775
00285
03603
03314
03611
09160
09902
03610
03609
03608
03684
07285
09917
01665
02781
02468
02467
08169
03799
03797
03607
03808
09824
00737
07156
10857
01354
08289
01625
01690
00036
00873
02560
09817
09816
03551
03550
01159
08310
01876
06194
00573
03787
06176
01770
00991
05589
00860
03516
02400
02401
03414
03413
03412
05877
07347
03408
03407
02557
02556
02402
02403
14064
00697
01087
10538
10539
10537
02255
02217
03834
07039
02426
08304
01448
14682
03581
03582
01407
00995
03703
07689
10010
10009
02424
02425
02405
02406
02407
02422
02423
02408
02409
02410
02411
02412
02413
02415
02416
02417
02418
02419
02420
02421
07781
06975
07700
07702
02012
02011
01809
06950
07701
07703
03734
11106
01676
03288
09933
03897
13635
01241
09802
07470
01141
01624
00927
03472
00615
07387
01814
02500
00067
11755
05789
00012
01790
00973
00963
03208
03207
02377
01711
03818
13683
13620
13684
03819
01991
07289
01494
00876
01247
01646
01910
07700
07799
07788
07789
07642
07664
09946
08303
00941
00878
00836
13745
01486
06901
01991
01874
02478
05846
05847
05846
05845
05349
03777
02622
07000
03823
07262
01223
07267
05541
09470
10542
02529
07148
01070
11733
01151
02769
02770
02768
11183
03291
06940
02356
01686
13694
13893
13894
13895
13896
07552
02972
09904
07014
08276
00116
06213
06159
03919
10778
03734
09475
01495
07676
07687
07677
02469
11107
01126
02445
00111
00112
00113
07649
07774
07795
01911
01661
02551
05594
03415
08349
02575
00340
00339
00338
00337
00334
13378
00331
00330
14260
09161
11738
03823
09936
00137
02053
00425
00426
03737
15461
09906
07090
07261
01736
07320
08296
06076
04754
07674
06999
06957
01923
07287
01714
03567
03564
02761
01255
10763
00761
01223
01933
11175
00937
01524
00014
07566
07479
04096
01462
00604
03500
03282
09890
02879
03040
03601
03305
03977
01892
15539
06941
00940
05367
06894
01232
07751
04755
04044
04082
04487
13643
07237
07236
07235
03745
03775
07070
06158
13928
13935
13934
13933
07106
00997
03474
03584
03685
03100
03596
03598
03597
03088
00278
05590
03648
03214
03672
00998
05811
03695
05810
06180
05807
05366
08312
04762
04083
01610
07638
07659
04760
06959
04758
04759
07490
03687
00858
03631
06186
09801
03664
03088
01997
01999
01999
00823
03089
09811
09812
03110
08993
01534
02000
02001
02002
03543
03446
01649
07173
01919
01872
03565
07007
12266
12264
12265
07241
04656
05796
03487
02752
02753
01223
08315
04651
04653
04654
03555
03186
01825
05368
03182
03424
03118
03117
03116
03688
03690
03183
09760
00957
02302
09612
00390
00381
01737
10026
01689
01937
03215
07678
00865
01706
13918
06175
15723
06879
06966
03837
01752
01146
06968
01766
02472
05790
03628
03671
03732
01524
03656
00053
02521
03583
02681
02679
13292
08484
08311
03573
08227
05939
02529
02761
01586
10193
10194
10195
10192
01815
03591
01419
03667
02548
02553
09892
02440
00864
02761
02760
02761
02759
00847
04567
02836
07462
03981
03840
09159
06980
11068
01223
00281
02437
00605
03185
09895
01807
05596
09807
06895
06207
01915
07708
07712
09894
06989
00789
08137
02742
01150
09761
01920
07735
07447
02669
06997
02221
09131
09923
03439
03575
08306
05964
01643
01644
02038
02036
02039
06901
07702
01581
07150
11935
11931
11936
11937
01460
03561
08325
00655
02621
03923
02532
02016
02015
02015
02013
03651
09920
07238
03272
00982
07184
06153
01633
08591
03190
01430
01429
01428
03187
03192
03188
03189
02970
03086
02897
06899
07229
01714
08321
10555
10557
10556
10558
11531
11216
07043
07862
01685
01812
08191
15977
06911
00343
00342
00341
03838
01754
07592
08679
01652
01653
07783
03312
03655
00556
03060
00942
01972
00989
00762
05501
13038
03630
02902
02913
00009
01042
03833
00138
09955
00880
08177
12975
12368
12369
12370
12371
12372
02358
03073
02601
03453
00928
01810
13256
01624
09988
10441
00881
02356
03098
07269
03773
11737
07322
02769
02770
00767
03806
03807
11734
00163
00627
00382
01682
09910
02750
01232
01753
13629
01611
02034
03271
00797
14588
00117
00990
01265
02967
02357
09903
02838
00099
00806
00981
11749
07277
06142
02536
02372
02313
02338
03629
02470
00883
01631
01684
04080
04081
00346
02024
02759
02761
02760
02073
07127
03098
03827
01811
07345
15551
15552
03119
01698
00954
02527
02844
02847
02841
03274
00060
09798
15633
03071
00057
00640
03216
08195
14348
00427
14762
07085
03482
02749
00865
02746
02747
02079
02082
14155
07056
07121
07460
07089
05520
09979
07461
03824
08303
03835
05592
05803
00962
02956
02834
02519
02600
09748
01940
09899
00925
13788
00615
00615
07095
07589
07071
10017
10015
10016
03186
00764
03749
11754
01963
03975
06173
03473
03798
07574
03624
07259
07643
03979
02899
02523
00790
12974
14261
02478
03322
11535
11537
03815
14347
09954
01972
03528
06203
01738
03600
03599
02996
02871
06916
09908
04691
00024
03402
03623
03468
15548
02986
02948
02952
03076
02876
02907
02988
02881
02933
02994
02954
02931
02895
02874
02961
02904
02878
02982
02890
02965
02886
02892
02926
02906
02946
03594
02192
02358
02355
02992
02950
13932
13931
13930
13929
00855
07397
04095
06141
00362
00363
02302
01867
01091
01783
03112
01735
00891
02507
12291
12290
12289
12288
02170
07400
06155
00705
00688
03556
02444
02439
00111
00688
00703
00975
00133
06156
06145
06911
01126
05813
01996
01995
01998
09125
02078
02078
07107
09458
06133
12963
12962
07264
13014
10011
10012
07806
13727
03111
02028
00254
12541
01916
04067
00939
03455
11751
02004
03768
00059
00059
04093
01679
02056
08964
00799
02050
07258
02566
02564
03711
05522
00241
15524
03560
06177
01784
02017
07404
01479
06910
00652
03635
07027
01258
06970
03492
07757
07258
05844
09998
10000
02450
02454
02795
02793
01525
15770
08161
03810
02025
00059
02619
03406
11069
11071
11072
01607
07305
01424
15582
01222
03615
03616
03617
01488
02793
02794
02795
00567
12942
03406
06201
02049
01941
03478
07312
00657
00276
01692
00121
03929
05595
00598
07283
07665
02035
02033
04063
08997
07307
00626
06078
07308
06212
01759
00799
02238
11085
13953
03286
07343
09909
06910
11179
03613
03612
10112
04844
03614
08483
00616
08992
04774
00010
00088
14061
12542
12542
10716
00508
00374
15578
15577
06039
03406
02014
01297
11105
03743
02077
02074
08305
02783
02782
02783
00068
02466
11392
09815
03087
00575
07792
01176
02414
02010
00244
07258
03442
00033
03606
01104
01104
03593
02014
02755
02756
02549
02757
03488
01489
03748
10541
10540
00882
06183
00027
07793
08680
02552
02348
00784
08350
08167
03776
02014
00647
01782
01439
07054
03548
02824
03747
03499
01011
13628
04488
01092
03803
03647
05794
00058
06149
04652
04655
00380
01788
04765
02851
03769
13637
05350
02100
01730
00626
12943
01823
04763
01262
01934
00058
01480
01585
02428
03289
05966
11209
01674
03406
01760
01515
02858
09806
01409
03649
09251
11530
00219
07393
02745
02744
12961
03177
03475
02822
02821
02427
00845
01885
02784
00135
02506
07019
09898
10914
02441
00700
00851
03825
05816
05815
05814
04085
00647
00059
00383
00230
03498
01719
02852
08314
02446
13283
07640
02855
01813
01629
00124
00127
00852
10440
03718
02116
13636
01222
06910
06889
07397
02775
02775
02067
02806
18138
15984
15974
18139
00854
07784
01607
03148
10563
02798
02799
02800
00867
10439
10440
01191
00674
00389
13636
02342
02035
02033
13641
06445
06889
00547
12984
02843
00639
00101
01176
03796
00548
02010
00799
03316
07126
04750
00247
00245
00244
06889
03476
03475
02822
02821
03326
01119
01082
07304
01507
02056
01835
03756
01226
12373
09022
01478
09702
01785
01759
00135
02510
01826
01002
00564
01619
00758
03784
07186
00616
07034
01258
07660
06177
00853
00970
01243
03469
03317
04477
00769
06179
08161
01077
07657
03386
03712
18968
01185
12543
15922
03574
03781
14218
14218
14236
14219
16053
16089
11745
01985
01985
01985
01985
01985
01985
01985
01985
01985
16092
16301
16088
14228
14233
14233
16345
14220
14220
14220
14220
14232
14224
14224
14224
14224
16136
14219
14219
14219
14219
14233
14230
14230
14230
14225
14231
14231
14230
14234
14234
14219
16137
14226
16137
16137
02014
01977
01977
01977
01977
01977
01977
01977
01977
02014
02014
05875
02014
03553
00526
18828
14228
03321
14229
14229
14229
14229
14229
14227
14227
14227
14234
07666
03767
14236
14236
14225
14237
14237
16087
14225
14225
14225
14225
14233
14233
14230
14230
14223
14234
14221
14221
14221
14218
14218
14218
00484
07645
04065
16053
14235
14223
14223
14228
14228
14228
14228
14232
14232
16052
16076
16077
16077
07347
10013
16066
16074
00956
11929
03566
02051
07346
07675
13654
01671
01838
01139
07506
01270
01185
08344
03668
15583
12944
01160
08172
08225
10551
01250
08194
08566
01980
01980
01980
01980
01980
01980
01980
01980
03535
14219
01048
01069
03892
00537
16210
16210
08351
02062
01652
02052
02055
01840
08348
01739
07346
07771
06221
07684
07782
13053
01183
01183
01223
05874
10831
03079
08154
00146
06858
11747
11748
11645
07232
09020
02533
16137
16370
02099
01630
16322
16291
14063
01223
13936
01834
04753
02617
05799
12262
03566
14238
10823
16263
03445
16264
06909
01487
10544
11391
11959
00537
11960
16693
14742
03772
00090
14059
07214
01708
14228
14223
14228
14230
03896
14237
14237
14237
14237
16703
16704
03776
08234
02068
16711
07662
16710
00065
00065
16692
16695
01190
00042
05812
12368
00483
02525
19230
19227
16692
10550
14222
11961
10111
11962
06518
11963
01096
00821
01664
04772
00632
02081
05499
09017
03719
03973
05540
14761
02778
02779
04771
02075
03077
02849
15460
00557
02030
02030
02030
08088
02030
16868
16839
16842
16136
09810
08302
01218
03604
06075
00151
07794
01485
00108
16841
19092
16840
01758
19229
17195
00371
00374
00373
02503
17210
17209
17247
03292
03457
00370
04091
10038
00265
01582
01897
10439
03559
08313
08316
17713
15555
02028
02028
17208
01990
01992
07245
11070
00813
05601
17686
10111
19789
03292
00128
03292
14059
02809
02810
01497
00839
08485
02614
01791
07459
13695
08173
07274
07274
02026
02032
11928
02477
02031
02027
01187
06518
03566
02778
17758
17759
00632
02058
02477
02809
02810
00529
00344
02794
00661
06867
13638
01187
17737
01487
03585
03719
05396
17938
18325
07506
07506
03366
00433
04103
18142
02032
02031
00001
02058
21430
17850
01185
08156
00626
11250
08987
03386
03386
11932
09710
11903
06938
07307
07346
00048
05876
01512
03832
07106
15396
13694
06144
03558
03566
00059
01175
05875
18324
18326
02483
19587
18829
04333
18446
11904
11904
11904
18479
18478
18475
16235
00681
00681
00681
00335
18691
18697
18765
11741
05874
18850
18889
18900
18850
20861
20866
20881
20862
18800
18778
18657
18890
18918
05839
10748
03646
03674
03502
03503
03169
03746
04565
03503
03502
07810
07796
03502
03503
03894
03895
08722
03497
11685
05785
07724
03502
03496
18829
03761
03976
19055
03526
18979
18988
19048
19048
19000
07746
19221
19222
19226
19236
02777
19160
01710
19215
19228
19234
19235
19162
19168
00336
19270
19265
19265
01992
01992
01066
03722
03722
19416
19271
19267
19337
19338
19304
19334
19302
19270
19333
19303
19577
03498
19611
06884
11209
02796
22003
19585
07666
19688
19775
19745
19776
19784
00799
06131
00799
19837
15777
07147
07119
19802
19803
19804
21613
01457
19810
02464
21636
20074
07686
20268
20276
20117
20118
19591
01612
20429
01236
20542
20542
20543
20541
22132
02790
02791
02081
01214
02438
02790
02791
02790
02791
02790
02791
21029
21023
21084
21023
21085
21086
21087
21089
21088
21021
13075
08968
21028
21090
21264
00525
00526
00632
02335
01520
03676
02314
04068
02315
06217
03546
06217
00287
14744
00857
06197
06903
06905
06906
06908
06903
14744
10906
07313
00558
06907
00558
06866
06191
00560
02316
06905
06906
06908
06907
06903
06223
03292
00525
22468
03293
03651
21470
01420
01420
21602
00863
21698
21695
21759
21965
21974
21966
21968
21976
21990
21973
22041
22015
22015
22015
22044
22051
21964
21967
21972
21973
15576
05275
14274
03595
22105
22110
22110
22110
03079
08994
03078
03077
03077
15634
02257
22396
22397
22293
13566
11206
00424
22489