07714
01035
00090
00785
07491
07480
02485
09190
00065
01961
09790
18923
12963
01835
02824
00041
01685
08303
03824
11928
04068
03228
03229
03224
03230
03226
03227
07258
10679
07106
06942
04564
03604
05778
05779
07787
07798
07796
07665
07644
03799
03337
03335
03338
03336
00140
01714
01756
02919
03834
01867
01911
02549
01661
08680
02551
02552
06281
06282
00343
00342
00341
00340
00339
00338
00337
00336
00335
00334
00331
00330
08722
09161
09899
00925
02313
02338
03629
02470
04080
04081
01879
01878
01246
03826
09125
02020
02018
01639
03307
03427
01154
01153
02019
04046
06213
03311
08682
07568
00773
03210
03072
03074
07738
11752
00794
01056
00948
00919
02494
02492
02835
02493
01627
05777
03305
04477
08162
03790
09915
03980
01887
09907
06201
07136
01876
08310
01159
03550
03551
09816
09817
09815
02560
00873
00036
01057
01690
01625
11743
11742
01640
01703
01704
02231
02232
02190
05895
02189
05936
03399
02188
06042
02227
07710
02106
00626
11066
02300
02299
02372
00748
03470
02337
01962
03765
03757
03305
04075
06079
00615
00615
01640
03326
12297
03808
06192
09857
01716
04770
09911
03286
03658
01734
09909
06929
11940
06969
01512
11179
07783
07806
10012
10011
07264
03737
07507
03778
09978
03578
04775
01085
01299
07639
07661
03758
00324
00325
08303
07285
02298
07090
01841
07095
07589
07071
00059
03186
00764
03558
03749
01963
03975
06173
03473
00647
09906
07090
11901
11900
11903
11897
11896
11895
11907
11893
11892
11891
07261
01736
07320
08296
06076
03312
03655
00556
03060
00942
01153
03427
00989
00762
05501
01520
03630
02902
02913
10563
00954
02527
02844
02849
02841
02843
03274
00639
00060
07391
08178
01652
11258
00826
01687
01754
09811
09812
03110
08316
08993
02379
08350
02380
00133
01531
03308
06144
06149
03305
00262
01414
07115
00383
01921
01521
04013
03385
07088
03977
01892
02656
06941
00940
07751
04755
04044
04082
04488
04487
01092
00600
05916
02342
03469
08307
03695
05810
06180
06901
03650
03217
03536
02914
00757
03811
03289
00426
00425
03618
03619
03605
03620
06281
06282
01581
03756
11903
07406
01195
07093
07043
01153
01154
03427
04567
02836
07462
03981
04763
03840
09159
06980
00014
05517
11068
03310
02437
00605
03185
01262
09895
09888
01807
05596
09807
03442
01624
00927
03472
00615
01480
01585
00789
03592
09889
03623
12974
08325
09946
11754
04653
12973
12962
02851
01034
01779
01460
08305
00766
06905
02505
00657
00537
06218
12340
12944
00951
01139
03446
13301
03079
01424
04016
01133
07687
00010
08485
05540
07675
02191
03078
03317
02062
03972
02911
07040
06179
08300
01465
01676
10010
02425
02405
02406
02406
05522
06193
01669
01546
01547
01548
07646
03645
03839
01886
02802
02803
02804
02564
01443
02565
02566
01953
03184
06168
06217
07042
06189
03820
10001
10003
09920
11175
01933
00761
10763
03548
03564
03567
01714
07287
01923
06999
01439
07685
07674
02572
02570
02567
02573
02574
02568
02569
01808
05878
05879
00029
09768
00228
01448
08308
02032
02031
02034
02033
02035
05515
02430
01624
09988
04103
07406
08191
03808
03607
03797
03424
02341
00943
07082
02619
09458
02078
00059
00645
00648
03621
10002
10004
10110
10108
10111
02024
05775
03181
03179
00631
00901
05966
05964
01643
01644
01646
01910
07700
07702
01356
03327
09823
05539
02314
01775
04565
00374
00373
00371
00370
02575
01525
06195
02528
00097
03771
04744
05801
06177
03580
02336
02063
02064
11925
03319
02013
02016
02015
02014
01704
01703
00052
01649
05798
01652
01653
03435
03925
03438
03586
03587
01928
01929
01000
01925
03588
02563
01924
01921
03589
03590
03531
02535
03070
09862
00859
07223
02777
08483
02784
01738
06203
03528
01972
01885
11535
03322
00845
12147
03670
03669
03750
01495
07148
03748
00027
01489
01141
03722
01151
11733
01874
03593
01494
07289
03326
01815
07337
07251
07000
11070
11071
01258
03923
01241
03974
03969
06918
08990
03721
11065
06078
00873
00768
08354
01752
01665
09917
02422
01497
02879
03040
02986
02952
03076
02876
02907
02988
02881
02933
02994
02954
02931
02895
02874
02961
02904
02878
02982
02890
02886
02892
02926
02906
02946
02355
02992
02950
07237
07236
07235
03745
03775
11747
11748
06158
06141
10974
02302
01867
01091
01783
06223
03112
01735
00891
02507
01491
00865
02647
03089
12288
05366
03394
00564
03574
02504
00970
02408
02409
02410
02411
02412
02413
02415
02416
02417
02418
02419
02420
02421
03632
03804
03633
06219
00979
09791
03704
03704
00912
02238
05788
02945
00945
00800
00831
09136
06212
00656
04069
08219
02407
01869
03643
02340
00969
09710
00783
05515
05837
03642
07258
09158
03801
03644
03425
07241
02182
02182
08298
08297
08312
04762
04083
01610
07638
07659
04760
06959
04759
07490
02170
07400
03477
03476
03475
02822
02821
10914
09898
07019
03556
00688
00705
00975
00700
02438
00975
00703
00688
00111
02444
02441
02439
01126
13053
07459
07038
12525
05245
03521
03522
00313
08277
03813
03549
07722
08306
03575
03439
09923
01425
09131
02221
06997
07447
07735
01920
09761
02742
08994
03533
07811
03532
07772
11930
07647
01584
02314
03169
00364
02682
03806
03807
00163
00627
00382
01682
09910
00760
00832
03719
07343
01673
07663
02745
02746
02747
01579
01918
00606
00950
01894
06204
06206
01975
03579
05365
00560
02679
02680
03583
01407
03582
00963
00012
00983
00033
09802
09933
03760
02401
02400
03516
02399
02398
02386
02387
02388
02389
02390
02391
02392
02393
02394
02395
02396
02397
00813
01893
00763
01256
08289
00574
09918
09900
01354
04047
01868
02520
02916
02887
01889
01890
04764
06073
06074
00759
01738
03800
02013
02015
02016
07225
07227
01626
09773
01007
07308
07307
07306
01875
07478
03634
03466
00384
00684
02518
03694
06891
03704
09824
02654
11933
01153
01154
03427
01620
11066
04333
10000
09997
09999
09998
09996
00567
03212
10678
03674
01883
03269
01588
01589
02003
05838
01295
09794
01689
01937
03215
07678
10038
00997
03474
03584
03595
03685
03100
03596
03803
03598
03597
03088
03311
05590
04084
03926
07791
01744
07113
04078
04077
00782
03303
02356
00246
00245
04568
03581
01448
08304
02426
01766
03566
00884
06968
06966
06175
00674
00990
01265
02967
02357
09903
02838
00099
00806
00981
11749
07277
06142
04753
09477
00281
12973
03971
01023
02232
12961
00247
00244
13292
12945
12984
10804
05877
13014
05874
00850
07662
07640
03216
00640
00057
03071
03676
09798
09897
01776
03788
00322
04761
00382
01755
01940
00930
00145
01438
01595
08160
07560
07058
06207
01915
00053
07862
07043
00817
07645
03427
01154
01153
03086
02316
02970
01409
08591
01633
06153
07184
03306
07220
00982
02517
02858
07238
02344
03789
02837
03424
01619
01839
03784
03625
00946
01095
01662
00795
03602
03151
02006
02008
02007
03152
00077
09767
08218
07286
05527
03545
01358
03544
01338
03530
03770
02237
06920
11938
05800
04752
03320
10805
07443
05839
03577
06039
05802
04067
00759
02343
09747
06187
07285
03684
03608
03609
03610
09902
09160
03611
03314
03603
00285
02471
09786
07180
00134
07305
09916
04773
01008
06917
03169
08320
01142
06966
01433
09858
00963
03746
00857
09901
06131
06895
02297
00995
03703
07689
04754
02200
02199
02198
02197
02196
02195
02194
02193
06200
11250
08276
08302
06871
02079
02744
02747
02746
02745
02082
03769
03656
03732
03671
03628
05790
02472
01710
00973
02805
02853
02498
02496
01719
01749
05851
06202
01778
09921
03733
03657
03284
07120
01058
03654
00851
06145
00549
00757
02314
07085
11534
03837
01752
07258
06910
00765
00013
00817
01089
02501
01814
02500
11755
03532
03291
06940
03835
02356
01686
00040
11737
00874
11103
12372
12371
12370
12369
12368
07783
07686
00286
01823
03755
01803
00528
02446
00864
02440
09892
02553
02548
03667
01419
03591
05499
04066
02909
03764
06866
03648
03687
00858
03631
06186
09801
03664
06871
04047
03543
02012
01613
06949
06925
01448
03572
00791
03666
03665
04088
04087
09937
01939
03218
06889
02990
02963
02939
07269
03773
07322
07304
07278
09800
01507
03841
02558
03402
07724
02523
02888
02899
03979
07643
07771
07259
03624
07574
02427
07341
11991
01952
07711
07715
03271
03734
01425
02346
01258
03326
03098
00769
11750
11926
00931
07119
03704
09712
01093
11738
03587
02403
02402
02556
02557
03407
03408
00575
03412
03413
03414
07300
07592
03326
01305
00558
08717
03190
03189
03188
03187
01428
01429
01430
00428
01935
08224
10748
01679
09760
03183
03690
03688
03116
03117
03118
03424
06958
02806
05808
03092
06861
09774
11719
03270
06041
07301
02065
02066
02067
07323
07122
00790
09908
06916
02871
02996
03599
03600
01788
03611
03673
00266
00265
07139
07648
03814
07460
07121
07056
04485
08309
03720
05804
05805
01881
06080
02073
02072
01637
01638
04079
00939
01772
00892
07345
07347
11751
09973
09732
06901
07141
07402
00926
01464
01751
03111
03701
00651
00014
07566
07479
03747
04096
01462
00604
03500
03499
03498
03282
02536
02011
01129
01243
06858
03281
01845
03449
06903
06223
06907
06908
06906
06223
01951
00088
03601
07708
07712
07085
09894
03978
02335
03673
09896
03752
03753
02529
00852
10439
10440
10441
06726
03549
03924
01914
03718
06205
03495
03501
02108
02110
02109
02113
02111
02115
02112
02114
04042
00820
02040
02037
02038
02036
02039
11720
07091
01255
02339
01873
02050
02049
03828
09893
00611
00113
00112
00111
02445
01126
01042
03833
10716
09022
00610
00609
03568
08301
06287
03571
03570
03569
03192
03786
02160
02687
03557
08315
05796
04656
04651
04652
04654
04655
01586
07389
05807
05809
01626
07792
07283
02884
00554
02860
02959
03106
07173
01919
03563
01872
03565
03553
03743
03555
06194
00573
03787
06176
01770
00991
05589
08484
08311
03573
08227
02529
01486
01809
10037
06970
02897
06899
09904
07014
05804
02769
02770
00882
02768
11183
10036
03798
00796
03431
03075
09748
02600
02519
02834
03177
02956
00962
05803
05592
03222
03221
03220
03219
03225
09912
05591
01938
03617
03616
03615
03614
03612
03613
10773
03305
00868
01866
00275
09001
06077
03683
07084
07390
11927
01993
07676
02469
00525
00526
11107
06890
03635
03636
03637
03639
06199
01812
01048
14225
01654
00024
08137
01150
03768
02487
01760
08349
02852
01488
09979
04018
03087
03746
01784
01784
00557
00928
01897
04751
09806
08961
13637
01271
01580
03767
00885
12940
00215
03321
13038
13256
13288
01011
02116
09004
06879
02414
04771
08234
13283
01897
13378
08353
03973
02423
01424
00297
09810
12972
07070
08154
05939
00799
13788
07497
12410
09612
07270
07270
05349
07270
09945
06957
04720
06006
07274
08352
05934
12528
12529
00835
01664
04085
02521
07340
09975
10026
05820
01737
03777
00878
08303
07664
07642
07789
07799
09913
03554
07470
04047
09780
03832
06190
07275
01695
01696
01658
01657
07053
02345
06178
02233
03168
03704
00563
02796
02795
02793
02794
03327
00793
08169
00031
06181
00566
07153
01756
07660
07637
09808
09808
03723
03885
12149
12148
00375
04062
03113
01591
09781
07262
05541
03702
01935
02169
00652
01012
00833
00681
02017
02018
02020
02019
00849
01785
01834
01626
03640
03641
03646
03560
03562
07107
00426
00425
01902
01903
00658
00164
00240
00239
00242
00241
01647
01698
05785
05995
03182
05368
03498
00230
00075
03524
00867
02358
03073
02601
02867
02863
02864
03043
03046
00788
03147
03426
01599
05982
09891
05787
01945
00602
01895
03651
07000
02622
02621
00655
00548
01810
02071
03273
00998
09181
03672
03214
07773
02533
00872
01733
09861
03310
00616
00135
03831
07034
04043
03686
03313
03717
11753
01870
03101
03774
03527
01956
01955
00287
03546
03547
07657
00937
15548
12573
03817
07666
14062
14055
14061
13628
07186
13735
08299
08368
03406
00758
01779
01759
01079
03272
01069
03406
09459
07741
12684
14058
02056
02058
07480
13450
07810
01176
02224
10906
01066
01534
11072
11106
06156
04691
12152
06956
12582
04774
07677
03328
03329
03711
12524
01096
08992
03668
06075
01420
04072
00219
00974
07496
00087
05799
02081
02681
11017
11016
07491
07496
01187
03386
02069
03855
06183
02778
02779
01270
01077
01582
01582
01582
03649
03838
12527
01739
07497
06518
01791
01791
01147
07812
02068
11085
00568
01524
05812
01488
12373
01207
03970
12942
03297
01250
01515
00138
01447
07726
06518
03316
03782
13638
02004
07497
07497
13480
01792
13641
04017
02057
13643
13634
13694
13821
14218
14218
06147
02010
14218
14218
00058
13938
11902
01138
02081
01120
07667
01934
01487
07141
06221
03772
00821
01485
04758
13695
13893
14220
14220
14220
14220
14220
14220
14155
14238
14232
14232
14237
14237
14237
14237
14237
14237
18446
14221
14221
14221
14219
14229
14229
14229
14229
14229
14229
14229
14228
14233
14228
14228
07052
13954
13498
08281
07733
05349
07804
02029
02028
02029
02030
13771
13479
02358
14187
05523
14230
14230
13060
14347
00941
14236
14236
14236
14392
14233
14260
16371
14228
14228
14228
14228
00965
14155
14232
14234
14234
14224
14224
14224
14224
14224
14223
14223
14228
14218
14218
14218
14233
14229
14219
14393
14230
14223
14223
14445
07491
03293
08723
01985
01985
01985
01985
01985
01985
01985
01985
01985
14235
19302
14234
14234
14231
14231
14441
14227
14227
14227
14225
14225
14225
14225
14225
14225
01524
15125
14226
14237
14237
14219
14222
14222
15396
14170
14233
14233
14230
14230
14230
14230
14232
14219
14219
14979
07726
14978
04093
03077
14682
01146
16013
03326
10823
14761
14742
15034
16012
15256
15257
11004
15582
11003
15353
15346
15350
15344
15368
15345
12055
15580
15580
03468
15545
15738
15461
01082
15633
02428
15723
02226
15724
04765
15460
15583
15581
15539
15536
01713
15268
08679
15984
15974
15986
10109
16092
16140
07480
07480
07480
07480
02424
10009
16087
19221
16053
07347
16052
16074
16066
11736
16346
16345
19226
00209
15834
20542
01990
09476
16370
03299
16322
11734
16139
04015
04014
16263
15580
16693
16704
16637
19230
16651
19227
02008
16915
18138
17247
02503
17210
17209
01980
01980
01980
01980
01980
01980
01980
01980
01977
01977
01977
01977
01977
01977
01977
01977
17713
17208
02017
01990
05601
01992
11069
17686
19789
07459
19745
17758
17759
04757
15827
04749
00254
03585
03605
08348
01432
08348
07483
02406
02406
21908
07788
21365
11904
18691
18697
18765
18928
21645
20862
18800
18778
18657
18967
18850
11741
18929
03976
19055
01872
03526
18984
08961
18979
18988
19000
07452
19222
19162
19229
19236
19147
01154
19228
19168
01992
01992
19416
19337
01175
19270
19270
19303
19334
19304
19333
07497
11209
19775
19734
19778
19778
07493
15830
15777
19804
19810
21636
19997
07493
07493
07493
07493
07493
07493
07493
07493
07493
07493
07493
07493
07493
07493
07493
20265
20265
20265
20541
19591
22132
20866
20881
21029
21086
02495
21028
08968
21470
21645
21695
21698
21936
22041
22015
22105
22110
15634
02257
11391