02495
18919
18919
18138
05396
18922
21905
03761
03297
03297
06884
07172
14234
03077
19162
21901
21907
21908
01990
21029
18922
03722
21906
14218
02345
00254
18138
03585
18140
03446
18139
18872
18968
02503
09022
00526
00287
14744
01175
16052
03111
01185
01185
00884
02487
16076
11607
11604
06147
06147
07491
02775
00058
03488
03796
01176
02798
02799
02800
00101
00639
02843
03316
01002
00564
01619
00758
03784
02004
01466
02381
03768
14761
11105
01297
02014
07232
13921
07258
00033
03606
02100
00065
00626
12943
13479
01823
04763
02849
10563
07784
07186
02533
07665
07214
08225
03386
05966
03326
06039
00374
00508
15582
15583
10823
01104
02436
00094
02775
01262
01934
00058
03442
06934
16786
16787
02173
02799
02800
02798
01480
01585
00389
03307
07214
02755
02756
02757
03488
07258
02566
02564
04774
08992
03972
02025
04844
03593
01489
03748
10541
10540
02428
01424
03289
02454
02116
03718
10440
00852
03769
02851
03711
01835
03756
05522
07120
00241
03560
01834
09476
03286
07343
09909
11179
06282
06281
01782
13636
01577
00845
12961
03177
02427
02067
08314
00867
06889
00567
14061
14062
16328
16329
16328
00882
06183
02200
02193
02569
02574
00666
00652
11209
06281
06282
01760
06221
02035
07666
02852
01719
01048
01785
01784
02017
07404
06910
00652
03635
07027
06970
02055
02052
02014
08350
13953
00027
04063
00626
00568
00616
07034
08299
03855
01525
02549
08680
06887
02014
01515
02858
09806
00974
01409
03649
09251
07793
03498
00230
12944
07757
07258
05844
09998
10000
01580
07263
07346
07665
06889
00598
05595
02552
02348
00784
00647
00219
07393
00932
01630
01708
02745
02744
00127
00124
01629
01813
02855
07640
13283
02446
05499
00657
07312
01679
00076
01488
03617
03616
03615
03614
03612
03613
00799
01885
02784
08483
00616
02806
01788
01639
03148
07709
13641
00548
00068
06177
00853
02099
03574
01011
01759
06078
01439
07054
03548
02824
00088
10440
16012
16013
07307
07308
06212
02238
11085
10439
03747
03499
00016
03316
04015
04018
07126
02033
00970
06858
01243
00674
14225
14225
14225
14225
15035
14221
14221
08997
07283
16370
03478
01222
01916
13628
04488
01092
06889
02056
03803
15460
02450
02454
07019
09898
10914
02035
04750
07792
04784
08234
03469
02342
06887
01424
07305
05812
07048
01974
02441
03757
06445
07491
03830
01270
00769
07772
09020
04477
02793
02794
02795
11392
09815
00135
07250
03647
07346
00700
00851
03825
06887
05816
05815
05814
04085
00247
00245
00244
06889
03476
03475
02822
02821
06889
06221
00121
14223
14223
08161
03810
06179
00059
02619
06201
00575
03743
08305
02783
02782
02783
00068
02466
04652
04655
02775
11189
06149
00383
07227
01580
03079
01119
01082
07304
07126
01507
02056
01226
09022
10831
01077
07657
02778
02779
11069
11071
11072
01258
07660
01176
16076
06910
02414
03299
03087
00380
04765
03535
00090
00854
01478
00046
00851
07316
01156
07346
13637
03451
04067
00939
03455
11751
03767
01139
07274
19234
19230
14230
08279
00087
11745
11748
04753
02485
13053
04771
10014
04772
01096
04065
03605
03973
07273
08172
01160
03445
01035
04028
03077
07662
07645
00557
15773
01190
03719
07713
08351
03668
05875
08194
00879
13381
11645
01839
09973
01425
07340
02068
02069
05838
10804
02003
06917
10972
01483
10973
01608
10975
00865
14977
02083
00926
01589
01588
03269
01883
07038
01491
11739
11740
08323
02066
03043
03608
03609
03610
09902
09160
11139
03611
03314
03603
00285
01775
08308
03813
02013
02015
02016
01194
05881
05879
05878
05880
06942
01056
03321
00948
00919
02494
02492
02835
02493
01627
07300
13919
13920
13922
04031
04029
09802
07470
01141
00765
00013
00817
01089
02501
01814
02500
11755
05789
00012
00963
16703
16710
16695
02680
02679
13292
08484
08311
03573
08227
05939
02529
01586
01815
13480
01751
01464
00926
07402
07141
12527
12529
12528
16346
06901
04567
02836
07462
03981
03840
02850
02848
02844
02527
00954
02913
02902
03630
13038
05501
00762
00989
01972
00942
03060
00556
03655
03312
16345
09988
00847
01624
01624
01811
02073
06901
01486
07783
07675
03800
01079
04485
06211
08309
03720
05804
05805
07663
07641
06143
07773
12524
00872
01733
09861
03310
03831
04043
03686
03313
03717
02968
11753
01870
03101
03774
03527
12700
00215
01956
01955
08277
02182
08298
08297
05245
03521
03522
00313
08368
11746
06195
02528
00097
03771
04744
05801
09771
07309
07311
03281
01935
15545
08224
04775
11742
11743
11744
00325
00324
03758
13938
07661
07639
01676
01809
16140
16139
01195
16138
16136
14155
10773
03305
00868
11537
03815
14347
09954
01972
03528
06203
01738
07644
07798
07787
11732
16053
10679
06048
02362
02364
02013
02015
02015
02016
02361
02363
01252
00216
06200
08317
14287
03805
03387
11932
06140
01169
05964
01643
01644
01646
01910
07700
07702
12973
00868
12339
02045
02047
02046
02048
07106
11191
11192
07223
01448
00228
04033
04025
04026
03736
03735
04019
04023
04022
04024
04021
04027
04020
04032
04030
04029
04031
00029
02065
07301
06041
03270
11719
09774
06861
03092
05808
06958
03814
07648
07139
00266
00885
03290
03600
03599
02996
02871
06916
09908
04691
00024
03402
03623
03468
15548
03568
08301
06287
03571
03570
03569
02160
01961
03046
03150
03149
03154
00788
03147
07740
03426
01599
05982
09891
05787
07803
01945
00602
03827
00651
01638
01637
00906
03324
05995
02815
02814
02813
02812
06182
00928
01810
13256
10110
10109
10108
10111
07673
02575
00370
00371
00373
00648
01433
09858
07001
00963
04072
15580
15581
09901
06131
10716
09780
03832
10806
06190
07275
01695
01696
13498
13497
01657
07053
03208
03207
02377
01711
03818
13683
13620
13684
03819
16692
01991
07289
01494
00876
01247
04046
07799
07788
07789
07642
07664
09946
08303
02774
02773
16371
09159
06980
11068
09900
01223
00281
02437
00605
03185
09895
09888
01807
05596
09807
06895
01624
00927
03472
16785
00615
07387
00789
08137
02742
01150
09761
01653
01652
08154
06871
07085
04081
04080
01684
01631
00883
02470
03629
02338
02313
02914
03536
08998
03217
03650
01667
03836
08163
06901
10124
01223
02039
02036
02038
02037
03580
02336
01804
02062
02063
02064
11925
01704
01703
00052
01649
05798
01652
01653
03435
03925
03438
03586
03587
01928
01929
01000
01925
03588
02563
01924
01921
03589
03590
03531
02535
13301
03070
09862
00859
00364
02505
02504
02682
00767
03806
03807
11734
01866
00275
09001
06077
06938
16137
10680
03683
07390
04564
00574
00793
03327
08354
00873
02426
11717
09015
09013
09014
05997
00615
12945
07674
06999
06957
01923
07287
01714
03567
03564
10763
00761
01933
11175
00937
01524
01951
03601
13735
03977
01892
15539
06941
00940
05367
06894
07751
04755
03704
06199
03425
03644
03801
09158
03642
05837
05515
00783
09710
00969
02340
03643
01869
10004
10002
10003
10001
03820
06189
07042
06168
03184
01953
02565
01443
02802
02803
02804
01714
01886
06178
03168
13634
01681
01591
03113
04062
14051
01147
00208
07552
04044
04082
10441
14392
02687
03557
09969
09970
09971
09972
00014
07566
07479
04096
01462
00604
03500
03282
09890
02879
03040
02986
02948
02952
02919
03076
02876
02907
02988
02881
02933
02994
02024
05775
03181
03179
00631
00901
01356
03327
09823
05539
01775
00832
00164
00658
00382
01903
01902
10126
10125
03788
03701
13631
13639
06901
14393
01895
03385
04013
04014
04016
11102
02034
00163
00627
00382
01682
09910
01611
00797
14588
00117
00760
01673
01579
01918
00606
07347
15540
00950
01894
06204
06206
01975
03579
05365
02013
02016
02015
01845
03281
15724
03974
03969
03970
03971
00690
14053
06918
08990
03721
00941
00878
07347
01874
02478
05846
05847
05846
05845
05349
03777
07262
05541
10542
02529
07148
01495
01070
16089
11733
01920
07735
07447
02669
06997
02221
09131
09923
03439
03575
08306
01581
07150
06041
10107
00979
07266
07265
09689
09688
02462
02461
02460
02459
02458
02457
02456
02455
02453
02452
02654
10939
02550
01638
11477
11473
11472
11474
02040
00820
04042
02114
02112
02115
02111
02113
02109
02110
02108
03501
03495
06205
01914
03924
03549
06726
10441
02529
09897
07391
01652
11258
00826
01687
01754
02521
00053
03656
01524
03732
03671
03628
05790
02472
01129
02647
00990
01265
05887
03785
00313
12507
01007
09773
01626
06074
00432
06073
04764
01890
01889
02887
02916
02520
01868
07038
06956
15722
03781
03490
02759
02761
02760
04064
05984
09975
05526
01484
06447
00673
00840
04487
13643
15396
05820
15977
02057
00600
05916
04751
07715
07711
01952
11991
00997
03474
03584
03685
03100
03596
03598
03597
03088
00278
05590
11249
03648
03214
03672
02954
02931
02895
02874
02961
02904
02878
02982
02890
02965
02886
02892
02926
02906
02946
02451
02452
02453
02455
02456
02457
02458
02459
02460
02461
03594
02192
02358
03839
03645
01581
07667
07646
01548
01547
01546
01669
03305
07160
01647
00242
00239
00240
00164
00658
01903
01902
00425
00426
07107
03562
03641
03640
03517
03811
16264
01626
11065
14054
15580
14055
03543
16074
05591
14058
03737
03778
09978
12516
00981
01118
03578
07248
00134
12262
09794
03817
03304
16868
01151
10213
16326
16324
02769
02770
02768
11183
03291
06940
02356
13694
13893
13894
13895
13896
07552
02897
06899
09904
07014
07685
02199
02198
02197
02196
02195
02194
02568
02573
02567
02570
02572
08276
00116
06159
02355
02992
02950
07237
07236
07235
03745
03775
06158
00855
07397
15550
15547
15549
00881
10550
10551
10549
01808
06167
09994
05774
06162
05780
05781
06163
06164
06165
06166
02043
02042
02044
02041
06193
03762
07643
07771
03760
03759
03755
01584
07406
08984
01676
07703
07701
06975
04567
03305
02967
02357
09903
02838
00099
00806
00981
11749
07277
06142
02536
02372
00677
00748
03470
02337
01962
04075
15034
06079
01881
06080
02073
02072
02071
03273
06222
08307
11911
11891
11910
11909
11907
11892
11893
11720
07091
16322
01460
04653
04651
01061
03561
08325
00655
02621
07471
00973
16704
02805
16693
12582
02853
06871
02498
02496
01749
05851
06202
01778
09921
03733
03657
03284
05786
01058
03654
05835
05834
03576
00549
08094
00615
00926
00849
00965
07647
01142
05777
05778
05779
08320
00262
01008
04773
08281
08369
08369
09916
00134
01792
07180
09786
03449
09712
13069
11250
03684
07285
00998
05811
03695
05810
06180
05807
05809
14170
14187
01626
02884
00554
02860
02959
03106
03687
00858
03631
06186
09801
03664
04095
06141
00362
00363
02598
02302
01867
01091
01783
03112
01735
00891
02507
12291
12290
12289
12288
05366
08312
04762
04083
01610
07638
07659
04760
06959
04759
07490
02170
07400
06155
00705
00688
03556
14415
14414
02444
05776
02019
02020
02018
03319
01681
01051
00833
01012
02169
01935
03702
03639
03638
03637
03636
06890
06890
01993
11927
13574
16090
13650
10037
05782
08303
02054
02053
00137
09936
03823
11738
11208
00675
02575
08349
02972
13243
03919
10778
03734
09475
07676
07687
07677
07710
07714
01034
02106
06894
09934
02469
11107
01126
02445
00111
00112
00113
12660
12661
07806
10012
10011
13014
07264
12962
12963
01911
01661
02551
03923
02016
02015
02015
02013
02622
07000
03651
09920
12340
03673
03611
07238
03272
00982
07184
06153
01633
08591
03765
12055
04084
03926
11906
11895
11896
11905
11900
11901
11903
03271
02400
02557
02346
02839
11750
11926
11929
00931
00147
08996
06940
02909
03780
11106
02970
03086
07229
06878
12113
01061
00757
01631
00883
09760
03183
03690
03688
03116
03117
03118
03424
03182
05368
01825
03753
03752
09896
03673
03978
09894
07712
07708
01915
06207
08318
10036
04047
11939
11934
11924
00656
04069
03750
13051
13892
13889
13890
13891
14441
11534
08160
07085
11073
11076
11075
11074
03212
09996
09999
09997
11930
03532
07811
03533
05516
01085
03809
09016
09024
09019
09023
09021
09018
13821
07243
07224
16301
11937
11936
11931
11935
12972
06214
04338
04337
04335
04334
04336
09917
01665
01752
00563
03704
08169
03799
03797
03607
03808
07156
10857
01354
09918
08289
01625
01690
00036
00873
02560
09817
09816
03551
03550
15737
15736
11735
15735
00375
02000
02001
02002
15974
03543
03446
02439
00111
07347
00688
00703
00975
00133
06156
06145
06911
01126
05813
01996
01995
01998
01997
01999
01999
03089
09811
09812
03110
08993
01534
07791
01744
07113
16263
04078
04077
02356
16347
16348
03098
00246
04568
01613
06949
13288
06925
01448
03572
00791
03666
03665
04088
04087
09937
01939
13771
12573
03218
09980
08989
09456
03477
06871
07347
07345
07154
00041
01425
08324
08159
03712
13632
13630
01223
10124
02759
02761
02760
03482
15268
01284
16066
05594
00343
00342
00341
00340
00339
00338
00337
00334
13378
00331
00330
14260
09161
09899
00925
13788
07095
07589
07071
10017
10015
10016
10013
03186
00764
03558
03749
11754
01963
03975
06173
03473
12111
12112
03931
11391
07043
07862
01685
01812
08191
15977
06911
01752
00656
03838
01754
07592
07591
00865
12299
16371
02746
02747
07058
07560
02380
00123
02379
03534
00848
02854
02856
04564
02526
06006
00850
02048
01521
01803
14065
00528
00864
02440
09892
02553
02548
03667
01419
03591
04066
02909
13735
00782
07357
02167
02168
13244
00926
13979
03329
02688
01720
01908
10974
02532
09912
01070
11941
03670
03669
12147
02517
07146
02846
12148
12149
01465
03675
08162
03790
09915
03980
02399
02398
02386
02387
02388
02389
02390
02391
02392
02393
02394
02395
02396
02397
08300
07040
02911
03621
00648
00645
02078
09458
07082
00943
02341
01159
08310
01876
07136
15256
15257
07821
09907
01887
03516
11066
01620
00156
11933
06188
09824
13888
05685
03704
06891
03694
15342
02518
00684
00384
03466
03634
07478
01875
07306
08219
04069
00656
09136
00831
00800
07387
00945
02945
05788
00912
09927
09791
00979
02400
02401
03414
03413
03412
03408
03407
02557
02556
02402
02403
14064
00697
01087
10538
10539
10537
02255
02217
03834
07039
00995
03703
07689
10010
10009
07173
01919
03563
01872
03565
02781
02468
02467
12266
12264
12265
04656
05796
03487
02752
02753
01223
08315
15834
15832
15831
15830
15829
15828
15827
15833
04651
04653
04654
15836
03555
07314
09125
06133
15584
15585
15586
15587
10824
07722
02773
02774
13926
01993
07007
16322
06144
03305
15984
01414
07115
07285
07225
16087
02016
02015
02013
07507
00428
01194
03078
02990
02686
02963
02939
07154
08191
07269
03773
11737
07322
07109
07278
09800
02057
02057
03841
02558
09889
03592
15536
02818
02819
03485
01531
00610
00609
15551
15552
03119
01698
01921
00286
09768
00891
14591
09913
03554
00847
03547
07636
03311
11736
08682
07568
00773
03210
03072
03074
05517
07738
11752
00794
03625
00946
01095
01662
00795
03602
03151
03152
00077
03424
16088
07337
07251
01207
07000
03885
12151
03723
09808
09810
09808
07637
01756
07153
00566
12152
06181
00031
02424
02425
02405
02406
02407
02422
02423
07112
02408
02409
02410
02411
02412
02413
02415
02416
02417
02418
02419
02420
02421
07781
07026
09781
07458
06950
05523
07127
09933
06194
00573
03787
06176
01770
00991
05589
00860
00957
09612
00390
00381
01737
00313
10026
03744
06872
06872
06872
01689
01937
03215
07678
01706
13918
06175
15723
07058
07290
00874
11103
00694
12372
12371
12370
12369
12368
12975
07347
08177
01246
03826
07726
03704
01879
01878
01805
00611
00926
00611
09893
03828
01873
02339
01255
07091
11720
06915
06146
06157
00098
12957
07357
07345
07351
07347
07348
07349
07350
01686
05879
05878
00005
01608
03315
09767
02300
02299
02298
02297
08218
07286
05527
03545
01358
03544
01338
03530
03770
02237
12500
06920
11938
05800
04752
03320
10805
09914
07443
03577
05802
09790
00759
02343
09747
06187
04079
01772
00892
08223
06219
03633
03804
03632
01893
00763
01256
15554
15553
00299
07140
12297
15738
03808
06192
09857
03812
01716
04770
09911
03658
01734
06929
11940
06969
01512
03620
03619
03618
00425
00426
01093
03704
03704
03704
03704
08322
15461
09906
07090
07261
01736
07320
08296
06076
04754
13629
01753
07786
07797
07690
07679
07088
12974
14261
02478
08483
11189
11201
08326
11203
11202
03322
11535
02079
02082
10984
10985
10986
02080
07056
07121
07460
07089
09979
07461
03824
08303
03835
05592
05803
00962
02956
02834
02519
02600
09748
01940
03075
03431
00796
03798
07574
03624
07259
03979
02899
02888
02523
00790
07122
07323
03764
12525
05517
00297
03782
09974
00005
08483
11189
11201
11203
11202
00656
04069
11202
01595
01438
00145
00930
01755
04761
00322
16092
01776
00075
03524
02358
03073
02601
02867
02863
02864
02935
11606
11605
05373
05372
04786
04785
05374
04783
15721
13735
01241
13635
03657
08094
01783
02774
02773
01808
02774
02773
00768
02233
02231
06879
06966
03837
01752
01146
00048
01628
02429
01818
02431
02430
06968
01766
02426
08304
11901
11900
11893
11892
11903
11907
11891
11910
11896
11895
11906
11905
11911
14155
01448
14682
03581
03582
01407
03583
02681
10543
10545
10544
02529
00835
08092
00880
00138
13954
03833
01042
00009
02562
14762
00427
14348
03216
00640
00057
03071
15633
09798
00060
03274
02841
02847
12983
01305
07559
03427
01153
02317
13255
02344
03789
08723
02837
03424
04781
07279
01420
03779
07358
08302
14221
16923
14237
14237
14229
14229
14229
14229
14229
14229
14220
14220
14220
14220
14232
14219
09477
14228
14231
14231
14228
14219
14219
14219
14219
14236
14236
14236
14234
14234
14228
14218
14218
14237
14237
14237
14237
14232
14219
14235
03559
14227
14227
14227
14225
00040
08302
00265
00821
00951
03604
01985
01985
01985
01985
01985
01985
01985
01985
14230
14230
14228
14226
02226
14223
14223
01978
01069
03417
06075
07245
08302
01980
01980
01980
01980
01980
01980
01980
17195
00371
00374
00373
19353
03526
17247
14218
14218
14218
03292
13923
11209
00370
03585
04091
01664
10038
01582
01582
01897
10439
00073
04017
08313
08316
02484
17713
15555
01977
01977
01977
01977
01977
01977
01977
00956
01983
14219
14233
14233
14233
14222
14233
15841
14224
14224
14224
14224
14233
14230
14230
14230
14230
14225
14234
14232
14238
14228
14228
14228
14228
01990
10112
01992
01250
11070
00813
05601
01739
19221
17686
00130
19789
02770
03276
01485
07459
14742
01487
01840
06518
01838
02477
00537
01497
00104
08485
01271
01467
17722
01659
06518
11928
17723
05799
13638
02081
00108
00042
06867
02058
01138
00537
00632
08173
02477
12985
09017
02768
02026
00661
00042
03772
11747
01130
05540
00971
01791
14059
07684
03566
00632
17758
17759
02027
02058
02483
01138
00344
01187
00042
13695
02032
21364
02769
07782
08348
17938
01066
02768
08483
11183
18148
18141
07812
18142
17948
02031
21430
03605
08156
10678
03275
07491
00059
06887
07493
01185
18324
18326
05874
21637
04333
03293
11904
18471
18478
11904
11904
11904
01671
18446
11894
11904
18507
18522
00681
18525
18521
18518
18504
18505
18511
18512
18519
18508
18513
18517
18523
18524
18520
18502
18503
18509
18515
18516
18528
18527
00335
18691
18697
18702
18765
18928
18850
18842
18889
18862
18862
07171
18865
18867
07495
21645
18920
11741
18841
18869
18899
20861
20866
20881
08968
20862
07319
18800
18778
18831
18657
18890
18871
18843
03553
18929
18898
18863
18863
07724
08323
10748
04565
03169
03169
12684
07480
11685
05839
07724
01355
03503
03502
07796
07810
03746
03646
13654
05785
03674
14060
08722
22044
18839
03976
18840
19055
01699
18979
18997
18988
19048
19000
08970
19227
19229
19155
19156
19129
19222
19161
19226
19235
19236
02777
18922
19163
19127
01154
19158
16291
19160
19238
01710
07012
00336
19228
19130
19128
19159
19168
19164
00633
19270
01992
01992
01992
19265
01066
19416
03722
07496
19267
19337
19338
19304
19334
19302
19270
19354
19333
19303
19577
02796
19611
02257
00525
19709
19688
19775
19745
19777
19778
19776
00799
06131
00799
06132
07147
15777
19784
13069
19802
02538
01023
02775
07749
01848
19803
21636
19804
19810
19956
19956
20117
20118
20265
07686
19591
20542
20543
20541
21394
22111
22132
02081
02438
02790
02791
02790
02791
21084
21085
21086
21087
21088
21089
21021
21028
21090
21039
00525
00526
02314
06866
07455
02314
01160
14744
06909
06905
06906
06908
06907
06903
06223
02314
06217
07313
06223
06191
04068
03546
00558
03676
02315
06197
16711
00560
01520
14623
00857
06217
14059
07336
02316
00980
02335
21393
21395
21449
21470
21498
01451
21511
21512
07334
21498
21602
21739
21740
21741
21742
21746
21698
21695
21936
21948
21963
21965
21974
21975
21966
21968
21976
21990
22041
22015
22024
22051
22014
21964
21967
21972
21973
08319
22131
01816
01816
05275
03595
22130
22129
22105
22104
22110
03079
08994
03078
03077
15634
22304
22293
22302
13566
11206
00424