04042
09951
00060
03496
01439
01872
04773
01714
00928
00133
01924
06442
03602
03601
03306
07220
03070
03820
02836
04567
02428
03465
03100
03284
07175
01738
02291
05367
03587
05515
01610
02793
02794
02795
02796
08483
03596
02035
09767
01889
07478
00639
10773
01803
01619
09860
07391
04096
03168
00845
04744
03723
03744
00266
00528
03770
03088
01879
01878
03584
07275
07337
09859
02968
03703
03655
01869
02340
02655
06942
03657
02337
03555
03572
01923
07316
01448
02536
02535
02372
00677
09949
03975
00566
02888
02899
03979
04043
03687
03705
03424
01129
00954
03282
06962
01613
05808
06023
07114
07114
02313
02338
02470
02469
11065
00975
06217
02435
02433
08218
02902
07277
02160
04763
02626
01480
03497
02996
02871
04075
03686
07507
09808
00997
00820
03474
03431
03798
00760
01752
01012
03150
02342
09131
06969
01443
02564
02803
02804
02768
08483
11183
00283
00282
02437
00605
02939
02963
01881
00099
00981
01586
06904
02528
07259
01734
00806
02838
09903
00831
00817
00765
00013
01814
00925
03545
02825
00609
01465
01591
01262
02356
00554
06960
02959
01783
00604
01926
07282
01737
00950
07007
01951
01915
00759
08984
06997
09131
05516
03594
01893
02655
03177
01246
01531
07032
02809
02810
00864
04759
01921
00790
02493
02835
02806
03530
00057
08591
03665
00791
01808
06076
03688
01673
03778
01778
07078
00857
01356
01993
00364
01956
01955
00764
09825
01938
04068
06131
06911
11068
01006
02520
02916
02887
07014
01624
00615
03595
00640
03466
00995
01095
03562
03559
03832
07238
09765
03631
00858
01338
01091
00847
01689
06180
03744
03799
03644
01876
01892
00705
04653
04654
04655
04656
03525
09760
03624
04485
03527
03218
03529
00762
03517
00767
00865
02654
09952
01873
07053
01126
01662
06966
03216
00688
01776
05810
01839
00003
00651
01740
00088
01677
01678
07001
03086
02316
02970
00789
01142
02563
03588
01000
01929
03438
03501
03495
03650
03217
08998
03536
02914
00075
03593
03980
02434
03640
03641
02655
09747
08296
06153
01056
02897
00948
09761
01089
01358
03640
07282
02314
01775
02066
02065
02067
00278
01874
00567
05794
03737
06188
03775
03152
03305
08641
00942
04066
01866
07082
06199
07089
02204
01733
00003
01790
00973
02283
00703
01835
00262
03733
00134
00912
03470
07460
03783
00796
01495
01737
06894
07783
02357
07040
02911
03621
02078
03685
09748
02600
02519
03310
02834
02527
01520
06213
00873
09778
03074
03072
03210
01868
06158
06207
02666
02652
02653
06861
06041
01627
03701
06287
00384
00849
03307
00927
00177
03770
00097
03522
03521
02863
02867
02601
03073
02913
02500
02501
03270
01875
03305
01928
01925
02108
02110
02109
02113
02111
03274
02115
02112
02114
03553
03696
00027
02003
03075
04069
02280
02279
01409
03797
06024
05896
01867
01972
03625
01733
09005
02031
02032
02033
02034
00940
07106
09001
03702
07090
03800
07090
01667
03271
03924
08315
05580
00337
00332
00330
00340
00339
05568
03101
01870
03307
01159
03789
06925
01883
00962
02956
06941
00969
09710
01887
02517
03273
00979
01937
01462
06076
03305
04077
04078
02909
01493
06143
17103
07007
03704
03327
03671
02335
00859
03628
00919
06412
03550
03551
06381
07568
00773
07566
07056
01923
01952
00764
01945
01588
01933
11175
03664
01258
00334
00335
00336
03590
03531
02669
00945
00655
02945
02358
02355
02992
02950
03046
03043
02935
02864
03704
07107
02341
00943
03270
00600
00809
02343
06187
02238
00176
00174
00175
03111
02990
01939
01756
03630
00382
02533
00929
08301
05837
03571
03570
00931
00147
00286
03569
02879
03040
02986
02948
02952
02919
02518
01265
00939
03076
02876
02988
02881
02933
02994
02954
02931
02895
02874
02961
02904
02878
02982
02890
02965
02886
02892
02926
02906
02946
04651
00030
11473
11537
01834
03426
00602
11755
05595
00657
02884
06958
01993
06934
01515
12267
01207
00059
07289
01950
07027
09136
02503
02967
00748
06889
13292
03340
13057
01897
01710
03524
00652
04487
00812
01358
06168
01890
11753
06001
02313
02313
07098
06929
07025
01810
13819
11754
03321
02790
02791
07126
11085
07025
00801
01961
13789
01077
01840
03296
02793
07455
05349
03294
09005
12510
12511
11189
02005
00634
01448
03772
07216
00603
13052
05939
12340
01491
09457
10206
12506
01488
01156
07042
03568
11749
06147
06147
00895
04072
00951
01784
14232
14225
14228
14220
04072
00215
01840
00949
06909
01885
02823
01487
07272
14236
14227
14233
14219
14234
01392
14229
01784
14155
14223
14234
14228
14222
14233
14219
14219
14231
14235
01980
14237
14224
14226
14218
01985
09810
14218
14225
14224
14232
14237
14221
14225
14230
14219
00965
06133
14233
14218
14230
14234
14228
14228
14233
14223
14230
14228
03324
03086
02428
14237
15342
15633
02594
15987
02358
16053
00970
01978
15035
01977
16264
05825
14232
07091
11720
01990
01703
01704
01992
01992
01992
17686
17828
09022
05366
21672
03469
03526
16149
00571
00571
01990
01992
06881
19689
01258
19955
20074
12132
12132
20265
20534
21071
08968
21636
21636
10026
21929
17758
17759
14441