11891
11928
02412
09767
03925
01546
03575
02892
02926
01755
11746
01246
10563
11733
02849
00757
03602
10708
10709
10710
10711
09903
02356
05788
05366
05787
03530
04764
00833
00799
01687
02506
02532
01190
03495
01610
05522
01142
03601
03624
02558
09889
01465
04068
01226
03485
03675
03559
02430
00963
00973
00033
01008
00954
09456
02963
07269
07322
05846
05846
03593
00878
08303
07664
07789
07788
07799
04046
01494
01991
03818
01711
02377
03207
03606
01868
08276
07283
03781
04064
09975
05526
01484
06447
00673
00840
01876
01657
05851
02988
07258
09802
01241
09933
06950
08989
07462
00566
07153
01258
11071
11070
11069
09808
09781
03415
03704
09765
07568
02501
02500
03547
00575
03649
02518
03631
01547
01548
03746
01356
01585
03658
00794
08722
04567
02408
01883
03654
03648
03503
03574
02314
02315
02316
03111
03656
08320
06187
01141
03557
03186
03502
04773
09916
00134
07180
09786
07109
09800
01507
01889
03545
00266
05365
07676
07678
07641
02111
02778
02779
01961
02344
07644
07646
00627
00558
01247
02016
02013
00208
00052
02036
02038
02037
02040
00925
03449
07642
01953
10773
11183
02768
02935
02864
01886
07071
01512
03979
02358
01682
01223
01223
00370
00371
04069
00979
06221
02760
00652
01695
01696
02345
03060
02749
02750
01448
10857
03596
00382
01222
02337
00610
07277
02535
03273
10763
03587
03470
01972
06204
02028
05515
05367
02071
04488
07751
06894
00940
00937
11175
00761
05782
00963
03073
03974
01772
00865
02647
00939
04079
00759
09790
03577
05839
03839
03184
06217
10001
10003
10002
10004
01869
03643
00969
00783
05837
03642
07258
09158
03801
01738
05792
05795
05795
08159
03829
01425
00041
01194
01192
03737
03778
09978
01118
03578
02018
02020
02019
05776
00849
01626
03811
03517
02015
00567
03110
09936
02493
02909
03814
06206
01151
05874
03168
01955
00957
03800
03784
01839
01619
03424
02761
00012
09901
06131
09780
03832
06190
06940
07275
07053
00867
03498
00931
00769
06445
08307
02071
02072
02073
06080
01881
00677
02536
06142
00981
00806
09808
03885
07000
07337
00943
07082
00645
03086
01409
08591
06153
07184
00982
02858
01061
03424
02841
09979
02871
02355
03594
07091
01255
03828
06169
09893
00611
01873
11075
11076
11073
05844
10678
07085
02406
08160
07258
03750
08191
03743
03565
01872
01919
03543
03281
02015
02016
02013
02014
03579
01975
00950
00606
01918
03711
00655
09131
03182
05785
03424
03116
03690
09760
03576
05786
03284
09921
01778
06202
01749
01719
02496
03568
08301
06287
00099
02838
02357
02967
00383
07115
01414
06144
07007
07798
07233
07156
08993
08316
09812
02221
07238
09920
03651
07000
09747
00826
07387
00615
00927
01624
03442
09807
09888
09895
07026
02419
02418
02416
02415
02413
02410
07147
02687
09969
09970
09971
09972
01945
09891
01599
07740
03147
00788
03154
03149
03150
00797
01611
09910
03807
03806
00767
00364
00859
01811
03796
01478
00926
00611
09022
03776
07043
03194
02759
02863
03293
02853
03089
00375
01999
09862
07112
02424
10009
10010
03621
02911
07040
02397
02396
02395
02394
02392
02406
02798
02799
02800
02444
03556
00688
00705
03704
07400
02170
07490
04759
04758
06959
04760
04083
04762
00800
00831
09136
00656
01875
07478
03634
01407
08304
01752
03837
06966
03215
01937
01788
06872
01737
00380
07058
07560
00556
00942
08312
00891
02768
02769
02770
03527
03774
03101
01870
02968
03717
04043
03831
00616
03310
09861
01733
00872
02533
07773
06143
07663
05805
03720
08309
00381
00390
05589
00991
01770
00573
06194
07285
03684
09902
09160
03611
03314
03603
00285
01775
08308
02014
01194
00375
00147
00989
05501
01520
03630
02913
02527
10107
07266
07265
09689
09688
01735
03112
01783
01867
06141
04095
00855
07019
00948
06158
07070
03745
07039
06942
00948
00919
02494
02492
01627
07300
06197
06039
03199
03200
03203
03204
03195
03196
03647
06191
03427
00362
00372
06910
07673
02575
00373
00374
01433
09858
10544
10545
10543
01805
01878
01879
00874
02361
02390
02388
02386
02472
05790
03628
03671
03732
00053
02521
01754
07391
09897
01776
00322
04761
03826
00874
07290
07058
02844
02843
03274
00639
09798
03676
03071
00640
01940
00930
00145
01438
01595
07347
00116
03764
03546
03186
15770
03216
07662
02048
01521
07127
07402
07141
01265
00990
01129
06858
07236
07237
02992
02441
05592
09923
02291
06443
01823
00995
03834
05800
01738
06920
03770
03544
07286
08218
02297
02298
02299
02300
00077
03152
03151
00795
01662
01095
00946
03625
07738
05517
03074
03072
03210
10537
10539
10538
00697
02403
02402
02557
03407
03408
07347
03414
02401
03516
09907
06201
07136
08310
00773
03311
07347
06217
07224
07243
03809
11179
06969
06929
01734
01262
00847
09913
00891
09768
00286
01921
01698
00123
00425
00426
06916
03185
00605
03183
02398
02399
09915
03790
08162
03675
01465
02846
07146
02517
03669
03670
02761
09795
05499
03591
02548
02553
09892
02440
00101
02856
02854
02855
00848
01629
03534
02379
00123
00123
00127
03833
00009
02562
00528
01803
06894
07461
10974
01224
03641
06997
02669
07447
07735
01920
09761
02742
00789
00384
00684
03694
03704
09824
00156
01620
10000
09997
09999
09998
09996
03212
11074
01480
02405
02867
02601
07150
07700
01910
05964
08306
03439
03977
02837
00525
00549
03835
00425
07089
00525
01652
10806
03572
06076
01892
02945
00648
00604
03500
03413
00820
02238
02302
00526
07042
02160
02400
00057
04754
03808
03808
01007
00790
06968
03665
01845
03923
06192
09811
03075
08484
00560
01673
09936
02073
02072
07093
04081
04080
00883
03536
03217
03650
06901
02039
09816
09817
09815
02560
00873
00036
01690
08289
09918
01354
07156
07313
03607
03797
03799
00563
02796
02113
02109
02108
03501
06205
03924
03549
00134
01258
03531
03590
03589
01921
01924
03588
01925
01000
01929
01928
03586
03438
03435
01653
05798
01649
03291
02064
02063
01804
03580
05801
04744
03771
02528
00287
02795
01752
01665
09917
00648
09911
04770
01716
03043
09857
07140
01256
00763
06219
09791
09927
00912
00945
06726
00852
03753
03752
09896
03673
03978
09894
07712
07708
06207
07341
05813
05814
05815
05816
01126
00681
03825
06911
06145
00851
04095
00700
02438
00975
00688
00111
02439
10748
06223
03686
06176
03218
02437
01915
02906
03980
01952
05810
00762
03919
06189
03118
03701
03702
03573
03582
03583
03581
02336
07262
03823
03777
07241
04656
05796
08315
04653
04654
04655
09472
09471
00873
06078
02426
03703
03657
03555
03550
09015
09013
09014
05997
02420
02421
04044
03177
02317
03629
03655
01972
03584
01704
02835
03551
01159
04066
00901
03666
01956
00526
03760
01893
02313
01056
05834
00537
03271
00344
02114
01419
03975
04069
02110
03117
03775
03640
01185
03614
03969
03644
02990
02939
03613
02380
03734
00970
03563
03612
01997
01998
03645
03617
05799
00537
01153
00631
02057
02056
02551
07637
01962
06866
02759
02769
02770
06916
00278
04047
00547
03804
03609
15581
06136
01995
02793
02794
03098
01714
02078
07154
01689
03402
03623
00135
02498
05804
07636
05966
01448
09900
05541
02115
02112
01012
06910
02022
03664
09801
06186
00858
03687
03106
02959
02860
00554
01626
05809
05807
06980
09159
03840
03981
02836
01586
02761
05350
02760
08227
08311
01252
00216
06200
00899
08963
07223
02048
02046
02047
02045
02777
08483
03695
00156
03761
05811
00998
09181
03672
03214
05590
03088
03597
03598
03803
03100
03474
00997
10112
06918
08990
03721
11065
09773
01626
02761
06074
00432
06073
04084
03926
07791
07113
04078
04077
00246
01613
06949
08303
09937
07306
06925
00791
04088
04087
06970
07345
03488
01993
06890
03635
03637
03638
03639
01935
02169
01591
03113
04062
00656
00690
02025
02026
06904
03543
07014
09904
06899
02897
07552
02356
06940
03291
00882
00457
01495
07148
10540
10542
10541
03719
06941
01996
02887
00558
03667
01042
01791
03610
03615
07034
07643
07771
10805
02484
02483
06178
03592
03469
01939
06195
02600
03608
02565
03502
08680
11085
01933
01664
00765
03313
00241
01647
00240
07160
01669
07106
07711
07715
05916
00600
05820
02387
03299
06140
03387
02364
06048
03560
03562
07107
00426
00164
00362
00363
01644
00242
01589
06917
02003
05838
07340
03528
09954
01885
03322
00845
03284
01575
06188
02193
02194
02195
02196
02197
02198
02199
02200
00163
10110
10108
10111
05775
03181
03327
05539
01775
06901
04079
06165
06193
02526
01815
02504
02425
07345
07640
10914
07677
07638
03749
03558
00764
10014
10016
10015
10017
07095
09899
09161
00330
00331
03548
03564
03567
07287
01923
07054
06999
01439
07685
00615
00616
02013
02015
02015
02016
02363
03305
02982
02446
02878
02874
02895
02931
02954
02994
02933
02881
02907
02876
02952
02986
02879
03282
03499
01462
04096
03747
07479
07566
00014
00651
01638
01637
03453
01810
09475
01902
01866
00275
06077
06938
10680
03683
07390
03604
00574
02761
03327
02168
02167
08169
06199
03704
03326
08296
07320
01736
07261
09906
03473
06173
07217
01821
10679
02051
02049
02050
02014
02035
02034
02033
01299
01935
05846
05846
09771
08323
08191
01284
08994
07667
03756
06891
02919
02909
02073
02072
07443
09914
03320
04752
01750
07119
03823
09936
07308
07306
03455
00892
00334
00335
00336
00337
00338
00339
00340
00341
00342
00343
00784
02348
05594
02552
09458
07458
01903
05982
03786
02340
02341
04564
02391
03046
07173
01963
00793
02556
02414
01807
03092
09823
00609
10441
10440
02469
02470
02621
02622
02409
02411
02407
02422
02346
02338
02339
00864
04565
10439
00647
03722
03723
01646
03553
02686
04067
06177
00230
01588
08300
02520
02342
03646
03616
00239
04652
01661
02549
08984
07795
07774
07649
02445
01126
11107
00425
00426
02035
02033
02034
02031
02032
00325
00324
03758
07661
07345
02946
02886
02965
02335
01673
00658
09019
02529
02529
02529
02529
00058
11392
04774
08992
02824
01515
04042
15555
05527
00013
01091
00059
11198
11199
11200
00133
01756
09001
02919
09020
09016
06138
08161
03179
01873
06180
09955
03148
07407
06958
02619
04751
03316
00832
01840
03767
01895
06149
06203
07665
01834
06212
07792
02899
05794
01625
01582
03566
07660
05802
00245
03561
01631
00868
02017
03718
03466
07657
00090
01911
07687
07235
02529
02116
00564
01525
07659
00703
07702
12147
12148
12149
01079
12289
11922
12340
11991
06137
03820
02372
00860
06139
01420
01809
01784
08964
00951
11892
11911
01096
01270
04091
00299
05984
05358
11178
00108
12152
03810
07251
01485
01835
11900
11902
12262
04763
03733
00813
01579
00674
01914
03632
00548
02784
11258
01652
11066
00027
06183
00821
01874
01890
02563
03772
02961
02904
03269
04568
10918
03040
08723
01679
00817
01814
02802
02803
02804
02564
01443
02566
01739
02393
03554
02809
02810
03789
02389
02417
01676
11102
03070
02760
02752
02753
00928
00215
00758
11105
09973
02916
07862
01703
01448
07347
00876
00850
00427
03412
00857
11103
04485
03633
06179
06181
00549
01697
00088
03595
02884
01686
06175
03569
03570
02755
02756
02757
01424
01744
01652
02818
02819
02809
02810
04075
02314
01951
01338
09021
00760
09018
01681
11068
01887
00389
03571
09125
07684
03805
05596
09023
01685
07644
03893
01714
02507
07305
01812
08191
07393
00847
03841
03497
02067
02066
02065
07301
06041
03270
09774
06861
05808
02806
07648
07139
03290
01639
03600
03599
06911
07056
07121
07460
03824
08303
05803
00962
02834
02519
09748
03431
00796
01531
06044
01489
03076
07639
02996
02890
03688
01581
01581
07312
04651
05835
07323
03798
02427
07574
07259
02523
02805
02679
02680
02681
02682
02505
03787
00265
06222
00863
11391
01643
01643
03636
03773
07278
02217
00040
10026
11896
05396
08219
00031
07689
01897
03748
11072
11535
01813
01104
00244
03426
11896
11896
00016
08224
11747
01894
09806
00247
11903
00228
06889
07052
08682
09251
07724
09470
11749
08317
01042
07470
11750
07782
11755
07343
12974
08325
12975
01187
03446
01051
09710
01187
02004
03169
02851
01633
10192
10195
10194
02423
01916
00906
08172
05789
00854
12370
07347
00657
08324
10027
10193
05875
13301
12943
07793
07794
05847
00124
07074
02024
02024
11209
11891
09702
07304
05874
02058
02056
02057
02057
06218
00823
03324
01093
11929
11898
11738
05791
05793
04775
06159
03208
06079
11753
11745
01139
03292
01176
01487
03894
03896
03895
12297
12290
12288
00748
07289
01207
00059
04477
03769
04045
04045
07665
02002
01809
11734
12410
08485
05540
00835
09908
01941
11736
11737
07027
01497
06889
01491
02790
02791
12372
13053
08967
01069
05368
07459
07038
12525
12500
09017
02478
02478
03819
04065
01002
12961
02485
03973
13292
09961
07169
03321
12984
10804
12373
01011
11897
04772
00626
11939
07075
04771
00884
01048
00060
00568
11901
11910
11890
11893
11907
11925
11752
08154
01766
11891
11926
11901
10037
00965
07404
11898
11906
11927
11754
11903
09898
01154
11933
11900
03768
11907
04487
11717
11719
00661
11934
11924
01785
03425
06168
11895
11895
03524
00029
11897
01710
11932
07122
01759
06957
01119
01169
00024
01187
03386
12151
03472
10038
08234
01185
07214
07214
00853
09810
11742
02302
07796
03762
02362
10036
01358
11900
11748
11751
02099
04755
11906
11905
11906
11895
08313
11177
01089
11940
11941
03286
07307
03119
03119
07090
07090
02426
01243
09824
02024
03496
11743
00130
12308
00971
07726
00117
11720
08225
00137
03482
07781
11938
01092
12291
02237
07787
09473
00316
00602
01232
00974
11534
00065
08137
01150
11893
11892
11901
06895
01058
01684
07397
08194
03292
03791
03406
07346
05875
03704
07497
00675
03406
00956
13890
13892
05685
13889
13637
05520
07491
01467
02053
02054
02052
02055
07186
03317
00219
13038
08177
00694
07810
04085
03201
08566
13255
06879
13283
13378
00297
02790
02791
03970
03971
12972
01271
12957
00885
13788
05939
05349
05349
09612
03487
12368
08318
01193
12371
09945
12339
09934
03328
07349
07349
06006
07274
12685
12686
00557
05847
00355
15548
07232
12573
03817
03468
15830
01488
00065
14062
14055
13888
14056
13789
13735
03406
03406
03406
03197
03406
02852
12582
01607
02058
04844
01838
03272
02790
02791
03406
02001
02000
14059
14054
13654
14064
01782
01825
14058
14052
14051
06211
13628
13953
07245
07245
01534
08344
02062
06156
04691
06956
12700
12524
08351
12369
01297
01087
03668
00632
00632
06075
02477
13288
04072
13895
00281
07250
06884
07349
00040
02532
02778
09880
01147
02255
08997
06518
06075
05845
05876
05845
02100
01209
08305
02477
12973
01730
05874
00694
07343
03292
07274
03897
09024
01524
05812
03446
03297
07107
12945
05601
04753
13979
13979
00121
13631
03782
13638
01792
03288
09476
13641
10778
05875
13643
13634
01070
13694
13821
07248
03484
13483
13727
13695
13894
13896
13497
13639
13891
13893
13816
13620
14228
14237
14237
14237
14237
01977
01977
01977
01977
01977
01977
01977
18446
14221
14221
14221
14232
01983
14219
14229
14229
14229
14229
14229
14228
14233
14228
14218
14218
13954
13498
08281
13635
13630
13632
13684
13683
13771
02358
00941
14187
03762
14220
14220
14220
14220
14233
14236
14236
14236
14233
14347
14392
14260
14228
14228
14228
14228
14155
14232
14233
14233
14234
14234
14228
14223
14223
14218
14218
14218
14348
14230
14230
14219
14393
14225
14155
14223
14223
14224
14224
14224
14224
14287
15034
14415
14744
14235
14234
14231
14231
14234
14225
14441
14227
14227
14227
14225
14225
14225
14225
01524
18141
14226
01985
01985
01985
01985
01985
01985
01985
01985
14414
01978
14237
14237
14230
01980
14219
15396
14170
14261
14230
14230
14230
14232
14219
14219
14219
14219
07733
14588
02027
19226
19227
00799
14596
14682
01182
19162
14762
01146
16013
14591
15724
10823
19228
01160
06919
06919
01457
14761
14742
16012
15257
15256
15582
15580
15580
07229
15545
15552
15524
15738
15461
01082
15536
15554
15773
15771
15553
15532
15633
15772
15551
10831
02428
03929
15746
04765
18889
15723
15722
15833
15577
15583
15827
15828
15578
15539
16347
15836
15342
15832
15834
15831
15268
15829
15460
08679
18138
03712
10716
15984
15974
15977
15922
10109
12957
07091
01255
02339
03828
06169
09893
00611
16092
16301
16088
16345
19611
16136
16137
02014
03321
16077
07347
10013
16066
16074
01990
01185
16210
11645
16370
03299
16322
01223
15580
16264
11959
10238
11960
16693
11961
16703
16704
02071
16711
16692
16710
16695
12368
11962
11963
07012
10237
10236
01160
16868
19229
15035
02030
02503
17247
07307
15841
17713
02029
01990
10111
01992
17686
10111
17686
01223
19789
17837
14744
17758
17759
04749
00254
01160
04757
18140
03585
17938
18325
03366
02525
03892
18009
01758
21430
05874
18324
18326
00138
19540
11904
11904
11904
11904
18478
01671
18479
03462
16235
18507
18521
18518
18504
18505
18511
18508
18513
18523
18520
18503
18515
18516
18527
18697
18691
18765
11741
18850
18921
20881
20861
07757
20866
04103
20862
18800
18778
18918
18657
18890
18850
03976
19055
03526
18979
18991
18988
19048
19046
19000
19221
19222
19165
19230
19123
19236
19124
21498
19125
19126
19234
19235
19168
09951
19270
19334
01992
01992
19265
01066
19416
03722
01785
19267
19337
19338
19304
19334
19302
19303
01175
19270
19333
19577
03498
19611
11209
22003
07315
19776
19775
19745
19784
00799
06131
00799
06132
15777
13069
19802
19803
19804
19810
14731
21638
21636
19997
21405
20074
20117
20118
19591
01612
20429
01236
20542
20534
20543
20541
22132
01214
21029
21023
21084
21085
21086
21087
21089
02495
08968
21090
03292
07334
21470
07334
21498
21698
21695
21759
21974
21975
21976
21990
22041
22015
22044
22051
21972
21973
15576
05275
14274
22105
22104
22110
22110
22110
03077
15634
02257
22293
13566
11206
00424
22489