03711
06886
05515
05936
10112
10112
01990
01990
01990
01990
01990
01990
01990
01990
01961
03550
03551
03072
03074
03926
03768
03924
02346
03924
03925
03438
03587
03588
02563
03531
05810
06180
07164
05896
06024
06178
03977
08681
01159
02033
10007
05873
03210
09903
09763
03433
07407
09762
07465
05337
03432
03116
03118
03727
02227
02232
03088
05337
06988
01644
01028
01029
03781
04518
00162
00161
03737
03427
01154
06886
02428
00362
00363
03664
07224
07243
06188
02291
03190
03188
01428
01429
01430
03306
03564
07152
04078
03707
00111
03885
01965
06911
07305
03584
03437
02887
02916
02520
00794
00793
03500
04066
03060
01955
01956
00609
01129
02316
03086
07011
05303
01681
02575
03499
03499
03684
00231
00957
02355
00161
07156
02351
07245
04564
03594
06215
06287
05337
03892
03823
03088
03088
06199
06199
03116
02224
03719
07028
07402
03469
02834
02519
02600
07161
03313
03320
07088
02237
02238
02340
02968
03596
03705
03686
06217
07042
03595
02182
07667
01548
01547
01546
07646
09764
09793
03704
03316
00104
01644
03735
03736
06976
06941
02838
02357
02967
03733
04096
07391
03470
02884
02860
02959
03106
03110
03529
03685
03621
03655
02902
03530
01704
01703
01653
01652
02434
02433
02435
03522
03521
02438
05792
05795
02114
02112
02115
02111
02113
02109
02110
02108
02116
02493
02835
02909
03628
00872
03090
01126
03088
07020
06949
01126
00130
03718
03635
01644
01113
02274
07053
03593
03117
03088
06966
06966
05524
06207
03574
06942
02446
03602
03601
01679
02566
07175
06888
03624
03405
03885
04773
02428
03723
00991
02078
01056
02897
02528
03424
06901
00344
03790
03637
03750
03625
02356
02654
07447
03701
05794
03702
02335
01696
01695
01955
01956
00249
03282
04518
07160
07588
05793
01695
01696
01657
02500
03427
01154
01153
07043
02501
00163
06929
03154
03150
03149
10773
03924
01883
07736
04485
07067
03575
06877
04749
03168
02341
03928
02342
03891
03890
03889
02276
02274
02275
03517
02231
02233
07071
03801
03644
04763
03631
03402
01889
07401
03578
00241
00239
00240
00648
02078
03639
04768
01907
00525
03665
03565
03553
03724
01962
01963
01903
01902
07258
03654
00240
00239
03466
01892
02956
03177
00242
00241
03783
07011
00966
02338
03924
03070
02283
02836
07304
04077
00088
01999
07131
03657
07241
03781
03734
04079
00648
07386
02274
04787
03581
01470
07045
09761
01926
02492
00648
06196
07399
03182
03179
03186
03183
00330
00331
00332
00333
00334
00335
00336
00337
00338
00339
00340
00341
00342
00343
00175
00174
02913
09013
04751
03320
03709
02025
02026
02027
06980
02039
07979
03119
00101
03119
01358
01358
00567
00294
00318
00641
00059
00574
03918
04091
01953
00365
01772
00059
00873
01710
00975
00864
00616
00036
01057
01803
00927
00134
06045
00859
02313
02338
03629
02470
02469
03795
09747
09981
00954
00128
07749
00891
00382
00059
00948
01426
00876
06153
01265
06020
04091
01754
00852
05882
00529
04091
01740
01061
00655
00789
00632
01179
01179
00939
01609
01496
01693
00817
00013
00588
03417
01720
00788
01626
00655
00845
01897
00766
00856
00768
00605
01255
00382
00658
01915
01915
00982
01915
01868
00606
01515
01937
00858
01755
01940
00611
00930
00145
01783
00604
00789
00942
01591
01465
01735
00891
00573
00573
01693
01737
01495
01409
01462
00433
00249
06020
01144
01802
00128
00020
01104
00658
01921
01912
00065
00529
01738
01897
06153
03119
00031
01738
00640
01771
00059
00128
00663
00598
01796
03379
00528
10533
00858
01126
00574
01796
01918
07749
00249
00059
09811
01736
00014
01872
01885
01061
01011
01918
00121
01638
00632
00666
05882
01439
00826
00055
00128
00626
00626
01796
01796
07749
01897
00626
00128
03431
09990
09799
09931
09927
01999
01997
01998
01995
01996
03654
07124
09456
01697
06147
03147
04068
02601
02867
02863
02864
02935
03043
03046
03649
02950
02992
02355
02358
02946
02906
02926
02892
02886
02965
02890
02982
02878
02904
02961
02874
02895
02931
02954
02994
02933
02881
02988
02907
02876
03076
02518
02919
02952
02948
02986
03040
02879
06173
02871
02996
06925
03789
01118
04078
10008
10005
10006
03652
00867
01486
01466
01465
01488
01784
00763
00989
01776
00033
00803
00249
00721
09812
01666
09819
09009
08981
09117
09118
03654
04655
04654
04653
04656
04651
04652
03111
07669
07653
01808
00082
03545
03544
03569
03570
05837
02888
02899
03979
03546
03547
09014
02337
07075
06377
07259
03798
04043
03687
03686
03695
01624
01588
03525
03696
04077
06955
03704
06891
01664
03704
00175
00174
02585
02595
02596
02592
02587
02591
02586
02588
07008
02314
02939
02963
03111
02990
01858
03671
01448
03497
03496
03501
03536
10563
10563
10563
10536
09458
00128
01338
01711
00432
00156
00624
01187
00705
01256
01915
00226
01358
01358
00940
00931
00147
01835
00969
00344
00384
00091
00074
00496
00806
00615
01104
01791
01791
01092
01873
01520
01662
01782
00632
01599
01236
06044
08256
00759
00951
00951
01875
00297
00995
01928
01929
01000
01925
01924
01870
03101
00153
00945
00697
00833
01433
01637
01719
01638
01647
01647
00928
00133
01785
08963
01464
00140
06045
03527
03975
04751
06910
00627
00162
00161
03282
03933
03787
02031
02032
02034
02033
02035
03457
06996
05592
07238
02963
06959
03734
00426
03704
06187
02343
07009
03284
03921
02483
04077
09710
09748
01869
01689
00978
01790
00640
01866
00919
00948
01867
00135
01918
00058
01841
00963
01586
00836
01915
00508
00568
01823
01770
00991
01881
00666
00943
01507
00760
01495
00765
01523
00344
01494
01939
01945
01756
01923
01918
01579
00278
00767
00261
01087
00697
01733
00950
01633
00796
01952
01952
03333
00626
01251
00865
01488
01919
01687
00355
00384
00059
00849
00965
00299
01953
00285
00645
00886
01262
01356
01778
00845
06911
02945
04566
04761
04756
03455
07228
04488
02259
03075
06958
03703
08296
05916
09705
09760
09190
01996
02013
01714
00925
03465
00012
01784
01710
00215
00962
00099
00981
03100
00554
01512
01921
00790
00057
00937
01649
00826
00052
01649
00058
00053
01972
00566
04487
00688
01895
05343
00700
00626
00790
00600
01733
00003
01586
01887
00684
00946
00164
00027
01790
00652
01935
01012
00800
01845
00248
00020
00128
01255
00796
01439
00674
01724
03527
00322
00939
01596
07068
00791
00995
02825
05516
03687
04043
09772
02437
02230
02229
07110
04651
04652
06282
06281
04656
04653
04654
04655
02379
01029
01028
05375
03695
03189
02228
09767
09966
09700
03568
09935
04042
09166
09167
09795
09820
05522
09164
09791
03218
01061
03929
02616
00648
01821
02160
07478
01740
02040
02037
02038
07114
07090
02015
02015
01253
01253
01253
07023
02510
02335
00525
00867
03168
03741
14949
07154
01962
01963
00266
03660
01673
11159
07154
02484
01153
06282
06048
01995
01996
01997
01998
01999
10805
10979
02160
02283
01673
07503
10947
01644
10441
10440
01595
00133
00928
05343
00943
01915
00558
01061
00852
00299
01739
00942
01207
01207
00990
00014
01042
01834
00286
01784
01749
01698
01845
00563
00390
00805
00762
00939
01265
00820
00997
01775
00600
00088
01951
01754
01489
00758
01488
01246
01619
00761
01840
01876
00382
00012
00973
00067
01809
01251
13540
01462
01810
01669
00275
01647
00831
01647
00764
01933
00567
00548
00128
01090
01868
00128
06020
01426
01580
01620
00255
01784
00505
01259
06042
06042
06153
05895
05712
08884
05712
03594
06876
02509
10843
00627
03466
00163
04047
03466
03217
03524
06147
07058
01908
06994
01847
07738
11942
03767
07058
07090
01256
07693
01118
05558
08999
11754
12251
07222
02483
11212
11263
02342
11103
01953
01448
07090
01657
01682
11068
00956
11175
03466
03466
00425
01153
00303
06911
11717
08884
12574
03426
06048
09458
07552
01992
07442
00602
05710
02020
03710
07095
10907
07133
07054
12583
04116
07734
07734
09131
06997
00612
07177
02018
12234
11754
06910
08967
11779
03711
07027
13288
03574
03657
07133
12466
11753
07082
07588
00595
02050
02049
02051
00271
05838
01990
01485
04487
01952
01950
07152
01890
03496
09015
01874
01847
07090
07056
07460
07001
04565
06221
06346
06994
06994
00111
07058
07058
07058
00281
06950
13542
00995
03386
11941
13527
13542
02078
08964
01822
13063
12511
05833
05832
01989
02291
13529
12503
12510
07044
07127
07107
03088
00121
02030
13570
00208
03655
03657
01491
01491
14668
03564
08372
07250
13038
09880
00620
10947
12429
02035
02033
02034
02031
02032
13979
13953
13668
13640
00024
13639
07093
13641
06978
01958
00958
13787
13787
13668
13573
07068
00249
11263
17829
13993
14219
14230
14224
02303
07058
01992
02016
02016
02016
00507
01505
14232
14225
01990
11069
11071
07065
02003
14225
13571
03404
08281
01969
01992
07141
13572
03932
13953
00265
05364
02019
14230
14232
18230
02013
14223
14335
00941
14260
02028
14234
14229
14164
14228
02484
14223
14231
14228
02050
14236
14218
14228
14218
14228
14234
14233
06148
01990
11072
08677
14237
14220
14237
01711
01980
01980
14670
14671
14673
14228
06945
00721
02029
14447
02016
07100
03307
01985
01985
01977
01977
14235
11070
14257
14232
03088
07776
05606
19267
01966
01524
10823
07768
09818
01011
07068
01673
01978
07496
14219
14225
02004
14224
14219
14230
14237
14166
06147
02030
14219
14233
14227
14218
04567
14229
02013
02015
02015
14226
14162
14222
14234
01011
03897
02035
02035
02033
02034
02031
02032
14669
02036
02033
02034
13993
14941
14667
14949
14233
03088
04788
05375
15371
14652
08316
01457
00059
15372
16016
15342
16017
15733
01969
05602
15521
15526
15256
15555
15553
15555
03929
15554
15554
02031
01692
01692
01692
01692
12510
15866
01692
01692
01692
10187
15520
02594
15525
01082
15342
01840
14415
00392
15866
04093
01091
15977
15987
15977
16015
16018
16020
16021
16146
16147
16148
18682
16163
16164
18955
18958
18955
03284
16051
05845
04517
16264
00850
16329
16301
15553
03321
12955
16648
02851
15598
15599
04757
07012
07012
02029
02030
16841
16881
11991
16870
02028
15035
10439
10439
01992
10440
10441
01992
07778
01990
17247
03574
03574
16922
01992
01992
01992
01992
01992
01992
01992
14233
05846
05846
14221
14161
05847
10112
10112
17686
03824
07080
17762
17752
17763
02027
10027
17829
07001
02049
01999
17947
08221
00663
00626
00626
03518
04487
03980
02363
03710
03556
02019
03088
03088
01975
06168
06177
04085
06442
14761
07152
04762
00970
03466
01996
01996
01996
01996
02030
02035
02035
02035
02035
05337
06988
06988
06988
06994
07001
07008
07027
07040
07054
07068
07068
07068
07068
07080
10805
01524
09019
00384
00943
00943
13745
01470
11752
04719
02189
01710
02027
03496
03496
01142
06147
06147
06147
06147
02017
02051
02050
02050
02050
02050
02049
02027
02027
18028
06281
00127
05825
11263
00059
00059
00059
02371
01692
01897
01897
00507
00507
13953
00128
01673
00803
04091
01201
01061
10680
08884
04757
04757
02033
02033
02033
02033
02034
02034
02034
02013
02004
02004
02004
02003
02003
07114
05337
05337
02078
02078
06137
03932
06048
04068
00573
07393
03579
03294
00574
03820
07282
07282
05795
06886
06916
06945
07090
07118
07118
07119
07131
07131
07157
03975
03975
00782
01665
08884
08884
02433
02493
00382
00626
00626
08884
07284
03799
03086
02025
02025
02025
02026
02069
01999
02035
02221
03605
01784
13015
00104
00074
03885
05979
01999
01999
01999
01997
01998
01995
01996
03313
15525
00121
00121
01814
01817
05712
01784
00101
09568
02049
02049
01996
01996
02031
02031
02032
02032
02003
02003
01990
18232
18233
11782
18286
19302
18285
11785
11783
11784
03742
18455
18472
18472
10531
18911
01214
01992
01990
18913
18917
07171
18912
18955
18955
18827
01971
06147
06147
18929
01971
18928
01436
03526
19046
07448
07464
09951
19123
01621
19221
00798
19158
19159
19124
22468
19125
19075
19126
09951
01990
01990
01990
01990
01990
01992
21672
12952
09459
06881
08744
19710
15777
15866
01431
19969
12132
12132
12132
20074
12132
12132
20497
20431
20420
20484
20483
06994
20484
20814
21071
21140
00821
21159
21147
03272
03636
21148
03636
03651
21397
21397
21471
21416
21417
21481
03651
21401
21481
21567
21600
21302
10026
21685
10914
21929
21929
21885
00936
22010
22044
22044
22027
22083
05275
22081
22187
22187
22213
22205
14441
17758
17759
22297
22316
22306
22303
02257
22311
01551
22445
08300
08301
22468
07566