02014
04517
02428
00215
10747
00297
11443
01176
01992
11754
01992
01990
01270
05595
03606
13043
01297
13282
01491
03305
13051
04518
01420
07025
02474
00185
01854
01916
01784
02217
02503
00054
01961
01424
01424
05520
01104
01181
13282
11085
09805
03088
10027
08884
03386
10947
00384
12573
09888
03294
03294
03328
01719
04758
00854
03168
09158
00058
13789
03770
01991
11066
07107
09190
01176
00971
03296
07011
03328
03294
03709
01479
07058
01934
00058
00024
06142
13421
00281
03925
03978
01322
03572
02619
01665
09954
03702
01963
01624
00858
00684
03070
00845
07304
02426
07259
03313
00783
03657
03704
03075
06187
04755
00384
01889
02837
07112
07112
07090
00243
00382
03696
04759
03596
03088
03270
06287
02897
00948
06076
05366
04565
00566
03797
03787
00364
00059
07056
01924
00857
07001
03495
00927
03118
06041
03654
00525
03629
03814
02016
00057
00688
02836
03975
03686
03687
03322
01881
07444
02687
02834
09808
00014
11752
06973
00330
00331
00332
00333
00334
00335
00336
00337
00338
00339
00340
00341
00342
00343
03111
01892
06193
06975
03781
06911
01953
08296
07447
01462
02428
00575
03412
06970
03405
07727
09981
05970
01785
01686
01805
01866
00507
06999
01588
01589
02361
02014
01256
00560
07636
03623
09858
07566
01278
03098
03724
07577
03644
03088
00525
00526
02003
06950
03092
01893
02860
01619
03718
00554
03885
01698
03218
03924
01597
03474
09793
03648
07456
02529
01685
00041
08191
01625
00874
01812
00046
01815
00928
03841
01886
01902
02536
02356
00677
02536
06885
01142
03642
00973
01710
01790
01991
03800
02871
02996
02967
03439
00240
00239
00241
02238
00748
01876
02618
01647
01689
02879
03040
02986
02948
02952
02919
02518
03076
02876
02907
02988
02881
02933
02994
02954
02931
02895
02874
02961
02904
02878
02982
02890
02965
02886
02892
02926
02906
02014
02946
02355
02992
02950
03296
01609
00766
01658
01657
04567
02470
00681
02990
02963
02939
05349
07071
01924
02563
03588
01925
01000
01928
03587
03438
00031
11065
05522
01129
00616
01895
01908
00609
01956
01955
03652
07646
01548
01547
01546
02346
02337
03543
03975
00640
01738
04043
02014
00376
07218
00937
00655
02429
03544
03624
07560
08987
03325
02914
09812
01962
01885
01809
00819
10979
01142
08972
07568
06941
02523
01533
09861
07124
02160
02911
00097
00793
02357
00604
03654
04773
03110
02913
02902
00075
01284
06872
03744
00287
00954
01921
00912
02346
00859
07734
03551
01468
02492
01749
01719
01599
03665
07300
06886
06940
00262
04096
07391
01880
11717
03564
10773
03561
03559
07305
09014
09013
09015
01847
02835
01679
03631
05807
01808
07460
03918
00382
00901
00831
02469
01262
08170
03650
07127
03424
03536
07090
01586
02342
06915
07090
03671
11749
01258
01640
03569
03570
05515
05837
01915
03525
07501
06878
07588
02065
02066
01810
01338
01875
09792
00406
00606
02014
01681
06180
04763
01493
04761
00789
03088
01867
03101
01870
03168
00806
07277
06142
07107
00067
03210
07085
03784
03116
00973
01520
01465
03553
04079
00809
01911
01887
03470
03217
01937
04485
04078
04077
02970
03733
05808
02358
03073
01235
02601
02867
02863
02864
02935
03043
03046
01736
00791
01772
03820
01633
03517
00942
06180
01776
00600
03565
00012
07282
02078
02372
09690
09691
09967
01159
07152
00088
01495
01883
00705
04075
02557
02527
01869
03561
03832
02040
09924
01745
03703
07386
06889
00457
00451
00962
02371
03771
03575
03530
08301
02956
06213
01714
03584
04762
00891
01918
00703
00820
00556
09761
01409
03718
07322
00615
00615
01872
07098
00648
03183
00605
01555
07090
06989
06207
06942
02622
02621
03437
00945
09903
02838
11753
02112
02610
02611
02612
00074
03088
11942
02968
01448
06201
00969
00059
00029
03593
11102
06978
01480
01585
00852
01873
01903
02114
06140
00639
01627
09001
02341
06214
04338
03327
06997
12410
01265
03595
00252
03501
00812
07164
00826
06158
03695
02613
02609
02078
09458
03685
00873
09797
01610
00645
02519
02600
09748
00012
09690
09691
01783
00940
06949
02343
03802
00648
03284
02337
11381
01972
01255
06048
01507
03630
00627
00161
03086
00640
01673
01673
01056
03723
02314
03469
00278
00767
00133
06958
06966
04564
03628
03555
00294
01620
00208
01246
00757
03113
01712
03466
00432
00979
00812
02548
01661
01278
03305
03305
03655
00796
01354
01803
01358
02316
06925
00259
01752
00845
03585
07054
00794
00759
01354
00773
03524
09710
03798
00981
01613
07007
00946
02899
02888
06169
01667
02355
02551
09117
03531
03590
06167
00658
03801
01695
01696
01817
01823
03282
08998
07478
05995
07107
02313
07056
01874
06911
09781
01933
00602
01945
01951
11927
01251
01929
07461
01744
00700
00703
01595
07082
01778
03811
12257
08151
03117
04760
03701
03823
00790
03977
00761
07110
01638
01637
01737
03269
11927
00134
00850
02014
03545
07507
02342
00162
03549
03711
00826
07735
00275
03530
01579
07027
01284
01697
02335
09780
05592
07220
03306
03424
11927
03979
00939
00760
01939
03496
03497
03100
04487
03671
07461
00975
00164
00658
06195
02342
02517
01756
01952
01923
00764
01735
04066
07259
00639
07791
01744
08973
06217
03106
02108
02110
02109
02113
02111
02115
06891
02493
00674
00765
00013
00817
01089
02501
01814
02500
11755
02887
02916
02520
01868
02945
02884
01028
01029
01940
00145
00930
01438
01755
02340
00384
06199
06959
03701
02338
01890
00074
00573
00784
02528
09811
06153
03177
06182
03455
02013
02015
03748
00876
01847
03521
03522
08999
03289
00626
06902
00869
03179
06178
02014
04047
00763
09760
03437
02909
00800
00548
00548
03664
07462
03786
07058
02437
00135
06173
07095
01489
03781
01845
01697
07397
13038
03832
13979
04516
01174
01534
00128
03286
01775
10778
05794
02614
01897
02004
02004
00368
00655
00318
03767
06140
07001
03550
03589
07516
14218
14218
14218
01560
14226
14219
13993
07273
14224
08281
07114
07114
00215
03921
00949
00632
00951
06168
09808
14231
00980
14225
14232
01286
14233
14219
14228
14235
13628
12340
14220
14237
14219
14229
14229
14222
07146
03741
01840
14223
01011
01051
01715
00058
00721
14230
00128
09794
01537
09810
00537
07052
01505
07636
14225
14219
14232
14233
15034
14441
01985
01985
14221
14221
14237
00752
14224
01524
14652
01990
01081
11175
00128
06147
04750
02005
06861
03088
02959
01897
14234
03215
14230
14230
01980
01980
01728
01977
01977
14228
04750
06921
06975
08995
14227
14227
14228
14228
14230
14234
14236
03625
14233
15383
11741
03500
14228
09022
14742
15633
15746
15738
15460
15532
15862
00812
15866
10716
15987
01198
01209
15977
16092
16089
16053
01760
13766
02613
14287
07658
16211
16363
18682
21430
03699
03321
02473
02067
11720
21571
21571
07091
17103
00184
08738
01835
01990
04084
17686
17836
00254
21379
03742
18707
01971
01971
18979
11991
19169
19170
19174
00798
19171
19175
19173
19302
19340
19342
19341
06881
19784
15777
18889
18890
08968
00821
02481
21472
21572
21572
21573
21574
21572
21572
10026
01451
21572
21572
21575
21572
21572
21572
21575
00754
01463
22132
22136
13566
22441