06881
02428
14393
01186
14222
14218
09516
14230
14226
01434
04517
14228
13993
06893
01916
14225
14233
01011
14231
10947
14234
14232
00537
07407
02967
03639
03088
01266
07658
14219
14218
14218
14228
14228
14223
01934
14220
03088
00185
00185
12941
05808
03521
03522
08999
03317
00560
00287
01776
02066
02065
00627
00161
01489
01929
00101
11754
02346
01278
01752
00948
02897
01056
11753
01875
02528
06213
00058
03823
00928
03841
03723
06978
07460
01874
06959
02217
07552
01895
02342
09001
02564
07106
09761
01409
00850
00134
03980
01495
02014
00058
00831
06942
02622
02621
03282
03718
01735
00318
00259
06925
06885
02536
13043
01436
01077
02303
10027
01990
01990
09810
12340
02477
13628
01144
02005
02005
07182
07011
13789
01876
03281
03704
01662
01129
02040
02037
02038
02036
02039
06889
00826
07735
03530
00604
03654
09158
00790
12339
00640
01273
12972
09927
01661
03088
06996
07152
00873
02371
00566
03217
01937
09954
01816
01951
03110
02913
02902
01681
03924
03771
06182
03654
06041
03118
06861
03070
07304
03088
01785
07027
03327
02428
01951
00969
00942
01816
01206
05595
03797
01493
05801
00655
06950
08973
00453
07461
01772
02492
01599
00228
02355
07112
07112
08352
06181
07148
00219
07406
02080
03826
06889
02342
00658
06929
03088
03832
14219
14229
00956
01563
01826
02477
02005
01787
01023
01186
07404
01759
01838
01501
01187
02477
00128
01560
01897
00344
00249
00248
00368
01420
14232
06187
00648
04079
03307
03088
01809
01737
01823
02440
12373
01462
07447
07566
02259
03702
01903
07157
01586
00088
01640
01258
03210
01698
00567
07501
03665
02426
11717
09015
09013
09014
00946
03311
01262
03768
06987
05844
00241
00239
00240
07458
01029
06978
03654
11381
03113
00757
03648
07456
01920
01736
02517
00128
00131
01053
01053
00971
01190
01190
01187
01176
01715
00956
00632
01081
01270
07052
03453
06878
03704
03686
03687
07071
00826
06199
09164
01433
01591
02835
03734
01933
01915
01915
01028
05366
07146
08303
03553
00655
01867
02115
02111
02113
02109
02110
02108
02613
01945
01710
03606
03701
06966
02340
02557
03657
01256
03655
01703
01704
09011
00052
01754
00053
01653
01652
01687
00428
07160
07301
00759
01206
07304
03319
07112
07112
00983
01711
01654
00067
01790
00973
01710
03116
08307
00927
02341
06142
03495
00496
01885
01886
12573
01808
02348
07006
00558
00817
07391
04075
01665
00382
01761
03315
03386
11065
00901
01465
06999
06167
03564
10773
03088
07017
07017
03709
04518
14234
07152
00865
00639
04564
00764
03469
11175
02078
09458
03685
00873
02346
01610
01719
01465
01866
07636
04043
01752
06911
00606
03101
06180
01649
00052
01890
00616
07107
01295
09808
06940
06915
06991
01491
03106
03088
01887
01647
00703
01689
01956
02879
03040
02986
02948
02952
02919
02518
03076
02876
02907
02988
02881
02933
02994
02954
03710
00845
01889
03321
01673
07114
07114
03924
03088
14233
14225
06891
02687
01803
00796
06173
07095
03628
02968
01881
01495
01883
08998
09005
05776
12257
00024
02470
01953
03704
09812
00117
06136
03797
03536
03596
06937
09808
02834
02529
01815
00046
07090
02911
00648
02160
01961
01322
00133
03282
01775
03088
03701
00639
01697
01354
09747
01620
02836
01679
01911
02548
00243
02551
02361
00886
06207
01627
07053
06143
03658
01153
00874
01625
01684
01206
05970
01206
02342
00428
00857
07056
06987
07462
03269
01737
13766
14233
00674
00677
02356
02536
01902
00059
00765
00013
00817
12524
00872
01733
00605
00067
01724
07025
00979
02343
06169
08296
00275
00784
00609
02825
02945
00945
01338
03088
06902
00700
07305
00382
09939
03559
03561
00266
00845
01868
02520
02916
02887
02314
01962
00773
04762
02825
00891
09958
07006
00134
06911
10680
03111
03315
11177
11178
01042
03453
01465
00860
00957
11749
07152
02474
00012
01991
01709
00978
01006
03803
03615
03614
03612
03613
03617
03650
09940
02338
06217
01281
01089
02501
01814
02500
01779
11755
03088
09977
03405
06173
06889
06889
03786
04763
12941
03088
03924
00681
03932
03820
07343
06915
09936
07001
00925
13788
01619
03784
01295
02067
02065
02066
04758
04759
07238
14445
15034
02304
14441
13993
00284
01992
09810
01985
01985
14235
14221
14237
14224
14224
01173
01130
14652
01884
03782
01880
02014
01142
04485
07027
01579
01918
00703
00820
03741
01183
00721
13010
01190
12262
01470
06237
01784
13238
12941
01760
12658
05794
03719
03719
07397
01760
03719
14230
01980
01980
01442
00508
00847
00525
07313
03921
08987
00452
06894
01750
03558
05367
00864
00111
03439
07443
02003
02004
02004
03593
11085
00343
00342
00341
00340
00339
00338
00337
00333
00331
00330
00175
00174
03737
01273
06155
06188
00600
01555
03695
03664
00573
00074
06997
02342
01977
01977
00791
00851
07636
00859
00208
03631
13038
05807
01714
03316
01972
03828
11752
07107
02313
01104
02931
02895
02874
02961
02904
02878
02982
02890
02965
02886
02892
02926
02906
02946
02355
02992
02950
03218
07478
07025
03630
02558
00059
03979
00939
01589
01588
01284
03088
00281
00648
06142
07277
00806
00057
07240
07019
08994
07107
07461
00558
00262
03584
01870
03101
03703
07001
00457
01810
03307
02529
01126
07007
01597
00869
03179
06178
01755
01438
00930
00931
00147
00286
00145
01940
14230
14219
14227
14227
14236
14228
00965
02112
02114
00375
02014
03565
01448
03306
03783
09931
03525
03770
00054
01278
03305
02238
00748
03787
03797
08138
07304
05837
05515
03570
03569
00602
04077
04078
03075
03088
02016
02015
02013
09760
00033
01955
02914
06975
02909
11085
03088
01952
12373
07516
01277
13745
02837
03046
03043
02935
02864
02863
02867
02601
03073
02358
05808
03733
02970
03310
01657
01658
00849
01785
00615
01265
03734
00351
00350
00349
00348
00347
00346
06195
00294
03501
00812
03498
03499
03183
03437
01624
01963
02956
00962
03086
03216
01783
00384
09117
01159
09793
01745
01468
01712
01479
00451
03885
00406
09792
06886
02567
07218
00376
09888
00014
08974
01939
03711
00951
06013
03437
07302
07303
03636
03635
03637
03752
07090
06001
03750
06949
03534
00059
07119
00274
08641
03531
03590
03589
01924
02563
03588
01925
01000
01928
03587
03438
03925
03978
02316
03088
02523
06941
07568
00800
07560
06949
04516
00297
00548
00548
03307
01805
00854
01686
01191
02529
05970
01639
03671
02337
02959
02860
00252
07148
02337
07090
01754
00275
00940
03629
00794
03572
03100
00215
03497
03496
01847
00876
01572
01847
01847
07588
01965
01669
02529
06287
03088
14287
07056
07082
00657
01778
00134
00554
02884
00031
01892
02939
02963
02990
04066
07058
00767
00783
00058
05349
05592
06996
00556
12410
01756
03442
00858
03474
08972
03545
01358
03544
09125
04773
03555
03748
00645
09165
02004
02004
02003
02004
02004
08976
07152
02276
02276
00766
01609
01817
01696
01695
01595
09861
03832
02437
03550
00029
03551
01610
02274
02275
02519
02600
09748
07098
06201
01444
02335
02871
02996
02357
09903
02838
01893
03092
03561
01424
03424
00658
08301
03530
03575
03111
02888
02899
00845
01251
03811
02014
03624
02503
00684
01246
03177
06153
09811
01869
06973
03718
06168
03168
06158
03734
03310
03595
03977
06872
03744
01872
00500
07032
06889
07397
07137
11927
02106
07734
04047
06180
01921
00954
00762
03524
09710
03798
00981
01613
01873
00075
03088
03088
03644
00134
00912
07164
00486
01358
01556
03116
00164
02527
01685
00041
01206
02429
06888
06193
01845
04567
03801
03470
11068
02529
07444
03088
00819
04487
02004
04761
07259
09940
00384
06131
03778
07576
03671
05516
09808
03325
00285
01812
01686
00761
02164
02448
04748
07322
04561
02305
02014
06076
11179
01061
01625
00874
07037
00626
02469
03696
00957
00390
10764
01740
00789
05995
01507
00162
08676
03625
01271
03324
14237
14219
03215
15383
03091
03086
03321
03500
14742
03324
00065
15633
15746
15738
01897
15726
21430
15460
00525
00459
01082
15862
00812
10716
03320
15987
05606
15977
00691
16092
16089
03671
10716
16087
16055
16212
01179
16211
16213
03299
16363
16264
00850
00392
08679
15727
03321
02473
02067
16937
11720
07091
17103
00184
00184
08738
08738
17218
17218
02568
01206
00526
17686
00254
17837
01777
07052
14259
18333
07046
03742
03332
00702
18707
18682
18785
18910
18979
11991
00798
00499
22468
22468
19302
01990
19340
19342
19341
19715
19714
13877
19802
03616
10206
05770
05770
18890
20541
18889
20866
21062
08968
21065
00821
21147
21310
21472
21572
21572
10026
21572
21572
00754
01463
22136
02257
07755
22441
00275
22468