01006
17103
14742
18930
07464
03602
01840
15342
18552
19416
19561
01990
10563
00845
00845
00639
03469
01424
01262
00567
04763
01409
00568
02067
03574
03560
03616
01785
02665
00939
16012
16013
00059
01092
01719
07114
07114
07114
00101
01679
01885
02342
03386
00852
07304
01489
00088
00949
03784
09966
03769
11312
01104
03442
10823
15583
15582
03317
01619
11085
00974
07305
00121
03153
07386
07126
03498
02446
00616
13628
04518
03455
00101
03177
02428
00569
07258
01507
00469
03593
00241
06179
09806
02427
00027
00845
01424
01424
04774
11179
07025
03316
00135
03574
03499
00383
03342
00652
03711
02433
01580
00700
01835
01784
01759
01934
00058
02050
02049
02238
02075
02074
02077
00845
00674
01585
01525
03548
06201
01424
02067
01916
02533
02806
02653
03316
01259
05524
00537
14227
14235
14224
14233
07733
03837
00609
01955
01956
01465
09941
01591
07560
01193
00052
01704
01703
01649
00826
04759
13288
02356
02655
02517
02517
03217
08998
03536
02914
00014
01924
07056
07015
03885
15922
16210
03801
09158
03270
11719
06861
06173
01951
01662
03551
07727
01812
01625
00874
01686
16210
03305
01889
01890
09823
06131
06131
01494
16053
03643
01869
03075
01803
03431
00759
00658
00164
00240
00239
00242
01647
08218
04564
07390
02114
02112
02115
02111
02113
02109
02110
02108
06916
01892
02834
02519
02600
09748
01599
07391
00343
00342
08681
03438
03586
03587
02956
00962
15724
01627
00876
03060
03215
03811
01689
05589
00991
00060
00761
01433
01129
03782
07259
02445
01126
01993
03321
11103
11900
11901
09001
01194
01624
00873
00927
00134
00615
07040
02911
03621
00648
00645
02078
09458
06141
03500
01972
00606
01918
01579
03525
03581
03582
03583
04758
02426
02205
00847
01875
15633
00757
06169
11720
07091
01255
01810
08084
03624
03701
03798
03070
01246
02888
02899
03684
03703
09791
00979
00849
00965
08137
05592
00942
03517
00767
00278
01881
14287
03625
09160
07394
07090
03439
00858
03424
03594
03040
07478
01524
03671
03628
00973
01953
07058
04066
01713
00426
00425
02297
02298
02299
02300
02536
00868
03924
01304
02339
07086
01873
01595
10679
02967
02357
09903
02838
00806
00981
00995
02950
02992
02355
02946
11003
11004
03554
07146
00243
03656
06980
03789
06178
02656
06941
02939
02963
02990
00228
00831
00945
04761
06193
05340
01256
13993
13498
00766
01657
03720
08301
03802
01770
02071
08591
00773
03210
03072
03074
03089
00800
01673
06956
00820
05810
01173
03820
01586
00262
07007
04077
04078
09861
00783
02493
02835
02492
02622
03806
08311
02884
00554
02860
02959
00789
03046
03043
02935
02864
02863
02867
02601
03073
09760
01590
03652
03811
06987
00948
02897
06942
01056
02654
00322
10716
03305
03667
01419
03800
01866
02687
00432
04762
03578
00031
07516
09794
09859
07337
09701
00574
12573
02906
02926
02892
02886
02965
02890
02982
02878
02904
02961
02874
02895
02931
02954
02994
02933
02881
02988
02907
02876
03076
02919
02952
02948
03685
03100
00286
02527
00795
01004
02986
03040
02879
04079
01937
00940
01963
11754
06925
03980
01919
02909
03607
03634
03466
11733
07018
06134
00024
06158
02346
01255
01872
03657
09710
12267
02168
03437
01442
07107
15342
00954
11717
01752
07160
01114
07220
03306
09474
12262
03834
03501
06997
06186
02968
03596
00566
01462
00794
14652
00793
11752
04773
03071
03565
00925
13788
01876
07447
07735
09015
09013
09014
02518
07090
03106
01626
03923
06987
01142
03305
11927
01495
01633
13941
00833
01012
02169
00341
00340
00339
00338
00337
00334
00333
00332
00331
00330
01586
02434
02435
01756
07270
01952
00764
06133
12340
00573
08303
02471
03979
02313
02338
03762
16074
06189
07042
06168
03545
01358
03544
01338
03530
03770
00791
03666
03665
04088
04087
03978
01733
01687
01652
01653
00053
01953
00957
00860
02523
03773
14058
07107
07259
02970
09117
03086
02358
02440
00111
00864
15581
15580
03657
03110
02837
00943
11535
01839
03525
00912
03611
07071
00425
00426
06955
02669
01681
07223
12262
03327
01697
01586
03427
01154
01153
07043
00963
01895
03629
03424
01879
01669
01772
02652
01126
01207
00748
00677
02372
02536
06142
07277
00099
02469
03648
00382
00627
00163
00859
01867
07106
01962
03555
03071
03733
15984
03834
05516
01147
06999
01749
06199
02494
00919
02221
07566
02945
01921
03589
03590
03531
02535
02343
02836
04567
01425
01915
02340
03098
00602
01939
00760
06077
03809
01935
03524
01574
00019
01207
01845
01920
00604
12297
07667
07646
01548
01547
01546
00812
01586
01714
00215
00928
03424
03811
03281
01299
01696
01695
03811
03695
08289
00655
00655
03313
12262
03564
03778
14223
14226
17716
01669
06876
03453
03179
03181
00989
03799
03744
01534
00057
04485
01736
00812
03631
01491
01933
11175
01588
01589
01443
14540
03427
01154
01153
06207
04754
09801
03664
14058
03762
03601
14153
03149
03154
03147
01776
03702
01141
03495
01807
02887
02916
02520
01868
07460
01414
03168
07023
03101
01870
11753
03977
00790
00075
02503
03688
03690
03183
06190
01874
01613
02437
02563
09747
06187
03762
13282
03216
01698
07574
02341
03599
03588
01925
01000
01610
01886
03305
15738
02377
01711
04042
00820
02970
03704
01265
02621
08309
02337
01462
09808
09810
00605
02437
00282
00283
00014
00975
00703
00688
00705
01878
01928
01929
00133
12524
00872
01733
12308
01611
00012
12995
01783
06041
00208
06966
09125
07568
03185
09895
05527
03975
03975
03584
04487
08300
13292
04075
03305
01442
09889
00600
05807
06180
00797
10536
12251
03269
00762
02558
03218
01887
04744
03771
02528
03786
02160
01961
16052
04568
03524
07462
11073
06949
03572
00384
01091
03305
01902
01903
05539
02470
06215
02066
02065
09761
03305
03446
03543
06911
03686
04043
03687
08304
02871
02996
03599
03600
03470
05808
03650
01442
01697
02672
01883
07320
07552
04754
07122
07323
02066
02065
03608
03609
03610
02913
02902
03655
01676
06901
09758
04096
03774
03527
06208
03562
03641
03640
14441
01775
09799
01079
03305
11076
11075
11074
03550
01159
03644
02217
03305
03675
10773
03723
13038
13821
09159
01735
00891
02666
00812
14228
14228
14219
01980
01980
01980
14237
14228
14219
17713
14231
14230
14233
14237
14237
01977
01977
01977
14218
14218
14218
14229
14233
14232
14227
14227
14222
14225
14225
14220
14228
14230
14219
14234
14225
14236
14230
14221
14234
00951
00040
01897
01897
01990
01992
08316
03671
17836
17836
00971
01791
00537
01069
07263
01658
01658
11928
00128
01183
01187
00254
12978
00956
07645
00632
18138
01582
03585
02650
01011
11312
18284
00703
03305
00012
04744
07733
01297
07126
03762
01952
07260
03462
01437
00681
03328
18800
03646
04565
03496
03497
03111
03674
00335
03526
02663
18979
02664
15650
09951
19147
13713
07452
01710
07452
22468
00336
19068
01183
00020
01992
00526
03676
00525
08156
07126
07666
04517
19802
19810
05770
03271
03789
20265
20265
20265
20265
00507
00507
20534
00604
01932
01200
21053
13522
00560
06197
06217
00857
02316
03553
06905
06908
06907
06903
00287
01520
02314
02335
02483
03293
01139
07741
21600
04103
21829
22116
03595
22132
22302
02257
13566
00424