00995
00882
00548
01515
06179
07105
11751
01243
03409
02342
01409
07027
02033
03711
02238
15635
00603
01191
01788
00845
09764
01885
01119
01262
01990
00949
01992
06881
14233
02057
02057
09122
01939
01512
00928
09740
00297
03282
11717
09014
09013
00768
02231
02233
02232
02227
00817
02313
07335
02057
02057
03530
04078
04077
02355
02389
02390
02385
02556
02557
02415
02416
02417
00973
01625
07075
02529
10441
02064
03696
02990
02963
02340
02003
00954
03820
02887
02916
02520
06199
14155
01951
02063
04094
07406
02529
00767
03517
06989
00797
01611
09125
03800
07056
07220
03470
01491
03210
03072
03074
15987
07243
02529
08369
02503
01870
02040
02037
02038
02036
02039
02519
01610
00688
03799
01921
02529
02470
00826
00812
00283
00282
00605
00763
09458
01443
03924
02422
03408
09747
03734
04069
02337
01783
02346
02237
04070
09711
06941
06949
03797
09141
00615
09777
00942
03060
00764
11175
00602
01945
01933
03744
00919
00850
03495
02687
04066
04096
01918
03601
02034
02529
02406
02406
02406
01752
01752
01712
06872
06041
01892
00973
01915
07037
07042
00973
14540
09903
07175
02410
02409
07040
02911
03621
00820
03544
02394
02393
02386
00347
00348
00349
05592
02078
01126
09007
07095
02034
03703
01937
04486
02357
01678
01677
07124
01998
01997
01996
01995
00648
03147
03653
00820
05808
09117
01808
01356
02469
01874
03424
03550
07053
07277
03106
02959
06960
02860
00554
02884
03100
06929
09748
02600
01868
07053
03657
03088
07566
01419
00611
11145
00111
00943
02420
07447
07462
03101
01534
00528
00266
06871
00099
11749
03787
01462
03282
00640
01738
03521
01951
03628
00761
02835
07133
02114
02112
02115
02111
02113
02109
02110
02108
02529
06158
01151
01950
05845
05846
05847
05846
00334
06995
01304
03631
03412
00901
00177
00175
00940
07282
03704
03704
01012
02421
02401
03521
00783
02398
02396
02397
01756
00266
00333
00332
00331
00337
00342
05567
05566
05571
05569
08681
06215
00950
03723
04061
02836
03686
03687
03705
02967
03977
02945
03527
00945
01876
02434
03588
02563
01924
03529
02413
00606
03592
03568
03572
02387
02388
02408
02956
07568
01159
03763
03075
01866
01689
01925
03522
02863
02867
02601
03073
02913
07397
00384
03928
09816
09817
00170
00169
00171
00172
01879
01878
07088
03609
03110
09766
00566
00760
05946
03501
01737
03046
03043
02935
02864
03587
03438
00926
01808
15922
00615
00615
07090
02914
03536
08998
03217
06416
06001
06942
01889
03168
01775
02902
00873
02437
03655
07444
03218
00057
03439
08309
02654
05837
01462
03787
11749
00099
01151
06158
01890
08999
00655
08591
02392
02392
03569
06966
01468
03701
06213
01869
08963
01875
01662
13626
03563
02435
07460
03664
00975
00975
01770
02838
00806
00981
01872
03569
00790
04083
07636
00756
01734
06941
02888
02899
02871
02996
03086
06726
04070
07043
03979
00969
03650
02400
02404
04562
03410
03411
02405
00962
03667
11753
10773
02407
02834
01887
03978
01338
06925
00864
02341
00573
07301
00134
01803
01744
01012
03150
03091
07015
00175
00174
00180
00179
01903
01902
00133
01778
01714
00215
00928
05823
00600
03412
13292
00604
03610
07023
00261
01938
03685
07560
09765
09775
02013
01589
01588
01923
01952
01952
01952
06180
01921
03215
08223
01873
11754
09710
12960
02217
05982
03628
00761
02835
02669
02343
00791
07001
00075
01915
04758
04759
02016
02015
11752
00793
14652
01358
03545
02879
03040
02986
02948
02952
02919
02518
01265
03076
02876
02907
02988
02881
02933
02994
02954
02931
02895
02874
02961
02904
02878
02982
02890
02965
02886
02892
02926
02906
02946
02358
02355
02992
02950
05515
02939
00794
08982
12308
07220
03306
03702
00382
07237
07236
07235
07112
01465
01591
01628
00849
00965
07407
02529
12308
01926
01926
01299
07391
06969
00303
07238
07090
01056
02897
00948
04042
03523
00645
02372
00762
02493
03431
02825
00773
06885
03525
01776
06958
07738
03624
04567
00602
03555
01996
01995
01998
01997
01999
01999
13038
05896
06024
03306
00759
01810
00859
09122
01579
01809
02078
08602
03596
01867
07133
03170
03629
09000
09127
06142
06861
03413
02356
03625
00796
13993
00176
00174
00175
00177
03666
03665
00789
02968
01745
00876
08301
01251
02652
03531
03590
07478
03551
06997
02221
00858
02039
04075
03798
02034
09761
07571
02909
01586
03696
04485
07240
07240
00528
00266
02529
05349
01201
07456
06153
09770
00965
00703
01883
01881
14415
01581
06173
06442
03407
03408
03413
02419
01950
03151
01624
00925
02411
02412
12410
12267
02528
06168
00876
13057
00847
00696
01928
01929
01000
01738
00640
05919
07150
05979
09013
03893
09125
05810
01034
03427
01154
01153
07043
07089
08369
06901
03630
06287
12573
15342
04043
00812
07095
03092
02519
01669
01669
01893
03154
02338
06973
01849
05606
03070
00174
00176
01305
00060
07259
03524
03980
03565
01975
14441
01426
07025
07098
02035
01006
00059
02371
03783
01990
01992
02025
02823
00974
10231
10108
05350
07067
00845
07315
06183
00058
00929
00929
00088
03406
01784
02033
02035
02025
03593
09698
06910
02025
09825
00027
06897
00528
00266
02428
07030
03803
01619
07584
02004
11072
11071
03783
03615
03614
03612
03613
03617
06603
13787
02051
02049
02050
02566
07442
03498
03499
03499
09009
00575
00939
00016
00784
09762
01784
04767
01916
09749
03442
01489
00567
00294
01077
02035
05568
05570
01848
01571
06196
09815
03711
09942
01439
02025
06346
03177
08974
03698
01835
00949
05337
02056
00805
00851
00851
07793
00033
01426
00852
10439
10440
03406
00626
00059
09137
00575
09749
00852
04763
02824
10716
09002
07052
02446
06948
01990
07588
01572
00639
01572
02653
06990
04488
06013
11069
02025
03574
02025
03386
03616
02035
02033
00616
02433
01424
01785
14232
14235
16210
01838
14219
14218
14233
14233
14233
03299
01179
01179
16264
18682
16370
18014
14223
16329
10190
16787
16785
10189
02026
16785
16786
02056
14230
16787
16786
00634
10109
10110
01884
01155
02026
02025
10188
16203
02030
14219
14230
16923
14237
14231
19689
01985
01985
01985
02028
11070
01978
02029
01983
14219
14229
14237
14225
14225
14220
01990
14224
01992
17244
17245
17246
17716
15024
00951
02484
02484
02030
08281
02242
01977
01992
01992
01992
10112
01990
01980
01035
02499
14222
14237
14234
14226
05601
17686
01980
01840
17758
17759
00971
07979
01843
14224
14232
14228
14221
14219
01791
01791
01791
02026
02026
02026
02026
02026
02026
04757
17828
14225
14236
01791
17733
02027
02027
02027
02027
01187
17998
01977
21379
17997
17999
07003
07003
18013
14228
14228
17898
17899
14230
14234
14219
14227
14227
05799
00091
01844
14229
14228
14228
14223
14232
14218
14234
03146
14218
14218
18011
18012
00334
02034
01972
03406
02035
07025
07406
07457
02529
01999
03406
02027
00608
17992
00335
03564
03742
02488
01200
05822
04749
04749
18707
06896
11529
06147
18785
04940
06147
03111
01872
02851
00335
03526
03526
16149
02483
19142
19076
19091
09951
19139
19221
19138
07061
19141
19171
19140
01710
07016
01710
09951
01156
17865
19068
00336
00336
02032
07496
02031
21400
07315
19954
12132
18889
18890
20885
20885
14645
01214
21009
21012
22305
21071
00821
21011
01768
21030
21071
02314
04068
00857
06217
01493
04068
17733
01174
06223
07313
03465
03553
00287
02316
21379
21636
21636
00525
02335
02031
02032
07005
07005
02031
02031
21219
00927
07497
21399
01176
10914
21672
21947
21929
01463
19802
03595
00015
21903
03892
07456
22205
06993
22432
00248
00590