08744
04771
02499
02006
01006
11784
03741
06016
07483
14059
03298
03307
07216
04749
04757
15778
00973
02476
00971
01067
00029
01715
00104
02303
10038
02030
02028
02488
02475
07213
00248
00329
00356
00459
00632
01897
01897
01271
05799
03719
03892
03892
00974
02358
01990
09810
07794
06282
06921
06921
07005
07013
06857
02428
15371
06180
06180
15342
15342
15342
01897
00666
00108
00130
00020
01843
00833
01270
03215
15022
01082
15635
15633
03824
01783
03688
06153
03466
03701
01448
07277
01895
00873
03070
03284
03182
03183
02503
04077
04078
01703
01704
07080
00134
03686
04043
03687
03705
03820
03116
06173
03149
03150
01803
03075
02034
03630
02313
02338
03629
02470
02469
01491
03650
03495
03501
07138
11749
00099
00981
00806
02838
09903
03100
03596
00012
00176
00174
00175
00177
01512
03147
00788
00946
03088
01676
01676
01682
00031
00024
01903
01902
00176
00174
00175
00177
09159
00240
00239
00242
05592
01673
01915
01465
00609
02825
01649
00390
03154
01740
02304
00566
02198
02003
03524
01935
01012
02169
01740
01738
03664
01939
02502
08982
01755
02523
04069
03734
06287
01883
00297
03781
00318
01756
01808
00600
02456
02460
01876
01892
00950
01924
02563
03588
01925
01000
01929
01928
03587
03438
03925
02114
02112
02115
02111
02113
02109
02109
01821
03517
09769
07478
09888
09892
01890
01889
02887
02916
02520
01868
03218
09007
03117
03118
03639
09793
12410
07088
00215
01714
01778
03620
00573
00763
07026
07175
03271
03723
03771
03665
03634
00912
07112
00382
00789
09794
03789
00962
02956
02834
02519
07742
02600
09748
03841
01151
13993
06131
07139
03561
03787
03716
03110
03529
01681
07133
14415
14233
14224
07151
10563
00939
01847
07588
06281
06282
01480
01784
02823
02653
07034
04655
01496
02665
00059
00383
01409
02342
04767
02004
03635
07182
09002
01560
07709
00805
09825
00294
03615
03614
03612
03613
01092
01719
04767
03548
00619
06934
01156
00548
09137
13953
07442
03747
09931
00626
01027
01958
00772
00088
01916
04517
03856
03769
07657
00616
06346
08305
01934
12287
10927
12285
03617
03177
12286
07027
02035
02033
06990
07491
00135
09764
09949
00970
06013
02238
03148
09698
07028
01262
02004
02004
00784
08352
08352
06902
02120
02487
06596
02660
02124
02122
03803
02118
02658
00059
02433
05337
02117
09121
00626
03856
02014
06196
03498
03499
11392
00625
01474
02574
02342
06898
02427
06883
02454
02674
04763
09825
06281
06282
00567
09729
11689
02033
02035
11085
03698
02824
00058
00845
03455
00124
00127
03709
06877
13640
06864
03803
02200
02004
00652
03442
06281
01679
07533
00241
06897
00652
07126
04767
07120
07793
07304
02010
02619
02806
06023
02793
11189
08483
07182
01989
03499
03498
04488
07658
02342
05847
05846
05845
01486
06901
00013
08307
02358
02913
03073
02601
02867
02863
02864
02935
03043
03046
02950
02992
03583
03582
03581
05567
05566
05566
05571
05569
02020
02018
03750
02897
01779
01091
00259
03310
07089
02742
08982
02003
07230
07243
00331
00332
00333
00334
00337
00338
00339
00340
00341
00342
00343
00057
07444
03704
01207
06207
07090
00826
04656
13292
00925
02034
03750
00761
08224
03308
01754
01356
02346
00123
01414
03413
06920
00850
09117
03558
07456
03928
00286
13770
07085
03284
02000
02001
02002
03086
01591
00762
03500
02237
07138
01624
08963
03086
06966
10773
04487
00640
00641
02068
02069
03281
03217
08998
03536
02914
00836
02844
07264
02573
02567
08301
06187
09747
02343
03666
06941
04764
02355
04088
04087
00003
00928
01649
01776
00179
00180
07053
03752
02379
03702
05366
07712
00606
01918
01579
03655
03086
03695
03686
13993
03832
04066
01599
07075
00957
00955
07075
01821
05820
07001
01952
01952
01952
00764
08303
01972
09773
05946
01772
03179
03186
00278
01689
02355
02946
02906
02926
02892
03631
00858
06442
01662
13789
03602
01534
00615
01996
01995
01998
01997
01999
06001
09765
03704
03924
14393
01869
02340
06206
02968
10036
02886
02965
02890
02982
02878
02904
02961
02874
02895
02931
02954
02994
02933
02881
02988
02876
03076
01265
02518
02919
02952
02948
02986
03040
02879
01628
06158
01845
02108
02110
04653
04654
02662
02666
00748
05919
00262
06168
08999
00231
11931
01887
05773
05772
09812
09811
02528
07150
03978
09944
01961
11753
14441
05807
01875
07056
09936
02168
01126
03797
09798
02669
01993
09710
00969
00147
00931
01091
03738
02007
06966
02967
02357
00690
03088
04487
03525
03524
01159
03550
03531
03590
03589
01921
03439
07403
09158
07080
03703
03642
06917
01255
07460
03470
04651
08484
00812
02888
02899
03979
01462
06959
00620
00145
02500
03446
03543
01897
00029
07042
00901
03584
07795
03744
00174
00175
01895
04567
07095
03569
03570
05515
05837
03977
01657
00766
01609
01817
01696
01695
01878
01940
01042
03833
06199
03671
05788
03980
07560
03774
05982
07001
03523
05810
06997
02221
00991
03308
03632
00382
02837
02012
02011
01665
03168
04094
03733
01008
00574
00019
09778
02527
02517
03273
00611
09141
12267
05520
03667
01419
07058
00655
00133
03274
01611
02626
00797
03530
01912
01999
01999
01997
01998
01996
01912
07023
03324
01524
01867
05896
06024
06178
01737
00973
02377
01711
07516
07107
03521
03522
01669
00425
00426
13598
01955
02668
02669
02652
00014
02347
07023
01912
01996
01999
01998
01997
01995
06888
06204
05846
01613
00053
01653
01652
01687
06916
01163
02492
01749
01698
06923
01996
01995
01998
01997
01999
02065
02066
01775
02836
01647
01610
01872
13038
03060
00942
03770
09928
01338
00963
00351
00350
00349
00348
00347
00346
06929
01956
07082
07075
02002
00982
00788
04759
04758
01923
00990
03074
03072
03210
00773
07568
01733
00940
01770
01879
00573
00930
03424
01874
02341
00943
11175
01933
08972
11720
00052
00782
11473
03737
04751
01915
03411
02002
04069
03524
00833
01935
01012
02169
00783
06204
06180
01586
03530
00864
09000
09127
02029
02029
01866
02654
00677
02372
02536
06142
07277
00765
00790
02493
02835
02909
02996
02871
02884
00554
02860
06960
02959
03106
00859
06940
07095
07137
03628
01736
03408
00954
03685
09458
02078
00645
00648
03621
02911
07040
04042
00820
03281
03657
02435
02434
05606
02044
03885
03545
00134
00927
01870
03101
00602
01945
01588
07566
01438
00067
01999
01997
01998
01995
01996
04744
11754
01963
06718
00836
06720
02452
02453
01693
02501
01814
01095
01975
02669
03565
02939
02535
01881
07088
03551
04485
00208
02217
02195
02194
02198
00941
02337
03753
03154
07462
04079
00566
01810
04075
00760
03798
00796
03431
03474
00997
00979
01937
01627
06041
03270
09774
06861
03092
05808
06958
07164
07238
03151
04487
02036
02038
02037
02040
00075
09808
01951
03637
06942
01056
00948
00919
01961
02160
02356
03786
01735
00891
00989
01358
03544
01338
02970
02002
01251
02016
02015
02013
03832
02197
03500
03799
00604
10206
02963
02990
06180
00330
07056
00384
00767
01873
06925
09791
09817
09816
03216
02687
09761
01962
03572
00791
03666
05589
03601
03624
00995
08591
11752
00793
14652
00794
03625
07391
04773
07301
02945
03527
00945
00800
00817
14170
03809
02039
07636
03696
03567
01462
02902
02671
07154
01082
04652
02843
01523
05568
05568
05568
05570
02017
01916
03386
07025
01989
03320
15986
15987
00859
14234
14235
16052
14233
16137
03699
14232
01966
03469
14223
14236
14218
16785
02067
05825
13693
18828
07012
11991
14237
14227
14227
01985
01985
10037
03559
14393
14228
02008
02193
07091
14219
14229
01978
14228
02029
02029
02029
14220
14233
14219
00392
14219
14231
14230
14228
17103
00951
00265
01983
00185
14237
14228
02030
02030
14225
14218
02028
14230
14225
02031
01992
17686
05601
01977
01977
14225
14228
14238
17758
17759
17828
01658
01980
00226
06518
14234
01980
12574
14234
14221
14225
14232
14232
14219
14222
14230
14233
14218
14226
03605
03605
05799
00336
01473
11782
00185
07462
07533
00077
03406
13993
05366
02652
11688
00820
02851
04763
03698
01995
02652
02003
08309
07709
01715
01715
04751
11785
11783
18285
19140
03742
19076
04749
04749
18707
18682
18691
01971
06218
03427
01990
18829
03496
03497
03111
06218
00335
07481
07481
07481
07481
07481
07481
07481
07481
07481
07481
07481
07481
07481
07481
07481
07481
07481
07481
07481
07481
07481
07481
07481
07481
07481
07481
07481
07481
07481
07481
07481
07481
07481
07481
07481
07481
07481
07481
07481
07481
07481
07481
07481
07481
07481
07481
03526
16898
07483
07483
02663
02664
09951
09951
19088
07464
19141
19142
09951
19138
07061
19139
19090
00590
01710
19091
19075
00336
04771
03722
00525
02796
19710
07315
19689
12960
00544
03616
19804
08992
11529
00821
02335
02316
01493
01520
06217
07313
03553
02314
03465
21636
02031
21140
21401
11690
11688
03327
10026
21600
21613
21929
22024
00015
03595
21903
03547
07755
07755
22405
01551
00590