03296
16692
13497
06986
01190
02428
02499
19271
03437
02067
00956
01854
01150
13292
01491
04518
03340
00297
09951
07192
01934
07259
01437
02621
09812
03771
09013
09015
02666
01779
02622
07042
09817
09815
09761
08289
03531
03590
03589
01924
03651
03497
03496
03501
03744
03453
03070
00943
07098
02016
01933
06158
03924
00912
01736
09825
03499
03498
00067
03631
03439
01142
11069
03601
00343
00342
00341
00340
00339
00338
00337
00333
00330
02203
04083
03152
09014
01649
00773
01925
03075
01803
05539
00611
01012
00989
02501
01940
03655
03654
00826
01647
07323
00330
00925
03773
01495
00677
01783
01586
03553
03743
03113
01151
07403
02956
00962
03526
01875
06381
01462
03210
02884
00554
02860
02959
03106
03310
10907
02563
03588
01929
01928
03587
03438
03925
00831
01613
07560
01424
06942
03701
03979
05788
03664
01448
01714
02469
03787
07444
01687
00927
01633
07391
06412
06181
01676
07712
02601
03073
02913
02358
07107
07478
01251
07316
07133
03980
07337
09859
00850
08301
03307
09807
04068
03581
03517
01525
06178
00606
03584
02517
06203
06959
05337
00930
01493
01749
02492
00773
02899
00147
01496
01880
03665
01095
03308
09458
06889
07738
00615
00942
04066
07566
08641
00640
10773
01886
03147
02035
01159
01091
04487
08984
02338
01154
03427
01153
00549
00868
09935
00928
07154
07154
02528
06897
03602
02031
02032
02067
02065
02066
03215
06518
00604
03500
03575
01814
00014
03977
08591
00057
00003
00767
06872
01952
02533
02372
02536
07107
00700
04763
00641
03101
00801
06168
01579
09710
01887
01433
00762
05592
01265
02355
04096
05589
02939
02963
02990
01867
03684
03218
01585
03426
06997
01338
03544
01358
03545
02879
03040
02948
02952
02919
02518
03076
02876
02907
02988
02881
02933
02994
02954
02931
02895
02874
02961
02904
02878
02982
02890
02965
02886
02892
02926
02906
02946
03799
03744
07056
03269
06889
03671
02500
03568
03695
00817
02238
04763
09748
02600
02519
02834
03177
11753
09125
03924
00951
01897
01224
02030
01784
09810
11754
02663
03088
00001
01791
01784
06183
03321
06950
07133
01104
01104
13789
13747
13542
01179
01179
07005
06001
05939
06147
07003
01156
01840
01179
01179
06946
12340
01703
01704
04564
07089
02335
00029
02887
02916
02520
09803
03832
04096
01955
03816
00390
04758
04759
00661
07636
02039
02036
02038
02037
02040
07133
06889
09702
00946
02652
03657
02435
00979
02237
00954
01507
00858
06178
00817
07461
02343
09747
02454
00075
06969
00854
00053
06925
02426
04485
06941
09858
00145
02032
02031
02034
02035
03703
02067
06023
05808
03092
06861
00180
00179
07090
07461
03313
00948
01689
02992
02950
03046
03043
02935
02864
02863
02867
11928
01912
07277
06142
00331
00333
00335
00336
00337
00338
00339
00340
00341
00342
00343
01770
10843
05807
07053
07301
01255
01951
08307
07139
00759
09458
00059
00647
07107
01745
02078
02078
01755
09458
01895
01845
03442
01698
03328
00134
12410
02031
00812
07460
00556
07082
07001
07094
11927
02072
02071
02073
01872
00656
04069
02653
02669
04568
03569
03570
03571
05515
05837
03183
03186
03179
03524
01409
09811
02341
07462
05592
00278
03770
00243
00796
03798
04075
00789
07037
06217
01262
01092
00645
02078
09458
00059
02372
00655
00262
07095
01972
09760
01657
09952
00394
00957
02048
02046
02047
02045
01740
01012
11249
01740
03154
11717
00640
11717
07133
01740
01738
00566
02588
02585
02591
02586
02050
02049
02051
02591
02586
02051
02051
02687
00845
02527
03527
02902
03763
09778
05776
06199
03593
03086
02493
02835
00067
01251
01885
02342
01207
03169
03424
04760
03596
03768
01356
01652
01876
02117
02118
02120
02123
02124
02124
07102
01874
01756
03723
03424
02434
03530
05838
03086
03797
02066
00791
09798
03474
06173
00031
03572
00748
02337
07027
01776
07027
01873
00764
03182
06076
01733
05340
03453
02768
02769
02770
03785
01358
03110
01625
02003
01572
03327
00286
03628
00950
01918
03466
00919
02897
01056
00088
02433
03648
07058
02470
02523
03284
12257
00705
00566
00820
03654
06973
01993
01993
09955
01153
01154
03427
07238
04759
03832
03559
09131
04074
02914
08998
03217
01207
03592
03281
01892
09922
04567
09808
03696
00939
00052
03551
03550
00024
06921
06147
13288
01696
01695
01681
03555
06024
00931
03580
00790
02013
02015
03640
03641
03559
03562
02986
01923
02909
02968
00655
12573
03501
09765
03307
01915
01740
03453
07085
01523
00765
06187
03978
02066
01465
01129
01869
07040
02911
03621
00059
02078
03685
02654
01666
06966
04094
00602
00975
03737
07814
01624
01881
03495
03154
03148
03149
03150
00788
03525
03686
04043
02313
00266
00528
03832
03559
03561
07458
01258
00077
00432
00558
03655
02357
02967
07154
01870
01778
02584
01915
00265
00266
01950
01937
05396
01955
01677
01678
00067
13012
03650
00760
07568
01885
03310
02065
02066
02314
13038
02945
00945
03671
01883
03702
01889
01991
01790
01710
00973
07315
02238
00800
01939
02477
03100
03722
01662
01591
02067
03458
00600
00940
00241
00239
00240
03630
00560
01129
07025
09816
06287
01693
02356
01520
07447
06207
00287
00783
01807
01000
00972
02517
00384
00620
03624
02340
02666
02664
02662
01465
00609
02825
03768
06153
04079
00375
06215
08681
07137
06179
03657
00991
01890
00548
03088
03502
03546
03547
03583
03582
03581
03711
09815
09817
09816
02014
09797
01810
03924
02805
00703
03634
03629
03282
00859
09474
01868
03976
00688
03687
01956
01955
01596
10026
01737
06920
01935
00639
00833
07002
03111
00133
01775
00567
02836
12251
10536
07473
08303
03832
03559
03561
06180
00969
06949
03179
00764
01921
03789
00973
04078
04077
05366
03521
03522
06871
00012
02996
02871
04773
00991
01126
07271
01841
00012
08309
08483
07473
09903
02838
00806
00981
00099
11749
01945
01588
07315
02970
09117
02584
01866
11175
03470
02837
06871
01653
01652
03529
01662
11752
00793
00794
03625
02669
08303
01950
03775
01649
00013
02004
01960
13819
14054
01906
10206
00895
02503
13788
01104
09457
00995
01791
03561
02121
14682
03342
13643
03642
01924
02316
03574
11189
02004
01181
01420
02005
08978
03558
02027
14237
14221
14221
14221
00290
13894
09715
13895
13829
00128
00941
14233
03574
00215
01759
00058
04758
00058
00882
09942
08602
07003
07011
07011
09459
01990
03932
01738
04517
01267
09805
07114
01181
01179
01179
01179
14228
01183
01297
00980
14234
14226
14233
14237
07407
14223
14234
14220
14220
14232
14218
14218
14218
14227
14227
14227
14228
14230
14219
14228
14228
14219
14229
14229
14229
14155
00974
14236
01977
01977
01977
14223
14228
14233
00721
07003
01768
10914
14228
00971
14231
14225
14224
14224
14224
01980
01980
01980
14445
14441
02304
14225
14219
14219
14218
01985
01985
01985
14235
07658
14225
14225
14225
15045
14623
14652
15035
14229
14233
14218
01978
06883
14237
14230
14232
01728
14230
06921
06133
14222
14232
14234
03324
01840
03086
03086
03287
01156
03297
01802
03772
15342
15342
15633
15738
03320
15986
15923
02888
02358
16053
07316
01218
16785
01156
05349
13893
16692
02029
16928
11720
16786
16787
16923
06113
15555
02050
16926
02003
00395
07091
01738
02029
02030
02030
01760
02028
17716
17716
02028
02065
17103
01992
01990
18138
03585
00209
00254
00784
18234
11782
18285
11783
18475
03046
04752
07316
19157
19167
00571
19171
08678
19158
09951
19068
07317
11991
01218
01218
01992
19431
19302
19294
06881
19689
01843
19997
12132
12132
01208
20534
01179
01179
00694
20866
21147
21636
21636
02033
21140
22132
06993
17758
17759