01990
01990
01990
01990
01990
01990
01990
16014
02428
01966
01006
01006
00226
14233
14233
14232
03417
15371
03297
19091
11741
01835
14225
14224
01834
16301
15383
15554
05602
15521
15526
15553
15555
15554
03929
02050
15553
14223
12510
03333
00567
09931
03709
00508
03316
01664
06898
04518
04091
02035
01104
03574
00121
09121
06346
06910
02049
02050
00852
03294
00459
15520
02594
15525
15781
14233
14224
01082
01840
00271
01840
00392
03333
14673
06945
13953
06994
13640
01523
01507
02049
01724
04093
07177
09118
11069
00241
01489
00758
01488
01619
00294
13787
06045
00389
00595
01480
01784
06281
06282
02010
08964
00033
00803
00027
03153
00752
07669
07653
01990
06994
07161
10439
03405
10947
02035
01934
07028
00939
01474
09568
01963
01958
06147
10440
02428
01962
01963
01596
07304
01679
02446
00674
01439
08372
03593
01113
09137
00616
03635
03455
00059
01104
02035
02035
14335
04488
12583
01784
00652
03090
00027
07027
03783
01848
06994
11263
12234
11212
11779
02033
02035
06147
00666
03518
04073
00666
09762
03727
13573
13571
13570
00548
00045
01962
02035
02033
01011
06147
00365
00153
04517
01092
00059
03499
02035
02033
02031
02034
02033
02597
02592
02587
02591
00059
00055
02025
02067
02067
02067
02067
03769
00626
01782
07025
06994
01823
01692
06377
13527
05337
07442
02004
00059
03333
07114
02017
03404
02342
03891
03890
03889
02274
00856
06988
04763
01515
02238
07114
03768
08256
02035
02033
01092
02033
01796
02067
02067
02067
01470
01262
01907
01496
14949
01814
01817
03177
09764
02050
02049
02051
06976
03932
01962
01963
14941
03918
00058
00666
01692
00700
07588
00626
01480
07131
06945
00088
00088
01409
00845
13668
06196
06988
01784
07776
01011
04655
04652
07729
02077
02074
02075
02075
04091
00059
05712
06988
02025
01507
13671
13693
10843
10563
02433
01885
07503
00939
00805
10439
10440
09981
02033
02004
07067
06877
03932
07009
03574
00721
08372
03711
00970
01784
01952
03704
01952
01887
02016
00796
01633
00950
00299
00764
01933
00116
07006
04762
02911
03466
03710
03088
15866
02034
07093
00275
01647
00831
01647
01975
02164
02902
02913
01126
02954
02015
02015
02016
03466
03320
01952
03217
03536
02914
02313
02338
03629
02470
02469
01007
00382
03975
00604
02013
03710
07133
03466
00990
04751
19580
10533
01869
06888
11068
07175
04719
00322
03602
03601
03527
00796
01255
03088
03117
07053
06199
06199
01057
00036
02259
09014
09015
09013
11717
10979
03657
01867
03657
07228
03313
00208
09131
01772
03798
01845
01126
06949
00800
07020
03088
01012
01935
01126
01790
01662
03684
01599
00231
11939
07133
01876
06048
00382
03524
01673
00973
02013
02016
06978
09136
09136
07321
01809
09791
02034
00648
12510
12511
06916
02836
09812
09811
03664
01740
03190
03188
01428
01429
01430
01486
07127
01666
01895
02066
02066
15866
02066
00763
06891
00989
01007
03781
04078
03556
02945
00859
03702
01749
03701
03703
06958
00864
03118
03116
03432
03433
03282
07133
02164
00865
01761
03581
06153
06886
02227
02232
02230
01868
07071
02160
03570
05515
05837
02888
02899
03979
00931
03820
01491
00833
01953
10441
00615
07243
01697
01586
07056
03424
02528
00919
04042
00948
09771
02897
01056
03723
04773
01689
01524
03885
07402
01912
00134
00927
01803
03075
00163
06911
06929
02034
00873
06044
03119
05896
06024
06178
00945
03977
01873
01638
03924
00958
00957
06916
01236
01586
01673
07107
01720
01912
00457
00451
01555
01808
07044
01996
01999
00031
00943
02078
04487
02585
02595
02596
02586
02588
00175
00174
01875
00266
04116
01895
01640
01661
04755
04564
07241
00074
02379
01681
02437
08999
00697
08296
07646
03594
00574
07164
02003
01265
02372
00645
06180
03101
01870
02221
09772
06997
03531
12141
12140
01925
01000
01929
01928
03587
03438
03925
03924
00297
03924
03704
02018
00788
02224
03394
05936
13541
01153
02276
00766
02275
04487
03517
13639
00605
01255
00382
00658
07071
03801
03644
01915
01915
00982
01915
01950
00606
01937
09019
03631
00858
06442
00563
00285
02237
02340
02968
03596
03705
03686
09761
07042
03584
00806
01880
00615
01129
03086
00759
03074
03072
03210
03551
03550
01159
08681
06215
00995
02355
01665
01448
08281
00057
02034
01433
00313
01999
01996
03119
09959
04567
06959
02040
03578
01961
03581
00886
07058
02013
03086
07738
01356
00791
03665
01695
01696
01609
01657
02500
02834
02519
07742
02600
09748
00099
06941
00981
02838
09903
01874
03897
01961
02160
07040
00954
03655
02902
00941
00946
01921
00057
00937
03530
01704
01703
07341
01649
06153
00826
00052
01649
00053
01653
01652
06048
10805
01546
01547
01548
07667
00688
01895
09799
05795
05343
05838
05606
09458
02372
09458
02113
02109
02110
02108
00600
02493
02835
02909
03628
00872
01733
00003
01887
01924
01924
02563
03588
05810
01754
01951
01999
04077
04078
01775
00820
03431
02996
02871
06173
02879
03040
01626
00655
03928
02961
02904
02878
02982
02890
02965
02886
02892
02926
02906
02946
02358
02355
02992
02950
03046
03043
02935
02864
02863
02867
02601
03073
02913
00762
02231
00768
02233
00337
00334
00333
00332
00331
00330
03183
13542
00390
03186
03179
03182
07399
02492
01926
03088
00286
00318
01524
02039
06980
04654
04653
04656
04651
02501
01693
00817
00013
01465
00609
03782
08982
00782
01883
01770
00991
02069
07075
06996
07075
01939
09117
07090
00077
01673
01872
00645
00648
02078
09458
00641
01740
03639
03466
01939
01945
01588
01756
01923
01918
01579
06168
03565
03724
00995
03466
01714
00925
00215
00962
02956
11753
01087
00697
01733
04077
02357
02967
03733
04096
07391
07460
03470
03100
02884
00554
02860
06960
02959
03106
03110
03529
03685
03621
02911
01919
07008
01687
03466
03980
00384
03671
01448
03501
00876
02434
02435
01972
00566
04487
03710
11942
03522
03521
00074
14447
00790
02114
02112
02115
02111
04567
07058
00024
00602
11175
01902
01903
01849
03657
02986
02948
02952
02919
02518
01265
03076
02876
02907
02988
02881
02933
02994
02954
02931
02895
02874
09767
03799
00174
00175
00343
00342
00341
00340
00339
00338
01845
01698
13542
02036
02038
02037
02040
02825
03625
02356
03786
01735
00891
01736
02654
00014
07082
07447
07478
02616
10441
02337
02034
03787
10008
10005
10006
10007
07736
04485
03575
01881
02283
10773
15987
03168
00943
02341
00648
03284
00481
00278
00767
03525
03735
13745
03696
14166
07140
14260
00161
00162
00627
01810
03088
07133
02939
02963
02990
01858
03427
01154
03734
02493
01997
01998
02034
03652
01755
01940
03402
00611
00930
00620
00145
09930
01890
01889
03437
02916
02520
00794
14652
00793
01783
03500
00604
01462
04066
00789
13038
03060
00942
01591
01955
04047
05873
01892
00963
03750
03637
03790
05571
01999
03218
00789
07282
03820
09694
09695
08691
01644
06871
03088
03655
00425
00426
03704
00133
00928
05795
01624
03695
03686
03687
04043
04567
01494
00453
03284
03568
00765
01495
03798
00760
07259
00281
09760
06942
06207
10907
03926
00164
00240
00239
00242
01246
00761
00067
01874
01251
03924
03070
07001
02283
01866
01118
01778
09005
02291
03527
03655
07133
02188
05895
06042
07075
01996
01995
01997
01998
00694
02011
02012
08967
09880
08963
03710
03564
07152
00975
03147
03921
00111
00111
00425
00426
07727
07133
07058
03466
01999
01997
01998
01995
01996
06187
09747
02343
00240
00239
13993
03149
03154
13288
06911
00684
02020
03654
07090
00012
00705
01256
01808
03545
01358
01358
03544
11754
00940
03569
01915
03897
03547
00147
07152
00969
09710
06153
00836
03624
15034
16146
16147
16148
16149
18682
07171
00130
18955
18958
18955
14232
18955
01983
03893
16264
01179
01179
01179
01977
01977
00459
15035
01978
00850
16329
02554
15760
07012
02484
02484
01985
01985
02851
04757
13015
00518
11991
14670
14670
13572
14234
14667
14666
02030
14658
16785
16786
16787
00966
14670
19577
11991
15555
08316
16870
02303
16881
14236
14673
14671
02160
14219
01992
01992
14229
14237
01980
01980
01992
14226
01992
14219
14219
00265
00951
00951
01897
01897
03574
03574
03574
03574
17228
16922
14225
01432
01992
01992
01992
01992
01992
01992
14668
14221
10112
14228
14231
14234
14229
10112
14232
14237
14230
14218
14218
14233
14228
14228
14234
14223
14225
14222
14220
14230
14219
14235
14218
01739
14227
14228
14237
14230
17686
10620
01130
01130
06921
02026
03767
06921
06921
06921
01791
00128
00128
17829
12574
00588
07284
02027
02027
01187
04117
02031
02032
02031
02032
02031
02032
02031
02032
02031
02032
07068
00505
07114
11752
00529
17947
00663
03719
03719
01473
00249
06921
18232
18233
00138
21687
21687
21687
11782
18286
01011
05337
01358
03189
02066
00432
01940
02039
07032
02066
02066
06886
07305
09009
00655
02164
13628
02027
02067
02067
02078
06994
01999
03466
06921
02351
07245
09825
04085
05606
05795
00847
03574
13525
03521
03855
03522
14673
02078
01962
01963
07045
00648
09458
03789
06925
06147
07768
03711
03271
04653
01358
02034
03711
00624
02003
07131
10297
03574
02078
00652
01142
02033
02887
01956
06864
08998
11784
18285
18286
11785
11783
03742
18481
18481
18481
18481
18455
14659
14659
08300
18472
18472
18472
04749
10531
18702
06218
07171
01214
05342
01992
01990
06881
06147
18917
08301
07171
18912
07171
07171
18955
06147
06147
18928
18911
03111
10216
03111
03496
06218
05792
03111
03497
03496
03111
03496
03111
03111
03496
03496
05793
07483
07483
07483
07483
07483
07483
07483
07483
07483
07483
07483
07483
07483
00335
00336
01436
07483
03526
07064
06378
19221
19190
00798
19158
19091
19164
01710
01710
19159
00728
07062
07062
01621
14667
14667
01990
01990
01990
01990
01990
07496
07497
19302
12952
19355
14671
14668
19640
00525
08744
19710
07064
07064
07064
07064
07119
07119
07497
07497
07497
15866
10619
16303
13074
12132
12132
07484
07484
07484
12132
12132
12132
20074
12132
03392
00507
00507
20468
06994
05337
07100
20814
02438
20765
21071
21140
13075
00821
21147
00632
00632
00632
09935
03546
18955
06223
01520
07465
02335
06217
02316
18955
18955
03553
03465
18955
02314
05375
02031
07497
07497
07497
07497
07497
21302
03636
21148
03636
00344
02335
05710
03651
03741
21397
21397
02483
02483
02483
21471
21481
05364
21471
03651
21401
10914
21567
21495
21600
07062
10914
00344
21929
21929
21887
12955
21885
00936
22010
22044
22027
01463
03595
03892
22205
16048
07025
14441
17758
17759
22297
22316
22306
22303
02257
22297
22297
22311
01505
07497
22322
01551
03181
07497
07497
07497
07497
07497
07497
07497
07497
07497
07497
07497
07497
07497
07497
07497
07497
07497
07497
07497
07497
07497
07497
07497
07497
07497
07497
07497
07497
07497
07497
07497
07497
07497
07497
07497
12132
00590
07566
22491