07052
10563
09761
10773
09903
09861
01424
03555
01962
02049
02494
00919
09930
03525
12297
03979
02622
03806
03801
03769
03644
00891
01735
03774
09159
02963
03671
03674
03675
03798
02108
03071
09458
08303
01548
01547
01546
01586
00674
01714
00215
01259
03424
03811
03811
03564
00645
02913
02911
01265
02486
02440
03316
01867
00859
00163
00627
06901
09791
01338
03530
00507
03306
07220
07160
07015
02914
00014
03536
08998
03217
08289
02434
07337
09748
03281
00122
00826
01006
01147
01749
06199
02687
02346
00525
02655
09889
00845
02313
02338
04773
01588
01589
06190
03183
09895
09799
00852
01256
07304
00766
01658
01657
03720
08301
01414
03168
03497
02427
03101
01870
02337
01462
06208
03562
03641
09929
00243
03631
02650
08309
09794
09806
07042
07106
06197
01772
00648
00791
00912
03666
03711
00384
03181
03762
02050
01579
01918
00606
01972
01159
03665
01695
07043
04077
03800
03667
01183
03695
01696
01299
09823
07025
06148
09710
09747
01627
01590
00249
09801
09760
03525
01839
02335
00974
03611
07071
00425
00426
06955
02669
01681
03075
01803
03431
00759
00658
00164
00240
00239
00242
00241
01647
08218
04564
07390
02114
02112
02115
02111
02113
02109
02110
06179
06916
01892
02834
02519
02600
01599
07391
00343
00342
00341
00340
00339
00338
00337
00336
00334
00333
00332
01586
01756
01952
00764
01580
00573
01465
03074
02433
09859
02952
02948
02986
03040
02879
00262
01586
00567
05516
03834
03733
01613
03071
09701
08311
04763
02884
02860
00789
01409
03046
03043
02935
02864
02863
02867
02601
03073
02358
01144
03442
00111
00864
03657
03110
02837
00943
01619
02664
02665
02666
03076
02919
04079
01937
00940
01963
07126
03980
01919
01154
03498
03634
03466
07018
02446
04774
02527
07447
11753
01933
00027
09941
02909
02907
02518
02916
09808
09810
03799
02435
09758
01719
01069
04758
03583
01881
02426
02314
06941
02523
03773
03744
00057
04485
01736
04761
00945
00831
00228
02990
07305
01733
03690
03688
00075
00790
03977
03601
03089
06193
02342
13038
02654
00322
03305
01419
01866
00101
06134
03664
00681
06207
03179
00989
02946
07645
00053
03723
07461
07460
03496
01951
02503
00833
04088
02071
08591
00773
04087
01104
03640
04754
06131
06131
00806
00981
01520
04565
03293
01255
03643
01869
02205
01494
03106
01669
01626
01142
00383
07107
01495
00600
03593
07114
07114
01304
02339
00101
01679
01885
00287
02967
02357
02838
02238
07566
02945
01921
03589
03590
02535
02343
02836
01425
01915
02340
03098
03837
01939
00760
03809
07058
04066
09013
09014
02672
01883
03610
04096
03560
07090
02970
09117
01633
02316
03703
07023
03650
07040
00615
03316
02221
02939
00847
07733
01193
00052
01704
01703
01649
04759
01924
01114
00537
00526
03676
06911
01889
06186
03316
04103
06142
00135
03686
02075
03086
01868
03933
02437
02563
07727
03437
01895
03424
01079
02168
00568
06980
03656
03325
03892
00652
03305
06987
03923
03499
09015
03574
03305
07259
07146
03554
01092
03305
01652
01687
01697
09001
01194
00059
03500
03582
00537
03786
02528
03216
01750
02372
07316
00951
04078
00783
02493
02835
02492
06041
02077
06077
05808
02806
03470
03600
02996
02871
08304
03517
01012
02169
01935
01574
01845
03885
09158
03687
04043
07258
01507
03270
06861
06173
01662
03551
02074
01920
00604
00860
00956
00957
03789
02656
00128
00290
06158
03811
06956
03566
01669
01785
03427
01154
01153
04754
07386
06187
01424
07266
01784
01783
00208
06966
05527
08300
03305
03446
03317
06141
02078
01872
01255
00616
02520
07320
11179
11073
11074
00330
03621
03455
03646
00954
01752
00133
03305
01886
01610
01000
01925
03588
03599
02341
07574
01698
01424
01887
04744
03771
01525
02160
01759
00700
00432
00278
00767
03070
01246
00865
02899
03684
00979
00849
08137
05592
00942
01488
03427
01154
01153
03975
03584
01200
01775
01879
04568
07462
03548
06949
03572
01091
06201
03305
01902
01903
05539
02470
06215
08681
03438
03586
03587
00962
00876
03060
03629
03975
02956
02959
02968
02954
00963
02970
01934
03185
07568
09125
01873
02950
03215
03544
09966
02890
03704
00975
01658
02895
02931
02994
02933
02988
01689
05589
00991
00060
00639
00761
01433
01129
02445
01126
01875
01489
00757
06169
07091
00088
00949
01810
08084
03701
03784
04762
02926
02355
02892
02886
02965
02982
02904
02961
02874
02902
02878
02876
00820
02970
03704
03624
02887
03581
00948
02621
02906
06925
04518
02888
02881
00554
00331
10679
00283
00014
02536
00677
00748
01004
03543
00382
02653
09160
03625
02897
06942
01056
01807
03495
03531
02356
00426
03177
00574
01141
00873
04567
01897
00031
03578
03616
03550
00286
03100
03685
01582
00605
02437
00282
01876
03837
00609
01955
01956
00569
01591
07560
03608
03609
03313
00335
06178
00688
00705
01878
01928
01929
01733
03269
00762
07114
00425
02297
02298
02299
02300
02536
03924
01897
03305
02067
02065
02066
06180
05807
03210
03040
03594
03424
00858
03439
07090
02652
01126
03072
03978
03802
01953
00971
01840
03628
03595
00939
02663
03453
06189
06217
07277
06142
00655
00655
05524
01770
07478
01624
00800
03469
01673
05810
01358
06168
00857
03545
01443
06876
03218
01442
03655
01676
01156
03648
02469
00099
03702
00928
02558
04075
00560
03820
03553
00927
03834
03501
06997
03271
03596
00566
01462
00794
00793
00995
02992
01835
00703
02067
01653
02066
02065
01776
06149
03565
03111
00925
11076
00872
01890
11312
00812
00134
00812
07646
01953
12340
01916
11752
11075
01874
11103
01775
11085
11175
01951
01424
11312
00602
11927
11928
03657
01534
02517
02517
00507
07735
12978
13003
13004
02483
01207
04042
17103
11535
12267
00965
03524
11717
11900
11901
11900
11901
03524
07667
03386
11754
11719
11720
12262
13941
07259
01491
13282
13288
07056
02471
00121
01961
13788
03574
07223
01262
13993
12262
13292
02474
12573
13713
14058
00795
07107
02217
12524
03342
07516
03297
13821
04517
13522
03782
14287
14230
01977
01977
01977
14233
14237
14237
14228
14232
14228
14225
14225
13498
00024
13924
00632
04487
14230
14234
14228
14219
14225
14228
14233
14222
14234
14224
14227
14227
14227
14231
14219
07394
00868
01980
01980
01980
14221
01985
01985
01985
01985
14441
14226
01524
14220
14652
01173
03607
01011
13628
14233
14230
14223
14540
06133
14218
14218
14218
14235
06148
12995
14236
16013
00845
10823
07464
08316
14742
16012
03602
15342
02533
03599
15583
15580
15581
02428
15633
06999
15738
15582
15724
01713
00812
15984
10716
15922
18552
19416
16053
16052
16074
16210
14237
11733
19561
14229
14219
03321
07323
07122
02073
02072
02473
17713
01990
01992
03671
17836
17836
00254
01442
01442
00058
18138
03585
03527
03770
03762
18284
07666
15915
07260
03462
07263
18800
18930
00820
03526
18979
09951
22468
01183
08156
19810
05770
20265
20265
20265
20265
20534
01932
01139
21600
21829
22116
22132
02257
13566