05571
05570
06001
01897
07052
02409
02412
05515
06415
22317
11358
00162
00161
00161
02451
02313
02338
03629
02470
02469
00057
01599
03284
03388
03389
03833
01772
07152
02274
03787
02499
01596
00833
03407
02451
03587
01610
02417
05366
02275
00639
00198
07321
02276
07461
00428
00266
00528
01963
04651
05516
05337
02586
02591
02160
01673
03666
02428
13542
02040
13747
00123
03639
03750
03637
00925
01885
09862
01887
05589
00012
02528
01409
07175
06990
01867
03685
00943
02341
02902
03060
00942
01902
01903
11103
06940
05788
02945
03527
00945
00800
03525
00767
00762
00764
01952
01952
01756
00134
00927
01803
03075
08084
02674
03325
00957
00390
03327
04754
02003
09764
00566
01993
03799
00789
07113
01740
09858
07664
03550
02313
07560
01151
01778
06864
02335
03413
03282
00605
02437
00282
00283
03800
03644
03671
02492
01749
01698
00784
03113
02356
09989
00077
03639
02379
07107
03388
00334
00335
07080
03585
03408
03412
06871
06950
06873
01933
11175
04061
03841
01657
04079
08988
06872
01696
03216
07088
07275
03738
07340
06885
06167
09760
03581
03582
03583
00641
03657
04652
02824
07636
01962
03657
00097
07814
02669
00820
00364
09915
01975
01875
02014
00404
01236
06044
03466
00789
01251
03637
03750
03738
03639
03521
03522
06281
06282
02398
00615
02040
00240
00239
00241
00773
03980
03738
03313
00067
04744
01695
09765
00720
06045
01662
00111
00864
09932
02049
02050
02003
01821
02051
00162
00627
00761
03594
08307
06207
05807
07444
01903
01902
03521
03522
03521
09924
02044
02221
04074
09131
00963
00616
03411
07088
02003
10773
07053
07507
02355
03832
03521
03522
03320
03744
03074
03072
03210
00773
07568
06381
02031
03592
00619
03631
00858
00688
07478
00850
06996
03469
00133
06173
02871
02996
00145
09780
02358
02913
03073
02601
02867
02863
02864
02935
03043
03046
02950
02992
02355
02358
02946
02906
02926
02892
02886
02965
02890
02982
02878
02904
02961
02874
02895
02931
02954
02994
02933
02881
00077
03648
10563
00705
03820
01736
07043
00639
02170
02169
04567
09808
07277
06142
02536
02372
00677
02517
01991
01953
00640
02988
02907
02876
03076
00939
01265
02919
02952
02948
02986
03040
02879
03529
03110
09769
01866
00954
01129
07574
02825
00609
01465
01956
04070
01955
03624
03655
01620
01999
07646
04043
03687
03705
03562
03641
03640
03116
03517
07457
01783
03500
09816
09817
09815
02227
02232
02189
05936
02188
06042
03856
08303
04083
03642
01338
00946
00950
00616
06204
09767
03634
03407
03413
01462
00604
09729
01878
01879
01006
03704
09770
02040
07139
00788
03149
03154
00859
00640
00791
03797
01647
09141
00940
06941
00772
07137
03698
05568
05567
05566
03924
01735
01255
02066
01704
01703
06966
03704
01649
01613
01653
01652
01687
00099
00981
00806
02838
09903
02357
02967
02521
00053
02939
02963
02990
06942
01056
02897
00948
00919
06176
03439
03732
00384
01754
03654
09931
09007
06920
03086
02316
03558
09117
02970
01523
02500
01814
02501
01693
00013
00765
00790
02493
02835
03465
02909
03628
06602
02527
00912
02843
02841
00978
01709
02377
09774
06861
03092
05808
06023
01893
01676
06076
03183
02535
03688
02454
00975
00052
00133
02283
02282
02280
02279
02039
02037
02040
01613
02039
00995
00278
00990
03100
03596
06949
03098
01744
06131
07456
03584
02314
07712
07708
00208
03665
01974
01040
03522
03521
06601
02557
02556
02385
02397
02396
02398
02395
02394
02393
02386
02392
02392
02405
04562
02404
02400
07139
03722
00783
09710
00969
00147
00931
09928
03306
07220
06153
03630
00383
00134
09922
01042
00991
01770
01886
01883
04069
05837
03571
03570
01790
00973
06206
03744
00286
01512
06180
05810
06196
02523
01810
01620
06878
07056
07460
03470
02884
00554
02860
06960
02959
03106
07164
03925
03438
01928
01929
01000
01925
03588
02563
01924
00075
01921
03589
03590
03531
02346
01356
03074
03455
03549
06901
01163
06917
03070
01873
02654
03981
02662
02665
02666
01736
00891
01735
03786
01262
02437
05776
03752
02380
00127
00123
03724
00656
04069
03745
03271
03770
01923
08484
03543
01118
07399
01588
01945
01008
01775
03147
07644
00760
01480
07275
01939
02502
06013
03695
00826
03089
08591
03269
06940
07058
02461
02460
02459
02457
02456
02454
02452
04759
03413
03407
03411
03412
00979
01937
01627
06041
03270
00957
09160
06907
06903
06153
09691
09690
02667
02668
02653
02669
02652
00014
03118
04046
07667
01236
02019
05772
05773
03088
06193
01548
01547
01546
02018
02020
06937
03543
03474
03546
11688
01476
00018
01890
01916
01874
11942
06958
03767
07090
07090
04751
00567
00971
07090
02017
02017
00658
07792
00666
05794
00179
01091
02481
02482
07657
02462
01953
12140
01854
08309
00703
06282
01916
01270
07304
11749
00575
00575
00575
00575
00575
00575
00575
01840
00060
07646
02418
03497
03733
03686
01894
06045
01673
03789
01159
03551
06024
05896
03569
02411
03273
02453
02450
01585
00611
01940
01755
02435
02433
02434
08963
00982
07107
03101
01870
03549
04759
04758
07282
02429
05833
01496
00765
03977
03413
03407
03408
03408
03412
03413
01869
02340
02968
08999
00088
01951
02398
03469
07023
03431
04763
02588
01673
03704
02806
01595
07034
03182
03179
03186
00817
03684
09761
02687
09773
00784
04078
04077
07180
09786
01902
01903
07305
03284
01256
00366
07150
01776
00548
00615
00615
07138
00156
02653
02652
02662
02453
02456
02456
09812
09811
03797
00135
01682
08602
01733
09748
02600
07742
02519
02834
03177
02956
00962
01520
06140
01737
03924
00845
03981
03521
03522
01972
03413
00627
01681
03116
02379
04651
05788
00604
03664
01579
01918
00606
00003
03625
00794
00335
00334
00333
00332
00331
00330
01845
02108
02110
02837
03424
03408
03407
03412
02114
02112
02115
02111
02113
02109
02109
03703
01462
03567
00655
03111
07286
02377
01711
09763
03385
02587
02596
02585
03521
02003
03652
03603
00793
07738
01493
06959
03116
03753
00375
03799
09981
01997
01998
01995
01996
03308
05786
09790
01586
00266
02020
03218
01591
01881
00177
00175
00174
00176
01876
02006
02008
02007
02233
00768
02231
03978
00688
02401
02421
02420
02419
02416
02415
02390
02389
02413
02410
02408
02388
02387
03413
06897
06923
05964
07258
03572
00791
07743
02945
09954
00573
01689
07037
07042
00901
03820
02836
03798
00705
01740
01338
06911
01658
00766
01609
01817
01626
09913
01915
01915
03579
03823
00648
04485
06204
11065
00849
03737
07058
10979
03116
03702
08301
08289
02888
02899
03979
00343
07667
03549
00259
01246
00873
06988
00525
00989
07403
10563
06890
00243
03750
02044
01494
07709
02003
01681
01912
01996
01995
01998
01997
01999
01999
00177
00175
00174
00176
06178
02337
06911
01892
02238
00600
01808
09458
02078
00645
00648
03621
02911
07040
04773
07095
02065
06929
04768
04655
04654
04653
04656
03116
06281
06871
06873
01714
01586
03501
03495
03650
03217
03536
02914
00342
00341
00340
00339
00338
00337
00336
00335
00334
00330
04066
03530
02669
09915
00891
03701
03704
03737
06187
09747
02343
03723
03771
03564
00375
02517
03581
09792
00406
00405
00404
06188
03282
04561
02305
07322
09798
03601
03602
01662
00997
06925
00928
01649
00425
00426
03545
03544
01338
03530
01912
00180
00179
08972
02003
04564
02003
09768
03704
02006
02008
02007
08296
03408
00688
03455
06949
01126
00929
03408
03752
02456
09800
01438
00075
00763
02018
00566
03154
01740
01738
01868
02916
02887
01889
04764
03808
03808
06192
09857
00845
03303
00782
06888
03385
01646
01910
06910
07552
04561
06374
06373
11068
00343
00342
00341
00340
00339
00338
00337
00937
03412
03412
03411
03408
03407
09005
02283
02282
02280
02279
09726
01953
00412
00425
00426
02342
03412
03407
03408
03408
06923
06076
03424
01935
01012
04568
02356
02518
03215
00796
03798
04075
02033
02035
07028
06442
07722
01153
03427
06200
07259
02003
02040
07644
07082
01338
06158
08300
06199
09137
00164
03801
03415
07240
07240
04760
01989
05832
03594
02040
09131
02039
02036
02038
02037
02048
00789
02051
02049
02050
02588
02049
02051
00198
02046
02047
02045
01448
03555
02346
01356
00759
03086
00573
07588
01849
06969
06997
06287
04094
03168
04096
08303
03568
01626
06898
09121
01095
03553
02669
03565
01872
00930
02450
02455
01643
01644
11689
11891
11892
11893
01104
03711
11902
04042
07278
10125
07657
07657
01834
01154
08224
03773
11473
00031
03426
11896
12574
06883
00262
00655
13292
02458
03446
07011
00951
00297
00059
01297
03409
00520
06934
11752
07787
01515
00602
04477
03769
07665
03769
07665
12452
12454
03286
05521
07027
01491
04758
00748
05595
05595
03072
03574
03296
06889
06889
07397
06889
01491
08996
03272
13010
01897
11897
03569
07714
00124
00124
06006
03286
01760
00626
00626
00626
09810
03574
11901
00965
11900
03768
03524
00595
11690
11903
00074
00074
01809
00074
04487
11895
01243
11927
05966
05966
12141
03386
06168
01358
07006
03182
05951
02237
01710
03286
03496
01092
11753
07098
12251
00703
04767
01784
02474
03406
03406
03406
03406
03406
03406
03406
03406
03406
02503
00067
00666
01961
13819
13789
07051
03892
07025
10012
02347
02040
05520
13038
08234
07257
00215
01843
11189
03179
05343
09181
07799
02823
02664
02664
03410
02793
12339
11264
03406
12510
12511
12573
07114
07114
14058
13954
02005
03832
00970
00575
01779
01533
11085
03406
03406
03406
03406
03406
03406
03406
03406
00023
03406
04751
02004
05939
02217
00721
02224
00029
02481
13012
01912
03328
01654
01537
00244
13380
12510
00956
00620
00625
12511
04517
00956
01791
06075
06518
01791
07713
02474
05337
05337
07126
07126
07126
05601
13979
11754
13993
01934
01958
13652
04720
00180
10012
05799
03769
09888
03809
02004
06857
02004
02004
02379
02004
02004
13993
14221
14221
02663
02663
02651
02651
00329
00356
03522
10206
03595
06142
00847
02671
01848
02674
09749
03672
03564
13821
07516
02355
07642
06131
14228
14228
14220
14393
05919
03406
01760
01647
01039
07462
02520
08483
00382
14229
14229
07537
14225
14225
00284
14238
02450
06204
02843
14228
14219
14393
03741
03296
14230
14228
14232
14233
07216
00185
08281
04749
00344
00058
03605
03605
02051
00024
12454
00124
03394
00632
00675
03711
00104
14393
14393
01485
12137
01011
02304
14232
14232
01571
14228
14224
02029
14225
14236
00974
14234
07045
14223
00290
14153
14218
14218
14218
14218
00405
02652
02674
02040
14234
04757
04757
14219
14228
01989
01768
02671
03088
00091
07005
14155
07491
14237
14219
14237
14237
14225
14218
14224
14224
14230
14230
14230
14219
14445
01980
01980
01980
01980
14441
01173
08998
07538
07539
02533
07216
00634
01985
01985
01985
01985
14415
01977
01977
01977
01977
03892
03406
14234
14219
11473
14219
11261
03709
14231
00104
07003
08995
09694
00221
01524
01524
05606
03772
03772
09819
09820
09818
14233
01470
14235
02004
14222
14162
03409
14226
14227
14227
14227
14227
14233
00123
00945
16291
14233
06133
13993
13993
07216
14170
14223
04093
01990
03704
14761
14540
02481
14652
03324
01715
03560
00029
00131
00029
00248
15383
06177
02032
15022
08906
03719
01802
13005
02482
14059
02028
01802
07636
04034
02482
04034
15256
15257
15257
03215
15633
15635
15738
02050
02034
15371
03646
15460
15725
15727
15726
07130
02594
03298
08679
15977
15986
15987
07798
15973
16147
16092
16092
02036
10716
03320
16264
10804
03699
16370
16291
16173
02038
02067
02009
17828
16881
02226
11991
17716
03390
00196
07091
11720
00184
02030
17103
02028
02030
02029
01990
01990
01990
03416
17490
17489
17489
17686
05601
05601
01533
17758
17759
01615
09022
18139
17947
14742
14126
14128
05299
02614
18138
11784
03742
11782
18285
11785
11783
03574
09017
00336
07712
01838
11904
18700
18707
18682
16435
03427
07171
09892
01971
03526
19221
19221
07172
19163
02277
19158
19066
19067
19068
03446
19155
08678
19159
07451
19164
04771
01992
01992
00244
19267
00947
19302
19302
06881
19515
19516
19710
07315
19689
19784
15777
00547
00297
01983
20810
01978
15035
15035
18889
18890
20534
11529
01214
20881
21071
21071
00821
21140
11927
21464
21555
21498
21563
22010
10026
07334
21600
21929
21990
22132
03547
22319
02257
22318
22405
22320
00590
22466