00121
08744
02428
03929
01457
13540
16786
16787
11263
13483
01104
00863
03825
00956
04751
18370
01617
01491
13288
00823
03282
01854
00219
06205
03704
07005
00446
00666
07483
00768
01433
01619
03325
00697
03654
01945
01756
07401
01923
01354
03527
03466
02871
02996
03431
00820
01775
06925
03789
01409
04078
04077
03088
00088
00088
03333
03523
01951
01533
01738
03101
02351
07245
03664
09811
09812
02836
06199
06199
07006
02051
02067
09118
07177
07044
00012
01494
03149
03449
04073
01666
06996
00957
01952
00764
01933
06980
02619
00382
00864
00111
05522
03724
03322
00483
07127
02426
00432
01952
01952
03696
09131
03216
01754
00641
01740
03594
02192
01142
01867
07058
07258
00240
00239
00242
00241
01489
01488
00761
02013
03783
06196
03820
06994
03101
03657
03426
03657
01719
00363
00362
02575
03496
00705
03154
03153
00788
00925
00059
05845
05846
05846
03723
02428
00957
03333
01681
03924
01772
01847
01847
07588
02016
00216
06910
06153
00548
01523
09705
02274
02016
01673
00526
00525
03647
06191
01809
11212
12234
00975
00796
06966
06966
01439
00674
11779
01029
00803
00252
00389
01151
04043
03687
05516
03695
03672
00384
01028
00626
00852
06446
00059
05782
01706
01707
07090
00299
07304
07305
00496
05567
01613
03750
02478
00797
04077
02016
07224
07243
01689
08884
06994
03312
06994
00626
01697
01754
00765
07442
00688
03433
03432
03116
03118
03727
00595
05936
05895
06042
02229
02230
07113
03820
09799
06207
02063
02064
03088
00626
06200
04477
01808
01533
03499
09456
03686
03687
04043
01338
05568
01322
00382
01442
07110
01637
00074
05782
00075
03624
09125
06888
07001
01626
01358
01358
02016
02015
02013
11068
00375
00867
00600
03767
01664
07175
01679
02446
03602
03601
06048
03781
00031
07058
01687
01823
06942
00567
09760
01243
01448
07146
02919
05786
02616
03090
07402
07161
03518
03519
11385
02503
06168
00805
07114
07114
04091
00281
05520
03556
01104
06001
07245
00297
07465
03316
03921
09780
03316
01969
03088
03975
01104
13542
07182
00995
01616
09009
03386
01079
03386
13527
13788
00116
02348
02302
09861
01881
09748
02600
02519
02834
03177
11753
02956
00962
00259
00560
00287
09927
02221
09772
06997
05810
03531
03589
01924
02563
03588
01925
01000
01928
03587
03438
03925
01626
00655
00845
02342
00766
02276
03889
03890
03891
02275
09967
09967
00140
08296
01950
02039
02036
02038
02037
02040
03300
02346
07093
01915
03320
03924
01869
07735
00111
02907
02988
02881
02933
02994
00370
00371
00373
00374
02575
02954
02931
02895
02874
07077
07223
00851
03469
00598
06929
07090
00059
04564
07304
01126
01875
00997
01192
01661
07120
02551
05995
12583
03183
03799
09767
02913
03073
02601
02867
02863
00016
03722
00763
06891
01776
00989
06605
03335
00010
01761
05592
12410
11533
00997
03564
00274
08167
03088
06959
03437
04518
02887
02916
03701
08223
01474
01473
01640
03702
00859
02945
01999
02003
00052
02335
01997
01998
01995
01996
01999
03303
06911
00299
05375
06975
08884
02961
02904
02878
02982
02890
02965
02886
02892
02926
02906
02946
06153
01953
01644
05596
01733
00631
02433
02435
01972
00566
04487
03522
03521
00263
03294
00432
00567
00074
05548
07098
03381
03464
05549
05550
05784
07461
02566
02033
02034
02035
04781
00604
01252
02016
02364
02015
02015
02013
03147
01142
01462
04565
06048
05571
05570
00919
00626
02837
01056
02897
10533
00948
04042
01126
00343
00342
00341
00340
00339
00338
00337
00336
00333
00332
00331
00330
01921
01929
00773
01885
07301
07341
02343
00574
03652
03734
00294
11082
11083
11084
03710
01915
00681
02228
10563
01652
00648
00817
01810
03657
01903
07119
08987
03465
01714
12574
03466
00619
03553
03565
10007
10005
10008
00791
01778
03665
02768
02769
02770
00882
08483
01356
07738
03578
04756
04761
01953
00856
00865
02233
00826
00605
01255
00658
07071
03801
03644
01915
00982
01915
00606
07164
00817
02227
08884
08884
02067
02067
02067
02067
02066
02066
00059
05337
00626
00626
07118
00154
00626
00059
03980
03088
00384
03671
01448
03497
03496
03501
06346
03217
08998
03536
02914
03321
06187
07009
01706
01649
08167
00928
00133
04047
03098
01902
02493
04090
01644
01907
11175
00602
07090
03119
03405
07088
02911
00362
00363
07669
07653
04768
03087
07058
07090
03086
00886
01092
01520
03499
03499
01662
03684
01599
00231
07305
06916
00163
00645
02078
11609
02316
01129
01880
03711
00806
03584
03595
07042
06217
09761
03686
03705
00390
00262
02549
06287
03524
01589
03325
00975
00761
02049
04077
01647
01647
01628
00123
00123
01008
01042
03833
09167
08981
00800
06949
02529
00010
03335
00626
00059
01644
02003
01596
03439
06860
06911
00382
07386
06994
06994
00526
02032
02034
02033
02035
04047
00483
01821
01666
11387
03786
02033
07058
02864
02935
02065
02066
02066
02067
02067
02067
02067
03043
03046
02346
02549
07156
06915
07124
05916
02351
07245
03111
07107
06886
11103
01256
01808
05522
03545
01358
01358
03544
03752
01873
00940
02888
02899
03979
00931
00782
00857
00135
02755
02756
02757
09858
09165
07535
01661
03735
03736
10805
00873
00266
00265
01695
01696
01609
01657
01821
01496
02500
01092
00101
09781
08641
01425
01895
00425
00426
07157
03575
01673
07067
04485
07736
00991
01770
01883
03218
07160
01834
06975
07776
00286
01588
00067
03088
03117
03593
02025
02026
03284
05595
03294
07393
03547
03546
01887
01586
00003
04079
03581
03582
03583
07107
03885
03190
03189
03188
01428
01429
01430
00033
00088
01638
08999
02437
03070
09764
00156
00014
03338
03337
03336
00010
00140
03070
00523
07654
07670
00943
01251
03294
00626
07028
04567
03525
01579
01918
00950
01633
00796
01495
03798
00760
04075
07259
01507
01477
02361
10764
02016
00528
02015
02015
02013
09793
09747
10773
01895
02283
07458
00558
03313
00963
03750
03790
09807
00558
05350
01868
00995
06215
10805
08681
01159
03550
03551
03210
03072
03074
02035
00759
03768
01892
07054
01876
07478
01872
07447
07082
00014
02654
01736
00891
01735
02356
03625
02825
00609
01465
01956
01955
01591
00957
02045
02047
02046
02048
01284
03596
07020
02968
02340
02238
02237
09710
00969
07161
00147
03655
07030
02902
03648
00946
00057
00937
03530
01704
01703
01885
02358
02355
02992
02950
01142
01951
02017
02018
02020
03088
07032
06895
10979
01061
00325
00324
00324
00278
03088
00574
09701
09959
00265
00266
04567
02553
07282
02035
07552
01061
07107
00817
06188
09957
03333
08884
10843
03637
03635
06720
00836
06718
00954
07040
03685
10563
01512
03529
03110
03320
00990
03106
02959
06960
02860
00554
02884
03100
03470
07460
07391
04096
03733
02967
02357
09903
02838
00981
06941
00099
06976
02501
01693
00817
00013
00767
03517
01265
01012
01935
00833
06044
01236
01754
02337
08884
06180
03101
01424
02346
03088
03885
01870
05917
01996
00528
02314
02939
02963
03111
02990
01858
05795
09799
05792
01681
02342
03333
12429
07032
01926
02492
01749
01698
00232
01845
06196
07399
01738
02548
01911
03306
00640
01733
00872
03628
07225
00380
02909
02835
02493
02108
02110
02109
02111
02115
02112
02114
00790
02007
02008
02006
07161
01425
07503
00626
05838
00700
01223
00135
03977
00945
06178
06024
05896
03496
04763
01937
03631
00858
06442
01866
01755
01940
03402
00611
00930
00620
00145
01890
01889
10441
03975
06173
02879
03040
02986
02948
02952
02919
08972
09807
07560
02379
01265
00939
03076
02876
11159
01939
01624
03975
03975
07140
00762
00135
02433
07667
07646
01548
01547
01546
07006
01246
03695
06877
03704
03168
02341
01724
00027
01710
00973
01790
09153
02963
02954
02913
02902
02909
07001
01478
07056
01665
01874
03424
02528
00942
03060
13038
00789
04066
00604
03500
01783
11752
00793
00794
03703
06958
09762
00134
00927
01803
03075
01595
00641
01057
00036
00616
00615
02259
09014
09015
09013
11717
04488
06443
03333
00052
00053
01653
01652
01687
02434
01816
03655
07458
00558
03823
03639
03704
06901
00831
01647
00275
00847
01647
01669
02013
02015
02016
01265
02232
00004
03709
05565
01426
02484
00249
00301
02058
00666
07222
02475
01822
01174
07222
01897
01187
11754
00355
00652
07483
13529
00153
00508
03457
00091
00128
00020
01607
00344
00020
07068
01487
02075
02077
01179
00249
01802
00221
03822
07749
09146
10006
00121
13953
01104
00721
02518
13570
13525
06978
01799
01782
07768
05794
12437
08256
11178
02313
02338
03629
02470
02469
13979
03892
07684
13693
00955
13668
13671
00955
01426
13639
03496
01273
11608
13640
00563
00024
12503
12428
03921
01958
04790
02004
02004
00561
01992
01990
00666
08372
00537
05847
00128
00758
00966
03709
00344
11610
11611
12949
01897
00666
04091
01835
07749
07407
13787
00318
13787
14221
00951
00130
04091
07045
00248
02056
02057
02030
01768
00076
00038
13687
13573
03436
01784
04787
04788
04789
04792
04793
01739
03782
11263
00941
13993
22476
14219
14232
14230
14224
00493
01113
01113
13671
00344
14234
14235
14225
14233
14233
14232
14230
13571
03404
08281
01455
03921
00215
00215
00058
06978
11189
13686
13572
01259
13771
02224
00124
13639
07114
13953
00632
01560
03088
01768
07052
07045
01055
01934
11386
14232
14223
18230
03762
01840
01992
01992
01992
01992
01992
01992
01992
01992
01992
14234
02013
14223
07045
14335
14233
14225
14260
14347
14228
06867
03457
14267
14231
14233
14228
14229
00666
14236
14337
14339
14228
01814
01817
01436
14136
14393
00868
14237
14230
14237
14225
14220
14237
14228
04517
01980
01980
05364
05569
01977
01977
01985
01985
02483
01515
00970
14218
06147
01966
01768
01524
00249
05606
00249
01011
01784
02274
01978
14224
00104
00249
00249
03892
14234
14219
14219
14227
14218
14218
14219
14238
14238
14229
14226
01011
01011
14162
14222
14155
05714
01983
02074
08095
01524
14743
14953
14955
14952
02031
02032
14228
14470
02027
01768
14949
16013
16012
03088
03088
03088
05375
06177
11939
14652
14941
01796
08316
00392
14761
06919
01962
01963
01252
03929
15510
16301
05602
15526
15554
15521
15555
15555
15553
03929
15551
03929
01082
01082
11608
15554
01692
01692
01692
02363
12510
01692
01692
01692
01692
01692
15866
01692
11741
18687
15520
15525
11939
15781
15371
15268
01692
01692
04093
15977
15981
15982
15983
15977
15977
19221
04343
04791
07483
07483
07483
07483
07483
07483
07483
07483
07483
07483
07483
07483
07483
07483
07483
07483
07483
16147
16148
16149
16150
18955
18958
16048
10716
03284
05898
16047
16049
18955
06221
17067
02067
02067
11733
16264
01207
01692
15035
02062
10831
15552
16264
03893
16653
16645
10217
16783
02066
02066
02066
02067
02067
02034
02031
02032
02031
02032
16784
16652
16647
02066
16650
16649
02851
16648
16785
16839
16841
16870
16840
02009
02028
10439
19311
17103
02029
02030
17228
02067
01990
01990
01990
01990
01990
01990
01990
01990
01990
01990
14161
10112
01533
17686
17686
01999
00254
01941
08221
03520
17883
18371
18224
21688
19302
18372
18372
18372
18382
18223
18225
18226
02554
03742
18472
18481
18481
18481
18481
18481
18481
18481
18481
18455
03574
18688
18701
02493
01990
01992
21672
21672
01214
21687
18913
18917
18955
07171
18955
10747
06147
06147
18929
01971
18928
04073
00335
07029
02113
02109
03741
03976
03526
16238
00798
00135
03885
12349
12952
12954
19302
01992
19577
19710
15777
12132
12132
12132
20074
20074
12132
20470
06994
20469
20468
21071
20814
14229
20902
21140
21014
21119
00821
21159
21147
22468
03636
21148
03636
21200
03651
21397
21480
21473
21401
21481
21600
21691
10914
21600
21600
21685
21744
21686
12954
21929
01634
21962
00936
22010
22044
22044
22081
22082
22107
22083
22108
22230
00467
17758
17759
22297
22297
02226
22306
22336
02257
22311
22343
22342
22342
22298
01551
22344
11206
00571
00728
22468
07566
08300
08301