01897
22317
04771
02499
01476
01358
03546
00018
07304
02462
12140
08309
12251
01916
11749
00575
00703
00575
00575
00575
00575
00575
00575
00575
00575
03711
12574
00262
00655
02458
02671
04751
00951
04751
00520
11752
07787
00602
12452
12454
03286
05521
04748
07027
13005
03100
02455
00748
03574
03296
06889
01491
03272
07133
13057
07005
09810
06168
03574
03768
03524
00595
01243
11927
03182
02017
12141
03386
07006
00059
02022
01710
02237
00231
04066
00265
03800
03644
09763
03753
03752
02040
02040
01776
00548
03426
01163
02065
02066
01338
06158
08300
06199
09137
00164
00658
00382
01681
00161
00162
00627
03801
03415
07240
07240
01512
01972
03657
00566
04487
06167
09760
03581
03582
03583
00641
07560
01151
01778
01738
06864
02335
02557
03147
01775
01008
01945
07151
01588
07399
01951
01091
02398
00390
00957
03652
02806
03665
00208
07708
07712
07154
03738
02825
00609
01465
01956
04070
09922
01955
03624
07574
01129
00954
03596
03100
06178
01962
02337
03809
03424
06890
03704
00640
00791
03797
07154
07107
02067
03388
00334
00335
05548
03738
03388
00334
08996
00891
03325
07322
02450
09160
00789
02314
07798
02588
02586
02591
02587
02596
02585
06950
06873
03981
00759
03086
00573
03787
02006
02008
03474
03431
00029
00626
00074
01903
01902
01755
01586
01714
01586
03824
04565
06996
00134
02413
02389
02390
02415
02416
02417
02418
02419
02420
02421
02401
07034
01647
00688
03978
02231
00768
02233
02007
02008
02006
01883
03412
07058
10806
03655
07040
02911
03621
00648
00645
00059
02078
09458
01808
00600
08591
03269
06940
07058
01848
02502
01939
03455
00796
03798
04075
00763
01626
01817
01609
00766
01658
01657
01999
04079
07462
03074
03072
03210
00773
07568
06381
02031
03592
07112
06910
00364
09954
11065
09915
02040
07657
02039
02036
02038
02037
03496
01991
03704
03701
05366
03530
00873
02837
03424
03408
03407
03412
03501
03495
03650
03217
03536
01153
03664
00606
00845
00029
03924
00762
00764
01952
01952
01756
00134
00927
01803
03075
07285
07089
04773
07095
01989
02065
04768
01885
09862
01887
03549
01918
07667
07151
01894
09913
01915
00077
03579
00177
00175
00174
00176
01012
01935
00833
06990
06024
05896
01867
06959
00989
00525
07461
08602
02034
02033
02035
07646
06442
04487
02437
02160
01262
03786
01735
01736
02666
02665
02662
02674
02654
01873
03070
07028
02836
03820
00901
07042
07037
02003
06142
00243
03704
03733
00925
09989
00615
01596
06180
05810
00198
07321
03388
03389
03390
03833
07053
07454
09803
01737
02051
00615
00615
07043
03469
00767
03525
02355
07507
07282
01749
02492
03671
03703
01711
02377
00978
00612
00615
00615
02843
07305
09936
03628
02909
03465
02835
02493
00790
00765
00013
06287
06997
00919
00948
02897
01056
06942
02990
02963
02939
10563
01878
01879
01006
03704
02007
01462
00604
09729
00425
00426
01974
06196
03611
03673
09131
02935
02864
02863
02867
02601
03073
02913
00145
02996
02871
06173
07641
07663
00133
00133
00052
00784
02355
00720
06045
01662
01709
00942
03060
02902
01874
02341
00943
03685
03595
03977
03413
03407
03408
03408
03412
03413
01869
02340
02968
08999
00088
09747
02343
09770
07139
00788
03149
03154
00859
09749
01821
00760
01740
02591
07443
01809
03313
03738
03980
00567
00773
00241
00239
00240
03798
07053
10773
01881
03642
01338
00946
00950
00616
06204
09767
03634
03407
03320
11358
01892
09798
03601
03602
01662
03545
03544
01338
02653
02652
02662
02453
02456
02456
09812
09811
03797
01682
02669
01876
00031
00176
00174
00175
00177
01493
07738
00793
07098
00639
02170
02169
01496
00765
09973
04567
09808
07277
06142
02536
02372
00677
02517
02527
00912
09791
02003
02843
02841
07154
07032
03282
03704
06966
01703
01704
02066
03568
00604
08303
04096
03168
04094
07792
01251
03981
04759
03413
03407
03408
03408
03412
00979
01937
01627
03284
06193
03412
06917
03216
01696
01695
01963
04744
00067
00794
03625
00003
03594
02454
01866
09769
09888
03110
01591
03218
06950
03637
03750
05773
03639
00123
03116
00123
00127
02380
03752
02379
02048
02046
02047
02045
00789
01810
06176
00286
01585
06200
07704
08972
00179
00180
01912
07644
07665
03408
02346
04562
07504
00995
00278
07289
03799
09981
03769
06903
06907
00850
07085
02669
00097
02114
02112
02115
02111
03183
02535
03688
09765
02313
03551
03550
01159
06969
03745
00789
09764
04564
02003
00800
00945
07001
06871
04655
04654
04653
04656
04652
04651
01689
04760
03666
00791
03572
01256
02557
09924
06206
02456
01772
09165
09858
06131
03500
01783
07457
03517
03116
03640
03641
03562
03705
03687
04043
03686
06898
09121
01095
03553
02669
03565
01872
00930
02113
02109
02109
03497
04477
02110
02108
01845
00330
00331
00332
00333
00334
00335
00337
00338
00339
00340
00341
00342
00343
06897
03413
02387
02388
02408
02409
02410
02411
02412
07138
03527
02945
05788
02517
08307
06207
05807
01902
01903
07444
07164
03925
03438
03587
01928
01929
01000
01925
03588
02563
01924
00075
01921
03589
03590
03531
07275
03695
00826
03089
01740
03154
08988
06872
03744
07588
01849
07337
09859
02472
06045
01236
00611
01940
00705
01740
07082
02078
07107
00059
02372
03634
00820
04042
02018
06200
09768
03555
01448
00990
04763
03841
07799
04061
11175
01933
03789
03657
02040
02003
03407
03408
01886
01770
00860
00957
09691
00067
09153
03106
02959
06960
02860
00554
07709
02040
00156
00404
00405
03584
00287
07456
06131
01744
03732
03439
03704
03411
04764
01890
01889
02887
02916
02520
01868
02667
02668
02653
02669
02652
00014
03118
03412
03408
00619
03631
00858
00688
07478
00850
02040
06996
03521
03522
03738
02019
05772
02884
03470
07460
07056
01810
04069
04069
02048
02585
02588
01738
02006
03799
01993
02221
04074
09131
00963
03832
03521
03522
02313
02338
03629
02435
02433
02434
08963
00982
07107
03101
01870
03549
09786
07180
04077
04078
03856
00655
03654
09773
02687
09761
03684
00817
03186
03179
00016
04487
01008
03284
01595
04487
01738
02049
02051
02051
02586
02591
09898
07552
02003
01693
02501
01814
02500
01523
02970
09117
03558
01673
07113
03186
03182
10125
00929
03752
00077
00074
00074
04568
02356
02518
03215
05788
00179
00180
01912
01999
01999
01997
01998
01995
01996
01912
01673
02020
03407
03408
03412
06204
04485
00648
03723
03771
05516
02316
03086
06920
09007
09931
01754
00384
07458
00558
03529
02879
03040
02986
02948
02952
01265
00939
03076
02876
02907
02988
02881
02933
02994
02954
02931
02895
02874
02961
02904
02878
02982
02890
02965
02886
02892
06910
10979
07278
09800
00230
07285
02049
02051
00198
06883
03737
06187
03113
02356
00605
02437
00282
00283
03672
06041
03270
09774
06861
03092
05808
02806
06023
06958
08483
01893
02535
06923
01676
04562
02405
02392
02392
02386
02393
02394
02395
02398
02396
02397
02385
02556
02557
06601
06602
07154
03738
03521
03522
07141
07402
07402
03518
03519
03116
00929
07743
02926
02906
02946
02358
02355
02992
02950
03046
03043
01733
09748
02600
07742
02519
02834
03177
02956
00962
01520
07340
09131
00330
00334
00335
00336
00337
00338
00339
00340
00341
00342
00343
07078
02470
02469
00057
01599
04561
04083
08303
03856
03469
04069
05837
05515
03570
01790
00973
03273
03271
03569
03770
01923
06888
08484
03769
07403
03671
06883
03413
01999
03327
02003
07664
07642
10563
01735
03179
01975
07282
01875
00259
04754
07107
07085
01236
07798
01740
02050
02050
02049
00991
01042
02003
01338
06885
01489
06042
02188
05936
02189
02232
02227
02076
09815
09817
09816
02040
02003
09792
06013
02461
02460
02459
02457
02456
02454
02453
03698
07137
02945
00573
09129
00772
06941
00940
09141
01647
07657
07636
08481
08482
02238
06044
03585
03116
03702
08301
08289
02888
02899
03979
01698
00784
03820
07124
03088
06153
07220
03306
09928
00931
00147
00969
09710
00783
03722
07139
02400
02404
01649
01613
00053
01653
01652
01687
00099
00981
00806
02838
09903
02357
02967
06196
02523
02452
01092
11753
01438
07275
08482
03111
00655
03466
03567
01462
02044
05589
00012
02528
01409
07175
01649
00928
06925
00997
01953
09690
09691
04767
07548
07549
07550
07547
07546
07540
02237
01521
01784
02503
02503
01961
07172
02066
00666
13819
13789
07051
11473
10012
07025
05520
05520
00986
02347
13038
09951
00215
01843
11189
02414
05343
13747
13542
03548
02823
02586
02050
01087
05951
08325
02664
02793
02664
13292
12573
14058
13954
02005
00970
10012
11085
01560
03406
03406
03406
03406
03406
03406
03406
03406
03406
03406
02843
03406
03406
02004
05939
13953
02217
00721
02224
00625
01599
01599
02517
09979
08481
13380
03286
00956
00620
06075
01791
01791
01791
05794
00568
01515
09458
05337
02586
02591
07126
01916
05601
13979
03406
02040
03769
11754
08602
01934
06915
03342
13652
01958
00955
10800
01007
04720
02591
02004
02004
02004
03406
02004
02004
07543
07540
07052
07052
02004
02004
02481
02663
02663
00329
00356
03088
07545
07544
07540
01580
03738
13993
03892
10206
13821
14228
14220
14393
05919
01007
07714
03571
14229
07537
14225
14238
07045
06204
07705
14228
01983
14219
14393
14228
14230
14224
14232
14233
07114
07216
00185
08281
00666
00058
07126
03605
00024
13924
12454
09181
03394
13643
00104
04034
02008
14393
00179
14393
06518
01571
14232
14232
14219
01077
14225
14236
14226
00974
07502
14233
07045
14223
14227
14227
07003
07003
02005
06992
00290
14153
14218
14218
07075
12137
14234
14230
14228
06015
14221
14221
04517
01768
03709
03296
01768
04110
00965
00091
14155
07491
14237
14219
14225
14218
14237
14222
14237
14235
14218
14233
14228
14223
14219
14445
03406
01980
01980
03653
02304
14441
07538
07539
02533
14170
00634
01985
01985
07126
01977
01977
14234
04771
01067
14234
14219
14231
07003
08279
06857
06857
07216
02358
06415
01539
03313
04757
01802
00131
03767
01802
13599
01990
03522
05606
15035
01760
14224
01978
01470
14230
11261
00124
00124
00652
02451
08995
03409
16291
07052
14233
06133
03413
04093
03772
13993
14761
03752
07025
02588
02051
11261
01524
01739
02481
14652
07003
03324
01067
02482
00971
03892
03574
01802
07045
02482
07540
07540
00656
04108
03560
15725
09694
15383
15022
14742
00180
01533
00248
13598
01537
04034
12543
15257
15342
03215
15726
15554
15633
15635
15738
02050
15553
14415
02428
15371
03646
15726
15460
15725
15727
02032
07130
02594
15773
01091
15977
12541
12542
15986
15987
15973
07464
16147
16092
10716
03320
01715
05797
16264
11004
01154
15555
03699
16291
16173
07540
07171
02067
02067
18828
02851
02009
07012
02226
11991
17716
17716
02050
02007
16137
16881
00196
07091
11720
00184
00184
17103
17103
14080
01990
01990
01990
05601
17686
17758
17759
17828
08679
04749
01615
18139
00196
05299
17947
18138
11784
03742
11782
18285
11785
11783
03574
09017
00336
07712
01838
13060
18707
18682
16435
03427
06218
07171
09892
07171
18829
18831
01971
09690
03526
19221
19166
19119
07172
19117
01155
19118
21498
19066
19067
08678
04771
01992
01992
19302
06881
19515
19516
19710
01258
07315
19689
00547
00297
20810
20334
20534
18889
18890
20881
01023
21071
00821
21140
21405
21464
21498
07334
21563
07334
07334
10026
07062
21929
22010
22132
03547
00602
22319
22318
01563
22405
22320
00728
00590
22466