09160
02394
06204
03684
03671
06207
00662
02014
02032
02031
02033
02034
06442
03703
02913
03075
03770
01657
00161
00162
03644
03743
03294
02314
00795
03701
02013
04758
04759
03088
01144
03453
03585
02416
02415
02039
02036
02038
02037
04047
06147
02170
02169
03670
03669
02919
04066
03733
03320
03185
04754
05838
03406
03820
03789
01624
02406
06178
03466
02793
03687
02520
02483
03579
03704
02346
00117
04043
03686
03521
03522
03100
02469
03111
03701
02040
00957
03974
03969
03970
02066
02065
04485
02386
02392
02391
03281
01420
00793
06139
06138
06137
06136
02456
07058
02112
04042
01817
03071
00097
03474
00091
06045
02427
06923
03704
02114
02108
02110
02109
02111
02115
03576
00880
00111
03147
03153
03149
02429
03561
00411
00412
00413
02016
02013
02015
02945
06187
02343
02518
06158
03306
01992
01992
01990
01118
06180
03218
03089
03293
05800
00117
06193
03832
03559
02500
00135
03694
03527
01704
01703
02884
02959
03106
06006
03535
02160
01473
01474
04568
04568
02356
02557
03596
03602
01889
02887
02916
00425
00426
02339
04744
03771
02528
02939
02963
02990
03086
02316
03502
03503
03313
03313
00154
02434
02433
02435
03823
02687
03657
03630
03630
01589
01588
04080
02909
03072
03088
03088
03654
03625
02049
07391
00117
00383
02426
03781
05810
02897
01056
05836
02234
02026
02025
06153
00384
00384
00390
01626
01627
01649
01662
01647
01752
01754
00643
00764
00684
03431
00817
00615
00033
01057
00851
01126
01918
01486
01945
05297
01876
01142
01129
01887
01875
00528
00433
01885
00899
01872
00951
00997
00806
00981
00099
00677
01759
00930
00674
01439
00604
01920
00990
00432
00057
01409
00428
01061
01975
00940
00799
01933
00937
01521
01586
01951
01755
00014
00859
01953
01465
01919
00912
00275
00208
01776
00762
00655
00034
01496
01768
01012
00645
00059
01092
00654
00666
01775
01425
00116
01433
00548
00852
00864
08261
00772
08261
08261
05986
01284
01269
01256
01173
01114
00046
01458
00549
00297
01803
00863
00788
01591
01436
01876
00873
00817
00088
01142
03183
02968
03657
01153
02050
01154
03427
03805
06199
00324
00324
00325
01956
01955
03624
03797
06147
03924
03470
02879
03040
02948
02952
03076
02876
02907
02988
02881
02933
02994
02961
02904
02874
02878
02982
02890
02965
02886
02892
02926
02906
02946
02358
02992
02950
03046
03043
02935
02864
02863
02867
03610
03609
03608
02014
02340
02400
02409
02410
02389
02160
03786
03642
03635
03637
03639
03750
02996
02871
03666
02501
01733
01738
01738
01749
01736
02015
02016
02014
04079
02397
02396
02390
02077
02075
03497
03496
03501
03650
03495
03628
03575
01652
01653
02437
03568
02109
02109
02110
02108
02067
00135
03530
03274
00147
00969
01468
01458
01712
01745
00817
01461
00845
00010
01085
01775
01775
01266
01870
01465
01885
00989
01187
01783
01866
00566
01053
01053
00059
01488
00773
00145
00831
01939
01778
01443
00884
01784
01854
00003
01358
00681
00796
01495
01273
01356
01689
01937
01803
00766
01609
00627
00382
01756
01923
01952
01952
01952
01698
00600
01262
00946
00845
01173
01873
01687
01520
01173
01069
00919
00962
00459
06151
06152
02931
03555
03980
03317
04565
01719
03071
04078
04566
05595
02297
02298
02299
02300
05524
04762
01255
06158
02342
03977
03179
02517
02527
04063
00525
00526
02523
04092
01090
03529
06217
06168
01169
04046
02078
03322
02444
00111
02440
03303
03923
00128
02032
02034
02033
02035
02065
02066
00228
06889
07062
02954
05807
03631
03469
02052
03305
02014
03465
03593
05801
00117
03110
03675
03695
02564
01991
03553
02401
02421
02420
02408
02388
02387
02419
01623
03406
03409
03413
03407
03408
00575
03412
03413
02194
02193
02600
02519
02834
03177
02956
03549
03500
02483
03273
01679
02200
02200
02199
02198
02197
02195
03564
06179
06195
03885
03070
01159
03550
03551
03562
03641
03798
02412
01807
05520
02335
02035
03601
01448
03569
03570
05515
05837
01879
01878
03594
03118
03919
01883
03327
02986
02837
01673
04763
01962
03210
04564
02338
03629
02470
00820
03305
06167
03424
02341
02027
03594
01696
03284
01695
01963
02314
03116
03101
03572
03777
02014
03797
03168
04096
00609
06147
03705
05366
02836
03832
03559
03559
02393
02433
03309
00681
00839
03808
06192
02601
03073
02113
02111
02115
02112
02114
04080
04761
03387
01681
03088
03811
03406
01990
03316
03183
02888
02899
03925
03438
03587
01928
01929
03588
02563
03589
03590
03531
02535
02204
03642
03294
02493
02835
01892
02371
03676
03801
03723
03655
03704
03664
04518
06131
02621
02357
02967
02337
03525
03530
03544
03545
03215
02355
02902
04764
00648
03621
02911
02970
02556
02557
05788
04773
01711
07018
05592
00954
02313
07090
03100
03685
03595
02838
02536
02372
03217
03536
03978
06173
03092
03684
00329
00356
00266
00265
03702
04760
03592
07638
00297
06942
06966
03386
03386
07267
09712
07090
06920
07302
07223
07007
07091
07657
06861
07390
07160
07043
03565
02116
07002
07146
07267
06911
07305
07304
09903
01247
09812
07038
09013
07462
07497
06287
09014
07341
00783
09005
08994
08963
00782
09791
03543
07402
03711
08978
03446
07478
07043
06997
07127
08591
09919
00794
02221
09975
09748
09384
08973
02502
07023
03500
14980
10563
01278
07266
09769
09985
09986
09987
02895
09949
09800
09806
07263
08995
08369
09768
06891
00647
09001
08676
09458
04077
07258
07386
09823
08715
05916
09811
09973
09710
09747
09761
08311
09760
07497
07483
09857
08369
08602
09945
07336
09808
09810
03284
07402
00788
00943
00928
00568
01255
00574
00761
00970
00939
00799
01869
01895
01104
00858
01690
01581
00826
01693
01814
01523
00927
00134
00681
01271
01091
00945
00800
00681
01265
01286
00847
00720
00285
00569
01322
00833
00652
01935
01354
00433
00640
01785
01507
01338
01620
01485
01868
00759
01515
00790
01494
00014
00215
00789
00311
00692
01772
00133
00164
01802
01487
00012
01239
00948
01669
00942
00765
00013
01212
01599
00067
01790
00973
01710
00567
00658
01251
01079
00791
00053
01611
00797
00605
01915
00721
01087
00697
00286
01714
00979
01092
00058
01760
01881
01338
01358
00949
00721
00931
00036
01000
01925
01924
00075
01921
01972
00769
00052
00554
00641
00058
01934
01843
01092
01940
01802
00857
01867
00748
00655
01069
01613
09015
07742
04083
07447
08304
07042
01011
04075
03640
02622
10764
06041
07778
07001
14981
07007
03168
10229
10228
10227
10773
06980
06023
08483
06024
11189
06941
01961
08296
09688
10107
09689
09691
09690
05527
01322
01874
01890
07507
00821
07738
06958
03335
07693
07082
11927
12222
12218
02238
12340
07636
00102
03560
01462
12213
08964
08300
11749
08305
05358
06177
12217
09882
07568
03497
03601
07566
03074
03439
11175
05896
02482
03117
02417
09883
03561
11717
01625
01894
11754
07552
07552
00602
00812
11753
04752
07735
13013
12203
11738
09474
03496
12206
12204
08967
00045
07027
06988
11178
12214
03272
13483
07659
11924
03524
03643
01093
02302
09774
11719
07152
03496
01950
01595
04487
04487
02022
11720
12262
07056
11752
10254
01462
00254
02914
08178
07267
07106
00281
12972
08137
13583
17103
13482
07788
08309
08137
13292
13038
07275
07107
07233
03282
14060
13953
19633
07736
07497
00620
12373
00763
03979
07497
00788
09457
01491
06867
04755
09880
07789
12506
02014
07088
07126
00955
06287
13810
01070
13581
00121
13481
07147
13821
13599
07248
06925
14221
13940
13598
07497
13953
13829
00941
01961
14219
14219
01113
22473
22474
14230
21911
02055
14225
14225
14232
14231
14228
14228
14233
08281
07483
13771
14228
08325
07474
14229
14227
14227
14227
14227
14232
14218
14218
14218
14218
14234
14223
14347
14219
14219
14224
14234
14230
14230
14230
14230
07003
14162
14237
14237
14218
14223
14228
14236
14224
02483
14225
01977
01977
01977
01977
14235
01985
01985
01985
01985
09691
14232
14225
14234
14218
14237
14230
01524
01524
02533
14652
14233
11720
14229
14222
02014
14228
14220
14261
14226
01980
01980
01980
01980
14233
14233
03457
02083
16013
16012
22475
02428
11939
00220
08316
15034
04765
15547
15549
15633
15539
00030
15738
01082
02002
16011
07267
08679
07497
07497
07497
07497
07497
07483
07483
07497
07267
16092
15726
16090
00570
16066
07221
16264
03769
03699
02014
03321
07323
12205
02067
12209
16936
16937
13485
07091
10439
02029
02030
10440
10441
02067
02066
02065
00381
02028
17247
17218
17218
07323
04084
00102
17686
10111
17675
17675
01840
12574
04771
03366
07277
11532
21678
06221
21679
08137
16090
18588
18707
01568
07172
07171
09690
21677
07171
18928
18929
16898
15726
18138
07789
03496
03976
18979
03526
16899
00611
18996
00798
22468
03446
07062
04771
01066
19577
15856
00571
19689
00799
08744
07137
15856
20444
20532
20534
08968
21029
22044
21420
22044
01114
21600
10026
21929
21929
21929
05275
14274
22229
02257
11206
00812