16786
16787
01006
18370
01992
01992
01992
01992
01992
01992
01992
01992
01992
01992
01992
16013
16012
00141
16301
04651
04656
04653
04654
00690
02002
02001
02000
03762
02034
00382
15554
15553
07110
01637
00074
05782
13771
05916
00075
00549
00549
07127
02426
06287
03524
01589
01588
00067
03088
03117
07407
03664
09811
09812
02836
02509
01652
07006
06199
06199
01908
01952
00955
00957
06996
01666
02939
02963
02990
01858
01912
05795
09799
07223
08369
00324
00324
00325
01673
01061
10979
05596
06895
03704
02963
02954
02913
02902
02909
13639
07001
07056
01665
01874
03424
02528
01714
03466
09780
00995
03565
10007
10006
10005
10008
06168
00791
01778
03665
08223
02768
02769
02770
01356
07738
03578
04756
04761
04768
01491
00163
00645
02078
00631
05349
01966
01129
01880
01521
09930
02358
02355
02992
02950
01142
07168
01652
00648
00817
03300
03734
13979
00432
13993
00299
03088
02020
02018
06911
03439
02003
01644
00919
06200
02837
01056
02897
01953
00948
04042
01644
00116
07058
07090
03086
00886
01662
03684
01599
00231
07734
06916
01792
00806
03584
07042
09761
03686
03705
00390
00957
02045
02047
02046
02048
01584
01284
03596
07020
02968
02340
02237
09710
00969
00528
09967
09967
00140
06205
08296
02346
00466
03046
03043
10229
10228
10227
06446
00263
07090
07507
09456
11738
01247
01433
00697
01008
00123
00123
07736
00991
01770
01808
01883
03218
07160
03284
03547
01887
01586
00003
01733
00872
03628
07225
02909
02835
02493
00600
02108
02110
02109
02111
02115
02112
02114
00790
01142
09164
03977
00945
06178
06024
05896
01937
03631
00858
06442
01866
01755
01940
03402
00611
00930
00620
00145
01890
06996
03657
03426
03657
00363
00362
02575
03762
04090
10218
01912
02613
02612
02611
02610
02609
15866
00074
02618
01895
01644
00451
06001
03300
02346
14155
07093
03924
01996
01995
01998
01997
01999
03088
00705
04077
01628
03696
03088
01952
01952
00432
01354
01923
01756
01945
03654
01042
03833
04485
01869
14347
03975
06978
07735
03980
02529
04755
02529
00848
03534
08641
03710
00820
01443
01895
06975
01524
00286
01926
02492
01749
13542
01698
01845
02007
01425
05606
05838
08281
00763
06891
01776
00989
01889
03437
02887
02916
02520
03701
03702
00859
02945
02029
00052
01207
01151
02016
00604
02013
02015
02015
13788
00925
05845
05846
05847
05846
03723
03710
01028
00957
00955
07224
07243
01689
01524
07693
07778
01868
00995
06215
10805
08681
01159
03088
00384
03671
01448
03501
03217
03536
02914
03734
03550
03551
03210
03072
03074
00759
01892
01876
07478
01872
07447
07082
00014
02654
01736
00891
01735
02356
03625
02825
00609
01465
00147
03655
02902
15866
04719
03648
00946
00057
00937
03530
01704
01703
00052
00053
01653
01652
01687
15977
02434
02066
02066
02065
02935
02864
06978
00574
07058
03686
03687
04043
01338
13727
15977
07243
00036
03781
03735
03736
00481
15977
01433
00305
00788
03154
03149
01649
00928
00133
06911
06911
00574
01114
00382
01725
01697
01754
01956
01955
01591
00942
03060
13038
00789
04066
00604
03500
01265
01783
11752
00793
14652
00794
03703
06958
00134
00927
01803
03075
01595
01057
00036
00615
07101
02259
02435
09932
01972
00566
04487
03522
03521
02013
01079
02016
02072
02071
02073
01902
01903
03657
01810
02493
02283
12510
03704
03168
02341
00973
01790
15977
00941
01676
03601
03527
03466
02871
02996
03431
00820
03088
02016
00216
01252
02363
02361
06153
00765
00688
01775
06925
03789
04078
04077
03433
03432
00303
00479
03088
00574
09701
09959
00163
07399
01738
02003
02548
00694
00973
00012
01761
05592
12410
11533
00997
03564
13288
06915
07124
15371
07107
10536
00449
00448
01857
09858
03088
10805
00873
00266
01695
01696
01609
01657
01821
02500
02501
01693
00800
06949
02529
03335
03338
03337
03336
03335
07241
02034
02016
01915
01628
00111
00215
14260
07044
00012
01494
07124
03744
00019
03116
06207
02063
02064
03088
07552
14347
00275
01647
00831
06901
01661
00252
03704
03639
00773
00077
01576
01929
01921
00330
00331
00332
00333
00337
00338
00339
00340
00341
00342
00343
09957
06188
04096
06605
00140
03070
00943
01251
00252
02529
01673
03575
07157
02066
02066
01620
06959
00014
00156
00024
03070
02437
04047
01721
06886
03098
07090
10773
01895
03624
09125
06888
07001
01007
03088
01626
01358
02015
02013
02016
02016
02015
02013
11068
00375
00600
07175
09014
09015
09013
11717
06443
00817
00648
01652
01681
03924
01772
01673
01809
00975
00563
00796
06966
06966
03710
11081
11084
11083
11082
00318
03381
03464
05549
05550
05784
01028
01055
03734
03652
07402
01669
01647
00847
00782
01707
01706
06187
09747
00574
02343
00266
04567
02553
07282
04564
01126
01911
03306
00978
01790
01845
01661
02551
03183
03799
09767
06886
11103
01256
01808
00322
03545
01358
01358
03544
03752
01873
11754
06153
00940
02888
02899
03979
00931
06720
00836
06718
00954
02029
07040
03685
00817
00013
00767
03517
01012
01935
00833
06044
01236
01754
02337
06180
03101
02346
01870
02221
03975
00457
00014
06173
02879
03040
02986
02948
02952
02919
02518
08972
07560
02379
05813
01265
03076
02876
02907
02988
02881
02933
02994
15342
06916
07118
00154
04567
03525
01579
01918
00950
01633
00796
01495
03798
00760
04075
07259
01477
08999
00281
01638
01430
01429
01428
03188
03189
03190
03885
07107
03583
03582
03581
04079
00761
03782
03147
01875
02913
03073
03118
02867
02863
04090
01969
01644
11175
00602
07090
03710
15551
03119
07088
02911
00528
01512
03529
03110
03320
04751
00990
03106
02601
02959
06960
02860
00554
02884
03100
03470
07460
07391
04096
03733
02967
02357
09903
02838
00981
06941
00099
02013
02015
02016
01265
02232
09772
06997
05810
03531
03589
01924
02563
03588
01925
01000
01928
03587
03438
03925
00297
01626
00655
00766
02276
01744
02954
02931
02895
02874
03088
06911
00299
06975
02961
02904
02878
02982
02890
02965
02886
02892
02926
02361
10764
02016
00528
02015
02015
02013
09793
01939
01624
03975
03975
00762
00262
02069
02313
02338
03629
02470
02469
06975
02016
01462
06048
05571
05569
05567
01714
08368
13525
01613
03750
03523
01951
14161
01462
09131
03216
01754
01491
00641
01740
03594
02192
01142
01867
07058
05936
05895
06042
02229
02230
07113
03820
02003
06876
06942
13529
09760
01448
07146
01939
03637
14267
08987
03466
00817
07107
00384
03821
05520
00596
02003
04047
03786
06929
01647
01647
00362
00363
11103
03282
03313
00963
03750
03790
09807
01007
00116
02224
03921
02302
09861
01881
09748
02600
07742
02519
02834
11753
02956
00962
00259
00215
09927
01007
02275
01953
00865
00768
02233
00826
00605
01255
00658
07071
03801
03644
01915
00982
01915
00606
07164
00817
02227
05995
02906
02946
00239
00240
03319
01953
03088
14166
03281
00823
01438
03762
07667
07646
01548
01547
01546
07006
03088
01246
03695
07224
07243
03327
03320
01915
03787
01007
02160
01961
00077
02503
14393
01273
02478
01464
15372
00140
13993
04077
00240
00239
00242
00761
02013
00382
00864
00111
03724
03322
01720
01647
07552
00031
09165
00074
00868
03320
01687
00849
00965
01640
03466
01950
03921
02039
02036
02038
02037
02040
00481
00675
00426
00425
06980
01933
00764
07461
00459
03449
11939
01007
11741
11741
18687
07002
15983
01897
01897
15981
15982
15983
19221
14761
07304
07120
12583
00805
05522
00652
01424
00059
14470
03294
00626
05815
05814
05816
00939
00666
01692
00666
06147
06147
00626
00059
07028
01507
00088
00033
01692
00038
01992
00059
00626
00389
07214
10531
02428
09009
08256
02035
03768
07054
07030
14941
01885
00058
02067
02067
02067
02067
13671
02025
01104
00016
07161
13640
03743
03090
04518
14952
01854
14136
13687
12428
12437
11263
00666
01907
03405
10563
06976
13787
13671
00845
13668
02342
03889
03890
03891
03316
01480
00135
01560
03294
03325
14949
03574
03153
08167
00851
03299
06994
07034
06994
00626
02480
09762
00616
02433
08178
01692
09705
02274
01962
01963
04093
10563
01082
02228
03333
02033
02035
03333
07032
14335
11385
11385
11387
13686
02348
03404
03177
03709
01113
00856
08167
01259
01104
03932
00241
14340
02351
07245
01470
00598
01796
00135
03469
07669
07653
08372
01934
03386
01692
01560
01113
12503
00867
11072
11069
14339
04488
03333
07114
11610
11611
03647
11212
12234
13693
00666
01439
00674
11779
15525
00294
00626
01692
09684
01692
01692
07009
06177
00666
13671
06877
02049
01724
00027
01784
02566
07048
15526
00548
15986
01679
01523
07442
13527
02446
13570
13571
13573
03574
08372
14743
01409
01885
04517
00088
03316
00088
01847
01847
07588
06910
03333
00033
01664
05570
05568
05565
03929
14162
13280
07258
03718
03727
00595
13540
00721
02004
07304
00567
01243
03635
10843
01692
07729
02067
02067
00852
02004
13787
00508
01006
01571
01426
02049
02050
00666
14733
01104
00241
01489
00758
01488
03783
05522
01958
00567
03307
04477
01835
02067
00626
04091
15520
01011
02619
01823
00059
01488
00135
04652
06282
06281
04655
04091
02035
01322
04091
11263
01011
07054
03593
02025
01455
01796
01692
05602
02510
00276
02033
09118
07177
01082
01692
04073
15982
13953
03333
06994
07025
11159
00666
01619
01478
03929
00124
00854
03929
02075
02074
02077
05595
01616
07393
00380
04763
01515
01719
00058
00121
02049
02050
01488
00059
00059
01424
02342
07114
06610
15521
07768
07776
01784
00232
00666
00135
00276
07250
09684
07161
07503
00626
00700
02428
00274
09146
01580
13953
01113
00970
06346
00058
00076
00153
07182
06196
02004
00219
01426
00004
07654
07670
03294
07067
02067
02067
02067
02067
01496
01092
00059
05337
00666
01814
01692
00626
00626
00135
03649
09764
01817
00010
00010
00508
06147
00276
07077
03316
01478
01104
05794
00619
11189
00882
03436
08483
03386
03709
03087
07052
03386
11609
00121
00666
15781
03711
02549
00121
01692
01965
00666
05917
01607
00135
02074
02077
07098
03294
04091
01011
07032
02017
00626
01782
06994
07386
06860
01596
02004
01692
11608
10533
00059
02035
02033
01092
03499
03499
07305
00059
03929
02238
07161
01941
00045
00854
16147
16148
16301
16301
16149
16150
00130
00130
18955
18958
16048
10716
03284
05898
16047
16049
01822
14232
10716
14232
14235
18955
06221
01840
17067
14698
03380
02067
02067
15761
01834
15762
15764
15763
15760
01977
01977
01977
15866
00392
02062
16370
14218
11735
10831
15552
11071
08225
16264
03321
07012
16653
02075
16645
12950
05350
16783
05825
02066
02066
02066
02066
01985
01985
01985
13419
14699
11386
12949
11608
13572
01426
02067
02067
00042
02067
02484
02034
02031
02032
16784
14955
16652
16647
00537
02066
02066
16650
16650
16649
02851
16648
02075
02030
02030
02030
11991
16840
14224
14219
02006
16785
16839
00355
01426
00966
00151
00265
00265
00265
00951
03417
08316
16870
14223
14228
02008
16841
02009
00008
14220
14228
14228
14231
14221
14232
14225
14218
14228
05898
14230
05825
15555
00480
02028
14222
14222
03366
03457
03457
03457
15581
14218
14233
14234
14228
14230
14236
14238
01992
19311
01990
01990
01990
17103
01897
01897
01897
01897
02028
14227
01980
01980
01980
17228
15580
15582
14225
02067
02067
10112
03671
10112
01990
01990
01990
01990
01990
01990
01990
01990
01990
01990
01990
01990
01990
14234
10112
14225
14225
14234
01739
01533
17686
04757
14233
14233
14226
14219
14237
14237
14230
14224
00344
12574
14223
14219
14237
02026
00483
03767
06921
17835
07684
00529
14337
00020
14229
00128
00128
14219
02027
01187
02027
14229
14237
14233
00254
01487
08221
10531
14727
02031
02032
02031
02032
02031
02032
00956
02614
17883
01485
03366
07045
07045
06147
00101
07045
07068
07068
00249
07222
07222
00091
00104
00104
00493
15981
18371
09709
18224
21685
21688
03602
04780
00655
14393
06994
15983
00128
07068
01897
00666
10536
00666
14743
09747
03687
00380
00216
00059
00666
00854
00666
01689
01790
00508
03088
03704
14340
15525
13693
08289
01426
03088
03975
02069
03709
03709
03709
00528
00121
00528
03885
04756
00819
01358
07483
18287
19302
02554
18372
18372
18382
18223
18225
18226
18369
03742
18481
18481
18481
18481
18481
18481
18481
18481
18481
18481
18455
18472
00681
01992
03574
18688
08744
18701
12429
18688
18688
02493
01990
01992
18913
21672
21672
01777
01214
16431
05342
18917
18955
07171
18955
18851
18851
18851
18851
18851
10747
06147
06147
18929
01971
18928
04565
05792
03111
03496
03496
03496
03497
03496
03496
00335
03761
07483
07483
07483
02113
02109
03976
00336
01436
03822
02483
09951
01820
03526
06609
16238
19159
19131
19136
19190
00798
19158
19132
01710
01710
00571
22468
14519
01621
00135
03885
19265
01066
01066
01066
12349
19302
19302
03722
01990
01990
07496
07497
07497
07497
07497
19431
12952
19267
01267
07068
19302
01066
01785
06867
01822
07155
02476
19577
00626
22551
19710
01457
07119
15777
13775
09681
15510
01431
05770
12132
12132
12132
20074
20074
17067
20807
00507
00525
20470
00526
06994
20468
20469
22553
21071
07100
20814
00529
00632
00632
00529
21034
01768
01768
01768
21140
21014
13877
08968
21119
00821
21147
00632
00249
07465
02314
00558
03546
18955
00560
00287
03465
11089
03553
02316
01520
06217
06191
00526
20938
22468
07005
07027
03636
21148
00249
03636
00249
05375
05375
02335
03651
03293
21397
00146
21480
03651
21473
05364
21471
21401
21481
21691
10914
21687
21600
21685
07062
10914
21495
21744
21686
00344
21832
21886
21929
21887
21962
21961
00936
22010
22044
22044
00302
00304
22081
22082
22107
22083
01816
05275
03595
22108
03892
00467
16048
17758
17759
22278
22297
22303
22297
02226
22306
22336
02257
22311
22343
01563
22342
22342
22298
01551
22344
11206
22343
00728
22468
22463
07566
08300
08301
22476