03530
02026
03118
02025
08483
03556
03671
07697
00973
03455
02025
00766
02057
06297
07696
00974
02862
06415
07260
00951
03929
17236
17235
01409
03789
06925
10979
06131
01711
02377
00963
01971
00065
02520
02026
06314
02529
01190
00823
11748
06300
06301
06302
06303
06305
06299
06307
06308
06329
02529
01485
15975
15977
00491
03409
07674
02016
21613
02824
13292
03816
01191
06153
09798
02303
03499
01625
06384
01200
01491
04564
06296
13280
03887
06950
06425
06310
06310
06311
06311
06312
06312
06313
03888
06351
00024
13993
14048
07979
01126
03406
03657
06917
01008
07089
00111
00864
07180
03216
00831
01915
03856
03527
07669
01868
00651
03284
00847
07258
06215
08681
01875
06182
02557
02556
01724
00797
01480
01730
01887
03048
01937
01624
00790
03628
03169
01588
01589
01756
01923
01952
01952
01952
00764
01933
11175
00602
01945
06999
02025
01754
03595
03584
01878
01879
09768
02316
03086
06967
04487
03151
06207
07175
00077
01251
03925
03438
08724
08384
01928
01929
01000
01925
03588
02563
00075
01206
12308
00549
03406
01425
00133
03315
08884
02018
02020
01007
03657
00801
00426
00425
09792
02025
00135
02016
02013
02015
02015
07078
01834
01308
02909
02343
09747
06187
06317
10112
06023
06019
02502
00765
00013
01693
02501
01814
02500
11755
04486
00384
06889
07220
03306
03284
00172
00169
01206
10974
09703
02003
00790
03589
03590
03531
06383
03091
03091
05810
06997
09772
02221
04074
01870
03101
06180
02825
00609
01465
01956
01955
01591
00762
07718
01226
03486
06295
01476
07727
02026
02025
07071
11210
07025
03088
01358
07104
07088
03823
06956
02233
02231
00768
02013
02015
02016
02227
03800
07038
06167
02045
01810
09913
00615
09962
00852
07718
02025
02026
06180
08989
07456
01890
01889
01666
01255
00052
01649
00053
01653
01652
02887
02916
02520
03439
07139
01809
03654
01611
01755
01940
00611
00930
00620
00145
02836
03070
05808
03704
02422
06603
02407
02406
03563
02397
02396
02398
00789
05946
02372
02392
02392
03569
06283
06386
00790
02114
02112
02115
02111
02113
02109
02110
02108
00761
00600
01808
07566
06387
05837
02493
02835
06942
01823
06131
03639
03752
05820
01886
05349
02529
00432
03688
01719
03781
06949
03781
06518
01679
00426
00425
01486
07148
01738
07093
03116
03118
01206
01206
03924
01433
01151
02278
12511
12510
02283
02015
02015
02016
09779
02034
00432
09955
07025
02647
00865
07704
01875
01235
03095
06959
01775
02002
02548
07006
06153
04077
04078
03118
03116
03637
06158
01686
01222
00826
06941
01867
00027
03933
03406
06153
02051
01687
01091
12410
00849
08483
02897
01815
01126
01804
00853
00096
01012
02829
02828
02826
06895
02575
00372
05786
06949
02956
11753
03177
02834
02519
07742
02600
09748
03763
01881
00099
00981
00806
02838
09903
02357
02967
09749
02405
03411
03410
03408
03407
03412
04562
02404
02400
02401
02421
02420
02419
02418
03413
02417
02416
02415
02385
02390
02389
02413
02412
09014
04488
11717
09015
09013
04047
00899
08963
09786
07727
00262
03312
01142
03088
02016
06378
06397
02000
06402
06409
02313
02338
03629
02470
02469
00943
09770
02341
06889
12308
01224
07007
00997
03575
04564
02003
03100
09976
01495
01681
01921
00984
03088
09704
03091
01060
02050
06405
06406
06407
03924
07015
00657
07313
09936
09936
02529
02034
02033
02035
01714
02003
10974
02411
02410
02409
02408
02388
02387
03667
01419
04094
03168
04096
01902
01903
07391
03826
07460
04061
03470
03100
02884
00554
02860
06960
02959
03106
09787
11068
03110
02015
02015
02003
02049
02051
09928
00874
01625
02768
02769
02770
02446
09773
07056
06284
06885
03424
05985
02528
06436
00919
09685
06412
04042
00948
01056
03723
04769
03328
02499
07571
06382
08884
04075
00760
03798
03517
00278
00767
03525
04083
01738
01665
01658
02619
00796
01633
00950
03624
04567
00088
01092
02025
02026
05593
01845
03564
06911
03885
03924
01951
06901
00648
00014
07574
00969
09710
00243
01869
02239
02237
01493
02238
03088
02340
02968
06012
06385
03596
00619
03705
03687
04043
03686
02687
09761
06969
03547
03546
02970
09117
07403
06438
06217
07037
07042
01489
00847
02026
01118
00375
07217
03088
07183
00362
00363
07077
01868
00641
02954
09815
09816
09817
02909
07552
03529
03685
09458
02078
00059
00645
00648
03621
02911
07040
07177
00954
01807
06994
01081
02048
02046
02529
02503
01961
06395
13890
00805
00949
06285
07114
11754
02047
07005
02057
01491
01126
00058
05520
05520
06423
01104
01104
06183
02414
11085
13282
13281
01897
03316
01119
09766
03340
02575
07192
13789
13542
01534
13531
07341
07718
02025
02026
03648
02526
03969
06872
03707
00878
00788
03315
00757
03088
00370
00371
00373
00374
07071
00819
01476
05813
05815
05814
02529
00852
06726
10441
10440
10439
02232
02003
01628
02529
03088
06295
00059
03118
06152
06151
03088
02042
02042
02041
02044
00140
03338
03335
03336
00059
01821
10541
10542
10540
08289
01714
00381
00380
01512
05846
05845
05846
00525
04518
07718
07098
03816
02275
02274
02276
08976
07090
07240
07240
01159
03550
03551
06381
07568
00773
03210
07462
00759
07560
01892
01876
03657
07478
04068
00566
04487
01872
07447
07082
08303
08303
03406
00700
00703
03969
03750
03753
07118
06434
07156
09955
00860
03638
00763
06416
09769
03565
03553
00995
09767
00059
01685
00041
01812
03466
12574
01714
00928
06411
06410
01520
00962
00859
10563
02335
02039
02036
02038
02037
02040
07658
07636
01676
00031
01647
07113
07107
00873
01962
01963
02337
06334
06333
01126
01744
01752
01752
03704
02071
02072
02073
01258
07406
02035
02033
02034
02031
02032
03406
07406
00259
03088
10439
07718
10548
10547
00845
03179
03186
00940
00575
01736
01735
06208
01657
00766
01609
01817
01696
01695
00817
01734
03524
00606
01918
01579
03722
01926
00074
00925
01893
02086
03088
00299
02034
02033
02035
07025
06978
01740
08094
10439
10440
10441
10439
07718
02854
02431
00848
01628
01818
01206
02026
02025
03657
01649
07148
03698
06213
09702
03088
01424
02529
02564
01443
02026
02025
02529
03657
03088
01788
07088
00059
11105
04047
10026
01737
06920
02078
01091
08964
08965
00286
00147
00931
08969
01703
01704
01448
01448
10773
02622
02621
03933
06180
06969
06975
06153
09702
05349
12308
00845
06201
00782
00848
09992
12308
00075
03556
01866
02167
02003
07693
07778
00845
06958
09762
09807
11071
11070
11069
01358
05311
00134
00927
01803
01689
01736
02016
02015
01235
03427
03088
07053
02035
02033
02034
03716
02025
02026
03308
02025
02026
12111
04079
02564
00563
01192
07002
02035
02474
05916
12267
02598
00656
04069
01207
02076
08998
01874
09817
09816
06196
07001
03786
11707
11708
11709
01428
07552
00375
03790
07025
09990
05375
04780
02361
00216
09763
07816
05337
02346
01649
06973
11065
01154
01153
03458
05349
09704
07813
00033
00891
00800
02529
01243
04766
01895
03693
02986
03282
00285
07238
02016
00116
01443
01714
02026
02025
01779
07043
06878
00375
00016
02050
02049
02051
07032
07718
07025
00657
03424
07119
03088
02048
02046
02047
07118
01790
01443
02564
04758
01881
00975
00975
00688
06298
00989
01953
01887
03827
07090
02598
03182
01673
01299
02051
02049
02050
03555
03572
00791
03666
06413
03665
03713
01915
02529
03449
03781
01207
03924
07240
05833
05832
01989
07146
00658
00164
07095
10188
01684
01625
02784
07048
03475
02822
03088
05349
03734
03885
02033
02035
03478
00294
01546
01547
01548
07646
00876
02033
07107
10255
07778
07693
03455
07240
07240
07282
08981
09167
02026
02356
00928
06390
06391
06392
06393
06394
06396
02160
03625
03601
03602
01662
06442
03402
03631
06399
07699
00382
03724
01201
01874
02011
02012
03430
05306
06889
00059
06966
03522
03521
03075
12573
03664
02011
02012
11927
01834
06937
02025
02026
02013
02015
02015
02016
07300
10843
07053
01778
09777
00942
03060
13038
04066
01462
00604
03500
06941
06949
01783
02902
07030
03655
06901
09957
02346
03893
02913
02016
02015
02015
02013
07718
05349
01687
07322
00077
01892
03781
03088
02437
00605
00282
00283
00675
06994
03337
00010
01776
05349
02003
00166
00167
09699
03801
01515
06384
03711
04763
03783
07258
02371
01601
00615
00615
01247
09992
00059
02015
02015
01304
07160
05592
03327
00850
05820
03704
08602
01772
01599
07444
01776
07137
07507
02443
00299
00526
00525
01448
03088
00274
03116
03545
01358
03544
04076
01338
03978
01611
02492
02497
01749
01698
01845
06180
06417
01873
01924
06287
03630
03569
03570
03571
03610
03609
06401
08301
02888
07584
02899
03979
06209
00003
01733
00872
00826
01356
07025
08967
00548
00784
10563
01151
06968
00161
00162
00627
00382
00560
00287
00266
03169
07025
05995
02777
03407
03579
01885
03466
01118
00384
12962
03490
02011
02012
06167
07738
08309
03088
02026
02025
02026
05349
02443
02025
02035
02033
01295
03088
06377
02003
06379
03091
06403
06404
06408
01586
03768
12500
11752
00793
00794
05896
06024
06373
06374
06178
07399
07775
07651
00945
00655
02945
03977
08591
00057
06398
03530
01714
01206
00231
00857
05571
05570
05569
05568
05567
01193
07089
01921
01206
00639
03701
01569
06994
00805
07777
01421
02823
00805
03478
01534
09190
02827
01470
09124
01992
07025
13653
03885
13730
01198
02027
08966
02342
01206
07017
07017
01990
02363
05349
12308
07718
00948
09457
04072
00077
06328
01791
02005
02171
02013
01462
03088
00009
01126
06193
01975
07443
01129
00981
07148
07778
07693
07718
00662
01613
00375
01939
07124
04486
07098
00662
00240
00239
00241
03498
03703
03671
11144
03346
03885
03885
00059
02073
08600
03811
06915
00783
03595
07652
07668
02003
01939
02314
02939
02072
02071
02259
09793
07152
01867
06886
00858
03644
03437
03499
02837
00036
11618
11617
02033
02035
02963
03111
02990
03497
03496
03497
03501
03495
03650
06346
03217
03536
02914
00033
11476
03299
00851
09825
07507
02434
02433
02435
03088
06911
03090
00575
00425
00854
01805
00384
01740
12308
07718
01811
08369
01265
11473
09001
02026
02025
07106
00756
03784
01839
01619
03469
10674
06720
00836
06718
06131
07032
00820
03431
03088
01595
06349
06294
03593
01448
00390
02996
02871
06173
02879
03040
02952
02919
02518
01265
00939
03076
02876
02907
02988
02881
02933
02994
02954
02931
02895
02874
02961
02904
02878
02982
02890
02965
02886
02892
02926
02906
02946
02358
02355
02992
02950
07590
03046
03043
02935
02864
02867
02601
03073
02913
03091
06962
03218
11145
01883
00640
09698
01770
00991
07067
04485
03696
03708
00874
01042
01465
08223
01972
03657
07094
00067
01710
01790
00973
09690
00963
08303
03701
03702
02556
02557
03797
09811
09812
06147
07729
02277
20074
02103
01994
13979
06332
13853
06867
01191
01191
01191
02051
04517
01174
00958
04091
02026
02025
01426
08093
01813
01443
07025
01273
01934
10778
10240
01916
01487
06994
03088
09825
14224
14224
14224
14224
14228
08222
02004
02004
02004
02004
02004
07074
13955
02529
03480
03480
12574
00318
07079
00845
00020
03483
11535
03886
08303
03179
13683
13889
07228
07228
13963
02116
06425
04750
06409
06426
13891
07720
07057
08884
13653
02031
02897
01190
01784
01209
02027
02027
07407
13292
08978
00941
07516
14230
03293
02027
04750
01784
14219
01183
03296
01990
13300
06147
00752
07052
02056
14234
03429
00965
03574
14155
07723
00284
14229
14229
14229
14229
03077
02027
02027
02027
01812
02027
02027
02027
02027
14234
14234
02027
02027
17320
06147
01449
01990
01983
02027
14228
07011
14228
14228
14219
14219
01449
10240
14225
14225
08217
04749
00215
00318
00058
03088
06168
02490
02026
02025
02026
02025
13735
07335
07335
02025
02026
02851
11184
03649
06976
13626
00632
03484
01759
00104
13530
07114
02034
02283
01206
01181
00121
00121
11710
01990
09145
01181
01011
01011
01297
07718
01255
03641
11632
07533
03088
06911
00817
00111
01649
02027
02027
02027
05847
02027
01187
02029
02029
07407
02029
02013
14225
14225
14225
02027
02010
02010
14223
14223
13770
07219
11629
11631
11630
01271
14338
03406
07476
01992
10190
14233
03703
03574
14233
14233
10119
10118
03088
03574
05565
02057
01928
14236
14230
07718
01449
02025
03588
02027
02025
07642
11622
01977
01977
01977
01977
01977
09458
01181
00128
01977
01977
01977
14218
14218
14218
01990
09935
01181
14220
14220
14220
14220
02013
14237
14237
14237
14237
02001
01193
07718
14226
05989
03741
06284
01183
10189
08217
01209
14230
14230
14230
01436
14228
14228
14228
14228
10907
07720
07642
14393
00868
05815
05813
02030
14222
10040
14155
02025
11189
02026
02529
08221
14233
01980
01980
01980
01980
01980
01980
01980
01980
05937
01759
02004
08483
02803
02804
07245
14237
02304
01259
03215
02057
12373
03088
03088
03969
01838
14236
01985
01985
01985
01985
01985
01985
01985
01985
13628
08982
03892
06380
07052
06979
14219
14219
14219
00459
01181
05346
14218
10039
01449
01990
02484
02483
07222
01200
00483
02351
06147
06350
01090
09704
10118
02058
01990
07683
00020
01990
03449
01992
01990
00426
01838
01713
03768
03648
01728
02028
01046
01992
06381
01183
01992
07069
01739
14227
14227
06147
06147
10206
09973
07718
10200
08153
02821
02798
01421
02529
11622
02026
07182
02056
06019
02529
08316
15035
07404
01190
01760
01978
02809
02810
14231
14231
14221
14221
14221
01990
10206
14232
14232
14232
01051
01728
01990
04750
02057
11072
19689
03292
06147
03436
02529
07770
00537
06133
14233
14233
14226
14235
01176
02854
01537
07404
06370
10119
02030
02028
03817
14234
12960
01560
02004
03790
02025
01226
07720
02025
06948
05799
14540
11749
10851
14652
01209
02799
02800
05989
07118
16013
16012
16012
03297
16013
03086
03088
03088
03088
03088
02026
02026
02026
07718
02026
03624
00691
11626
06147
01818
02538
06147
08168
00001
03215
02854
15586
15585
00568
07720
07720
07720
07720
07720
07720
07720
07720
07720
07720
07720
07720
07720
07720
07720
07720
07720
07720
07720
00564
04750
03293
01051
07705
07491
03611
02027
18581
03324
01227
01101
15583
07718
02031
10823
02026
07720
07720
02027
07533
06147
06147
01992
01286
07496
06147
06147
10947
03574
02529
10118
01426
01834
10202
10823
15584
15771
01252
15554
15554
15532
15633
00008
07691
00362
00363
02026
02025
06147
04757
09992
01183
02034
15553
15555
15553
03929
03704
07692
15738
02428
06371
10824
15554
15553
15554
18925
15582
02032
02032
15580
15581
00971
13052
10242
15532
15532
00897
01990
01992
02529
10041
07213
10241
10242
15632
01835
15587
02032
01835
15770
15976
01198
01209
01198
01209
15923
15924
15986
07260
03320
18926
00594
15975
15921
15973
15975
10040
16137
07491
02424
10716
16044
16053
16213
16216
16511
11733
16188
04759
03299
00882
16169
16264
03321
11960
02026
15772
11961
10241
02031
02031
16785
16787
16786
17234
02026
09815
16785
10118
10117
16787
16786
16787
06320
06297
09681
10117
16786
10118
10119
02034
02031
02032
15555
16785
10118
10117
02025
05814
05816
02034
02031
02032
16785
11959
11962
10201
10118
10119
10119
10117
10118
10117
10118
10119
10117
10118
10117
10119
02025
11963
02026
02027
02025
18817
10117
10119
10117
10117
10119
16937
11636
11636
11636
00873
16785
16786
16787
02768
02769
02770
11635
11635
11635
16137
11991
16923
16937
06113
16785
16786
16787
16786
16787
16925
15923
02226
16137
16937
16899
16898
16937
16960
16959
16958
16957
10439
17319
17320
17318
17319
17320
17103
17319
02029
02030
02029
02030
17319
17319
17319
17319
17319
17319
17319
17319
17319
17319
17319
17319
17319
17319
17319
17319
17319
17319
17319
17319
17318
17318
17318
17318
17318
17318
17318
17318
17318
17318
17318
17318
17318
17318
17318
17318
17318
17318
17318
17318
17319
01992
17320
17320
01990
01990
01990
17319
17320
17318
17318
17318
17320
17320
02028
02028
17318
17319
15024
17320
17320
17320
17320
17320
17320
17320
17320
17320
17320
17320
17320
17320
17320
17320
17320
17320
17320
17320
17320
17320
17320
17320
17320
17320
17320
17318
17319
17320
17318
17319
17320
07260
10947
17472
01992
01992
01992
01992
01992
01992
01992
01992
01992
01992
01992
01992
01992
01992
01992
10112
10112
05592
15923
10907
01990
01990
01990
01990
01990
01990
01990
01990
01990
01990
01990
01990
01990
01990
05601
17686
15554
02026
05814
17828
00254
00209
01190
17733
17838
07145
14259
09022
18104
13010
18220
00004
17882
00561
02172
00663
07145
21472
06880
18231
18235
18234
11785
21113
07046
18285
18346
11783
11784
03742
02010
18581
18581
18581
05521
18554
17318
17318
17319
17319
17319
17319
17319
17319
17319
17319
17319
17319
17319
17319
17319
17318
17318
17318
17318
17318
17318
17318
17318
17320
17320
17320
17320
17320
10119
18707
18672
01212
17319
17319
17319
17319
17318
17318
03332
12555
18682
18785
18785
18924
18925
18907
07171
05342
01262
06147
20885
20885
01971
10747
09693
18924
18967
03790
03790
03790
03790
03790
18929
18928
01872
07029
03429
03526
18981
18979
07816
03429
00798
01785
01992
19265
01785
19267
19271
01218
01567
01990
01992
01992
01992
01990
01990
01990
01990
01990
01992
00638
19405
19302
19411
19350
19302
18567
06881
19577
00887
22278
08164
08164
08164
08164
19707
19689
19689
19689
07315
01258
21755
00547
00297
15777
19285
19955
21636
18889
12132
20116
20117
20118
20116
20117
20118
20461
20460
20444
20459
20461
20459
20460
20487
20488
03332
20488
18890
18890
06147
20534
18889
01179
22103
01179
01208
20885
01208
08968
21064
00821
21142
07258
21298
00435
02031
21464
21471
21468
22044
21567
21567
21515
21701
21567
21600
01176
21701
21701
21701
21701
21929
11923
21929
21959
21960
22043
21959
21903
21993
22024
03892
22136
01463
22135
00754
22129
22132
03547
18581
22230
22187
03079
22278
22278
01585
17758
17759
02257
22396
13566
18672
22441