10563
10563
09761
09160
01419
00595
01118
00626
01903
01902
00242
00240
05595
09811
09962
02426
01889
02409
10773
07032
01090
03674
02200
02197
02196
03801
02501
06134
00858
03723
07568
02931
14682
07001
04047
02415
02189
03088
07167
07458
06991
02016
02192
03525
02650
03823
02406
03561
03559
03832
07052
03536
00939
02970
05297
05844
03306
05561
05559
01674
00425
02481
04561
07322
03657
02040
02037
08311
03215
02038
02039
03184
06203
07636
07657
03455
00760
07743
07226
00363
07157
03636
03589
03586
03925
07460
03600
08084
02655
02672
03774
02899
02888
01095
03625
02665
02909
02437
07000
03557
08481
06195
02919
02907
02881
02994
02895
02961
02904
02965
02892
02946
02935
03073
01118
00891
03470
01591
06181
02653
06179
02012
06178
02658
02657
04077
02659
02660
06596
02487
06597
06598
03412
05801
15864
03550
01159
06180
09903
09861
09921
09860
09158
03784
00432
09798
09930
12297
08084
05952
09920
09888
02204
02453
06886
06718
02348
02062
07794
06204
02990
02963
01420
02494
03608
07390
02959
02860
02884
03597
03803
03584
05589
06985
03807
07184
07040
02911
02078
03565
01784
00407
03704
02518
03749
03558
06199
07237
07236
01126
03559
01104
01991
02075
03790
01826
01091
03220
03221
04053
03227
04058
01092
02568
01387
02000
01659
01720
00860
02481
00057
00813
06160
02460
00053
03527
01870
00946
01599
01735
01714
01626
01525
00097
01783
01091
01866
00145
01845
00950
00606
01918
01810
00950
01633
00989
00762
00286
00641
03439
01251
01716
00797
01919
05936
01525
00681
00826
01754
00864
01443
00820
03672
00851
07091
03406
05367
01993
06966
07795
00322
07124
04079
06972
02553
06190
07053
08300
01091
04773
03621
07082
06169
03544
03770
06992
09862
09017
02017
03594
02459
02458
02457
02456
02455
02454
09013
08483
01951
03424
07023
02002
02001
02000
03687
03575
04043
03685
08484
00297
00167
03076
04054
02420
02418
02417
02415
02414
02413
02411
02408
01573
03563
02548
03752
03635
03743
06142
03704
03745
02650
07323
02067
09773
02619
00783
09007
08963
08974
09792
02400
02557
09004
08984
01695
09774
02167
02168
03270
05808
02806
03571
06899
03643
01150
01484
06447
02564
02169
02170
03666
06925
03970
03769
02656
03210
02389
02388
02387
03187
03192
01951
01512
06904
04764
02916
02441
04078
07113
07443
00567
03892
03704
02386
02398
02399
06149
02422
00782
06603
03827
07313
00901
07287
03567
03640
03646
07107
05788
01724
05527
07141
07043
04056
03225
03227
03223
07304
09001
06075
03684
02968
07338
00241
09977
03795
08307
06287
02451
08722
01712
01745
00925
00940
00640
00773
00275
01868
01256
01759
00134
01972
00382
00658
00164
01647
01881
01895
01845
00963
01923
01714
01876
00764
01875
01784
00088
00616
00945
00800
00831
01433
01940
00428
01465
00023
01895
01776
01649
01626
00548
01867
00928
01872
00748
01738
00677
00099
00806
01265
00990
01439
07023
02346
00859
00817
00765
00790
01869
01935
00652
01012
01939
00791
00912
00979
01613
00075
00926
00611
01478
00969
01687
00560
01142
01662
01924
01925
01000
01649
01753
01619
01839
05306
00854
01714
00031
01265
01778
00605
01752
05986
02890
00575
01627
01689
00991
01770
00573
01494
00835
01933
01975
00767
00077
01873
01255
00673
00673
01246
01356
01885
01734
01007
00645
00059
00943
01886
01358
01338
01952
00791
01893
01637
01756
00566
00031
00384
00616
01358
01953
01953
01710
00973
01790
00067
01736
00052
00133
00116
01468
01817
01479
00575
09786
09812
00253
00287
02835
09014
01963
02887
03521
09915
01698
03546
03547
05994
01187
03530
06920
08591
09918
09919
09912
01620
00426
00794
03602
02015
02015
02016
02361
09748
00014
00074
08973
01665
02338
07462
03789
01061
01585
03574
01698
00937
00154
03978
03673
03630
07712
07708
06207
02843
03606
04046
00008
07003
03424
03977
06941
04487
03074
03072
02397
02396
02395
02394
02393
02392
02391
02390
02012
02011
01989
05832
05833
03190
03188
03189
02520
07080
07003
01505
00219
03744
00059
08218
03545
00111
02824
03406
01992
00012
00575
03415
03529
00496
06024
05896
01867
00239
00020
00632
00266
00265
02666
02664
02663
02662
05366
04066
03667
06969
03651
01515
02527
02160
05540
01945
02483
06148
00847
02483
04518
01092
05501
03771
04744
07001
07102
00252
01658
00766
01609
07397
01611
00855
07031
00860
03271
01921
03111
03701
02879
02986
02502
04087
04088
03665
03572
06949
02556
04568
02356
01058
02051
02049
02050
02948
02952
02876
02988
02933
02874
02878
02982
02886
02926
02906
02358
02355
02992
03446
03543
03974
03969
06193
07225
02016
02015
02013
03758
07116
06911
00648
04045
02012
09889
02673
00675
03310
03088
06919
03427
05592
03337
00010
00249
06923
03186
02558
00104
00362
00372
03644
07258
03642
05837
05515
03579
02557
02556
03639
03637
03070
03531
03590
01921
03588
01929
01928
03587
07056
07121
03271
03599
00413
00412
02996
02871
03424
02837
07147
03695
05810
05807
01950
02668
02667
02674
03980
03979
02523
06990
07738
04485
03413
05375
04758
02462
02461
03769
07152
02389
02408
02388
02387
02393
02392
02401
00604
01462
00228
01414
01669
00876
00370
00382
01008
01755
01586
01778
00574
00036
01057
00873
01690
00845
00077
01495
01920
01610
01816
00020
00140
01772
00606
00130
00108
00382
00457
00500
00768
00259
00930
01438
01915
01259
00982
00826
01754
01523
01496
00761
01483
01477
01466
01887
00140
00549
01759
00215
00796
01803
00962
01338
00627
00865
01693
01814
00758
00948
00833
01251
00789
00615
00927
01048
00799
00060
00639
00058
01638
01953
01126
01496
01775
00948
00919
01669
00554
00003
01733
00278
03100
00951
01595
01744
01937
09771
02421
02420
07274
02950
02864
02863
02867
02601
05365
07028
06206
06204
00970
01409
02316
03086
01271
03406
04761
01139
00942
01915
07140
03415
07071
03924
07114
07114
04750
03554
09181
02407
02406
01654
06910
01897
00091
00525
03750
09699
09895
07387
09986
03430
02011
02010
02012
03406
00507
09990
09947
02954
02110
09983
09956
02030
02029
02029
02028
00948
07080
00451
09948
09937
09931
09924
02337
09928
02232
02231
06143
01580
07798
00433
03717
09950
09989
10010
02424
09972
09858
09978
09747
09891
09800
09806
09938
09897
05851
03733
00263
00344
05786
00507
06954
00574
02024
07004
02480
07684
01779
01176
03407
03406
03406
00575
05799
00569
03797
03216
02001
02002
07234
02858
02015
02016
02013
07715
07711
03556
07180
00128
07403
02058
06720
07576
00018
07058
07098
07302
07303
06895
05596
04079
06999
02069
02063
02064
07649
07774
02849
02517
01507
00249
01262
03185
03118
03183
01487
07402
02056
02057
02057
02058
01058
07154
03335
03336
03338
06606
03576
07396
06911
03664
03308
03631
03686
01956
03624
03798
02600
06889
01996
01995
01998
01997
01999
05838
02004
02004
02003
02005
01246
03219
03222
03229
03228
03226
03224
03230
02025
00799
07491
07006
00375
02569
03406
07218
00376
03924
00793
00793
00163
02433
09926
09768
01497
03711
03832
01465
04083
08316
03110
03089
00042
04760
06148
01271
00612
07240
02014
00249
02077
00059
07559
03474
03147
03153
03149
06147
05846
05847
05846
05845
01974
03310
00285
07074
07231
07019
01187
02356
00612
06911
01270
05517
06883
01993
03924
07026
03773
06158
01999
03628
03182
02498
08083
08082
03151
02003
02004
07100
01187
03556
03828
07088
03325
06147
07146
05516
07115
02036
06987
03821
09131
09117
11381
09973
00432
02040
07093
03812
06929
06217
06891
02259
06987
07664
07642
07393
02027
04655
04654
04656
04652
03406
07114
09120
01652
08303
00564
06219
07020
04084
03732
03473
03799
07305
07335
02056
02057
02057
00852
01768
07153
03694
03924
05539
02851
07011
02676
07001
07320
05820
03821
03466
03634
07478
02018
02020
02019
07667
02529
00558
02622
08989
01588
03411
01807
02687
02342
01682
00600
03043
03648
00325
02188
02221
08983
03321
07673
00371
00374
03060
02434
02114
03606
01991
03688
01183
10804
06173
06175
04752
02003
01589
07644
07665
07787
07214
08642
03431
01749
00208
00690
05591
03500
06176
03767
06197
06968
07461
00974
06916
07133
01142
07090
08303
02670
06997
01129
07391
07660
03611
06959
01469
03841
02003
02004
04719
02225
02227
00799
02234
07093
07004
02016
02015
02013
00216
06888
03775
07088
01424
00988
07711
07715
07301
01738
00799
07044
06876
07119
02529
02013
02015
03594
02032
02031
02034
02033
02035
02529
00526
00525
06076
02444
00111
03710
01425
03811
05367
03497
03496
03495
03650
03217
07566
07070
04653
07284
04651
03154
07107
03113
03671
02496
01719
05811
03406
03413
03408
03411
07394
00432
07447
04762
07401
06889
06973
07507
05564
05563
05562
05560
02115
02109
02116
02114
03830
02233
03719
02913
02902
03117
03116
03690
00769
07127
06940
03923
09823
09974
09780
10111
09801
09760
03973
09767
09764
03797
01428
10110
09790
03768
05520
01485
00661
02567
00600
02030
01046
02014
03327
06889
00344
02483
02200
02199
02198
02195
02194
02193
00528
06147
01740
02448
04561
02305
04748
06445
03551
00568
02825
07795
07793
00104
02116
02110
02109
05916
02113
02111
02115
02112
03717
05595
03218
02939
00655
06942
02897
02493
07175
03609
03610
03821
03406
07639
02010
03106
04763
03981
02836
06980
03088
03598
03596
03595
07678
02032
02034
02033
02035
03271
02454
03809
04075
06194
03087
00375
07005
03613
03612
03614
03615
03616
03617
03593
03496
03806
07302
01715
07182
03580
00001
01992
00631
03230
03224
03226
03228
02016
02015
02015
02013
02030
01644
06145
02014
07275
02355
07301
03412
03408
03406
03407
03406
03585
08225
02013
00799
04759
03412
03407
00383
01968
01640
03522
03639
03310
02575
02575
00373
00390
02351
02575
07684
03703
02419
02412
02394
02400
01673
07007
05836
03229
03829
03222
03219
00059
03408
03408
02557
02556
03412
03407
03414
03413
02405
04562
02404
02401
02421
02419
02416
02412
02410
02409
01572
05526
04069
03553
03555
05524
07277
00981
02838
02357
02967
00674
02652
02654
03796
00626
06916
04691
00013
02066
02065
06041
06861
03092
06958
06213
08301
03570
03569
03046
06177
03638
01673
01429
01883
03075
02834
02956
03671
03676
03071
07262
07395
04564
02500
02108
00957
06168
07042
06189
03101
01069
03314
00381
07400
07646
03498
06442
02343
06187
01897
03578
04754
07001
02450
03722
07090
00390
02341
03734
00322
03856
03561
03417
03787
03564
03548
03641
02485
00012
02004
03406
01267
03702
02945
01676
03386
01141
02670
02313
03629
02032
02031
02034
02033
02035
02517
03498
03499
04096
01448
09913
03885
02669
01056
01207
01520
09701
00648
04085
00609
03040
07235
10441
02492
03177
09906
04774
06917
09607
09908
09933
09935
02230
09971
08305
10009
09970
09165
00405
00406
09159
02314
09902
09808
09958
02519
09969
03683
03427
01153
21019
09791
03438
02563
02372
01962
00931
00147
01704
00227
02417
02435
09710
09015
03583
03582
03562
03560
03517
00311
02427
05350
01953
03654
08234
00350
00351
03179
01955
01696
02841
01652
10805
01897
00404
00798
02238
02302
01821
02224
10680
01878
01652
01430
01657
02335
02339
03656
01703
01821
02276
00411
03795
10674
03395
08282
02528
10764
02030
07119
10228
10229
07727
07574
07645
10227
08289
05787
11179
02570
07637
02452
06042
04058
02501
01695
02340
02535
03406
04565
01892
00558
10806
01653
02470
03223
03225
03469
11089
04103
04758
11085
00537
03286
10914
01959
06177
10440
10926
10941
03786
10439
02274
01696
10927
10943
00324
02411
07560
02621
09982
09815
03724
09816
09816
09691
03581
09983
05895
00647
00954
01879
09965
09980
02536
03168
00134
06153
04567
03601
09817
09817
00067
07090
02275
00346
10125
10126
02336
00347
00348
00349
03655
02469
03820
09690
01586
03892
11072
11070
02111
09980
07506
00558
03269
07740
11189
01868
01890
11069
11071
10763
02363
00626
01907
07090
01104
00836
00812
02463
04059
04042
11749
11751
11688
11731
12279
00523
12266
12266
03220
12340
03501
08964
12280
12281
12283
12287
00684
12284
12278
12251
14393
12262
10924
02237
03496
08305
11754
11258
01894
01874
00575
10942
11065
08296
08296
01679
02342
01953
01624
00166
01571
11175
05934
02650
11105
11068
03775
01681
02358
00134
00134
04061
02112
02108
07639
03719
03719
11690
11689
11894
11899
07006
11902
07661
01625
11472
11473
01183
03426
11896
11894
00803
02455
07552
11927
11928
07402
07126
03734
13007
03657
03832
07734
06894
06894
07735
11890
15371
11931
12282
12276
12286
12410
15778
13053
03791
08967
13051
06966
01969
00655
13292
03333
03528
01154
11897
07661
11892
11907
02575
11891
11901
11906
11900
03524
11753
11903
00626
11719
11895
11717
11893
11936
11940
02556
11720
12285
00602
02452
11752
11003
01654
00956
02474
05685
07114
13590
07039
07039
18979
01480
13038
13288
06910
12373
12972
13926
13766
06889
03724
13482
01079
01961
09916
13788
14161
01262
12339
00620
12573
13821
01960
13529
02529
14058
13472
01825
01782
01782
06879
00281
13895
01491
09880
12573
02203
12573
01934
10109
03272
13888
03442
01077
13993
00121
03782
13643
00067
13634
13774
13775
13777
13778
13779
13776
01792
10778
00640
00647
13481
14228
07010
13938
00784
13695
13522
12960
02014
13896
13639
03297
13893
13894
14228
14223
14220
14220
09516
14237
14237
14237
01113
14234
14228
07343
01977
01977
01977
01977
01977
03088
14232
14257
14229
14229
18929
14228
14162
14233
14232
03404
01070
13789
02386
03088
00024
05844
03394
03284
01465
01092
14228
08325
02355
14153
07491
03585
14223
01179
13628
14221
14221
14221
14233
07003
00830
14236
14224
14224
14224
14234
14218
14218
14218
14218
14218
14230
14219
14219
02614
14225
14445
14415
07483
14170
01985
01985
01985
01985
01985
17322
00854
14233
14230
14222
14224
14218
14226
14233
14228
03406
04771
14267
01992
15011
07050
14231
14260
14441
14227
14227
14227
14227
14227
14225
14225
06177
01524
00029
01011
03798
13633
14414
10126
03406
07303
12940
03327
00428
07002
07090
07101
03112
09930
09930
09935
01784
01176
12410
14219
14414
01652
01652
01915
00645
01768
01697
01754
01912
00799
03273
07251
01113
08884
05520
08599
14235
01980
01980
01980
01980
01980
14219
14219
01083
14222
01728
16238
15396
01011
14233
14230
14230
14230
06133
14261
02015
14232
14232
13993
06957
14742
02027
06919
14652
01426
03324
14645
14977
18923
15383
18928
03088
16089
01252
14415
15269
15669
02031
07278
15012
07464
10117
15034
15257
15256
15580
15653
15342
15580
15633
01082
03929
02428
15738
15256
15539
15576
15723
00007
19221
01026
01692
21430
21429
15461
15724
15577
15581
15583
15578
15580
04765
08086
15681
15582
15778
04093
08679
15977
15977
15977
10823
11004
03320
10716
00254
15984
16011
19736
15582
16089
16423
16088
02014
10716
16052
03320
16044
10716
16087
10024
10022
10025
10023
16074
01801
14230
16171
01218
15582
15583
10823
15581
08642
16328
11069
11071
11070
11069
01990
10823
15583
16329
16291
05349
14235
14231
14221
16263
15581
03321
11959
11960
11961
17213
07122
10108
02027
10118
10439
11962
10119
18816
07012
11963
13693
02026
02025
10237
10236
10238
02030
02030
02030
02030
02030
02030
02030
02030
02030
02030
02030
02030
02030
02030
02030
02030
02030
02030
02030
02030
02030
02030
02030
02030
02030
02226
16872
16840
09810
07090
02030
02030
02030
02030
10439
17317
02030
02030
02030
17316
02030
02030
02030
02030
17325
17323
17321
17214
17247
07639
07639
17315
02030
02030
02030
11209
01990
17713
17324
10112
17218
08992
17103
10112
17215
01990
10111
10111
11072
01990
10111
01533
02500
01187
01187
02437
00111
17686
00821
02167
17836
05982
17758
17759
18138
00612
00436
09472
18005
17989
18138
18007
18006
03585
17850
18299
01791
18298
18300
00138
11904
03462
18456
03741
11904
21405
20978
18581
18676
08744
18691
18893
01647
00640
00640
00640
01897
03406
03406
03406
03408
03408
03408
02503
00477
07451
19048
18923
19160
03410
03410
02392
14055
06886
07038
03933
06867
06938
07044
07090
07098
07140
09962
18800
09892
03181
18850
03790
18930
18138
18138
19055
19055
03976
19055
03526
18990
18989
18997
00986
07746
07452
19119
19170
19173
19117
19174
19147
09951
10026
19225
19160
19160
00571
19171
19118
19092
03472
19175
19169
19172
19416
19344
19267
04771
01992
01992
19342
19345
08604
19302
01175
19304
19337
19302
19339
19340
19431
19341
21780
19664
12507
02342
00505
00799
01179
00992
07666
19696
19668
12658
00799
16066
15777
00995
19804
14731
09796
20074
12132
12132
12132
20074
18890
18889
20628
01179
04084
04047
03585
07458
11069
11069
10108
10111
17321
17321
17321
10227
10227
02078
06213
02557
02014
02014
06186
15268
07795
04755
08306
03824
06999
00612
06133
12132
20074
20074
02026
02030
02030
02030
02030
02030
02030
02030
02030
02030
02030
02030
02030
02030
02030
02030
02030
02030
02030
02030
09815
08224
03630
03630
03630
03630
03630
07461
04096
07491
07497
20881
19055
11991
05844
03812
03696
05801
03775
11903
02658
11900
07661
02406
20074
14645
03566
03566
10918
02529
02529
03556
03556
06075
09823
09823
03704
03704
07733
14414
11751
01200
20920
20974
20978
20988
16554
21053
00840
21071
01768
20973
20977
20978
07689
20976
22253
21060
21024
21029
21025
08968
20977
21147
21218
21140
21147
03636
21310
21472
21420
21428
21470
10914
10914
21645
21606
21712
21783
21784
21785
21781
21782
21786
21787
21778
21779
12955
22105
22105
22132
22292
02257
01563
07755
00611
22302
22302
11206
22452