08744
06998
04771
01971
16238
13581
19302
04771
22084
11741
00290
07577
01791
00537
00336
01990
01990
14218
14233
14224
14223
14232
14231
01985
17716
00265
17226
01069
08316
14219
14225
17226
14220
17227
14232
02488
14225
14221
03818
01991
02020
02018
02019
03527
00720
04754
07323
01662
00720
07218
03734
02016
00573
12340
01873
01687
01142
01129
01887
05896
06024
03116
03117
03118
01875
03787
06923
03210
03072
03074
02291
04094
03322
07002
01923
01952
01952
01952
07390
03808
02986
00031
01872
13587
06204
01953
03543
07001
01574
00019
09945
06158
07240
01879
01878
02523
00919
00311
13652
03638
03470
03575
03529
02108
02110
02109
02109
03527
02204
07735
03790
01733
02276
02275
06199
00886
01057
00036
13810
00615
00831
00697
04095
06167
03424
01874
02341
00943
03642
01689
06920
09457
06911
01868
08998
01495
07001
00405
00404
14160
14161
03522
06995
03282
02225
07552
03470
03585
07300
00925
00208
02221
09131
01491
00969
09710
00783
14448
07058
14446
14447
06199
03925
03438
03587
01928
01929
01000
01925
03588
02563
01924
00075
01921
03589
03590
03531
02535
05807
01972
02687
03657
09985
03218
00404
00405
00407
00406
09792
07667
07646
01548
01547
01546
03192
03620
04653
03619
03618
04651
04653
09005
03704
07007
00390
00957
00955
07090
02879
03040
02948
02952
03076
02876
02907
02988
02881
02933
02994
02954
02931
02895
02874
02961
02904
02878
02982
02890
02965
02886
02892
02926
02906
02946
04761
09948
07391
01920
04066
03733
09973
00873
02919
13589
04080
00266
09795
00963
01772
00788
03149
03154
05939
03644
13635
02045
02047
02046
02048
09950
02003
16872
07124
02498
01749
00057
01895
03799
03500
14228
14233
00694
00973
01790
00528
01915
01207
00404
00405
00407
00406
07226
01247
03088
03781
00262
01999
15987
03621
00648
04764
06133
01845
00978
01790
01991
01087
00886
00697
00773
07568
07443
00954
07275
02469
06940
03701
01673
04751
02003
00864
00605
02437
00281
01079
03809
15975
03088
03704
09458
16137
16137
00640
00297
07323
07276
03624
01955
08223
01956
09117
03086
09807
09790
14660
02078
01883
01626
02434
04782
02435
07447
00609
01465
08591
02313
02338
03629
02470
07043
07152
15011
15012
13583
04083
01438
06195
10764
01494
03530
01755
01586
04096
03168
12573
02913
11443
09919
02503
03694
06891
13821
01918
02622
06188
11717
09015
09013
09014
04487
07018
09001
01866
03564
00382
00658
00164
01902
01903
00024
06916
00240
00239
00242
06955
01644
00868
03313
01673
02199
02196
02195
02194
01681
01284
06890
02003
10804
01975
08304
07113
03071
00859
00014
06287
09773
01599
08973
08982
04095
01524
03500
01951
07733
07152
01627
01937
03075
01803
03770
01657
08296
00766
01609
03637
03750
02356
04568
03088
11074
11075
11076
11073
01915
00154
03640
03641
03562
07107
03551
03550
01159
09769
09888
00134
01623
00788
02557
02909
13592
13593
00123
02379
00126
02355
00812
06207
12251
10536
01940
06941
03667
01419
01693
02501
16079
01814
02837
02500
10773
01704
01703
00384
01141
04088
04087
09937
01613
06915
03832
02039
02036
02038
02037
02040
07636
07231
09947
14441
02651
02278
02279
02280
02281
02282
02283
12510
04654
04656
06180
03089
03636
03703
01166
00767
00278
03517
01246
06980
01465
07566
02358
02355
02992
02950
03046
03043
02935
02864
02863
02867
02601
03073
03670
06886
13771
00459
12256
07010
01915
00823
00822
03088
02224
05936
02189
05895
03394
06042
02229
02230
02234
02231
02232
02227
02302
07146
09862
06287
00013
00790
07001
00602
08988
06872
03744
05838
07157
09791
03555
00990
03980
01867
09019
03789
00655
06168
07042
03820
00789
03439
09748
02600
07742
02519
02834
02956
00962
01776
00208
01716
09826
01738
03522
00605
09003
07234
00831
06139
06138
06135
09458
09458
09458
02372
02078
03186
03182
08303
07230
02164
02305
04561
02448
00123
03088
07478
01091
03281
07507
02621
03821
14261
00003
07462
01915
00817
03801
03584
03685
03100
00997
03474
09928
03060
03664
01714
08309
02302
03543
03446
06999
04047
00720
00012
02400
02421
03411
03413
03412
03408
03407
03413
02420
02389
06601
06602
02397
02396
02390
10564
02557
02409
02406
02419
03427
01154
01153
02003
09924
01807
01091
01581
01754
05800
07716
06985
06985
15778
05539
00381
06136
06137
06138
06139
00950
10714
10713
01814
09154
01633
03088
08995
01495
09986
03924
03147
03284
03642
03642
07001
07220
03306
01939
00831
03431
00796
03798
04075
03628
06888
03650
03495
03501
02340
03643
01869
06997
03320
03466
03320
04752
10805
03185
02860
02959
03106
01778
03110
06190
00133
00052
00215
14228
05367
06894
05801
03760
00605
06886
06937
15977
09930
03088
03306
03669
12262
00574
01649
06929
01737
02871
02996
00145
02259
01991
07675
03702
05520
16079
13584
00566
00570
15034
00826
07659
07638
00286
13292
05810
00948
09823
02897
01056
06942
01628
08963
00759
00412
09771
01534
07644
07301
12511
01255
10778
12141
12140
03821
04077
04078
03301
02518
03704
03596
03885
03602
01662
06442
03215
01736
00208
02003
03928
00432
03545
01358
03544
01338
03530
00330
00331
00332
00333
00334
00337
00259
00946
03625
00794
14652
00793
11752
07738
00600
00643
01698
07461
06206
07799
07788
07789
02575
00370
00371
00373
07001
06213
01495
06173
00604
01462
06187
09747
02343
00979
13893
13893
13894
13895
13896
07289
01611
03752
03753
03639
00760
09812
09811
00655
13038
00111
14205
00928
08484
02835
02493
03695
01442
07243
09958
03688
03183
02968
00123
02380
07089
01008
03833
01042
00372
00363
00362
02575
03821
01531
13993
02066
02065
01993
13926
06995
07673
01491
00615
00927
00941
06076
05820
04755
00384
09989
03670
03669
08990
06918
04042
00820
03655
09159
03723
11940
08691
09456
09922
02517
03185
07234
06140
09778
00574
01207
00762
01061
01610
14981
14980
01251
07102
03671
09959
11754
01963
01695
01696
01817
02415
02393
02394
02386
02392
02408
02388
02387
02401
02410
02417
02416
02556
02391
02412
08679
03579
01783
00855
03841
07395
01938
00425
00426
10255
00574
01711
02377
07270
13993
07154
00684
01961
02160
03786
08300
01448
05366
02836
06969
03437
11434
00606
03977
13747
01256
03088
00982
02198
02197
00411
03216
00228
04077
04078
04564
07001
06915
11927
01304
03654
00765
02502
01892
02233
00768
11473
11472
03424
03630
01265
02884
00554
01591
03686
04043
03687
03705
00989
01890
01889
02887
02916
02520
07276
06153
19623
03092
06861
03684
15977
01425
14393
13582
07090
06953
03724
04566
07020
07261
00338
00339
00340
00341
00342
00343
03524
05606
01881
09808
09810
02337
02967
02357
09903
02838
00806
00981
00099
11749
07277
02536
02372
00677
00748
01647
01356
00275
00376
03799
03744
07240
01649
12262
00053
01653
01652
00791
07267
06966
01756
00220
00817
00641
00023
02911
03814
00795
16079
09816
09817
09823
01061
00077
01876
03684
01524
00937
01933
11175
00940
08738
14223
19620
19623
01938
01338
01915
01687
16137
02346
07006
00375
07798
07787
16090
00375
12506
07708
07712
13598
13599
00824
03666
03665
03824
01255
07091
11720
04744
03771
00097
02528
00942
07082
09458
02078
00645
02990
02963
02939
01775
04485
03558
00764
05788
04773
02945
00945
00800
06200
15738
06949
03704
09768
13924
04719
07320
01595
01644
07736
04762
02902
09883
05527
13829
07006
03305
01962
03070
00620
01012
01935
00833
00648
00549
15726
12989
07347
02888
02899
03979
07300
00931
00147
02339
07115
03704
03413
16264
13771
00163
00627
00382
03088
01738
09160
05366
02426
01354
03926
00858
09969
10979
04033
03735
03736
01919
09761
03179
02527
00912
03601
01945
07001
06178
03594
03572
01810
03101
01870
11753
09987
03321
03781
01588
01589
02970
00325
00324
00324
03549
08602
01894
07056
07460
02113
02111
02115
02112
02114
08311
03797
03521
03522
00074
00930
03978
03217
02914
07403
01738
00480
17103
14219
14230
14237
14224
14229
14218
14228
14219
17226
01897
01992
17225
17364
14236
14235
11532
14227
14218
14233
14228
00799
02806
01259
07304
09949
01885
02238
06147
07588
03294
00721
09705
00626
01104
02017
06045
07126
02533
02014
02116
03469
14998
02258
02274
03455
01439
00674
02004
02427
00088
07117
08738
08344
01724
07213
02051
03560
07098
01934
07126
01092
06147
00127
00124
01759
14234
14230
06147
07305
03294
08738
02005
02004
03342
00058
02228
08738
00799
00626
00548
00101
09143
01885
01916
02433
07343
13628
00241
02193
02004
02342
05595
05524
06196
00383
01560
00772
09931
06147
00626
01782
06445
03830
07032
00772
01537
12503
07665
01082
06910
02200
02200
00970
13622
13623
01847
01847
01259
07588
02428
00059
04748
06179
00852
08978
01082
07114
01760
00666
06889
07025
05524
01011
01965
00575
03406
13590
01966
00202
00672
00200
00201
00383
07304
06147
00380
08738
01724
01499
05966
02049
02050
05595
01523
00867
01834
01507
01262
01679
07052
02014
06282
06281
04652
00939
01092
01048
01784
03153
02004
01719
01409
00124
00127
00368
02067
13953
06196
01578
07054
02035
02030
02793
11189
03560
00830
09815
07657
07338
04655
03635
01006
02014
01823
00135
00595
06902
03711
03177
00647
01992
01992
07028
03406
00799
03743
04765
00059
08692
00830
05524
04763
03769
00569
03574
00652
11209
02004
02005
01011
01692
07305
00374
03769
01784
00059
04518
08738
00799
01026
03593
10563
02014
01537
00033
00058
07258
01496
14162
07126
00625
00616
01990
14232
14229
14237
14219
14219
14226
01533
14225
14234
14228
14234
14237
17686
14219
14233
14230
17686
14222
17662
01533
17675
00317
01843
17865
07684
07263
01658
07263
12574
00254
07003
07003
06281
05973
00317
04771
01286
01286
00104
00317
00114
00329
00356
06148
00091
16011
03605
11747
21678
18369
19591
01356
03640
00059
03630
03424
04077
15726
13588
07001
08311
01929
07716
07461
13771
02651
06136
06139
01448
00568
01442
03928
04033
00254
09458
16137
07234
03408
09959
17226
04078
04077
00574
14987
16079
10714
07391
07733
00230
06190
03446
01738
01740
00138
18588
00681
18700
18707
21677
18893
07344
05366
03328
01971
10747
03496
07473
03496
03497
03646
13060
03205
08363
08364
04565
13060
03205
03496
03496
03497
03746
03497
05785
03496
03111
11811
03496
03646
16898
03761
19055
19055
07483
09472
03976
00335
14742
18979
03526
02483
16899
00611
07486
18997
16238
07746
19221
00798
16554
01710
22468
22468
00525
22468
19068
08365
19157
01768
00020
14449
01992
19342
06041
07497
19302
19302
19339
19340
19341
12978
12978
07344
19641
19640
11209
19661
20074
00799
00992
08744
13775
19802
21679
05770
09796
19733
20266
20266
00525
22552
12980
12980
14067
20527
20527
20531
20529
20532
20532
20531
20533
20528
20528
20529
20530
20530
20533
11529
22083
16554
00821
01768
21029
14652
21029
06904
00560
00287
06952
06217
01520
03553
01185
02314
09882
03676
04068
02316
02335
01139
09806
22081
21310
02483
02483
02483
02483
02483
21470
21420
21470
21470
21470
21470
21470
21430
01420
01420
01420
10914
10914
07334
21498
21603
21600
10026
21564
00344
00344
21929
19591
21929
21929
03741
03892
05802
22082
22067
01816
00015
22082
22083
05275
03595
22081
22085
22086
22087
07183
22342
11991
22344
22310
02257
22342
22343
22344
07755
22343
11206