18929
18928
07316
14219
07316
04654
04653
00925
13788
02389
02390
03657
01955
00134
01821
06187
06176
03799
04487
13819
04485
12267
07090
00979
03981
01749
01881
02492
02523
04047
07710
02394
05592
13896
13895
01939
11749
03601
03695
01465
06168
09778
02429
06901
01839
01495
00795
03787
01737
01775
03310
00285
05801
08159
00133
01892
02355
02992
02950
02935
02864
02863
02867
02601
03073
02913
02358
02110
00962
04744
08602
02020
02018
06207
03781
02902
15846
01000
01925
07107
03308
03308
01058
02338
02470
00215
03667
01419
02939
01915
01776
03628
02909
07056
03218
03664
03561
02914
03536
03217
03650
07337
06178
02337
00428
02065
02066
00826
00943
00954
03186
02386
03657
01875
03602
03183
08973
01993
03306
00407
07173
04043
03687
03705
01628
02406
03168
01007
01868
02520
02916
02887
01752
03837
01626
03564
00782
03303
03303
03575
00404
00405
03634
03070
01534
07391
01462
01358
03545
15846
03637
03831
03636
14652
07270
07043
00997
02415
02556
02557
05847
03703
00003
07460
03671
00384
07270
02108
00406
01689
00891
02493
00262
01772
09761
01494
02160
01961
00573
07091
06173
01625
01690
00036
01057
13979
00172
00171
00169
00170
01756
03702
11473
00812
07090
04042
02419
04759
07501
01028
01029
02106
10856
00901
02469
03701
03438
07023
03092
06861
06925
02343
06895
03179
01613
03517
00767
03797
00655
03648
00134
00927
03284
02357
02967
03313
03210
03072
03074
01869
11754
03723
00411
00412
00413
03587
02408
02388
03625
00794
01627
01673
01591
01918
04077
04078
00566
09859
03415
13747
03760
01647
00031
01935
06891
03694
01579
09747
01711
02377
03168
00783
01963
13292
02527
07164
01878
00057
01879
15633
02435
00833
03770
03590
06940
01609
01524
02841
02517
00773
09944
01735
01586
02397
02888
02899
12368
12370
12372
03979
01845
07226
01887
03116
00942
02393
00912
01945
00806
06199
08311
00928
02341
00796
09804
01956
06287
01872
09794
02963
02990
02340
12573
00014
13894
13893
01867
02169
03075
02838
00762
12410
00330
00331
00332
00333
00334
00337
00338
00339
01962
09458
02078
02970
01778
06942
01255
00759
01808
03100
01491
01465
02417
10773
07082
00176
00174
00175
00177
03611
02406
01599
01928
02897
01056
11720
09943
11752
03312
08591
01633
01042
02600
03655
01142
02313
00820
01154
03427
01153
07043
01476
00259
00858
01698
08303
02836
03750
02421
01624
02356
03820
03558
04567
00600
00246
01803
00208
02536
00789
00940
02911
03621
00648
04079
03495
14445
00981
00099
02396
03775
03640
03641
02114
02112
02115
02111
02113
02109
02109
03524
00604
02884
00554
02860
06960
02959
03106
01873
02563
00286
04095
07042
03839
00384
01810
06200
02029
03551
00606
03610
02535
00872
02519
02834
09748
02400
02956
03786
00950
02404
04562
02405
02416
02417
07478
05516
12506
00995
01714
00937
01154
01153
01153
03470
07787
03686
00566
00969
07722
03561
03832
00640
09457
09710
00791
00075
02420
02412
06941
06041
00859
00797
03977
03530
09860
15894
13038
00788
00941
00878
09805
00364
03271
03272
03274
03273
09792
03525
03624
00748
04651
02390
01521
06193
03781
01159
03550
03980
01883
02013
02015
02528
01433
04773
03563
00919
07791
04075
01095
01921
01929
00948
05837
06180
03439
09812
02407
02422
12251
07084
03110
06940
03639
03752
02401
01448
00459
01866
03060
09903
01682
02387
03588
02016
02016
02073
05515
03978
09774
03270
03642
08307
03424
00793
04061
02071
02072
03474
00097
02392
09136
04656
13821
03190
03189
03188
03187
01428
03101
03431
02968
02835
02996
02871
00116
03086
00645
01733
09765
03531
15257
01772
01874
00574
15846
01951
02503
01889
01890
00800
03527
02945
03182
06997
03269
03415
03407
03408
11065
04564
15256
04066
00053
03609
03608
04096
07447
06180
07462
01937
02409
02410
02411
01662
03596
02392
03466
00615
11753
06442
00609
07241
03798
02687
03413
06950
03501
07568
03118
03117
00340
00341
00342
00343
15778
01695
01696
13498
00766
01657
03707
03811
02879
03040
02986
02948
02952
02919
02518
01265
03076
02876
02988
02881
02933
02994
02954
02931
02895
02874
02961
02904
02878
02982
02890
02965
02886
02892
02926
02906
02946
07133
01972
03415
01876
07270
07456
01924
03923
03620
06920
02221
08309
00963
00790
01744
01079
02217
02434
03685
01736
03631
01783
03841
07058
01012
01173
01338
05807
13626
02372
00677
03544
03569
03570
03168
16091
16091
16091
14233
14222
15726
07491
07491
07491
07491
01977
01977
14230
14234
14225
14236
14234
14228
14228
14231
10716
14218
14229
14219
14226
02014
02014
03496
03496
02028
02030
00059
07491
00652
07457
00616
07316
01424
00769
01992
06603
03386
01409
02004
03635
05845
05846
00088
02433
00939
01507
00674
07126
01885
03469
07126
02342
04517
07098
01262
03711
13640
00076
01679
03768
03455
02017
01885
08077
07126
02067
02242
04763
00567
13016
00626
02238
14232
04655
14048
03406
03406
03406
03442
01585
00058
14219
16052
03279
07126
06013
01784
07126
00845
07126
14224
14221
14237
14224
14237
14220
14219
14233
14232
14230
14230
14223
14225
14228
14233
01985
01985
01980
01980
14228
14227
14218
15898
00245
00244
03593
07126
01439
01119
11085
00949
02029
06910
07126
06196
03784
03317
01674
02843
04652
02014
03743
06179
04093
03342
14235
01916
01719
01455
03196
03196
15847
15847
03196
15848
15843
15844
15845
10009
00970
03321
12369
01426
12371
01155
02424
12050
12049
07318
03559
09477
03559
13689
12977
12048
12052
03191
13797
15895
15896
02003
01738
01760
11782
07316
01990
17103
03559
02484
02484
01992
12053
17686
17686
01155
05540
11928
01658
12574
01156
00971
00290
01497
00254
05922
05927
00104
07812
13979
06148
03605
05366
12051
11784
01992
03168
12048
12048
03182
07126
09859
11785
18284
18285
18480
00681
18682
18930
03203
03204
03205
03205
03204
03203
03497
03496
03111
03761
00335
02483
03526
03296
00336
07448
19157
00571
00571
00571
00020
07317
04771
01992
07496
07496
07496
07496
07496
19302
19416
12053
20151
20810
20151
00525
03199
07100
02335
02335
00558
03465
02314
00558
00558
01520
02316
00558
03553
00558
02483
00526
02481
01139
07097
02483
10026
21929
03595
22278
14441
22391
17758
17759