02428
14652
01428
03187
03188
03189
03190
07241
05795
07023
03650
07277
02434
03072
03210
03313
01625
01690
00036
00845
12368
02899
02888
02397
03637
03831
03635
03636
02863
02864
02935
02600
00133
01892
03406
03564
00782
03406
07791
12050
07126
07126
03979
12372
12370
12370
03498
03499
00626
01028
01029
01473
00997
02415
03596
03544
07456
01924
03703
07722
00969
09710
00791
01674
04047
02523
02492
01881
07113
01749
03760
01647
00031
07090
03406
01626
03550
01057
01810
02429
01972
03415
01876
03980
01883
01588
00939
01923
00764
01507
01933
09804
01956
00748
04651
02390
00602
01945
01952
03406
03628
01776
02563
03981
03406
01159
01633
08591
03406
03406
03474
00097
09824
01784
02517
02841
01494
02160
01961
02835
02968
03431
03101
00859
00797
01772
03634
03070
03530
00134
00927
02004
01628
02017
05794
04773
09943
16235
03406
03408
03407
03415
03269
03154
00088
02433
09805
01918
01591
01627
00794
03625
07098
00681
02343
06925
06861
03092
01872
00384
06910
02372
00677
03544
03569
03570
02035
02033
02034
07173
01042
00574
01874
00171
01095
01079
05515
03978
09774
03642
08307
03424
00793
04061
00172
00169
00170
01756
06940
00566
03303
01778
03284
07462
01737
03787
00795
09747
01579
03694
01935
04564
03149
07126
02358
02913
03073
02601
02867
02568
03168
02406
03723
11754
01869
03074
09824
00123
00123
01821
09794
02996
02871
01744
01772
09761
06901
04075
07042
04043
03687
03705
06173
07091
00573
03575
07082
02386
03186
00954
00943
12506
03147
01491
03100
01808
00759
01255
06942
03639
06940
06168
07270
00766
13498
01696
03415
13747
02493
02106
02401
03752
04078
04077
01695
03183
01875
03657
09778
02909
07056
03218
01845
10773
02417
01465
00979
04079
11175
03657
00812
00901
02469
01738
00640
01008
00566
08973
07084
12251
00343
00342
00341
00340
00339
00338
00337
00334
00333
00332
00331
03648
06200
01873
03106
02078
09458
01962
01465
02406
08311
00928
02341
00796
03837
01752
00788
02950
01448
01866
03060
09903
00833
01662
02411
02410
02409
02567
03470
02884
00554
02860
06960
02959
00648
03621
02911
00940
02338
03977
05592
03839
06207
03611
07107
03308
03308
01058
02029
01682
07090
00858
03631
01945
04744
00962
02110
03686
13038
01821
09748
02834
02519
00872
02535
03610
00606
03551
02570
02572
01142
07090
03924
01012
07058
03885
03770
03590
03531
00773
09944
01735
03923
06176
03799
01495
03588
02387
02388
02408
03587
03701
08303
02836
02970
01963
00783
00428
02902
09457
01870
02355
02992
18929
00124
00127
08080
06196
13016
03406
03593
03406
00059
01424
00769
00003
07460
03671
00384
00215
03695
01720
03841
01921
01929
00948
01939
07109
13821
04562
02405
02416
02417
02221
08309
00963
00790
02536
01803
00246
03438
01993
03306
00406
00407
00405
00404
03655
00645
03750
02421
01783
05837
06997
03182
02945
09859
00604
03524
02109
02109
02113
02111
02115
02112
02114
03641
03775
03702
07501
00788
01951
04654
04653
03837
06911
07270
01153
01154
01154
03427
04485
03110
00789
02357
03781
01711
07226
02393
00942
03116
01887
02078
07341
04066
03217
03536
02914
03561
03664
00919
03563
01599
03413
02687
03798
11106
02503
00826
09765
02470
02313
01534
07391
01462
01358
02904
02878
02982
02890
02965
02886
02892
02926
02906
02946
07133
02435
03179
01613
03517
00767
00946
03797
00655
01915
01428
03545
02412
04487
13819
00950
02404
03786
02919
02518
01265
03076
02876
02988
02881
03558
03820
02879
03040
02986
02948
02952
02933
02994
02931
02895
02874
02961
03270
02377
03620
01955
01775
03310
00285
00600
04567
00652
03711
03406
01885
00244
00245
01727
03406
00058
07457
06346
03768
15045
01885
04652
03406
01580
07126
14445
00104
00459
07035
01497
01524
05540
00674
07126
02238
14048
03406
01262
11085
12052
12049
12053
00290
07097
18928
02242
13797
15270
06180
02483
03191
07496
15256
15257
15633
15736
15737
15895
15898
03605
15896
15778
15846
15846
15846
03417
15894
03781
16091
00971
15726
10716
02014
02029
02028
02030
16052
03196
15846
01659
12369
12371
11782
18682
03559
02003
13689
12977
07318
01990
01738
01760
01992
01990
17103
02484
03559
01992
17686
17686
13895
13896
13979
11473
01736
03685
03469
07126
01658
01657
04759
02217
01455
03406
03406
03406
01925
01000
03832
00970
00330
00254
09022
05922
05927
06148
05366
18284
07241
03639
07126
07126
07126
03640
00014
03271
03272
03274
03273
09792
03525
03624
01934
03559
03561
06920
05516
13640
03667
01419
02939
06180
01937
01868
02520
02916
02887
00937
01714
00076
00995
11749
05995
01007
03342
01163
01586
00177
00175
00174
00176
12048
08602
03455
02484
01698
03527
00800
01890
01889
02400
02956
07710
02394
13292
02527
07164
01878
00057
01879
03406
00925
13788
00891
01689
02066
02065
02067
07126
02843
03406
02337
06178
00981
00099
01585
00912
01916
00411
00412
00413
01733
08080
02390
02389
00762
02838
03075
02169
01867
13893
13894
07126
07126
07126
07126
03406
07126
01609
09859
11784
11785
18285
08068
07126
07126
07126
07126
07126
18480
03427
02967
04042
02419
02392
03833
00111
00864
02440
11928
04655
04656
01409
03406
03495
01439
09860
07337
02963
02990
02340
01679
07787
00135
00823
02392
01595
00053
03609
03608
04096
07447
06180
03439
09812
09811
06603
02407
02422
11752
03312
02020
02018
00788
02108
00286
13626
05807
01338
04517
02420
00075
02556
02557
03466
00615
11753
06442
00609
03406
00616
01928
02528
12574
12267
06041
07270
00820
06941
00259
01476
07160
02160
01961
02356
01624
06199
01719
00806
03386
02897
01056
11720
02396
08077
00567
00116
01104
03086
03117
03118
07568
03501
06950
14048
00571
01155
02847
18930
03111
05791
03526
02483
03296
07452
19147
19157
00571
00571
00571
00590
04771
00336
03761
01992
07497
19302
07496
19416
09892
19713
07132
20151
20151
20810
00525
07100
01520
02314
03465
02316
02335
03553
04068
00526
02032
02031
02481
01139
02483
01451
00059
10026
21739
03595
14441
22391
17758
17759
00571
00571