05349
17686
15975
18910
01759
01505
00091
08651
03574
01990
09810
02477
11381
01273
00975
00703
02429
03534
07301
03294
00116
03316
09164
01907
03530
05606
00948
02897
00748
03787
01772
13924
06987
05844
01560
03811
03782
01799
04046
01895
03565
03442
03654
03975
07263
03106
02435
02003
01589
01465
03088
03684
06942
06181
00631
03978
03088
01703
01704
09011
00052
00451
01555
03327
06949
07094
01889
01892
01755
01438
00930
01711
02377
01619
05837
00773
01262
03650
01278
00946
03116
06001
03088
07056
01952
09117
02613
02609
02610
02611
02612
00074
06217
00800
01247
03686
03687
00973
11755
00567
02837
06897
01993
07240
04564
02884
07114
02950
02992
02355
02946
02906
02926
02892
02886
02965
02890
02982
02276
08976
01153
01154
03427
00873
01126
07007
04044
01507
02529
03320
09808
03284
03503
03502
09000
01153
01154
03427
10563
00058
03558
06142
06201
02004
05810
00558
03470
07003
08307
02536
03088
03797
02114
02112
03702
01972
01752
08602
03088
00973
02004
01775
03771
03771
06891
01256
00681
01224
06911
09973
01259
05989
06180
00382
01624
00384
02304
00390
00384
03654
01129
03496
09933
04561
06223
02004
01706
03299
02510
01724
14287
07277
07160
07407
13979
14623
07305
02335
00858
01262
03305
07164
08676
03628
01875
06973
02838
02914
06872
03635
06987
11105
01695
01696
01817
01609
00766
01658
01657
09922
01857
01027
00448
00449
14727
00481
00558
00891
00876
00052
01649
07304
00053
00937
04773
02860
00566
03642
06997
01810
07313
08964
08967
01191
07048
03496
07124
07086
00700
03671
13993
03088
03088
01494
11102
06142
01596
09822
00525
03088
07315
00432
02341
02503
03624
01776
06142
06142
01486
07636
03088
00817
09822
01673
03495
00558
00658
00760
01092
07075
02004
09803
07088
00817
13622
00937
03885
00286
09760
07238
09880
03924
12373
05982
00782
00681
01444
01206
03529
13628
02566
01126
11942
00375
03282
00449
02004
02065
02066
01874
02909
12339
00640
07588
03744
06872
00432
02355
00826
02517
01639
02433
03646
00496
07056
02939
02963
08994
00854
01805
02440
02528
00097
03101
09748
02600
02519
07636
02217
00857
01142
00054
01823
01940
00145
13043
07727
07071
02035
02034
01077
04096
03601
03602
00950
00075
01424
09776
03317
05808
02429
07302
07303
02887
02916
07004
09127
09000
00899
02342
00648
00031
03551
03734
01816
07140
07001
03306
06173
07303
07302
01868
07161
03553
00806
03783
06996
01681
01816
02945
00869
03572
01883
03088
00382
00823
03695
07090
03088
01939
00012
00969
02338
01579
03770
07443
06885
03424
00761
00363
00362
02428
05952
06929
00627
06187
02968
00164
09747
03118
00928
00602
02520
03696
10711
00140
00135
14392
05340
00852
01952
07302
07303
07304
01262
00928
00558
03217
03210
07082
00606
10680
02065
02066
04043
00721
01669
11085
01961
02160
02356
00648
03101
02970
08715
09004
03517
07052
06861
02078
09458
03685
09933
05595
02527
01710
01710
07560
09950
03439
02492
00058
00605
05366
01735
02314
03584
01750
13653
00508
02004
02003
03733
05808
02358
03073
02601
02867
02863
02864
02935
03043
03046
02556
12941
00965
00962
02956
07397
00641
00058
08303
03629
00161
00794
14652
09891
07214
02557
03088
08092
05349
03585
02067
02065
02066
00648
02014
00059
01870
07133
03496
00426
00425
01881
09973
03544
01358
03545
03711
01939
00850
09181
01273
03655
03518
03519
06999
01811
01876
00174
00175
03088
06889
08973
05838
01556
03453
03313
01057
00428
09955
00954
00294
07019
01258
13282
00274
11068
00469
01599
02510
03088
07148
00826
01963
07402
07646
01548
01547
01546
01434
01265
00831
00849
01591
03593
06180
03737
00031
03921
00826
01653
07112
02878
02961
02874
02895
02931
02954
02994
02933
02881
02988
02907
02876
03076
01265
02518
02952
02948
02986
03040
02879
01956
01689
01902
08151
08281
02316
05776
06915
01173
00859
02004
04078
04077
02014
01534
07239
07787
07798
01533
02622
02004
01159
00548
03111
03979
00939
06902
00674
01056
00957
00860
06330
01479
01468
01712
01745
13963
12524
00872
01733
01597
00639
02259
00684
03564
00873
01740
02003
02005
06167
01524
00219
07460
06203
02959
02004
01929
03642
03110
02913
02902
03088
00796
03424
03469
01462
07447
01809
01488
01491
02687
02346
06048
07085
01866
00259
01903
04487
03496
01153
01154
03427
04043
01338
03636
03703
01206
07133
00886
03768
09808
00973
03665
05366
01297
01808
01817
07027
11381
02017
02018
07114
02004
07133
02004
05794
06182
11085
03088
02529
01915
01737
03182
00560
00185
02275
02274
02276
02003
02005
01893
04485
02834
03655
01420
00111
04763
02108
02110
02109
02113
02111
02115
09935
00508
06988
01338
03070
00931
02618
13766
03828
00762
01448
02194
00261
01255
01083
00790
00820
00703
01918
02621
01754
00297
09001
07404
00033
01808
00036
08963
07259
00764
01847
00278
03501
07027
00688
03575
03088
07576
03088
07133
01993
00428
00287
07282
05515
03570
03569
03595
13774
02238
00789
01867
02911
07090
01698
03088
03701
00059
03088
09955
02825
01991
03606
01953
02805
05946
01709
01790
00978
02474
01845
01711
02377
06970
07114
01104
02014
03811
03183
00324
00324
00325
01697
00979
01489
03932
13747
02493
03547
03546
06207
06180
01434
02020
01783
01633
03088
00059
03269
03657
10778
03924
07114
07114
09964
00767
03088
06941
02523
00600
01921
07577
13038
03335
03088
00117
00658
03524
09710
03798
01719
02343
01950
08641
03924
04079
01955
03924
03631
00208
12941
06136
05970
03100
07098
01627
07137
01845
01354
02036
02038
02037
02040
03088
01613
00981
07052
03474
04750
07322
07218
00376
06959
06911
03088
08994
00457
01736
11717
03750
04488
03801
07037
00318
00014
03088
09704
01640
03294
07001
12410
01665
07154
07154
03466
03218
07152
03657
01251
01817
03932
01104
07048
00147
09166
06978
03644
00252
05807
02871
02996
02967
02357
09903
02470
06925
00259
01885
03709
03797
05896
11103
13016
03630
03536
03786
03654
06041
07112
06987
03637
03639
03500
03550
01945
03305
02835
13993
01647
02437
03088
00912
01890
09888
03718
00819
09690
09691
01953
00612
01195
03271
00845
01811
02003
02004
01962
01714
07303
07302
01872
02434
00677
02536
01749
01719
02379
03086
03718
03797
07566
02469
05592
03316
01854
03778
07058
03781
03088
01322
01937
03325
01652
01687
03625
12373
02564
00845
02529
03503
06969
03437
07124
01991
01791
06518
00765
00013
00817
01089
02501
01814
02500
07110
01278
03664
03525
02050
03924
03775
06024
00549
01760
01952
00652
01935
00833
01012
01803
07019
00428
02342
03734
09941
12257
01923
06886
01235
00558
06223
00384
03701
03092
08301
03530
00942
06195
10255
00648
08994
06975
01443
07391
01880
01784
06173
03723
07146
07798
07787
00831
07043
06911
11175
06178
01433
03525
04656
04654
04655
07106
03534
06907
03300
02529
01815
00001
00128
00128
01053
00065
01840
01190
01198
01209
01966
00248
03520
01897
01897
01897
00666
00290
01113
10027
06147
06147
06147
01537
01537
03296
03296
03307
03307
03307
03307
00971
07250
07250
00632
01130
01186
00666
01436
02031
02032
01200
00118
07045
01190
01179
01739
01992
02303
03574
00042
00248
00459
00956
01130
01113
01992
01992
09810
06158
03088
07729
09936
07133
01409
01887
01886
06890
02825
00609
03775
07095
06969
06969
07305
14441
03768
09812
02197
02198
04750
06168
03655
03829
00823
00274
05989
03648
03405
07264
07075
05349
06996
09761
11749
04082
00791
03113
03671
04762
01008
06917
00228
00757
07461
00616
02340
01448
00330
00331
00332
00333
00334
00335
00336
00266
00265
02080
07263
07444
07566
06876
12658
00285
03841
00337
00338
00339
00340
00341
00342
00343
03561
03832
02040
00615
01669
02836
00940
07456
00853
01804
03522
03521
03273
01953
09955
00275
07141
02005
09931
00573
02348
00901
00845
04066
00428
05349
00029
01077
12508
00549
13628
04488
04487
01847
03711
02014
06015
01782
00626
01201
01061
01778
01620
09167
08981
01679
04564
09955
07214
07214
07154
03111
01673
09808
09989
05970
01181
01744
03499
07305
06903
06907
09164
06878
00681
03825
06888
04758
04759
03284
02337
06966
00851
00851
03427
01154
01153
03735
03736
01051
00041
01685
01812
00874
01625
08191
07148
07148
07491
00346
00347
00348
00349
00350
00351
08999
07133
02014
03519
03518
07402
01787
00864
07052
00335
00123
01006
00554
03773
03186
11754
03559
03559
03561
07516
03075
01756
06873
03168
01448
02347
03179
01354
07088
06978
04761
01488
07117
03294
07303
07302
07303
01958
00604
00135
00135
03718
03596
01697
07713
01053
01869
03503
03502
03427
01154
01153
01895
03092
07075
01266
02014
07154
05520
01259
06169
01495
03885
03549
06966
01669
04075
00639
00024
05516
01752
01667
07397
07240
04047
00925
07239
07090
00390
04653
04652
04651
06282
06281
03620
02019
02313
03088
09792
00406
01061
10805
01262
00705
03830
06015
05989
01673
02548
09811
06153
03177
00057
01465
03271
03088
07338
06886
02014
06871
06443
00162
11752
00850
03088
03088
01586
01873
07568
00763
08296
07658
07636
11927
00945
07568
02004
14347
01011
02342
00074
04564
01965
13993
01951
00556
15034
00812
07157
06894
01686
03437
10773
01933
07735
00645
00215
03555
01588
01201
01785
07395
01938
03811
12251
05341
04755
03270
03179
06287
03654
10680
03531
03590
03589
01924
02563
03588
01925
01000
01928
03587
03438
03925
01585
00688
00865
01915
04755
00626
00281
03274
01194
10764
00133
04567
01053
00067
01790
03977
00793
10439
10440
10441
00088
13745
00121
04518
04517
04516
06966
13789
00384
03088
07119
00783
00784
00927
00134
02888
01358
01259
02276
06889
11927
06157
01478
07107
07058
03497
03496
01507
07478
00240
00239
00241
12573
03088
08641
01192
03797
01734
05367
07501
03215
18333
00428
07148
01533
02477
02477
13730
14475
01181
07497
01990
12340
02477
03086
03321
02022
07017
07038
14218
01768
03088
03704
02899
02904
03772
09386
01715
00018
01130
01183
01081
01768
02303
01467
14742
01990
01990
00344
03741
04063
07497
06926
07005
07017
07394
01286
07273
06921
06921
06926
07017
13990
02477
02477
02477
00428
01838
13623
06193
01921
03088
03088
02990
03574
02033
02195
07011
08998
15578
15579
15342
15342
14415
14228
09022
15633
14230
15736
03929
03929
03929
03929
15746
14228
15576
15738
00108
02428
15726
15460
15577
15532
01082
15862
00812
14225
14225
15866
08679
15977
01198
01209
10716
15987
15923
15977
01673
02477
16091
16092
05350
16091
15726
16089
21573
10716
16087
14232
14235
16055
16212
01684
01218
01992
16211
03294
16213
03299
16363
21430
21430
03699
16329
07171
14230
13018
02067
18828
18828
07046
07012
01835
15923
11720
14226
15923
14223
21571
21571
14218
14218
07091
14219
14222
01977
01977
00184
17103
01978
00367
14233
14234
14232
01990
08738
00392
01983
17218
14229
14225
14225
01980
01980
14224
14224
01985
01985
08738
01990
16087
04084
17686
01186
14233
01256
19271
06921
00254
14219
17837
18138
03585
04757
14237
17838
14259
03520
14234
14233
03605
14224
14220
14228
14230
14219
14220
14223
14237
14231
14221
14221
14234
14233
14228
14219
14236
14234
14232
14219
14227
14227
14221
00663
14228
14230
21469
01686
18199
11782
11784
11783
20461
18285
03564
11785
03742
03332
18660
18707
18682
07171
18828
07171
07171
18928
18929
19000
19033
00594
18979
01820
11991
00986
19088
07464
19075
19142
09127
19091
07452
16238
07452
09951
19170
19147
19141
19142
19147
19090
19171
19158
09951
00499
21498
07061
19076
07451
00798
19265
01785
19302
01990
19340
01992
01992
19341
06881
19713
19689
13877
15777
01337
10206
03307
03294
06351
01286
01286
07214
05770
20036
12132
20344
20459
20345
18890
18889
01179
01214
01897
01854
07407
01426
02613
20534
15923
00287
00568
00355
01258
08651
08676
03088
03088
04077
06180
06180
01173
03694
02003
02557
02014
12340
03299
03321
03832
15727
19172
20885
16213
17758
17759
00046
05989
15977
20940
07161
08994
06921
02078
21062
08968
21065
03696
03696
13993
13993
03768
03502
09691
02004
02004
02004
02004
02004
02004
02004
02004
02004
02004
00821
21147
02481
02481
21420
21420
21572
21572
21572
21572
21573
21572
21572
21572
21572
21572
21572
21572
21572
21572
21572
21572
21572
21572
21572
21572
21572
07334
21572
21575
10026
21572
21572
21572
21574
21575
21572
21572
21572
21572
21572
21572
21572
21572
21572
21572
21817
01634
00754
01463
22132
22136
21903
00467
03077
02257
13566
22491