01834
02909
02858
03110
02106
01035
01034
02946
02906
02926
02892
02886
02965
02890
02982
02878
02904
02961
02874
02895
02931
02954
02994
02933
02881
02988
02907
02876
03076
02919
02952
02948
02986
03040
02879
00099
02838
00963
01872
02529
00557
02335
03218
01710
02899
02888
02523
01945
00600
03070
02967
02357
02536
00981
00806
01869
02340
01879
01878
01689
01092
02913
02902
03212
02968
01661
02549
02160
02687
01703
01704
02338
02313
02914
03217
03101
02064
02063
02062
01155
02372
01937
02067
02066
02065
02193
02194
02195
02196
02197
02198
02199
02529
03274
01000
02563
02535
00817
01903
01902
02945
01591
03113
02824
02343
00029
01963
00641
02469
02013
02600
02519
01153
01154
02834
01673
01893
01095
01889
02887
04755
01736
02956
02427
01886
02438
00324
00325
03168
01868
02038
02037
01657
01658
01873
00571
01155
02339
01679
01933
01696
01695
02996
02871
01935
03088
02956
02013
02015
02016
02018
02020
02517
02622
02621
02169
02493
02835
02314
01887
02494
00919
01866
00793
01588
01589
00813
02006
02007
02897
00525
00526
02017
02018
02020
02019
00785
00549
02851
02837
03060
01897
02379
02380
02344
00564
03100
01448
00791
00858
01883
00865
02012
02011
02010
03106
01875
02558
02010
02011
02012
00876
02342
02078
00648
02911
00566
03118
01911
02560
02884
00554
02860
02959
01096
02035
01154
01951
03074
03072
03210
00773
01633
03089
01885
02552
01876
01759
02356
03215
02570
02573
02574
02568
02569
00939
01892
01515
00567
01962
00878
03214
00820
03169
03075
02341
01807
02501
02500
02116
02529
02548
01155
03046
03043
02863
02867
01624
02970
02316
03086
01428
01429
01430
02939
02963
02686
02990
02518
02528
01525
02470
02358
02355
02992
02950
02498
00057
00014
02429
02431
02430
02441
02444
03088
02358
01867
01756
02864
02935
02527
02446
02439
02521
00113
00112
00111
02445
02440
00864
03073
02601
01881
03071
00631
01952
09160
03636
03637
02507
00346
00347
00348
00349
00350
00351
00383
03602
07478
00991
02682
02504
02505
02506
03308
03308
02111
02113
03282
03187
03188
03189
03190
02656
03571
03570
03569
02114
03686
02806
02769
02770
02777
03319
00384
10563
01735
03499
03601
01462
01734
01646
01770
02109
02108
02110
01752
01754
01733
02112
02115
03304
06193
03683
03720
03684
03273
03269
03687
03424
03424
05995
03306
02564
05786
06206
03980
03303
06207
03500
01929
03310
03310
03501
03216
03313
03314
03312
03327
01419
02843
03271
03498
03424
03639
03311
03667
03536
03284
03628
03402
03111
03590
03286
03385
03495
03531
01627
03528
03756
01649
06178
06187
03703
06204
03750
04744
04066
03565
03553
01653
03438
03832
03611
03603
03607
03589
03629
01739
03806
01652
01652
04087
04088
03666
03650
03562
01662
03752
03588
03651
03648
03977
03770
05820
04082
01788
03550
03317
03654
03596
03469
03470
06186
03702
03701
03674
03732
03604
03613
03614
03612
03615
01738
03634
04488
03923
03745
03616
03617
03771
03635
03799
03598
03597
06199
01626
03831
03632
03633
03631
03640
03641
03646
06196
04044
06203
04079
03630
03801
04078
03777
03778
04077
03707
03813
04763
04083
04043
03582
03583
03581
03574
03573
03572
03772
03664
03814
03786
03587
03586
03600
03599
03592
03558
03564
03551
03764
00558
03789
03718
06149
03625
03554
03563
03644
02337
06202
03733
04760
03544
03655
03837
03656
03657
03545
03543
03695
03925
03787
06205
03645
04085
03673
03704
03557
03595
04016
03593
03978
03685
03746
06212
06190
06181
03798
03671
03555
03748
03643
03624
03578
03775
03753
03580
01159
03575
03576
03584
03723
03834
03835
04013
00426
04487
04773
04774
04770
06177
03820
01056
00245
00244
04084
01118
03839
02551
04764
06179
03981
03841
06183
06173
03833
06180
03177
04754
04761
03804
04567
03781
03784
04762
01420
04075
03719
03721
03791
06176
06194
04017
04018
00425
03803
03797
04751
00247
03885
04068
03560
04069
01766
04564
00246
03439
05539
05786
03768
03734
05540
04096
09811
04485
04568
04691
05801
06518
00885
05365
05366
03722
03270
05589
05527
06189
05802
05809
05807
05810
05837
05803
05592
00163
05788
05541
05515
05590
05501
05844
10773
00537
06142
05851
06158
06077
03568
06076
06168
01207
07560
02742
02553
03527
02168
02200
01737
06148
06148
06223
07076
00954
07084
07106
07460
07040
08680
03431
07082
07173
07091
07107
02471
09808
03427
06726
07126
07115
02071
07121
07122
07125
07014
07133
07160
07636
00836
07343
00872
07657
02647
07090
07090
07090
07773
07213
07674
01258
07685
07666
06956
06997
06980
06958
07277
00884
07007
06968
06959
07662
07053
02073
07071
07153
07154
07154
07056
07042
07270
07270
07270
07149
06215
06861
07236
07237
07235
06899
06866
01246
06949
07085
07109
06909
07058
07400
00297
06925
06941
07285
07286
07220
06942
07184
07226
07268
08681
07271
07278
03386
07259
07320
06918
07287
07306
07307
07263
07391
07261
07507
07447
00974
07262
06901
07322
07258
07323
07308
02040
09903
00912
09158
09861
09022
07390
09798
09930
05952
09802
07462
09824
00891
00757
09862
00059
18893
00901
00748
03315
08990
00783
08992
08998
07483
07483
02520
00627
09001
08296
09125
06879
08303
08300
08301
08309
03445
03446
09812
06016
08092
02679
08316
08591
09917
00794
08218
09890
00965
06041
07473
09893
09894
09895
09901
09902
09892
01414
09891
09888
07497
09929
09748
09960
09961
09899
09896
09897
09900
09923
02825
03711
00134
00124
10094
09136
00970
03979
00882
02221
01497
09810
00857
01586
00867
09747
05838
02680
02916
09774
09780
10545
10540
10541
10542
10543
10544
09761
09760
08311
09801
08306
08310
09789
09765
09767
09908
02217
09471
09909
09910
09911
10763
01613
09998
09999
10441
09906
09904
09889
09858
10000
07497
07497
03788
09997
09159
07792
09710
09808
03561
07568
03559
02199
07735
07738
07574
07491
07491
09800
07724
08304
00859
07741
08363
07479
07821
07552
07566
04095
00945
00831
13038
00989
01142
01686
01760
01494
01443
01639
00262
00088
01714
00075
00868
00788
00998
00943
00765
00817
01744
00033
00036
01914
00640
01628
01818
00133
00014
00769
00053
00769
01042
01358
01687
01778
01610
01755
01785
00275
00931
00560
00850
00052
01079
00790
01805
01619
01924
01772
00925
00761
00759
00147
00215
01716
01489
01141
00766
01935
00652
00833
01433
00674
01595
00945
00164
00990
01265
01923
01147
01776
01338
03808
01520
01255
01495
00101
00287
01126
00615
10805
03566
03117
00942
00962
01256
01424
01784
01783
00208
07645
01091
00604
00849
00979
11179
01921
08483
11183
02768
11211
03116
10806
10914
06177
10440
00852
00700
00611
00926
10439
00688
00975
01803
09815
01925
09816
00948
00647
00677
00616
01940
01356
00382
00800
00013
01814
00873
00854
01897
00940
00703
00826
00286
01972
00762
00764
01775
01810
01939
00927
00789
03834
00995
09817
01928
00874
00658
00655
00799
11072
01507
11070
05787
04047
11107
11071
11069
11069
02681
01625
04042
01910
11747
01270
11928
09824
03673
00983
00946
00796
00705
02217
00795
03271
01139
02238
01915
02784
01874
01890
11085
00058
00645
11065
00018
11175
07862
00760
01012
01961
01439
01664
03719
07648
01643
03426
11755
12370
12982
11753
02496
12267
12372
13292
01243
00982
11752
01069
03524
11754
11719
02237
00024
03642
00950
00656
01175
01008
00951
01409
01581
00879
07812
01048
00626
01262
03591
00880
01089
11749
01840
11720
00602
01644
13637
12940
13288
13927
06211
13788
12371
00127
01347
12573
13628
14055
03272
12984
14058
12524
01491
12369
08296
00996
13643
14218
03431
13745
13695
00121
01792
14228
14219
14238
14237
14237
14237
14237
01977
01977
01977
01977
01977
01977
14229
14229
14229
14221
14221
14221
01983
14233
14228
01070
13498
13634
14230
14220
14220
00941
14233
14233
14236
14392
14187
14229
14234
14228
14228
14218
14218
14218
14232
14232
14230
11604
11605
14225
14219
14223
14223
14228
01978
14224
14224
14224
14445
14225
14225
14225
01985
01985
01985
01985
01985
14235
14234
14231
14260
11606
14227
14227
14227
01524
15035
14226
01980
01980
01980
01980
01980
01980
14237
14222
21029
15396
14233
06133
14230
14230
14170
11607
14219
14219
14742
19229
16013
10823
15598
15600
16012
15256
15257
15582
11991
15580
15738
02428
15539
15724
04765
15460
15583
15599
15581
18136
01082
01665
02836
01934
13694
03307
08987
15977
15984
15977
00796
18828
02424
10009
16087
16087
16087
16087
16087
16087
16087
10010
19227
03299
04015
04014
08364
01985
14235
01985
12368
01166
19230
16915
16868
03585
02503
02017
17686
00254
17948
18138
21498
01119
18691
07316
18829
18829
18828
19239
02847
18850
03976
03526
18991
19157
19226
19228
07317
04772
19416
19804
19810
21636
11751
21394
21395
21394
21393
21393
21395
21470
07334
21602
10026
21948
19591
22025
22132
08319
22131
22105
22130
03079
03077
03078
18446