02619
10773
09767
03596
01246
10563
03545
03637
02945
03575
05787
00833
05515
03832
03495
00850
01963
01610
05590
07560
03624
02992
04567
00954
05851
00112
03686
02518
03111
02501
03746
05788
03654
00111
02939
00872
00324
03557
03574
02316
02906
02961
03656
07455
02890
01430
03707
00134
02344
03833
00627
02358
01738
00558
02601
03601
03602
00208
03559
11183
02768
02011
02012
03979
07270
07270
07270
03060
04069
10545
10540
03778
01657
01665
01696
01695
02573
09748
03113
00382
05366
02535
10763
03587
01744
03274
03273
03781
01878
06204
03723
07042
07308
00567
03110
02909
03814
02621
03470
13038
00350
00351
03169
03168
03554
00891
02871
03711
06187
02907
02874
02994
02933
01419
03569
05592
02078
09760
06206
03835
00425
02837
03628
06076
00648
03641
02160
04754
06968
03923
02037
02038
00974
03685
03040
02112
03188
07447
02913
06189
03701
03777
03572
03573
03583
03702
03657
02879
07636
02931
02881
05801
02952
03655
03584
01704
03550
01159
06196
07084
00901
03666
02888
02835
07226
03269
03308
00867
06179
03498
01428
09891
07400
09747
00882
03424
00943
07082
03771
09824
09897
03803
03753
09888
03695
03218
00275
06207
01915
02111
02113
03786
03117
02313
03427
03617
03613
09903
02570
02380
04044
00970
02528
06223
03645
07645
01153
02010
00793
00794
00631
01883
02551
06866
00939
08218
07262
02656
04082
04488
09960
06202
01881
03308
01652
01687
01356
01778
11065
01952
09798
08306
02858
03216
08316
09812
02892
02886
02878
07552
00147
02769
02770
03576
00101
01776
02115
02109
01154
00537
02116
02108
02114
02110
02498
11211
06173
02012
04079
03106
01875
08304
09816
09817
03721
08300
00878
00788
03214
00998
03603
03611
00950
06925
00982
00858
03687
10805
03671
01733
06997
03719
01624
02193
03116
09790
00245
03187
03189
02982
03614
03615
03789
02470
02965
02946
02904
01095
07792
07058
01118
03564
06178
03469
02682
02600
06180
03313
02959
10914
01589
03177
01903
02340
02341
04564
01338
07173
02825
02343
03581
01448
03071
10441
02687
02337
02338
02339
10542
10544
10439
10440
00647
02950
03553
02686
10543
10541
02867
02864
02935
03043
03046
18923
06177
02342
03646
03640
03616
00346
00347
00348
00349
01646
02335
02507
02529
02529
02529
01439
03768
07792
00058
00658
00655
02496
00640
00014
01818
02430
02441
02444
02073
02072
02071
09894
07685
01586
00946
03625
01893
01129
08992
02824
01515
07268
02431
02426
03427
02519
03593
02015
02016
00641
03215
03831
03439
09923
02572
02568
02569
00059
00885
00799
07504
03111
03554
03560
07107
07285
03684
06942
09801
01507
02504
03651
02895
02954
02988
02876
02948
02986
00099
04083
01755
03563
01872
09895
00849
06190
09780
08309
03720
00246
07662
06899
09904
07014
03752
09896
03673
03612
02018
02020
02019
00549
07091
01255
02168
02777
08483
06949
01265
09910
01923
01940
07160
00163
01734
00759
00761
01591
00945
06215
08681
03568
07056
07121
07460
03271
00164
03797
03607
03635
03639
07322
06041
03270
09909
09930
09929
03634
07478
00800
01433
01887
09907
06077
01810
01775
00873
09906
02493
01627
09808
02169
01935
09808
01626
11749
03078
02838
11107
04763
04751
02681
03772
06149
06203
09892
01834
05802
03561
02017
07666
07657
01911
07235
00564
01525
00703
02574
01079
09893
03151
00795
01662
03600
03599
02996
01935
09902
01495
03750
09901
03088
08296
00796
03798
02427
07574
02956
01716
04770
09911
02887
02916
02520
03704
09917
04087
00762
00989
01885
09858
00757
08680
02552
03837
03764
03806
09761
07735
00286
05820
08310
01876
03683
04067
02356
06194
03835
03544
03073
09022
03799
01256
03820
01056
01420
11747
01628
01096
01270
00813
02548
01091
03632
02784
06183
01874
01890
02563
02926
02521
11085
04568
01679
01807
10954
01673
03636
01658
04043
03070
01892
07568
09811
03566
03784
06186
11175
09125
07862
01879
01703
07347
00760
01653
03633
06181
03075
01961
03501
05539
01867
07153
01756
11069
11070
01258
04047
01489
01886
09160
00700
03787
01951
05786
03598
03597
03088
09159
00963
03282
03499
00604
01462
02438
00975
00688
01868
11179
01141
02036
02040
00766
04653
03311
00962
09890
03548
03074
03072
03210
00773
01714
07287
05809
01633
08591
07674
03089
00133
07507
02527
00014
07566
07479
06158
06205
01770
00991
05589
00769
01803
02439
00053
01126
02440
00864
00769
09800
03775
07751
00940
02899
02523
03310
07773
04084
01945
00600
00859
09862
03732
03591
03543
00287
00931
08311
00560
00942
02379
00123
03595
03565
06199
00611
00926
01581
03756
06016
05995
04764
01736
07261
02560
01008
02884
00554
02860
01735
02035
01414
03427
01153
07648
00088
04077
04075
03571
06175
00325
01689
07007
02199
02679
02680
07738
00836
02902
01520
05501
03212
01870
03980
02968
01661
02549
03570
02506
01664
03674
05844
03312
02517
09815
02558
00995
03604
01939
02897
09908
02007
02006
01588
07345
03327
01866
00948
00919
02494
07184
03306
07220
07306
08363
02372
04013
03385
03578
00426
01937
03811
00790
07323
02067
02066
02065
02194
02195
02196
02197
02199
02200
06901
00876
01494
08159
03977
01443
01639
01788
04088
00645
02911
07040
00383
07286
03734
05952
00566
05810
00927
03834
00857
01409
02970
03086
03190
04078
02963
02990
03664
09861
04096
02914
03536
08998
03650
03770
03101
03527
03299
02440
02064
01012
00615
00880
03284
02221
03319
01910
03644
03801
09158
05837
00783
09710
07085
02471
01142
06177
08990
07109
06193
01812
01686
00979
00912
06980
00765
00013
00817
01814
03834
00033
08987
01057
00036
04762
01914
01783
06959
04760
04761
03745
07237
01873
09900
09960
03788
11069
06726
00852
02553
03304
02863
02967
02357
02536
06142
07277
00981
01869
03643
01933
05807
00656
03310
03118
03839
01972
03528
02843
01805
07391
03978
09824
00616
03925
03438
03586
01928
01929
01000
01925
03588
01924
01921
03589
03590
03531
02806
06861
09774
09889
04068
05838
07390
00831
09802
00789
02742
09998
09999
09997
10000
03271
01737
00826
07320
00925
03558
00764
07071
03402
02836
03981
03303
06918
01595
03076
03718
05527
01760
01897
03748
11072
07263
03426
00652
01154
00029
12247
00247
07126
02851
04085
01147
01139
12982
00558
00884
03791
04042
12297
00748
01207
01207
00983
12267
12410
05540
07821
01497
12372
09810
07343
01034
00785
04016
00626
01243
11991
11752
01766
00965
01069
03524
11753
04487
11719
01785
06168
09898
07122
01154
07278
02217
02217
02505
03719
02237
01759
03386
01358
00024
06957
04755
01089
01784
07307
01840
07090
01710
11928
11720
01092
00602
01644
13637
07053
01424
13288
13256
06879
07133
00297
00215
13927
02445
06211
07149
13788
07270
07126
00854
12371
00951
02200
02008
12573
13628
14055
02062
01048
03272
12984
04691
06956
07271
01491
08092
12369
06518
00996
00018
13643
01156
14218
13745
13695
00121
01792
14228
06148
06148
04753
01035
03673
10094
14219
09961
14238
14237
14237
14237
01977
01977
01977
01977
01977
01977
14221
14221
14221
14229
14229
14229
14233
14228
14228
01070
13498
13634
03317
14230
09789
06909
07741
03292
07483
01175
06218
06909
14220
14220
14236
14392
14233
14233
14187
01934
14229
14234
14232
14232
07213
07213
14228
14228
14218
14218
14230
11604
11605
14225
14219
14155
14223
14223
14224
14224
14224
14224
14445
14225
14225
14225
14441
07491
01985
01985
01985
01985
01985
01985
14235
14234
14231
14260
14227
14227
11606
01524
07733
14226
14237
14222
15396
14233
14230
14230
14170
14219
14219
14742
19229
16013
07316
19239
03326
10823
15598
15600
06919
15256
15257
15582
15580
15738
02428
15539
15724
15461
15460
15583
15581
04765
18136
01082
15977
15984
15977
07271
07213
07213
18828
02424
10009
16087
16087
16087
10010
04014
08364
16264
01166
01985
19230
16915
03585
01980
01980
01980
01980
01980
01980
02503
17686
00254
00124
00127
17948
00123
18138
07090
07076
21498
18691
18829
18850
10747
18893
03976
03526
18991
19226
00571
19228
19416
19804
11751
20074
21394
21029
21393
21395
21470
07334
21602
21948
19591
06212
22132
08319
22131
22105
22130
03079
18446