14682
01259
02462
18923
01961
07126
03818
00568
13292
00956
02414
12340
06598
03446
04751
11754
13069
00520
00823
01980
01980
10804
07122
04774
01784
07097
03709
00970
08364
08365
01835
09966
06972
01759
03634
01069
01455
01426
06218
01737
05540
03557
00974
02433
03500
02004
02650
03719
07114
07114
09810
02650
03814
00329
00356
01934
02418
02004
02005
02483
01470
09004
02056
02057
02057
01485
02056
02057
02057
02058
00839
02058
01271
05297
07394
03676
03719
02351
08998
07221
13599
07276
13590
01491
01424
01104
11085
02503
02455
13038
00297
02463
02116
13288
13482
00790
00765
00013
00817
02343
09747
06187
00703
00700
00975
00705
02003
02051
02050
02049
01915
07722
09967
09967
04066
03153
02017
02018
02020
02019
01669
03194
03169
07344
06223
03205
03574
03625
02419
02420
02421
02401
02404
04562
02405
03413
03414
03407
03412
03496
03408
03408
10763
03775
00963
03809
01953
02821
06958
02806
05808
03092
06861
09774
11719
03270
06041
02065
02066
02067
07323
00954
01875
03624
01955
01956
06213
06949
08307
03789
01649
02652
02653
02654
00859
00641
10974
09958
02274
02275
03650
03217
03536
02914
03778
01776
04758
04758
04759
05516
02919
01693
02501
01814
02500
01496
01523
03116
03117
03118
07234
03119
01689
07727
07043
01255
02393
02392
02391
02390
02389
02388
02387
04485
03613
03612
03614
03615
03616
03617
12141
12140
02036
02038
02037
02040
03734
03703
07689
00648
03621
02911
07040
06287
08227
03322
02051
07462
01624
00873
00927
00134
00615
02044
00789
01251
07340
00833
09761
02836
04567
03593
11065
00847
03893
03601
04061
10941
02408
02409
02410
02411
02412
02413
03746
03925
03438
03586
03587
01928
01845
00788
00845
07190
04083
02434
02433
02435
03569
03570
03571
00901
02437
06193
03564
03282
03644
03801
09158
00824
07258
03642
05837
05515
01507
00939
04744
03771
00097
02528
01057
06195
01525
01933
11175
12339
01462
04096
03747
03168
07566
00228
02909
01012
01657
01091
01091
01783
01887
01495
09694
09695
02527
02517
00826
03154
02237
02474
00674
07267
07712
07708
01589
01588
03304
02039
00937
00931
03979
02899
02888
07233
07798
07787
09792
03578
04760
01584
04748
01601
03752
01719
02302
00372
00363
00362
03657
03406
05564
05563
05562
05561
05560
05559
00950
00606
01918
01962
04075
00567
08289
02970
09117
00266
01599
05366
02662
02664
02665
02666
00891
03087
00831
00566
07153
00343
00342
00341
00340
00339
00338
00337
00336
00335
00334
00333
00332
00331
00330
03075
01803
03431
00796
03798
02427
07152
07574
00684
03455
03723
02069
03655
03284
02452
02453
02454
02456
02458
02459
02460
02461
02168
08223
03529
03528
01972
02523
06158
08296
00616
03088
12297
00647
01716
06186
03711
01494
08311
08484
01810
00036
00033
01595
00864
02314
01775
06194
09823
07112
07112
00855
03640
03583
02356
03089
05595
03559
03561
03832
07336
00380
03670
03669
03670
02337
09794
03635
03750
03637
03639
00231
07320
01613
01633
00760
01207
02019
00432
02342
01669
03585
01246
06886
00526
00525
09816
09817
09815
06024
03179
07799
06911
06199
02837
06980
03149
03439
02342
03469
05820
01736
01586
00641
02221
00286
06997
02669
02670
02670
03575
07289
03636
03841
09181
06153
00794
00793
11752
07738
00600
02238
00575
03415
01058
01679
00677
02372
02536
06142
07277
11749
03980
01439
00767
03778
03286
04062
01776
07657
07636
02667
02668
12267
03607
08218
09902
01735
03112
00265
01929
01000
01925
03588
02563
01924
01921
03589
03590
03531
03086
02316
06131
03406
01876
03517
09690
09691
01711
03606
00425
00426
01669
07395
04764
01890
01889
02887
02916
02520
01868
09921
03733
01419
03667
03183
01591
05788
02945
00945
00800
00817
00831
02469
03286
03442
01866
09001
01647
00145
01265
00990
06177
08083
08082
01755
00275
03648
03630
03561
03559
03832
01749
01719
02496
02498
03673
07399
03978
03576
00383
01586
07568
00773
03210
03072
03074
01092
02533
00640
03088
09930
09929
06888
07102
03654
02558
07157
07088
03524
03525
02358
03073
02601
02867
02863
02864
02935
03043
03046
02950
02992
02355
02358
02946
02906
02926
02892
02886
02965
02890
02982
02878
02904
02961
02874
02895
02931
02954
02994
02933
00411
00412
00413
02676
01465
06176
07390
01687
00764
03558
03749
01963
01695
01696
01817
06173
02494
00919
00948
02897
01056
06942
01698
08990
06918
02471
03820
06189
07042
06217
06168
05539
03688
03581
03582
07341
01903
01902
01950
01821
07663
07641
00620
03070
02535
04079
02884
00554
03424
00946
01095
00088
01951
03427
01154
01153
00031
04078
04077
00688
02406
06603
02407
02422
01654
01881
03567
03564
07175
00549
03683
03722
05365
07028
04062
03555
03610
00099
00981
00806
02838
09903
02357
02967
05896
06190
09780
03769
00962
02956
03177
02834
02519
02600
09748
03686
04043
03687
00858
03631
03215
07265
01991
01790
00067
01710
00973
00957
00860
12511
12510
02283
02280
02279
04042
02114
02112
02115
02111
02113
02109
02110
02108
03497
03496
03501
03495
03704
04761
02313
02338
03629
02470
03744
01142
00681
00761
07402
07127
02553
01488
03496
03294
03602
00795
01662
09007
03424
03671
03628
01945
03216
00057
03071
03672
03797
00573
03147
09948
03684
03768
06204
03832
03734
01920
01919
02658
02659
02660
02487
06596
08312
01658
07552
01159
03550
03551
07107
03562
03560
03646
03641
10026
06920
01243
00759
03787
00573
01465
00609
02825
07447
07735
06178
02066
02065
02067
11927
01007
03609
03608
07112
07112
04762
03786
02160
02687
12957
01873
02339
02939
02963
02990
00997
03474
03584
03595
03685
03100
03596
00003
01733
00940
06941
02656
01892
00836
00135
03977
02556
02557
02335
06966
02204
03807
03806
03743
09858
03212
00133
00052
02860
02959
01939
02502
09937
04087
04088
03665
03666
00791
03572
01448
06925
01867
02902
02913
10563
02968
00762
03695
01462
02584
01725
02014
09912
09941
01442
06203
03805
03527
03774
03101
01870
00865
00647
00059
02881
02988
02907
02876
03076
02952
02948
02986
03040
02879
03702
12573
03218
00812
03553
03565
01872
00928
03563
06940
06076
01778
06207
03106
03545
01358
03544
01338
03530
03770
00208
03690
02014
09014
09013
09015
11717
05710
00548
09928
03543
06075
01937
01627
01689
05589
00991
01770
04084
07113
07226
03777
03271
07460
07121
07056
01714
07287
01940
01885
07007
00014
01807
01754
00278
03088
03597
03803
02415
02416
02417
07266
09689
09688
10107
10764
07058
07478
03466
03600
03599
00574
09801
03664
00134
03656
01952
02386
02398
08316
03110
09812
09811
02291
06915
00163
00627
00382
03152
03320
04752
06916
09159
00240
00239
00242
00241
03710
00822
00140
01915
00135
11074
11075
11076
11073
01915
07010
00375
09471
01480
01845
01775
00285
09806
07391
06917
01008
02259
07152
02003
08084
02671
02672
02674
02655
08084
03701
03111
00681
07115
07095
05527
03060
00942
06077
01142
01772
00384
00325
08722
01129
00602
09760
07313
00982
09768
02078
09458
02078
08303
00389
03503
03502
03924
09136
03184
03185
01262
09895
09888
00287
00560
04748
09822
00341
03496
01602
01601
01704
01703
10680
00979
09791
00912
03559
03561
01626
08301
06287
00783
00969
00147
02340
03643
01869
04564
06973
09800
07278
02622
05838
08300
06179
01091
04773
06891
03694
02518
02397
02396
02395
02394
01520
00930
03924
06718
00836
06720
01092
09945
11753
06223
07659
07638
01915
09822
05577
06888
07093
09808
00696
01756
03554
01256
02426
03088
08363
04047
01886
03470
00748
01438
02621
11720
07091
08303
06876
00012
09889
00820
03567
05810
06180
05807
03981
04763
01895
02996
02871
11473
07397
01609
00766
01878
01879
00655
06181
00029
04782
00652
02517
02560
03498
03499
03500
00604
07734
06940
09913
07259
02556
02557
06923
02492
02835
02493
03799
01874
02841
00075
03805
01515
01682
09160
01894
08309
01141
10773
00798
00655
00995
03269
03768
01883
00406
00405
00404
02169
02170
08591
01409
01923
01935
09701
00574
00053
01653
01652
03975
03638
02341
00943
07082
02619
01657
09458
02078
00059
00645
05592
06218
08982
07733
09131
07497
06147
03296
01607
09710
01768
02483
02663
00846
03386
07782
01455
09457
00058
11189
08305
07027
00652
13643
01792
13481
13938
13893
13894
13896
00951
13895
03782
13993
14228
14232
01113
14155
14225
14225
14232
01977
01977
01983
14229
14225
14228
05997
07114
10938
00215
13771
09005
06023
02584
02673
07483
07486
09472
14232
14228
14236
14233
14227
14227
12256
14221
22044
14233
03406
14230
14234
14218
14223
14230
01535
14228
14393
14219
18979
00941
14228
14224
14224
14231
14267
14234
14218
14218
14441
01524
15125
01985
01985
14234
14219
14226
14235
14237
14237
01978
14222
14220
01011
01011
01011
14225
14233
14230
14261
14219
02083
13590
14742
01941
14652
16013
03088
15577
15034
07464
01941
01457
16012
15256
15257
08086
14219
15633
15576
15738
02428
15539
09022
15724
15577
15461
15578
15576
15778
15578
01082
15342
01082
04517
08679
15984
16092
16090
15726
16137
03320
16074
16264
13283
03321
11959
11959
11960
11960
11961
11961
11962
11962
11963
11963
07012
16952
17226
17227
17230
17103
08738
17229
17713
17218
17218
17218
02028
17222
17223
17224
17225
01990
01992
01533
03671
17686
00821
19745
00254
03585
18138
01791
18590
18691
12994
07171
18778
18850
07484
03526
07746
19118
19119
19059
19117
09951
18918
19158
19058
19092
19058
19159
04771
19416
19302
04771
19302
19713
00992
19696
19837
05770
09796
20266
12132
20444
20531
20532
20533
20534
20527
20528
20529
20530
16011
21071
21025
21029
01139
21498
21703
21703
21703
03741
22132
22252
22292
17758
17759
02257
13061
22452