13797
06168
03191
01428
08303
02112
03605
01961
02217
02419
03550
03743
06176
06180
06178
09903
09805
03664
06861
05540
09812
03831
03408
02887
07126
03750
03621
07126
02394
02397
02899
09860
03313
00872
02835
03553
02483
03551
02238
02013
06997
03702
06148
03517
02483
02065
02071
02563
07107
08602
01042
01633
00290
00616
01928
01271
01875
00943
00571
00571
00571
00826
00428
01476
01159
03841
02404
03106
03110
09794
09792
02313
02600
02897
02066
02388
02073
03642
03474
02406
07126
06940
02410
07449
02416
00782
09778
10773
02242
07337
01419
09761
03711
03786
02434
09747
03635
03636
02415
04651
04653
02390
02860
02959
07042
03073
02913
03111
02990
03075
02919
02881
02954
02895
02904
02890
03570
05807
03563
02914
02386
03210
02408
02387
04061
06199
09765
03559
03561
03559
02072
02392
02996
02871
03687
02356
06442
03117
07126
07126
09943
07126
03559
03839
03445
02992
02950
02838
02948
02952
02988
02994
02874
02965
02946
03561
09774
03981
00794
06891
02221
00208
03182
05515
09458
00648
04655
04043
02836
04485
06196
02483
07478
01153
07056
03923
02481
03545
07043
01154
03427
03495
02519
07456
02945
06901
03427
03415
03694
03086
02484
04079
02517
07098
07082
03701
03977
01153
03310
03531
02484
03650
03655
03723
03799
04077
03798
14652
09748
06173
00783
08973
02108
02114
02115
02111
02113
02109
02110
08591
09811
09710
09804
03525
03625
03781
02433
09859
03787
00246
00244
03101
02527
02018
02017
01990
04042
04773
03768
00574
01951
00954
00800
03527
00413
00058
00412
00411
00833
00262
01772
01494
00573
01784
01690
00036
01057
00845
01756
00681
00558
00604
00554
01873
00286
00384
01810
01839
00133
01155
01155
00640
00962
01945
00806
01719
00928
00796
01455
01872
00014
01867
00762
00949
00766
01265
00566
00969
00927
00134
00655
03797
00767
01613
00677
01338
01173
01012
00791
00075
01870
06041
01433
00919
03465
00820
01142
01156
00571
00259
00858
01783
01869
01144
03270
00097
01409
01682
03273
01878
01585
01821
06942
07391
04654
06960
04095
06287
04096
06346
03602
03269
03640
13038
01627
01591
01918
00566
01647
00031
01935
01579
00971
01711
02377
00558
08282
03431
00116
00645
01733
01119
07173
01628
01007
01868
01752
01626
01689
00891
01698
01802
00600
01803
00789
00940
01439
00981
00099
04487
00979
01749
01881
01939
01465
01609
00773
01735
01586
01426
01845
01887
00942
00983
00912
00053
01937
01662
00615
00606
01895
01262
00950
00995
00076
01714
00937
01885
00571
00558
01000
01925
01058
00104
00215
01915
01776
00059
01778
01255
00759
03100
01002
01465
00652
01599
01972
01876
00939
01507
01924
00674
00020
01885
00963
00790
01744
01079
01736
00567
00626
00901
01424
00769
01921
01929
01518
00948
03439
00459
01866
01139
01462
01358
01497
00997
00003
00384
00088
00859
00797
00788
00878
10829
00364
01520
00748
01521
00925
00925
00970
01154
01772
05516
00625
00134
01495
00795
01737
01775
00285
00057
11085
03218
02335
09944
02520
07460
03188
07462
02687
01154
02078
03685
03438
02343
01448
03770
00335
00336
02518
02314
07058
03536
01673
02316
03190
00404
00405
00407
03820
02492
02523
03601
03695
02841
03596
00609
03501
07568
02535
04771
02338
02470
06148
05922
03620
00525
02469
01095
03271
03274
01883
03657
01955
01963
01879
02435
01889
03415
03407
04564
02493
03775
02109
03784
01674
00406
01808
01473
03060
01153
03427
04078
06193
03707
03569
07496
03415
03667
03628
04066
01153
07318
07457
07100
03811
06941
03217
03312
02967
00330
06223
07043
03442
03496
02867
02420
07447
03413
03427
06207
06223
01962
00176
00174
00175
00177
05927
03469
03575
03671
03470
01154
02342
03179
02372
02412
02528
01056
03183
03657
03186
02335
02337
03424
03189
06926
08311
01956
00332
00333
00334
00337
00338
00339
00340
00341
01696
03040
01679
02029
02358
03544
07316
03386
00793
00331
03187
02968
03705
02916
02911
06910
07090
02888
03116
03608
03610
02834
02956
02902
02939
02970
02417
01992
07270
06925
06895
06946
06603
03634
01028
01029
02160
00526
00172
00171
00169
00170
02355
02358
03837
04656
03406
07097
02407
07226
07023
02393
07241
03118
02417
02020
02909
06920
07277
07090
04759
02422
03637
07270
02556
02557
03624
04652
06187
03590
07091
03641
02884
02935
02864
02601
02963
02879
02876
02961
02878
02892
02926
02906
07133
07722
03284
05846
05845
01993
02005
09477
02421
03609
02411
02392
03761
04562
02405
03595
07270
04075
03752
02401
03703
02015
02389
07126
03497
02429
02863
02169
02986
02933
02931
02982
02886
07787
03686
03832
03196
02067
03074
03072
02357
03588
02016
02016
03978
07501
06882
03530
06940
02390
02014
02396
06200
04744
03760
03406
03406
03303
02409
03466
03293
02406
03296
02106
07270
03980
03317
03306
03631
09805
03303
03593
02400
03308
03308
07496
03196
03092
05837
07084
03639
02004
03168
03564
01624
04567
00245
02536
01892
02843
02341
02340
00342
00343
01657
01658
01695
03648
03070
07164
03076
03587
01874
01890
02503
12109
12110
12086
12088
12089
12090
12091
12092
12093
12094
12095
12096
12097
12098
12099
12101
12102
12103
12104
12105
12106
12107
01916
11752
12251
11749
08307
04047
00812
11065
11028
06180
01163
07710
04763
01625
03524
12574
06950
10856
03279
03272
12048
12049
12050
12051
12052
12053
12267
12410
03455
11753
13016
12977
18929
11720
11754
12108
03544
11928
14048
13893
13819
13640
13747
08309
01534
13292
12573
03279
09457
01491
12506
14233
13979
03979
14228
03342
13896
13894
13895
14220
14226
04517
14232
14225
14221
14228
14232
14228
14233
13498
13821
05592
13689
13626
04093
14228
00941
14234
14231
14229
08077
14224
14224
14222
14225
14235
14237
14233
14236
14230
14230
14445
01980
01980
01985
01985
07812
01977
01977
14219
14219
14218
14234
14218
01524
14237
14230
13788
14219
14227
14219
14223
07791
18928
06179
03611
06013
12372
15256
15257
15633
15895
15896
15898
15778
15842
15843
15844
15845
15846
15846
15846
15847
15848
15894
07316
18682
03781
02847
16091
16091
16091
15726
10716
02014
02014
02030
16052
07318
02029
02028
12108
05847
12368
03321
12369
12370
12371
10009
02424
02003
11782
01738
01760
17103
01992
17686
17686
01155
01156
00254
05366
11784
11785
18284
18285
18480
07316
18930
03526
00571
00571
00571
07317
01992
19302
19416
20810
20151
10026
21929
09022
22278
14441
22391
17758
17759
00590
00571