00134
01008
02501
03106
04561
00761
02824
10763
02194
02193
04564
01892
02656
06941
07262
11604
11607
11605
11606
02199
02198
02197
02196
02195
02471
07085
09710
00783
05515
05837
03642
07258
09158
03801
03644
00939
08218
01784
12685
01507
06901
08303
07568
00773
03210
03072
03074
02013
00940
07751
05820
04763
00901
00951
03215
03584
02356
04069
04751
03831
12267
02016
02015
02015
02013
01610
06920
13821
11928
04083
00230
03833
01042
02358
02355
02992
02950
05539
02858
06211
03656
00954
02527
12984
09798
06181
00053
02521
05786
02439
06158
07479
07566
02899
02888
02523
09765
09888
07112
00962
05803
05592
05809
03310
00615
07186
01079
09767
01755
03628
02884
00554
02860
02959
00262
01698
03118
03117
03116
02168
00656
11753
03980
02968
12573
03218
03311
03313
03543
03446
02841
02843
03274
01619
01091
01783
01119
06871
07090
03498
04085
03833
06212
02237
03527
03101
04042
01937
01689
02863
02867
02601
03073
03544
01358
03545
07054
01870
03701
09936
02793
02794
02795
02053
14445
00275
03753
03598
03685
03100
03596
03597
02313
00981
00995
03648
11991
13292
03212
01207
03770
03650
03217
08998
03536
02914
02338
03629
01443
02564
01639
00885
01788
10914
09898
05501
13038
03630
02902
02913
10563
07150
03385
04013
04016
02199
02200
07007
08680
02551
02552
14260
08311
03806
02682
02504
02505
02506
00859
09862
06975
03732
03571
03570
03569
01934
05807
06180
05810
07447
07735
09761
03603
03314
03611
07126
00600
09157
01945
00602
15977
04084
07773
03664
02909
02919
03979
03695
00648
03621
02911
07040
11211
01879
01085
01878
02016
02015
00640
01915
06207
03554
00286
02168
00566
01821
07237
07236
07235
03745
05952
03734
00351
00350
00349
00348
00347
00346
05527
07286
03284
02221
09131
01869
03643
02340
03070
01735
00891
07792
02078
00059
00645
00014
01246
02825
02337
00769
03799
03752
04744
03733
01803
07685
05851
01749
01719
02496
02498
02029
09896
03673
09897
03771
07082
03088
09159
02769
02770
00882
02768
11183
03424
02341
00943
03495
06205
09892
02446
03555
07507
14441
00133
04062
03834
08289
07173
01524
09800
07278
07560
07058
09858
06915
00757
00014
00640
00057
03071
01424
07791
09824
01338
01807
00058
06281
06282
03744
02470
00867
06177
03580
03811
05590
04062
01462
00604
03500
02358
00033
03499
01057
03282
03803
01770
03756
01581
00611
01119
03308
00991
05589
04761
02441
01652
02444
11258
06199
03216
03110
09812
09811
02946
02906
02926
02892
02886
03565
02965
02890
02982
07343
01687
01754
02114
02112
02115
02111
02113
02109
02110
02108
02116
03501
02878
02904
02961
02874
02895
02931
02954
02994
02933
02881
02988
02907
02876
03076
02919
02952
02948
02986
03040
02879
00036
01082
00127
17215
03297
08312
21028
18893
19229
16013
10823
15598
15600
16012
15582
12055
15580
15738
01096
02428
15539
01834
15724
04765
01897
01485
00974
08151
15583
15599
15580
15581
18136
01840
11179
03635
04774
02851
02004
02004
08305
03316
06177
03560
04488
13628
02004
10000
09998
11751
03768
01439
07126
02342
03469
08978
01515
03386
01760
09815
03326
00970
02238
11085
00564
00124
02010
00088
11069
11071
11072
01258
01243
00674
03593
00700
09909
01885
10541
10540
01785
02067
00567
06179
04067
01759
01571
01572
00368
02014
03486
03711
02569
02574
01262
06149
07640
06183
09952
02549
03548
00010
00247
00245
00244
07098
03718
09471
01409
00616
09022
02049
02050
00383
01674
01525
02427
00548
04655
04652
02806
02010
06910
07126
00647
02010
02010
03748
02014
11069
03317
03784
03177
03613
03612
03614
03615
03616
03617
06039
07126
02033
01489
02778
02779
02035
02051
02062
02054
02035
02031
02034
09810
01092
03286
02017
01679
05844
08483
02784
16087
15984
07666
01190
00884
01069
00018
01739
01897
01048
01139
00813
01668
01270
00785
07645
14742
03566
03719
05540
00557
15460
03574
06147
06147
06148
06148
10094
02487
07213
12143
08234
04753
00537
01175
01185
03972
03307
07268
07017
07149
08992
09790
09951
03553
01159
03550
03551
00425
00426
07107
03562
03641
03640
15396
13643
04487
04082
04044
04755
04088
04087
00788
00941
00878
03707
03312
03630
03671
03271
09997
09999
12410
01928
01929
01000
01925
03588
02563
01924
01921
03589
03590
03531
02535
14170
06193
07109
03088
09929
09930
15977
01883
03424
00384
05838
14445
03687
00858
03631
00789
02742
06958
03592
00760
03977
10805
06942
01056
09801
03601
03651
06168
00995
02558
08304
12297
03578
00950
06204
00912
09791
00979
02344
03789
02380
02379
02012
03657
12369
12370
12371
12372
08159
01494
00876
02012
02012
02011
03576
07088
01951
03524
03466
03634
07478
03797
03607
03808
03270
06041
02346
03923
09906
02835
02493
01627
09808
06918
08990
02836
03981
07462
03673
00945
02945
05788
01591
03113
01874
05685
13888
01886
09160
00705
00975
00703
00688
01512
06175
09917
03704
09911
04770
01716
06186
06899
09904
07014
03814
03720
08309
09780
10542
02529
00965
00849
06189
03820
02065
02066
07323
07122
00790
06997
12524
00872
01733
06133
00428
03925
03438
03586
03587
10806
06190
11175
01933
06076
03573
04075
00868
01962
09816
09817
02015
02015
02013
02016
03721
03665
03666
08300
07084
03683
15256
01876
08310
15257
06968
00826
01573
05939
01414
02956
03813
02013
02015
02015
02016
03272
02517
00208
01147
00688
00705
03304
01875
09794
00147
09781
02343
00759
02560
07090
07261
01736
05802
01911
03645
03839
02568
02567
02570
02572
09923
03439
04066
03591
03835
02967
02357
09903
02838
00099
00806
00981
11749
07277
09894
01586
06202
03786
02160
01961
14392
02687
03557
03832
03561
03564
01714
07287
09890
02528
02518
02990
02963
02939
03337
00140
03335
03336
03338
00246
04568
03837
01752
09747
06187
03075
06142
02536
02372
00677
00748
03470
01744
04078
04077
09895
01872
03563
00963
06188
03764
00325
00324
03568
07056
07121
07460
03271
04567
00549
10974
07160
03841
11720
07091
01255
07322
00029
07552
03310
06920
02622
02621
03312
11754
22015
04762
09760
03788
01419
03667
03775
09893
06176
03787
06194
01881
01952
01126
02445
00111
00112
00113
01914
00864
02440
01738
06203
03528
01972
03834
02970
03086
13256
07115
05366
02507
07400
07391
03978
09824
04754
02864
02935
03043
03046
02073
02072
02071
03273
03654
01624
00927
07674
00075
03089
08591
01633
07234
00655
03269
00820
05787
09891
01599
03426
03834
06980
09001
07106
01661
07053
01256
01588
01589
02548
02553
14445
09125
02909
03575
08306
00631
01356
01778
05541
05801
00762
00989
03321
01491
03885
02686
03431
00796
03798
07574
03624
07259
00764
03558
09899
00925
13788
03684
07285
01704
01703
00052
01649
04096
09861
00850
00931
03773
01613
00998
03214
01460
02573
09901
04654
04651
02007
08315
12142
12141
12140
12139
12138
04653
04656
01626
01963
06173
02897
00793
03327
08301
06861
09774
11719
09889
03703
02011
02012
01919
07042
11065
00817
00831
09802
07648
06957
03723
07071
03402
00024
00948
00919
02494
07184
03306
07220
04485
09808
09908
15461
01652
01940
01923
02837
04691
11752
07738
03583
02681
02680
02679
01012
02063
02064
07390
06872
03744
01772
01873
09900
02339
03655
03060
00942
01653
07112
02011
02012
09921
01939
00928
00641
04773
03453
02471
00873
01775
01810
03291
01193
00847
01866
07112
06206
02237
00164
00658
01903
01902
06178
13634
07320
01887
09907
06077
01756
07153
01867
04760
06959
00794
03625
00946
01095
00215
11107
09748
02600
02519
02834
14187
06879
02426
01766
01129
01153
01154
03427
03308
10773
06901
03582
03581
03675
04047
00549
02016
02016
02013
02015
02003
14058
02217
02217
01141
03632
03804
03633
14055
06966
03168
03636
03637
03639
03151
03602
00795
01662
02887
02916
02520
01792
01868
01118
01657
00766
13498
01696
01695
03600
03599
02996
02871
00297
04764
01890
01889
01893
01673
01935
09902
08296
01845
00990
01265
09910
05365
07243
07230
02003
02013
02015
07270
01595
03702
01142
06131
01433
00800
07552
01495
03750
07112
02492
09946
09136
02469
07340
05776
07862
13694
00382
00627
00163
01734
04043
01740
03686
02018
02020
02019
01809
06949
13288
06925
01448
03572
00791
00982
01776
16092
02014
03111
02424
10009
02029
02028
02030
16087
10010
16066
19227
12982
11747
03299
04014
04015
08364
16264
12368
01166
19230
07662
02055
20107
20108
12144
12145
12136
16915
02803
02804
01420
16868
02008
02006
08316
11070
03585
02503
17213
17213
17214
03559
03604
17686
01791
00254
11928
01658
01654
06518
01497
13695
03772
03605
02809
02810
18138
21449
21449
07090
07126
09900
21449
18476
06896
18691
20862
05789
02847
18850
00526
10747
03169
09797
03746
03646
07473
03169
03111
04565
08363
08722
03674
03976
19055
03526
18991
01161
19226
19047
04772
02777
19157
19056
15342
01710
19228
03722
07497
19267
19416
19431
19611
19611
00525
02796
15777
12137
19804
19810
21636
20074
07488
02438
21029
02495
06866
00560
06223
01520
06903
06908
06906
06905
02316
00287
00857
02314
04068
06217
02314
02335
21449
21470
10026
00983
19591
21993
22015
22132
22105
03595
18446