01897
02409
07213
02412
03636
00652
08744
04487
03587
00833
05366
05515
15864
04042
02417
00991
01737
07236
01776
07154
02357
02967
00033
00036
01963
05896
03609
03800
09691
09690
06997
04075
02115
03635
03639
01937
02392
00788
01007
00208
01879
01878
00995
00764
09726
01953
03926
09765
01627
02337
02040
02037
02038
02036
02470
07056
09748
02600
00790
04066
00169
00170
00172
07460
06910
01658
01928
10773
02400
02404
04562
03696
07399
01462
06196
03980
05982
09141
00549
01772
00604
03186
00945
01581
01925
06180
02454
03799
03086
02316
00411
00412
00413
01872
00067
01790
00973
02031
01929
02437
00826
03271
02238
03553
02435
02393
09131
02501
00858
06941
07241
07722
04069
04043
03564
01961
03608
02160
03666
03666
02014
01756
00995
00384
02433
03657
09769
03590
00003
00919
06217
07042
07139
02849
00845
04759
00174
00175
03820
03593
03408
02065
03183
01803
03568
01419
00615
03594
02834
02343
07462
00525
03544
03545
03531
02471
02386
02392
01755
00789
01512
01507
06041
02387
02388
02408
02416
02067
02065
02066
09792
03525
00088
03116
02919
02952
02948
02986
03040
02879
02221
03106
02959
06960
05592
04568
06920
03928
11065
02335
06861
00954
00566
02066
01808
02434
02469
01875
01693
03570
07152
03978
01867
07164
04069
03412
06153
09774
03559
04561
02356
06923
01714
09764
07150
00946
00931
02916
02520
03722
01876
00411
00425
00426
03979
00134
08999
00172
00170
00169
02313
00796
02003
03642
02039
03517
00948
06178
01495
00606
02836
03686
03620
06281
06282
06888
02945
00053
02902
04564
03752
08307
01611
04096
09761
00174
02032
00099
08289
03596
03618
04656
04655
04654
04653
07301
04764
02888
02899
01696
00791
06925
00554
03074
00943
02314
09778
01915
00772
03589
01921
00075
02956
00962
01520
00766
02990
09808
06076
03893
00760
02358
02913
03073
02601
02867
02863
02864
02935
03043
03046
02950
02992
02355
02946
02906
02926
02892
02886
02965
02890
02982
02878
02904
02961
02874
02895
02931
02954
02994
02933
02881
02988
02907
02876
03076
00939
01265
02518
03218
00979
00609
05810
01733
03753
00930
00382
03969
03832
04488
01933
01975
00133
08973
01887
02342
03771
00969
07028
00336
01591
03495
03116
03414
03413
03415
03407
06142
03588
02563
00334
00335
01687
00773
03785
01736
03274
07040
02911
03621
00648
03924
06187
02669
02652
02536
02341
07082
07447
00341
03154
01939
00817
01588
03750
06206
00655
04094
02502
04744
09794
01704
00762
06442
02500
02939
02963
03111
02523
01902
01903
03704
03177
02169
03800
02372
06990
03320
02019
02020
02018
03149
05807
09710
07456
02584
00057
01770
07001
01778
01095
00788
02452
02035
01649
00014
01000
08591
01945
03701
03687
04773
01609
01599
04485
03559
00940
07457
04061
00097
00362
02909
02835
00800
02405
06929
03070
04567
01012
00145
02996
02871
01775
09949
02519
02111
02113
02109
02109
03664
02437
03389
03390
03388
03389
03390
02114
02338
06966
03547
00619
01737
03147
05837
00981
01883
07258
03832
05808
03072
02654
03117
03118
01955
02968
01923
00767
03530
02528
01869
03152
01662
06173
00688
03981
02843
00266
02437
03075
00616
01465
01869
00404
02397
02396
02492
01881
01409
03797
00655
06986
02014
03559
03832
01546
01547
01548
07646
00927
00645
00240
02970
00789
02340
00330
00331
00337
00338
00339
00340
00341
00342
00343
00330
01918
07391
03702
03270
03778
00982
07107
03387
00793
00337
00338
00339
00340
00341
00342
00343
00942
07576
03546
01579
01870
00912
00286
03631
02687
00928
01724
01814
01845
07636
03667
03210
05788
00820
02493
01653
01652
01649
01262
03092
07566
01873
03665
02653
01749
03424
00382
03703
01695
02838
00806
01689
01952
03101
01817
11175
00555
00526
01338
01494
01892
01255
06204
00574
00873
03281
09137
06199
01924
03686
02394
00278
08963
00872
02669
04763
01681
00963
00700
03110
09825
02014
03671
00384
08301
01733
07058
02398
03281
00765
02556
02557
07277
01866
03625
01719
02535
03981
04768
01951
03474
02410
02389
02390
02415
02419
02420
02421
02401
03469
01885
03695
08303
00147
02527
01858
06207
03628
03650
02112
01589
00677
03169
03592
03179
00891
01889
02887
03470
02884
03527
01952
02585
02595
02597
03813
01956
01056
02897
03501
03543
03438
00989
02170
04078
04077
01129
02422
02407
06603
02108
02110
08998
03217
03770
01783
00797
10773
03307
00013
01972
02456
01448
06915
02034
03529
01940
09791
03977
01462
03567
01679
00600
00012
06920
07568
02078
09458
03685
06942
01868
01935
03798
01703
00997
01586
01251
02653
02666
00175
02033
02335
01698
09822
00950
00794
01955
01657
01952
00052
03655
02860
03182
02406
09903
01057
04652
03789
01962
03569
03561
03561
03561
03610
01358
00231
01874
04751
00567
07090
02017
00812
01091
00703
10206
08964
11752
00575
12141
07090
07090
07090
00265
02619
02453
04651
07657
11473
00031
03711
03524
01834
01061
11749
00602
11755
03446
03446
12992
07442
00859
07092
09804
09004
00059
00611
01934
09006
00082
00520
01950
08357
13378
13378
07027
09747
07027
07216
08967
00748
05595
02116
00297
03060
00058
07133
07340
02650
03634
06282
04758
06168
12140
02574
11777
03743
02303
01895
09861
01890
11753
01710
01710
01092
01533
01533
01533
12339
03215
07075
02005
01843
03465
01906
07057
00958
02474
13640
07126
00459
09810
02503
02347
06902
07133
00215
02823
12573
03294
03406
03406
01784
02483
03386
03636
01959
03406
03406
03406
03406
03086
08309
10938
09711
01665
09457
15727
02004
01491
03100
01012
09880
02315
00620
00996
07397
05337
01515
08084
01628
13038
09785
01960
00024
08359
07277
07013
13789
13993
13953
13292
01622
01983
14228
14228
14229
14229
14224
04085
14225
14233
14230
08358
00941
14219
01977
01977
14223
14234
02067
00329
00356
00020
02014
14218
14228
14233
14237
07176
01985
01985
07126
14221
14237
14219
14225
14234
14237
01524
14227
14227
02304
14230
00104
14228
14261
14235
14231
14233
14218
14222
14220
14234
14219
14219
14232
14230
14218
14218
14226
14228
14170
14236
14225
14233
14232
16011
15383
14652
14232
15232
02428
15233
15234
15916
15726
15725
04517
13598
02358
00973
02031
10716
18560
18559
18558
18557
00171
11645
11645
16264
16936
16937
16370
17226
17227
11782
06881
08738
17218
17218
17218
17224
01992
01990
15035
02499
00974
01980
17828
09022
03605
01980
21480
07076
11784
11785
18285
18556
18682
18707
03526
01160
11646
08678
19345
19710
15777
09796
20141
00371
00370
20140
20074
20444
21029
00821
21636
21601
21600
10026
21929
03892
17758
17759
22305
22305
01551
22451
14441