08744
07012
18827
11720
18560
18559
18558
18557
08358
08359
08357
05337
03177
06990
02017
02597
09949
01092
00567
01515
07258
00619
08738
02035
01262
00033
07027
15383
02849
00845
02653
02619
03593
11777
02238
01535
00974
02014
02433
06910
06196
08964
01834
02454
00970
09726
04517
02005
02004
07213
13640
04652
02116
00772
02653
04655
06281
06282
02499
01507
16370
02067
00088
00939
04488
02342
07028
01679
00059
00652
03635
02823
07442
09764
01784
02033
03294
05595
09137
09137
03469
02574
09698
00058
15725
15727
01724
07012
03386
04763
00700
09825
02014
01719
01409
06986
02014
02014
03406
00616
02067
03711
02428
06603
01934
03307
07457
11085
02843
04085
07126
01959
11991
14227
14227
11645
03743
16936
16937
03559
03559
03559
14218
14218
02313
07090
00703
00796
02003
03642
02039
13598
03517
00948
06178
01495
00606
02836
03686
04042
04568
06920
03928
11065
08999
00171
00172
00170
00169
03618
04656
04651
03427
01154
07075
01153
07043
07301
04764
08084
02888
02899
01696
00791
06925
00554
14170
03074
07090
00943
09778
01915
04751
03589
01921
00075
02956
00962
00766
03544
01358
03545
03531
02471
04654
04653
03620
06888
02945
00053
00215
02902
04564
03752
08307
02453
01611
04096
09761
00174
01895
00602
00459
00099
08289
02386
02392
01755
14441
00789
15916
01512
06041
02387
02388
02408
02409
02416
02417
02065
02066
09792
03525
03116
03116
03524
06142
02536
02341
07447
02946
02906
02926
02892
02886
02965
02890
02982
02878
02904
02961
02874
02895
02931
02954
02994
02933
02881
02988
02907
02876
03076
01265
02518
02919
02952
02948
02986
03040
02879
02221
03106
02959
06960
05592
00941
06861
00954
03218
00979
07164
04069
03412
06153
09774
03561
03832
01933
01975
00133
08973
01887
03771
00969
01591
03495
00812
06206
00655
03977
00620
01462
03567
00833
00600
00012
11752
07568
02078
09458
03685
06942
01868
01935
03798
01703
00997
01586
01251
02666
00175
03588
02563
00334
01687
00773
03785
01736
03274
12339
07040
02911
03621
00648
01524
03924
09747
06187
02669
02652
03170
00760
02358
03073
02601
02867
02863
02864
02935
03043
03046
02950
02992
02355
02358
00609
05810
01733
05896
03753
00930
00382
03969
02160
02356
06923
01714
01874
00566
02066
01808
02434
02469
01875
01693
03569
03570
05515
07152
03978
01867
04094
02502
04744
09794
01704
00762
06442
05366
02500
02939
02963
02990
09808
09810
06076
03893
00931
02916
02520
01876
00425
00426
03979
00134
07150
02503
00946
02034
03529
01940
10206
09791
01698
09822
00950
12960
00794
03446
01955
01657
07176
01952
01952
01338
01494
01892
01255
14261
06204
00574
00873
03281
06199
12141
12140
01924
04768
01951
03474
02410
02412
02389
02390
02415
02419
02420
02421
02401
03636
03695
08303
00147
02527
01858
00859
06207
03628
03650
00337
00338
00339
00340
00342
00343
00330
13378
00337
00338
00339
00340
00341
00342
00343
00942
01579
01870
00912
00286
03631
02687
00928
15726
01814
01845
03686
02394
01012
00278
08963
00872
02669
00024
01681
01622
00963
03110
03671
00384
08301
01733
07058
02398
03281
01960
00765
02556
02557
07277
01866
02474
03625
02535
03981
02492
01881
03797
00655
07075
03561
03832
16264
13993
00927
00645
00240
02970
00789
00330
00331
07636
03667
03210
05788
00820
02493
03075
01465
01869
00404
02397
02396
02340
01963
01918
07391
07057
03702
03270
03778
00982
07107
01669
03387
00793
03543
06168
03587
03438
00989
02170
04078
04077
01129
11755
03789
02422
02407
01890
02108
02110
08998
03217
03770
11646
01783
00797
10773
00013
01491
01972
02897
03501
04485
03561
00940
04061
00097
00362
02909
02835
00800
02405
03446
06929
03070
09006
04567
01012
11749
00611
00145
02996
02871
01775
01662
06173
00688
03981
00266
09711
02437
02437
03390
03388
03390
09804
02114
02338
06966
03547
01588
00817
01939
09822
00341
01923
02968
01955
02456
01448
06915
02523
07090
01902
01903
03086
02169
03800
02372
03320
02019
02020
02018
02595
03813
01956
01056
02519
02111
02113
02109
02109
03664
12573
02112
01589
00677
01962
03592
01628
03179
00891
07090
01889
02887
03470
02884
03527
00767
03530
02528
01869
03152
03118
03117
02654
03072
05808
03832
01883
00981
05837
03147
01737
03100
03750
03154
03149
00231
05807
09710
07456
02584
00057
01770
07001
01778
11473
01095
00788
15342
02452
09457
01649
00014
01000
08591
01945
03701
03687
04773
01609
01061
01599
01653
01652
01649
03092
07566
06886
01873
09903
02357
02967
00036
01057
00991
01737
07236
07133
01776
07154
12141
12140
01419
00615
03594
08309
02393
01961
09131
02501
09861
00858
06941
07241
07722
04043
03564
01950
03590
00003
00919
07042
07139
04758
04759
00555
03666
03665
13292
01749
03424
00382
13789
07075
03703
01695
02838
03666
00806
01689
01952
03101
01817
11175
00052
03655
02860
03182
02406
11753
02834
02343
07462
01665
14652
03820
04487
03408
02065
03608
03609
03610
03183
01803
03568
01929
02437
03634
00826
01091
03271
02435
00031
07397
00174
00175
02347
01756
00995
00384
03657
10716
09769
01928
10773
02400
02404
04562
03696
07399
01462
03980
05982
09141
08982
00549
01772
00604
03186
00945
01581
09880
08967
01925
07277
06180
13038
03799
03086
00411
00412
00413
01872
00067
01790
00973
00208
01879
01878
11754
00995
00764
01953
03926
09765
01627
02337
02040
02037
02038
02036
02470
07056
09748
02600
03215
00790
04066
00169
00170
00172
00297
00788
02392
01937
03639
02115
04075
06997
03800
01711
02456
02453
01007
07460
14228
14219
14236
14225
14219
14235
14226
14223
14228
14231
14229
01983
11782
14237
06881
14237
14222
14224
08738
14234
17218
17218
17218
00265
00951
01897
14228
11645
03636
01992
13378
15234
15233
07576
14218
14230
01985
01985
01980
17686
14218
14232
14232
14232
14233
14233
14230
14219
14219
14228
14228
14220
14225
14225
14229
01977
01977
14234
14234
14233
14233
14237
14221
14230
01843
01658
17828
17758
17759
09022
01980
16011
00329
00356
00104
21480
03605
00996
07076
11784
11785
03446
00405
03704
04751
02020
06282
17686
02650
18285
18556
06902
07340
15232
18682
18707
18139
03111
03169
03297
18941
00335
03526
19075
07464
07464
19091
09951
19090
01710
00336
19075
19088
00020
01990
07496
04771
04771
01906
09690
07092
07092
07216
21929
10938
19710
07666
03060
12137
08355
08356
09796
20141
20140
20074
09691
20534
21029
00821
01874
00526
02335
02314
01520
03465
02315
03546
01160
06217
03553
02316
02335
02031
00525
01101
01420
21601
10026
03741
03741
03892
03595
22305
22305
01551
22451
03389
03389