10563
09160
07263
09761
01419
07234
06041
01118
09811
03776
02426
00407
01775
00425
00426
03672
01354
04047
00901
00763
02015
02013
02078
01745
00059
01322
03414
03415
06153
03408
03409
00287
01251
00564
05844
03573
00560
03521
03522
03648
00012
01710
00973
01784
01810
00088
05785
01952
01776
00027
01977
01977
01977
01977
00215
01956
03686
04043
03687
00858
03631
06186
00632
03924
06214
04338
04337
02014
03784
00252
01420
04561
03406
02346
03656
00528
01620
01697
03110
03089
03071
00057
05501
01520
03630
02902
02913
02170
02259
02276
02274
02275
01356
00631
03179
03181
02415
02441
02439
00060
00639
01610
04760
03593
00681
00457
03721
01724
00500
01761
03973
03970
03969
03974
00681
01129
03553
03743
03555
03087
06194
00573
03787
01770
00991
05589
03147
03551
03550
01159
01876
00963
04754
02200
02199
02198
02197
02195
02194
02193
04083
03977
01892
00940
04487
01092
02005
02003
02437
00605
03185
01262
01807
00058
02039
02036
02038
02037
02040
00311
03746
01881
00769
04755
01736
03664
02283
01207
03498
01627
02493
02835
00919
00948
02897
01056
01679
03184
06217
06189
03820
01869
03643
02340
00969
05515
05837
03642
03801
03644
05803
00962
02956
03177
02834
02519
02600
03075
01803
00796
03798
02427
03624
01955
03554
03325
00134
05590
03151
02557
02556
00795
01662
01095
00946
03625
03074
00641
03072
03210
01126
01738
04752
00574
03406
03086
02316
02970
00773
03306
01624
00927
03472
00615
00789
01920
03580
06177
05801
04744
03771
00097
02528
06195
01525
03406
01866
00609
01845
05365
03579
06206
06204
00970
00950
00606
01918
01580
03186
02558
03841
01507
02003
02004
02014
00557
04568
02356
04077
04078
04084
03786
02160
02687
05540
03557
01945
01613
01126
01599
03772
00855
00673
01664
01867
01783
01414
00383
01407
00262
01772
03811
03182
03628
03671
03732
01698
03424
03118
03117
03116
03688
03690
03183
03655
00556
01139
03060
00942
03449
02168
06193
01993
03769
00989
00762
03216
01048
01915
06207
03577
01745
01712
05836
01468
03106
01919
01572
01573
03563
01872
03565
06178
00219
01657
01658
00766
01696
01695
06190
02004
02003
01673
01885
03406
01779
03702
03617
03616
03615
03614
03612
03613
03683
04564
03826
03603
03611
03684
01897
00765
00013
00817
02501
01814
02500
03327
00939
04079
06187
02343
00759
00648
00077
00600
04485
01079
03424
02837
01839
00758
01619
03789
02879
03040
02986
02948
02952
02919
03076
02876
02907
02988
02881
02933
02994
02954
02931
02895
02874
05559
05560
05561
05562
05563
02961
02904
02878
02982
02890
02965
02926
02886
03408
00259
00384
00684
02518
03694
03704
01980
01980
01980
01980
03310
03796
06181
00566
01756
00263
01007
01626
03799
01935
02169
00652
01012
00833
01893
04773
03424
01424
03308
01720
02341
00943
02078
00059
00645
00648
03621
02911
01091
06179
01591
05788
02945
00945
00800
00817
00831
02469
00568
00525
00526
03674
03578
01141
00020
06219
00574
01669
03088
04764
01889
02887
02916
02520
01868
00793
05591
02342
01659
03417
03305
00031
01759
00928
01142
01439
01923
01714
03564
03548
01835
03645
03839
01886
01902
01903
00164
00240
00239
00242
00241
01647
00979
00912
03723
01953
00609
01681
03317
00876
09456
00826
00018
05782
07462
03527
03407
03148
03154
03149
03150
01689
01937
03823
00117
04564
00951
02313
02338
03629
02470
01879
01878
01246
04085
00632
01271
03499
03500
00604
01462
03747
02335
03978
00640
01588
01589
03800
00322
06158
01448
03572
00791
03666
03665
04088
04087
01939
02358
03073
02601
02867
02863
02864
02935
03043
03046
02950
02992
02355
01425
03701
03111
06075
00857
01465
03569
03570
03571
03568
03592
06213
02806
05808
03092
03270
02065
02066
02067
00790
04691
02871
02996
00411
00412
00413
03599
03600
03925
03438
03586
03587
01928
01929
01000
01925
03588
02563
01924
01921
03589
03590
03531
02535
03070
03574
00859
02654
02505
02682
00767
03806
05799
00163
00382
01682
03402
02523
02888
02899
06192
02012
02011
02010
01908
03594
03594
00266
00265
03517
03640
03641
03562
02892
05539
02906
02946
02314
02939
02963
02686
02990
03218
01255
02339
01873
00655
02621
02622
01515
02517
01914
03718
06200
03585
01494
00575
03412
03413
03413
03215
00997
03474
03584
03595
03685
03100
03596
03803
03598
03088
00278
03775
04567
02836
03981
04763
00748
00677
02372
02536
06142
00099
00981
00806
02838
02357
02967
01265
00990
00674
06175
00030
03566
00059
00020
00140
00626
00253
01969
01968
01640
03770
03530
01338
03544
01358
03545
03168
01484
00764
03558
03749
01963
06173
00133
03473
03840
02014
03269
03768
01883
06169
04774
03734
00351
00350
00349
00348
00346
05527
00520
03760
00901
03498
01933
03406
00167
00166
05526
03455
04075
01962
02337
03885
01284
02342
03469
01069
01972
03528
03529
06203
01676
01665
01752
03113
02884
00554
02860
02959
00982
02450
01633
01409
02669
00286
03439
03575
00931
00147
03098
05592
00135
00128
05838
00075
01895
00937
01077
03601
01740
02461
02460
02459
02458
02457
02456
02455
02454
02453
02452
04762
01985
01985
01985
01985
07751
01637
01638
03406
01438
00145
00930
00611
01940
06140
01271
01154
01153
00995
03703
06199
03634
03466
03719
02412
02411
02410
02409
02408
00275
00850
01480
01585
03919
00873
07278
03427
06223
05577
07003
03406
03406
02553
03667
01887
04066
02909
03764
05366
02666
00891
01735
02348
01058
03704
00528
00563
02014
03582
03583
04080
03654
05786
04063
03657
03733
01778
01586
01749
01719
03673
04756
04761
01652
02014
01114
00820
02114
02112
02115
02111
02113
02109
02110
02108
02116
03497
03496
03501
03495
06205
01759
03650
03217
03536
04061
02405
04562
02404
02400
03774
03101
01870
03980
02968
02422
02407
02406
02397
02396
02395
02394
02393
02392
02391
02390
02389
02388
02387
02386
02398
05779
05778
05777
06218
03695
05810
06180
05807
04751
02421
02420
02419
02416
02415
02413
02914
00404
00405
00406
02417
03607
03797
03308
01875
00347
01256
03812
01716
00228
04096
03808
02619
09808
03926
06940
07107
00954
07645
07091
06447
07071
06987
07175
07659
03386
03386
06942
07156
07107
07301
07053
07102
07708
07684
07136
02196
01118
06941
03470
03581
06985
07114
07320
06920
07673
07153
06886
06958
06168
07258
07093
07182
03406
06966
07146
06980
07007
06876
07667
07636
07638
06916
07119
06861
06999
07167
07243
06949
06911
06911
07160
00658
06445
03112
07107
02258
07275
06895
07001
07154
07552
06991
07114
06996
07287
00537
07220
07032
03832
03559
07223
07122
02462
03767
06997
07152
07152
07397
07286
07322
07305
07014
07020
03308
07226
07070
03745
07657
03406
07157
02399
09903
09921
07390
02498
03807
07394
07304
01654
01654
08068
09158
09861
09860
07235
06959
07277
09798
05952
09930
02192
07386
03560
09920
07238
07458
09862
09013
08484
01951
07483
09014
03451
07090
09773
08990
00783
09005
09007
08992
01894
09797
09792
08998
10026
09780
09791
09001
08307
08296
09939
08303
08301
08300
08303
08309
02022
04772
07798
07787
03499
02492
00641
07285
09812
06016
08365
03431
03315
03642
03559
03832
07088
00799
07738
08714
09916
08591
09918
00794
03602
09748
00014
08973
03498
08218
01278
07058
09771
12279
09978
09699
09893
09895
09986
09989
03101
09936
09928
09888
09747
09950
09929
09800
09891
09899
09938
09897
02477
02477
09749
09710
09768
03711
07560
09774
06891
09136
11381
10773
02221
09810
01303
08981
09823
07154
06176
06968
00974
10804
09973
08312
09760
08311
09801
09822
09857
03525
09790
09765
08485
09806
01791
10763
02433
09701
01560
02414
09458
07479
09906
09919
02527
09908
09941
07336
09807
07238
03406
06603
08305
08306
09889
06024
02680
09858
09167
09933
09159
03979
09902
08364
09808
08363
09015
10805
03722
07461
03574
10254
07568
07778
07447
07574
00507
07566
01488
11179
01739
02504
00558
03413
02238
10925
10926
10941
10927
10943
07042
00647
18923
09696
09697
04067
03646
09898
07712
02279
00906
00627
04047
07740
11107
02656
03101
03101
07507
01907
01669
00812
07693
04042
01990
07082
11927
12266
12340
02496
05368
12297
12280
12281
12283
12287
12284
12278
14393
01556
02237
03496
08305
12262
11927
01890
00029
00821
01874
10942
10918
10924
02342
11085
11175
03744
11105
08316
01961
01247
11068
02451
05896
03116
02280
02078
01916
02805
02401
02463
07662
07478
07689
03426
07400
01992
07391
11928
11755
00950
06899
06957
07133
07089
07735
07734
02483
02483
11754
07787
12267
12282
12276
12286
00602
18138
13053
07027
00647
07773
01533
13051
06966
13292
00451
01278
11749
02575
11753
00134
11719
03524
11717
00024
01089
11940
03286
11720
12285
12262
07056
07460
01083
02418
11752
02474
06918
13038
13926
00121
09926
13747
14161
08997
12510
13288
12573
12511
01255
14055
06925
01782
14058
01571
01825
07245
12525
04335
06879
03717
00281
01491
07233
12942
13979
03442
07576
03561
03561
07483
03782
03782
06287
13634
01070
03561
10778
07393
07726
13643
03809
14228
13821
07010
13938
07182
14228
03892
07003
14228
14229
14229
14232
14232
07017
14235
14235
14219
14162
14218
13498
08281
13954
02016
09005
03088
13771
13766
07017
14228
14220
14220
14153
07491
01436
05564
14228
14237
14237
14233
14227
14227
14227
14227
14233
14232
14187
00290
14234
14224
14224
14224
14233
14223
14223
14218
14218
14218
14218
14230
03088
03088
14219
14225
01934
01113
07236
14445
15011
03671
07216
14231
14225
14225
14225
01524
01524
07733
15035
14226
14234
14230
14237
01113
14222
15396
14219
14230
14230
14221
14221
14219
14219
14236
14236
00368
14742
14652
14645
15726
15371
03624
15724
15012
15034
02358
14681
15256
15257
08086
11991
15726
15727
01082
15738
15633
15773
02428
15256
15539
15725
15723
15727
15461
04765
04518
01082
08679
02004
02004
03320
15984
03781
02014
16089
16091
16088
16088
15726
16137
16137
16087
16053
16087
16074
16171
08344
16264
07165
16264
01800
13283
03321
07323
18828
00135
04065
01978
17103
01175
00209
11209
17713
01990
01990
07576
01992
01992
17686
01271
00254
17758
17759
17838
18138
07497
03366
01758
13053
21430
12961
18235
21498
18691
18800
18829
18831
20862
18778
18657
18850
10747
18893
03976
03526
19161
19158
19160
19159
19227
19228
19229
19226
19230
01992
19302
19416
02495
17686
00992
06132
13069
19804
19810
19954
21636
11751
09796
20034
09788
20455
19577
01932
20757
20978
08968
20977
21218
21379
07334
21217
21420
07334
21498
22105
22116
22132
22292
02257
01551