14233
04771
11741
18910
06946
01160
14233
14228
14231
14221
14234
14228
14228
14232
14218
14232
14225
14228
14238
14652
00567
03574
03574
01992
01992
01992
01990
02003
06861
02238
02487
06596
00344
01533
04027
01462
06044
01802
07445
03561
04749
06940
07013
08999
14165
00030
02233
00768
02016
03088
03654
01669
03118
13542
10440
10441
10439
01444
07456
00297
01933
07568
03701
03559
03561
02004
02003
03744
05845
05846
05847
03100
13574
01247
00845
01887
06142
00677
11752
01619
00185
10206
00925
04028
04021
04028
01628
00016
00940
02355
02470
07098
12257
03210
00773
03040
03771
03797
03524
03100
00283
03800
03924
00449
06188
09154
06885
03455
01625
02902
03563
01104
09158
00989
01658
03750
03820
06158
00848
02012
02011
03856
01737
03596
01866
06944
09822
05577
11473
11472
07137
04487
02844
02848
03271
00845
00057
00958
00390
01681
03831
08884
01902
01903
03572
03525
03979
02899
06920
02564
02036
02038
02037
02040
01496
00791
04068
01689
01834
01251
03325
07089
01434
00859
00287
02398
02067
03625
07053
03110
01652
03501
09117
01679
03217
05520
00616
01810
03561
03559
03797
01754
03046
03833
09767
02956
00962
07713
00937
00620
06898
00748
02291
06443
00146
03296
03307
01840
01816
00788
08884
08884
08884
01278
03711
08300
01053
08483
02970
00003
03116
03116
01868
07315
03924
03724
01915
03695
04043
14170
00058
01669
02044
02291
13787
09862
03687
03686
04077
04078
04077
01639
02528
00793
07588
01847
01847
01572
00525
02888
02967
02357
09903
02838
06207
12454
06994
00074
03088
07560
00864
03734
00794
01733
09769
11105
04564
00684
01885
02224
01956
03563
05520
00075
05606
19689
14233
14237
03621
00645
02549
03594
03502
02337
00640
02517
06994
01273
01885
02836
06045
00560
00266
08884
07636
08296
01893
03086
08884
01881
04042
00363
07157
01495
03734
00991
09458
02372
02372
00672
00200
00602
00979
01092
01657
03924
06966
02114
02112
02115
02111
02113
02109
02108
00404
01974
02347
00763
11159
01876
02564
02007
07277
06180
00946
00865
01950
08963
00259
01710
00973
01790
03303
06045
06213
01322
01738
11102
00982
03698
12573
01953
02421
02420
02419
02410
03624
02004
02003
03500
07263
03088
02003
11749
00099
00640
07114
07019
00033
00231
03313
09013
09014
09015
01011
02426
01953
01533
09792
12251
10536
02835
02493
03544
01761
00928
00812
01958
01919
01920
03769
09457
03294
03722
07079
07404
06980
03783
03317
01465
00609
02825
02045
02047
02046
02048
03113
03186
03179
01805
00823
03924
07462
00975
08218
13993
00208
03496
09992
09966
00036
03216
09744
05979
01880
00457
06199
06287
01809
02469
02470
08676
06901
03800
02626
02005
00655
00945
03551
03550
02049
02050
02051
13832
00891
02654
13993
00611
00930
01756
01470
00548
03106
00330
00331
00332
00333
00334
07402
07141
05592
05524
06969
06949
02641
07114
02834
02519
02600
09825
03424
00965
02945
01937
07814
03750
09844
01358
03545
01653
01812
00275
09922
07214
14261
00681
00382
03183
09949
02536
07025
01409
01499
00202
11175
01870
02945
02992
02950
01962
03466
00975
01354
00761
01772
00759
08151
01945
01714
00764
00931
03558
01265
01626
01011
09121
02946
02906
02926
02892
02886
02965
00053
00549
00854
09800
07027
12141
12140
02806
03555
07447
00972
06167
01575
09458
02078
01042
01816
02469
03750
07219
02340
00912
02843
00261
07042
07037
06217
03698
03631
07305
04487
00600
01812
03335
02338
09127
09000
01262
02160
01961
03648
03676
00123
01507
00067
02005
02003
02004
03787
02316
03086
07164
01711
00024
00059
00824
03671
01817
08303
07160
07089
00820
01892
01892
00765
02520
02916
02887
01889
04047
00479
06888
02564
01092
00849
10563
03801
03644
14392
02405
02404
02400
03709
01733
01256
01358
04069
00656
01685
01534
03856
05838
08281
01523
00681
00215
01710
11754
03527
00604
01462
01869
01243
01791
09691
09690
03070
03687
03559
01588
01589
00700
01807
01687
02871
02996
00278
01921
06959
02004
05710
00342
00341
00340
00339
00338
00337
00336
00335
01630
13628
00058
01609
00766
06204
06412
00873
00058
03601
06941
03088
01749
10907
01496
03977
04773
04079
03723
13671
11753
03497
01991
01784
03770
03168
03274
00809
07052
08483
02806
03841
03886
01872
06891
06969
01890
03559
03975
03793
08884
07114
07304
06726
02356
06997
09131
07391
03637
02523
03797
09931
03783
06015
00324
00325
00652
01012
01724
07566
06876
12410
01755
01586
03305
00060
00639
01061
00615
07735
00826
02445
03657
03707
07093
01698
00941
00059
01627
05343
05516
03536
08998
08602
06942
00432
01940
01845
01008
02435
02433
02434
04763
07576
03738
01565
06013
09696
09697
00762
02982
02878
02904
02961
02874
02895
02931
02954
02994
02933
02881
02988
02876
03076
02919
02952
02948
02986
03040
02879
02503
00286
07124
06966
01599
11261
04773
02004
06999
03778
09761
07090
00845
02343
09747
06187
03092
02884
00554
02959
00756
03635
03639
05788
00404
00405
05773
05772
03924
09699
00167
00166
13953
13525
00241
00239
00240
03563
13626
00012
06048
13821
00800
06041
03270
02651
02282
02283
12510
12511
06173
00133
03688
05966
05844
00566
04496
07010
01419
03667
10713
03650
00917
02500
02669
02963
01236
10907
02662
09778
06201
01489
05939
02518
09690
02510
06287
01938
11709
11708
11710
11707
01735
00453
05873
09942
01295
07152
02335
01647
03703
11065
03495
09696
09697
06864
03684
00412
00382
01695
01696
06990
07051
03752
03101
01720
01531
07507
01006
02652
02669
02652
02653
00031
04079
04077
04078
03724
02619
02658
01770
01883
01159
03149
02660
02487
06596
02027
02304
09935
02282
10026
00830
00919
03553
11717
04488
00648
07114
03711
05982
05970
03088
01011
02441
03685
02356
03088
07457
01951
03657
04127
11178
11177
13483
02314
02939
03310
02968
00135
01191
09915
03111
02990
01056
02897
03153
01610
01744
01082
01784
12454
01990
14232
00162
00627
03558
07313
02372
03439
02275
02274
02259
02276
00833
01935
03147
03327
02401
13292
01579
01918
03438
09992
06889
01926
03294
00720
01338
06200
02066
02065
02067
07099
03593
06180
06176
00948
00858
03636
01601
00067
01895
01665
01737
00201
00088
03313
01649
01515
00826
09808
04567
01963
01783
00927
00134
03469
07007
06925
01814
07072
03405
03924
02492
01356
06223
00428
00147
00796
03584
03924
07657
03088
03564
03665
03177
01778
00164
00658
00382
07315
04075
06962
00428
00943
02341
01736
01923
02377
05306
03430
01652
03650
01635
14441
00995
06153
01662
13789
03602
03269
00954
01004
01591
01952
01952
04517
01735
04096
03182
03664
10843
00760
00605
02437
00282
01875
04066
00969
01752
07301
01874
00573
07577
03517
02355
00145
07180
09786
01704
01703
07114
07114
03294
06953
03789
07010
09166
11103
01620
00013
00817
01693
07027
01206
01784
00677
01915
02280
07052
03798
02472
01278
06888
01491
01649
01873
03088
00789
03043
02935
02864
02863
02867
02601
03073
02913
02358
00052
03696
00981
01939
01438
01953
07071
03408
02909
04758
04758
04759
00606
01867
06133
00942
03075
01803
02501
01814
02355
00619
01255
00626
07106
06178
02823
01443
02039
06894
03474
02527
02313
01126
01955
06955
03787
00384
03070
03702
00767
03524
03179
03579
00688
00595
07107
00343
14225
14233
14230
14223
14220
14219
14237
14229
00392
03296
01768
00939
00324
00997
00950
01934
00568
08884
08884
08884
08884
08884
02654
03088
02890
09691
11189
02278
01802
07460
03641
07152
09710
00284
06415
06922
06147
00128
00128
10027
03296
01113
00065
00507
01487
03272
03767
01990
01990
09810
06168
07003
00104
13015
01972
01990
11384
01992
01840
00971
00703
01179
03628
01992
00161
01715
00015
00020
01436
00721
00806
00091
10773
03575
01151
01669
01992
01992
01990
01990
07013
02110
08591
00655
08884
03088
01992
02657
02279
02237
03563
01991
09791
15725
03086
03086
03086
03086
06857
09124
14219
14761
14225
14218
14228
14223
14219
14222
14226
14218
14222
14228
14237
14234
14230
14224
14224
14219
14236
14234
14219
14235
14227
15034
15342
15635
10747
14415
15725
02428
15987
06881
15726
16147
15726
22515
03564
01598
00046
01992
03088
16363
03699
00850
16329
04720
07012
02851
11991
19225
11720
07091
02006
02008
00184
01978
01990
01992
02029
02030
16922
01990
01990
01983
02028
11782
01992
04084
01990
01990
01990
01990
01990
01977
01977
01977
17686
07258
17828
00784
14259
01980
01980
01985
01985
01985
01980
11785
09458
18285
11784
03742
18299
18682
04752
07316
12132
03526
18979
19141
19142
19131
19131
19136
09951
07061
00798
07012
19132
19132
00571
00571
00571
07448
07448
19265
01785
19294
00947
19411
19405
22320
19689
03417
19789
05770
22317
12132
12132
20074
12132
12132
12132
12132
12132
20074
20534
20866
01214
01214
21029
21071
21071
21071
03636
21405
21420
21817
21929
21977
01463
22205
22024
22319
17759
02257
22309
22318
07755
22396
17758
17759
11206
22451
22491
22491
22515