02057
17214
17213
02503
02028
03215
02428
02055
02052
02053
02054
17103
15524
07304
09747
09778
01874
00963
03478
06959
01870
03101
01878
01879
00003
00928
02204
01733
03587
04066
01462
00604
01926
01491
06209
02160
00940
02652
00759
00951
00773
00336
00688
00703
00975
07566
04087
04088
07067
04485
00954
08301
03685
09458
02078
00059
00645
00648
03621
02911
07040
06942
01803
07460
03470
06180
07085
07391
07335
00948
04042
02887
01193
00847
06920
01495
10026
01737
03116
03118
03117
00111
01008
00362
02051
00973
01790
00067
03648
11066
00767
00656
04069
01409
02453
00790
03218
01799
01761
00172
00171
00169
00170
03924
02529
07035
09740
07088
01464
01751
03458
03518
00074
02850
03553
03565
00655
07717
07719
08325
00263
00929
03856
03303
03522
03521
00850
09773
01006
01808
07301
01448
02933
02994
02954
02931
02895
02874
02961
02904
02878
02982
02890
02965
02886
02892
02926
02906
02946
02355
02992
02950
06158
01770
02453
02663
02662
02654
02653
02652
02341
03569
11145
01883
00991
01042
03833
00611
00821
00930
01955
01956
00620
00145
01934
07088
07246
02356
09952
02553
01091
02016
02013
02015
02190
02190
03091
01869
00931
00147
02913
03073
02601
02867
02863
02864
02935
03043
03046
09777
00942
03060
03734
02316
03086
02884
03100
03789
01756
00805
03431
06908
06907
01153
01154
03427
01250
00979
00005
00969
02806
07456
02902
02963
02990
14228
14228
14228
14228
14219
01887
06958
03703
02490
07315
03783
03308
00600
06206
03177
06207
05879
05878
08321
03642
01744
00384
01159
03216
10806
01750
00303
03710
01232
02790
02791
00865
00995
00962
02564
13920
03637
03639
03750
07219
03750
05773
05772
03738
07025
01783
06949
00760
00760
02528
07107
06960
02860
00554
03763
02956
03798
00052
01681
06518
03522
00059
00626
01029
01034
02106
01624
03338
03336
03335
00010
03337
03205
07344
03169
07133
03629
02470
02469
07095
01889
01890
01752
01056
02440
00864
03615
03614
03612
03613
03617
00177
00175
00174
00176
03315
06180
00134
00927
02843
13281
03150
00287
06076
07462
09141
04069
06990
08309
03572
00783
04567
13954
03426
02348
03098
09808
05808
02231
02233
00768
03630
03702
03601
04096
03168
04094
04763
01419
06948
07137
04075
06381
07082
05592
02824
07095
00949
00901
07042
07037
03722
02968
01092
01534
02340
02063
02064
02446
08974
03786
07738
02806
03584
03570
04077
04078
02959
03106
09787
01939
03439
02527
09798
00945
02687
03787
09769
04757
02529
07793
14155
01669
00874
01625
02346
01815
14223
14223
00996
01647
08303
02314
02939
02343
07712
03832
03559
03561
09729
02338
00057
08591
03438
02221
06871
07341
01156
07316
07455
07075
08982
02275
02011
02012
00860
00394
00957
00955
01153
03427
01154
00086
00640
00012
01963
01962
12267
06187
00259
03701
01776
03550
07175
01999
01997
01998
01995
01996
03075
07478
01520
05837
06179
01104
01892
01876
01754
04079
02035
02004
06897
02798
02799
02800
00009
00820
07001
14392
07705
02011
06997
09772
00059
00626
03521
03522
07793
07795
07793
01571
01646
01644
01643
01572
05517
04758
04758
04759
02777
02777
00525
06917
01579
01918
00606
01779
00651
07034
07160
00053
01687
00052
01704
01703
01649
13292
13038
03704
06970
00077
06905
06908
07588
01849
01848
07085
04068
03790
02850
02843
01710
00973
00275
05810
02529
00852
06726
10441
10440
10439
12410
01755
01940
03424
00563
00997
02836
01885
03555
06861
01872
07447
03072
03074
01775
06969
03558
03147
03154
03149
03150
03148
00788
03608
03609
03610
06203
02073
02072
02071
01512
00789
00797
01611
09764
11065
01246
00891
02232
04754
04072
06183
07444
03496
03497
03768
03823
00351
00350
00349
00348
00347
03588
01953
01893
00794
11752
00793
01677
01678
00027
01488
01784
03665
00088
03695
01057
00036
00033
00566
04487
01613
01734
07043
00763
07560
03530
03531
03590
03589
01921
00075
01924
02563
01925
01000
01929
03273
00014
01493
09861
02355
03530
07089
13993
06901
01620
02049
02050
02051
06193
00841
05822
02108
02110
02109
02113
02111
02115
02112
02114
01999
00859
08303
01095
03270
07030
03524
00566
01681
01012
02169
03977
01972
03070
07053
03274
06153
02669
02653
02237
04083
11928
02012
00912
03529
03667
03748
07402
03518
07402
00176
00174
00177
03458
06215
08681
07238
00989
11085
00748
09949
00677
02372
02535
03657
06213
00615
03654
03657
07461
00161
00162
00627
00382
03800
01515
01810
06412
00919
02428
03723
03650
06346
03217
08998
03536
02914
06518
01142
00876
03816
01951
02377
01711
14205
02502
00765
00013
00817
01693
02501
01814
02500
11755
06996
07080
07080
00177
07704
02169
01012
00215
01714
00133
01778
00928
01586
07250
00030
00065
01916
02018
02020
02585
02592
02587
02591
02586
02590
02589
02588
06925
00688
00705
00761
02909
02238
01129
03525
02996
02871
01255
00656
02040
02040
02037
02038
02036
02039
01945
00602
11175
01933
00764
01923
01589
01588
01952
01938
01956
01955
00385
02598
06178
02435
02433
02434
01258
01738
00640
03498
03499
03495
03501
07277
06142
02536
03796
08602
07043
01875
01624
01937
07636
08602
00123
03752
02379
04773
14155
01738
13789
03602
07568
02493
02835
03088
03628
07301
06168
07090
01489
03784
01839
01619
00756
00652
03625
01961
02337
03595
04763
03631
00858
09811
00615
00615
02358
00528
00266
07173
10112
01989
05832
05833
00573
00012
03547
03546
02371
04477
00266
00265
00831
07025
01007
03484
02777
02809
02810
03111
02335
09762
11753
05896
03980
02004
02003
11068
07727
05985
07129
03286
04751
01620
01154
03568
04751
04751
01881
00796
07056
03797
06442
01662
09775
07574
12574
05515
09710
09761
03551
05847
02945
03527
11189
00111
07006
07124
09700
06183
01151
00928
03704
07139
09765
01515
03437
03976
03688
03799
02275
07107
07137
02443
00266
07258
04488
04487
10773
01866
00873
01689
03770
00833
00943
00099
00981
00806
02838
09903
02357
02967
08281
01012
02879
03040
02986
02948
02952
02919
02518
01265
00939
03076
02876
02907
02988
02881
03442
01915
01338
06131
07053
00286
07240
07240
00243
03803
03775
09768
07080
01845
00239
03388
03390
03389
01744
01011
08234
02217
09825
06173
02068
02069
04069
00656
07090
04069
00656
07090
07090
03312
02526
00174
00175
00177
00789
03110
00625
00925
03737
01724
05966
05964
01910
12267
04835
01646
01644
01643
03310
00826
01665
01664
00058
09748
02600
07742
02519
02834
07462
03545
01358
03544
01338
03978
01873
03271
03803
06287
03569
06024
00791
03979
02899
07584
02888
06956
02017
00864
02440
01653
01652
00762
01465
01591
02823
00610
00609
01141
01776
03312
08984
02478
01958
00813
03310
00876
02338
07794
00978
01709
01790
03328
01571
09913
00995
07124
02517
04041
01265
01243
11754
01633
05879
05878
01126
14233
00975
00700
03294
01486
02529
03308
04486
03596
07007
02768
02769
02770
00882
08483
02784
06934
01163
01809
02916
02520
06041
01627
01928
00845
01299
01867
02034
02033
02035
07010
05520
07238
03654
06193
01610
11105
03300
00278
03517
03284
08296
09858
11068
03321
07678
00899
13919
13920
04028
13922
04024
02440
02224
06042
02188
03399
02191
03394
05936
02189
05934
05895
02232
00865
03744
07058
09807
07507
01439
06975
09936
09936
03500
08982
01304
10914
03325
01673
06941
02377
01711
03208
07862
07150
00266
03284
06895
00937
07166
09157
01740
02227
04720
02492
01749
13542
01698
01845
01425
01919
09816
09817
09815
02051
00384
03386
03152
03856
04517
00800
14170
00832
01736
00891
01657
01658
00766
01609
01817
01696
01695
07263
01740
00297
03704
07088
07075
07035
03664
12573
01448
03210
03686
00567
04043
03687
03705
01784
03315
00817
03778
01868
00826
00262
03671
03671
03839
03655
02669
00928
00548
03704
07150
03932
06890
02548
02168
03594
00384
03671
00384
01270
14226
14226
03892
13993
03574
02057
14237
14237
14237
14237
14235
14218
14218
14218
14218
01185
07491
07491
02013
00248
02168
01436
14228
06121
14219
14233
14227
14227
14227
14222
14224
14224
14234
14228
14228
03733
01989
08483
14228
14219
14234
14234
14234
14234
02358
00974
14232
14232
14232
14219
14219
14229
14229
14229
14229
14229
14230
14230
14230
14230
14230
14220
14220
14220
14220
14224
14224
14224
14224
11198
11199
11200
05919
07003
03436
00974
00248
00929
01715
14236
14236
14236
05799
14238
14218
03091
14231
14231
14233
14230
06147
02010
02053
02029
02304
10027
01710
02057
07474
03292
02477
02030
02073
02033
02032
14445
14441
09810
02346
01846
02057
05606
01524
00857
01884
18332
06015
00065
07741
07483
03296
07274
07274
04749
01713
14225
14225
14225
14225
14225
14225
14221
14221
14221
14221
07003
03296
00018
00104
01560
01759
01571
14540
06120
01524
09951
00030
03324
02056
01739
01524
15383
03086
03086
03086
14652
01843
03324
15583
15581
01715
15583
06857
15582
02226
15358
15633
15582
01026
16011
10823
15580
15580
02428
02594
01835
00812
15581
02031
03320
03320
15986
15987
16137
00174
00175
00175
01572
00176
00111
00864
10716
16053
05846
06909
03299
16329
00366
16328
03321
00616
00518
10823
02055
17828
11720
16950
16951
16850
18682
02003
16849
00030
16785
16786
16787
16925
00395
07091
02054
00100
17318
02029
02029
01990
01983
02028
02030
02030
02030
17363
01977
01977
01977
01977
01977
01977
01977
01977
01980
01980
01980
01980
01980
01980
01980
01980
01985
01985
01985
01985
01985
01985
01985
01985
01985
01985
01978
17215
05601
05845
05845
05601
17686
20449
20448
20447
20446
17865
17758
17759
17836
18120
17837
00209
09022
21379
18005
18006
00004
09022
01267
18118
00334
03742
18707
03790
01872
03526
19221
15342
07317
07451
19268
06881
20530
15777
03616
20074
20117
20118
12132
20445
19647
20529
20528
20531
20532
20533
20527
01214
21009
21071
21011
21028
21012
21636
21600
21898
21929
22024
22044
22130
22129
22132
21903
22230
01585
18331
18330