02428
02031
02032
02031
02032
07448
14415
15772
00254
01990
01990
01990
01990
01990
01990
01990
01990
01990
06196
07399
02548
01911
01661
02549
02551
08372
02552
03183
00330
00331
00332
00333
01104
05343
02026
02025
02027
00281
00605
02437
00681
13993
00549
00297
00655
01246
02027
02025
02026
09955
01811
09458
02654
02651
02279
02282
02283
12510
12511
03578
07160
02025
18230
01996
01995
01999
01998
01997
02529
02314
02939
02963
03111
02990
01858
05995
00761
13640
03686
03687
04043
00045
10227
10228
10229
03790
01869
04762
05349
02529
01810
02063
02064
00612
09166
07090
11928
07131
10234
10233
10232
01265
01875
01524
02492
01599
00231
01749
01698
01845
02034
02033
02035
03530
01823
07156
01950
14155
03088
06199
06199
06996
01595
03088
00868
01151
03980
00384
03671
01921
03497
03496
03501
06346
03217
08998
03536
02914
02313
02338
00033
03629
02470
02469
01173
09936
03212
01750
00567
06888
02529
01533
07080
14227
14221
14218
16013
03296
16012
06177
14219
14233
03088
14233
03417
11939
15269
14228
14228
14236
01835
10118
14219
14237
14237
14237
14237
14231
02010
03308
02029
03704
01999
01996
01995
01998
01997
01354
03306
01207
01620
09858
08159
09771
00852
07458
00558
06999
07058
01857
03294
03325
03885
03469
06975
06975
01756
08972
00817
13639
00615
00615
05814
05815
05813
01126
00161
00162
00627
02351
07245
06994
01421
01424
08483
11189
06911
01494
05565
05567
05568
05569
05570
05571
00567
13529
03695
01142
07124
00762
02566
08974
01624
01939
01945
01923
01952
01952
10764
00059
00626
00232
01952
00031
07004
00764
01933
09932
01126
07305
07220
03306
00937
01895
02283
01644
06877
06200
06889
07397
12308
01224
03168
00943
02341
06133
02012
02011
02003
01462
07020
03696
01091
01625
00874
02529
01235
01812
02529
00040
02027
02025
02026
12308
02529
03534
00848
02529
00876
01181
00782
00648
02025
02026
02027
01685
00161
00162
00627
01969
11263
01644
09992
03216
01596
00864
02440
00111
00619
03575
07067
04485
00286
03499
04768
01926
15525
05602
15521
15526
14234
14230
14219
14228
14219
14229
14229
14220
00334
02478
14393
14393
03564
04078
00252
03439
13288
03111
07107
10805
06886
00705
01256
07386
01808
05522
00640
01738
00375
01113
02529
01714
02026
02027
00163
00645
00648
02078
09458
01462
00135
02316
01129
06988
01626
00064
01198
01179
01791
01209
01209
01966
01739
05364
01664
03380
02484
01267
01436
01358
02529
03719
08316
14761
03767
03657
03574
06147
00344
03750
01802
01802
01802
07483
06867
06945
09607
01951
03453
00133
00928
07090
06187
07693
07778
02343
02072
02071
02073
12308
03811
00252
03322
12583
14335
06978
07104
03545
01358
01358
03544
04092
01873
06988
12234
03284
01482
14228
14232
01187
01187
01119
03310
00303
01880
09815
00001
00128
09817
09816
03711
02015
02015
02013
02016
00806
03584
01649
07075
03926
07393
02013
02015
02016
01870
11754
05878
05879
05881
00940
03110
03320
04751
00990
03106
02959
06960
02860
00554
02884
03100
03470
03595
07042
06217
02503
09761
03686
03705
09940
03596
05520
02968
02340
02238
02237
00688
01869
03709
10979
03823
00275
00116
00077
00325
07460
07391
04096
03733
02967
02357
09903
02838
00981
06941
00099
06976
10563
01881
09748
02600
07742
02519
02834
03177
11753
02956
00962
00215
00135
01714
12574
03466
07282
00995
03743
05522
03724
03553
03565
10007
00324
06044
01236
08167
01686
06048
09710
00969
00147
08369
00931
03979
02899
02888
09165
00573
00857
00425
00426
10006
10005
10008
06168
00791
01778
03665
03722
00016
01356
07738
00058
03704
02346
03924
03925
03438
03587
01928
01929
01000
01925
03588
02563
01924
03589
03531
05810
09772
02221
06204
03101
06180
00024
01728
01840
01840
00971
00895
02026
02030
02030
02028
02031
02032
02477
10563
03685
02911
07040
00954
03655
07030
02902
00946
07032
01921
00057
00790
00847
01212
10554
10553
10552
02529
00847
02529
02337
00013
06889
03654
00817
01693
02501
01814
01817
03781
02520
02916
02887
03437
01975
01889
01890
00598
00145
00620
00930
00611
03402
01940
01755
03652
01866
06442
00382
01704
01703
07025
01885
07090
06997
03800
01649
01858
03179
07051
00826
00052
00053
01653
01652
00858
03631
03980
01937
01515
02259
09014
09015
05710
09013
11717
04488
07054
00059
00208
08296
01079
00975
02013
06910
00059
01687
01687
02434
02433
02435
10440
10441
10439
10440
10441
09992
01972
01322
00566
04487
07093
03637
02018
02020
01719
00363
00362
00372
02575
03750
00335
00336
00337
00338
00339
00340
14161
14162
01126
07178
01284
06153
03787
07465
07442
13527
13570
03433
03432
13571
02500
01496
01657
01609
01696
01695
00265
01560
01739
00632
01897
01897
01081
01768
00758
00273
01426
01426
01480
03639
03522
03521
07077
05343
00700
05838
07018
00620
03190
03189
03188
01428
01430
02034
02033
02035
02033
02034
02035
01480
01714
00526
00525
03647
00341
00342
00343
00805
03924
03466
02654
00528
03799
09767
05786
02913
03147
13745
03897
01434
00075
08982
01488
03073
02601
02867
02863
00266
00873
02335
02945
00859
01304
03702
05794
05794
09780
03701
03703
06958
09762
00134
00927
01803
03075
01057
00036
00616
00615
04763
03496
05896
06024
06178
00945
03977
11752
00793
14652
00794
01512
06191
05350
01811
12308
05349
01443
07503
02114
02112
02115
02111
02113
02109
02110
02108
02493
02835
02909
03628
00872
01733
00003
01586
01887
01720
01647
00164
02864
02935
03043
03046
02950
02992
02355
02358
02946
02906
02926
02892
02886
02965
02890
02982
02878
02904
02961
02874
02895
02931
02954
02994
02933
02881
02988
02907
02876
03076
00939
01265
02518
02919
02952
02948
03040
02879
00886
06173
02871
02996
03431
14225
14234
14225
14222
14230
14224
14224
14223
14234
14232
14233
14226
12510
06147
06147
06147
06147
10117
01992
01990
02483
06113
04518
11741
02529
06864
01805
00854
00287
00560
03709
00831
06901
03704
10843
00389
03969
02003
02168
06207
04517
01647
00674
01439
06966
00796
03088
08372
03117
01867
07058
00240
00239
00242
00241
07335
02056
02057
02057
01489
01488
01619
06966
03783
00382
01520
01092
00857
02469
00548
02470
03086
13787
01626
00655
00845
02342
00766
02276
03889
03890
02001
02032
02031
03070
09927
07654
07670
01251
02000
02002
00681
00955
00957
07090
00958
09791
01809
00432
01775
06925
03789
01011
09019
01409
06048
04078
00088
00274
02342
00088
00851
03299
00925
13788
01621
00788
03153
03154
03149
01951
02302
00390
09793
02348
06131
08999
05592
00765
01523
01783
07154
03500
00604
04066
00789
13038
03060
00942
01591
01955
01956
01465
00609
02825
03625
02356
03786
03088
06902
01126
01735
00891
01736
00014
00012
00973
00067
01790
07027
01710
01588
01589
01187
10119
07407
02003
02004
03466
10240
10241
10242
05350
01903
01902
11175
00602
06188
00024
10546
10548
10547
01433
01804
09955
02026
02025
02027
02529
09955
02026
02027
00600
01491
01142
14683
00849
03593
07082
07447
01872
02986
07478
01876
01892
03768
00951
00759
03074
03072
03210
03551
03550
01159
08681
06215
08256
00995
01868
03088
13821
03523
00261
02493
01462
00867
00820
00997
00941
00963
04047
03924
13572
13573
03116
03118
03727
03820
00721
00299
01784
00784
00259
03829
07140
00027
15520
00970
02803
01082
14218
14235
14230
14233
14218
14224
14229
02050
03298
14232
14225
14225
15268
01772
03891
04564
02274
02275
04487
04085
03517
04077
03704
03648
00697
01087
03218
01883
01770
00991
07736
02036
02038
02037
02040
07776
07768
02039
01834
04567
00767
00278
01579
01918
08981
09167
13940
00796
01495
11263
06287
07088
03524
07552
01126
05596
06895
14267
02283
12510
12511
02836
09812
09811
03664
02564
00763
06891
01776
00989
01478
01255
00658
06994
03801
03644
01915
09781
00982
01915
00606
00886
02355
09861
07164
02335
03798
00760
04075
07259
01507
01740
00641
04750
11212
14941
04063
03088
07560
06980
10773
14223
00392
03088
00800
06949
00865
00299
12503
11068
03624
01754
07304
07118
07401
00564
01697
01358
03885
01524
09009
01689
03583
03582
03581
01262
07053
05595
03657
03426
03657
07043
07177
09118
02029
03310
07301
02426
01011
09959
00151
02509
02510
07071
00240
00239
07095
00384
04477
06994
07646
07667
05349
00852
00864
01805
00615
00615
03723
01056
02897
00948
04042
03449
03918
01060
00919
02528
03424
01874
08281
07056
12373
03790
01934
01434
03282
00851
01686
02049
02051
03427
01154
02342
01153
01638
01637
00626
01029
01028
02106
00019
03313
07175
01679
01673
00847
03602
03601
03527
09760
06942
00984
02035
02033
02034
02004
00826
01665
06916
01779
00033
03684
06048
01662
00088
01681
03499
03499
18926
15987
15977
00594
05342
15771
16147
16148
16163
18958
18955
02424
10009
10118
18955
16168
06221
15035
16146
01983
16167
07260
16264
01977
01977
01977
01978
03699
02062
16237
03321
15772
15771
15770
10112
15770
10117
10118
10119
10119
10117
10117
01985
01985
01985
02851
02025
10545
10010
10119
01719
00882
16870
11991
06113
06113
02028
17318
17318
17318
17319
17319
17319
10439
10440
17202
15581
01992
01992
01992
01992
01992
01992
01992
17320
17320
17320
17203
17204
01980
01980
01980
00360
15580
15582
03671
17686
17810
17836
04749
00663
00138
21688
18455
08300
08301
18546
03574
18910
01214
01990
18917
07171
01992
18955
10747
06147
18929
01971
18928
03976
07029
01820
03526
07452
00135
19147
02802
19265
01990
01990
01992
01785
19640
08744
19577
19707
19710
19784
12132
12132
12132
20074
20074
20444
03332
01214
20814
00821
21147
21147
03636
03741
21471
21471
21471
21401
21495
21600
07062
10914
21929
21929
21885
00936
22010
22044
03077
22297
22319
22336
02257
22316
22311
22317
22320
22306
11206
01551
00728
07566
22491