05565
08744
01719
02428
00805
14652
11263
01209
00297
04751
00620
01840
13288
00956
12510
01491
00632
07448
01854
01478
00549
05349
03652
05596
06895
06203
01644
07131
03308
06975
01875
02837
03648
08483
02954
02919
07393
06871
06920
00648
02003
02025
02026
12308
07119
07778
01951
02313
02338
03629
02470
02469
09760
03647
02168
00156
00012
02003
08167
02000
03767
01664
06113
13626
06916
12503
00895
05520
01104
01104
02528
00567
07077
03578
02035
02033
02034
01443
06949
12373
02564
00845
02414
02503
03933
05343
07465
01079
13527
13788
03657
01903
01902
00688
11175
00602
11752
00793
00794
00031
01433
00600
01142
03593
01262
07053
05595
03657
03657
07043
07177
09118
07089
01653
01652
01687
02434
02433
02435
01972
01322
00566
04487
03522
03521
00700
05838
01265
02003
00526
00525
06191
05350
01192
02026
02025
01060
01811
12308
07175
01679
01673
00847
03602
03601
03527
12511
02836
09812
09811
03664
04762
00763
06891
01776
03439
01817
03564
04078
04047
03469
01265
01533
05349
07503
02114
02112
02115
02111
02113
02109
02110
02108
02493
02835
02909
03628
00872
01733
00003
01586
01887
06942
03823
02035
02033
02034
06207
02888
00425
00426
10563
03685
02911
07040
00954
03655
07030
02902
00946
01921
00057
00790
07025
01885
03310
06997
03800
01649
00826
00052
00053
06153
00164
02669
03088
00800
03328
03704
07104
02026
02025
02064
02063
06994
01823
04043
03687
03686
00975
00878
00788
01714
01284
07442
03433
03432
02500
01496
01657
01609
01696
01695
00265
00266
00873
02335
02945
01304
02341
00943
03168
01719
00362
00363
00874
01625
00849
03306
06877
02283
02598
01895
00937
07220
07305
05814
05815
05813
01126
02986
07478
01876
01892
00759
03074
03072
03210
03551
03550
01159
00995
01868
01665
00826
03684
04069
00656
01662
01681
03499
03499
03427
01154
01153
05846
05846
07301
00324
00325
03294
03321
03709
07284
01421
01421
03709
03574
06147
06147
06147
02001
05847
10240
10241
02027
02027
02027
02058
02057
02057
02057
02057
02056
02056
02030
02029
02029
02029
02028
02028
01992
01990
01534
06199
06199
03111
07107
10805
06886
08483
02777
00705
01256
07386
01808
00640
01738
03545
01358
01358
03544
01873
12234
00761
09955
03325
01810
12308
02025
02026
00389
01224
08974
03919
02073
02071
02072
02343
06187
03820
06131
05592
00765
01523
01783
03500
00604
04066
00789
03060
00942
01591
01955
01956
01465
00609
02825
03625
02356
03786
01735
00891
01736
02662
02654
02653
02652
00014
07082
07447
01872
01933
00764
02048
02046
02047
02045
00262
02575
01952
02016
02015
02015
02013
00232
03406
03406
03406
00859
02575
00370
00371
00373
00374
03750
03635
03639
03702
03701
03703
06958
09762
00134
00927
01803
03075
01057
00036
00615
04763
03496
05896
06024
06178
00945
03977
00963
00299
03924
03116
03118
03727
01224
05364
07101
01990
01802
01802
01534
03111
13789
02004
02004
02004
02004
13570
01835
08281
09009
00145
00930
00611
03402
01940
01755
01866
06442
00858
03631
03980
01937
02259
09014
09015
05710
09013
11717
04488
01744
06994
02335
00864
02440
00111
00619
03575
07067
04485
01804
10546
10546
10548
10547
03499
04768
02026
02025
06196
07399
02548
01911
01661
02549
02551
02552
03183
00330
00331
00332
01520
01092
02469
00548
02470
03086
01626
00655
00845
00766
02276
03889
03890
03891
04564
02274
02275
04487
00865
03517
01255
00626
00059
03212
10764
12308
05499
01812
00040
08323
00851
01952
01952
01923
01945
01939
01624
02566
00762
07124
01142
03695
01778
03665
02013
02015
02016
00286
01870
05878
05879
05881
00940
03529
03110
03320
00990
03106
00033
03424
01874
10546
07056
03790
03750
03282
00831
01809
06901
03413
03413
00575
03412
03408
03407
03563
09710
00969
00147
00931
03979
02899
03536
02914
03722
00016
01356
07738
02346
03925
03438
03587
01928
01929
01000
01925
03588
02563
01924
03589
03531
05810
09772
02221
06204
03101
06180
02337
00013
03654
00817
01693
02501
03781
02520
02916
02887
03437
01889
01890
03218
01883
05349
02529
01770
00991
07736
02036
02038
02037
02040
07776
02039
01834
04567
00767
00278
01579
01918
08981
09167
00796
01495
03798
00760
04075
07259
01507
01740
00641
02003
03088
07054
03523
00059
00208
08296
02400
02401
02421
02420
02419
02417
02416
02415
02557
02556
02390
02389
02413
02412
02411
02410
02409
02408
02388
02387
02422
02407
02406
02406
02406
02406
02396
02397
03704
10843
04077
00697
01087
06949
03070
01951
02302
00957
00390
09793
01880
09815
09817
09816
03711
00806
03584
01649
03595
07042
06217
09761
03686
03705
03596
02968
02340
02238
02237
01869
00116
00857
06999
01488
09858
00036
07090
10007
01698
01845
07156
03530
02314
02939
02963
03111
02990
01858
05349
01586
03980
00384
03671
01921
03497
03496
03501
06346
03217
02959
06960
02860
00554
02884
03100
03470
07460
07391
04096
03733
02405
02967
02357
09903
02838
00981
06941
00099
06976
01881
09748
02600
02519
02834
03177
11753
02956
00962
00560
00287
01714
12574
03466
00995
03743
05522
03724
03553
03565
00791
01772
11068
03624
01754
07304
06213
02013
02016
02015
05567
05568
05569
05571
03885
01689
02428
02032
02031
02034
02033
02035
03723
01687
01056
02897
00948
04042
01198
02907
02876
03076
00939
02518
02919
02952
02948
03040
02879
06173
07146
02871
02996
03431
01462
00867
00820
00997
01775
06925
03789
01409
06048
04078
00088
02342
00088
00925
00333
00334
00335
00336
00337
00338
00339
00340
00341
00342
00343
00528
03799
09767
00075
06902
01488
00230
03073
02601
02867
02863
02864
02935
03043
03046
02950
02992
02355
02358
02946
02906
02926
02892
02886
02965
02890
02982
02878
02904
02961
02874
02895
02931
02954
02994
02933
02881
02988
10005
10008
04759
04758
00375
06215
08681
00259
02002
09781
02342
01256
09384
01647
00674
01439
06966
00796
01255
03088
03117
01867
07058
00240
00239
00242
00241
01489
01488
01619
03783
00382
01654
06287
03524
01462
07552
02283
07654
07670
03924
01251
02017
02018
02020
09791
01710
01588
01589
02003
05350
13038
00928
00133
01626
02015
02015
02013
02016
10773
06980
07560
03696
00876
03924
01805
00854
05349
03216
00382
00658
07071
03801
03644
01915
00982
01915
01950
00606
01265
00886
09861
07164
03427
01154
01153
00616
00163
00645
00648
02078
09458
01462
02316
01129
05571
05569
05568
05567
01494
01091
02351
07245
03924
04079
00627
00162
00161
08972
00817
01756
00432
07727
02492
01599
00231
03466
01749
05349
05794
02803
04072
08256
07693
05845
01209
09702
01235
00549
13979
11754
00128
01840
00971
02768
01784
05570
02003
12308
01792
13640
00024
10234
10233
10232
00254
06168
01958
10006
01897
07407
01187
01179
00004
01739
01897
01897
01768
00758
01990
01990
02004
02004
02004
05522
02483
02385
01181
01181
01267
00721
02484
08372
03436
14221
14221
00951
13573
07741
00564
14219
14219
14232
14224
14224
14224
14230
02405
14225
08998
14225
14225
14230
14219
13571
07114
00215
13787
00058
04069
11189
07335
13572
00965
01814
01817
04092
14229
14232
14234
02013
14223
14218
14233
14225
14228
14347
11603
14218
14235
14235
14231
01176
14223
14234
03892
01181
14228
14228
14228
01802
14226
14233
14233
14233
01990
01990
01990
01990
01436
00868
14237
01978
14220
14220
14228
00970
04517
06945
04085
14162
01985
01985
01980
01980
01980
01980
01980
01985
01985
01985
01985
01985
01985
01985
01985
01985
01985
05565
01977
01977
01977
01977
01977
00941
01515
14237
10242
01183
19267
01966
01524
07768
15035
01011
05570
14230
14230
03892
14219
14218
14234
14227
14219
14229
14229
14232
14236
14222
14155
01081
01983
00368
02030
14228
16013
16012
06177
08316
11602
15733
15525
05602
15521
15526
12510
04518
11741
11741
15520
14415
00392
15921
18682
15771
16147
16148
03111
18955
18958
18955
18955
21949
01218
16264
03699
02062
00882
16237
03321
15772
11601
15770
10118
10119
16785
16786
16787
16784
16783
02851
10545
10117
11991
06113
06113
16785
16925
16786
16787
16786
16787
02303
17318
17318
17319
17319
01218
00372
01992
01992
01992
01992
01992
17329
17330
17331
17320
17320
21681
00360
10112
14237
03671
14161
02027
17686
02769
02770
18230
18455
08300
08301
03574
18704
18701
06218
18917
09693
06147
09692
03976
00594
07816
03526
19159
19158
01621
19265
12954
19270
19577
19710
19668
19784
09796
12132
12132
12132
20074
20074
01179
01214
20814
21104
21071
00821
21147
21636
03636
03741
21471
21471
21481
07334
21498
21600
21600
21562
21688
21498
10914
21885
01634
00936
22010
22044
03077
22297
02257
22311
22306
00728
22491
07566
22539