02028
16238
18922
10440
08348
06884
10014
02028
02054
18141
09690
02226
21908
19162
02345
10562
18925
18924
19271
03585
16347
16348
02028
10716
18138
18139
03553
03271
00346
00347
00348
00349
00350
00351
05952
02346
11750
11926
15735
11735
15736
15737
09982
00382
00627
03556
01961
00261
07160
00812
08219
04069
00656
09136
00831
00800
00945
02945
05788
00912
09927
09791
00979
06219
03633
03804
03632
01893
01751
03837
00763
01256
15554
15553
00299
07140
12297
15738
03808
06192
09857
01273
06135
06136
06137
06138
06139
01951
05515
03782
06916
07507
08369
02759
05343
02972
11733
01151
02769
02770
02768
11183
03291
09968
06940
02356
01686
13694
13893
13894
13895
13896
07552
02897
06899
09904
07014
08276
00116
06213
06159
03919
10778
03734
09475
07676
07687
07677
07710
01034
09923
03439
03575
08306
01581
07150
01697
01460
03561
08325
00655
02621
13652
03923
02622
02856
04564
06006
00850
02553
02548
03667
01419
03591
04066
02909
03764
12525
00297
00005
01595
01438
00145
00930
01755
04761
00322
01776
09897
07391
00147
00931
02042
02042
02044
02041
02029
02029
01996
01995
01998
01997
01999
03736
03735
15551
15552
03119
00286
09768
09945
00891
14591
09913
03554
00847
03547
03812
01716
04770
09911
03658
01734
06929
11940
06969
01512
15580
07246
14056
09473
09470
14052
07124
01085
03809
02034
08349
05783
05784
05550
05549
03381
03464
02624
02575
00675
02011
02012
01821
11208
11738
02106
02469
11107
01126
02445
00111
00112
00113
12660
12661
01911
01661
02551
00343
00342
00341
00340
00339
00338
00337
00334
13378
00331
00330
14260
07000
03651
09920
12340
07238
03272
00982
07184
06153
01633
08591
03190
01430
01429
01428
03187
03188
03189
02970
03086
07690
07679
02440
01652
11258
00826
01687
01754
02521
00053
03656
07150
01524
03732
03671
03628
05790
02472
00973
02805
12582
02853
02498
02496
01749
05851
06202
01778
09921
03733
03657
03284
05786
01058
03654
03711
14237
14237
14237
14230
14220
16135
14218
14218
10110
10109
16053
16092
16091
15269
16089
19611
16301
14228
14233
16090
14220
14220
14220
14220
14232
14224
14224
14224
14224
16136
03293
14219
14219
14219
14219
14233
14230
14230
14230
14230
14225
14231
14231
14234
14234
14232
14226
16137
16137
02014
02014
00130
02014
02014
14219
03335
03707
15598
00836
13745
03435
00039
00941
00878
01486
06901
01874
02478
05846
05847
05846
05845
05349
03777
03823
07262
01223
07267
05541
10542
02529
07148
01495
01070
03840
09159
06980
11068
09900
01223
00281
02437
00605
03185
09895
09888
01807
05596
09807
06895
01624
00927
03472
00615
07387
00789
08137
02742
09761
01920
07735
07447
02669
06997
02221
09131
03753
03752
09896
03673
03978
09894
07712
07708
01915
06207
07058
07560
02380
00123
00123
02379
00850
01624
02529
07407
02532
03534
10560
10559
00848
02854
03773
11737
07322
07109
12308
02532
07278
09800
02057
02057
03841
02558
09889
03592
15536
01465
01042
02760
07127
01647
07345
02517
03765
03305
04567
03335
02529
03484
01193
00847
02013
02015
02016
03490
03781
15722
06956
07038
10806
06190
06940
07275
01695
01696
13498
13497
01657
07053
06178
03168
13634
01681
01591
03113
04062
05810
05819
01666
05818
02016
02015
02013
02020
00014
00873
02426
11717
09015
09013
09014
05997
02016
02015
02013
00549
00997
03474
03584
03685
03100
03596
03598
03597
03088
00278
05590
03648
03214
03672
00998
05811
03695
05810
06180
05807
05809
14170
01626
02884
00554
02860
02959
03106
03687
00858
03631
02874
02961
02904
02878
02982
02890
02965
02886
02892
02926
02906
02946
03594
02192
02358
02355
02992
02950
07237
07236
07235
03745
03775
07070
06158
00855
07397
04095
06141
00362
00363
02302
01867
01091
01783
03112
01502
01653
03435
03925
03438
03586
03587
01928
01929
01000
01925
03588
02563
01924
01921
03589
03590
03531
02535
13301
03070
09862
00859
00364
02505
02504
02682
00767
03806
03807
11734
00163
00627
00382
01682
09910
01611
00797
14588
00117
01993
00615
00615
11927
13650
10037
10036
04047
11939
11934
11924
01223
08191
00656
04069
03750
13051
13892
13889
13890
13891
14441
02073
07127
07154
01265
01232
07090
07168
01251
00768
02233
09802
07470
01141
02355
00765
00013
00817
01089
02501
01814
02500
11755
10194
10195
10192
01193
02532
07347
07345
07357
07345
07351
07347
07348
07349
07350
06975
15549
15547
15550
03305
03893
11082
11083
11084
11081
03430
05306
07726
07783
01653
01652
13629
01753
06871
01232
02749
02750
03482
07085
04081
04080
01684
01631
00883
02470
03629
02338
02313
02914
03536
06163
06164
06165
06166
02043
06193
03762
07406
05516
11937
11936
11931
11935
04084
03926
07791
01744
07113
04078
04077
13409
13408
07347
02356
03577
05802
09790
00759
02343
09747
06187
04079
01772
00892
08223
09973
07340
02068
02069
05838
10804
02003
06917
01589
01588
03269
01883
01491
07637
01756
07153
00566
12152
06181
00031
09984
07217
00425
00426
03182
12974
11250
13069
09712
03449
01673
02034
07240
01821
01028
01029
00074
04019
04023
04022
04024
04021
04020
04032
04030
04029
04031
00029
00615
12945
06999
06957
01923
07287
01714
03567
03564
10763
00761
01223
01933
11175
00937
01524
06871
01951
07122
07323
02066
02065
07301
06041
03270
11719
09774
06861
03092
05808
06958
03814
07648
01686
08322
07139
00266
03600
03599
02996
02871
06916
09908
04691
00024
03402
03623
03468
15548
03568
08301
06287
03571
03570
03569
01462
02015
02016
02013
07644
07798
07787
07233
07156
07644
01534
03101
01698
03800
01079
04485
06211
08309
03720
05804
05805
07663
07641
06143
07773
12524
00872
01733
09861
03310
03831
04043
03686
03313
03717
02968
11753
01870
03101
03774
03527
12700
07702
07700
01573
01910
01546
01669
03305
07160
01304
01647
00242
00239
00240
00164
00658
01903
01902
00425
00426
07107
03562
03641
03640
03517
03811
01626
00849
00965
05776
02019
13930
13929
11744
11743
11742
04775
08224
15545
01935
03281
07309
09771
11932
01284
04080
02532
09918
08289
01625
01690
00036
00873
02560
09817
09816
03551
03550
01159
08310
01876
07136
15256
15257
09907
01887
15532
14064
00697
01087
10538
10539
10537
02255
02217
03834
07039
01714
00995
03703
07689
01146
00048
01628
02429
01818
02431
02430
06968
01766
02426
08304
00768
02231
02232
03827
00651
01638
01637
00906
03324
00014
02815
02814
02813
02812
06182
03453
00928
01810
13256
02024
05775
03181
03179
00631
00901
01356
03327
09823
05539
01775
00832
03788
07636
03311
11736
09932
01624
08682
07568
00773
03210
03072
03074
06996
05517
07738
11752
00794
03625
00946
01095
01662
00795
03602
03151
03152
00077
09767
08195
00014
02624
09016
09024
09019
09023
09021
09018
13821
07243
07224
06911
01476
12972
11941
03670
03669
12147
02517
07146
02846
12148
12149
01465
08162
03790
09915
02007
03394
05895
02189
05936
02191
02188
06042
02227
02224
13919
13920
15633
09798
00060
03274
02841
02847
02844
02527
00954
02913
02902
03630
13038
05501
01053
00762
00989
01993
10778
01972
00942
03060
00556
03655
00528
01803
03980
03823
09936
00137
02053
00425
00426
08303
05782
03304
03817
00449
00448
05358
09161
09899
00925
13788
07095
07589
07071
10017
10015
10016
03186
00764
03558
03749
11754
01963
03975
06173
03473
15461
09906
07090
07261
01736
07320
08296
06076
04754
11921
05880
00005
05878
05879
05881
07229
06878
12113
12111
12112
03931
08321
10555
10557
10556
10558
11531
11216
07043
07862
01685
01812
08191
15977
06911
05835
05834
03576
00549
01061
00757
09760
03183
03690
03688
03116
03117
03118
03424
03182
05368
01825
00075
03524
03073
02601
02867
02863
02864
02935
03043
03046
02759
02760
03150
07644
13926
01993
01867
02057
02057
02508
02511
02509
00455
06200
02057
00899
08963
01093
07783
10974
08967
09880
14287
03805
03387
11932
06140
01169
12973
03704
06199
03425
03644
03801
09158
01438
02618
02609
02610
02611
02612
02613
15866
00074
01912
02616
01118
03578
00261
00840
00673
06447
01484
05526
07248
00134
07112
08987
11892
11893
09912
03288
01610
01996
01995
01998
01997
01999
00656
03838
01754
07592
07395
01194
08308
01775
00285
03603
15830
15829
15828
15827
15833
04651
04653
04654
15836
02761
02760
02761
02759
00847
11605
11606
07088
01652
07401
07225
02016
02015
02013
04095
03555
03186
06144
03305
15984
01414
07115
01194
07058
07290
00874
11103
00694
00694
12372
12371
12370
12369
12368
12975
08177
01246
03826
00526
18828
02761
02818
02819
03485
01531
00610
00609
03710
00611
09893
06169
03828
01873
02339
01255
07091
11720
06915
06606
00140
03337
03338
03336
06605
03335
05813
12957
01673
06915
06871
06995
11732
10679
06048
02034
01147
00208
09975
08170
03974
03969
03970
03971
06918
08990
03721
11065
14054
15580
06885
05520
11901
11900
11893
11892
11903
11907
01007
09773
01626
06074
00432
02073
06073
00285
04764
01890
01889
02887
02916
02520
01868
03832
09780
06131
09901
15581
15580
04072
06186
09801
03664
05804
12972
01713
07345
07347
07345
01118
00375
01735
00891
00760
01673
01579
01918
00606
00950
01894
06204
06206
01975
03579
02507
12291
12290
12289
12288
05366
08312
04762
04083
01610
07638
07659
04760
06959
04758
04759
07490
02170
07400
06155
00705
00688
03556
02444
02439
00111
00688
00703
00975
00133
06156
06145
06911
01126
03088
02462
02461
02460
02459
02458
02457
02456
02455
02453
02452
02451
02465
05365
02013
02016
02015
01845
03281
15724
01129
02647
00990
11534
08160
03701
03707
02529
02057
08679
00012
01991
00963
07289
01494
00876
01247
04046
07799
07788
07789
07642
07664
08303
02034
00007
06199
06199
07797
03320
01430
01429
01428
03187
03188
03189
03190
08717
02034
07679
08169
04567
02836
07462
03981
08998
03217
03650
08163
06901
10124
02039
02036
02038
02037
02040
00820
04042
02114
02112
02115
02111
02113
02109
02110
02108
03501
03495
06205
01914
03924
03549
06726
10441
02529
03098
00246
04568
01613
06949
13288
09996
06925
01448
03572
00791
03666
03665
04088
04087
09937
01939
13771
12573
03218
09456
03477
03078
02990
02686
02963
02939
07269
00432
09786
07180
01792
00134
09916
08281
04773
09474
01008
00262
05779
05778
05777
01142
00840
00673
06447
01484
05526
05984
04064
02760
02761
02759
00019
01575
01652
02199
02198
02197
02196
02195
02194
06151
06152
02012
13574
02016
02015
02015
02013
15553
03601
03977
01892
15539
06941
00940
05367
06894
07751
04755
04044
04082
04487
13643
15396
05820
15977
00600
05916
04751
07715
07711
01952
11991
03786
02160
01961
14392
02687
03557
00014
07566
07479
04096
01462
00604
03500
03282
09890
02879
03040
02986
02948
02952
03076
02876
02907
02988
02881
02933
02994
02954
02931
02895
01465
09007
06204
01883
04773
01646
01644
01643
00215
01956
01955
11746
06195
02528
00097
03771
04744
05801
07702
07700
05964
03580
02336
01804
02063
02064
11925
03291
03785
00014
01704
01703
00052
01649
05798
01652
02020
02018
01051
01468
05836
01712
01745
00833
01012
02169
01935
03702
07643
03760
03639
03638
03637
03636
06890
13633
00549
15268
13630
13632
03712
01714
03829
08324
01425
00041
00459
02072
10010
10009
02424
07781
09781
07458
06950
09933
13635
01241
07090
00077
13922
04031
04029
01448
14682
03581
03582
01407
03583
02681
02680
02679
13292
08484
08311
03573
03701
07277
13631
13639
06901
07347
14393
01895
11102
10441
06167
05774
06162
05780
05781
02300
02299
02298
02297
08218
07286
05527
03545
01358
03544
01338
08227
05939
02529
02761
01586
10193
01521
02048
09892
02440
00864
03312
01811
13979
02073
09958
07006
07552
07106
11191
11192
10218
02760
02761
02759
02024
03530
03770
02237
12500
06920
11938
01738
05800
04752
03320
10805
09914
07443
15771
15772
01224
12308
02024
02909
02919
00375
08300
07040
02911
03621
00648
00645
02078
09458
07082
00943
02341
03424
07337
07251
01207
07000
03885
12151
03723
09808
09808
12410
01803
02526
02781
01808
00615
10773
03305
00868
01866
00275
09001
06077
06938
10680
03683
07390
04564
00574
00793
03327
06966
03449
14261
02478
03322
11535
14347
09954
01972
03528
06203
01738
00868
12339
02045
02047
02046
02048
07223
01448
00228
04033
04025
04026
03736
03735
00865
12299
07056
07121
07460
07089
05520
09979
07461
03824
08303
03835
05592
05803
00962
02956
02834
02519
02600
09748
01940
03075
03431
00796
03798
07574
03624
07259
03979
02899
02888
02523
00790
03149
03154
00788
03147
07740
03426
01599
05982
09891
05787
07803
01945
00602
03897
05921
05921
06015
00883
01631
02317
00481
02761
13255
02344
03789
08723
02837
03424
01839
03642
05837
05515
00783
09710
00969
02340
03643
01869
10004
10002
10003
10001
03820
06189
07042
06168
03184
01953
02565
01443
02802
02803
02804
01886
03839
03645
07667
07646
01548
01547
14155
01809
01676
07639
07661
13938
00324
00325
14055
12941
12940
14057
02624
01031
01032
01857
01055
01676
11106
03734
07703
07701
00116
13928
13935
13934
13933
13932
13931
03314
03611
09160
09902
03610
03609
03608
03684
07285
09917
01665
01752
00563
03587
03704
08169
03799
03797
03607
03808
09824
07156
10857
01354
06194
00573
03787
06176
01770
00991
05589
00860
00957
02302
09612
00390
00381
01737
10026
01689
01937
03215
07678
00865
01706
13918
06175
15723
06879
06966
03837
01752
15553
00874
08195
07726
03704
01879
01878
01805
10543
10545
02529
00835
03833
01042
00009
02562
14762
00427
14348
03216
00640
00057
03071
01154
01093
02053
01198
01805
02024
00574
09701
03098
07787
07798
00375
15372
02034
02167
02168
00864
00615
00615
02362
02364
02013
02015
02015
02016
02361
02363
01252
00216
11891
11910
11896
11895
11906
02073
02071
02072
00832
05591
14058
03737
03778
09978
00077
00963
07001
09858
01433
00373
00371
00370
02575
07673
00372
00362
07300
01627
02493
02835
02492
02494
00919
00948
03321
01056
06942
11911
11905
11906
11895
11896
11891
02000
02001
02002
15974
03543
03446
01649
07173
01919
03563
01872
03565
02781
02468
02467
12266
12264
12265
07241
04656
05796
03487
02752
02753
01223
08315
15834
15832
15831
05813
01996
01995
01998
01997
01999
01999
00823
00375
03089
09811
09812
03110
08993
01534
09125
12963
12962
07264
13014
10011
10012
07806
13727
15584
15585
15586
15587
10824
07722
06213
07007
01265
02967
02357
09903
02838
00099
00806
00981
11749
07277
06142
02536
02372
00677
00748
03470
02337
01962
04075
15034
06079
01881
06080
02073
02072
02071
03273
06222
08307
11249
07085
11073
11076
11075
11074
03212
09996
09999
09997
11066
01620
00156
15977
11933
06188
13888
05685
03704
06891
03694
02518
00684
00384
03466
03634
07478
01875
07306
02083
02029
02029
00133
03543
09458
01951
07090
02529
14228
03321
14237
14237
14237
14237
14237
14229
14229
14229
14229
14229
14228
14227
14227
14227
14229
14234
07666
03767
14225
18138
14225
14225
14225
14225
14233
14233
14223
14223
14221
14221
14221
14218
14218
14218
02030
02029
02029
00484
07645
04065
00108
03111
16053
14223
14223
14228
14228
14228
14228
16087
00547
08161
01077
03286
07343
06910
11179
00135
03451
09471
02033
03475
02822
00247
00245
00244
06889
03476
14219
14232
14236
14236
14236
08167
02014
08350
00626
02549
08680
02552
02348
00784
01515
02858
09806
00974
01409
03649
03769
03769
02851
02852
01719
02821
07305
01424
01916
02200
02193
02010
02014
02049
01011
13628
04488
01092
03747
03499
01496
02035
16077
16077
14233
14234
01092
00799
03316
07126
10439
10440
15770
06179
00059
02619
00616
11069
11071
01488
03617
03616
03615
03614
03612
03613
00799
01759
00845
01885
02784
08483
12961
03177
02427
03148
07709
06445
03830
00769
00135
07308
06212
02238
11085
09476
04063
00027
01507
13953
02035
00882
06183
03289
11209
01760
07640
13283
01607
08314
04750
11104
04067
00939
03455
11751
02004
03768
11072
01258
07660
01424
01759
02035
02033
00059
02051
01470
02051
02049
02050
00626
00616
01439
07054
03548
02824
00088
02067
02806
01788
07665
07665
13641
00548
00068
09022
07657
03475
02821
03386
02822
10013
03317
04477
08161
03810
00055
03929
00121
00647
01782
09251
11530
00219
07393
03498
00230
00867
07792
00971
16066
15373
16074
14235
16074
03492
07757
07017
00626
00059
01026
07258
01854
02100
01730
00626
09702
07784
13636
00389
00970
02463
02454
01243
00674
07258
02352
08476
08475
08478
06971
00852
10439
02056
07048
01439
03475
02822
02821
08178
00033
03606
01104
07660
02033
02035
00854
01607
02035
02033
07126
12943
01823
04763
07214
02116
03718
10440
00852
14230
14230
00956
11929
00568
02615
07771
02030
02033
02035
07214
08969
14061
14062
02030
00374
15578
15577
06039
17213
03743
02077
02074
08305
02783
02782
02783
03307
00564
07346
07675
01619
00758
02566
03317
02564
03711
01835
01679
00567
12942
01607
00244
02793
02794
02795
11392
03087
00380
04765
00854
03796
01176
02798
02799
02800
00101
02485
15773
01840
01119
01082
07304
01507
02056
05816
05815
05814
04085
00068
02466
05966
01525
06177
00853
02017
07404
01479
06910
00652
03635
07027
05595
03307
00016
01607
00598
01176
03316
00059
13921
04720
13637
05350
01222
01139
07506
04091
04073
05713
05712
06078
03803
01222
03757
00010
01222
02506
07019
09898
10914
07123
03478
04774
08992
01270
01271
01185
08344
00884
08234
03469
02342
05844
09998
10000
16012
16013
02371
15599
03593
02755
02756
02757
03488
01489
03748
10541
10540
01262
01934
00058
03442
01480
01585
02428
00127
00124
02822
03475
02821
01629
01813
02855
15583
05714
03784
07186
00616
07034
01572
01571
05522
00241
03560
01785
01784
07312
07307
00657
03299
09815
06201
02009
02190
03399
00639
02843
12984
10563
02446
12944
08172
16345
01226
09022
00010
05815
05814
09471
02795
02793
02033
01222
07120
06889
08997
07283
15582
03647
02441
00700
00851
03825
07665
02056
00135
02510
01826
02056
01092
08964
00058
10440
03386
03326
07258
00276
01692
06177
00932
02014
01297
11105
04652
04655
11604
11607
06149
00383
00799
01250
08194
02464
03535
01980
01980
01980
01980
01980
01980
01980
01980
07165
01048
01069
03892
00537
16210
16210
06858
08351
02062
16345
02052
02055
08348
01739
06221
07684
07782
13053
03668
01183
01990
16514
01223
01977
01977
01977
01977
01977
01977
01977
01977
16515
16516
10831
03079
08154
00146
07250
11748
11747
11745
11645
07232
09020
02533
03077
16137
05796
03482
16370
07713
02099
01630
02054
16322
16291
14063
01223
13936
01834
04753
02769
08970
11734
02617
05799
16234
12262
03566
01856
10823
04027
07714
00879
08225
02554
01035
16263
03445
16264
11391
10544
01487
11959
00537
02525
11960
16693
11961
17213
05816
00090
03457
01708
14228
01985
01985
01985
01985
01985
01985
01985
01985
01985
14219
14219
03896
16704
02071
15600
00065
00065
02768
14742
01190
16695
10543
05812
00483
07274
19227
19230
16692
16651
14222
11962
10111
10108
07662
11963
00042
01002
01096
10544
10545
04757
00821
01664
04772
05499
09017
03719
03973
05540
14761
02055
02778
02779
04771
11903
10013
02075
02849
15460
00557
02028
02029
02029
02028
02029
04028
02031
02032
02030
02030
02030
02030
06016
06016
02006
02030
02029
09472
16868
16839
16842
00355
09810
07358
08316
03604
07245
06075
07245
00151
10561
01485
02050
02051
16841
02008
14475
06970
11382
02749
02750
02749
02750
16840
06075
11070
17214
17195
00371
00374
00373
02030
02503
17202
17247
12255
10441
13923
03457
00370
02028
02030
04091
19611
19611
00265
03574
01582
01582
01897
10439
10038
03559
00951
00040
10439
17713
17203
04091
15555
02028
02028
17204
02010
17215
02029
01990
01992
00813
05601
17686
17686
10111
19789
03292
02058
03292
01130
02778
01791
00839
08485
02614
06518
03566
03566
03566
07459
19745
13638
13695
02809
02810
02477
01497
00632
01187
08194
08194
03772
00146
06518
17758
17759
00344
00632
00254
02058
02477
11928
00661
01187
17737
02032
02032
02032
02031
18140
03585
02794
02031
02032
02032
02031
02035
02031
07483
01758
07483
07486
07483
08351
02032
18325
05396
07483
07222
02058
07483
07483
07483
07483
07483
07483
03719
03366
02770
01485
01485
07222
06122
00086
02031
02031
03446
04103
00001
18142
18143
18144
21430
06120
06121
02033
02034
07483
01185
18325
08156
21908
19586
02160
07307
07347
03673
16138
02358
13631
05800
00031
15977
01883
06016
06221
02099
00101
07106
03310
11932
13632
02532
07679
07690
07786
07347
07690
07690
01175
18324
18326
00138
03293
02483
19587
18829
00433
04333
11904
18446
16235
11904
00681
00681
00335
19504
18640
18673
18697
18691
18765
18699
11741
18850
03427
18889
18895
18900
21645
18920
18850
20861
18831
20866
20881
20862
18800
18778
18831
18918
18657
18890
18954
07480
09691
07483
08722
05785
05839
04565
07724
07790
03895
03894
07796
07810
03503
03502
03169
03746
05839
10748
18923
03497
03497
11685
07790
03502
07810
07796
03746
10748
03646
03646
03674
07497
07497
18146
01699
03761
03496
00336
07483
07483
07483
07497
03976
19055
06884
03526
18979
07497
18991
07497
18997
07484
19048
07484
19000
07497
02777
07452
19147
19221
19222
19166
19226
19236
22444
01710
19166
19238
19229
19228
19234
12979
19235
07451
19168
19270
00020
19265
01066
01992
01992
01992
01992
03722
19416
03722
19335
07497
07497
07497
07497
07497
07497
07497
07497
07497
07497
07497
07497
07497
07497
07497
07497
07497
19338
19267
19337
19338
19304
19505
19334
19302
19270
19336
19333
01785
19303
19510
19577
19507
19509
06884
07497
19611
11209
02796
19506
19508
19509
09823
19585
19697
19688
19776
19775
19777
19778
19778
19778
19784
00799
00799
06131
00799
19837
15777
07147
07119
19802
19803
21613
19804
15540
19956
19810
21638
21636
22468
21405
20034
00040
22443
12132
21265
07686
01612
20542
20542
20543
20543
19591
20541
21759
20541
22132
22003
18301
02438
02790
02791
01200
21029
21085
21021
21086
02160
00525
02495
13075
21028
08968
08968
13609
08968
21090
00525
02335
00857
06197
00558
07313
06866
06191
00560
02316
06223
03676
01520
02314
02315
04068
00287
03546
09961
06217
06906
06905
06903
06907
06908
06217
07336
03292
00526
20938
05934
14333
21416
21417
03651
13695
21470
01451
01420
00863
01451
21698
21695
00875
21948
21963
21965
21974
21975
21966
21968
21976
21990
21973
22041
22015
22024
22044
22051
21964
21967
21972
21973
08319
15576
22131
05275
14274
22024
22129
13874
03595
22130
22129
22105
22110
08994
03077
15634
02257
22293
13566
11206
00424
22489