13747
00568
06891
11607
01491
12989
03979
13292
03521
03522
01755
01586
02419
02415
02393
02394
02386
02392
02408
02388
02387
10773
02022
11103
00940
02339
01255
07091
11720
04744
03771
00097
02528
03572
00912
02527
06178
00948
01951
07736
02897
01876
01956
03977
03070
02990
02963
02939
02314
01775
04485
03558
00764
02002
03625
00794
00793
11752
00600
01698
02621
01647
02911
03313
00528
00963
07058
02427
01890
01889
02887
02916
02520
03596
03301
02417
02000
13584
13588
00558
00895
01961
13583
02503
07270
12510
02651
12511
00652
00821
05524
08316
00620
05834
09457
00789
03820
07042
06168
03474
01955
03624
00873
01870
01681
06890
01591
02338
00763
02945
00945
00800
01716
00647
00208
01733
03602
09862
02518
02300
02299
03496
03686
02888
02899
00969
01623
00927
00134
00615
09769
01141
01673
00602
03500
01627
01689
00161
00162
00627
00382
03644
01875
03787
02412
02391
02556
02416
02410
02401
02926
02906
02946
02355
02992
02950
02160
00684
01338
03544
01358
03664
01714
02335
00845
07152
00384
01887
01129
01142
03086
02871
02996
00145
06173
00604
01462
09456
00609
01465
08591
03168
00133
03770
09761
01919
00275
00208
05539
01669
01972
03631
05807
02535
03531
03590
03589
01921
00335
00336
00337
00338
00339
00340
00341
00342
00343
03524
01881
00928
02835
02493
03695
03733
01495
00088
03413
01998
03545
01265
00003
07462
00031
07716
02533
01776
00942
01433
02298
02297
02913
11443
03179
01945
03564
06167
03424
01874
02341
00943
02622
01056
06942
09799
02221
09131
01507
06207
01940
02879
03040
02948
02952
00939
03076
02876
02907
02988
02881
02933
02994
02954
02931
02895
02874
02961
02904
02878
02982
02890
02965
02886
02892
02109
02109
02110
02108
04487
07018
01879
00075
01924
02563
03588
01925
01000
01929
01928
03587
03438
03925
00795
03210
03501
03495
03650
03628
08973
01885
04567
06941
06179
06180
03089
01939
02114
02112
02115
02111
02113
04066
04080
03688
03183
10563
02968
02313
00989
07231
03684
04043
01599
06287
02470
03071
02342
00859
01963
03671
01610
00867
01419
03667
03593
03549
02316
07038
02867
02601
03073
02358
00566
00831
01092
01588
01589
02291
03694
09969
09970
09971
09972
03801
00773
07568
00954
02469
03111
03701
01915
01425
02986
01679
01872
03553
02909
01937
03075
01803
01772
06920
01737
02498
01719
01749
01409
00057
00241
00242
00239
00240
06916
01903
01902
00164
00658
00382
01807
00383
09014
09013
09015
11717
04568
02356
00228
03648
03470
03575
01494
02914
03536
03217
03978
01012
01935
00833
00648
01923
04564
04764
00648
03621
00525
01915
00036
01057
02421
02400
00558
02420
02389
06601
06602
02397
02396
02390
05527
04763
01962
06980
06153
02049
02050
03703
05592
00812
03218
00643
01262
03466
06041
03427
01154
01004
03185
02429
00526
11753
04078
04077
00330
00331
00332
00333
00334
00029
02066
02065
02067
03046
03043
02935
02864
02863
01952
01952
01923
01756
01783
07447
02435
02433
02434
03702
02557
02406
07082
09458
02078
00059
00645
11605
11606
03431
03798
04075
03640
03641
03562
03551
03550
01159
08311
09798
02063
02064
09710
02012
01933
11175
01883
05786
01613
00655
02902
10806
02426
01868
00762
01465
01597
00869
00869
01641
01823
00311
01520
07391
08300
05366
02836
00858
02523
01878
07566
06187
09747
00979
03629
00748
09949
00677
02372
02536
07277
11749
00981
00806
02838
09903
02357
02967
00674
01439
00962
02956
02834
02519
02600
09748
03601
03980
01867
02204
03469
03466
09987
06997
01869
02340
03497
03704
08602
01790
01710
00067
00973
03455
12257
00790
01892
09991
01873
03642
03060
00997
03100
03685
03595
04042
00820
03655
09159
03723
03584
01866
03657
09985
00560
00287
04088
04087
07552
07390
01952
02409
01920
03282
07716
03687
02039
02036
02038
02037
02040
06190
03110
01778
03106
02959
02860
00554
02884
00033
09815
09817
09816
02217
02283
02282
02281
02280
02279
02278
09791
07157
06861
09774
11719
04773
05788
03101
03555
13038
00480
06147
02001
06148
01286
02970
02651
02651
01286
01934
01470
00799
01069
06147
02062
09810
08998
06147
00021
01185
01843
01835
10564
13581
13592
00557
11754
14221
01079
14231
13587
01784
14229
14230
14228
14220
14233
00215
03574
00058
00024
13772
13589
14222
14219
14226
14234
14225
14233
14219
14233
14225
14236
14218
14218
14218
14230
14230
14230
14223
01916
11604
13628
14233
14228
14218
14228
14234
01985
01985
01985
01977
01977
01977
14219
03500
14227
14227
14227
14237
14224
14230
14237
14652
14232
14229
14228
14219
14234
14235
01980
01980
01980
14223
00949
06919
01092
02428
00254
15371
02358
00526
15738
16079
16079
03643
10009
02424
01834
00970
17103
12574
03475
18480
18588
16899
00611
01406
04771
19689
08744
20444
21470
21603
02334
02334
11991
02257