14652
03215
01297
13038
01961
10824
00956
00620
01193
01491
01154
13292
07133
07133
12990
00297
02121
01916
01784
00030
00054
07742
03469
10112
05589
13888
13694
03439
00674
04028
07114
06183
01119
13747
13542
03558
03386
01619
03486
03284
01881
07025
00005
03695
01839
05808
03652
07082
04075
03798
08483
03152
03438
02123
02124
02119
02122
02117
00655
03565
03553
00943
00053
02013
00052
00052
07473
01704
01703
00648
00720
07124
07098
07098
01649
01653
01652
04045
01756
01939
03786
00891
00014
00938
01823
02838
09903
02357
02967
00088
00059
01258
02118
02120
00789
00609
00610
01591
01465
00762
01448
00756
03969
03070
02335
01507
02003
01754
01687
00773
03424
07173
01921
04083
02536
07277
06076
00763
00952
01623
00048
03075
01803
02968
07224
07243
03118
03116
02340
00945
03530
02527
03442
07560
00133
01929
01000
01925
03588
02563
01924
00075
03589
03531
02990
03111
02963
06199
06158
04095
09712
01448
02950
02992
02355
02358
02946
02906
02926
02892
02886
02965
02890
02982
02878
02904
02961
02874
02895
02931
02954
02994
02933
03980
05896
11753
04486
11755
07075
02500
01814
02501
01693
00817
00013
00765
02502
00796
01495
00950
01633
05539
03799
04564
00651
01890
01889
00260
06949
01783
02784
01937
01624
01875
00912
09762
00997
01790
01710
01999
01999
01997
01998
01995
01996
03705
03687
04043
03686
02881
02988
02907
02876
03076
02042
00917
01193
04030
02042
02041
05895
02517
01448
03210
00927
03823
03788
02338
00057
08591
00748
09949
00677
02372
02535
01885
01151
03437
01808
07107
06960
02528
00760
02887
02916
02520
01338
03544
01358
03545
07462
02834
02519
02600
09748
07240
07240
01226
00226
12410
01223
02755
02756
02757
04066
02434
02433
02435
06178
06024
03569
03466
00806
00981
01866
02843
03723
06412
02044
01610
03273
03768
06213
03574
00625
09800
01534
03205
03778
02836
03784
05985
04068
02996
02871
02822
03475
00615
00615
08303
03625
03614
03615
00656
04069
00616
02444
03671
00384
01689
06201
00059
03642
01887
01698
03499
03498
04068
01736
00800
01735
00882
02768
02769
02770
02014
06207
02529
01635
02786
02787
02788
01220
07341
06213
06958
03703
03701
02911
00648
00645
02654
02453
02529
01945
09797
02356
05592
01956
01955
07559
06975
04486
01738
00640
03839
03524
07030
03270
04567
01779
07344
00783
03572
01597
00869
03106
07316
01868
06890
02902
03655
01462
00604
01926
02160
00759
09787
01223
11066
09765
03282
01808
00566
07088
02071
02072
02073
07386
01972
06941
06901
01755
00963
06940
08998
03596
08987
01265
00939
01243
01809
02564
01443
01810
03630
00067
00948
09691
09690
00973
01056
03587
02821
01819
01897
01934
01273
11754
02217
01571
08303
03523
04773
06206
07460
03470
06180
01091
06889
01681
03523
01012
07718
06196
12267
06925
03110
00925
03551
09761
09710
05515
12574
07574
09775
06442
03797
07056
11102
06959
03303
01870
03101
01878
01879
03286
02945
00826
02045
00394
00957
01714
01778
00928
01586
02777
00989
00600
03529
03310
03657
02796
02795
07095
02469
02470
03650
06346
03217
08998
03536
02914
00847
02653
00145
00930
00611
02108
02110
02109
02113
02111
02115
02112
02114
03312
07007
07137
07085
09758
07043
03500
03976
07001
06131
03177
01159
03216
00560
00287
09778
01874
02956
02517
09769
02687
03704
01104
01695
01696
01817
01609
01657
02761
02760
02759
00661
01662
00003
00928
04078
04077
00661
01641
03570
03584
07738
02346
01489
04486
00850
00873
06187
01733
03530
01989
05832
03744
01480
00797
01611
07088
01915
01962
01963
06179
05837
01775
03074
03072
07447
01872
05995
06861
09760
03151
04487
00901
07042
07037
03722
01892
07150
01876
02835
02313
03629
02015
02015
02013
02016
06180
02190
02033
02034
02035
02031
02032
01749
02492
02227
02232
07124
02233
11065
15587
02860
00554
01867
00845
03486
00872
08602
07473
03525
03711
09815
09817
09816
03639
03856
03664
12573
02518
02919
02952
02948
02986
03040
02879
09825
02652
07566
00948
04042
00703
00975
01834
03555
00147
00931
00979
02343
02939
02314
08884
02796
02795
02793
02794
04487
02337
03602
05810
02231
02355
00864
05833
03169
02493
07568
03550
01776
07258
03086
02316
00942
03046
03043
02935
02864
02863
02867
02601
03073
02913
00688
00615
00615
06889
02809
02810
02529
01951
04069
00656
06153
02358
06168
03628
04047
07391
03978
00859
02048
02046
02047
03737
07462
03218
02909
07166
09157
02189
01940
10773
03499
03498
03977
11709
11708
11707
00842
09125
03399
01869
00549
01627
06041
00566
11068
03561
03559
02959
00161
00162
00627
00382
03800
09155
00688
04086
02035
02034
02033
02032
02031
00768
01845
01873
00602
07478
00567
01232
02749
02750
00705
11175
01933
00764
01923
01588
01952
04773
03702
03595
06193
02238
03327
03271
01914
00793
11752
00794
00286
00852
10213
04023
04026
03736
03735
04019
04032
04029
04031
02007
02008
02006
06042
02188
05936
00134
03495
03501
09861
00526
00525
03647
01893
04096
03168
04763
06942
00876
02888
07584
02899
02598
00385
03431
07010
01620
02341
03569
06173
01951
00820
09747
08153
06997
09772
03688
01928
01409
03413
01595
07456
01883
03734
00858
03631
04763
00790
09013
09014
11717
04488
03763
01938
02221
00995
00962
05845
05846
00548
00791
03979
01760
03648
01493
03601
02026
02025
00849
07067
04485
00954
03685
09458
02078
08681
06215
03789
02884
19002
00949
02191
01647
07126
13789
13953
02224
00971
07407
01819
01759
01759
00459
00841
00381
11189
04720
06948
00821
03770
14228
14228
11754
01775
02004
07496
07074
00951
03286
02009
02029
02029
09810
07192
01537
12950
02503
03709
06211
06147
06147
06147
05847
02057
02057
02056
01989
00965
01515
02027
06926
07011
08978
11312
00131
02806
05934
14232
14235
14230
14228
19286
14155
14229
14229
14233
14219
01156
13497
04072
00215
11085
19689
00058
03671
07335
03593
01989
03394
07005
11710
07496
01270
01297
14229
14234
14234
02013
14223
14236
02342
00290
14226
01977
01977
01977
01977
01977
01980
01980
01980
01980
01980
01983
02304
14228
07720
00868
14237
14237
14225
14225
14222
14228
01978
00537
01176
14233
14233
03324
14233
14219
14231
14231
14227
06926
14227
00857
15035
07496
14230
07273
14221
14221
06218
01174
14218
14218
14220
14220
14220
14220
14220
07052
14230
14170
03100
14540
14219
11749
03086
03086
15586
15585
07491
14761
03653
15583
15580
15580
15342
15342
15584
16301
15633
03929
15581
02226
15582
10823
15580
02428
01835
00812
15986
02029
02028
02030
18682
10716
00974
16264
18346
03699
16785
07317
15580
16787
16785
16786
07012
16957
16957
11720
16950
16951
16786
16787
16923
16924
16960
09808
00395
07091
16959
02028
02030
02029
02028
02029
02030
02030
02030
02028
17076
04754
17073
17074
01985
01985
01985
01985
01985
14228
14224
14224
17686
17758
17759
19165
00018
00209
02107
02809
02810
00004
01267
03462
06896
06147
13677
16149
19088
07464
07452
20074
09951
19159
19147
19157
00798
19158
19158
19090
07319
09951
19091
19075
19157
19302
19350
06881
19965
01560
20116
20117
20118
12132
20530
20531
20532
20533
20527
11751
01208
21636
21929
22010
00936
22132
22212