10026
17103
01992
01835
14226
09810
01436
01067
06147
14222
14218
08676
01053
00290
01259
14218
14225
09516
07052
07636
06179
03118
00600
03814
09014
00748
03088
02551
13963
12573
03606
01709
00978
00640
01000
03325
07259
03797
01206
03585
03800
00548
03719
03585
07397
06888
07110
02899
02888
00560
01915
09761
02959
02860
00554
02469
03823
08994
01737
03585
03524
09710
03798
05989
03555
00626
02014
01816
00790
04567
12658
00285
01745
01712
01468
07090
00390
00957
00117
00766
02003
06142
06861
07462
00645
01993
01785
03307
01804
00853
09955
03088
01934
01873
14219
14225
14233
02304
00948
11927
03553
00012
01710
07112
07112
07124
10778
09691
09690
02622
14170
11753
03177
06153
09811
08999
00979
09812
00616
03703
01681
03168
01953
12410
02897
02313
02529
01624
03337
03338
03336
03307
00140
03335
00010
00859
09747
06929
03088
12339
00762
01089
03427
01153
03711
01462
06911
06996
07305
09013
09015
11717
02474
02426
01241
04763
01262
03718
12373
01889
08641
01887
03719
00286
02434
01719
05343
01945
06178
00612
03478
03270
03773
03797
03294
13789
09780
02837
00791
03667
01783
00639
03113
03305
05366
06942
03568
03568
03924
00945
01640
05565
05566
05567
05568
05569
05570
05571
00606
02238
03269
06167
07106
07114
03924
02493
01624
03294
02939
02963
02990
00927
01736
02341
06158
01881
00297
07456
02014
00901
01933
01972
02016
02015
02013
07225
00681
02004
01434
01952
00876
06966
02066
02065
07460
03801
03770
00865
09903
02838
03734
02014
00075
09164
00031
07263
01895
01918
00820
00703
02914
03536
03797
05808
02619
01665
00281
03561
03832
02040
00939
03979
00330
00331
00332
00333
00334
00335
00336
00337
00338
00339
00981
00641
02014
00857
09936
03561
03559
00954
06155
06158
06886
03218
00243
02003
02004
01647
06915
01591
01790
00761
07395
07263
03811
00919
02946
00164
00658
00382
07148
01273
00457
00451
01555
03474
09117
03558
01872
00784
00700
01686
01868
02520
07478
03469
01921
07137
00339
00340
07461
00868
13653
03826
03724
07088
04043
00817
00228
00912
00067
09748
02600
02519
07443
00760
07164
09793
14260
01923
07114
09807
00891
00796
02115
02111
08191
01625
00874
01812
01685
00041
01750
01686
01181
05970
00101
02856
06193
07148
03534
02004
02004
02003
03685
09458
02078
01627
00099
06180
01740
02358
01235
02529
01810
00343
00342
00341
13038
03628
01778
02884
02198
03070
01061
03088
02113
02109
02110
02108
03305
01874
03624
00382
06201
03183
07636
03701
05979
01438
14287
01599
02492
09792
00406
00384
01273
07019
01251
06207
02112
02114
00639
00681
03655
07447
00343
00342
00341
00340
02342
00648
01194
08296
00261
09704
00655
02435
03453
04761
03782
12257
03569
03570
03466
07516
01754
03088
11752
00602
03595
11927
06997
01661
02871
02996
02967
02357
03551
03527
00693
04487
01823
00088
03317
01883
07404
03775
02551
02428
01206
03327
07098
01114
00773
00940
02377
01129
10947
07107
02913
01338
02500
01814
02501
02523
01755
03575
03530
08301
01462
01711
01939
03711
00951
03711
03978
00845
04564
02529
01816
00294
02342
03111
07025
00014
03975
08097
04773
00858
00655
03921
01876
00806
07277
06142
06142
00931
00337
01893
07636
01673
04079
01491
01633
04074
03179
01735
01424
03521
03522
02437
01465
07568
00991
07588
01610
06872
02970
03733
01784
01710
00973
01262
00331
00330
03284
06180
01911
01419
00627
03596
02004
01153
01154
03427
06973
03424
03823
02834
09808
01256
03654
06041
00278
00333
00640
01885
02003
07071
04046
09858
02337
02346
01869
11175
03179
07058
07107
07082
01892
14155
06177
03550
01689
01104
03100
10012
01585
02558
01745
00059
00647
02078
01912
03783
02372
02078
00647
07107
00648
04485
13051
03786
00850
03088
06199
07056
03088
01126
02338
03088
02355
11927
00872
12524
00831
05595
06287
00609
00332
07095
07238
03695
02335
01486
03841
09797
01246
09954
08994
00029
05592
01126
03701
02621
03306
06941
02014
00266
00265
12251
07778
00800
01775
00111
00059
03644
00789
01902
00024
03116
02433
08307
01950
01687
01652
01653
00053
01940
01613
03470
03321
00864
08151
03073
02601
00604
01928
02014
01929
01462
02529
03768
01749
03092
02361
02197
02195
02194
03210
01297
01880
00097
04516
00318
03101
02613
06911
07133
01815
02529
01667
07263
01886
06949
04096
03702
00677
02536
06885
01206
01444
00259
06925
03657
03088
00942
00969
03525
02911
03621
00648
02356
02160
01961
03110
01696
01817
01609
03088
03768
08972
11755
03593
03088
05337
08303
03088
01533
01866
07568
01284
00658
00765
00013
04063
00626
01507
01534
03711
03088
00854
01805
03307
01811
00819
03671
01756
02440
01907
00058
03787
00500
01770
01714
01159
00696
07214
05349
03300
03320
01915
02347
03075
06168
09992
02887
02916
02337
02517
07141
04047
03424
02348
09458
07507
07027
01579
00831
03818
00211
05837
05515
06975
07160
03630
02968
01126
00252
00058
03442
00432
02548
08998
00549
11068
00930
02014
06131
02314
01409
05366
03098
02527
01870
01181
03549
13483
11178
11177
02081
08191
00058
11216
01126
00852
05340
03707
00941
00788
00878
11927
03088
07051
07090
06959
07007
06911
04759
04758
05349
00262
04564
06187
06891
08973
00384
00791
00116
01937
02528
00757
01489
04078
04077
03744
07667
07646
03313
07004
03709
01448
01278
05776
07576
08602
02836
12373
00949
00208
02564
02217
01657
01658
06889
00946
00162
10773
13747
01443
09164
00793
04063
02902
01533
02014
01845
03217
03437
06195
03648
07444
07560
06213
09808
01620
00275
04075
03631
07152
03525
03316
06978
01278
03499
01952
02687
00185
02275
02274
02259
02276
02276
07152
08976
01354
00525
07391
01495
01737
02343
01808
05807
14228
14232
14232
14228
02342
04095
03111
06217
02314
00252
01586
01478
07032
01961
01847
02613
02429
03534
03501
01735
01673
03975
02825
02992
02950
00826
00145
00147
01698
01322
01695
03294
00133
01433
03977
11085
00826
00052
09011
01704
01703
01265
00937
07304
02503
03545
01358
03544
01266
01465
04066
03169
00059
00059
00059
03784
01619
01839
01955
00135
06997
01714
00375
02909
01734
10536
03771
03771
03924
03687
03686
03584
08591
01649
00873
03088
03282
03588
02563
03589
03590
03531
00057
11749
00240
00239
00241
01875
00928
00794
00161
03629
01803
03565
05794
02316
03496
02470
00526
00525
09922
07259
07576
01962
10764
01867
00404
00405
06886
07322
03564
00615
00615
03088
10805
00566
09808
01951
14347
03316
00674
00134
03439
11754
00215
03497
03086
00962
02956
06911
07727
07112
07112
03671
02879
03040
02986
02948
02952
02919
02518
01265
03076
02876
02907
02988
02881
02933
02994
02954
02931
02895
02874
02961
02904
02878
02982
02890
02965
02886
02892
02926
02906
01181
06889
11103
01752
06902
03650
02429
03665
03664
02835
00605
07735
03885
09001
00380
03734
03585
01963
01255
00849
03442
02945
01206
07501
03517
03495
01142
07090
07025
01952
01589
01588
00059
07056
09125
01092
03696
07566
06173
01679
02340
01493
03781
01714
03307
03572
01662
06015
01890
01733
01956
07107
07001
03723
06966
02867
02863
02864
02935
03043
03046
00812
03438
03587
13993
00767
01903
03654
07094
00950
00684
02825
01056
03526
02557
03671
06048
00077
00287
01595
00764
01772
03106
03088
14223
14224
14224
14219
14230
14234
14234
14232
14235
14234
14236
14237
14237
14219
14219
14229
14229
14229
14230
14233
14222
14228
14228
14227
14227
14233
14220
14231
14230
07011
06893
00038
00128
01144
07090
00128
01286
07497
01190
06893
01992
01420
00449
07497
01051
00065
03296
02303
00956
01447
02477
01286
02477
00971
01990
07497
01840
07273
08234
01992
01990
07017
00721
14441
09810
01966
01524
14652
14221
18333
07003
02005
02477
07483
07497
01051
01838
03827
03296
03296
01897
01077
00344
13043
01179
01176
02005
12340
02005
03741
01174
01209
01537
03296
13628
00632
00128
02477
01802
03642
02477
03296
03625
01524
15725
15726
02428
11741
03500
15633
15736
02226
15738
15460
00526
00459
15532
15862
15866
01198
01209
15977
15987
15727
05606
15977
02014
07497
07497
07497
00691
16089
15726
15726
16212
17836
01218
16213
16363
07665
07322
18682
03699
02067
15923
11720
16137
21571
07091
01977
01977
01977
00184
01978
01992
08738
00392
01983
01980
01980
01980
01992
01990
01990
01985
01985
01985
03215
00525
04084
17686
17836
00254
18138
03585
14259
14742
18234
07046
03742
03564
18707
18930
18979
01820
11991
19222
00798
01154
07452
19265
19302
01990
01218
01992
19267
08217
19270
08156
06881
13877
15777
19802
18889
18890
01179
01179
20866
21062
08968
00821
21420
21420
21572
21572
21572
21572
21572
21573
21574
21572
21572
21572
21572
21572
21572
21572
21572
21572
21572
21572
21572
21575
21572
21572
21572
21572
21572
21572
21572
21572
21572
21572
21572
21572
21572
21572
21572
21572
00754
01463
22132
22136
03077
02257
13566