09761
09963
09811
02076
09861
07106
09157
09903
09762
03798
02108
02909
02440
01465
10439
03800
09787
09747
09748
09384
02808
02809
02810
02755
02756
02757
06148
05846
05845
01624
02782
02783
03828
02793
02794
02799
02800
01819
05833
07568
07447
01271
00841
00432
02781
03553
02240
02036
02036
01835
01142
02243
02244
02109
02113
02114
01919
03438
02563
04074
01515
01462
00161
03654
03530
03470
01419
01956
06180
01990
02078
03060
01889
07015
01589
05966
05964
06988
02371
03778
00832
06148
00756
07979
03789
07056
07533
00135
06988
03569
01223
08659
01695
03501
07011
06726
07048
01182
01760
07173
03671
03768
03216
07658
07386
02755
02756
02757
01487
08659
07104
02110
02111
02112
02437
02072
03704
00162
00954
07124
00974
01523
02500
02003
02004
02039
03664
07729
08998
02073
01752
03630
03570
02029
02028
03925
03589
02759
02433
00648
00243
09699
10040
09888
09976
03652
02238
02956
05896
06024
07304
04096
08591
00817
02760
01867
00765
00817
01591
03700
02086
00869
06967
03584
03976
07742
02884
02860
02959
00949
00942
02899
06131
01961
03111
08987
09812
01372
02773
09117
02888
03624
03217
03424
05985
02237
00948
02221
02968
02911
02859
05337
03101
06191
02970
01507
02834
07461
06960
02902
03402
03282
06910
00790
03744
01815
01206
01104
08981
06346
03217
01778
00133
09004
03497
00033
10563
03625
07584
03713
07574
02916
03402
03489
01646
09017
02759
02078
07979
04078
02760
08728
03073
02913
01807
06199
06199
02919
02907
02954
02904
02892
03210
02744
03830
00948
02914
01619
07090
07052
00215
03497
02761
01619
03707
00878
03481
02794
02793
02073
01246
01915
07149
07284
01990
08996
00651
03486
02529
03284
00940
03647
03709
07105
03734
02954
00059
03048
01772
00942
00975
00782
02372
07284
06206
00925
01246
06287
01071
00943
02935
02864
01937
02601
06962
01520
07284
07707
01992
02003
02879
02876
02881
02895
02961
03708
02759
01934
03210
07652
08602
02825
09458
04077
09710
09773
09685
03367
09772
02434
09167
02435
09758
01056
02946
02965
02890
02796
00158
00014
01738
02878
03581
01963
02372
00872
01223
00560
04094
03733
08217
00013
02502
01515
00382
00762
01465
02824
01938
05366
03722
03086
03595
06217
01151
00951
00759
03596
03686
03763
01881
00806
00655
02032
03655
03500
00791
07082
03346
02335
06890
01992
01990
02950
02992
00868
00297
00549
01674
07223
01784
01785
00917
03547
03546
05832
01356
00036
02440
08974
02529
03693
01101
07484
00563
03466
00995
02836
02621
04069
01814
01693
00167
00166
07444
01597
02316
01879
07042
01892
01448
02687
07462
04043
03687
02838
02357
03040
04567
03696
03043
03046
07497
06075
02822
01232
00919
03553
00874
02775
00068
03475
01755
01744
02004
01220
02030
02004
03710
02003
03665
01790
01784
01710
00059
02355
02003
05845
01696
00766
06148
01535
01990
01992
00925
02493
02115
02071
09013
02356
01187
02874
01193
00158
00928
07035
00034
00259
01754
08659
03555
01409
01424
01531
01372
01834
01839
00147
00931
02077
02996
02871
02004
02948
02952
02988
02933
02994
02931
01621
00088
01928
02074
03311
03100
01995
03784
00788
02529
03475
01624
03491
01990
00014
01990
00016
03704
02530
03575
05349
01259
01091
03550
03551
02346
07095
07570
09825
07816
06180
07636
06023
00057
02004
01358
03928
06977
03648
00625
06925
02342
01990
03431
03657
03654
03488
00939
00384
03702
03701
06958
00134
00927
02483
03502
07058
00963
00991
03810
06147
06147
02835
01439
04488
01752
07304
02030
06131
08724
03581
00627
01092
06207
07177
03978
00882
03979
02337
00850
02945
03977
02518
05592
00997
02044
02041
03316
01104
03293
00075
02954
10254
01926
07386
01610
03549
01834
07118
06173
00059
02000
00003
01990
00426
00425
03523
02768
02769
02770
03091
06198
02242
08972
03075
02245
06209
07273
02759
03704
01589
03571
03610
01571
07729
03455
04041
01489
01866
03177
06950
01304
07090
07778
01821
02761
07407
00574
07192
06158
08161
08369
02863
03734
02982
02886
03328
00016
01775
01929
00383
01232
02035
03449
06889
03650
00425
05846
01714
05823
00344
07478
07009
03496
01779
03299
00852
00616
02003
05910
03300
02004
00700
07482
03572
06975
03723
07052
00763
07498
06994
05847
01586
00928
01921
00851
01999
01997
01998
03293
02004
06147
08177
01226
03293
00849
07088
07456
03739
00858
02037
02038
05311
00820
01756
05340
01928
07566
05837
07481
02986
06286
01000
00382
07484
00784
00873
07457
02004
00077
01893
01876
02519
02967
03294
00604
06442
01915
00845
01924
00226
01126
03697
00158
05832
00867
01710
00973
00703
00975
00826
02042
02042
01953
01635
00882
02075
02963
02939
03437
02313
02338
03629
02470
02469
02990
03111
03294
06889
02077
00783
07023
06201
03624
02913
02314
01223
02340
03483
02798
00009
07507
11189
03816
01809
01750
01733
01488
07052
01926
06187
06148
07052
02926
02906
04083
02069
01042
01939
06942
07483
01574
00773
00789
07069
00364
01689
03151
03569
02035
03631
01281
03466
00764
00763
01875
07497
01361
03076
00864
01940
09963
07052
00864
01872
07027
01972
06959
00656
06950
00033
01868
06878
02837
04759
03701
06872
01421
00600
02040
00929
07078
01823
03705
02600
00981
03110
02034
07407
03621
03698
01641
01989
01206
07090
01104
02795
02761
03205
03734
01635
07118
03740
07484
02040
01803
01951
00571
01265
00938
00761
03811
01925
03590
08659
07045
01156
01869
03070
09015
01873
01870
01952
00688
04086
07106
03495
02004
03322
06901
01839
01421
03311
03320
03316
01810
09014
00566
03703
03667
07492
03106
03529
04066
06180
10773
02761
01496
02501
07035
01479
07001
02003
01933
01588
03095
05833
04564
00554
03685
02033
02031
07030
01783
06949
03601
02356
01581
00876
00969
06966
02520
00859
03439
02503
01887
01945
01923
00626
03305
01652
10947
03741
02794
00001
03826
02760
02796
02795
03924
02564
02005
02003
03536
01990
00760
00674
07313
06148
06988
03671
02808
02809
02810
00244
02795
02796
03761
02755
02756
02757
10441
03386
04075
00266
00265
02528
06147
06148
00016
03823
03469
02747
02746
02745
02773
02781
02768
10440
00111
01819
07025
07166
02003
02003
02777
02770
02796
01073
10041
03975
10039
01624
03427
01153
02529
01962
02160
00645
00634
01955
00609
00526
01878
07305
07560
03602
01262
01512
06999
07533
04068
01952
07586
00054
01644
01572
07559
01187
00691
07040
02887
01834
07738
01952
03565
00286
01575
01838
01910
01990
02003
07474
06885
02795
02341
02343
02867
03885
00805
03218
01883
07571
01006
00757
01679
04485
05540
02068
06872
07150
00065
01807
03975
02774
02538
02822
03476
02476
02531
02029
02028
06147
01817
01609
00567
07258
00020
01996
03483
07006
02777
01442
05879
05878
07010
02787
02788
05815
05816
00525
03531
05813
05814
06153
00937
03778
01259
07668
06178
06183
00067
01126
03469
01443
00383
05937
11071
08483
02783
04486
01607
07693
04487
03588
02358
03545
03436
01119
04763
00945
00287
03797
03168
02622
11072
02821
01874
11070
11069
01890
11145
09698
02475
01256
11753
02246
03496
01916
02794
11065
06948
07862
11144
11068
11175
02315
01643
07006
01625
00602
12574
01992
01992
00712
00712
12555
12410
13292
13052
07404
03524
00661
01803
01990
01990
01243
11717
02236
02248
03657
03574
07979
02749
02750
13256
12373
13678
02548
11741
12573
01534
01534
00805
13789
01537
01491
13038
12111
00805
01958
14228
07248
11754
14229
08317
14234
14229
14229
14225
14155
14224
14224
14228
01980
01980
01980
01980
01980
14225
14225
14225
14219
14232
14230
14233
04072
01977
01977
01977
01977
01977
14220
14220
00941
14237
14237
14237
14223
14219
14219
14232
14228
14221
14221
14218
14234
14220
14233
14233
03574
14218
14219
14224
14223
14230
14236
14236
10947
14230
14230
01978
14231
14231
14228
14218
14218
14205
01985
01985
01985
01985
01985
00941
14188
14234
06177
01524
15051
00965
14227
14227
14227
14219
14233
14235
14222
14219
14226
14228
01126
07088
01426
14540
11749
01524
16013
16012
07316
00887
00564
10947
03215
15582
15580
15581
15583
15580
15554
15553
15738
15582
10823
15580
15342
15583
15986
17828
15975
15975
10040
07483
07483
07497
07484
07484
07484
07484
18939
10009
18926
02424
10804
11051
16786
16787
05846
16509
16511
11733
05847
16264
01223
03699
16169
15555
01989
16786
02026
16787
16785
15581
15580
10823
16789
11050
02027
02027
02025
07012
11991
16785
16925
16898
16899
14225
15035
02029
02030
02029
02030
02029
02030
02029
02030
14982
01989
02028
02028
17076
01992
17073
17074
01990
01990
01990
01990
01990
01990
01992
01992
01992
01992
01992
10112
01533
01533
17810
17836
12574
18104
00661
17869
01439
03742
18581
18672
18682
18692
18892
18891
07171
18929
18928
07029
19002
19005
12574
18979
19005
19225
19159
19046
02759
05881
19124
19123
19125
19126
19168
09951
12952
19265
01992
01992
04771
08217
19302
19350
06881
06881
19689
19802
21636
05770
19975
19976
19973
20074
12132
20112
20114
20113
00527
20345
20534
18889
18890
08968
21471
21467
21471
21471
21567
21562
22044
00027
22212
03078
03077
03079
17758