10217
07062
03187
11746
15864
02339
01840
03602
03787
00324
00325
02342
01029
02338
03624
01429
01892
01876
00832
01028
04561
00832
03686
01704
05788
01703
04066
00172
01430
03584
03500
03497
01912
03088
03555
00411
00411
00413
02337
02340
03111
03656
05366
02275
04075
03086
04043
03592
02601
03601
02036
02038
02037
00925
02040
02863
07042
02031
02032
07101
02864
03553
05515
07088
07117
02058
10547
10548
10546
10561
10560
10562
10559
10552
10553
10554
02056
02057
03559
03561
08082
03559
03559
00833
02400
03665
01142
00169
03413
02469
03550
03562
02421
01034
08289
08303
01696
02372
03060
02342
00170
03572
02451
01596
00822
05367
00604
00242
07708
06173
00329
00356
02536
01588
07566
01649
02502
02115
03587
03640
02305
05350
11073
10563
05366
08296
08310
00957
03631
03641
02405
01031
01915
07010
09471
01637
01868
02520
02916
02887
01889
04764
02022
01256
02836
03408
03717
00575
00335
00336
00337
00339
00340
07058
03776
01740
01736
03411
02945
02968
00239
00208
09748
02519
02834
06207
02066
02065
06192
03529
00674
02670
01439
07320
01626
03442
09930
03088
03522
03521
01776
10763
00950
07220
03306
02959
02860
00554
02884
02227
06911
00376
07234
01687
01409
01999
02956
00962
01803
03075
00330
00332
00334
01338
03544
03545
02291
04564
00912
09791
00979
00939
00681
02316
01772
01821
10543
10544
06446
00135
03521
03205
03196
03195
03204
03200
03199
03194
02042
02837
02042
02041
02044
01008
05539
11074
11075
11076
01883
00820
03559
03704
09933
03269
01247
00928
00052
00133
01817
03749
03558
00764
10764
01885
00845
03606
00012
01711
02472
03776
01695
01711
02377
01991
00285
07282
08311
01881
07390
06888
04082
04754
04567
08300
04773
02825
00412
01845
00864
00648
09857
03823
03657
00790
03685
03043
02487
06596
01428
00525
03710
10227
10228
01940
09913
01775
03282
03599
03600
00616
09790
03666
00525
01999
01956
00450
00375
07734
01640
03098
02051
00641
00641
06886
03745
09964
00526
02238
03169
07259
03574
02493
03981
22349
01821
00344
03625
01419
03701
03975
03702
07089
09747
01007
03703
07447
02470
03832
04044
03734
01955
07082
07638
01997
01998
03723
03980
00575
00575
00123
00127
03215
10125
00058
01434
02010
07726
07114
00799
07182
01915
07093
02040
02037
02038
02036
02039
03969
06894
07664
00874
07576
00948
00014
07814
02448
04748
08303
02342
01972
06941
02913
02902
00384
03634
07478
01595
01749
01719
02496
02498
03497
06988
06999
01996
01995
01998
01997
01999
07234
07218
02012
03746
03639
01770
00991
02454
03424
03924
10773
07168
01092
00878
03534
01750
06137
00681
07032
07305
03320
06999
03650
03217
08998
03536
02914
03832
02014
07112
03640
08301
06287
00783
09710
00969
01945
06915
01886
00145
07002
07180
09786
07043
00655
03273
00847
03578
06996
03570
02433
04046
07552
03925
03438
03609
02806
02821
09973
06442
01251
00449
09927
05541
09969
09970
09971
09972
06950
02668
02667
03806
09131
00856
07001
03978
07147
03801
03644
01808
00457
03557
01674
01963
01633
08309
07275
03585
06138
04087
01995
01879
04084
01657
01902
03654
02045
05516
08483
00202
00789
02517
03568
01626
00798
07039
00285
09924
00800
02841
02843
07001
07146
06949
06013
01996
01995
01998
01997
01999
00014
06911
02849
00566
00457
06985
09767
00075
03642
10680
01669
06876
05982
00287
00560
03088
01448
01698
03106
01918
00606
07395
06446
00311
00252
03521
01999
00640
03831
09889
09117
02970
07007
07115
03750
05773
05772
03738
02014
01495
07303
07302
02014
03101
01870
06158
01356
06917
03821
05810
01800
06966
03797
02011
07093
00793
09941
01640
01968
07240
07240
00645
01919
03770
03530
00995
02569
02569
02568
02573
02567
06281
02596
02020
02018
00788
13017
13020
03470
01875
03527
03774
03630
06886
04562
03411
00989
00942
04760
06938
01867
11175
03500
00507
01996
03597
03088
09458
02078
00645
03621
02911
07040
06287
07056
00067
00973
01790
02377
02193
02194
02195
02196
02197
02198
02199
02379
02200
02200
06999
01620
07402
02437
00605
00773
07336
03832
03559
07341
00765
00013
01693
03407
09808
07462
01999
01912
01816
00014
09709
01857
00014
03147
03153
03154
03149
00573
02527
04656
04653
04654
04655
01126
03118
03117
03116
01523
01496
03179
04761
02401
02404
00261
00286
06997
02669
02670
03271
07460
07056
01414
00627
00382
03734
10806
03667
14682
03610
03744
04751
02835
02492
02192
03594
06179
00997
03474
03595
03100
03596
03598
02600
03413
03413
03413
01874
01159
03648
02621
09959
03608
09966
02160
00609
02313
02652
00362
00163
02409
00362
00363
02386
02398
04100
01589
03655
01624
02342
00324
01903
01601
03786
02392
02390
02396
02397
02335
02341
04100
02556
02557
02410
02411
03582
02204
03581
00954
03583
04101
02358
02407
02343
01644
04101
01673
00906
04652
00799
02431
01962
05527
03407
03407
00605
01433
00363
01724
03455
06041
03270
02402
02403
02406
02406
02422
02408
02413
02415
02416
02418
02419
02420
03284
05808
06023
06186
03559
01869
03643
04078
03637
08972
07649
05837
03571
01433
07019
01153
07712
01995
01996
03338
03336
03335
03337
07190
00700
00845
00140
01999
03717
04082
04488
03218
00761
00767
03439
06153
03924
06182
01952
01265
00990
06194
00573
01999
01997
01998
03521
03522
00937
01714
07287
03775
01520
02014
09861
09858
02016
01579
02233
00768
02232
02013
06925
01816
01608
07088
04083
05589
01689
01627
01937
03635
03750
02026
05710
00019
03466
00253
01756
00615
00855
01783
03549
07667
07646
04748
03088
02656
02044
02026
01998
01995
01996
01241
02003
03577
02355
02379
00123
00127
03593
01817
01804
03821
00111
02444
06048
07010
03559
03559
03832
07406
01939
02015
02016
02231
02014
09888
02575
00372
10004
10002
10003
10001
01613
01845
00963
01873
00762
01142
03499
03498
06177
02025
00849
02003
00364
07001
09792
00406
00405
00404
09005
00381
00390
00384
00208
03735
03671
03628
03752
03717
01638
07552
07444
07032
03701
06940
07039
07043
03495
02892
02926
02906
03744
06920
00147
03690
03688
02548
03799
01465
10004
10001
07006
00200
00201
01814
09154
01633
03823
09989
09800
06077
03802
03802
07054
02434
00758
09937
03977
03455
00101
02992
02946
03046
02935
02867
03073
01609
00766
02454
02453
02456
02456
03771
07152
09947
07001
06911
01118
01707
01706
02510
02456
02457
01999
06193
00451
07402
07303
07302
02012
02011
00528
03414
06190
07305
03824
01997
01998
01995
01996
02348
00428
06959
06980
00943
02676
03424
01462
02438
00975
02035
02020
02003
00791
07552
03776
07301
05777
05779
05710
01299
00930
05501
06923
09862
00859
02654
04079
07001
07283
00925
04488
04044
00688
03089
07795
07774
07649
04762
03687
07053
08591
07814
01999
01255
07091
03611
02456
01933
00684
07302
07303
07152
01872
00135
02553
03517
00278
03695
02274
02275
03387
01126
01662
01810
00616
00036
07323
02067
02066
02065
00266
01738
01129
01735
00891
02666
02665
06202
01586
06134
01754
00768
00858
07157
02494
00919
00948
02897
03110
01991
03183
03676
03549
00982
03185
01599
02112
02113
02109
02108
03704
02050
02049
02051
06016
07127
03469
08307
02595
03521
03522
00313
02584
01953
02585
02597
02597
02593
02459
02460
02461
02454
01338
01995
01997
01998
01999
01996
01866
09001
02996
02871
07402
00615
00134
07088
06137
02276
02276
07226
06872
03586
01928
01929
01000
01925
03588
01924
01921
03589
03590
03531
02535
02454
02453
02456
03113
09950
02003
03530
07140
06942
01750
03753
01733
00003
03564
07175
02034
02033
01989
05832
05833
00457
01724
00500
07798
09760
03664
09801
08151
01951
07107
09915
00311
00761
00641
00851
06145
01752
03408
03072
03074
03747
04096
01462
00927
00873
01923
05838
03522
09975
01915
03556
01640
00481
01640
07240
00432
09701
00574
01890
01507
03616
02518
01920
07102
04744
02003
02517
01778
09921
10229
10228
10227
06969
07239
02403
02402
00077
00605
04752
03320
00311
03521
00705
01783
06195
08304
03182
00600
07738
08084
02655
00794
07107
03560
03646
06975
05786
01262
09919
02471
03408
02114
01669
11942
06217
00655
01465
07735
01669
07178
05591
07645
00831
02051
00626
06958
01847
07090
07090
07090
07657
07657
00658
03841
01834
06891
01091
02116
02529
02529
02529
02529
02529
02529
02017
01091
01091
07645
07657
04090
01525
07659
00703
01476
12340
02456
00523
07137
02909
02039
03431
00796
03798
02427
02314
02939
02963
02686
02990
09773
03437
00677
06142
07277
00099
00981
00806
02838
09903
02357
02967
02433
00285
03771
02528
00946
03743
02879
02986
02948
02952
02919
02876
02907
02988
02881
02933
02994
02954
02931
02895
01919
03320
04752
07391
09761
00057
03216
02169
02274
02258
02276
02259
07152
06189
06204
03525
06907
06903
02660
02658
02558
07000
03832
03814
02687
02961
02904
02878
02982
02890
02965
02886
00338
03820
01056
07088
01935
01012
01996
01995
01998
01997
01999
06941
00940
06178
06180
05807
03722
06916
00382
00164
07262
01649
00053
01653
02655
08084
02672
03924
01690
07141
00275
03304
01908
07588
01647
09159
00240
00241
03710
08083
03325
00548
00548
00931
03979
02899
02888
02523
01512
00606
01433
10439
02025
01443
01141
03606
02393
02391
02389
02387
01494
03746
00450
02471
00014
01999
01997
08218
03672
01591
07399
06139
06861
09774
03673
01887
08973
07018
07258
00824
09158
09181
01613
02003
00615
00615
01740
07152
03407
03408
07112
07112
02048
02046
02047
00681
03071
03186
02622
11754
07304
00074
02659
00074
12280
12287
10926
10927
12278
12286
02574
03760
00042
11900
11711
11712
11902
12262
03733
09983
04047
01894
02874
07007
03092
07222
02674
11103
03040
03551
03575
01032
02662
03412
03412
03412
03412
02501
00956
02612
03188
02618
02609
06187
03190
02614
02610
02611
02394
03789
01708
03554
03177
02417
02346
02395
02388
01878
11085
01807
01624
03736
03427
03565
03070
03198
07636
02950
07568
00826
00343
02355
02356
01658
03210
03496
00088
02613
02563
00341
02500
04485
02586
01903
02591
02587
01676
01814
00342
05524
02592
03189
03772
04088
00817
03705
01095
06175
02435
03569
02110
02412
06024
01755
05896
05794
05794
01983
04077
01652
02518
00331
00567
02458
02453
02111
03501
02450
01682
02653
02650
05973
03076
00901
02588
03694
05596
05596
05596
06136
04651
04763
00333
02805
00863
02455
02455
02455
03561
03561
03561
03561
11472
11473
09019
00031
03636
11443
01644
06606
03711
01104
01485
00031
04042
00074
10126
10125
01625
07122
11472
00104
10126
01902
11473
11896
07516
11475
05812
01061
01759
01759
11749
09946
06282
07126
02671
03286
00228
12972
07734
00059
03769
00059
02624
04116
00620
00523
01075
00951
00059
00297
02483
02483
02483
02483
02483
01753
05597
03324
00274
11890
11745
08315
03795
01515
12282
12276
12285
00023
07535
01207
01207
02624
17103
05540
01061
01560
10804
12410
06889
06889
03711
10713
01760
00748
00666
01069
00626
05595
03719
01784
01491
13018
05834
02452
03333
01092
02010
01897
11897
00626
00626
11719
00626
00626
09810
07075
01081
00568
11892
11903
11893
11907
03496
03496
03496
00694
11891
11901
00965
11906
11753
11752
11903
04487
03524
01785
02303
11895
06168
00010
00010
00010
00010
01243
07213
03458
04487
04487
01895
01358
01950
00042
00652
07006
04755
04755
04755
11004
07152
01835
07787
00970
00672
01499
03119
07090
05778
00974
11720
01897
01710
12279
05984
00602
12308
03746
11927
03768
01533
06895
01322
10219
01555
02852
00853
07025
01784
08070
11189
01617
02030
00407
10221
13590
01491
06183
02462
02463
02414
08234
13288
02423
01424
00215
07246
02480
06147
02004
05712
07003
13482
00029
01961
06147
06147
02657
05349
07131
07131
02664
12339
01193
11264
01061
10111
06135
01061
03321
07232
02474
12573
13038
00795
13529
02004
02503
00020
03767
06857
04750
01420
03406
03406
03406
03406
03406
03406
01555
01555
01555
00030
03406
03406
03406
03197
06415
03406
03406
13934
13930
13929
13931
13932
13933
14058
07793
02237
03342
07516
00029
13821
12508
04117
13292
02099
01147
01297
03855
01537
01469
07794
00121
06879
15511
01997
00281
02044
00854
01053
08305
01791
01791
02040
07025
07126
07397
00114
05874
00799
13634
13643
03782
01070
00108
01792
00615
00799
01607
02005
02004
07518
13481
07045
01487
02004
02077
02075
02074
02005
02004
02058
00124
02529
00058
10714
01187
00529
02058
02057
02057
02056
07343
01420
07689
07714
00799
14218
00090
03559
02056
02057
02057
02058
01182
01187
01187
03566
01497
13896
13894
13895
01079
00344
01179
13628
14232
04098
01113
01113
14229
07011
14393
14233
14232
14228
14228
14225
14225
14225
14162
07246
00472
13635
04110
00265
01584
09926
00058
03307
00024
02056
02057
02057
09004
02056
02057
02057
00128
10220
07491
02663
00039
03077
02028
02029
02029
02030
02027
07407
02004
01537
02529
02027
00446
02484
13771
06945
01053
00058
00217
03201
07100
02056
07335
06867
00108
00102
02053
02054
02055
02052
07675
03386
02484
01965
13766
00863
03297
14233
14234
14229
14229
14232
07250
14225
14228
14260
14266
14221
14221
14233
07169
14233
01561
00941
14236
07536
14234
00632
01978
14220
01977
01977
14219
03741
00459
05966
14161
14393
14218
14219
14231
14225
14237
14230
14228
13993
02533
14160
14170
07483
01985
01985
00941
04517
14235
14267
14234
14441
01156
01966
02358
01524
01524
01173
06020
14652
00128
14287
14230
01011
14226
14227
14227
14237
14237
14219
10218
14222
15546
12256
14223
14230
06133
14228
14261
01980
01980
14219
14153
01607
18893
01458
14540
03699
03699
06919
14645
14645
15011
06177
14218
14218
14652
15512
15371
03321
15012
15034
15513
09709
11741
01457
03611
01969
14761
14742
12543
15514
15578
02405
15724
15634
15539
15738
02428
15790
00007
01692
13766
01035
15577
00459
16011
08086
16011
15342
17316
02594
15866
15866
08679
12541
12541
12542
12541
12542
10716
15987
06518
07464
03781
02014
03320
16090
07483
07483
07483
07483
07483
10002
10003
16137
18828
03320
16074
10216
16242
16243
07038
16165
01801
16244
16246
02617
16264
22187
16245
16249
16171
11645
11959
11960
11961
17213
16165
05825
11962
11963
02473
10237
10238
10236
07012
02226
11991
02303
16841
17218
17226
17214
15035
17315
17315
17317
17226
17227
17222
17227
17317
17316
02030
11209
07642
02067
02066
14224
14224
08738
08738
17247
17222
17223
17224
10112
17223
17226
16922
02029
17225
10112
17215
07649
10112
01990
01990
01990
10111
01992
01992
01992
17686
17675
17686
10111
17865
00254
19745
18138
18005
18006
00436
01086
00124
01432
18007
03585
18243
14581
14578
18242
18277
18335
18365
22270
22349
21430
18138
14534
18366
18364
00138
03203
11904
18676
18661
18850
18778
18829
20862
07316
07448
18831
18954
07278
10747
19055
03526
18979
18981
01820
07746
19119
15461
19117
09951
01154
19181
22468
22468
19118
19265
19265
01066
19344
19342
19345
04771
19267
04771
19337
19416
19339
19338
19340
19341
19640
19837
00799
00992
07666
00799
15777
06131
19804
08992
01451
09796
20034
09796
20035
20034
20035
20036
20074
20074
12132
20074
12132
12132
12132
20542
20543
20541
20628
11529
11529
01167
21006
21007
21008
21011
21010
13877
21071
21022
21012
21009
21053
00821
21019
21019
21071
21029
03863
01139
21379
03862
21394
21393
21395
21405
21395
21405
21405
21395
21420
21405
21470
10914
21703
21563
21495
10914
21645
21703
21929
22010
03892
15576
22081
22082
00097
22083
22132
13874
22187
22186
22292
02257
22343
22342
22344
22348
22350
22350
11206
22452
22491