01243
02338
07462
03816
04042
03602
05366
03601
03624
03798
02078
01876
06901
00759
01928
02493
07566
00761
02108
02110
02109
02111
02112
02114
08998
05837
07478
02986
06286
03151
01873
03523
00208
01928
06942
03734
02003
09861
00609
04567
01256
03647
00640
03500
01889
03652
03648
00925
02863
02867
01756
00133
02913
03060
04075
07461
10563
03470
00963
01953
00604
07042
02835
06223
03315
03046
03215
03722
01356
01810
00525
02837
03497
07456
00526
03168
02160
01972
03048
02470
01956
01866
01821
03076
01419
03975
03667
07447
02469
02622
02621
01962
01915
01963
00826
01674
10947
06024
05946
10773
01791
03686
02600
03629
04077
02337
00226
02313
01933
01447
01644
02343
01883
07173
03043
02825
02335
03581
03040
03763
01646
00215
03789
02529
02529
03466
02356
00867
09013
09015
03549
01624
01887
07258
01258
08987
02990
03111
02963
02939
02314
02044
00847
07507
07316
00831
05833
05832
01989
06890
00077
03704
02825
09157
07166
00852
01807
00943
02341
07056
01409
06158
01926
04078
03572
03550
03551
03210
00036
02346
01872
03671
03282
01776
02316
01879
01878
03584
03595
06217
09117
02970
09773
05964
06131
00651
01738
00759
03596
04043
03177
02834
02519
07742
09748
01881
00806
02838
09903
02357
02967
06885
01937
00790
00655
00574
07386
09976
02884
00554
02860
02959
03106
09787
08659
03110
03529
03685
02035
02034
02033
02031
03621
03655
07030
02902
01783
06949
04066
00942
03631
03625
02356
01262
02899
02888
01775
03723
04083
03696
02950
02992
02355
02946
02906
02926
02892
02886
02965
02890
02982
02878
02904
02961
02874
02895
03455
01304
06950
03624
01867
01493
01531
03424
05985
02528
09685
00948
07478
01258
06967
03086
08659
02909
01929
05592
02358
03545
03544
03978
01778
00928
01586
05823
01714
00763
01223
03495
03437
01512
03217
07040
09710
00969
07015
02887
02916
02520
09707
03075
03664
02793
02794
02796
03650
03217
03536
02914
01689
00560
00287
03439
07533
03698
06180
02440
00763
03095
02433
02434
00997
02073
02071
02072
03319
01910
06910
03976
02687
07560
00820
00925
03710
01443
01126
03710
01868
11144
03346
07738
00859
01924
03703
03979
00784
02911
00850
00873
00243
06178
00945
02945
03977
03530
04096
04094
06199
06199
01581
03654
08161
08161
01874
01890
03702
03701
09762
05311
00134
00927
01803
06925
02342
00075
11071
11070
11069
03431
00865
02243
02244
02245
07009
01939
00364
00849
02931
02954
02994
02933
02881
02988
02907
02876
00939
02518
02952
02948
02879
06173
02871
02996
03152
01531
01372
01520
11145
03218
09698
00566
01462
03588
00954
07177
02238
02340
02956
06958
07090
07386
07006
09384
03311
01595
07457
01633
00796
07668
07652
00783
03799
03744
07023
04488
09014
02777
02761
01265
07058
01641
03565
03697
08483
06198
07816
00858
06180
03778
01142
01462
03701
03427
01153
00384
01869
00789
01875
00135
06994
02026
02025
02342
03811
10112
03216
00995
03553
02240
02836
06023
07305
01955
01465
01591
01752
01752
03427
01621
01153
01104
01104
01104
00868
02242
01854
02236
03100
02761
03740
03739
03367
02564
06901
06901
03320
06901
00033
03590
03531
09772
02221
04074
01870
03704
03091
00851
02913
03073
02601
02040
02037
02038
02036
02036
02039
02864
02935
09747
06187
01945
00764
01952
01952
01952
01923
01589
01588
01938
00014
00791
00057
06131
03469
00948
01921
02044
02041
02042
00383
02372
09705
04047
08591
02003
00963
01581
03665
00942
08602
00882
01955
01956
06180
03101
01938
07444
02086
00869
01597
01823
03100
02042
01246
04068
09155
07386
03549
07727
01835
02246
01259
03733
01914
03630
03570
03571
03925
03438
01000
01925
03589
02372
09458
00645
00648
05340
03823
02113
01893
01679
02768
02769
02770
11189
02795
03700
00016
00549
01892
04485
06878
00857
00876
01951
03496
02563
03070
00762
00760
03501
03555
03569
03569
00088
03657
02435
02755
02756
02757
01424
03497
05896
00938
00760
11068
02078
08969
01056
02032
04763
02115
08659
05340
01643
10039
01154
01154
00016
01834
00016
02824
11072
02859
01834
01809
12574
00602
00244
07124
00059
12555
01515
12410
13038
07027
06889
13292
13052
03492
06889
09155
12700
00626
03768
01081
00547
07404
03524
00661
01785
01281
11753
05966
11717
01358
04487
04487
02237
00059
07284
12308
02248
03657
00950
01495
07979
07025
01784
11754
06183
01156
03316
00054
13678
09963
11741
01613
12573
01779
00951
01916
00625
00297
06956
03294
03294
03294
07038
02503
01491
01488
14234
02077
02077
06948
14224
14224
11754
14228
00974
02004
02004
02057
01961
00941
14233
14233
14229
14229
14219
14219
07484
07496
14225
01259
00949
14228
00662
01990
00841
00841
01980
01980
01980
01980
14232
14232
14219
14230
07341
00058
07335
13531
01977
01977
01977
01977
14219
14220
14220
14220
02840
02029
14223
14225
14225
14225
14228
01271
14228
14223
14223
08659
14233
14237
14237
14237
14227
14227
14233
14234
07496
01934
14230
05822
01992
02074
02954
14234
14232
07052
10040
14230
14230
14222
14231
14231
14228
14223
14224
14236
14236
14218
08177
02057
01187
14234
01838
01985
01985
01985
01985
14188
15051
14221
14221
14221
01990
10041
00965
14225
03436
14233
14235
14226
14226
14229
14219
13993
14155
14540
02027
02027
14761
11749
01101
00691
01071
08728
07484
07496
07496
10353
02428
15771
03293
03293
03293
06147
06147
06147
02056
02075
01992
01992
01990
00537
00571
01190
01190
00975
01239
15582
15581
15583
15580
10823
15580
05340
15342
15986
07464
10040
07484
07484
01491
02029
10039
02030
17836
16209
16509
16264
16511
03699
16169
15772
02851
15770
16787
11991
16786
16786
16785
16786
16787
16785
02027
16898
16786
16787
16785
16786
16787
07012
16787
16923
16785
16785
16924
16927
16899
03215
02029
02030
01760
01738
02028
02028
17076
17073
17074
01990
01992
01992
10112
17686
01533
17810
12574
00980
18672
18682
18692
07171
18892
18891
07029
19055
19005
19002
19119
19117
19118
07448
19225
12952
04771
19302
19350
06881
21636
00527
19965
20074
12132
20112
01208
08968
21567
21929
22044
17758
13566