03583
03979
01681
04047
03581
03582
03088
03088
02340
03602
03305
03575
00931
00147
01117
01117
01737
02408
02388
02387
02437
01808
01990
02528
03088
02346
02768
03216
02556
00428
01955
02355
02358
02946
02906
02926
02892
02886
02965
02890
02982
02878
02904
02961
02874
02895
02931
02954
02994
02933
02881
02988
02907
02876
03076
00939
02518
02952
02948
02986
03040
02879
00609
00097
02479
02888
02899
03088
01734
02343
03569
03686
02557
02316
03086
00111
00616
00111
02422
02535
03274
03179
03186
00525
02460
02456
02453
02454
02455
02452
02884
02860
02959
03092
01338
02406
02406
01990
01992
03601
02313
02338
02470
02469
02410
00324
01892
00684
01975
02835
01693
02501
01736
00835
02914
03217
01679
01092
02275
02274
02276
02434
02493
02355
06442
03118
03116
01358
03070
02410
00161
02406
02406
02563
02065
02416
02417
03271
01703
01704
03088
02902
02970
02485
01880
02687
00648
00845
02003
01589
01588
02527
01985
01980
00052
00390
02233
02557
02003
00762
01992
01889
02558
01548
01547
01546
03088
01154
01153
02523
00185
01695
01696
03100
02836
02968
02897
00919
01840
01735
01092
03980
03684
00384
02500
02433
02435
01802
01358
02411
02410
02409
02412
02413
02383
02405
02404
02400
02401
02421
02420
02419
02418
02417
02040
02356
02395
02394
02393
02386
02392
03183
02188
02227
02232
02231
02224
02189
01251
02078
00099
02838
02357
02967
02197
02198
02996
02871
02992
02950
03046
03043
02935
02864
02863
02867
02601
03073
01448
02407
02440
02039
02195
02194
03424
02415
02557
02556
02385
01770
01338
02517
02445
02335
01657
01658
03111
02035
03453
02390
02389
00956
00957
06207
03474
03411
03411
00575
00575
07124
00059
01462
03495
02458
02457
01929
03407
01104
00231
02843
02343
02536
01299
02397
02396
02837
01968
02048
02114
02112
02115
02111
02113
02109
02110
02108
03100
02031
02032
02485
01644
01414
03408
03408
03408
03409
01419
01950
01776
00767
01902
01903
00590
03271
02990
03111
02963
02939
02314
03075
03496
03496
03496
03496
03496
03497
03497
03497
03497
03497
03100
03168
02013
02392
03218
01883
01505
01647
01647
04066
03667
00615
01255
00937
01465
00003
00912
01869
01873
01945
00820
00764
02600
02519
02834
02956
00265
03147
02909
01733
00162
02415
02557
00133
03590
03210
03072
03074
00793
02048
02046
02047
02045
02030
03088
01956
02520
02916
02887
02945
02911
02003
03101
03413
01653
03801
01627
02536
01662
02377
03977
06187
03703
03589
03412
03412
03412
01738
01738
04759
03629
01649
01649
01739
03438
03437
03664
03666
03650
03975
03501
03588
01740
03695
06179
04077
03621
03551
03550
03294
01652
03655
03498
03521
03522
03470
03701
03531
03517
04488
07045
03799
03671
03596
06199
02459
03687
03631
02259
03705
03568
03776
03716
04763
04083
06024
04043
03787
01749
03733
04078
03711
03711
07729
03564
06200
03665
03545
00340
03789
03625
03561
03563
03798
02337
03559
03466
03544
03628
03702
03657
03525
03644
03685
06213
03593
03594
03694
03696
03553
03555
03744
03775
03654
03978
03572
03820
03820
01159
03723
04773
04079
02066
04084
03748
03800
01420
02414
03841
07273
03781
03785
04061
03926
03797
00330
00338
03587
00339
01056
04750
01056
03885
05936
00332
00333
00336
00337
04567
00342
00343
00240
00241
03642
03564
00341
00239
03439
03571
02014
03177
03684
03320
03559
04773
00334
04562
05539
00331
00335
06023
04568
03570
04485
05366
03924
04773
01840
02031
06217
03574
02032
02034
02033
02014
03856
06178
03152
03630
03722
03657
00560
03499
02014
02030
05710
06147
06147
06147
02004
02016
05810
03821
03527
09456
00059
02426
07257
03413
03406
03406
06346
06143
03281
06153
05367
03526
07011
03455
03407
00228
00954
03406
03406
03406
03406
05896
02483
01447
06378
03413
03427
06962
03406
06287
06381
07107
00872
06861
07114
06910
07646
06889
07667
06969
00297
06942
07068
07117
07082
06966
07071
07282
07231
06911
06960
06889
06889
06975
07098
07098
03657
06949
06949
06988
07315
09826
06941
07093
07152
07152
07304
09810
06999
06872
07033
02484
07146
07088
06911
03327
06920
07003
07056
07086
07396
07019
07137
07001
07001
07037
07407
07006
07042
07027
07011
07058
07305
07007
07277
07001
07114
07114
06901
06997
03767
07152
07117
06894
07038
06886
07032
07033
07443
07304
00612
06888
03453
09903
06925
07052
07462
07391
07390
09888
09763
09766
03648
09749
03592
08999
09005
09748
08998
09777
09778
09761
08963
08591
09013
01485
01875
00826
01698
01845
01599
01772
01772
01523
00059
01897
01768
00548
00930
01768
00059
00891
00759
00963
00284
01843
01591
00797
01775
01724
00873
00973
01876
01887
01803
00927
00134
01579
00640
01893
09710
04749
04079
00983
01057
00633
01630
00979
00058
00978
01709
01790
01784
01790
00067
01710
06173
09747
05366
02492
01247
03624
03333
01507
00790
00632
01972
00626
01768
00766
00275
00817
01768
00658
00382
00164
01868
01934
00800
00945
00765
01915
01952
01870
01426
00600
01759
01356
01409
00012
01182
00286
00566
00278
00791
00971
01784
00966
00059
00615
00604
01710
00249
00058
01689
00970
00088
00788
00995
00627
01928
01000
01924
00020
01921
00641
01755
01951
00681
01919
00382
01069
00864
00652
01935
00833
01012
01079
01817
01897
00145
00077
00219
01531
01866
05986
00803
01129
01897
00059
00001
00554
01783
00604
01937
00980
01265
01918
00013
01142
01768
01207
00942
01613
00799
00001
00615
00789
01768
01669
01436
01262
00632
00930
01921
01843
01091
00459
01768
00382
00873
01933
01687
01768
01756
00951
00773
01768
01768
01881
00981
00806
00997
00215
01714
00249
00878
01872
00946
01952
01923
01075
01117
00864
00979
01048
00077
00249
00973
00797
00948
01246
01768
00859
00849
01810
00990
00075
01598
00057
01784
00677
00606
01711
01512
01126
03333
03333
01117
01768
00796
00640
01494
01560
01778
01897
01814
00029
01610
01768
00001
01434
01126
00605
00831
01867
00253
00626
01560
01496
01768
01046
00014
01809
00928
00943
00626
01925
01609
01640
00969
00128
01387
00962
01768
00432
01586
01768
01256
00748
01939
01520
00249
00573
09989
09949
09983
05515
09749
01247
09131
09117
08972
06891
00970
00053
00772
01895
01495
01784
00760
00432
00794
01940
00940
01885
00768
01757
00392
06180
08311
09790
09913
09770
09767
01560
09919
09807
07478
09808
09808
03296
03284
08167
03561
07735
07736
03654
08151
07568
09125
07588
09922
04757
02469
02470
08744
10255
05592
08296
03640
06076
06041
02641
02502
00325
08289
10843
10773
11189
06176
03741
02654
11085
00324
05934
01447
06042
04075
02584
00991
07566
07460
01028
01673
05527
11105
08483
03469
01874
02315
01847
01907
11942
02461
02462
07663
06902
08964
08967
11065
11175
10206
07641
00031
11528
00602
09880
12141
00990
11752
12410
00950
01654
06969
12140
01491
13292
01847
00626
09458
03524
00595
09774
11754
02303
11717
02304
01952
01890
11753
12308
00615
07172
07019
13993
03584
08304
00620
09011
07071
00031
13789
00281
12990
03342
03394
01737
03386
03453
00024
10778
00507
13953
13895
13894
14230
01113
14221
14234
14225
14237
14219
14233
14228
04758
06168
04517
03529
02503
03315
05837
05524
13626
14234
07502
14228
14224
06867
00941
14227
14229
07065
14231
01977
01977
14236
14222
14233
14445
06158
05808
03634
03832
13993
14447
14449
01980
14170
14228
14448
14446
03406
14219
14232
14219
14237
05594
04096
08296
14233
14226
14218
14225
14232
03406
01524
14652
06891
14218
14230
14219
14220
14235
14230
14223
14234
01011
00812
01611
03732
04767
10907
04487
14228
07107
00537
05794
10026
00428
14441
07171
15725
01715
15383
16089
14228
00655
05946
11749
02913
02919
11941
05337
02428
02277
15461
15633
01092
02499
15738
01692
15727
03215
15342
02226
07012
15922
15977
03320
15987
15726
15973
16091
15726
15726
16264
16264
11645
10804
03699
00850
13893
02067
18828
02003
02193
11720
17716
07091
00184
11782
11209
09690
17103
09691
01992
01992
01990
01990
01990
01990
17686
00254
00784
18234
20074
01791
18429
18430
18431
15856
03742
18707
04752
07171
18829
01971
18979
07056
19118
19119
19117
09951
08678
19090
00798
19068
19075
07448
19221
10012
12573
07315
19707
19714
07315
00799
15777
20444
20534
01932
21303
11529
00821
21472
21480
21420
21589
21600
21929
21977
22116
02257
00611
00590