02029
07171
10040
10353
15771
12574
10716
01866
06950
03624
13993
01223
02761
03489
01223
02759
02760
02761
01223
01867
01874
03424
05985
02528
04042
00948
06885
01937
00790
01889
03437
01512
03217
07040
09710
00969
07015
02887
02916
02520
01868
07738
00859
03710
01924
06878
03439
02503
06180
08602
03303
02768
02769
02770
01779
01928
06942
03501
03734
08659
01223
02003
03778
03311
03183
01442
00783
03799
03744
07023
03652
13531
12410
06131
06973
00948
03070
04485
01883
11145
03218
03091
02913
03073
02601
02867
02863
02029
02864
02935
02343
09747
06187
00943
02341
07056
03789
07560
01892
01876
01752
01752
09773
02970
09117
07042
03584
01878
01879
03086
02029
06967
03100
00762
01591
02825
00609
01465
01956
01955
02825
01595
02003
03311
01575
01652
07038
03667
01419
03733
04094
03168
04096
03470
14540
03797
11068
09384
03530
03977
02945
00945
06178
06024
05896
02859
00243
00873
00850
02337
06199
06199
03431
00075
06925
03648
03664
12573
03075
01689
01803
00927
00134
05311
01358
06958
03701
03702
00965
00849
12308
02529
00384
00057
13292
02836
03070
13678
01875
08987
08659
03816
01951
07088
08659
07407
00690
00600
02909
01929
05592
00997
01775
01056
03723
04075
03798
02529
03975
00789
01869
01887
01624
00760
01246
07088
02440
01425
08659
02038
02036
02036
02039
04047
01807
12700
00760
02761
01265
07058
00963
05847
01256
00820
04095
07006
00868
00574
00655
07461
02967
02357
09903
02838
00806
00981
11749
01881
03763
09748
02600
07742
02519
02834
11753
03705
03687
04043
03686
03596
07462
00759
06131
00865
01689
03817
01491
06726
01893
10773
05366
07444
03978
03544
03545
02358
02956
02968
02340
02237
00954
03588
06207
01462
03581
00566
04487
03704
01870
04074
02221
09772
03531
03590
03589
02563
01925
01000
03438
03925
03571
03570
03569
03630
11754
01873
01534
03215
03315
06890
02434
02435
01972
03657
01304
08996
00425
00426
02548
02044
07335
07106
07090
01628
02774
02773
06901
06901
07124
06901
01462
01581
09861
01126
03785
01193
03484
00941
01914
07010
02761
03740
14188
03739
03367
01921
03710
02082
01443
02044
02041
02042
02042
01953
01610
03549
03549
02954
00364
01939
01756
06158
01926
06966
05970
02760
04078
04077
03555
03572
03550
03551
03210
00036
02346
01872
07447
07456
03671
01776
00925
02068
02069
01613
03758
01613
12308
03305
13727
00876
07707
02040
02037
02911
07124
03979
03703
03799
00067
01790
00973
00995
03466
03216
02781
09384
06180
00858
02837
03565
01915
00791
02913
03624
07082
01890
03811
03282
03481
02749
02750
01232
06956
07173
02356
03657
01142
02003
03665
00942
04083
04567
03696
03043
03046
02950
02992
02355
02946
02906
02926
02892
02886
02965
02890
02982
02878
02904
02961
02874
02895
02931
02954
02994
02933
02881
02988
02907
02876
03076
02518
02919
02952
02948
03040
02879
06173
02871
02996
03152
01821
02888
02899
02356
03625
01491
03601
03602
13789
06442
03631
00942
03060
04066
00604
03500
06949
01783
02902
03655
03621
02078
02034
03685
03529
03110
08659
03106
02959
02860
00554
02884
03100
02313
02338
03629
02470
02469
02990
02963
02939
00847
07118
01142
01356
01689
01442
02073
02071
02072
02687
01938
03101
06180
01956
01955
03654
02621
02622
08591
06890
01531
11065
03701
01442
09014
11717
09015
09013
00133
00215
01714
05823
01586
00928
01778
03151
04487
02986
07478
05837
08998
03569
02114
02112
02115
02111
02113
02109
02110
02108
00761
07566
02493
02835
01928
01810
01809
14155
00925
13038
00763
05946
03710
13256
03724
04072
08368
03495
03650
03217
03536
02914
00691
06216
01271
00980
10039
18926
03693
07570
07258
02824
01220
01372
01372
02004
07386
01104
06889
00657
01823
00938
01597
08161
00869
02086
03700
02238
07177
01243
01515
08724
01537
01156
07316
02433
03095
02775
07052
16013
16012
09963
02775
00852
02530
00917
03294
02564
05845
05846
01281
02035
03177
01119
00784
03574
09952
01854
01104
01104
02240
00059
07404
10254
07816
06198
08483
11189
03697
03699
07586
01641
00054
00626
06889
01934
01258
02795
02793
02794
02035
00867
01537
01788
02004
03647
02074
06948
01488
11144
03346
10563
02795
02744
10439
01619
07533
03698
12555
02077
00882
03436
06147
09963
02755
02756
02757
03488
02004
06889
01262
00949
07030
02033
02035
02035
09787
09976
07584
15051
01679
00244
00016
01424
03976
03768
15986
04488
00841
05822
06183
06286
02248
02245
02244
02243
02077
01916
00016
01784
07027
00033
00158
08161
02808
02809
02810
01104
07009
03294
02795
02793
02794
03294
00841
07305
07304
01258
07025
00974
04763
11069
11071
11072
02342
00625
09762
01835
01785
01784
06023
02242
00135
06994
02025
15051
02342
10716
03492
09685
03048
14232
14230
06910
01577
01989
05832
05833
00016
07491
06147
02428
01226
02755
02756
02757
02236
00939
03294
07706
00383
00088
10041
10039
10040
00244
01259
07668
07652
03469
12268
12269
12270
01372
09698
00851
00805
00564
01409
03316
02795
02793
01104
09155
01635
00882
07386
00882
03455
16209
01977
01977
01977
01977
03322
01834
07749
11051
16209
16211
16509
01834
01838
16264
16511
16785
16169
05340
15772
02851
15770
11991
16786
02026
16787
02777
02778
02779
16785
11050
02027
02075
07045
02808
02809
02810
16898
01985
01985
01985
01985
02030
02030
16786
16787
16786
16787
14225
14225
01190
16785
14237
14237
14228
14230
14223
14223
16925
16924
14225
16899
14229
14229
14235
14225
11070
02028
14229
01992
14227
14227
01990
01990
01992
01990
01980
01980
01980
01980
02028
02032
00951
02028
01537
17076
17073
17074
14234
14224
14219
10112
01990
01990
01992
01992
10112
17686
01533
14220
14220
14220
14233
14233
14224
14224
14224
14219
14219
14219
14236
14236
07284
00226
01791
00537
17810
14233
14233
14223
14228
14222
02027
02027
14223
14228
14228
14228
01190
14221
14221
14230
14230
00661
12574
17836
14234
14234
14234
14232
14226
14231
14231
14234
14218
01187
01187
00561
18104
18104
00897
01071
09017
09017
02794
02794
07478
01607
07010
03697
07707
12410
02761
08659
07707
18672
18682
17836
18702
18692
20811
18892
18891
06147
07473
00662
03497
03496
03497
03111
07473
07029
07483
07483
07484
07484
07484
19005
07483
13052
07483
19002
19005
02777
19225
19157
01710
01621
01239
01215
12952
03722
07496
07496
07496
07496
07496
02031
07497
07497
07497
07497
19302
19350
04771
19350
06881
02796
02796
02796
21636
18889
20074
12132
07484
20112
20265
20265
20265
20265
20491
20490
20344
20345
20345
20344
18890
22103
07052
01208
08968
00560
00287
07474
00857
06217
02316
03553
02314
04068
01493
01520
03293
02003
02004
02335
01101
07741
00526
03293
03293
03293
07025
08728
21471
21567
21562
21929
22044
03595
07456
03547
17758
22393
22394
22441