07171
07172
19167
01271
16013
16012
02242
01838
01081
15771
01835
03215
15582
15581
01834
15583
15580
01834
02428
00980
02034
10823
15580
10121
05340
07284
03294
00852
02074
02077
00882
03436
06147
01104
02004
06889
08161
07009
00033
01104
00244
07052
00068
02783
02782
02783
06147
07668
07652
01259
00244
03469
07491
01104
03647
03784
00059
09155
07386
03455
00088
09685
03048
00016
01488
06948
00016
01934
01784
01785
09963
02795
02793
02794
00135
07491
00712
07305
01281
06994
02025
15051
02342
01259
00867
02004
02793
01424
06889
00383
02236
01258
07027
02077
00805
08161
02824
07258
07706
05966
12555
03698
09155
07533
10563
03346
11144
00939
01560
01372
09698
00851
02808
02809
02810
02433
03095
01916
02035
00784
03294
00055
08724
00564
01409
01577
11072
02342
00625
10439
02744
02795
10254
07816
06198
10254
01156
07316
03574
01823
06889
01262
00949
01597
00869
02086
00938
03700
03768
07457
01361
07533
01259
07052
01607
07025
00547
03499
03316
00974
04763
01119
02564
00841
03976
00016
00244
01679
03492
02056
02795
00841
05822
07177
01243
01515
09963
05833
05832
06183
06286
02248
02246
02245
02244
02243
06889
02755
02756
02757
03488
01104
11071
09762
00700
06023
02240
00059
07404
08483
11189
03697
03699
06889
01641
00054
00626
07030
02033
03294
01104
03647
07729
09787
09976
07386
03177
09963
01478
07304
15051
03654
01581
06199
06199
03667
01419
03733
04094
03168
04096
03470
14540
11068
03530
03977
02945
00945
06178
06024
05896
02859
00243
00873
00850
02337
02911
06901
13038
01876
01892
07560
02687
01643
01644
01646
01910
03319
02072
02071
02073
01223
01223
07335
07507
03427
00133
00215
01714
05823
01586
00928
01778
03978
03544
03545
02358
02956
02968
02340
02237
00954
03588
06207
01462
03581
00566
04487
03704
01870
02781
07010
01914
03571
03570
03569
03630
11754
01873
03151
04487
02986
07478
03799
03744
01126
07023
03652
13531
12410
02115
02111
02113
02109
01689
02110
02108
00761
07566
02493
02835
01928
01810
01809
00925
00865
03431
00134
05311
01358
06958
03702
00688
00703
00975
00975
00384
00057
13292
02836
03070
00995
03466
03216
02781
03524
03523
00767
08369
02837
03565
00963
07058
01265
02761
00760
03481
12700
03549
01807
01531
01874
03424
05985
02768
02769
02770
07727
07133
07133
01779
01928
06942
03501
03734
02003
03305
01256
00925
00864
00941
01756
01939
00364
07507
00847
02044
02939
02963
02990
02469
02470
03629
02338
02313
02914
03536
03217
03650
03495
06901
06901
04031
04029
07133
01938
01588
01589
01923
01952
01952
01952
00764
01933
00602
01945
01807
02057
02057
01153
03427
03367
03739
14188
03740
02003
02761
03778
01142
01462
00783
06131
00948
01921
07133
01443
02044
02041
02042
02042
01246
01953
11936
05995
02073
05346
00756
02372
00648
02078
00645
09458
02160
02372
01961
01963
01962
00208
00297
00549
07173
03549
01304
01866
06950
13993
03624
01867
02528
04042
00948
06885
01937
00790
08659
03816
01951
00600
02909
01929
05592
00997
01775
01056
03723
02887
07015
00969
09710
07040
03217
01512
03437
01889
01890
03624
02913
00791
01915
00925
02529
12308
00849
00965
07407
01126
13256
07106
03724
01610
00820
04072
01875
02520
02916
04075
07006
03427
00762
01591
02825
00609
01465
01956
01955
08659
15580
08987
02356
02029
03657
02003
07341
03530
03696
03043
03046
02950
02992
02355
02946
02906
02926
02892
02886
02965
03100
15986
13678
03075
12573
03664
00789
00425
00426
02548
03885
01869
05878
05879
01613
02529
03701
01821
00826
02888
02899
02356
03625
00876
02825
07726
03798
04083
04567
02890
02982
01887
01624
07707
03530
06180
02503
03439
06878
01924
00859
07738
01868
02878
02904
02961
02874
02895
02931
02994
02933
02881
02988
02907
02876
03076
02518
02952
02948
03040
02879
06173
02871
02996
03152
07090
01531
04485
01883
11145
03218
03091
01662
02913
03073
02601
01491
03601
03602
13789
06442
03631
00942
03060
04066
00604
03500
06949
01783
02902
03655
03621
02078
03685
03529
03110
08659
03106
02959
02860
00554
02884
01356
00655
07461
02967
02357
09903
02838
00806
00981
11749
01881
03763
09748
02600
07742
02519
02834
11753
03705
03687
04043
03686
03596
07462
00759
01007
01738
00651
00611
00926
05964
00928
01733
00003
00872
09773
02970
09117
07042
03595
02029
03665
00942
03817
07150
08602
03584
06915
05878
05879
02440
02863
01193
07341
04078
03704
03315
06890
02434
02435
01972
03657
05946
03710
01193
02529
01878
01879
03086
02621
02622
08591
00868
07124
03979
03703
00763
02598
04074
02221
09772
03531
03590
03589
02563
01925
01000
03438
03925
01207
05837
03569
02114
02112
02040
02037
02038
02036
02036
02039
07088
02864
02935
02343
09747
06187
00943
02341
07056
06158
01926
03484
00075
06925
03648
01803
00927
04077
03555
03572
03550
03551
03210
00036
02346
01872
07447
07456
03671
03282
01776
02529
03975
00858
02761
07407
06967
03100
01893
10773
05366
07444
01938
03101
06180
01956
01955
07173
04047
03311
07559
02069
02068
07038
00760
09384
01153
01154
01154
06890
01534
14155
11065
01689
02867
00691
10040
07491
02029
10040
10039
10041
17836
16209
16509
16264
16511
16169
15772
02851
15770
16787
16786
16785
15770
16786
16787
16785
02075
07045
02027
02030
16925
16898
16786
16787
16786
16787
11991
16923
01190
07271
01990
16785
16785
16927
16899
11070
02028
02029
02030
01990
01992
01990
01990
02028
02032
00951
02028
01537
17076
17073
17074
10353
02026
10112
10112
17686
00226
17810
02027
02027
06921
00661
00661
12574
01190
01791
12574
01187
02809
02810
01071
02794
06921
09458
02338
10112
03070
03076
02338
05366
03215
02073
02073
07478
00383
00244
06921
03697
01535
15580
00925
07284
07335
15051
15580
18672
06147
18682
18640
18640
18702
18692
07171
07171
18892
18891
18918
14201
03497
03496
03497
03111
07473
03502
07473
03111
03205
07473
03169
07473
07029
19055
19005
13052
19002
19005
19159
19157
19157
01154
02777
19158
05881
01239
01621
05881
01154
07448
19225
12952
03722
00020
19350
19350
04771
19302
07496
07496
07496
07496
07496
07496
07496
07496
07496
07496
07496
07496
19350
06881
02796
02796
19784
21636
00527
20074
12132
20112
20373
00526
07456
07757
01104
01023
01023
08968
00526
00525
01520
07313
18640
02314
06217
02316
02314
00287
00560
00857
04068
01493
03553
03293
00980
02031
02335
01101
03293
03293
08728
21478
21471
07497
21562
21567
21562
21562
21929
22044
00015
03547
17758
22393
22394
06993
22441