00054
04518
00134
01803
01689
01689
01624
02911
00927
01834
01810
00864
02440
00057
00016
00016
01812
01686
00874
01784
01190
02954
02956
02959
02961
02963
02965
02968
02970
02863
02886
02906
02926
02931
02933
02935
02939
02864
02867
02871
02874
02876
02878
02879
02881
02884
02887
02888
02890
02892
02895
02899
02902
02904
02907
02909
02913
02916
02433
02434
02435
00938
01126
01878
01924
02687
00969
00625
00876
00948
02954
02003
01823
02004
00790
00266
01951
00626
00847
01281
00567
01990
01992
02030
01223
01939
01784
01580
01215
01940
02015
02015
00691
01176
02016
01372
02004
02549
02003
01515
02914
00790
00286
01921
00939
00016
01424
00945
02445
03060
00942
00791
01875
00980
01589
01588
02003
01945
00789
02039
02919
02036
01839
01493
02036
02038
00077
02037
02601
03073
02040
02040
01938
02372
00760
00208
02030
00287
02028
01933
02056
01633
00858
02057
02057
00764
01443
00661
02600
01952
00761
01952
01923
00963
01809
01520
01591
00560
00981
02823
00806
03210
00857
02493
02004
02003
00226
01261
01512
00973
01955
01142
00980
01790
01710
00088
01223
00759
00760
00948
00626
00059
00995
00067
00027
00009
00820
00897
01992
01607
00943
01520
01990
01956
00609
02824
02440
01520
01990
00851
02003
00566
02004
00033
01928
00757
00657
01992
00656
01990
01520
01439
00859
02503
00554
00997
01488
01756
01937
01265
02035
02034
01262
01597
02342
02033
01000
02032
01779
00926
02031
01409
00926
00878
02520
00975
02044
01271
02041
02042
01791
00703
02042
00688
00849
01785
00882
00161
00162
00627
00382
01910
01953
01644
00615
00036
01807
00033
01783
01695
01696
01817
01609
00766
01658
01657
00891
00800
00014
00817
00765
00013
01693
02501
01814
02500
00052
01703
01704
01687
00053
00600
00831
00058
01079
00826
00640
00003
01714
00215
01953
02913
00928
00549
00651
01775
00145
00930
00611
00611
00926
01755
01438
00147
00931
01915
00265
01586
03040
03043
03046
03086
03048
03088
02529
02529
03106
00793
02552
01661
01911
00796
01963
00648
02078
00645
00059
02160
02372
01962
01772
00432
00158
00788
03110
00951
00925
01805
00854
01785
01198
01925
02563
00040
02316
02335
02313
02338
02343
02341
02469
02470
02314
01246
02622
02621
00525
00526
03168
03111
01972
01154
01575
00962
01478
03076
03070
03101
03100
03075
02502
01489
01619
00756
00298
00133
00867
01104
01681
02860
01992
00031
02358
02519
02835
02836
02834
02357
02356
02945
02967
02982
02986
02988
02990
02992
02994
02996
02946
02948
02950
02952
01892
01872
01887
01893
01876
01883
01870
01873
01869
01889
01881
01868
01867
01866
01879
00773
00604
02528
02518
02838
02355
02837
01358
02001
02002
00925
02000
02913
01176
00869
00674
00865
02003
02004
00762
01465
00020
00845
01531
00852
01838
00850
00873
00134
02761
02761
02761
02237
02238
02240
02759
03581
00383
02760
03602
03151
01598
01426
01092
02793
02794
02795
02809
02810
02111
02113
02755
02798
05847
03282
02796
01153
03570
03686
00059
02768
02769
02770
02346
00841
03698
00384
01735
03575
02756
02757
02756
02757
02755
02755
03601
06346
03437
00364
01126
01462
02242
01646
00001
03111
02109
02440
02440
02108
02243
02244
02245
02246
02248
02236
01752
01752
01754
01733
02114
02112
02115
05845
05846
03305
01575
03536
00975
02340
03647
01641
03217
03217
03424
01736
03488
03483
02564
06180
00763
01929
03501
03216
03328
03763
01647
03500
03402
03590
03367
03387
03531
01653
03709
03588
03722
03502
03979
06191
03648
03703
04066
03549
03294
03438
01739
03664
06187
03316
06200
03977
03292
03589
03629
03650
01662
01662
04074
03700
03810
01740
03588
04077
03486
03621
01788
03550
01652
01652
04063
03655
03596
03470
03471
03436
03654
03701
01738
01738
04488
06217
06207
03495
03671
03466
00563
03111
03111
03321
01626
06198
03687
03631
04047
03565
03705
03630
03740
03739
03707
03816
03571
03823
03530
03665
03704
03704
04078
03551
03697
07729
03523
03545
03798
03789
03549
03625
03930
02337
06193
03544
03702
03695
03657
03737
03523
03595
03976
03693
03978
03685
03696
03624
03555
03706
03546
03547
03553
03713
03708
03723
04083
00425
06173
08659
08659
04751
03800
03741
02551
03758
03758
01191
06183
04759
07273
06147
04567
03784
03785
04041
00426
06131
02086
01056
04750
04043
03320
03885
03885
03830
03827
01926
04068
00244
04069
04094
06178
04564
04517
03439
03177
01664
03734
03933
03346
04487
03584
06023
05837
04485
03734
09013
04758
01118
04487
06518
04516
04486
03572
03497
09811
02004
06153
01626
03710
05337
05366
03095
01200
01207
06286
06148
07560
05878
08161
06158
02348
07030
00954
07106
07058
07040
05896
06024
07082
08680
07173
07098
07098
05823
03427
06726
07124
07146
07139
06967
07052
07052
07052
07052
07052
02073
02073
02073
02073
07005
03731
02071
07015
00872
02072
07025
07025
07052
07052
01258
07090
07032
07166
06904
06904
06904
06929
06960
06997
00297
06950
06950
06958
07137
06988
06975
06978
07009
06885
07118
06959
06999
07069
06969
07001
06878
07010
07007
07095
03386
07456
07056
07042
07335
06949
01118
07078
06890
06889
06889
06872
07507
07447
07177
07192
05879
03574
06940
06925
06941
06948
07284
07284
07304
06942
05985
07455
07030
07272
02484
07271
07258
06919
07304
02110
07461
06901
03768
03767
07386
07305
09157
07462
07088
03431
09903
07444
09153
09155
08152
08152
00782
08998
10773
09685
08591
03711
06181
07652
01421
08303
09772
09799
09762
00243
09748
09962
06131
09812
08996
09014
10563
00794
08987
09458
07533
06442
09747
00571
06180
00783
09775
08311
09787
10112
09761
09760
03811
09765
02825
09704
08602
09936
09963
09963
07474
07478
09710
07497
07497
07497
07497
07497
07497
07497
07497
07497
07497
07497
07497
07497
07497
07497
07497
07497
07497
07497
07497
07497
07497
07497
07497
07738
07574
07482
07482
07482
07482
07482
07482
07482
07482
07482
07482
07482
07482
07482
07482
07482
07816
04075
07726
05340
07483
07483
07483
07483
07483
07483
07483
07483
07483
07483
07483
07483
07483
07483
07483
07483
07483
07483
07483
07483
07483
07483
07483
07483
07483
00784
07493
07741
07584
07742
07568
06201
07586
03218
05592
08234
03402
01101
10254
01821
02221
01934
10536
01533
02315
11189
06180
00075
00687
00786
10947
10439
10441
10440
09976
09816
09817
09815
09815
09693
09692
08483
11071
02529
07668
11072
01874
01890
11070
11145
11069
09698
01916
01421
01104
02028
01256
11753
11041
11065
07566
11144
11175
11068
03789
04763
01643
04042
01625
12574
01992
00602
11755
03530
13292
00712
11752
01491
13052
12296
01537
00655
12996
01952
07404
03524
03524
09015
01990
01243
01928
11717
03574
00712
11754
13256
12373
12343
12556
12573
12555
00004
00805
00805
03975
04072
13789
02226
00111
13252
00620
12573
12997
01187
03342
01958
01961
00805
14228
01534
13953
13727
14228
14233
14233
14232
14232
08317
14230
14229
14229
14229
14228
14228
14228
14228
14228
14230
13530
14221
14221
14219
14219
14219
14220
14220
01442
02013
14223
14223
14260
14219
14234
14233
14234
14234
14236
14233
14225
14225
00868
14230
14231
14231
11617
01980
01980
01980
01980
01980
01980
01985
01985
01985
01985
01985
01985
01977
01977
01977
01977
01977
01977
00941
14237
14237
14237
14188
14218
14218
14218
14218
14218
14218
14227
14227
01215
14219
03293
14155
00965
14225
14225
14233
14228
14235
14229
14222
14226
00974
14224
14224
14234
14230
15051
14540
11749
00564
14652
16013
16012
08153
15771
03215
01834
15583
15738
11741
15582
04771
10823
15581
15580
15580
01183
02851
15986
13677
03293
10716
16511
16210
16509
14189
16509
11733
16264
01223
16509
03699
16169
01223
01223
01223
15770
15772
16786
16787
16785
16788
16789
02029
16785
16786
16787
11991
16924
16898
16899
02029
02030
17319
17318
14982
02028
01760
15580
17320
02030
02029
01992
01990
01990
17686
17810
01467
17828
12574
18104
03366
05966
07260
09809
18682
08151
18672
18692
18892
18891
03790
18929
18928
07029
19055
19002
19005
07816
05881
01621
19265
01992
19267
12952
19350
06881
00887
21636
19965
10830
19972
19971
05770
22457
20074
12132
20073
20265
20265
20344
20345
18889
18890
12999
20866
01208
21064
08968
00821
01985
19577
21478
11936
21471
21471
00950
01495
21562
21567
21977
21993
22044
01537
22212
17758