00054
05832
01989
03637
03638
03581
03602
05966
02808
02809
02810
02035
02564
02799
02800
02798
02761
03575
05847
00383
00383
00383
00383
03315
03698
03570
03569
03686
03601
06346
06442
03536
00483
02006
02008
03293
02440
05845
05846
01736
02529
03483
06180
01462
02429
02909
01955
01956
03305
02793
02794
01775
00145
00930
00611
00016
02313
02338
02470
02469
02990
03111
02963
02939
02314
02621
02622
02835
03168
02500
02501
02945
01990
02744
03100
00841
03217
01955
01956
00609
01589
01588
01674
02781
02003
02782
02783
00059
01990
01223
01223
02759
03309
02004
02003
02004
02529
02802
02803
02804
01990
03293
03303
03495
01929
03496
01126
00761
03501
06902
02759
01153
01154
01652
03043
03046
02950
02992
03534
03639
01641
04066
03667
03500
03486
03497
03590
03531
01996
01995
01998
01997
01999
02760
02761
02016
02013
02015
02015
02755
02756
02757
02822
02509
02808
02809
02810
02775
02755
02756
02757
03335
03293
03183
02440
03311
02529
02529
02529
02781
02782
02783
02761
02755
02756
02757
02809
02810
02777
02755
02756
02757
00616
02822
02821
02775
02774
02773
02444
02103
03307
02773
02774
00762
01591
01465
03529
03709
03976
03722
03502
03609
02838
03979
06187
06191
03648
03703
03750
02342
03549
03565
03549
03294
01739
04759
03629
03650
03975
02355
02946
02906
04074
03700
03588
03810
01740
01442
00158
03763
04077
03621
01788
03550
03294
02795
02796
02793
02769
00648
02160
01963
01962
01807
01520
01883
03218
03091
02913
03073
02601
02867
02863
02864
02935
02834
00526
00525
02343
02341
02519
02357
02967
01356
02049
02050
02042
02042
02041
02768
02769
02770
02044
02040
03655
03402
03436
03469
03470
02240
02242
03070
02836
02040
02037
02038
02358
02036
02036
02968
02039
02956
00384
02238
00162
00161
02563
03438
03216
03311
02954
03092
03293
03075
03316
02243
02529
02926
02892
02886
02236
02965
02890
02982
02878
02904
02961
02874
02895
02931
02954
02994
02933
02881
02988
02907
02876
03076
02518
02919
02952
02948
03040
02879
00364
02871
02996
01735
03319
01646
01679
01589
02435
02433
02434
02761
02761
02837
00841
02245
02346
03210
02030
02028
02029
03151
02986
03282
02069
02437
02114
02112
02115
02111
02113
02109
02110
02108
02824
02493
00958
02759
02760
02761
01223
02503
01990
01992
02016
02013
02015
02575
02335
02520
02916
02887
02911
03217
01512
03437
01889
02888
02899
02356
03402
03060
02902
02078
03110
03106
02959
02860
02884
01990
01992
01657
01658
01696
01695
02372
00648
02078
02160
02372
01963
01962
02011
02012
03101
01956
03654
03701
01752
02755
02756
02757
04488
06217
06207
06919
01752
03635
02755
02756
02757
02755
02756
02757
03186
02761
02003
01624
01807
02160
02440
01990
02761
02761
01223
03424
02528
00919
03086
02074
02075
02316
01879
01878
02970
01892
01448
03048
02687
03671
03466
03367
02440
03596
03799
02600
02340
02237
02781
02076
02777
02756
02757
02755
02756
02757
01372
03475
01223
01223
06198
03687
03631
02802
02803
02804
01662
01733
01753
04047
03705
02760
03100
00059
02244
02246
00016
01693
02004
03100
02777
01223
02502
06183
03778
03739
03636
04763
03571
03744
03823
06024
03530
03704
03704
03779
03780
03781
03740
04078
03664
03551
03697
03665
03545
03702
03798
03789
03977
03625
02337
03624
04095
03299
03544
03628
03695
03925
03657
03523
03595
03978
03685
03837
03555
03696
03816
03553
03546
03547
03753
03713
03708
03723
04083
00425
06173
01056
08659
03800
03741
02068
02069
01191
03928
04567
03785
00244
00244
03797
00426
06131
02086
04069
04043
03885
03885
03827
03826
04094
01926
09962
09963
09963
04068
00244
01992
04069
04096
06178
03484
03671
04517
03439
03177
03311
03734
07106
03346
04487
03584
02440
00105
06023
03800
03624
06199
04485
03734
09013
03752
01118
04487
04086
02077
02077
03856
07106
03497
03499
04486
06216
03789
02003
02004
02004
01990
01992
06153
01990
03710
05311
01990
01992
02010
05366
02035
02035
07729
05844
03095
06147
06147
06147
06147
06286
05846
05846
07560
05878
05592
08161
03322
06158
02348
05845
05896
05832
05833
06610
05826
01104
07035
00954
07173
07718
05823
03427
06726
06962
06967
07090
06889
02073
02073
07124
02071
02071
07015
06889
06889
00872
02072
06959
01560
01258
07166
05964
06969
03328
07090
00375
06885
07668
06942
06878
06889
06889
06950
03589
06966
07095
07223
07082
07105
07652
07456
06950
07706
06890
07707
06960
06973
06975
06909
07720
06910
06949
06949
08659
06988
06988
07118
07025
03610
01928
07447
07177
05879
03654
07284
07088
05985
07304
06948
07455
07150
07150
07009
07030
06864
06898
07273
07088
07088
07271
06994
07533
07023
07040
07056
07258
07258
01551
07033
07010
07011
07304
07407
06895
07011
07461
07813
07042
07058
00974
07305
06901
06901
06901
04042
07027
07304
03768
07045
07386
07052
09861
00547
00712
00789
00712
00712
01869
07052
07052
09157
07025
07052
07444
07052
09903
07462
01104
01259
00878
00788
00863
01187
01176
00691
01227
00847
01193
01187
01187
00058
00831
00925
00432
00009
00940
01042
00874
00640
01265
01226
00980
00951
01246
00925
00864
00633
01867
00948
01937
00145
00930
01438
01619
00852
01875
00790
00997
00760
00286
01443
00763
00003
01579
01834
00943
01071
01784
03430
05306
01409
00057
00963
01835
01940
01755
01358
00134
00927
01803
01689
00625
01142
00075
03431
00820
01785
00864
00937
00158
00158
01259
01281
00868
00942
01091
09888
01951
01893
01914
01928
00928
01953
01875
00939
00805
00615
00014
00016
00027
01910
00805
01185
01972
01791
01854
00973
01790
01710
00067
01784
01854
00980
00851
00033
01772
09762
06925
00783
06188
09004
08998
08974
10851
06180
05995
01419
03811
08969
00867
01689
01439
01091
00633
01151
01876
00951
01575
00891
00800
01881
00981
00806
00655
00759
00882
01784
01714
01493
01092
00382
00627
00948
00566
01515
01778
01870
01925
01000
00563
00858
00925
00852
01271
00674
01776
01872
00773
00995
00928
01873
01919
01126
01921
00790
00600
00857
01809
00826
00712
01810
00077
00003
00651
05910
00020
00661
00817
01523
01496
01814
00013
00765
00133
01442
01239
00656
00373
00158
01185
01621
00036
01714
01945
01933
00764
01952
01952
01923
01104
01424
01515
00763
00077
01866
01239
01744
00712
00712
00567
01607
01439
00001
00661
01259
01246
00086
00055
01953
00135
00615
01274
01126
00133
00549
00860
01023
01887
05910
01924
00859
01868
01779
00969
00033
00876
01934
00845
01126
00791
01915
01262
00942
00604
01783
00554
00766
01609
01817
00001
00645
00059
00208
00574
01586
00691
01785
01823
00938
01597
00869
01893
01938
09710
00370
09787
06904
07566
03892
03893
03169
03205
09747
02221
09748
09384
03569
01421
01421
09769
10041
09825
00931
00147
00700
00975
00975
00703
00688
01838
01838
01442
00243
09976
03652
01961
09704
03294
06180
09117
08972
00374
00371
08996
08369
09014
10563
00949
03449
07683
00794
08987
00008
01621
00661
01804
00853
01639
00158
01629
01813
00848
00010
00010
00010
00010
00068
00847
01215
00068
00852
09458
01633
00656
01486
01442
01610
01580
05989
05989
01784
00849
01190
01190
01785
00014
00014
00014
01187
00615
01834
00574
01802
01187
01120
00865
01756
01939
01104
01246
00796
01495
00950
00287
00560
00215
00945
00873
00850
01007
00571
08591
03785
03498
09761
09773
10112
10040
09684
09685
02825
09772
02548
08641
08602
09936
05340
03647
03284
03455
05837
03182
07474
07478
03316
03451
02859
03701
07504
07738
07816
07574
07693
07726
07727
00784
07979
07584
07742
07571
08724
07568
04075
03294
06201
07586
01919
03316
10254
03315
01118
07778
01821
03294
10773
06223
03466
05946
11189
06180
03688
07478
10947
07706
07706
07706
10039
03319
05815
05816
03733
05813
05814
09693
09692
05937
11071
08483
02783
07696
11072
11145
03469
11202
11203
01874
11070
11069
01890
02371
09698
06958
07090
07090
01104
07658
07636
01256
11753
01462
02825
11201
02755
11065
01223
11144
10984
10985
10986
11175
03469
01916
11068
07706
03719
01643
03426
00602
12574
01992
00262
03710
12410
07171
13038
13292
13052
01644
03492
10947
03734
08161
01952
07404
03524
03524
11717
00661
01990
00016
01243
12308
11753
03319
03657
11754
11754
13993
12373
13678
18231
02914
02548
00620
09963
06910
11741
01250
12573
12555
00759
00805
03975
01537
01491
14229
14229
13789
06988
01961
01958
14228
14228
01534
02291
13727
14229
14233
05833
14225
14225
01989
14234
14155
14224
14224
14155
14228
07343
14225
14225
01980
01980
01980
01980
01980
14230
04072
01465
01977
01977
01977
01977
01977
14219
14237
14237
14237
14223
00941
14219
14219
14232
14228
14219
14224
14223
08659
14223
14220
08659
14233
14220
14220
14227
14227
14227
14233
14188
14230
14225
14234
14230
14230
14234
07171
14231
14231
14222
14218
14218
14228
14236
14236
16235
03671
14232
14232
14205
14234
01985
01985
01985
01985
01985
14188
14218
01524
01524
15051
10112
15051
14221
14221
14221
14155
14225
14219
00965
14233
14235
06133
14228
14226
14226
00661
07088
07457
15051
14540
11749
01524
14652
16013
16012
03297
03297
02428
07029
03817
03215
15582
15580
15581
05338
15583
00887
15738
10823
15580
02035
15986
10040
18104
02424
10716
10009
16209
16786
16787
16209
16211
16509
16509
11733
16511
05847
16264
16785
16169
01223
16323
01223
01223
02851
15770
15772
15771
16786
16787
16785
10010
02424
16786
16787
02007
16923
11991
16785
16925
16924
16898
16899
01978
01983
15035
17319
02029
02030
02029
02030
17318
14220
14220
01760
01738
02028
02028
17320
07045
14235
14230
01990
01990
01990
01990
01990
01990
01992
01992
01992
08153
17686
01533
01182
16211
03572
03320
16211
17836
10027
07979
12574
17836
17828
18104
03817
02783
07260
21680
07707
03742
09809
18672
02913
18704
18682
18692
18892
18891
19002
19005
19005
19225
05881
07448
19265
12952
01628
01992
01992
19271
04771
19267
19302
06881
06881
00344
00001
00104
19784
00547
00297
07707
07707
07707
21636
00016
05770
19975
19976
19973
20074
12132
20345
20344
18889
18890
20708
20742
01208
21030
21064
21029
08968
00821
21562
21498
07334
21713
21567
21562
22044
05275
22212
22213
03077
17758
00088
22373
13566
22441
09121
09121