00824
03801
00760
02652
02653
01720
01659
03305
01845
00970
00950
03977
01892
02656
00940
06169
03269
03610
01897
01665
00161
00162
00627
03153
03154
03149
03641
03646
03562
03551
03088
00135
01004
02939
02963
02990
03563
01595
00147
00931
06173
01817
01696
01695
01886
01883
02454
02453
01768
04771
05810
06180
06168
02422
02407
02406
01963
03749
03558
00969
02340
03643
01869
03820
00128
02460
02459
02458
02457
02456
02455
01915
01505
04079
03557
00748
03470
05837
05515
03305
01712
01745
00566
02911
03621
00648
00645
00059
02078
02341
00943
02676
03424
00939
00111
00864
01647
00757
02469
00831
00800
00945
02945
01591
03179
01619
03815
01489
06189
06217
01867
06178
03215
00951
05539
03070
03574
00859
01286
00833
01012
00652
02170
01935
01876
05802
03573
01768
01256
03789
00382
00627
00163
03642
00154
03469
02342
10563
02115
09761
02033
02356
01419
00507
00763
00122
00937
04744
03771
00097
00287
03073
02601
02867
02863
03046
02950
02992
02355
02946
02906
02926
02892
02886
02965
02890
02982
02878
02904
02961
02874
02895
02931
02954
02994
02933
02881
02988
02907
02876
03076
02919
02952
02948
02986
02879
03040
03111
00647
00647
02517
00054
03933
00425
01669
01589
01588
03762
02297
02299
02300
01533
00130
01425
00058
02111
02109
02114
02112
06176
00648
01733
06886
03335
03336
03338
01482
05367
01176
01176
01945
00764
01923
01952
01933
01952
04084
02414
01681
03607
00568
03648
03502
03503
00673
01295
01484
02838
02357
02967
01265
00990
01951
00088
03609
03608
03281
02435
02433
02434
01768
03557
04488
01092
04773
02558
02413
02412
02411
02410
02409
02408
03634
03466
00384
00684
02518
03592
00525
00526
04567
02836
02557
02556
02405
04562
02404
02400
00275
03557
00948
02494
00681
00655
02346
00023
00023
01866
00383
01488
03306
00609
04752
02619
03821
04488
04568
01462
01246
02655
02674
02673
07491
09811
02672
02671
00857
01839
03667
01142
01142
02909
03834
03834
01993
01783
03885
01574
01768
02030
00982
04084
04078
04077
04047
02622
02031
02032
01881
00573
00639
00060
06076
01479
01468
01873
00600
03625
00946
01950
02314
01775
03644
03305
02500
02501
01790
00067
01778
04065
03701
03744
03799
00567
02884
00554
02860
02959
03106
02259
05844
00036
01057
01690
00845
01178
01772
03704
02687
02160
03786
01623
05808
03092
02913
02902
03439
04088
04087
01939
03402
02028
01940
01755
01999
03797
00806
00981
06142
02536
02372
00677
06199
01875
00164
00658
01903
01902
02258
02274
02298
02275
02276
00426
00426
00311
00027
03787
06194
03087
00451
01159
03550
06190
01069
03496
03497
02116
01840
01520
03630
00808
03216
01673
01626
03282
03642
00252
03497
03500
00604
01462
04096
03168
03531
02535
03590
03589
01921
00075
00330
00331
00332
00333
00334
00335
00337
00338
00339
00340
00341
00342
00343
00240
00413
00412
00411
00241
00242
00239
03975
01915
03821
00925
05516
01126
00263
00457
01800
01893
02528
01579
03118
03182
03628
03671
01679
02517
02517
00748
02536
00677
01738
05788
01494
01465
03683
04564
01126
00027
01613
02621
02114
02112
02111
02113
02109
02110
02108
03650
03217
03536
02914
03497
06218
00984
01710
01810
00973
02470
01585
03666
03665
03294
03306
06134
00336
03565
03417
03702
01262
03185
03218
01807
02335
02536
00283
00282
02437
00605
02050
02049
03978
01895
00020
00140
00215
03607
00873
00927
00134
00615
01414
03205
01265
03799
04061
02654
03673
01426
01409
02970
02316
03086
03762
00023
03821
07462
03695
02358
02864
02935
03043
05577
00995
01091
06179
03580
00133
01736
03676
03071
00057
01776
01714
00019
02556
02557
03837
02670
04485
03602
00795
02169
02835
02493
06204
02527
05801
05592
00219
04565
04756
03686
01956
04043
03687
01626
01599
01633
03591
01887
03655
01689
05589
00869
01597
03640
02067
02065
02066
01823
03704
05591
03549
03762
00275
05593
06223
01924
03588
01925
01000
01929
03528
03529
03203
03201
03200
03199
03198
03204
03195
03202
03196
03563
01962
04075
01752
01510
03503
03502
03111
03563
00558
03762
01462
01838
01286
01897
01768
00574
01299
01438
00876
04069
02668
02667
00793
01937
01627
05807
03554
03549
02500
01814
02501
00817
00013
00765
00425
00762
03704
06075
03192
02387
02388
02389
02390
02391
02392
02393
02394
02395
02396
02397
01756
03517
00278
03321
01442
01007
00767
03569
03570
03571
06181
00031
03694
03601
01609
00766
03270
02065
02066
02067
00790
04774
02193
02194
02195
02196
02197
02198
02199
02200
03654
00248
01715
02837
00324
00324
01439
00674
01760
00486
03575
02398
02386
03525
03925
03438
03586
03587
01928
03473
03521
03522
00259
05366
02662
02663
02664
02665
02666
00891
01735
06149
01870
03101
03595
03584
03474
00174
00175
03568
00228
01251
04080
01673
01750
03305
00499
00648
01897
00059
00648
02078
04561
00761
02313
02338
03629
03723
01972
02034
02337
03293
02401
02421
02420
02419
02418
02417
02416
01872
03565
03553
03743
03555
01698
06076
03593
04761
00912
00253
00626
01640
01879
01878
03657
01259
01920
01919
00876
00208
03770
03530
01338
03544
01358
03545
06158
03685
03100
03596
02462
01129
01194
01759
01512
06131
03455
03924
00799
01286
01885
02650
05527
00979
03722
05524
00074
01487
00817
01724
03074
03072
03210
00773
01139
03060
00942
00989
02669
00286
01251
00789
02108
02110
02115
00262
00948
00758
03549
03313
03594
01467
05966
04750
00675
02348
00476
04655
04654
04653
04656
04652
02916
02520
01868
03768
00773
03611
01749
01719
02496
02498
02343
06187
01507
01495
00962
02956
03177
02834
02519
02600
03075
01803
00796
03798
02427
03305
00014
01256
01714
03656
04083
06207
00858
03631
03704
00569
00820
03664
03564
00088
03928
03704
01426
03924
01737
04066
00560
01424
03284
03616
03186
03495
03501
03183
03690
03688
03116
03117
00276
02004
02003
01525
07018
02071
02072
07107
06969
00954
07146
07645
03624
01955
01255
02339
01255
03980
02968
03703
00500
02899
02888
02897
01056
02523
04759
04758
00606
01918
01959
03089
03110
01081
01666
01533
00791
03572
01448
03600
03599
02996
02871
04764
01889
02887
07644
07071
07175
06966
07091
03386
03386
06942
02073
07107
07301
06990
07053
07102
07112
07136
07112
06985
07114
07320
06878
07121
06041
07258
07019
06980
07007
07640
07662
06861
06999
03807
06949
06911
06920
07126
03271
06895
07001
07001
07001
07460
07403
02116
06901
07114
07114
07391
07220
07001
06997
06894
07152
07115
07014
07040
07305
07304
07030
09903
06889
09861
09862
09810
09158
09930
12297
03560
02563
09458
09013
08484
08154
07390
07783
07497
07011
09773
00783
08992
08998
09774
09001
09125
08307
08309
02492
07447
09812
06941
09781
09014
08591
09748
08973
02221
01061
03296
08482
09768
07576
09889
07058
09786
09895
09888
09858
09747
09800
07678
00794
03294
07259
03711
03652
09144
09131
09136
09131
09117
11381
03773
04651
06891
06048
10773
08641
06048
00625
07386
09823
07154
01658
06968
00974
09710
09801
09760
08312
08311
09767
07727
09822
09857
09765
09806
08641
10763
03431
00325
09906
09941
08305
09996
09996
09165
09159
07560
09808
09791
09808
09015
08218
08304
07042
06916
10806
04754
02238
00949
07568
10536
07180
03809
01095
06024
00537
07154
01673
07023
08300
07574
08084
07458
10941
10943
09691
05816
05896
18923
03979
05814
05813
05815
07277
09690
11072
11189
11071
01890
11069
01907
03767
00812
12063
12065
07082
11749
12222
12221
12220
12218
12215
12340
12213
12202
06902
11752
08305
12216
00029
13628
06445
01874
10942
11022
12219
12217
11103
02399
11085
08316
03497
07566
11070
01961
11175
07738
02358
00496
06447
03273
02655
02461
03719
03719
07478
12061
01625
07552
00602
11921
11754
11755
11927
07126
13292
12982
07133
12526
01297
07735
00611
12209
12210
12212
07665
12204
07787
04042
15371
12207
12208
12206
12226
12205
12203
12223
12224
12225
12058
12059
12060
12056
12072
12057
17103
02452
12066
12067
06889
06959
12267
12214
06966
15473
15477
15486
15487
15491
01969
12973
03524
11753
11717
04487
00626
11719
00010
02237
11940
01089
11720
07124
07056
12211
08994
06373
06218
01491
13038
06910
13288
06374
06879
12573
14058
13953
13821
01960
07461
03793
14059
13933
13934
13932
13929
06925
13503
01534
03574
01537
01782
07250
12262
12262
13979
10026
03782
03782
06287
13775
10778
00024
01488
07323
05939
07516
00632
01934
01968
08281
07798
07043
07501
13771
13766
07394
13017
14153
07045
21147
07238
07017
13993
03821
11749
00507
04518
09810
00459
14441
05994
14652
07464
16291
06133
14261
00103
07393
14742
08365
06996
03563
16329
07278
01120
14645
03197
15383
14475
15478
15479
15481
15482
15726
15724
15488
15490
15490
15475
12062
12543
15342
15396
15474
15492
15727
15773
15633
15738
02428
14415
18827
15371
15725
11741
15461
15484
08086
15268
15725
12542
15977
12541
07267
15984
02487
02487
07038
16264
08604
01990
01990
03321
00570
12251
16137
07241
16171
07122
01166
02030
16868
16011
14998
02029
17713
01990
03671
01992
01992
00821
17680
17686
17686
00254
07263
01977
01977
01977
17758
17759
00663
18138
00663
03585
21480
07090
00523
18429
18431
09458
18430
01156
18480
08744
07316
18800
01985
01985
01985
14231
14225
14225
14225
01978
14218
14218
14218
18778
06147
06147
06147
14229
14229
14229
14233
18893
18844
18850
06147
03496
19055
18997
09951
00812
19416
01992
01992
01399
01399
01399
00638
19294
11209
00992
07666
19784
19804
19810
01568
20265
20265
20265
14230
14234
14223
14226
14224
14224
14235
14234
14222
14237
14237
14233
14233
20761
20760
14219
14230
14221
15035
20534
14232
14219
14236
01980
01980
01980
14230
14232
14232
14219
14227
14228
14228
14228
14228
14228
14219
14220
14234
20762
21071
21218
21147
03636
07001
21929
01634
05802
17759
02257
22352
22352
11206