01699
00208
01962
01963
01961
02372
02160
09458
00645
02078
00648
02372
00373
00371
00370
03638
03750
03753
03752
06915
00067
00991
02548
12308
02529
01142
02073
01915
00791
02913
02899
02888
02884
00554
02860
02840
00864
01821
08659
00384
01752
01752
06960
02959
03106
03110
03529
03685
02078
03621
03655
02902
01783
06949
03500
00604
04066
13038
03060
00942
03631
03402
06442
13789
03602
03601
01491
03625
06997
04095
03547
07341
02954
03183
03294
00059
00374
01784
07304
00841
09698
00845
01934
07584
07491
00805
03386
07491
09787
07030
00949
01262
03455
02564
01104
07491
00547
08161
03624
01791
00763
02529
00941
00876
01890
01889
06950
03437
01512
03217
01462
02911
07040
09710
00969
07574
07015
02887
02916
02520
07738
00859
06890
06878
03439
02503
01924
01887
00796
11754
01495
00950
01633
02837
00067
01790
00973
13678
03565
07058
00789
01246
13993
01142
03758
01869
01265
06966
01919
06890
03320
01271
16235
07533
12555
00016
10040
10947
10041
02030
02028
01081
06948
11144
03346
10563
07491
02348
00567
00383
07052
00852
07027
08483
11189
03697
01854
09825
16013
16012
07316
12997
03101
06180
01956
01955
06950
09157
09157
07166
03688
06199
05366
07444
06199
03701
09384
01662
09790
06958
03705
03687
04043
03686
03596
08659
02687
09761
07560
01876
02970
09117
01442
01442
01940
01755
03523
03524
07042
03584
01878
01879
03091
01661
01911
03086
06967
02337
00873
00243
04759
04758
09013
09015
11717
09014
03885
03702
03701
01358
00134
00927
01803
01689
03075
03928
12573
03664
03648
06925
00075
06726
02429
01810
07719
00611
00926
03402
03758
03758
01928
02835
02493
07566
00600
00761
02112
02114
00790
03569
08998
05837
02437
01921
01804
02103
07478
09861
02986
04487
03151
01873
00425
11754
03630
03569
03570
03571
02029
00995
03555
03572
03550
03551
00773
03210
01872
07447
07456
03671
01776
07095
02529
00925
03975
08659
00858
06180
00563
03216
03466
03925
03438
01000
01925
02563
03589
03590
03531
09772
02221
04074
01870
03704
04487
00566
03581
00948
01778
00928
01586
03431
00820
07023
02108
02110
02109
02113
02111
02115
00426
01838
02954
02931
02895
02874
02961
02904
02878
02982
02890
02965
02886
02892
02926
02906
02946
02355
06180
14205
03152
01643
01644
00690
07223
01738
01772
11065
01779
01534
01358
01153
01154
01154
03427
08177
01951
07133
03657
03975
02992
02950
03046
03043
03696
03704
01646
01910
03319
02039
02036
02038
01358
02434
02435
01972
03657
01589
03816
03665
03778
01421
03800
03311
02304
02232
02007
03394
13542
05895
02189
05936
02191
02188
06042
02227
02224
04029
04024
02440
03449
00036
11102
02529
00965
00849
03624
03652
03311
03671
06180
08659
00005
01892
03484
02003
01868
01182
11145
03218
00942
08368
04047
07090
08987
06158
01926
04078
04077
08659
03778
00768
02233
02231
01845
01698
01749
02492
04031
00925
13922
13920
13919
03811
02003
00651
01738
06131
03315
10773
00940
01867
01524
12410
01624
03744
03799
01929
05592
01425
03740
14188
03739
03367
00997
01775
02509
01056
03305
07085
01779
03710
07124
07462
00759
01356
00655
07461
02037
02040
01809
02356
02073
07173
02996
02871
06173
02879
03040
02948
02952
02919
02518
03076
02876
02907
02988
02881
02933
02994
03073
02601
02867
02863
02864
02935
03282
04072
02343
09747
06187
00943
02341
07056
01524
00937
01524
03789
00286
00147
00931
02859
05896
06024
07696
00077
03070
02836
08972
13292
00057
00963
00782
00384
07341
07118
03315
07002
00783
03778
06131
02529
01919
07010
01126
00364
01939
01956
02529
03734
01875
12700
00074
03501
06942
01839
00756
05346
00609
01465
01652
01575
01733
00003
00872
01588
01589
01756
01923
01952
01952
01952
00764
01933
11175
00602
01945
01866
06178
03654
00945
02945
03977
03530
11068
14540
03470
04096
03168
08591
02622
02621
03823
07704
00847
02529
07407
08996
13256
01803
05845
05846
05847
05846
02072
02071
02073
01874
03424
05985
02528
00919
04042
00948
06885
01937
00790
02909
02761
01007
01803
03723
07571
04075
00760
03798
04083
04567
00077
00763
06959
01807
06975
04485
01883
01714
00215
00133
02647
00865
01462
00161
00162
00627
00382
06207
03588
00954
02237
02340
02968
02956
03979
03778
02967
02357
09903
02838
00806
00981
11749
01881
03763
09748
02600
07742
02519
02834
11753
07078
01256
03823
03100
01928
01953
03495
03650
03217
03536
02914
02313
02338
02825
01955
01591
00762
02358
03545
03544
03978
05823
03703
01914
01893
02509
00760
07507
03629
02470
02469
02990
14652
00574
01938
02963
05346
02939
08728
03215
02428
01834
01239
03700
03647
03469
15051
03294
02076
03294
07491
11069
11071
11072
01281
01259
03316
06889
03976
06147
07258
03499
03498
10254
02433
02244
02245
02246
02248
00867
02236
03708
13953
06889
03709
00027
00016
00244
01679
03768
13953
01785
00016
03294
00054
01104
03469
01641
09976
00841
04086
00626
00691
01619
03784
00088
07305
01439
07177
02077
02238
00784
03177
02074
09685
02348
03048
01916
03095
01372
00841
01092
03294
09762
00625
09155
02342
00852
03316
01478
07009
08483
01577
06286
02243
06198
07816
07404
08724
01515
01243
05822
06346
00712
00712
01424
07491
01619
07668
07652
01989
02824
00055
01104
07035
00939
01104
13921
02004
01784
01409
08969
02240
02242
06023
01439
02030
01835
15738
06889
02775
01992
02009
02190
03399
04720
03647
04750
00033
07386
03325
07729
01989
05832
05833
07258
02004
06902
01104
06910
00016
00851
01834
00841
01258
04488
03325
04763
01156
00974
00851
03299
00016
01823
00938
01597
00869
02086
14230
14230
07284
15986
18926
18926
07491
07491
10009
02424
10716
10040
10039
16209
11051
03322
01250
16209
16211
16509
16211
16511
11733
16264
01977
01977
01977
01977
01977
01977
03299
16169
16323
05340
02525
16786
16787
16785
05825
11050
02075
10010
01985
01985
01985
01985
01985
01985
02006
01485
14219
16786
16787
14236
11991
14225
14225
14225
01190
14236
14226
14226
14222
14225
14225
14225
14223
14223
14223
14234
14230
14233
16785
14227
14227
14227
14227
16925
02008
16898
16899
14232
14232
14232
14230
14235
14234
14229
14229
14234
14225
11070
01978
14221
14221
14221
14237
14237
14237
14237
15035
02029
02030
02029
02030
01990
01983
14233
01760
01992
01990
01980
01980
01980
01980
01980
01980
00951
13923
14233
14224
14224
14224
14224
14231
14231
14234
14219
14228
14220
14220
14233
14228
14229
14224
02028
02028
14228
14228
14228
14219
14228
14219
14219
14219
14232
14218
14218
14218
01990
01990
01992
01992
08153
17686
01533
16211
02226
17810
17722
01190
00661
00661
12574
01791
17828
12574
17723
01187
00086
18104
18220
03366
01071
13927
09017
03719
00067
03294
07491
18009
07491
07491
00077
07491
07491
07491
08368
07491
07491
07491
07052
00016
09157
09384
07491
00661
03325
03742
02428
03316
18672
18682
18692
20811
07171
07171
03502
03497
03496
03497
07473
03111
03111
06147
18929
18928
07029
19055
07484
07484
07484
07484
19005
13052
03741
03741
19002
19005
19225
07451
07172
00798
01710
01710
00571
01621
00571
07451
03722
19350
04771
19267
07496
07496
07496
07496
07496
07496
07496
07496
07496
07496
07496
07496
07496
07496
07496
07496
07496
19350
19545
06881
00887
21636
00527
20074
12132
07484
00525
01101
21064
00016
21029
04068
03546
02314
01520
06191
01493
06919
06217
00857
03553
02315
06904
02316
00560
00287
03293
13714
02335
00526
03293
03293
03892
03293
21481
22043
21562
21567
21929
02334
02334
03741
03741
03892
22044
03595
03547
03892
22212
03077
01046
17758
17759
13566