07723
01739
01006
20116
20117
20118
03070
13920
02970
02687
07030
02919
07979
11754
05020
02503
01961
01784
04028
03316
01699
13678
04750
02242
05934
01916
00805
01421
01421
10027
05565
02823
00805
00805
13919
01534
07284
05822
06201
02017
03713
09976
01934
00845
02249
02248
03399
02190
02004
06994
03471
07052
03486
05845
05846
00383
07533
02768
02769
02770
01470
00567
03697
08483
04720
02564
07816
07030
07025
03294
07104
00575
00033
01823
02443
00626
01641
06902
00059
00158
03406
02795
02793
07315
03090
07098
09704
03976
02025
01226
09167
08981
03095
03492
00383
00135
00867
01104
11071
11069
01674
00054
07784
01507
02004
02371
00929
00841
11617
11618
03499
03635
01092
09764
03177
09693
02246
02245
02244
02243
01262
13921
13923
02057
02116
03481
00611
02076
01489
13853
04518
13789
04517
03342
01958
01273
03088
00951
00949
14228
14228
02009
10947
02827
01580
02057
10780
00008
01426
14233
14232
14232
02056
05518
14234
03574
14224
14224
14224
14224
14225
14225
14229
14229
14229
14228
05847
05847
14220
14220
14220
14220
01990
14228
14228
14219
14229
14230
00928
05566
05567
05569
05571
09775
03885
02417
02416
02417
09770
02396
02397
02407
02422
02387
02388
02408
02409
02410
02411
02412
00820
06999
03665
03800
01963
02337
00259
00925
11065
04773
00858
00930
00620
00145
03151
04487
02986
01866
02529
01924
03466
06878
02759
05349
02760
02761
00299
01443
03710
08303
03744
03799
00858
06180
00208
03740
03739
03367
01807
00826
00432
02759
02760
02529
05349
00266
01486
02003
00891
02434
02435
01972
03657
03308
01945
00602
02879
03040
02948
02952
02518
03076
02876
02907
02988
02881
02933
02994
02954
02931
02895
02874
02961
02904
02878
02982
02890
02965
02886
02892
02926
02906
02946
03734
03885
02358
02355
02992
02950
01129
01783
00615
02837
05823
02000
02002
00243
11622
03752
02018
02020
03750
03753
03636
03637
11175
01933
00764
01952
01952
01952
01923
01756
01589
01588
06950
01142
02887
02916
02520
07043
01153
01154
03427
02884
00554
02860
07010
06960
02959
03106
03110
03529
03685
02078
01783
01808
02774
02773
01808
07667
07646
01548
01547
01546
02760
02761
02759
01531
00943
03823
09769
03555
03572
00656
04069
07727
03431
01624
01624
03671
00075
03322
05846
05845
05846
01714
00928
00133
04564
09816
09817
01151
06967
03086
09768
09773
01879
01878
03584
08600
02013
02015
02016
08602
01867
09458
00648
03695
06890
01772
01599
00641
03439
00824
07090
09014
11717
09015
09013
02073
02072
02071
02437
05837
02013
02015
02016
03664
12573
03928
03075
01689
01803
00927
01118
07150
07118
05786
00847
02003
01695
01696
01817
01609
00766
01657
04072
01246
01681
03547
00655
02357
02967
07106
01869
07139
01953
00789
00134
05311
03092
01358
06958
00384
06019
13292
08972
03701
03702
07023
02039
02036
02036
02038
02037
02040
07636
06131
09811
09812
02836
03737
04041
07088
13256
01921
01929
02529
05592
02760
08998
01911
01661
02551
02548
03070
05946
02372
03569
00790
02114
02112
02115
02111
02113
02109
02110
02108
00761
00600
07566
02493
02835
00872
01733
00003
02909
03628
00790
02761
00231
01669
00615
09903
02838
00806
00981
00099
01881
03763
09748
02600
07742
02519
02834
11753
02956
00962
06949
02913
00605
00282
00283
02356
02160
03625
01740
03523
01118
01126
07090
02110
02113
02111
02115
02112
02114
07042
07037
09117
09761
03686
04043
03687
03705
03596
02968
02340
02237
09710
00969
07574
00014
07015
03624
00876
07082
07447
01872
02003
03581
00566
04487
07478
03320
04751
01876
00014
13531
13530
06180
07220
03306
06901
05520
02759
02250
02768
02769
02770
03284
08976
02419
02420
02421
02401
02400
02404
02392
02556
02557
03415
02406
03413
03407
02417
02389
02390
01892
01448
07560
00759
07462
12257
03210
00773
07568
03551
03550
03979
00864
02440
02899
02888
08301
03609
03610
03571
03570
03569
03630
01873
01845
01698
01749
02492
03978
01868
07738
00859
00031
01647
07113
00873
00850
01962
01810
02003
02760
01442
04077
04078
01926
06158
03789
06925
06199
06199
01940
01755
02774
02773
06215
08681
04758
04759
01809
02003
01491
03601
03602
03704
01662
06442
03402
03631
00382
00166
00167
09699
03217
01512
07146
03466
00286
07335
00995
04749
11189
13922
01187
02232
09936
09936
07118
03437
01889
01890
02003
01734
00215
00656
07007
06973
00800
00817
06208
01735
01736
00940
03183
01495
03530
00057
03977
00945
03654
07651
07775
06178
06024
05896
01586
01839
02015
02015
03648
09888
02347
07456
03671
03703
00928
01776
00989
07095
01858
00789
05878
05879
01811
03787
02016
02013
02346
07124
00036
01687
01652
01653
00053
01649
00052
01703
01704
01754
01575
00756
02529
01652
07718
02818
02819
00147
00931
03545
03544
03100
03100
03100
03470
04096
03168
04094
03733
01419
03667
03706
07107
08591
02622
02621
07173
01126
00111
00791
03666
03665
01915
03893
01356
03704
01778
01870
04074
04487
00278
00767
03517
02221
09772
06997
03531
03590
03589
02563
01925
01000
01928
03438
03925
00077
02911
07040
00954
02259
03282
00997
01775
03321
06959
02761
07089
03652
03800
00549
01845
03575
03565
07071
03790
07058
01265
03569
01937
01887
01821
06885
08281
02379
00123
02996
02871
06173
07507
03216
04079
04047
03449
03639
03638
01462
00161
00162
00627
00382
03284
06207
03588
02016
00963
00973
01790
00067
00763
02760
01951
00645
03621
03655
01752
01752
02902
01783
06949
03500
00604
04066
13038
03060
00942
00762
01591
01955
01956
01465
00609
02825
06180
03101
06901
03327
03797
06187
09747
02343
02761
00426
00425
01895
12410
01875
06978
03827
05349
01358
04031
04029
02231
02233
04024
02440
00925
11068
09773
00563
01938
03704
02954
03816
01299
07444
05366
10773
01893
00812
01579
01918
00606
03524
03654
02760
02761
02759
01919
06942
03781
03501
03495
03650
00831
07078
00865
03217
03536
02914
04019
03735
03736
04026
04032
04023
04030
02224
02227
06042
02188
02191
05936
02189
05895
13542
03394
02007
01759
07720
14155
14234
14219
07045
02013
02027
14225
14225
14225
14223
01271
14233
14233
03574
14237
01182
14236
14236
01977
01977
01977
01977
01977
01977
14218
14218
14218
14218
02001
02029
14230
14230
06147
11072
04757
14228
00868
02030
07171
14233
14222
14230
08325
00537
05937
01980
01980
01980
01980
01980
01980
03215
14205
02304
03324
00008
01838
14237
14237
01985
01985
01985
01985
01985
01985
01628
14234
14234
14219
14219
14188
05346
01992
01183
02759
05837
00980
02824
03784
03810
07305
07304
02538
03469
03700
00027
00805
01104
01424
02086
05337
03783
04763
03711
01515
00784
01619
02793
02004
02433
07094
00016
01258
01607
07584
02236
01719
11144
03346
10563
00016
09815
08680
02552
01760
01104
09787
00059
03491
01439
09825
07586
09963
06286
02083
00939
07048
03475
02822
02775
03492
14227
14227
14227
14221
14221
01990
01679
12555
06994
09762
01785
06023
01580
03488
07032
07658
02240
02549
06198
06976
07533
03698
03593
07570
02004
03768
05568
05570
00657
04488
07035
14221
14237
06889
01409
00882
02775
00625
07098
02004
08317
09704
07105
08724
08152
07177
14219
07692
02238
01243
02004
14166
07404
13052
06183
07052
03436
03048
00882
01372
02564
07052
06889
07027
14235
14231
14231
07052
14226
14226
14223
00974
01607
00634
02768
00851
04750
08161
00616
07343
07258
00088
01788
00058
06346
11737
02247
06948
14540
11749
01081
01759
00691
16013
16012
02226
02794
00564
00571
01992
11051
05350
02428
15581
15342
15583
15580
06147
06148
06148
02028
02035
02035
02035
01992
01992
01990
01990
01990
07213
01023
15633
15738
11741
01840
00020
01191
01191
10947
11741
15582
10823
15580
15780
09681
03574
06147
06147
06147
01835
03839
15986
18926
15975
07464
07260
15975
14233
10716
16203
01223
07038
16509
11733
01223
01223
16511
01223
03699
01223
16329
16169
16264
02851
16644
15770
13731
15772
15771
02026
16786
02026
02025
16787
16785
16789
02025
16785
11050
16651
02851
02025
01834
02006
11991
10974
02008
04027
16899
16898
11070
02029
02030
02029
02030
17319
17318
02028
02028
00265
17320
08986
01992
17472
01992
01992
01992
10112
17686
01990
01990
01990
01990
01990
01990
02027
12574
12574
02026
02026
17836
17752
02027
01658
01658
17828
02027
17763
17763
00661
01791
17762
07145
09022
18104
08221
08316
01101
02809
02810
13731
13731
18231
10778
01232
03088
02793
02794
02795
02749
02750
02755
02756
02757
00088
02313
02338
03629
02470
02469
06131
00657
00869
01597
00938
02826
02828
02829
01223
03975
01478
02990
02963
07813
07706
07707
02939
01939
03466
03466
07707
02003
02759
02761
02760
03488
02755
02756
02757
03525
04083
01738
00796
01633
00950
04567
03708
03336
03648
03088
00286
02003
02004
08987
01222
07166
09157
01222
06975
02033
02034
09815
09817
11031
01114
02034
02072
02071
02073
08969
07668
07652
00783
03427
01154
01153
01223
00615
03696
04485
00991
09698
00640
01883
11145
03218
06962
03091
02913
03073
02601
02867
02863
10254
01223
04045
00244
02911
00014
03785
06978
00948
09816
02341
07461
07056
06284
05340
01874
03424
05985
02528
00919
03478
09685
02005
02003
02004
06412
06412
04042
00948
01771
00016
02897
01056
03723
07571
03798
00616
01808
01803
05879
05878
03337
03306
01007
07238
03924
09703
02769
02770
01624
06193
02761
02760
07729
00140
03338
02864
02935
03043
03046
01439
06885
06941
13653
05352
09017
01297
03483
03742
03328
00285
18672
18673
18682
18692
01635
02016
03305
00262
01523
01496
02500
01814
02501
01693
00013
00765
02502
04486
07443
06901
03492
01805
00854
06999
06969
07012
18892
18891
09692
18821
18967
00662
03790
03111
03502
03497
03496
03169
03497
03111
08151
19005
07029
18979
07816
19002
19088
09951
00354
00798
19075
19090
01710
05881
03339
02777
05881
19091
07448
19225
19285
01990
01992
01992
19351
19411
01990
19302
12952
04771
19405
19302
03574
03722
19509
19508
19507
19504
06881
19510
00887
02796
02796
19689
19689
01258
00547
00297
19802
21636
19975
19976
19973
20074
12132
20265
20201
20534
18889
20534
18890
20885
20742
01208
21030
21029
21064
08968
00821
00435
03553
02316
06217
01493
00287
00560
01520
03546
02314
04068
07313
00857
21298
02335
21285
00526
00525
22044
21481
21465
21467
21471
21471
18704
21567
21567
21600
21560
21745
18704
22010
21960
21993
22043
00936
03595
01537
03547
22251
22278
17758
03077
02257
05592
13566