00954
03313
06167
02341
00943
07258
03642
01999
01996
01995
01997
03723
03655
03701
00564
04094
01759
00748
00677
02536
07277
00099
00981
00806
02838
02357
02967
03074
03072
06923
01869
09761
09160
05936
09811
00962
00161
06134
01783
02931
06952
01255
15864
06178
06180
00891
01251
01810
00919
07246
01356
04077
03470
01591
00554
00945
01056
09826
01338
01581
15864
00700
00604
06183
09903
09862
07235
09798
09922
02595
02596
02593
02597
07447
03704
09740
07136
03803
03521
03413
03413
03413
07107
03564
02568
02570
02572
02160
04758
02614
02116
02110
02109
02109
05788
01579
02959
02860
02884
02834
07742
02888
02899
03216
02956
07461
02114
02113
07038
02193
02196
02197
02199
02200
02200
02563
09458
06929
02407
03637
07141
07273
03408
03808
02909
02879
02881
02954
02895
02961
02904
02890
02965
02892
02946
02935
02867
03073
02017
03594
01951
03424
03687
01493
00764
01265
02346
00573
08484
00343
00342
00341
00340
00339
00338
00337
00336
00335
00334
00333
00332
00331
00330
03593
03076
09780
09005
00783
09792
00768
00286
07638
07659
00826
01840
01835
00963
01674
07115
00133
00948
05810
07568
00773
01613
00031
02419
02421
02401
03553
03688
03183
02313
02338
03629
07497
00384
03386
01640
01968
07088
04096
03168
01915
03086
02316
01956
01955
03624
07223
02355
00029
03657
02687
01262
00942
00344
03469
02204
03527
00282
00283
03179
01990
07313
01652
02510
02509
08998
01480
02044
02036
01581
01286
03694
06941
03497
06966
01626
00428
01768
04719
01912
05786
07080
03579
01953
00799
00820
04568
02356
01092
02557
01760
01738
01515
00762
00135
02049
02050
01676
03977
07126
00091
01953
01784
01953
02564
01784
00979
01735
03500
03639
00455
00135
03594
03566
01870
00626
00023
07112
03549
03549
07080
07243
08963
00782
09778
01963
09001
03650
03495
03496
05838
03185
03320
03466
04082
03684
01142
06997
02340
00612
01953
01710
00973
06148
01784
00615
00615
02968
01953
01919
05592
03106
00052
02600
00931
00147
00969
00411
02517
03317
07080
02343
06187
03498
03498
04100
01419
04107
04108
04109
07402
01996
01995
01998
01997
01923
01338
03502
04485
02065
02066
01775
02314
02939
00645
00059
07082
00845
01952
01952
02986
01649
04115
04114
04113
03684
03530
04771
00789
09138
04043
00575
00575
01596
00575
02258
14980
07011
00253
00287
01520
03711
03711
02835
08978
03761
02970
02887
03521
06173
02221
01299
01962
02335
01495
00208
01673
01965
07102
03733
04066
03654
02945
00800
04046
00681
00799
07736
06890
02004
04079
06942
07023
00598
03217
03978
00930
06901
00405
00406
00606
01918
03592
01061
01889
01682
07090
01867
03980
07230
03572
04760
01409
01749
01719
02234
02230
07497
00655
00525
00963
00101
00655
06168
06217
03820
03306
02039
02036
05548
05805
01507
00259
01586
03705
00989
06920
07056
01920
07391
07391
03667
02342
00014
01599
01772
03628
00344
06888
07157
04752
03271
05785
01790
04477
01790
07120
03786
06181
08591
00794
01923
07182
06153
01999
00873
03695
02592
02587
02591
02586
02588
02585
00208
04773
06206
00928
02371
02493
07007
04655
04654
04656
04652
06281
06282
03594
00383
01999
01997
01998
01995
01996
07243
00643
06001
00145
06871
01995
01998
01997
03406
01657
03770
01937
01627
03325
00537
01551
07814
07814
06143
02483
00640
02050
02049
02050
02051
06907
01546
01547
07646
07667
02481
07304
03412
02033
02035
02048
02046
02047
02045
03118
06024
05896
01142
02003
02004
01714
06045
07657
02039
02036
02038
02037
02040
01624
00615
02446
01784
07313
06148
00067
01996
01995
01997
01998
01999
01494
07028
09386
04101
09748
07552
07588
07305
00772
02112
07814
03924
04518
00979
01895
06889
02194
06207
06207
01069
07303
02198
07261
08973
03497
01601
03621
00648
07708
07712
03499
03665
01438
06148
02022
03111
02469
01523
03071
06287
00567
10563
03686
01887
09786
09771
09769
06195
06925
03671
00769
06999
05524
01975
02007
02008
02548
02897
02914
03536
01420
02916
02793
02231
04762
07232
03789
07042
07220
07460
09991
09985
09986
09987
09949
09937
09989
09858
09747
10001
09806
03676
06223
04653
04651
04653
03594
03075
06903
02034
02034
01999
06412
03545
00285
01647
03089
02836
00428
00324
03406
01876
00937
00059
01933
00759
00788
06966
01658
00766
01609
03750
01996
01995
01998
01997
01999
03519
03518
03309
06442
00795
01662
02003
09812
09705
09143
09131
09117
09768
06891
14981
01724
01426
00226
00666
01951
00558
03406
00568
01803
00703
00600
04564
03787
01358
00939
03043
00325
02188
00990
02501
00927
00605
01940
01883
00560
01736
02492
03321
01995
01897
01997
01998
01999
01996
01912
01791
08311
09790
02009
02008
03565
02902
03408
02066
07315
04754
02404
02417
02411
02389
00363
02164
02448
04748
04561
02305
02019
02020
05367
03702
07257
02225
01895
06204
02394
02396
03438
03587
01928
01929
01925
03588
00075
01921
03590
03531
02535
05807
03631
01972
03596
03284
03775
00674
01439
00575
01259
03501
02283
07497
00088
08715
10219
10221
08976
00278
00767
03517
00384
07025
03070
00074
03522
03521
03831
04763
00329
00356
06041
06861
03092
02806
00799
00868
01644
00239
00240
06916
01903
01902
00164
00658
00382
00641
00817
03529
03575
03455
02108
06911
01817
00057
01696
00058
00097
03635
03750
03703
01681
04566
01465
01768
01881
01679
01255
04069
06990
03520
07566
04744
03771
02528
03821
00003
07462
02280
02282
01548
06968
02377
00858
00123
00179
00180
01738
03601
03110
01778
05350
03147
07245
03182
00481
02837
02007
02006
03555
00029
02232
02227
03797
03412
03413
03407
03215
02065
02520
00548
07315
08303
02400
02410
02409
02390
00134
07267
07486
04759
07031
01711
09823
00265
00266
06153
01126
00372
00362
02014
07216
07156
01737
00808
07240
05820
03186
00162
00382
03644
01998
01997
01999
01996
01995
00265
00266
03406
07234
01808
07738
09801
09773
09760
09767
01104
07735
07497
01447
04061
02387
02388
02408
02420
04751
02437
01826
03821
04754
01687
09932
00925
00625
09181
02556
01740
01698
02337
01246
01434
02556
02557
00249
00130
00074
06446
03734
03617
03616
03615
03614
03612
03613
03522
01006
01879
01878
03841
02379
03752
00123
00124
00127
00019
02569
02574
02573
00855
04759
07406
00684
00525
01912
07507
01012
00652
00833
03525
03544
03602
04112
00174
00175
07180
02523
02276
02274
02275
03823
01589
01588
00390
00957
02259
02274
05350
02471
01768
00573
03474
03100
03685
03595
06190
07006
06925
07005
02390
02567
01159
02878
02982
02886
02926
02358
06911
01934
03704
03745
06911
07497
07484
02518
07112
07112
07236
07237
06199
02386
02391
02415
03413
03570
03832
03559
03559
00940
02913
07075
00432
02339
07091
06193
02651
03551
00275
01885
03503
03530
03630
07276
03558
02963
02990
02078
07390
04080
02275
00997
03476
07088
02919
01633
00950
01496
07507
00793
00793
03625
00946
02911
04764
03926
03666
03567
02291
03210
03117
03664
01095
03743
02557
02278
02279
02281
03636
03753
06601
03925
03589
03412
03704
05527
00241
00242
01607
00077
01755
02433
01999
02018
07289
06959
05297
07799
07814
00219
07007
02584
03455
01649
03088
01079
07478
03737
01689
07395
01802
01802
01814
01693
00859
01873
00982
02906
02358
02355
02992
02950
03046
02864
02863
02601
03218
00873
03780
03779
03089
03101
02372
08641
00831
03431
00796
03798
04075
03641
03562
03550
03522
00252
00179
00180
05366
01448
02111
08357
08358
06287
00013
00765
02622
08738
06147
01733
01885
03060
01924
02434
02500
02527
01560
08602
00975
01866
01939
00609
01000
03040
01735
01695
01868
03801
03439
02115
00790
03177
06894
07088
04565
01999
00102
07160
03412
03407
03808
06192
00566
04044
04488
04487
04487
00640
07018
01768
05772
06857
05773
01756
00688
00705
07147
03453
02548
07218
00376
07003
03406
02948
02876
02988
02933
02994
02874
07789
07788
00720
04088
04087
02393
02392
02416
00791
01652
01653
00053
01649
03569
05515
05837
01776
01872
02014
02996
02871
06158
02047
02048
01433
01776
00020
09945
04042
09796
02483
09791
09709
01952
09808
09808
09810
01843
03496
02519
09159
00012
01875
01578
09771
01704
01703
08218
04083
08304
00311
02427
00375
01011
07588
02621
10220
02482
03640
01652
02470
01955
03530
03795
09857
02616
03795
02574
02334
02533
01185
00575
06223
02502
03738
00558
11179
11180
11073
00577
08483
11181
11264
02498
11189
10806
00558
10773
01961
11085
13541
05799
06042
09817
09816
09815
05895
03543
10125
09691
09690
10126
08738
11105
11076
00627
01953
11688
01714
01993
01874
01889
01890
06223
11074
09883
01908
01907
07738
07738
00626
06958
00821
00821
07090
06217
00812
01849
04090
01091
01848
12340
12140
06969
03274
03560
11749
01462
12141
11711
11712
08305
12262
11075
03414
02316
02342
02342
02342
01448
09882
11065
03744
11175
07636
02195
00427
01697
00817
03111
06223
02412
03892
05973
04763
11312
03561
11689
07006
03426
01894
03530
03530
03530
00602
07098
11927
03530
03530
13292
12508
01534
00381
13013
03496
01515
11752
07535
00031
05521
01654
03272
03643
03496
03524
00595
11690
11903
11719
09774
10764
11717
11753
11527
01654
01895
07152
07152
05951
07152
03496
11720
09921
02238
02303
02303
02303
11754
02313
01465
00912
13584
13588
13590
00626
07093
13021
17103
04749
03584
08309
09858
12510
12511
12573
13652
07107
07107
07216
05939
07516
07497
08316
00620
02067
03979
09457
03813
15511
13895
01491
13038
12506
02474
12410
05921
02006
05921
03406
01654
01958
00955
13643
02224
13581
13642
03149
13592
13821
13599
13598
13993
13896
13893
13894
13587
14162
05606
03088
03088
03088
03088
00344
07537
13628
14393
18929
04105
00024
07483
13924
13924
08195
13771
03394
13766
00015
00830
01537
04085
01916
14347
03741
08359
07315
00970
00666
00344
14393
14160
07075
00941
07538
07539
07216
09810
14448
14446
14447
04771
03500
14441
01966
01524
01524
14652
18363
18362
18361
10218
14161
08295
14261
07001
02483
07483
08691
06133
07497
01185
07484
01969
18928
15383
03086
00563
15512
15513
01420
11741
14742
15034
12543
12541
12542
15514
15578
01834
15546
15633
15256
15724
00220
15256
15738
01082
02428
01692
15790
01692
00410
16011
12543
06177
15577
00459
04765
15576
02594
15371
15268
15866
18361
12454
12542
01091
15977
12541
10716
10716
15987
08679
07497
07497
07497
07497
07497
07497
07497
07497
03320
03284
07267
16074
03321
07343
08344
11069
16514
10804
03699
03321
16165
16137
13283
07323
02067
01166
02046
04749
01996
02573
03722
03406
00407
01790
10680
10680
13040
07010
01297
04761
13771
03214
03769
09888
03569
03571
03496
04763
04763
02050
02049
02040
01997
01998
01995
01989
02014
03640
07772
03406
03406
03406
03406
03406
03406
03406
03406
03408
03408
03413
14987
03410
18355
18358
18357
18359
18356
01924
02044
01999
16915
02009
03406
07257
09792
01533
02379
07323
02334
15539
07226
03796
02617
06915
07001
07027
03478
09181
09798
09919
11381
02170
07213
07402
16871
01935
03738
16066
06177
09690
14393
14393
04562
01207
12454
00847
01711
01784
00978
12452
01692
00058
00951
01581
00151
11717
00721
05946
03271
03273
00788
02169
05772
02067
02044
01999
01998
01989
02418
03406
03406
03406
03406
11443
02030
02030
17226
17227
02065
17247
16922
11209
00185
17218
00184
11532
01990
01990
07323
01990
01992
01992
01992
15894
17686
17662
17686
17675
01497
17865
19745
07263
07263
02226
12574
00254
06281
00436
18005
18006
18902
03605
06282
06281
00122
07483
07483
18138
13010
18007
03585
18118
01977
01977
21678
21677
01980
01791
03446
03462
01980
18588
18587
18661
18707
05366
18930
16898
11991
07497
07484
19055
03976
18979
03526
16899
00611
00798
08678
19221
19344
01992
19345
01992
19294
01990
19338
19641
19640
21308
19661
00799
00992
07315
20458
15777
19789
08744
13069
21679
20035
15358
20449
20534
20534
11529
11529
01214
16554
21029
21071
21071
21307
21309
21420
21470
07334
21498
21696
21694
10914
21686
21929
19591
21929
22044
22067
22205
22296
02257
02257
11206
22468