03560
15634
19731
12340
06911
00031
01448
08300
09985
13888
05685
02278
02279
02280
02281
02282
02283
12510
12511
13589
06180
00263
01903
09924
01902
00164
00658
00382
03733
09921
03413
13588
00963
02970
13896
02556
02417
02411
02410
02409
06602
06601
06980
06213
00029
01875
00573
03210
03072
03074
04564
02291
01126
01969
13766
01968
01640
04090
03530
01895
15268
00057
01749
02498
00822
13683
09922
03407
09798
01356
01647
00748
00677
02372
01711
02377
01476
01284
15461
07146
04761
04756
07056
07460
03640
04075
03798
03431
01939
00333
00332
00331
00330
00259
03695
02493
02835
15539
00928
00864
06287
02518
00790
01494
01142
15724
01129
01207
05896
06024
03116
03117
03118
06916
00024
02426
03544
01669
07736
03089
06925
00384
06975
01251
06958
14980
14981
11754
01963
01591
05788
02945
00945
00800
01465
01883
06861
03092
03684
06041
03975
11719
09774
06187
07340
02339
02356
01255
07091
11720
04754
07154
03601
13821
06178
06153
00208
12972
02276
03568
03592
02275
09761
03179
15371
00019
00457
00500
03704
00573
00425
00426
07118
06911
01118
00761
00140
02343
09747
01142
14441
06207
01783
04485
03558
03977
03470
01256
03979
02259
00384
04755
04078
04077
02968
02313
02338
03629
02470
01887
06915
03745
04760
02388
00791
09937
04087
04088
04047
00943
02341
01874
03424
06167
04066
02113
02111
02115
02112
02114
00324
00324
00325
01972
03631
05807
02535
03531
03590
03589
01921
00075
01924
02563
03588
01925
01000
01929
01928
03587
03438
03925
03815
09131
00240
01821
00242
00133
02654
00609
08591
04096
03168
12573
02913
11443
13993
01876
03684
00847
08296
00940
01872
00919
00627
11381
00243
09768
05349
02471
01201
01581
00759
14393
07007
06158
03412
03413
03408
03407
03414
07278
11605
11606
11924
07320
00955
00957
07566
09001
01866
03564
07018
04487
04755
00566
11753
01870
01810
03572
06199
07478
03040
02948
02952
03076
02876
02907
02988
02881
02933
02994
02954
02931
02895
02874
02961
02904
02878
02982
02890
02965
02886
02892
02926
02906
02946
02358
02355
02992
02950
03046
02863
02867
02601
03073
09786
07180
01246
13979
06193
03782
01534
03218
08714
02887
01889
01890
03704
13583
03685
03100
00997
03500
01951
06941
01733
03790
07735
05366
08641
02065
02066
01775
02939
02990
00645
07157
09791
01649
00684
03694
06891
03272
00873
02687
00820
04042
06173
00604
01462
09760
03978
03217
08998
03536
02914
04752
03185
03799
06890
08304
07113
03071
01951
00859
00014
09773
00252
01808
02199
02221
01491
00031
03313
00762
00858
01923
07390
05837
00239
05515
03571
03570
03569
02919
04567
12543
12543
15727
14234
15738
15725
11741
15726
01840
03702
07106
03596
02670
02669
02654
02652
06999
06911
13895
13894
01299
00979
13893
13593
13584
02412
04562
02404
02400
03624
07276
00384
00812
07102
00261
03723
00643
01652
04079
00275
00208
01736
04773
01662
00795
03602
03527
02204
06999
01894
03185
00364
09987
04094
02346
07115
07461
01720
02388
02387
04061
02418
02419
02557
02416
02415
02391
02392
02386
02393
06204
02394
03654
15256
01738
03555
03183
03980
01867
07090
09019
03686
00215
10778
10773
03703
01265
03630
01756
01599
01772
08973
03628
01061
03650
03495
03501
01869
03643
02340
07341
06997
07391
06966
03657
03771
02528
00945
01673
07007
01079
00831
01868
03466
02434
02435
07447
07043
02227
00773
08987
02837
09014
09013
07461
09015
11717
05539
01716
03282
01126
00962
02956
02834
02519
07742
02600
09748
03439
00789
03820
07042
06168
03310
07001
09005
07240
06937
00311
09991
01873
02909
01624
00134
00615
09888
09769
01159
03550
03551
07107
03562
03641
08311
09798
03797
00783
09710
00969
02109
02109
02110
02108
03529
03575
03413
09800
02899
02888
03321
09823
01586
07321
04487
01448
01595
03427
01154
01153
07233
03642
03101
03665
03666
01091
00824
13599
13598
12506
01095
03644
00382
15519
00627
00162
00161
09936
01689
01627
01937
03075
01803
03770
03043
02935
02864
02536
07277
11749
00099
00981
00806
02838
09903
02357
02967
03648
02337
09808
01881
03524
00343
00342
00341
00340
00339
00338
00337
06876
00574
09701
03530
01338
01358
03545
01915
10806
02622
04744
00451
00283
00282
07461
02437
00605
03704
01924
09928
03060
01961
02160
03786
01586
09812
09811
00655
03070
01735
00891
01962
09883
01892
02078
09458
07082
05838
00927
00453
01241
03110
01778
03106
02959
02860
00554
02884
01703
01704
00052
02453
07152
06076
07516
03521
03522
00655
02527
00912
02517
01626
00763
02986
03086
09117
01956
01955
02396
02397
03805
03744
09159
03655
00640
01738
00954
02469
03701
13771
05916
03324
00413
00412
00411
03216
00228
09986
03924
08309
01714
03664
13587
02401
02421
02420
02408
02389
02390
01880
02523
07089
00989
03705
03687
04043
01681
02194
02195
02196
02197
02198
00286
03274
13292
05810
00948
02897
01056
06942
00826
07659
07638
06878
03565
04083
05520
02836
03821
00023
03584
02621
02557
02556
02520
03671
00600
07738
03625
02415
15987
03215
02911
03621
00648
04764
01953
00860
07010
01953
01740
02871
02996
03821
00003
07462
00060
12542
12542
01091
12541
12541
01784
00808
00845
01262
01006
06445
02806
08738
00799
01907
02258
02274
10563
06889
07397
03593
07258
01409
01719
02238
01885
09949
02851
03386
00568
03325
11105
01297
02564
05524
01259
00616
11085
06889
01011
01934
02116
02653
01092
03406
08305
04765
03499
03406
04518
02035
00852
01724
03469
00626
05595
07104
03316
13590
00564
07025
00058
00135
02433
09471
03711
01507
13628
03177
06177
00639
03932
03769
04763
01619
00059
01916
01885
02533
00970
02428
01081
02193
01488
03498
00626
01679
01784
01082
13019
02067
07028
00674
01439
00463
02342
03455
01048
06902
07304
00647
00241
07305
00575
11604
11607
01082
06179
00939
03406
13283
05794
09981
00799
00769
02427
00088
01692
02200
00758
15975
16137
16137
14232
14232
16053
14235
14219
00253
07394
14219
01048
03699
01659
00604
13581
16291
16171
14233
04782
12214
12217
12212
12222
12205
12218
12209
01980
13018
12211
13015
07323
14233
14998
03417
14230
16872
01985
09810
02488
11532
14219
14236
14228
14228
14233
14228
01990
00951
01897
14227
03574
14225
07576
04084
14225
14234
14228
14222
17686
14228
17662
17675
14233
14234
01977
14218
14225
14224
14221
14226
14219
14230
14229
14232
14223
07263
07263
05540
14237
14230
14218
00128
00128
12574
00254
14237
14231
14220
01187
17733
18138
14940
05973
03585
00329
00356
01286
21430
21449
21449
03759
00523
02454
03799
12573
01082
06999
02879
02358
02358
00845
09973
06889
02916
02963
01358
03694
03798
03798
03642
02651
03684
00575
02471
02471
01255
11749
05795
07716
03797
03797
03797
03797
03406
03406
03413
03408
03412
00575
03799
01284
01897
01299
03406
02902
01259
07659
12541
12542
00162
05527
01489
03694
03694
02192
00263
05794
03286
06147
18307
18306
18301
01834
18587
18707
18901
18902
05366
06147
13060
12206
05792
03496
03497
12213
12203
12204
03111
09797
05785
16898
19055
00335
03526
02483
16899
16011
01710
21498
00336
01066
03722
00020
04771
00059
03743
00992
07666
19689
08744
01087
19784
13069
13775
05770
20035
09796
21071
01768
00632
00526
06919
02314
01493
06919
00287
00560
01160
07313
03676
01286
01520
06217
06217
09882
06217
02316
03553
00560
02335
09806
00525
21470
21498
07334
21600
10914
21929
03741
03892
03595
22042
11991
02257
22297
11206
22424
00590
00590
01726