10563
09761
02015
03304
03303
03427
03547
03546
02454
03615
07486
07497
03529
03579
07518
07787
01153
07497
07483
03310
03098
02004
02198
07001
07027
07505
06992
07039
06972
02400
02409
07278
07003
07007
03296
00690
07576
06213
07793
02575
02575
02575
03696
03321
03306
02660
03314
02313
06147
01993
03427
03498
02259
07798
02043
02044
06167
03427
02224
00520
02071
03310
03308
02342
07182
02015
02233
02557
07004
00128
02035
02033
02032
01271
03638
02498
07001
03088
02670
10773
03925
01975
02475
15864
03271
11719
09903
03799
03071
05801
00766
08973
01866
03525
01662
03431
03555
09861
02494
09921
00761
00760
03154
01735
09860
09798
12297
03672
05952
09920
02221
09888
09136
03774
01652
09764
06169
09862
00645
02913
02904
02911
03608
03187
02970
02963
01881
06176
03215
00991
01627
01265
07390
02113
05788
09781
03575
09458
09773
09797
02619
09792
09774
00604
09165
05596
01433
03594
06901
09780
09775
09700
09701
01734
00616
01141
00860
01790
00067
00859
00626
00013
00765
00134
00564
06041
03270
03530
00927
00134
00615
00865
00858
00666
01426
00789
01251
00297
00569
00376
01669
01687
00626
00253
01716
00626
03797
01693
00873
03101
01484
00020
00673
00673
01338
00962
01803
00796
00215
00116
07304
01951
00784
01496
01507
01945
01637
00574
01776
00382
01626
00939
01525
01595
00951
00097
01783
01091
03100
01609
00666
00278
01733
01611
00855
01438
00930
00003
00554
01520
00937
01698
01669
00134
00135
00655
01816
00042
00919
01610
01920
01495
00948
03379
01740
00108
01775
00130
00969
00147
01687
01563
01455
00287
01426
00560
01497
01924
00873
01000
01952
00626
03797
08963
00568
01465
00748
00677
00099
00981
00806
00990
07026
07026
07026
01940
01462
00228
00014
01414
01581
00019
00031
09977
01876
03795
01755
01589
00836
00928
01246
00275
00221
01426
00768
00262
01669
00116
00428
00496
01840
01058
01749
01778
00797
03439
00641
00286
00762
00989
00496
01058
00942
01409
01810
01918
00556
01935
01356
00652
01012
01939
00791
01613
00759
00496
00285
00891
00626
00673
00573
00059
00059
01759
03415
02004
02016
06911
03630
02069
03406
03151
06923
01126
07726
03497
07491
07483
07497
06959
02005
00803
07044
07231
09015
07483
03296
07484
02451
08722
09786
07088
08303
02914
03536
08998
03217
09918
09919
09912
09748
00826
02003
01934
07397
03892
02533
02051
07284
03969
09811
04083
07735
03832
06597
06598
06929
07232
07275
01665
02412
01572
02501
02687
03147
02342
08289
03503
03574
02456
07455
03669
03502
02454
09768
09889
04773
03183
00266
09699
09895
09986
09956
01870
09947
09948
09931
02337
09928
03562
08300
03560
09989
09858
09978
00790
00817
03631
09800
09891
09938
06197
00648
00163
01956
09926
03666
03711
00384
00794
06173
00970
04087
03610
02622
10536
01588
01807
01673
08084
05807
03612
06996
03812
02387
01092
07140
06024
03528
02399
02398
02342
01682
01714
00018
06917
01159
03665
06992
02492
07726
03569
02557
02556
07795
02356
00799
02448
07240
02044
02016
02015
02500
01586
02110
02388
01897
01738
00058
02481
00248
05562
05563
05564
05566
05567
05569
05570
05571
00263
03814
03735
00375
07507
03189
02237
00459
10036
10037
07180
02483
03769
00374
00373
00370
07673
04561
02164
04748
03809
03793
07152
03406
05834
02013
05526
06447
01998
01995
01996
06218
01154
01652
01523
03116
03117
00249
05540
03577
04047
07102
00154
01580
05297
07636
01424
07262
03580
03184
02036
03424
04760
02483
09812
08316
01465
02658
07552
06445
03386
07258
02116
05774
05780
06162
07313
00023
03503
08365
02493
00249
03186
08296
09710
09747
01929
09801
06895
07338
06199
04078
00609
09760
00606
00950
00788
00145
01915
01259
00982
00971
00549
01887
00029
01599
00600
00946
00931
03101
03527
01950
00053
03101
00256
01937
01689
01770
00573
01494
00835
01933
00767
00077
01255
01872
00928
00681
00831
00800
00210
00945
01591
01267
00773
00640
00940
00632
01647
01867
01972
00563
00116
03101
03101
00688
00705
00703
00688
00311
00057
00507
00574
01142
01772
01069
01626
01875
01817
00133
00052
01736
00390
01720
01659
03417
01923
00012
01951
00088
01649
09767
00075
01104
00979
00912
00566
00432
00845
01690
00873
00036
01338
01358
01638
01886
00943
01007
01739
09822
02548
01429
09806
09909
09913
02952
02948
05516
03733
07403
03074
02406
02664
02666
03076
09906
03273
09908
09902
09933
09950
05774
02017
03745
03563
02909
02907
02967
07316
03670
03564
03646
07107
07458
03704
03924
00405
02073
01710
07011
02650
06861
03820
01150
02169
00344
02518
02916
00406
02041
02042
02483
02045
00167
03805
03775
06955
08296
07235
00381
01963
03684
07394
01784
03674
05592
03602
07460
00413
00412
03704
03732
04085
00404
00407
03768
07082
01091
07053
02553
00847
05539
02200
02195
02405
02824
02401
02420
02419
02414
07010
07443
02520
02441
03743
06175
03406
00249
01968
01640
03088
06980
03581
02010
01153
03673
03092
03683
03424
02372
03704
02503
09946
09791
02426
01719
03583
03582
06158
01695
02314
06941
03773
02863
02867
02601
02041
03744
04485
02502
03654
03688
03977
01962
06193
03070
02519
02600
00350
00351
07091
03667
03664
06207
03179
03169
02946
03701
03723
08084
06916
01955
06186
00833
03722
02358
03736
00956
00957
04088
01649
03168
01704
02672
02671
02676
02656
02667
02669
02078
07461
02487
06596
01703
00525
02421
04752
00363
00362
02258
00798
11209
02434
02435
01821
03406
02341
01878
02662
09823
04565
03496
06167
00558
07497
00520
06147
01154
03500
04096
07566
03449
06075
03885
06718
00362
00372
03832
05781
05780
02072
02231
02227
02016
02232
02483
00325
00324
03406
06720
03671
03752
03635
03750
03182
07107
02496
08083
08082
06131
00344
07391
06997
06075
04755
00128
06720
03543
06075
02673
01652
01056
03643
01869
07447
02338
03106
07107
00525
01657
02335
07114
02357
02838
03177
00239
09013
09014
09117
03703
03406
02316
00950
03088
09001
07712
02844
03274
02843
02517
02527
01515
03651
08311
01419
03112
02655
03695
07302
04075
06194
03593
03496
03806
03807
02339
05591
01573
02003
05541
03830
01779
03787
05833
02395
04487
07071
00020
00241
00242
03767
04032
04028
04028
03735
06196
06189
07323
06287
03570
06925
07115
03113
07794
07238
03704
03192
03188
09790
07807
02044
02016
05799
04095
03690
03118
03581
07497
03470
01889
02411
02276
02919
00411
02528
00575
00575
04564
02114
07084
03414
02404
04077
03451
07080
00140
03585
06147
02013
02015
04763
06162
06167
03088
03474
07175
08997
02455
00864
00101
03406
05844
07003
03427
07043
05837
07157
07090
07121
02996
09181
07089
03406
00674
01759
08218
02407
02406
03328
00973
02453
02456
02454
03556
06958
03406
03406
07093
03308
06902
02002
07058
03639
07218
08714
07234
07289
02042
02042
07301
02015
07552
00252
05838
01999
01997
06889
03427
03799
06131
07301
01262
01754
03585
01092
05501
00799
02020
02018
09456
07657
06203
02038
02037
02040
07814
02483
02657
02659
07088
03406
02167
07040
02041
02042
06164
06163
03327
02013
02004
02557
02556
00782
07497
02034
07274
07276
03576
02674
08974
03613
03614
03617
02005
02004
07019
02012
02394
02396
07088
04019
02003
02044
02014
02044
02042
03522
03521
07112
03734
02556
02416
02410
03919
00526
10674
06163
06165
06166
02487
08363
03499
03327
06920
07233
01420
01142
03654
03585
01993
04761
07028
03281
02517
06969
08484
04066
07393
02668
07147
07182
03087
03406
00817
02004
00001
04079
05832
01989
02011
02391
02392
03415
02067
02063
02064
00573
04021
04023
00111
00383
03717
02047
02046
02048
07402
00425
07400
08307
05820
02450
02481
03641
01784
03561
02238
06968
03821
00528
03307
01008
02200
02198
03407
03149
08282
02939
04562
02557
03413
02418
02417
09807
02452
02463
07113
07401
02016
03803
03598
03597
02041
06165
06164
05781
05780
05774
01420
00067
03642
03637
03589
03271
06938
00799
00797
05527
06603
07001
00974
03717
02062
03406
04031
04030
04024
04026
01081
03704
02458
02459
02460
02461
02462
08364
08363
08365
02200
02200
02041
09005
07112
07160
07733
07236
07237
03558
03749
04754
01991
07287
07733
03559
07153
07020
07184
06140
03734
02197
02196
02194
04061
03408
02042
03686
03086
01868
03437
07574
04774
03599
03588
03438
03657
03110
02837
08301
03548
07146
03554
06949
00783
02835
03771
04744
03216
07462
04568
02160
02884
02860
00208
10844
03809
05808
02806
02871
03572
03466
03634
02864
03650
03517
00793
09158
01902
03687
04043
03551
03980
01845
03769
03611
03060
03656
07320
05787
11179
11073
11074
02836
03590
01921
02945
01154
07733
08591
01633
06206
02665
07738
00537
00537
10764
02457
01153
02340
02535
02115
06179
01892
18923
01883
04022
02422
03719
10806
01653
01095
05786
03789
02470
02390
10026
03621
05366
05515
00265
10914
02386
06966
02039
02346
01623
10927
10941
11749
00700
02274
01428
03584
03629
02899
02408
05589
02959
03586
02968
02954
02834
03185
07568
01057
10943
01873
06180
06181
02892
02956
01256
03544
03770
00059
01885
02994
02950
02879
07042
03181
09941
02986
05799
06187
03190
02415
02890
03111
01696
03786
00975
07560
07708
02109
00548
02931
02933
02988
04762
02621
02926
02355
02886
02965
02982
01895
02961
02874
01724
10678
09816
03624
02902
02413
02397
03073
02895
02935
02990
02878
02876
00820
03704
01925
03571
02887
02389
03473
03600
06204
03625
02393
05896
02906
03043
00764
00219
00954
01879
02888
04764
03557
02881
09980
00647
01919
01903
02427
01814
01439
03981
02455
02453
09159
06183
03587
02536
00382
00658
00164
09810
09808
01126
00322
06182
03168
02653
09160
08303
02897
06942
03495
06183
03531
03979
02356
03046
03644
00240
04020
03736
04084
00111
03856
03412
07259
02654
00631
00956
00957
01448
05559
01624
06001
00371
02305
00432
07154
07275
02192
02415
07740
03636
07167
06076
07473
02563
03648
07678
03040
03775
02556
02557
07070
07152
06720
03559
03561
06166
06165
08365
08363
08364
02014
06153
07088
04567
01679
02112
03578
03601
01756
06891
00963
03616
03550
09817
03685
02437
00426
01681
03075
03778
00925
06178
03269
01430
07114
03924
02065
02066
00349
03210
02652
03072
02275
02108
00324
05851
01953
03628
03595
02663
05365
03453
03640
00346
02343
06217
10125
01512
07277
06142
05524
07478
03801
03089
03469
05810
00347
00348
06168
03545
02199
02193
06876
03218
03609
03408
03655
01676
02469
03702
02558
03820
03553
01585
03501
03596
02992
02067
03978
02066
02065
06149
01928
10126
03565
07496
11076
11072
11070
07506
11189
06445
03386
03386
11071
01890
11069
10763
07589
01908
00627
07639
00812
00666
02476
01625
01091
00812
07645
04042
07684
12279
11731
12218
00523
02456
12340
12213
08964
12283
11892
12287
12280
10926
12284
12278
12251
12262
10924
03496
11075
11258
01894
01874
10942
07077
12217
11211
02342
07152
01153
01658
11085
11065
00166
03497
01154
11175
07862
11105
01983
11068
02111
05561
05577
05568
02433
07305
06162
03798
03798
03798
03719
00104
07661
11472
11473
11896
09880
11811
11927
11903
01652
03556
06899
10804
12982
12984
03657
07133
00620
07734
15371
12267
12206
12205
12204
12203
12282
12276
12285
12286
12281
03426
12410
07027
13292
05595
13053
08967
01907
12214
06966
13292
00655
00655
11908
11909
11910
11891
11905
11906
11901
03524
11753
11907
11904
11904
11894
11895
11717
11893
11754
11900
03286
11720
12279
07056
00602
02452
08994
11752
02474
07172
05685
01491
13038
13288
06910
13926
01079
06987
01961
09916
13788
12339
12573
05560
00529
01571
02523
07107
06415
07246
14058
07250
01825
01782
13888
07136
03655
06879
13895
02203
12573
03272
13979
03442
13590
00121
13643
03782
13634
01070
13774
13775
13776
13777
13778
13779
03796
10778
02484
02484
06985
03297
13821
13993
13993
13896
12960
13894
13893
10805
01792
07052
09516
14237
14237
02013
01113
14234
14232
01977
01977
14229
14229
14229
14393
18929
14162
14233
14232
09882
01070
13789
02825
07114
13771
13766
00121
14228
14236
14228
14220
14220
14335
14347
14219
14260
13628
14221
14221
07003
14224
14224
14234
14228
14218
14218
14218
21029
14228
14228
14230
00459
14219
14225
14161
14233
00941
14230
14445
02483
14226
14267
09690
15011
14231
14218
14441
14227
14227
14227
14225
14225
06177
01524
15035
07483
14235
14155
05565
01978
01980
01980
01980
14222
15396
14219
14230
14230
14233
14237
14219
14219
14232
01985
01985
01985
14170
14223
14540
06957
06133
14742
03324
14652
06919
01969
18928
00285
16012
16013
03087
02351
03321
02031
15012
17836
14682
15034
15257
15652
15256
07662
15633
15738
02428
15539
06999
15724
01692
01692
15577
15461
15578
04765
08086
15576
00459
01082
15778
08679
15977
15984
15977
03320
02847
02226
08364
06518
16089
16092
16088
16137
16137
02043
02044
02041
02042
06166
06165
06164
06163
05781
05780
06162
05774
06167
07483
07483
07483
07483
03406
07486
06196
11904
11904
00690
00690
08997
08997
02042
07497
16052
10716
16087
03320
19164
09815
10025
10022
10024
10023
07038
11071
11070
11069
16264
16079
16291
03321
11959
11960
11960
11961
10038
07122
11961
09691
11959
11962
11962
11963
13693
02042
02044
11963
00799
16137
02303
16872
02003
14225
02030
02030
02030
02030
02030
01175
00380
00380
17247
08992
17103
17218
17713
01990
01990
07576
01992
01992
01992
11072
17686
17686
01533
19789
19745
00254
07080
18138
18138
03585
21430
18139
18138
03585
11904
00138
18369
18369
18480
08744
18640
18691
13693
13693
18842
07171
18800
18916
18916
09892
18912
18850
10747
18916
03496
19055
03976
03526
18990
18979
18997
07746
19170
07448
19163
19058
19221
19416
19344
01992
04771
19342
19345
19302
00638
19337
19302
19339
19340
19341
19577
19713
00992
07315
19696
06132
00995
19804
19810
14731
09796
20034
20034
01139
20266
09788
01977
20455
20444
20534
07344
20881
11751
20974
21007
21008
21006
21010
21011
00840
21071
01768
20973
00823
20977
20978
07689
21024
21025
20976
21009
21012
21218
21420
21470
21563
07334
21498
21738
21495
21645
21748
03325
22105
22132
22292
17758
17759
02257
00611
11206
11391
22452