08744
07029
07016
01992
01992
01992
01992
01934
15510
19302
05606
16786
16787
12349
01006
08884
22476
02036
03574
07171
16013
16012
03297
01966
00057
09767
00763
07282
06996
09122
02066
02066
07133
03500
01783
11752
00793
14652
00794
03703
06958
00134
00927
01803
03075
01057
00036
00615
02259
03568
02575
01738
00640
01129
01880
04069
00330
00331
00332
00333
00334
00337
00338
00339
00340
00341
00342
00343
03924
07133
01151
09456
02616
02950
02992
02355
02358
02946
02906
02926
02892
02886
02965
02890
02982
02878
02904
02961
02874
02895
02931
02954
02994
02933
02881
02988
02907
02876
04773
01870
02346
03101
06180
06886
07124
02337
00631
01754
01236
06044
00833
01935
01012
03517
00278
00767
02340
02237
09710
00969
00147
04756
01950
00931
03979
02899
02888
11103
00940
11754
01873
03752
00175
00174
03544
01358
01358
07228
03070
00943
01251
00496
01809
00067
01673
01588
01589
03524
06287
02426
00965
00849
03581
03582
03583
02913
03073
02601
02867
02863
00574
00574
00574
00574
00645
02864
02935
02065
03043
03046
09014
09015
09013
11717
01681
03924
01772
09165
02805
03584
07042
09761
03686
03705
07086
00390
02045
02047
02046
02048
03596
02968
03657
03426
03657
02361
03088
00800
15911
21431
22316
00872
03628
02909
02835
02493
03589
01924
02563
03588
01925
01000
01929
01928
03587
03438
03925
01626
00655
00766
02276
02275
01953
01921
00057
00937
03530
01704
01703
00052
02069
00053
01653
01652
15977
02434
02435
01972
00566
04487
12140
12141
02902
03271
03273
02355
05343
02037
02038
10979
01810
03657
01903
01902
11175
00602
02911
03282
02471
01652
03070
02437
08999
00281
06978
01638
01430
01429
01428
03188
03189
03190
03885
02020
02018
00231
01599
03684
01662
00886
03086
07058
00322
07738
01356
03665
02518
01790
01666
01652
00697
02066
02066
01652
03687
03686
01939
06213
01624
03975
07141
07402
07402
09165
00762
03695
08289
10764
03885
00252
06966
00796
01246
00975
06978
03088
03117
03284
00024
03432
03433
00765
11738
06153
02221
09772
06997
05810
03531
07089
01433
00954
02313
02338
03629
02470
02469
08641
00161
01738
14267
03637
03639
03704
00831
03321
05896
06024
06178
00945
03977
00074
02575
01114
07478
02003
07001
01876
00077
01892
00759
03074
03072
03210
03551
03550
01159
00797
08681
10805
06215
00275
01491
03216
01087
01662
03527
00574
14161
01951
02291
00240
00239
00362
00363
02231
02232
02575
02016
02575
00600
07175
03602
03601
03527
06942
00036
01720
01647
00549
01194
07133
07001
08281
05813
02834
02519
07742
02600
09748
01881
02302
02224
00116
07241
07010
01915
01265
00099
09799
04095
02341
03168
03704
12510
02283
01895
10773
09959
00382
07110
01637
00074
00574
00574
00075
06895
01524
00286
00574
02492
01749
02108
02110
02109
02111
02115
02112
02114
00790
13529
05838
00688
00763
06891
01776
00989
02078
00865
00768
02233
00826
00605
01255
00658
07071
03801
03644
01915
00982
01915
00606
09990
07164
00817
02227
00163
00645
02078
00111
03522
03521
02013
01079
02016
13979
02346
06200
15977
06199
06199
01644
01875
01126
04564
02553
00266
01628
03076
01265
03088
00140
01945
01756
00013
00817
01693
02501
02500
07300
03564
01657
01609
01696
01695
00873
10805
00426
00425
02945
00859
03702
03701
04567
02520
02916
02887
03437
03545
01808
01256
06886
07107
15371
00631
06966
00627
00162
00161
01644
01969
01029
01028
03724
02039
00111
06949
03281
00324
00324
00325
07107
02066
02066
06911
03088
05349
02003
00963
03750
03790
07056
01665
01874
03424
02528
00919
01056
02897
00948
04042
03723
01689
01524
07667
07646
01546
01547
01548
03594
01915
07560
08972
03782
01637
01778
00791
06168
03565
00995
03466
01714
03427
09927
01061
00215
01666
03655
02902
03648
00946
09129
09957
05846
05846
05847
05845
00817
00459
07735
01869
01858
02990
02963
02939
00031
01752
00600
02003
14155
00528
01647
01647
06996
02168
03322
02040
02037
02038
02040
02036
02040
00705
07507
03885
00995
01868
14415
09771
06916
03088
04077
04078
03789
06925
01775
00820
03431
02996
02871
03466
06173
02879
03040
02986
02948
02952
02919
04719
01126
07238
01304
01494
00012
00973
14260
11738
04043
12410
00370
00371
00373
06207
00318
03088
03820
07113
01061
02963
02954
02913
02902
07006
02230
02229
06042
03088
05895
05936
03118
03116
06941
00981
02838
09903
02357
02967
03733
04096
07391
07460
02379
03470
03100
02884
00554
02860
06960
02959
03106
00990
04751
03320
03110
03529
01512
03685
07040
01738
09117
03924
00864
07008
01919
00133
00928
01649
06187
09747
01448
00574
02343
07001
06937
13542
01698
01845
07399
02548
01911
03306
01661
02551
03183
03799
09136
02825
00609
01465
01956
01955
01591
00942
03060
13038
00789
04066
00604
03820
03306
01521
14155
09925
04079
09781
03664
09811
09812
02836
00528
03639
03637
03636
03980
03088
00384
03671
03501
03217
08998
03536
02914
01923
01354
01952
01952
03710
00382
07223
01952
00764
01933
06980
02036
02039
03921
01889
01890
00145
00620
00930
00611
03402
01940
01755
03652
01866
06442
00858
03631
01937
11737
07124
06915
13288
03564
00997
11533
01584
03625
02356
03786
01735
00891
01736
02654
00014
07082
07447
01872
00382
00761
00242
00239
00240
03637
03639
03088
01443
07058
01867
00031
01740
00641
01687
03439
07001
07001
01697
03624
06888
11068
09166
11065
14652
07044
00259
00259
00459
00962
02956
11753
06978
15342
03218
01883
01770
00991
07736
04485
01673
03575
03696
04567
03525
01579
01918
00950
01633
00796
01495
03798
09807
00760
04075
07259
13788
00925
00788
03154
03149
07020
00941
03147
01142
01462
06048
07157
13525
01613
03750
04077
03088
00574
09701
05592
08296
02034
01673
00957
00955
01887
01586
00003
01733
01897
07171
15981
15982
15983
04652
04652
06976
09153
01784
06877
12429
07386
06860
01596
07048
00135
00059
00666
01692
01692
00626
12503
00666
01692
03709
03177
09002
07067
01507
01664
01259
01796
00626
01782
00058
00854
00939
00121
05917
01607
01814
01817
01092
01496
09146
14340
05522
15781
01692
11263
00666
06902
11263
03090
03918
05522
03932
06177
03918
06994
02004
07054
03768
02035
08256
06945
07131
14162
01692
07025
13787
13787
10843
03635
01823
00666
14335
00387
00598
01692
01692
01796
06994
01724
00374
15525
11779
00219
06994
00294
03929
02077
13540
00595
03727
13573
07258
10563
02342
07009
01243
01965
07669
07653
08372
02351
07245
07031
01577
00088
00033
02017
13953
07052
07305
01692
03499
03499
10563
01092
03087
03709
05794
02067
02067
02067
02067
00059
05337
00666
01692
04093
03405
01692
07304
01104
00666
02067
02067
02067
02004
00805
01478
00666
02428
09009
00626
00101
04093
08178
06910
06910
10533
00619
16046
16046
00626
04073
00626
01692
00626
00059
06986
07077
07052
02619
01011
15520
01515
04763
00545
03783
01488
00758
01489
00241
01724
07258
00652
09118
02004
04750
01962
01963
01692
11159
00626
00076
14743
03333
00088
00088
01409
01580
14743
09764
13640
07161
03518
03519
00674
01439
00666
13693
07442
08981
09167
03593
02025
01616
01523
00548
15526
01082
06910
06994
01958
07030
09966
04517
14953
01692
13571
13570
13527
00626
01719
01469
00666
14743
00867
01679
02446
00033
00626
07052
03294
00038
07028
02025
01692
05816
05815
05814
03404
02348
06196
00772
09931
00666
02549
12583
00805
00153
00389
03316
01011
06889
00121
11608
14949
03153
06994
01692
01322
06147
00803
01724
01011
00970
06346
03891
14941
01885
00058
02433
13686
12437
06147
12428
13687
14136
02035
01854
02033
13787
14952
06994
13671
13668
02342
03889
03890
03932
01692
01692
06994
00101
01424
00244
00247
06994
00652
02238
07161
03386
00852
00547
03455
07654
07670
03294
11212
12234
01011
02067
02067
02067
02067
14954
09762
00616
14339
02025
00819
00819
00027
01619
15521
07768
07776
01784
06994
00567
07503
00626
00700
02428
01909
00059
00856
01104
03386
11609
11609
00803
01692
02274
03647
01835
04518
04477
14743
14743
06994
03711
05602
00274
04488
01692
07114
11610
11611
01847
01847
07588
06994
04788
00784
09118
07177
00508
01692
00845
07052
02361
03088
00800
00508
03724
05522
03932
01130
06177
02039
00111
04787
04789
04791
04792
04790
16146
16147
16148
16149
16150
18956
18851
18958
10716
16045
05898
16048
16047
16049
16050
14232
07045
14232
14235
18955
02067
12444
12443
12951
12423
16168
07655
10215
01978
01840
12434
12435
12439
07672
12436
14698
02067
02067
02067
07482
02067
02067
01840
16167
16167
01834
02480
01179
01179
01179
01207
01977
07671
16191
16192
00622
16193
09144
16370
14218
11735
16233
14222
00392
03893
16653
07171
07171
12433
07682
12422
12427
12441
12950
03520
16645
07656
12440
13419
14699
12430
12953
12426
12955
11385
12421
11386
13669
04793
12949
12949
13572
02554
07684
12954
02484
02484
01239
07250
01985
12431
12432
12956
07695
11628
12424
12442
12952
13670
14955
16652
16650
16647
16649
16648
02851
00561
16906
16907
02030
11387
14220
14234
14228
14228
14228
01980
14237
16785
01426
01426
14233
01426
01426
00966
11991
00951
00265
04781
16870
01426
03922
16905
14223
14233
14229
14224
14219
14218
14224
14228
14232
14237
14230
14225
14219
14219
14225
14223
14218
14233
14228
17218
15035
12445
15581
19311
01990
14233
14219
07045
07045
14236
14230
14231
14226
03574
17103
01897
02484
02484
15580
15582
10112
14229
14237
14230
14225
14234
01990
01990
01990
17484
17483
14234
14221
00384
14227
10112
01739
17811
00344
17836
01130
01130
01130
12574
00254
02026
02026
02026
03767
00529
14337
00020
00128
00128
00128
00128
00128
02027
02027
01187
02027
02031
02032
02031
02032
00257
17947
00344
07493
07493
07493
07064
07064
07064
07068
17883
07068
08351
00249
00897
00104
03719
03719
17840
11159
21688
00138
01154
06949
00382
14728
07486
03742
02067
18481
18481
18481
18481
18481
18481
18481
18481
18481
18455
18472
00681
00681
03574
22311
18554
18688
07068
07497
18687
01990
01992
21672
07171
18917
18955
18913
07171
07171
18955
07481
18851
07171
18851
10747
18894
01971
18955
18911
18912
04565
03497
03496
03496
03111
03496
03111
03496
07496
07496
07496
07496
07497
03325
03741
07481
07481
07481
07481
03822
07064
00335
03761
07064
07064
02483
00249
00249
07064
06893
07064
07485
00249
00249
00001
00001
02113
02109
07493
07496
02483
01822
01046
07497
07493
07493
07493
01768
01768
01768
01768
01768
01768
14215
07496
07064
00336
07064
07100
01436
03892
07064
07064
00344
03976
03976
08095
08095
12132
07450
07481
07483
00370
03526
07493
07448
08299
07746
19092
19139
00273
19221
19138
06893
07064
07064
19093
00798
19158
07064
19140
01865
19159
01710
01710
09951
00135
07064
07064
19094
11752
03722
07496
01992
07065
00091
07486
00245
00246
07485
07064
07492
07496
07065
07497
07486
07098
06881
15856
08884
19686
19686
19687
19687
19710
19687
19686
19686
15510
12132
12132
20074
20467
03553
02316
06217
22552
03636
20469
20497
00525
00525
20470
20466
20468
05375
01214
07100
20814
21059
21071
21140
21014
00821
21147
21199
00526
00526
02335
07465
03465
00287
00560
18955
01520
06191
02314
22468
21302
05364
21142
08884
07027
07054
07133
06954
08884
00632
21147
21148
03636
07133
21200
21310
21397
02483
03651
21473
21474
21401
21481
21687
21600
21600
10914
21608
21691
21672
21686
21689
21690
21884
21885
21886
21929
21887
21961
21992
22010
21962
22027
00936
00936
22044
22107
03595
22108
17758
17759
22297
22306
02257
22336
01563
13775
21495
13775
18688
01563
01563
22295
22298
01551
03181
22303
11206
07141
00728
08300
08301
07566