04047
01784
00625
13953
15771
14234
01840
03484
06183
01916
14229
14228
14233
02057
02056
01990
00065
14224
14230
14228
14219
14228
14218
06024
03687
03705
02835
02493
00615
06959
03778
04096
02899
02888
04096
00850
02041
02044
01118
03979
02039
02036
02040
02834
01839
07058
02434
02433
02435
06179
07304
02863
02867
12574
03218
01883
01624
08602
01887
00926
00611
01478
03703
00161
00162
00627
00382
02996
02871
09761
03531
03438
03925
03499
05879
05878
02939
02314
00763
02963
03111
03168
02346
00969
06178
00927
05896
00655
00997
01885
00873
03978
00954
00925
02959
00554
02884
01491
01873
00783
03495
02337
02335
00859
03346
11144
00604
00134
00857
02986
02909
11065
06976
01854
02967
02357
02356
03625
04488
02114
02112
02115
02111
02113
02109
02110
02108
09760
07271
01892
01868
01867
06213
03070
01727
00874
01625
03210
02744
02746
02745
01815
00942
06949
01783
00558
00600
01890
03648
01889
07478
00995
00558
02238
02340
02935
03043
00558
00874
09976
03744
03282
10563
03784
00756
01619
02968
11070
11071
02911
03550
03551
12257
01810
01507
01880
02316
03086
02564
01443
07106
06131
10546
10548
10547
00845
01870
08483
02821
02822
03475
03151
09762
02520
02916
02887
00566
01872
07447
03624
00760
00761
01869
01338
01482
03657
01893
11189
07030
01808
01126
02946
02906
02926
02892
02886
02965
02890
02982
02878
02904
02961
02874
02895
02931
02954
02994
02933
02881
02988
02876
03076
00939
01265
02518
02919
02952
02948
03040
02879
03075
12573
01874
07305
03177
11753
02956
03553
09769
01462
03437
03216
07095
03664
03439
02469
02913
01151
06942
02112
02111
02601
03073
00789
01255
03595
01489
07042
02313
02338
01914
03650
07386
03424
02528
00948
03501
09748
02600
07742
02519
00759
01689
00048
01493
03152
03763
00981
03525
07043
03686
03744
06925
01409
02358
01937
01866
06878
02622
03529
03685
03621
01259
03106
03470
01197
02355
02992
02950
06180
01153
01154
03427
02026
02025
12373
10112
07056
02341
00943
06187
09747
02343
03671
02503
00526
03647
00525
00287
00560
06223
03217
03536
02914
01875
07271
03800
02440
00111
00864
04567
02003
03798
04075
01056
03581
07240
03700
03530
02621
01255
03702
03701
06023
13292
00384
03778
02902
01809
02470
09787
03110
00945
03977
01972
03671
02838
09903
01881
02078
00057
03545
14228
14235
01262
14234
14222
14227
14220
14233
14223
14231
14229
11072
14237
14232
14230
14238
14236
01187
14234
14219
14219
14225
01537
01985
01985
01621
11069
01977
01977
14230
14221
01174
01155
02945
14226
01983
07586
01980
01980
01200
02034
14233
02803
02804
03215
14540
18581
15582
10823
15581
15583
15633
15581
15582
15460
15580
08316
00128
02777
02778
02779
03101
03892
01838
15583
06881
10716
11051
15772
02037
02038
16786
16785
16787
11050
10823
01978
15035
06881
01992
01990
14219
10112
12574
07317
03470
03584
00571
12132
12132
20074
20306