02338
02313
06878
15771
14233
14234
01866
14229
14218
02440
01916
14219
14228
14228
14235
14222
14225
14227
14223
14220
14230
14236
14228
14234
01985
01259
14237
14230
14232
14233
14233
14238
01990
11069
14224
14231
14221
14230
00065
14234
14226
14225
14225
03436
02945
01200
15383
14540
18581
15582
10823
15581
15583
00763
02876
02988
02881
02933
02994
02954
02931
02895
02874
02961
02888
04096
02935
02864
04075
01056
03581
02939
01151
03671
03703
01223
07133
03655
06959
01937
01870
03101
02503
03530
02237
00057
02528
03424
03650
00134
01874
12573
03075
00942
06949
01783
02902
00384
13292
01883
03218
02913
03073
02601
03501
00948
02835
02493
02078
02343
09747
06187
00943
02341
07056
02057
02057
03671
03664
02470
01875
02914
03536
03217
00615
00995
12410
03439
01153
03427
01154
01154
01154
03695
03763
01881
02913
02867
02863
00981
02003
03798
07316
15633
03925
02967
02357
03657
01893
06213
01153
01154
03427
04095
01815
02746
02747
02356
03744
00604
03529
03685
03621
01839
02340
06942
00963
02904
02878
02982
02890
02965
02886
02892
02926
02906
02946
09769
07043
01118
03625
02768
02769
02770
01876
01892
01154
03040
02948
02952
02919
02518
01265
03076
03151
02911
02034
02956
02950
02992
02355
00789
00382
00627
00162
00161
02337
02838
09903
02040
02036
02039
01255
02968
03470
06180
07240
03210
01625
00874
09760
01338
01869
00761
01972
01803
11065
07058
03977
00945
06178
00969
02346
11717
03778
07088
02871
02996
01624
00873
03978
00954
00925
01914
01689
02358
06925
03106
02108
02110
02109
02113
02111
02115
02112
02114
03778
01255
07133
03702
03701
03043
03046
03168
02990
02963
03550
03551
12257
11753
03152
02469
02986
02909
03705
03687
03282
02520
02887
03596
02042
02041
02044
08591
07133
07133
01810
01880
03086
01443
00927
01867
01868
00756
00850
03979
00760
03624
07447
01872
00566
01887
00926
00611
09761
03531
03438
04567
03078
03800
02600
02519
00759
00859
01808
07042
03215
01462
02622
02621
07095
04043
07478
01889
01491
01873
03601
03602
01154
03070
03110
07133
02959
00554
02884
00783
03495
03648
01890
00600
03686
00997
00655
05896
06024
02435
08602
03545
03216
03437
15581
10112
13953
03700
02238
06023
02056
01507
03499
01788
06201
01372
06147
06147
02745
07030
09762
01537
01885
00882
06147
06147
00939
11189
01992
02025
03784
04488
00625
01409
06976
09976
03177
10563
02564
01619
03784
01478
08483
07386
07586
11071
11072
00845
07048
03475
02822
02821
03077
01784
11144
03346
01489
01262
09787
06179
02433
02744
01727
15582
15460
15580
15583
06881
10716
01838
11051
15772
02037
02038
16786
16785
16787
11050
10823
02778
02779
02777
02778
02779
14219
02803
02804
07271
07271
08316
11070
06881
01990
01990
01990
14219
14228
01980
01980
01977
01977
14219
14229
10112
12574
02026
00128
12574
03079
00558
07133
03551
04096
03550
03550
03551
01810
07133
02564
02834
02899
03784
07133
03551
03550
04096
02879
15581
07133
01887
00128
01155
07497
03470
03111
01992
03584
01156
01621
00590
03655
12132
20074
02529
01174
02316
06223
02314
00558
03553
00857
01493
02021
02335
07497
01176
01176
03595
00590