07045
07045
03560
15772
04771
00632
03100
11741
17686
15681
05982
09019
09767
14441
03634
00556
01738
00640
07160
04756
04047
01247
06147
12454
07071
07566
01772
06195
06044
01620
10773
01462
04066
00963
15257
14415
03657
03088
00975
03500
01681
00931
03665
00057
06152
03088
02313
02914
03536
08998
03217
03650
04773
07552
03495
03501
05982
06076
02557
02111
02113
03327
15342
07000
03924
01061
04760
09125
03821
03088
09127
09000
03924
07107
01737
12267
01091
09957
07157
01950
01999
01997
01998
01995
01996
01975
01881
02011
02012
00343
00684
00703
00275
00231
06941
06169
01935
01012
04485
01484
02517
00012
00675
08998
00797
01611
06999
12995
03723
01438
01738
01061
00528
01070
00432
01265
15256
03408
06200
06330
02115
02112
07798
07787
00428
03088
12524
02114
06886
13771
00425
00426
01810
03705
13745
00864
02003
03928
00228
03088
09164
03088
01265
03565
06996
02669
03833
07101
00263
04083
07259
07560
05808
03092
00946
03408
03413
03407
03410
02013
02015
02016
07225
03088
03687
04043
09710
00783
02237
02016
02015
02013
09774
11719
04047
08976
14645
03724
03190
01428
03188
03189
03832
03561
03547
00036
01057
03089
03717
13057
07403
02011
02012
02469
03648
02283
04046
02557
00648
07088
06861
13057
03088
07112
07112
00809
03786
00604
04079
06959
03088
00820
04042
07391
03885
09986
03530
03704
15987
00826
02899
02888
02434
02435
03466
07444
08591
03832
03562
02363
03686
03580
00453
08776
00428
02020
02018
15012
15011
15977
03413
03407
03408
03412
03407
03408
00318
00428
01579
02986
01007
09779
03569
03412
08482
02106
00812
01236
06131
01912
01953
07454
00375
02672
01870
00655
03820
07282
00761
00140
07099
03549
06886
03790
00833
09919
01055
06131
07289
07090
01938
11939
03281
00763
03778
01775
02517
00948
13288
02003
03750
03752
03564
01207
08482
05591
03924
07082
08995
01961
07090
07574
00979
01937
01627
03270
13993
01079
00334
00764
06180
00339
00340
00341
00342
07071
02016
02015
02015
02013
03088
07743
03704
09120
01673
14415
02834
00382
03832
03561
02470
02065
02066
03629
02338
03088
08309
03088
12573
01920
07154
15977
09761
13051
05520
11717
09015
06894
09934
03832
02259
05847
03799
06942
02109
02110
02108
01845
02553
03426
10026
07461
03771
00097
01858
13777
13778
13774
08995
03088
14415
00937
00615
01462
03745
00111
03088
13979
01256
02669
01647
06974
06213
13292
03101
03101
09122
00648
09013
09014
01999
11434
03088
02687
07124
01556
01915
02291
08304
00995
07154
00453
07152
09989
09807
09456
07507
02902
02913
03564
02954
02503
06958
15778
11065
00789
01251
09858
06153
00799
00819
06889
07397
13787
07098
03406
00135
02116
09121
00674
07167
01439
01724
00241
02806
00845
02004
06883
01507
03406
01885
06976
01596
00652
01760
02010
14048
00033
03281
00873
01783
06940
04488
07263
15067
00452
00486
00059
09844
06910
00059
08981
07098
00830
00666
00626
01782
07098
03743
03406
00575
03406
09697
09696
03711
07504
00799
01322
02017
07114
02010
00647
01966
03406
00666
00784
00851
03333
02371
01759
01262
13953
02049
02050
02051
03177
05712
01477
07127
09930
03781
01752
03320
06871
01091
07141
02276
02275
07152
00185
03724
01657
06888
01921
06885
07243
09990
03919
09744
09936
07058
01586
01714
00215
00950
06041
03521
03522
05366
01591
03117
03118
00641
10778
03113
07568
01524
09457
03832
03924
03671
09800
07278
00705
03652
03088
00673
01637
01638
01358
06131
10773
03828
03089
15012
15011
01870
01695
01696
01817
01609
00766
03088
03313
04079
07444
00655
03413
02837
01299
03684
14058
02044
02016
03704
00658
00164
00208
03413
03412
03694
06891
09919
06920
08641
01040
00823
08963
01628
11085
00575
00799
07017
00803
01113
07051
01992
02433
09981
03560
02674
13573
05712
07343
00666
03386
06147
05794
00799
05844
07114
02004
02004
06023
01488
00647
00456
07263
06902
07393
03793
00598
00575
00121
07304
06147
00575
00647
03455
00059
06898
02033
02035
02793
02795
11189
08483
10112
22278
00845
06979
08309
04771
15653
01674
01679
00232
07098
01039
00294
06889
00772
01426
00666
02564
03856
07032
07017
06177
01259
02014
01278
03478
03932
07019
00799
02274
00184
00772
10563
00616
06179
00058
01466
00294
13482
01252
07171
16329
04771
01884
03321
01130
15725
01835
04765
03574
02032
00030
09065
15633
03929
15738
02428
10747
01082
02031
15634
01046
14231
00148
07214
00249
07588
01847
01847
03469
03784
00383
00867
03649
07117
03455
13049
02348
07120
00380
07305
15726
15727
15727
09764
01692
01297
01092
01784
00548
01322
02035
01262
01692
00966
01409
03177
01989
02533
07508
06013
06883
02533
06180
15725
00459
10187
02519
02337
03116
01126
03797
06203
03500
02558
01991
06187
09747
02343
01875
03654
03630
00384
03637
06929
07001
03575
03424
06969
03657
02871
02996
02669
03565
05807
01008
01448
00989
03545
01358
03544
01338
02034
07735
07390
03088
06969
01697
07102
09005
03216
02528
00606
01918
03664
03600
02834
02956
00962
01756
01923
11906
01754
00261
05592
03089
08303
00688
09786
07180
07447
01919
01872
06287
09748
02600
07742
00322
06178
06894
05367
06330
02405
03222
02416
03226
02420
02421
02401
04061
03230
15862
03088
02000
02001
02002
11942
01893
11927
07178
07074
09933
01586
01886
03669
03670
03701
00432
03088
03523
03385
01491
06911
07090
01442
06949
12524
03306
07220
05539
01284
00941
02452
00381
00955
00957
02304
00390
07044
01952
01868
03088
03564
09136
03775
02355
10217
00104
10027
00575
03333
05994
06147
15876
01507
03976
07114
00970
00567
03406
02077
05524
03856
04518
07052
02454
00939
00639
02238
07386
00700
01641
01585
07052
05994
03698
00854
00700
02427
01934
00799
01488
00088
07161
06877
01322
01958
07346
02200
06147
03406
00575
01480
01480
06864
09004
02004
02004
02005
07709
05794
14952
03153
03593
01974
03333
04763
00124
05565
05568
01692
01426
05570
02274
07114
01759
09949
00059
07657
00799
07657
14162
01784
07027
00799
01104
07098
00799
00575
04488
13628
00938
01597
15727
00869
00054
01823
02004
07098
03711
07315
00626
01719
02454
01515
03325
00389
07032
03316
01480
02446
00374
11085
00721
05595
00575
07114
07114
01619
01784
02665
02653
01974
08680
05712
01478
00059
01081
00700
01782
01885
16267
01489
07117
02056
10112
02342
07019
03499
03498
01507
01424
01039
01641
01897
10716
03224
03223
07464
02551
02548
01911
00031
00024
00239
00240
01903
03781
13038
07240
03543
01356
03787
01689
07107
00767
01873
01711
03088
06915
03321
07715
08995
03640
00773
07058
01790
00973
00067
09795
03088
06442
01662
13789
03602
03601
12511
12510
02279
03088
00185
00428
07113
06969
00865
03210
00773
07568
06381
00942
00912
12989
02527
00748
03588
01925
01000
01929
01928
03587
03438
03925
02968
01869
03413
03412
03408
03408
03407
03413
03625
00794
00793
11752
07738
00600
03924
01483
02036
02039
00720
11893
11892
11891
11890
11910
11901
11900
11903
11905
11896
11895
11907
02057
02057
06204
07164
01154
03427
01153
03106
09800
01961
02160
02356
02666
02662
02654
02667
02668
02669
02652
03529
07282
02835
02493
00790
03088
02535
03551
03550
01159
14415
14414
03799
09959
06412
00948
02897
01056
02990
02963
02939
07010
00788
00500
07014
07516
01142
05366
00261
03687
03798
01712
01468
06925
00997
03474
03431
00796
06911
06911
03798
04075
03814
03556
03704
01083
08296
06202
02838
09903
02357
02967
03070
06968
03631
00759
02167
00954
00858
01599
10255
11208
00797
01807
06180
09768
00406
09792
11068
00655
04568
02160
01961
03531
03590
03589
01921
00075
01924
02563
01915
01951
03628
01972
01512
08301
07058
05788
03230
03229
02420
03226
03225
03222
07337
08307
01173
02003
03969
00756
07335
03110
01921
03797
09811
09812
01776
03562
03832
03641
01524
11753
03439
06176
02970
09117
03086
03665
00074
08679
03703
09804
06997
06287
03770
03570
05515
05837
03671
02492
01749
02445
00161
00162
00627
03924
03628
04773
02470
02469
06996
03088
02462
02461
02460
02459
02458
02676
09005
01589
01588
03621
02346
06180
00806
00981
11749
03642
00133
00943
01126
03517
03305
03305
03701
13529
03408
06133
00860
00363
01495
03086
03116
04096
03168
04094
03733
01419
03667
03579
03218
02913
03073
02601
02867
02863
02283
04074
00077
01040
13993
06160
03735
01661
11068
01676
08482
09781
04088
14170
01991
07275
00640
00788
03149
03154
01273
03284
06969
07018
14645
00631
01887
02457
02456
02456
02455
02452
03592
03568
02204
02994
02933
02881
02988
02907
02876
03076
02518
02919
02952
02948
02986
03040
02879
00655
12410
06158
08309
03704
01042
04562
11749
01895
03470
03500
06207
00954
00812
01955
01462
07443
03624
01939
09166
07736
01883
03702
03701
01745
00928
02237
03088
07053
00809
01953
03558
02347
03638
09117
03832
00457
00451
01902
00940
06941
02341
02340
01874
03424
06969
07137
00901
00134
00927
01803
03075
01890
04764
11921
01652
07478
03594
00602
01945
11720
03088
09816
15726
05343
11731
11103
01866
09769
08482
04487
00826
05810
02066
02065
01613
01892
00791
00859
03978
05801
01491
00297
00605
02437
00281
00133
01951
06168
03215
02864
02935
03043
03046
03584
00847
01878
01879
02278
02280
02456
01951
10805
03453
03775
07502
06178
06024
05896
01867
07402
07148
10773
02275
07347
01448
04087
04760
07175
09158
04043
06204
00266
06140
03101
03101
02584
06176
03088
00303
07124
00655
02199
02198
02197
02195
02194
14161
01338
01448
03686
03789
02950
02992
02355
02358
02946
02926
02892
02886
02965
02890
02982
02878
02904
02961
02874
02895
02931
02954
03407
03408
06871
00860
06180
03089
03924
02906
01266
01921
01698
09965
06911
03655
00573
01733
14652
00943
03088
03524
00641
00876
01738
02003
00969
07456
03657
12573
03750
03801
00627
03644
00382
11755
02500
01693
01814
02501
00817
00013
00765
03639
09940
03147
14445
03408
03407
02902
11175
01933
01963
11754
04744
00338
00337
00333
00332
00331
02959
06960
02860
00554
02884
07460
07056
03980
02945
03168
01283
03704
00156
02909
03412
03640
15977
01129
01868
02916
02887
01889
06160
09862
01626
02361
00216
15726
03088
05589
00166
00167
01595
07323
14267
01640
03685
03977
07502
00995
00278
06966
00762
01029
01028
02945
00074
04773
06978
14347
03924
01876
07462
03074
03072
07001
00123
00123
05566
05567
05569
05571
02276
00677
02372
02536
06142
07277
09808
04567
03088
02836
07042
07037
03555
03313
03688
01953
07799
02066
05592
03832
01808
09458
02078
00645
03621
02911
07040
07636
08296
01673
02040
02037
02038
01142
02045
02047
02046
02048
04564
07303
07302
03696
03654
06911
03572
08309
00945
00817
01962
01551
03926
00928
03088
08218
03060
04078
04077
11927
07238
03088
00831
03088
09930
07110
07090
01255
01669
00259
03088
03525
03088
04084
04487
04082
04044
04755
02003
05520
01778
06188
00760
03695
07148
03402
00930
01438
01755
01940
00145
06173
06969
00330
10255
00566
05788
03596
03100
00609
01465
01956
00873
01647
00800
01735
01736
00891
03183
11906
06911
16055
16089
16091
05350
16147
16089
03301
16137
18552
14232
14232
14232
16066
14235
01801
00974
01179
11645
14228
01715
16167
07038
19117
03699
01840
01758
16168
03408
16370
21430
01897
01992
01992
14225
16171
07038
00249
00249
18014
00248
14223
16264
03321
07714
05350
02025
02067
02067
05825
09817
01985
01985
01985
06415
07012
02851
13015
05845
05846
02303
01160
02193
14226
00407
01834
02066
14229
11991
03559
03559
03559
00681
16840
14219
09810
02003
07091
01426
00184
00185
07027
10027
10027
13292
02065
02065
14228
14232
14219
14218
14233
14230
14230
14230
14219
14224
14229
14234
14228
14225
14230
14237
01992
01992
01992
01992
00184
14225
17103
17103
02029
02030
14220
01990
01990
01990
01990
01990
01990
01990
14237
14233
02065
02065
14238
14218
14219
02067
01990
14223
14232
14219
14228
14224
14228
14234
14236
14225
14234
14227
14227
14227
14218
14218
14225
14221
02028
17247
01897
00951
00265
01897
01897
17218
14218
01992
14219
16922
14230
01980
01980
01990
14231
14220
14233
14233
14228
14237
03574
03574
03574
07323
01977
01977
01977
01990
01990
01990
01990
01990
03671
01992
01992
01980
14218
14218
14218
14218
04084
03671
11904
17592
15770
15771
17675
02005
06147
07114
01130
00933
00537
17758
17759
01843
12574
07577
07577
01392
07141
02026
07263
07263
03412
02027
01658
01658
03767
03767
01739
01267
02657
17752
00971
17837
01843
01183
00661
01999
02669
02672
07259
03333
08884
08884
00647
00128
00128
00128
01497
01392
13622
00647
01791
01739
07263
00210
05946
00588
03924
08884
02674
03574
00254
00784
09022
18013
11747
01531
01533
00091
07011
05281
09836
17947
07003
07003
03772
18148
00632
01617
02794
02650
02483
02477
00344
01844
01067
01575
01771
01768
03979
13572
01263
07484
03309
06867
03719
18011
18012
12339
18292
18290
00138
00647
01784
06013
00012
06180
01183
01507
03798
04043
05844
02358
15726
03544
04043
06941
06138
01480
01480
03544
03696
03772
03088
07670
03696
03696
04043
03856
04077
03153
03438
03587
10563
07714
01468
07443
00970
03408
04043
04043
01392
03687
01183
00761
12524
07712
00647
00640
03088
02454
02078
00647
03560
11893
04043
02456
07152
02456
01991
00375
11927
13049
02016
01939
00658
03561
06941
07713
07713
07713
07713
07713
00984
15856
03742
11904
18475
11904
02477
18691
18661
14225
21672
14236
03469
00571
03790
18912
07448
00662
03111
03497
03496
03497
03496
10747
04565
03496
18911
03497
03496
19055
00335
03892
14742
02663
01665
02664
16149
09951
19142
19141
19119
01851
10811
02277
07061
00798
01710
01710
00571
00571
19118
07448
00484
19076
00456
00336
01066
12349
03722
07497
07497
07497
08604
08217
19302
03722
03703
07714
02379
03545
11209
03453
08482
02277
12132
12132
12132
04771
07506
06173
04043
03641
03789
00941
12132
12132
12132
12132
09690
17362
19517
17713
00647
06940
21271
00799
02796
19713
12132
18979
06131
06131
07147
07119
07119
15777
13775
00863
08994
05770
12132
01090
12132
12132
12132
12132
07484
07484
07484
12132
20074
12132
12132
12132
12132
12132
12132
12132
12132
12132
12132
12132
12132
12132
12132
12132
12132
12132
12132
12132
12132
12132
12132
12132
12132
12132
12132
12132
12132
12132
12132
12132
12132
12132
12132
12132
12132
12132
01400
20074
12132
12132
12132
12132
12132
12132
12132
20268
20276
20276
20074
00507
00507
00507
00507
20444
09691
03392
20543
20628
01214
12132
12132
12132
12132
07003
08999
03568
12132
12132
12132
03769
01214
12132
07100
07260
00627
06889
02652
12132
20866
12132
12132
19244
01214
16554
14229
14222
00821
21071
21071
01768
01768
01768
01768
01768
01768
01768
21272
21029
08968
03636
21029
00526
01174
03791
01520
21140
00287
00560
04068
06907
01493
02315
03676
09935
06903
06217
00857
02314
06223
02316
00558
01160
03553
03546
00525
00648
21142
02335
00525
02031
02034
05375
09983
05710
21480
21420
03741
21405
21744
21572
21741
21929
21929
21929
03741
01634
01634
22027
00043
00754
01463
05275
22136
03595
14274
22132
00302
03547
08994
08994
10914
02257
22342
11206
22491
22491