06180
02112
02113
02111
02115
00625
02884
00554
02959
02879
03040
02948
02952
02919
02518
03671
03168
01783
01810
00942
01462
03495
03501
02601
02111
02112
03048
01624
00857
02867
02863
02768
02769
02770
01809
03218
01883
01153
01972
00128
01885
03111
02990
01914
03648
00615
02346
00948
01803
01840
02838
00981
00099
01990
03763
03424
03650
02341
00943
01875
02469
02470
02338
03496
02313
02914
03536
03217
02528
00919
01887
02440
00864
00111
02003
01770
00760
00615
03070
02078
02358
03685
03621
03798
02337
03800
02025
02026
03702
02040
02037
02038
02036
02039
00525
03647
00526
00560
01493
02946
02906
02926
02892
02886
02965
02890
02982
02878
02904
02961
02874
02895
02931
02954
02994
02933
02881
02988
02876
03076
00939
01265
00016
02956
03701
02357
00859
01893
00995
02025
02026
01619
02600
02519
02834
01872
02968
00604
02777
02778
02779
00131
02909
02835
02493
01808
03700
02864
02935
02911
03686
03977
00945
00791
03529
03110
01868
01892
01876
01139
01937
00759
03624
02003
03100
01507
04043
01489
00758
01619
02057
02057
02056
06187
02343
03551
03550
02434
02433
02314
02939
02963
02621
02622
01869
01372
01372
03664
01262
02913
01478
00876
03979
03073
01255
03075
00384
00789
01409
03553
04077
04078
00873
00850
03437
03151
01689
02503
02356
02967
02902
02355
02992
02950
02986
03282
00858
01867
03596
00134
01873
03978
06173
04567
01243
00382
00627
00162
00161
00925
03695
01056
01520
03101
03043
03046
02044
02041
02042
01881
04488
00057
03106
01866
00600
02871
02996
00761
02108
02110
02109
02114
00134
00927
02970
03216
01870
01838
03705
03703
02520
02916
02887
01889
02888
02899
01151
03545
01338
03657
03086
00997
01880
03595
02316
03438
00655
03439
03177
03784
01992
03925
06023
03744
03499
01990
06147
06147
02004
03152
05896
06024
03427
06967
06885
06942
06949
01118
07304
05985
07226
07030
07056
07043
06878
07447
09903
09762
03687
10563
03686
07305
08591
09013
09787
09747
08303
07042
09951
09952
09976
09769
09014
04075
09760
07478
07742
07584
03471
01893
01478
00969
11189
08483
01154
03531
11071
03466
11072
02335
11070
02340
06179
02799
02800
03346
01951
12574
11717
03530
03530
01491
12257
13292
01874
01890
06910
12573
14228
14232
14224
14225
14227
14233
14219
14236
14233
01980
01980
14229
14218
14219
14220
11069
14219
14219
14230
01985
01985
14234
14229
01977
01977
14235
14226
14228
01983
14230
14230
14237
03625
14540
14222
12574
03088
15582
10823
15583
15633
15581
03839
15582
15580
15583
10716
16509
18682
16786
16785
16787
11050
11051
10823
15035
06881
14221
14228
14234
14225
14238
14231
14223
10112
10112
18290
03462
02913
18692
07027
06147
01992
03526
07566
01154
03584
06881
21567
20074
12132
21064
18672