02838
02884
00554
02959
02358
01866
01885
02528
02914
02313
02338
02470
02519
02834
02946
02906
02926
02892
02886
02965
02890
02982
02878
02904
02961
02874
02895
02931
02954
02994
02933
02881
02988
02876
03076
00939
02518
02919
02952
02948
03040
02879
02027
02025
02026
01889
02520
02916
02887
02622
02621
03101
00997
00526
00525
02888
02899
03086
02316
01880
03218
01883
02909
02835
00859
01869
00162
00161
01881
02078
02044
02041
02042
01872
01126
00566
03110
02986
02913
01873
03046
03043
01870
02864
02935
02911
02968
03151
01868
01887
01255
00600
01808
01689
02039
02036
02037
02038
02040
02996
02871
02343
02956
02902
02357
02469
01875
02341
02316
03048
01624
02356
00761
02440
01892
01876
00864
00111
03106
02601
02913
02967
03070
02867
02863
02950
02992
02355
02990
03111
02963
02939
02314
02434
01783
01893
02056
02057
02057
03168
01867
00858
02600
05844
02433
02115
02110
02340
02777
02778
02779
02111
02113
02768
02769
02770
00384
01126
01462
03536
02109
02108
02114
02112
03647
03217
03424
03495
03216
02346
03501
03529
03648
03703
03438
03664
03700
03650
03977
03763
03621
03551
03550
03702
03701
03596
03705
03798
02337
03624
03743
03685
03925
03686
03553
03978
04043
03073
01977
01980
01985
03800
02503
06173
04567
03784
01056
03439
06023
03499
04077
06147
06147
02003
02003
02004
02004
07030
05896
06024
06967
06885
07095
07027
07056
07042
06180
03657
06949
07304
06942
05985
07447
07305
09903
03687
03496
09762
09976
08591
00789
01619
00758
01489
00948
00882
00615
00942
01810
00995
01784
01854
01265
00571
00655
00850
00873
00560
00287
01338
00969
01934
01972
00382
00627
00759
00625
00927
00945
01507
00925
00604
00876
01803
00981
00963
00760
00016
00943
01259
00857
01409
02970
09769
09747
06179
10563
04075
01537
08602
08483
11189
03531
11071
01151
11072
02335
11070
03545
03075
03346
00134
12574
11717
03530
01916
01491
12257
13292
01874
01890
11753
03595
12573
04078
14230
14224
07158
14228
14227
14233
14229
14223
14228
14236
14229
14218
14233
14220
11069
14219
14233
14230
14238
14225
14233
14234
14219
14225
14232
14226
14235
14230
14234
14237
14228
14540
03979
14222
12574
10823
15582
15581
15583
14228
15633
14234
14221
14231
14219
14219
01840
16509
16787
16785
16786
16787
16786
16785
01978
15035
06881
01983
10112
03462
18682
01262
19004
07566
06881
20074
12132
18672