09761
03304
05366
09811
07001
07340
09744
02233
09774
09861
09922
09798
03525
12297
09903
02204
03767
03672
10026
02108
09458
03187
06176
09794
09792
01890
09780
10773
09791
04082
04078
03644
07305
03801
04771
03711
08303
07337
06199
03406
03149
03153
06952
09748
02434
00826
03498
00575
01872
00859
00014
01599
00652
01012
01935
01918
00606
00674
00989
00259
01092
01465
01462
00600
00945
00800
01953
00145
00942
00951
01775
00791
00012
01610
00573
03439
00384
00796
00134
01733
01923
01952
00554
00215
01591
00569
00674
01338
00077
01953
08252
01791
00773
01525
01887
00873
01749
01409
00057
01921
00075
01000
00029
01761
00948
06013
01647
00053
01613
03100
00912
00566
00928
01915
01867
01669
00626
05951
00013
10563
06190
01652
02433
09812
09769
02199
03168
09949
09937
09931
09888
09978
09747
09800
01956
03797
00696
01129
00020
01950
01736
01338
01358
01783
00286
00930
00311
01972
00548
00564
01491
00962
00762
01778
01940
01150
01626
00990
00831
00873
00767
00428
01469
00703
00688
00975
01939
01937
01689
00031
01207
01069
04719
01772
00278
00939
00003
00858
00278
00052
06187
09768
07157
02911
05516
03723
04763
02837
03386
04079
03593
02224
07235
04759
04758
02019
02020
03321
03737
01902
00174
00175
07462
03631
06923
09007
01881
03088
01091
01703
09121
06889
07089
05601
04656
02967
02357
02838
07277
02372
01768
03474
03424
07082
02078
00059
00645
03703
03578
01256
00974
02687
02556
02557
07491
00986
00760
02358
03465
03218
01869
06920
04075
03733
02572
07112
08321
02669
03553
03466
03118
03117
03116
03517
00648
04043
07304
00382
04044
04077
02500
01586
03694
01790
01839
01139
00428
01770
01255
00986
01150
01693
00428
00134
00940
00088
00850
00640
01920
01698
01496
00641
00760
01091
00765
01953
01776
00684
00768
00788
01251
00789
03270
06041
00969
00931
01520
03527
01507
00688
04042
01945
01462
09823
00133
01740
01687
00806
00981
00099
00677
00748
00982
00943
00995
01803
00927
01810
01151
08963
01150
01356
00979
00067
01006
01933
00097
01817
01609
01866
01008
00164
00658
01006
00134
09710
09801
09767
09764
02591
02586
09790
09806
01429
09913
09859
03469
03641
03562
07107
03551
03654
01999
01997
01998
01996
01095
03106
02884
03687
03686
03522
03521
03673
07397
07003
00983
01791
03786
02527
09935
11753
02017
07088
01895
07568
02844
02916
09808
09810
02435
04758
03408
01011
07216
00575
03565
02406
02397
06603
02422
02422
00891
02909
03600
03625
03181
03926
02387
02408
03666
07390
03593
02959
02860
01737
03411
03589
09117
01991
02902
02913
03073
02892
02890
02904
02961
02895
02954
02907
02919
03584
03530
00573
03411
02597
02596
02593
01768
03704
03570
03571
07042
02570
03634
05795
07237
06891
03803
02970
03408
06142
00997
03075
03704
03409
03752
03101
01419
06207
02482
06173
01955
01879
02622
03640
03530
03795
03808
02533
04088
04087
07040
01057
02569
02568
02574
02573
02567
02238
00282
00283
03431
01868
02520
02887
01992
06949
01908
01965
07588
03593
01724
03070
00901
06204
02939
02963
02990
04651
04653
04653
07473
02339
01889
07787
01759
01738
03071
03732
03980
03455
03498
03499
00820
02114
02113
07566
03500
01714
03664
00615
03281
03657
04094
01262
03688
03567
02194
02198
02200
02493
05341
03088
03406
01897
06445
02014
03561
01480
02419
02416
02390
02371
03407
03406
03413
03977
00817
02044
02437
03701
03215
00208
00340
00339
00337
00330
03544
03545
02492
02835
07501
01754
06997
03671
04096
08591
03500
03978
07712
02116
02110
02109
01919
01768
06864
02519
07742
02600
03147
06980
04066
01755
03497
03496
03501
03495
03650
03217
03536
02501
03704
05919
04761
01649
06941
04754
01951
02427
03624
06206
01265
02405
04562
02404
02400
04488
04487
04487
07814
06213
03704
02394
02392
02392
07093
07502
02232
02189
02188
06042
05936
02224
06949
01523
07457
03585
03799
03717
00797
03969
07662
07089
03074
03072
05838
03406
00382
02453
05820
02040
05297
01092
03777
07460
07056
03406
02377
03070
06958
03092
06861
06929
00147
03979
06287
07552
07043
03808
06192
02340
03581
01420
00794
01953
03408
03413
09137
03499
09131
02221
07184
04762
07574
02956
02834
05589
08998
01126
03548
04568
06966
07483
02160
07088
07402
03613
03612
03614
03615
03616
03617
03313
03702
00266
01934
02518
01585
03806
02558
07735
02022
06148
06877
02535
01924
03588
01925
01929
01928
03438
00612
01784
06911
08714
03086
02316
00919
02897
06942
03186
08303
07391
02358
02601
02867
02863
02864
02935
02950
03572
02406
02406
03799
08304
03550
02992
02355
02946
02906
02926
02886
02965
02982
02878
02874
02931
02994
02933
02881
02988
02876
03076
02952
02406
02406
02948
02986
02879
04069
01653
01649
03596
03595
02851
01876
01885
06925
07102
00966
01649
04751
00329
00356
01992
03320
04752
03152
00957
01428
03188
03189
02836
07182
02342
06442
00615
07031
03110
03406
03407
03413
00788
03722
03789
01768
03704
05788
03892
04061
03563
02398
02386
01611
01573
05808
03408
03210
00783
02899
02888
02968
07113
08738
01790
02197
02456
08738
02039
03559
02417
02415
02389
03060
03412
11179
11180
00231
03424
03590
05788
11181
02825
07289
01784
06898
00946
00793
01808
02945
03320
09969
07220
03306
03575
03734
03179
03182
06196
02871
02996
03630
02314
04485
00764
02388
02409
02410
03665
00537
02291
05807
02313
03629
02420
02421
02401
03667
02654
02170
02169
00833
00950
01439
03406
02406
02406
02406
02406
02406
02406
02406
02406
02396
00655
03771
04744
01963
09001
00404
00405
00406
02014
02231
04761
06917
07098
03406
02849
02500
02501
07007
05810
02470
02305
03587
02343
01624
03412
02338
02342
04517
02412
07320
01695
06001
01883
03798
03470
00575
03412
02563
03043
03046
03040
03685
01430
03601
01657
02592
01142
06985
06203
05805
07147
04655
04654
04652
03406
06281
01060
03296
00111
06193
02051
07497
07497
00991
07445
06922
07039
00721
06972
08218
03684
01633
00963
01696
03760
00413
00412
00411
03216
00335
02406
02407
04764
01845
02823
00609
03406
06990
09160
08602
03070
03113
00331
00337
05567
05566
05571
05570
05569
04768
03744
03310
03271
07090
01735
07234
03089
02587
02588
06223
05515
00954
01878
07258
03412
00575
01682
01704
03412
02341
03503
03502
01448
02528
06282
03169
01572
01962
02337
02335
02112
02115
02111
01588
00525
00575
01892
00342
00338
00333
00331
03177
00343
00341
08296
00239
01961
10806
02914
03621
05788
05788
03273
11085
00602
02189
02346
02428
01644
09938
01662
03602
00615
00615
01756
02469
01875
00799
00290
03579
03424
06916
02453
01768
03530
00766
01658
00023
03821
02018
02584
02585
00763
02055
00790
04764
01493
03574
03676
01710
03569
05837
06918
00058
02227
01711
06168
06217
07037
03820
03654
03555
00382
06959
06147
06147
08305
03642
03564
03406
03407
03408
02474
03635
03750
03637
03639
00297
02483
07560
02438
00700
00700
10439
00332
06195
01057
01873
05934
02037
02036
02039
02040
02841
02843
03274
01627
04773
03799
03530
03503
02069
00324
00325
06158
03773
05788
00568
01104
01870
03770
00241
02406
03530
04764
03190
01903
09817
01159
02621
09816
09815
06204
02393
01814
02686
03531
02356
00332
09694
09695
00605
06153
00703
03183
03313
00336
06178
02536
07478
01784
09898
00973
09691
01515
07089
02448
04748
04561
02355
03427
01154
01153
00567
03628
00528
00604
03695
04567
03408
01156
01835
09690
03111
01673
08738
08738
06180
07636
11688
06039
02453
01847
00240
07657
12340
03560
08300
11749
06177
01874
00334
11065
10764
07090
02454
06179
01676
11175
10763
00333
04764
01056
03787
07708
02455
02450
01894
00812
11927
02020
02020
03530
00950
13292
01654
00612
09159
11752
12452
18138
03574
03272
07027
11384
05788
07126
00595
03524
11719
11754
07152
03496
03496
11720
02303
03455
02418
11003
00626
00615
00986
02414
07394
09951
07341
13747
02517
13598
12339
07223
13038
08309
02523
02038
00805
00620
01782
09457
13895
00797
09138
02006
13789
00955
13643
00067
07003
00024
15778
14218
01571
17230
00265
13993
07079
03342
13893
13896
13894
13993
13599
14232
14220
06147
07484
14230
14222
07483
14235
03088
01768
14225
13628
14229
14393
14219
14224
14224
14228
14233
08281
01768
09005
03605
13924
03394
13626
14225
14225
14236
14228
14233
14232
14218
14232
14234
14237
14233
14221
14234
14230
14230
12574
14228
14233
07236
14237
14219
14234
14228
00941
01978
14218
14441
14445
14237
02304
01977
01977
01977
14228
14170
04518
14227
01985
01985
01985
14231
02195
14226
01966
01524
04085
14623
01884
14219
14219
14230
14261
01980
01980
01980
14223
14267
02225
05606
12960
03324
14652
12340
03091
03086
09761
09022
15371
03321
07278
09892
01711
05540
07491
12454
03324
16011
12543
12541
12542
15342
15633
15635
15738
15724
15790
06177
15461
04765
03089
02594
08679
12541
12542
11004
15984
15987
12543
07464
07483
07483
07483
00986
13993
03320
16137
07301
10716
10716
19416
03743
16074
10680
18682
03321
16291
03321
11959
11960
11961
02008
02007
01983
02902
11962
11963
07012
01719
17713
02009
16785
07091
12454
17223
17223
10439
17226
17227
17227
07323
16922
07678
00185
00184
01989
01989
17247
15035
17218
17218
17103
17222
17224
17229
17222
17226
17227
16922
14225
01990
03671
01992
15894
01990
01990
17675
01533
17686
17758
17759
17828
19745
07263
07263
17838
06281
07814
02226
05521
18588
18691
07316
20881
18979
03526
18990
18989
07746
19119
19163
08678
22468
19117
19118
19164
19221
21694
19641
21308
19661
19789
08744
13069
09796
20074
20534
21006
21006
21009
16554
21012
01768
20978
21010
21008
21011
00821
21071
20977
21029
21029
21307
21309
11690
11689
21420
21563
07334
21498
21563
21929
03741
22132
01905
22224
11391
11206
00590
22491
22468