02313
02338
03705
01810
06131
00948
01866
03106
14233
01151
02913
11717
00134
00927
02899
02867
02863
02990
02040
03218
01883
02956
01868
08602
00943
04564
01874
03110
02470
02469
03685
00969
02950
04043
09769
02343
09747
04567
02337
01056
02911
01893
01972
00566
01872
00600
06885
02520
02916
02887
02356
01873
02108
02110
02109
02113
02111
02115
02112
09903
02838
00981
03763
03978
07301
01870
00942
02992
02355
03686
03687
01624
01951
00384
03086
00945
03070
02963
02902
02986
06967
01887
14232
14237
14222
12574
03086
03086
04488
06023
07052
03647
08483
01885
03048
02238
03784
03499
00088
07027
00016
03471
09976
14225
14219
14228
14224
14220
15383
15633
03657
01869
01876
02961
02904
02878
02982
02890
02965
02886
02892
02926
02906
02946
02935
02864
01338
03545
07447
03046
03043
00873
00850
01689
02909
02835
02493
07042
06180
02039
01890
01889
00789
01803
03596
00858
06942
01867
00761
03495
03168
01875
03798
02528
03217
01892
01937
03979
02834
02519
02600
03625
02967
03624
03152
02879
03040
02948
02952
02919
02518
01265
03076
02876
02988
02881
02933
02994
02954
02931
02895
02874
03075
12573
03664
02357
02434
03530
03977
03424
03650
14540
01939
02358
00864
03536
02914
01154
01154
01154
01154
02888
02996
02871
01255
02036
06213
00995
02503
06206
00969
02015
02015
02959
02884
00554
03671
03438
03925
01880
02968
01154
01154
01154
01154
01154
01154
01154
01154
03427
01153
14227
14233
14238
14234
14227
14226
14235
14225
14228
14229
14223
14219
14231
14221
14230
14230
14219
14228
14236
14233
14234
14218
00939
02433
06221
07584
01507
02601
01409
11071
11072
11189
01978
01840
01154
11069
02037
02038
16786
16785
16787
01881
11070
06881
01990
01980
01977
00131
12574
01154
01154
01154
03427
01154
03657
01154
01154
03657
01756
02003
02003
02013
02013
01756
00760
03763
18682
03111
07566
02777
00525
06881
00526
02316
00558
00558
00857
02314
03553
02335
18672