14236
14227
14218
14232
14228
14218
14237
14237
17238
09002
02303
00971
01692
03588
06881
00446
03704
02433
00876
00641
07152
01972
07335
06199
00773
02824
01889
01890
00850
07056
00845
03218
02567
02568
02572
02570
01443
02342
07182
14393
01895
01895
01187
01784
05946
00782
03405
01770
00275
01295
01434
01810
01610
02275
02276
02276
02274
02275
00341
09822
02200
02199
02198
01869
01494
06958
07026
02314
02939
02963
03111
02990
03787
02520
02916
02887
06381
03168
09793
13292
04042
03116
03118
13853
10778
01817
03750
02081
03337
00010
00615
00615
07246
03335
03336
00010
01687
00052
01704
01703
01652
01653
00053
01649
01649
05946
05979
00946
06024
07566
02653
00790
01507
13789
02002
02000
02044
02041
02012
03639
07571
07738
07568
02316
07277
03783
06997
04074
03665
03769
01193
00847
03820
00602
01951
00135
03469
01640
05979
01783
03784
00135
02886
02892
02926
02906
02946
02355
02992
02950
02012
02011
03594
06173
00788
03154
03149
03153
03147
00941
02050
02049
02051
07503
00620
00145
00611
08591
02016
01775
07114
07114
03924
09137
00648
00652
01012
03523
03524
03701
00931
00147
07058
03525
09013
09014
09015
05710
11717
04488
00057
00762
01591
09000
09127
02057
07120
14223
14223
14230
14231
14234
14224
14230
02056
02056
05606
02035
02549
00019
13993
01011
02902
03101
00812
02836
00384
16329
00015
14233
14232
14224
14225
14225
14222
14219
14228
05827
05826
01655
00945
00800
02529
02027
02025
02026
00690
09164
03644
03801
00175
00174
08084
00382
00627
00167
00166
00783
07104
04077
04078
03437
01955
05846
05847
05846
05845
02884
00554
02860
06960
02959
03106
06213
00759
00759
08999
02503
07107
02662
02663
02664
02666
01736
00891
01735
03786
11473
03631
09811
05808
09812
03797
02034
02033
02035
01495
00978
01934
00697
01087
09005
00943
01928
01622
01887
03703
03611
03110
01885
06153
02996
02871
01724
03075
01945
06158
00761
01791
07080
00252
02340
03568
03592
03308
02120
02118
02117
02122
02119
02121
02124
02123
01338
03544
01358
03545
07052
00031
01515
03925
03438
03587
01929
01000
01925
02563
01924
00075
03589
03590
03531
07098
03070
01409
00564
00648
01055
01999
01997
00324
00324
00325
00163
00627
00639
01585
00789
03924
01738
03775
01738
06889
00948
01338
00817
01693
02501
00852
02528
07736
06920
01737
00111
00864
03216
05831
03086
01750
06861
07001
09971
09970
09969
02029
02500
11755
02446
03559
03561
00929
03572
03555
02426
00928
00003
01733
03797
05715
01868
02616
07478
13735
00830
03686
02217
00760
01998
01995
01996
00965
00849
03637
02343
06167
07391
02025
02026
05813
07160
00185
08602
01952
07025
01952
01952
01923
01756
02337
01255
00566
03885
08309
09825
03752
07576
02039
02040
02037
02038
02036
02003
02004
01872
07447
07082
07080
01848
00384
01679
04564
01937
06168
03296
05947
00102
01752
03427
03655
07043
01752
01489
00901
07042
06217
07403
00014
07282
02335
03431
02834
07107
00231
01772
01599
04517
03856
03281
03969
01662
03629
00826
01468
01712
01996
01998
01997
01999
03710
06941
07456
00973
00067
09808
07030
03177
06178
07025
02341
02057
02057
03183
03575
06929
01916
03928
03310
03186
00991
00919
02064
02063
00949
01480
00088
01918
02669
01635
00756
02026
02025
02027
01867
05896
00626
09764
01681
03924
02355
01647
03088
07001
03100
06901
00823
03609
03608
05837
07090
03116
02017
02018
02020
01159
00060
08963
00833
03695
01126
05815
05814
05813
02233
00768
02232
02224
02013
02015
02016
00951
13282
07736
06183
00016
08982
02470
00766
01658
01657
03496
13735
02888
02899
03979
00969
09710
07460
03316
03182
00574
01749
09825
11754
00950
01633
00796
11753
01515
06877
03624
04567
05592
01118
01462
00820
03702
02502
00765
00556
02653
02652
02458
13993
13993
07228
03455
07793
07795
03975
07301
03654
03596
00013
08591
01849
01848
03584
01745
11754
02033
02035
01996
01995
01998
01997
01999
01915
03926
01057
00033
02469
02003
02004
01092
02493
06346
03217
08998
03536
00860
00958
14445
01809
02575
00374
00373
00371
00370
01710
01790
00973
00164
00658
00382
00604
01462
01839
02347
00958
07090
00390
02304
01719
00381
04486
01247
01935
06969
08884
01895
00240
01940
01755
00619
01956
09457
06883
00605
02437
00282
00283
03711
09815
02687
07088
12574
00962
02956
08976
01926
02523
00261
00261
00615
02356
02160
01961
03625
01491
09775
01129
00239
00242
00241
01611
05595
03402
13038
03060
00942
00525
01886
02034
02033
02035
00794
14652
00793
11752
01667
03521
03522
06188
07031
03271
03273
00012
07052
00997
03704
00767
03517
00278
11068
07003
02945
01939
02669
02652
07015
05810
02428
02654
01881
10773
07164
01533
08982
00294
00318
02313
02338
01689
00873
08223
08972
07642
07664
03439
02034
02033
01698
09747
06187
07131
09458
02078
00059
00645
00648
02911
07040
01476
00526
00525
01814
10563
09748
02600
07742
02519
12257
07462
01873
03593
03655
00074
01560
06888
09769
01595
00059
07397
01761
02492
01719
01480
01589
01588
07586
02879
03040
02986
02948
02952
02919
02518
01265
00939
03076
02876
02907
02988
02881
02933
02994
02954
02931
02895
02874
02961
02904
02878
02982
02890
02058
02030
02614
07459
07496
07794
01069
00249
02533
02358
03741
14237
14229
14233
00567
03551
00606
00077
06180
06442
06969
00330
00331
00332
00333
00334
00335
01995
01609
03657
03424
03151
09759
03980
03546
03547
06915
03667
01419
04094
00134
01011
10112
07442
01579
03179
04083
00954
03324
01845
03650
01512
03465
04518
03550
00336
00337
00338
00339
00340
00341
00342
00343
06916
00930
01934
03709
02835
05539
03527
04096
03595
00764
06142
03466
02609
02610
02611
02612
01895
01147
01902
01903
04485
03696
01878
01879
00133
09165
07516
01006
04487
09816
09817
09825
00791
13993
00857
02909
02825
00609
01465
02823
00797
01611
00925
01696
01695
01151
03642
01262
01803
00927
00134
03664
03529
07304
03733
01892
01876
01638
01637
01893
08681
06215
03628
00616
01870
00161
00162
03723
07150
02435
01875
00303
00259
01104
02434
01933
02026
02025
02027
02529
02012
02011
08224
04066
00940
00681
07240
02034
02035
01620
02237
02238
03497
03496
03501
01534
09763
03671
03621
05982
00655
03530
03798
04043
03687
05516
01607
02358
02913
03073
02601
02867
02863
02864
02935
03043
03046
01628
01259
06196
02194
02195
13640
00027
00024
01714
05921
00151
00074
01999
01997
01995
01998
01996
01912
06416
06973
03500
01989
07341
01996
01999
01998
01997
02197
01866
02968
03610
05515
03571
03570
06287
01619
01448
03154
01486
04768
04767
04766
00600
03977
12410
00872
03470
06925
03705
03655
03320
04751
00763
07588
01299
04773
01734
06980
01975
03553
03569
02536
02535
02372
00677
00748
06176
04075
07099
03565
01883
00549
00297
12573
09251
14645
01912
01740
07560
00058
06208
03281
09129
03564
01807
09697
09696
01874
09786
07180
06990
00859
00286
11749
00099
00981
00806
02838
09903
02357
02967
02965
03495
04565
00208
02275
02274
07090
01963
01962
06942
01776
00989
06966
14441
03499
03498
01251
07173
01243
00948
02897
01056
01921
03798
14220
06992
00847
14237
00284
01739
07214
01715
03929
15342
01897
01897
00666
02342
15342
01426
03574
02010
01992
01992
01990
15408
00632
00666
11175
00483
00104
14225
14225
15635
03215
02428
09022
01692
03719
00974
14415
05799
05824
14229
03574
03574
02001
00634
00459
01090
06415
06992
07011
01897
00020
00249
00970
02010
05828
15342
07130
05829
05830
15866
18445
15975
03417
18682
01978
14235
14232
16793
13628
19117
01980
01980
01977
01977
01977
15770
17237
16792
02033
02034
09972
07012
02851
14234
11720
02003
14230
14230
09810
14219
02193
14228
07091
00184
17239
14219
14226
17316
01990
15878
17317
17315
10823
17240
15583
01983
15879
17828
01985
01985
14219
14221
14221
14234
14218
14233
01992
01992
01990
01990
01990
03298
14228
14228
14233
14228
17865
01739
00356
00329
01720
11782
18285
11785
11783
03742
19139
19076
03574
18707
07012
07012
18928
18929
01872
19033
00754
03526
09951
19046
07464
07464
19142
19115
09951
19119
19123
19138
19114
07061
19141
09951
00798
19200
19091
00484
19140
07016
19124
19118
19125
19126
09951
01992
01990
01992
17686
19689
12132
12132
20074
18890
18889
20810
20754
20885
11529
20896
00971
21029
21142
11689
11690
11688
22044
21563
21600
10026
21600
21600
21567
10914
10914
21947
21929
21929
22136
01463
21903
22205
22187
03564
02257
17758
17759
22451