01243
04567
02314
01118
01118
02313
03495
03110
03705
03687
02967
02357
03106
03086
03703
04043
03686
03977
03530
03596
02950
03070
03695
06223
02316
02956
02902
02887
02916
02520
02888
02899
02835
03437
03545
06949
03595
02021
06442
04488
02879
02948
02952
02518
03076
02876
02988
02881
02933
02994
02954
02931
02895
02874
02961
02878
02982
02965
02886
02892
02926
02906
02946
03650
03647
03338
03337
00010
03336
03335
02968
04096
03152
06187
02341
07056
03664
02911
02884
02959
06942
02963
03111
03744
02503
02440
02041
02042
02025
02026
03475
07048
02025
02026
03671
03925
00763
03551
02356
03978
02003
02909
02863
02867
00969
06213
02058
02056
02057
02838
03499
01783
02986
02834
02519
02600
02056
02057
02057
02935
02864
05896
02601
02939
03702
02996
02871
03529
02913
03624
03217
02914
03177
03168
03800
03346
02355
02992
03784
03701
02470
00161
00162
03648
02493
03216
07042
06178
03040
02919
02904
02890
01056
03798
00525
00526
01892
03800
02108
02110
02109
02113
02111
02115
02112
02111
02343
01889
03531
01893
02913
02044
02821
02822
03438
03685
03657
03550
03077
03079
03078
06180
03439
02768
02769
02770
02358
02469
03763
02798
02799
02800
03475
02822
02821
01624
02803
02804
02564
01808
02337
00111
02777
03046
03043
03218
01883
02528
03424
03501
03536
02338
01624
03100
02435
02433
02434
03101
02621
02622
06131
03553
03979
02346
03700
01880
09903
09762
09976
06179
10439
00558
09747
09769
10563
07305
00783
04075
09761
08602
00927
01809
00627
00382
00925
00625
00845
01338
00761
01619
01810
00981
00009
00382
01443
01200
01868
01867
01507
00857
01081
00655
01409
01869
00948
01262
01873
11189
08483
01874
10441
10440
01887
01870
00134
01151
01866
00945
00758
00384
01803
00850
00759
00873
00016
01885
01783
00942
01489
01839
01265
00939
01872
00600
00140
00010
01876
01689
01875
00943
00760
01972
01174
01937
00995
00554
01126
00864
01881
01893
00615
00566
00789
01255
11072
07447
11071
02335
11070
01916
02340
11065
06024
11753
12257
00016
01890
12573
14229
14233
14224
14219
14228
14228
14221
14222
14227
14220
14236
14223
14230
14237
14218
14232
14233
14230
14238
14235
14219
01985
11069
01977
14231
14225
14226
14228
14234
14230
14234
01980
03625
14233
14540
15582
10823
15581
15583
15633
15581
15582
15460
15580
15583
06881
13292
12574
16785
16787
16786
10823
01992
01990
06881
14228
10112
10112
12574
03470
03584
01156
07317