05565
01104
05565
02428
09796
12574
12506
03654
04077
03704
00831
03657
01903
01902
00389
03307
01480
01652
01092
07107
00262
11175
08369
00602
06213
00031
07071
01425
03579
02025
02026
01433
03781
00600
10254
09695
01142
01867
02003
00240
00239
00242
00241
01489
02428
01689
03885
01754
03624
11068
07175
02654
01679
01673
02446
01809
01588
01589
04042
00948
03100
02897
01056
03723
01619
03783
00382
01251
07056
00135
03424
02528
00919
06287
03818
03524
01972
01092
02435
02433
02434
01740
00641
06999
01880
01129
02011
02012
02316
00928
06187
02343
01885
03310
00156
07058
01752
03521
03522
00140
01895
00252
06720
02838
00981
00605
00252
00773
01750
01951
00975
05522
00783
00761
08296
01596
01430
01429
01428
03187
03188
03189
03190
07241
08717
07004
02341
00943
01834
02039
07776
07736
01883
03218
01989
05832
05833
00700
06975
06988
06044
01236
03648
05916
00956
12583
12510
13288
00520
01061
03657
03711
03310
00626
00252
09384
06975
00560
00287
00133
00075
05592
09767
00528
05786
02551
07093
02549
00627
00162
00161
06901
01354
00036
01661
07085
01911
02548
07399
06196
00782
03303
09793
00259
08681
06215
01644
00151
02509
02510
05710
00817
02609
02610
02611
02612
02613
00074
01579
02618
00074
01912
01895
01756
00558
12410
01491
01647
06207
02034
02033
02035
07238
11065
09781
03517
00767
01409
03789
06925
01775
00997
00820
00867
03282
03431
02895
02874
02961
02904
02996
02871
06173
02879
03040
02948
02952
02919
02518
01265
00939
03076
02876
02907
02988
02881
02933
02994
02931
02878
02982
02890
02965
02886
02892
02926
02906
02946
02358
02355
02992
02950
03046
03043
02935
02864
02863
02867
02601
03073
06980
07090
06131
03212
09167
08981
03303
02003
06996
03453
05596
03183
02016
02015
02015
02013
01425
07107
07090
01724
03449
07112
00111
02440
00864
02314
00252
05844
06987
02939
02963
03111
02990
01858
03980
00384
03671
03497
03496
03501
06346
03217
08998
03536
02914
04768
03499
00286
03168
07146
06877
02283
10773
01895
03308
01533
01623
01923
01945
02003
00764
01933
03695
03439
03686
03687
04043
04047
06994
02619
05571
05569
05568
05567
06902
01494
03455
07088
00230
02351
07245
07156
03530
02954
02913
02902
07160
07393
00013
04762
03704
10536
02064
02063
03523
03325
07217
05596
06895
00549
01740
02348
01823
03786
06941
02552
09959
01652
00016
07032
03340
09019
00219
07729
00161
00162
00627
01644
00099
06976
02967
02357
09903
01783
11752
00793
00794
01523
00765
02500
02335
02945
00859
03702
00598
03701
00655
03703
06958
09762
04564
00134
00927
01496
01657
01609
01696
01695
00265
00266
00873
05567
05568
05569
05571
03800
01256
00975
00232
00626
00059
06153
07442
00059
07090
02909
00806
03584
01649
03595
01255
00382
00658
03801
03644
01915
00982
01915
00606
01265
00886
07738
02337
08999
02437
00759
03977
00945
06178
03496
11103
01908
01720
01937
04763
03631
00858
06442
01866
01755
03402
00611
00930
00145
01890
01889
01304
03437
02887
02916
02520
03070
01940
07654
07670
00566
04487
03499
00796
01881
07090
09748
02600
07742
02519
02834
03177
11753
02956
00962
01714
02836
00626
01028
01029
03664
06199
06199
06949
00800
03088
00164
00088
03578
11928
00135
01246
03147
00788
03153
03466
02283
03547
03546
00116
03564
01687
01443
01652
01653
00053
01874
00052
00826
06200
02113
02111
02115
02112
02114
07503
05838
00763
06891
01776
00989
02342
00946
00012
01703
01704
00790
00057
01885
07460
07391
04096
03733
09458
02078
00648
00645
00163
00033
00640
01738
07304
07164
09861
00134
01714
01462
03111
10805
01256
01808
10563
02302
00528
01870
00940
02888
02899
03979
00931
00147
00969
09710
00135
03545
01358
01358
03544
01873
02313
02338
03629
02470
02469
03497
04043
03687
05516
03695
03672
00384
09125
07795
01644
00261
00847
01875
01507
07259
04075
00760
03798
01495
00796
01633
00950
01620
01126
01142
00762
03284
01624
01637
01638
00857
01012
01939
03781
01712
01468
01745
06929
01740
07095
01895
01952
01952
01952
09858
00140
09167
08981
01126
01918
03652
07386
04567
03696
00619
03575
04485
02040
02037
02168
03293
02038
02036
03306
07220
06999
01126
02035
02034
00925
00390
00957
02049
02050
03075
00036
01810
00616
00615
02259
09014
09015
09013
07054
01803
03116
03118
03727
02237
01869
04066
00789
03060
00942
01591
01955
01956
01465
00609
02825
03625
02356
01735
01736
00014
07082
07447
07042
06217
09761
03686
03705
09940
03596
02968
02340
02238
03216
01749
01772
00231
01599
02492
07053
01262
00873
03593
03117
06966
10008
10005
03969
03312
09118
07177
07043
03426
02342
01845
01698
03311
03466
00995
03743
03154
03149
01887
01586
00003
01733
00872
00872
03628
02835
02493
02108
02110
02109
01921
07030
03655
00954
00963
07040
02911
03685
10563
02472
03110
03320
03106
02959
06960
02860
00554
02884
03100
03100
03470
00876
01868
00995
02426
01462
00604
03500
06975
06191
03647
00525
00526
02071
02072
02073
02274
02275
00766
02276
03889
03890
03891
02986
07478
07560
01876
01892
01872
03074
03072
03210
03551
03550
01159
01284
07305
03684
01662
01681
03499
03499
01520
02469
00426
00425
02470
03086
09772
06997
05810
03531
03589
01924
02563
03588
11263
02217
03767
01664
00020
06994
02503
00805
07025
00281
01424
05520
01104
00104
01079
01969
01719
13789
11263
13527
13788
07454
04518
01925
01000
01929
01928
03587
03438
03925
02346
01626
00655
03928
06180
03101
02221
03722
01356
00817
01693
02501
01814
00299
03553
00791
01778
03665
03688
07119
07001
06188
06942
07778
07693
09760
03527
03601
03602
00088
04077
04078
02013
02015
02015
02016
06048
03790
01951
00088
04487
05846
05846
02335
10007
01439
00674
12511
05794
00004
01421
00153
01916
12503
01534
01479
00564
02010
01897
02056
13570
03294
01697
00508
03657
13038
13950
07250
00620
01791
05845
01488
02077
03649
07793
13640
00024
01897
01958
10006
13821
01990
01990
01990
02004
02004
02004
00567
06916
13953
13953
02004
01835
11754
13787
14221
00951
03709
07228
03719
11263
00941
13993
14230
14219
14232
14224
07794
14228
01802
01802
00721
03417
00344
03574
04092
00666
06147
06147
02029
14225
02027
05847
14233
14219
14230
13571
08281
00215
13572
00058
07335
03565
13771
01647
03811
07052
14162
05364
01934
00128
01426
00020
01187
01840
02484
02483
00148
00971
02057
02057
00758
05570
14229
14234
14232
18230
14226
14225
14225
02013
14218
14218
14233
01739
14260
14228
14219
14218
14235
14231
14228
14233
06867
06133
14237
14222
14223
14224
14224
14237
14233
14393
00868
14237
14220
14445
04517
01980
01980
06147
01985
01985
01977
14232
01515
14225
14228
01524
01524
01966
07768
01011
01978
05570
14223
14230
14218
14234
14234
14227
14219
01840
01784
01768
09819
01990
01992
03296
03343
01267
02030
02028
00666
01113
00529
03380
02614
02614
02483
01758
00970
14236
14228
01011
14267
01983
00150
14645
14652
16014
06177
03088
11939
08316
14229
15034
15372
15733
05602
15526
15554
01692
15520
00392
15771
16147
16148
16164
18955
18955
02033
06221
07260
11733
15035
02062
16264
03321
15772
02851
09694
15770
16784
16783
01992
01992
10112
03671
10112
17686
01739
00254
01069
17883
22552
18118
00138
18455
03574
06168
08744
18701
21687
09692
20814
09693
06147
18929
18928
03976
01436
03526
07816
19158
12952
01785
19577
19710
12132
12132
12132
20074
20074
21071
01214
00821
21147
21401
21481
21600
21562
10914
21885
00936
22010
21903
00015
14274
22278
22319
02257
22317
22320
22297
03469
11206
00728
22468
22468
08300
08301
07566