06180
06173
00058
01703
03648
02902
07030
03655
07040
01512
03529
03110
03320
04751
03106
06960
02860
02884
02566
07460
07391
04096
03733
02967
02357
01426
05936
02838
00981
06941
06976
02232
07010
02348
02224
02600
02519
02834
03709
02956
09013
09009
07552
09811
06911
07140
07090
02469
02314
02939
02963
07005
07077
01644
01008
03833
03761
03523
01480
00128
05917
03518
05337
07068
03654
01907
01087
04719
07160
02913
02902
01126
00991
07736
04485
07067
01673
03575
04567
01633
07098
05794
01784
01768
03704
06877
02283
01895
01738
03737
07008
01919
03320
00299
02342
07009
06187
00036
07095
00817
07156
07245
02553
04477
00266
04047
05794
07226
00762
02355
07238
00761
10007
00344
04561
00340
00339
00338
00337
06191
03647
03521
03522
04487
00797
01652
01653
00336
00334
00332
00330
01640
00451
00249
02836
03664
00077
01714
00449
00448
01857
03820
00001
02078
06199
06199
01835
06446
00154
06200
06178
07029
09861
09967
09931
09903
09763
09762
01159
08981
07305
07305
07182
07006
07090
06893
06994
07001
06994
06994
09958
03111
08884
08884
09764
08884
08884
00782
07304
02426
05712
03449
00566
01972
00053
00052
01940
00145
00859
01768
00873
01609
01496
15981
01784
03644
03801
02428
03433
08982
03711
09780
03177
09747
01885
00937
00057
01758
01921
00946
01823
00990
00554
03100
00276
00865
00122
03379
01669
00099
01953
01915
00130
00116
01881
00962
00215
00560
00287
03465
00791
01778
01356
00886
01092
01520
01599
08256
00666
01455
00759
00951
00077
00632
03786
01872
00666
01736
00891
01735
01465
00942
00789
03379
01783
00681
00134
00927
01803
01595
00036
00615
01092
01772
00130
00721
00635
00052
00666
01426
00122
01480
00574
01338
00626
00088
01638
00705
00574
00666
00945
01937
00858
01866
01480
09981
03149
03154
03153
02113
02109
09386
02434
00648
03060
00161
01042
00285
00666
01620
01179
00851
00666
01915
01286
01079
02478
03088
00574
01885
00773
01563
01854
01875
01126
02291
00635
00863
01426
03500
00864
03601
01546
01056
01903
01883
02341
03168
02343
04518
04564
02346
03781
00123
09781
09771
09017
03183
07341
01470
03582
03583
02913
03073
02601
01480
04047
00425
00426
00266
07465
01523
00548
06910
00249
04755
05794
00362
07793
07795
07071
07100
01681
03116
03118
02229
01061
07113
03820
03654
00854
00854
07402
03379
03316
00925
07020
01142
07157
05571
05570
05569
05567
03750
03701
05337
05810
03531
03589
01924
03588
01925
01929
01928
03438
03925
00655
01897
02276
03890
03891
02275
02231
02233
00605
07071
07560
00384
07164
00817
01104
02227
00820
00163
02078
00111
06959
01007
02313
00033
03629
02469
01664
03588
03427
01154
00091
06975
02768
02769
02770
00882
06911
00128
00344
09793
01104
00249
00325
00324
00001
06911
00001
06929
01637
04028
00249
00249
00240
02575
06895
00140
09684
06901
03707
00016
01494
00973
04043
03687
03686
07402
03518
03520
00382
07110
01637
01784
02492
01845
06196
07399
02548
01696
02500
01092
02501
00817
01265
03517
00833
06044
01236
01754
05786
01870
01808
02614
01714
00108
07119
04093
01061
01915
03594
06901
03190
03189
03188
00033
08999
02437
03070
03455
07228
06876
07090
03977
06024
05896
00817
04763
03631
06442
01755
03402
00611
00930
03437
02887
02916
02520
03701
03702
02945
00872
09957
03665
07738
03709
03499
03499
03313
01662
06916
00567
01868
06215
01480
03550
03551
00130
03210
03072
03074
01069
07054
01876
09927
09967
02316
01129
03584
01426
03595
01489
07042
06217
03686
03705
05375
00390
03596
02968
02340
02238
02237
03710
02867
02863
01104
01711
02864
02935
02616
02992
02355
02358
02946
02906
02926
02892
02886
02965
02890
02982
02878
02904
02961
03216
07131
06945
07058
03718
00242
00241
01489
00761
01840
07120
00382
00111
02575
03724
00128
03719
01055
02361
03496
07177
02837
07497
01710
07028
00525
00162
00627
02518
02919
02952
02948
02986
02879
08095
02871
02996
03431
00820
06925
03789
04077
03098
00088
06287
00966
01809
03294
03070
06949
06889
01661
07082
00014
00344
02356
03625
00609
01955
01591
04066
03744
00604
00793
03703
03075
01057
00616
06971
00344
02259
04488
01130
02874
02895
02931
02954
02994
02933
02881
02988
02907
02876
04773
03076
00939
01265
00020
00140
10008
10005
10006
00259
01714
03466
00995
04655
04654
04653
04656
04653
04652
04651
03553
03565
06168
01154
01153
03652
01956
03294
07259
01666
01666
09812
07258
09117
09118
01665
03762
00059
00666
00666
00130
00626
00626
01770
01579
01918
00950
00796
01495
00760
01507
01477
00226
00133
00928
01915
01649
09014
09015
01693
00013
00767
00278
01046
01012
01935
00652
00012
07442
00765
00666
03379
00626
01000
01626
00766
01953
00856
00768
00826
01255
00658
01915
00982
01915
00635
00606
01183
00645
00803
00635
00635
04091
00784
00969
00147
00635
00931
00940
01358
01358
01854
00635
00632
00635
00666
05713
00626
00989
01776
00688
00626
05606
00666
00567
00666
00003
01887
00122
00102
00027
01246
00796
00666
01724
00632
01286
03527
00600
01697
00626
01689
00948
00635
00666
00262
01478
00014
00626
00135
01810
03379
00666
01647
00275
01647
00626
00635
01933
01952
01267
01354
01923
06118
01756
01945
00697
06891
02221
01409
01626
00088
01491
00641
01740
00031
01867
00130
00758
01488
01436
03918
00433
01791
00067
00496
01251
01046
00943
00635
00800
03381
03464
00666
00626
00274
07749
00059
00626
00626
10563
10563
10773
00805
00057
09458
00574
00574
00635
00558
00635
01915
00681
04091
00012
00574
00574
00104
01790
00384
08095
01580
01775
06048
02825
06718
06720
03799
04077
03921
03696
09146
03798
14743
09748
01266
08972
00389
00374
09710
11381
09705
01874
06188
09761
06994
02990
01858
01869
07735
03980
00384
03671
01448
03497
03496
03501
06346
03217
08998
03536
02914
04073
02314
03497
01153
07068
07045
06994
07044
07161
06994
07058
02017
09879
01959
03525
09684
05520
01265
02108
09772
00794
02007
08641
00335
02433
01560
06001
00151
03885
01428
01429
01430
01889
09767
02338
02470
00239
03519
01624
03581
03043
03046
03040
07258
00240
00239
03783
00371
01589
01588
01028
01029
00343
00342
00341
00333
00331
01031
01032
02346
00525
00526
02274
00954
03685
03470
00231
01892
09966
02335
01695
01657
02337
02346
03587
02342
01880
02112
02115
02111
09701
00648
03101
03568
02563
03432
02228
09807
02230
04042
04073
01848
01992
01992
01992
01992
01992
01992
09858
09167
09959
02435
01951
09125
02074
03218
02470
09967
03922
03921
00867
02109
00370
00362
07114
03924
03924
03924
10533
01142
10674
04565
07646
01698
00772
01725
01911
00666
00059
10843
01817
07447
01998
10229
10228
02075
05364
00641
00666
01687
01389
03439
01596
00666
00248
00635
00622
01207
00059
01719
00130
00666
00666
00873
00598
00694
01046
00036
01915
01939
00788
02077
01616
10227
00845
02551
01462
01613
01322
01619
00075
01834
00286
01749
08681
02008
11189
03424
01995
11159
01814
00232
07478
00848
02036
02040
10805
10805
07653
10979
07588
00619
00161
07675
01480
01623
00124
13540
00957
00957
01448
03639
03635
03637
06886
02039
03892
02619
03519
06980
00764
01952
01952
06986
00432
01607
06042
06942
03602
07507
01130
02446
01679
07175
06888
03624
00252
07001
00632
00836
01738
00526
01547
01548
02428
03723
00537
02897
00919
02528
07056
03750
00963
03282
02911
03405
01902
03657
07058
03469
03322
06153
02529
00128
01962
01963
01802
04750
07393
03704
03111
02351
07245
00631
00627
00162
01644
06902
06915
00997
05337
00249
00344
00249
00299
01849
00763
03722
00700
05838
07503
01768
00790
02114
02110
02493
02835
02909
03628
01733
01586
08296
01768
01130
05592
03284
03593
03117
00975
06966
01439
00674
00318
00294
06207
00459
02054
07161
00852
03979
02899
02888
01873
03752
00215
02379
03544
03545
01808
01256
06886
05895
03924
07090
10215
01673
02018
05596
07669
07670
03466
01151
02654
03466
01739
11717
03524
11177
04567
03530
01908
01847
00019
03436
01999
11610
00626
06958
03767
03704
03768
08372
03316
11609
07090
03822
11386
07671
00179
07654
07655
11385
11387
00249
00380
05565
02549
04788
04792
04787
16786
16787
02483
00847
03496
03306
11212
01424
07222
11103
05343
02342
00831
07458
00175
01704
10764
00375
07588
05522
11068
11068
00174
08483
11175
05568
01915
04075
07006
07776
00479
00265
00265
05784
02274
07768
04565
11533
03426
13483
02484
00602
07742
07552
01473
01474
11178
02959
02020
03710
12503
12441
03386
08167
06997
01187
01644
12234
07535
01997
12421
12410
12444
12426
12428
12429
13288
07667
00626
12437
03657
00508
00074
03333
07048
12466
01950
11753
11611
11752
11943
11944
11945
11946
00595
11947
11948
11949
07044
03088
00645
04790
04791
03310
01895
03743
11263
11779
07124
01890
01847
07124
04789
02302
01533
06610
07124
07124
01996
11609
00076
04793
00995
02037
02038
03790
07093
01079
00111
05549
03281
00281
02471
02045
00301
02046
13920
01699
13542
01909
00528
00528
13527
13788
01607
01822
06221
03321
00483
07044
07107
07107
07107
02048
02047
02012
02011
13787
12433
03975
02030
13525
13529
01782
00648
03657
13038
03564
03564
07250
00620
02554
12583
13979
07483
13953
02050
02051
02049
00955
06978
03782
13669
13671
00955
13639
00121
13640
12423
00059
01958
13787
02483
07005
13789
11754
14221
00153
00038
14215
02006
13573
07246
11263
00941
13993
03574
14232
14230
14224
14234
06893
14225
14235
11069
11071
01990
14225
14233
14233
14339
14230
01969
08281
13571
07045
09456
03088
06282
04762
00626
00059
03605
00373
13687
13686
13572
13668
13693
13771
13953
03404
14226
01934
01485
14234
14232
03762
14232
02013
02013
14223
14335
14233
02052
14225
14219
14260
11072
14228
03299
03457
02484
14267
14222
14223
14231
14228
02950
14233
14228
14224
06147
14229
14236
14337
00249
02067
02035
03088
06889
14136
10439
14393
14237
14237
14230
14220
14237
00529
01978
14445
14228
02029
04517
07483
00001
01977
01977
01980
01980
07483
01985
01985
01796
11070
11961
14219
01515
14218
03088
06147
01966
01524
07052
04078
01011
14219
07794
00042
14229
02030
18472
14234
14227
14218
14218
14219
14238
14161
14162
14222
06893
03090
01011
01011
01011
08095
01524
14743
14743
14954
14952
14953
14520
14520
14727
10441
14941
00970
12953
14470
02035
02033
02034
02031
02032
02027
02025
10440
10439
14956
01607
14949
01191
16013
03297
03297
02026
16012
06177
03090
03087
03088
03088
03086
14652
11939
11939
14728
02010
00392
01941
14733
14761
15034
15372
03929
08299
15320
15510
15733
05602
15526
15521
15555
14228
03929
15551
05847
05846
03929
01082
15554
01692
01692
01692
01692
01692
01692
01692
00121
12510
15866
01692
01692
01692
01692
01692
01692
01692
01897
01692
01692
01692
01692
11741
00459
15520
15525
15781
01082
08289
15371
01840
03929
01692
15866
15868
04093
15983
15977
15977
15977
15981
15981
15977
15982
15983
19221
03605
16146
16147
16148
16301
16149
16150
07483
10010
07171
18958
18957
10716
03284
16045
16046
05898
16047
16048
16049
16050
10716
16051
02028
18955
02067
02067
02067
02067
16168
16320
16167
02067
02067
02067
02067
02067
02067
02067
02067
16167
02067
05845
05845
16168
02067
15035
11944
03699
16370
15982
11735
10831
15552
05550
16264
03893
03321
02065
16653
16645
11960
10009
02424
16783
13572
02066
02066
02066
02066
02066
02066
02066
02066
02066
02066
02066
02067
02067
02067
16784
02033
11959
16652
16650
16647
16649
16648
02851
11962
11963
02066
02031
02032
16906
16907
16051
16786
16787
16785
01457
11991
01533
16870
16925
16785
02009
00008
16905
06221
02028
16922
19311
17103
17218
02029
02030
17228
17285
02028
02029
02067
02067
02067
02067
02067
02067
02067
02067
10112
05847
05846
05846
01990
01990
01990
01990
01990
01990
15553
00384
00384
05846
10112
17686
09117
07052
17836
04757
12574
10027
06860
00254
02025
02026
02025
02027
02025
02026
02016
00257
17947
03520
08221
06281
17883
03366
04343
08351
00249
17840
00249
10112
05337
01652
06978
02067
03574
02016
18251
18254
18252
18256
18255
18257
18275
02003
02035
02034
03316
05337
02033
02034
02031
02032
02035
06147
08884
00091
02053
02055
04748
03885
18235
00138
21688
21689
05714
02554
19302
18369
03742
18481
18481
18481
18481
18481
18481
18481
18481
18481
18481
18481
18481
18481
18481
18481
18481
18455
03574
18688
18687
18687
00854
02493
18851
18851
01992
21672
21672
21672
01214
18851
01990
14229
18917
18955
18955
18913
18955
18851
18851
10747
18929
01971
18928
01971
18911
18912
03325
03976
01820
03526
16238
07452
19147
19190
00798
19158
19159
01621
03885
19302
19265
01990
01066
01992
21672
12952
01066
12954
01066
19431
01822
22476
06881
07315
19707
19686
19710
19687
20467
08744
15777
21672
16319
00819
14731
14731
05770
09796
12132
12132
20074
20265
20497
20470
20469
20760
20761
20466
20468
17686
01214
20762
20814
20900
20902
21071
21140
21014
13075
13877
21119
00821
21147
05558
03088
03636
21148
03636
21200
21310
21401
21397
21473
21473
21474
21471
21401
21481
21600
10914
21691
21600
21608
21608
21687
21672
21672
21672
21685
21744
21688
21929
21929
21885
21961
21992
21962
00936
22010
22044
22044
22081
22082
05275
22107
22083
05275
22108
00467
01909
17758
17759
22297
22306
02257
22336
22311
22316
22303
22298
01551
11206
22445
00728
08300
08301
22468
07566