14221
11991
01990
12574
18682
02899
02888
07056
00655
00997
06180
03101
01870
09772
03531
03438
03925
02911
01890
01889
01887
02838
09903
07133
01255
08602
07133
07106
11191
11192
01689
07447
00760
02440
00864
00111
00850
00873
01868
03800
00161
00162
00627
00382
00925
00954
01783
00945
03977
00057
03530
03106
00783
02959
02860
00554
02884
14540
03470
01876
03979
08302
03070
00859
06442
03602
03601
03625
01151
11753
00963
08591
01754
06942
07043
03168
00384
11754
03701
03702
02340
03424
00948
01056
02939
01883
03218
02601
05879
02986
03151
15580
15581
01491
02434
02435
01972
03657
12267
02041
02042
02041
02044
14155
02357
02967
03686
04043
03687
03705
03695
03216
02112
02111
03581
00969
00566
00604
02356
03545
01338
07478
03152
07042
03584
01880
03086
06967
00759
03529
03685
03621
02902
02040
02037
02038
02036
02039
03110
09769
00789
04094
01809
03648
02503
02803
02804
06885
01937
01624
01126
02909
02835
02493
07566
06131
02950
02992
02355
02358
01811
01255
03439
06213
01872
00963
02867
02863
02864
02935
03043
03046
01914
03495
06956
03978
03624
03703
00858
01873
01783
06949
06925
01881
03596
01876
01892
02834
11753
02313
02338
05985
02528
02470
02469
02057
02057
01874
00009
02963
02990
03704
01118
02003
04083
03778
07088
07133
01803
15633
00756
02768
02769
02770
04095
01223
00760
01756
01939
03075
12573
03664
12574
00927
00134
02337
01866
00763
06878
02078
00926
10536
13252
11717
01810
03437
02622
02621
03581
03800
01443
02970
03550
03551
00382
02346
00876
15581
15580
06207
03500
00942
01462
02520
02916
02887
08281
03217
03536
02914
02956
02519
07742
02600
09748
03763
00981
01867
09760
00615
04094
05896
06024
06178
03798
04075
02341
00943
06187
02343
00364
03564
00259
01875
04567
03671
02042
02041
01893
03650
02968
00926
01531
00926
01531
02114
02112
02115
02111
02113
02109
02110
02108
00761
00600
01808
01937
01531
00995
03501
01869
02996
02871
06173
16785
02879
03040
02948
02952
02919
02518
01265
03076
02876
02988
02881
02933
02994
02954
02931
02895
02874
02961
02904
02878
02982
02890
02965
02886
02892
02926
02906
02946
05878
02818
02819
03484
01983
11070
15035
01992
01992
01990
01990
00951
01980
01980
01978
00625
02056
02798
00068
02564
01619
01835
00882
03436
03784
09963
01191
03647
08483
01537
01409
00845
00845
01992
03177
09976
02821
01507
03700
03743
06147
01916
01243
07030
09787
06201
03698
14238
04488
01934
07386
02025
00016
01788
03307
01639
07584
02428
03436
00882
00882
11144
03346
10563
07386
09762
06023
16787
16786
00939
01226
02564
09698
03048
15582
15583
10823
01854
01784
01854
01784
01854
15582
15583
10823
11072
11071
03499
02433
06179
07052
11189
01977
01985
01985
14235
14229
14229
14236
14225
14226
14219
14234
14232
14230
14227
14230
14219
14223
14233
14218
14237
14224
14228
14228
14228
14234
14230
14220
14229
14222
01977
14233
14231
10112
00131
02026
02768
02809
02810
02822
03475
07133
06442
00963
00963
00963
00963
10823
10823
01784
01784
07133
11191
11192
01876
02044
14155
01531
18692
01262
03111
05881
07483
07483
02777
00571
00525
06881
20074
12132
20074
02777
20107
20108
20265
20265
02004
00526
02335
00558
02314
00857
06223
00558
03553
02316
01493
02335
06948
02238
07497
07497
07497
07497
07497
07497
07497
07497
03595
06993