01991
06998
04771
10440
03560
18893
02313
02338
01006
06016
11069
18910
10111
19689
03629
21911
21909
02026
02027
18096
18096
02029
02029
02030
01066
11961
08305
10112
10112
07344
09691
16555
02051
02027
10010
10117
16264
01835
14234
14234
14234
14218
15580
15578
10562
10191
12340
02032
07346
15784
15785
14218
14219
14219
14219
14228
01082
15551
10831
15738
09017
03719
03719
15552
02167
15582
15554
08483
11183
02428
14228
14228
14228
14225
14233
14233
14233
14224
14224
14227
14227
14230
14230
14230
14230
14230
14237
14237
14231
14226
14223
14223
14223
14229
14229
14220
14222
14222
14235
14225
14225
14236
14228
14221
14232
14219
14232
14232
14233
01966
15790
15783
15786
01505
11741
14218
14218
14237
02034
06147
01426
11189
08483
02035
02033
02035
10232
10233
10234
02793
11189
08234
00010
07126
07098
00058
00949
00046
01480
00799
07657
02010
02033
02035
04518
08738
02510
03593
00127
00124
02025
09702
01409
01719
00033
02025
01507
01113
00616
00059
00046
03442
06147
00845
00799
08978
07025
01474
01619
03769
00568
00059
02033
01826
02466
02783
02782
02783
09705
07232
10440
10439
02025
04085
04763
05814
05815
05816
02010
07305
01934
01958
06147
01092
05524
00626
00647
00564
03177
07338
02035
02033
02049
02050
02051
01426
14162
02052
02055
06889
01724
01104
02004
02193
00241
04063
11071
11069
09471
01039
02056
04091
02052
03316
08178
06902
10440
10439
00033
10118
02806
01426
00852
01488
00799
07304
02342
00758
03783
01489
02056
00808
00059
02619
01426
08151
03559
03646
03455
02035
00845
01635
10439
10440
02056
02033
02035
02025
10112
02433
00058
07117
03478
10559
10560
00799
01439
00674
07025
07032
07077
08299
00854
00867
01523
00058
10440
10440
10439
01560
00045
02025
01480
11105
00799
07305
11069
11069
00274
11071
10112
02025
15581
02031
02032
15577
03338
03336
03335
03190
01430
09984
03192
01429
01428
03187
03188
03189
10227
10228
09740
00675
09760
01462
00604
03824
06173
00077
06966
00500
00930
03088
02031
04765
22067
15576
02594
15782
01997
00479
03919
15034
01610
14981
01805
02500
01476
01814
02501
01693
01419
03667
03337
06162
05774
02029
02029
03710
11381
00615
00615
06145
10441
10441
02529
09948
10229
16079
03327
02029
02029
00763
01999
01997
01998
01995
01996
08281
01623
00927
00134
00615
09888
03089
06180
03543
03978
03543
06999
06975
01273
00605
03306
07001
01574
00019
01687
02837
05879
05878
01908
00963
01996
01999
01998
01997
01995
01714
10538
10539
10537
01684
00800
00945
02945
01652
02029
02029
07010
01845
01915
07402
13482
13481
07127
14977
01483
09803
06978
02034
03088
02529
14980
01251
03671
11754
01963
01695
01696
01817
07043
05782
02520
02916
02887
01889
01890
09962
03797
09798
08311
01775
06140
00285
00140
00285
12658
01997
01998
01995
01996
15861
02529
01626
00788
07090
13592
01159
03550
03551
07107
03562
03641
03640
04075
03798
03431
00831
01939
02064
02063
00873
02919
01589
01588
03088
01042
02029
02029
00795
03814
02911
09987
02040
02037
02038
02036
02039
10543
10545
03088
00627
02012
02011
06187
09747
02343
03426
00979
13893
13893
13894
13895
13896
12972
02029
12372
12371
12370
01779
02113
02111
02115
02112
02114
01812
01815
00154
03654
02888
02899
12369
12368
01091
01810
03979
00931
00147
00969
09710
00375
14083
07240
01687
03306
07220
00123
02379
00126
00137
02053
05800
06203
00029
03555
07270
07270
00990
03980
01867
03313
15012
15011
03579
00783
10255
02529
01999
09989
09769
07401
02909
01299
08987
02557
01902
00164
11068
02356
00761
00658
00382
09973
03733
02860
00012
01953
00303
00299
09780
00057
01749
02498
01951
00886
00036
02470
00325
00324
00324
04090
02221
09131
01284
01673
00868
03744
06872
06872
08988
06207
06997
01869
03643
03466
04066
06985
00240
09915
03185
10805
04752
03320
03466
01142
07270
03168
03088
00372
00363
00362
07516
06995
06995
06995
11076
01915
02624
01040
03089
07736
04762
00023
01647
01647
07001
09826
01716
00208
00962
02956
03284
02834
02519
07742
02600
09748
03439
00789
03820
07042
06168
00655
03789
09947
03594
07231
00823
03071
07113
08304
03642
03088
05939
00180
00179
02034
09461
01465
05838
07157
09791
14161
01644
02444
02959
04092
03106
01940
06941
01975
02003
06890
03823
01681
02194
02199
01053
01821
07006
06190
03110
01778
00554
07090
02884
02029
01703
00242
00239
02057
02057
02013
03561
03832
02053
02529
00602
03500
03799
00574
07140
01895
06164
06165
06166
02043
10441
01685
14166
02529
09823
03684
03687
03101
03437
06969
05788
04773
11719
09774
06861
03092
10778
10773
08983
13038
03688
03183
03088
07080
10979
01754
01993
03652
07093
00425
00426
01697
00859
00014
06287
09773
01599
08973
03628
06888
03650
03495
03501
02340
00166
00167
09699
00382
06163
02057
02057
03745
07335
01704
00052
13652
05592
00133
09964
01665
17316
15371
02032
15778
15773
08602
01625
07146
03596
07396
07118
01581
06916
00024
01903
06601
06602
02397
02396
02390
10564
02557
02409
02406
02406
02419
02415
02393
02394
02386
02392
02408
02388
02387
02412
02391
02556
02416
02417
02410
02401
06131
10856
02034
02042
01546
01547
01548
07646
07667
02970
00303
00305
13589
04080
07347
01620
00266
09795
00963
07340
01772
02302
00381
00390
05520
01915
02421
02400
03281
02420
02389
06959
00252
02042
02044
02041
05780
05781
01209
02056
02055
02052
00772
10440
10439
00046
00851
01474
18098
02033
02035
07025
01560
00135
00830
13641
01784
00666
06889
07120
00059
09004
08738
00101
14475
02843
00799
00567
07054
02035
02033
07114
00059
09471
07025
01907
07027
10439
01039
00101
00666
01243
10440
02056
00059
06910
07393
02025
09992
10440
00970
07232
04652
04655
01607
02051
02025
00598
01469
01262
02056
02017
01607
07232
11209
00799
01092
02228
00799
00059
02004
02005
10440
10439
00595
01488
02025
06934
00548
07114
00548
07304
01322
03519
03518
00135
01785
07126
10440
00657
11069
03396
00121
01965
06221
00799
10440
02025
10440
07161
02056
13590
01916
10439
10440
10440
00851
07232
06147
01885
00059
02067
02049
02050
01561
05595
02050
11071
02052
02025
02056
02433
02035
02033
08679
00368
18335
02033
08481
04750
07273
02035
13623
13622
02051
02050
02274
09700
01679
00471
00383
02035
07258
03743
01119
01011
06179
01470
02051
02049
02050
02033
02035
01439
01759
00769
03518
03519
06201
09983
07161
07104
02510
10439
07343
13628
00059
01496
07032
01480
02025
06196
03316
03784
01759
06147
01479
02074
01092
09949
01885
01989
05833
05832
10439
10440
04063
01760
03635
00799
06147
02056
07273
02200
02200
02055
00852
06971
00939
07117
01560
01847
01847
00626
02052
10439
02051
02050
02049
01854
02056
07273
01560
02533
00799
00852
02025
11072
11069
02056
02035
00666
02056
00088
02427
07027
00058
02025
02035
02077
00639
02035
01607
10440
02025
00058
01679
06147
06147
02049
07048
02050
02051
02056
02050
02049
02051
02050
10440
10439
06988
00059
06889
01259
07126
01322
00700
02033
02035
01426
06281
06282
01601
01602
03469
02258
02274
02116
02274
02033
02035
00652
07017
01601
02033
00845
02025
10563
01692
01674
09981
07404
02025
02055
02052
02049
14987
01482
00135
00799
02592
02587
02591
00852
02274
01784
01823
01782
00626
00135
02566
03855
02597
12542
18827
03446
03217
03536
02914
02073
02071
02072
04095
00605
00528
00989
03705
01738
00074
03522
03521
07058
01894
01247
03070
00620
02651
09957
00928
08484
02835
02493
03695
00077
01998
01997
01996
01995
01999
02034
01999
09024
02509
02781
07106
03710
01443
02471
01783
04043
03686
01591
01631
00883
09125
02902
02471
00641
00817
00220
00655
09958
07006
09811
03477
10441
06995
01962
00891
01735
09786
07180
01652
05527
09883
09812
00760
01754
01586
01755
05813
02011
02012
03088
12541
15975
01920
07391
01638
01738
00384
00215
07261
06153
07460
07056
16563
16558
12543
15975
18939
00130
06148
16552
16557
16556
16567
16552
16566
16565
16564
03088
00832
03665
03666
00824
13599
13598
07712
07708
12506
01627
00574
01126
03885
00259
01738
11927
04751
01915
01915
06199
02231
02227
02225
00315
12256
02232
07090
02034
02517
09458
09458
00640
09005
03704
09956
01754
01486
01207
04080
07141
07402
01999
01756
07002
01923
01952
01952
06923
03210
12257
02291
04094
03545
01872
11717
09015
09013
09014
04487
07018
07734
01866
03564
07001
01495
08998
01868
01644
02622
02279
06995
01740
06929
02871
02996
01126
00145
02259
01991
11443
02913
12573
03168
04042
00820
03655
09159
00793
11752
07738
00600
09938
01698
00796
01633
00950
08990
06918
08296
06204
13587
03924
09988
02195
13688
09975
01712
01745
01468
05836
00111
00864
00697
01087
04096
08591
01465
00609
09456
07447
14083
03572
00912
02527
09778
03592
06991
04568
02356
07454
07001
06178
01870
00981
11749
07277
02536
02372
00677
00748
01647
01356
01754
01556
00453
08295
03750
03637
10441
02529
13653
04078
04077
06940
03704
03060
09970
07168
03088
08995
01933
11175
07733
07734
07241
04651
04654
03271
01921
00836
06978
08296
01142
02300
02299
02298
02297
00940
09914
03636
03703
07115
02339
01255
04047
01821
07733
05539
06985
06938
09771
04485
03558
00764
01821
01613
06966
05786
01649
03185
01004
02057
02057
03088
03584
03685
03100
00997
09928
00762
03060
03664
01714
08309
00817
01969
03644
00382
00627
00162
00161
01689
01256
07716
00982
02198
02197
02053
02057
07478
02879
03040
02948
02952
03076
02876
02907
02988
04564
00826
06915
07341
02167
01754
00858
02836
05366
01448
06153
07107
03446
03543
11003
11004
03529
03575
01733
03790
07735
01952
07390
07552
14058
02986
01776
00031
03602
04719
14652
01736
00208
00275
01945
03179
07566
01879
02431
08094
03530
01338
03544
01358
03977
01975
02529
01706
04764
00648
03621
01790
15987
05846
05847
05846
05845
03625
00794
01915
00605
02057
00899
08963
06999
00322
02621
01876
03684
01524
01624
07507
03531
01915
01779
00790
07106
00457
00451
00060
09457
01995
01999
03897
06140
01998
01997
00481
01857
00448
00449
01055
02623
11753
03446
03543
02015
02016
02013
03534
11082
11083
11084
11081
00823
03430
02002
02167
15977
15977
01524
00937
09972
09971
05836
00013
00817
03335
07335
02057
07774
07649
00215
03657
01751
06158
02529
06139
07091
11720
04744
03771
00097
02528
00942
07082
09458
02078
00645
02990
02963
02939
00574
01494
01883
01465
06980
00820
01968
01999
01241
00311
03517
00278
00767
01012
01935
00833
00648
07154
07282
12941
01775
02029
05366
11357
02426
01354
00600
00789
00060
03704
00795
07154
00703
00975
00688
10554
10553
10552
02431
00847
00955
00957
07282
02029
06978
08300
01425
03786
02160
01961
00684
00606
01918
02434
09982
04653
04656
03841
00855
00615
00927
01624
02204
03527
02276
02275
03568
03215
06442
01662
06911
09694
00612
06606
07734
00375
00612
01878
09706
03523
02523
00919
03638
03470
02109
02109
02110
02108
02275
07152
00185
00117
08995
00156
02034
02002
02000
02001
00605
15257
13924
03412
07058
00794
05878
05879
10546
10548
10547
01494
10764
00720
06195
04083
13583
03284
02039
07636
02034
09001
10126
10125
11103
01783
03724
01255
12511
12510
02283
02282
02281
02280
02279
02278
02651
01839
02968
01996
01997
01998
01438
03556
01998
01996
01652
01754
01799
02029
02029
01745
02057
01070
02053
01438
09959
00404
00405
00407
00406
07234
14986
00406
00405
10026
01737
06920
01918
00606
07154
01676
01644
04835
02034
08679
01845
02029
01783
01091
06911
06975
02596
02586
02588
03092
04487
02595
04077
03671
04080
02276
12454
01858
02015
02016
03477
03534
00285
00643
03282
04566
13582
07090
04046
06953
03521
03522
00313
02585
02593
02584
02529
06606
09695
02057
02529
02053
01053
10441
06145
00098
00303
13013
00955
00957
00604
00012
02046
02047
02048
00566
13584
03413
13588
13503
06987
01938
02002
02001
02000
03216
00411
00412
00413
09474
00759
03284
06942
01056
02897
08223
00948
03704
03702
00573
03624
02841
03274
03272
03271
03273
00384
02355
00812
11924
01956
09117
01055
03324
03086
09712
02034
00315
09160
09807
07406
02034
07406
09862
06287
01491
01690
01057
00036
01915
01637
07110
11073
11076
11075
11074
07289
02029
02029
00333
03446
03543
12995
02280
02279
02651
02283
12510
12511
02278
01686
01686
10441
00823
01915
11472
11473
01491
01246
01892
02502
00765
07300
02029
04761
03782
06188
03500
01951
07733
00014
01714
07080
10441
07154
00812
02160
01961
07160
01999
01997
01998
01995
01996
00163
01738
01733
02029
02029
12141
12140
06193
02057
02057
00978
13920
07226
00627
01649
01476
00885
01462
06162
06891
03924
09986
00228
13639
09003
13993
09955
02529
04078
04077
09707
05810
13292
06878
07638
07659
00826
03704
03704
01644
06213
02881
02933
02994
02954
02931
02895
02874
02961
02904
02878
02982
02890
02965
02886
02892
02926
02906
02946
02358
02355
02992
02950
03046
03043
02935
02864
02863
02867
02601
03073
09957
06886
01923
10806
08591
04079
01895
08995
08995
01955
07124
00573
03322
03585
11939
07403
11177
11178
13483
11177
11178
13483
11534
10441
01118
09458
02346
03088
09990
10778
12368
07002
02518
00013
00790
01997
01999
00286
03710
07733
01684
06145
01711
02282
06996
15977
00822
01464
01652
01995
01998
01999
01996
01997
07734
03601
01919
09761
05801
03925
03438
03587
01928
01929
01000
01925
03588
02563
01924
00075
01921
03589
03590
03531
02535
05807
03631
01972
02057
03657
00117
01061
11939
07107
07223
03088
09985
07552
02020
02018
02019
04088
04087
09937
01079
01644
01652
01653
07799
01721
03474
03549
03549
00053
02003
00768
02233
02224
05936
02189
05895
00334
00334
00337
00338
00339
00340
00341
00342
00343
03524
05606
01881
09808
03801
07246
06995
12972
01438
07246
00925
13483
11178
11177
14083
01061
03088
14083
01999
01995
01996
01997
01998
02529
10253
07088
00874
00428
13821
03832
07225
02016
02015
02013
13772
10680
02029
02029
07090
03088
06178
00573
09991
01873
06076
01687
01142
01129
01887
01207
05896
06024
03116
03117
03118
01875
03787
00573
10979
07020
01142
01438
03630
01265
03821
14261
00003
07462
01821
15977
03610
03609
03608
02280
02282
02283
12510
12511
00281
02437
00605
09768
02337
02346
06915
04078
04077
03723
01626
00901
00029
05820
02066
02065
04755
00384
01921
03701
01358
07397
02469
00954
09936
07568
00773
07395
02444
09128
02529
00606
01745
02435
03829
01752
06891
03694
02503
09919
02967
02357
09903
02838
00806
02048
02045
02046
02048
08641
05367
06894
07278
09800
02034
14083
00315
15977
01609
00766
03770
01803
03075
01937
01255
02034
05820
08482
00826
00297
01581
00384
02275
00406
07217
02687
07152
05805
00315
14083
02529
03543
03192
03304
00791
06915
00768
07716
05800
09950
02029
02029
03753
03752
03639
07006
01091
01807
09924
06213
11940
03394
06042
02229
02230
02234
09927
00330
00331
00332
00333
14441
03642
00943
02341
01874
03424
06167
01738
00286
06890
03218
01608
00067
01790
00973
03523
06996
06871
03704
03750
00570
00064
00064
13060
02047
02358
16137
16137
02014
02424
10009
16087
16079
16079
16079
16079
16079
10716
02028
00102
02028
16074
21449
01801
00529
11072
03566
01178
01985
01985
00253
16260
02055
00146
01048
03699
05351
11070
11071
11072
11071
11070
11069
11069
11072
11071
01684
01684
03202
09386
01069
00355
02045
12262
16137
12262
10804
16554
11070
02054
02054
02054
02054
02054
16165
16329
12252
16171
05799
10019
11645
02062
07577
10544
11959
10237
10236
11959
11960
17213
10238
10189
10190
10440
10119
12368
01980
01980
10117
01166
00065
10118
00042
10440
01977
01977
02034
16238
15583
10823
10441
10439
10545
11962
10119
11963
01995
10117
10119
10117
15555
10556
09969
02075
02031
02032
10188
00336
10118
18918
10118
10119
02029
02028
02029
10020
10018
16566
14660
14658
02030
02030
02030
02030
02030
02030
01239
00128
00128
00128
00820
06016
14666
10565
02030
02030
02030
02030
02030
02030
02030
02030
02030
02030
02030
02030
14658
00355
16559
01834
14067
01250
10561
21564
00265
01426
01487
01485
00108
16872
02303
09810
04034
14661
14659
02196
08692
14998
14657
13786
14660
02058
02057
00184
01978
10441
10439
10439
11070
11070
17210
11070
08316
14731
10440
10440
10439
10440
10440
10440
17214
17315
17317
19092
17316
03520
17325
17322
17323
17321
10439
10439
10439
10439
02488
02058
10439
10440
17202
02028
02028
02057
17209
06218
10440
10441
02030
01990
10439
10440
09972
02058
11209
02028
02028
11532
00480
02028
03457
17324
02028
02030
02029
02028
02030
00040
00151
10112
00040
01983
17103
10441
02484
10441
10439
10440
10440
10441
10440
10439
10440
17315
10112
17315
17203
17204
04091
17316
17208
17228
17317
17317
15580
10112
03574
01990
01990
01990
15553
10112
02026
02027
10111
10112
01992
01992
01897
00681
10112
10112
10112
10112
10112
02027
02027
02027
10112
10112
10112
10112
10112
10112
10112
10112
17686
02026
01533
02026
02027
02027
02026
02027
02026
02027
10111
17662
17675
17838
17723
00042
01843
19745
07263
07263
02026
02026
02026
02026
02026
02026
02026
02026
02026
02026
02026
01457
19746
02027
02027
02027
02027
02027
03566
03566
03566
03566
18098
02027
00483
00661
00128
00128
00128
00128
12574
17735
00537
00254
02027
01187
02027
02027
01187
07486
18138
03704
11747
01533
03520
02031
02032
02031
02032
02031
02032
02031
02032
02031
02032
02031
02032
02058
05973
03518
07486
17938
15270
04771
01485
04343
17947
01271
01133
07222
07222
02058
02058
01139
01286
01286
01286
18138
00108
07506
00433
06148
00663
01758
01758
00104
03585
03719
03719
03719
03719
03719
18096
18098
19270
00317
00329
00356
00001
00433
02058
01473
01473
01426
10554
07282
00315
05939
03566
12941
03566
15785
15784
11103
13013
02483
18277
18234
09709
01929
01002
07657
13583
02529
01996
01995
02338
01951
06076
00852
03566
03446
02471
13583
13993
04080
01512
15778
00004
03566
00643
06016
00134
03088
11960
00407
00404
01476
15782
02033
02035
00315
00411
00412
07657
07225
06997
04078
13993
02275
02275
06147
00059
03088
01607
00627
03787
07222
01921
01816
21498
01593
00446
22443
00138
03446
18457
18480
18588
00681
00505
18554
00862
18554
18676
18661
18676
18707
05366
10747
18879
16300
18910
18901
09690
18829
18910
18831
18831
01971
02847
18954
01971
01971
18893
03496
03497
03205
03111
03111
17850
07473
03205
03497
03196
03204
03203
03201
03194
03205
14657
05881
16898
07486
07486
07486
07486
07486
07486
07486
19055
07483
01699
00335
07050
18979
03526
07481
16899
18990
18989
01820
18991
09472
09472
00611
07746
07746
07746
07746
07746
07746
19191
19092
19157
12979
13581
19163
01621
00529
00798
19191
06893
01710
01710
19181
08678
01239
01239
22468
22468
02032
21498
07334
07062
07062
19191
08678
12448
14661
19164
19221
01066
01066
01785
19265
04771
01992
07497
07497
19302
00020
00020
00020
06041
19431
19302
19338
04771
00035
19267
02277
01785
19641
07344
03418
19577
19577
19577
15856
00799
07102
19670
19686
19687
00992
19687
19686
19687
19686
17722
00799
20444
19784
08744
08744
02160
00567
13775
19802
01784
14731
08994
21617
09796
09796
11751
20266
20266
20807
01692
21084
15358
00525
20449
20431
20532
11816
20527
20527
20529
20531
20528
20529
20532
20531
20533
20534
03200
03198
03197
20528
20530
20530
20533
21117
22084
22087
22085
02483
03195
03199
01179
02081
11529
02438
16554
16554
01438
16844
21054
21014
21137
20940
00821
21118
21014
21136
08968
21062
13609
21071
21134
00249
01520
06217
09882
02316
03676
00857
07313
01286
00560
00287
02314
06952
06952
06919
03553
02483
09806
00632
00249
07005
02031
02031
02031
19064
02031
00249
03636
10191
02335
02032
02031
02032
05710
05710
21307
21308
21309
21417
21416
03651
21416
02483
03651
02483
02483
02483
02483
02483
21420
01144
21470
21470
21622
01420
01420
07334
21603
21700
10914
21621
00863
22081
01777
00344
00344
21703
21826
21883
21832
19591
21910
21929
21929
21929
22025
03892
05802
22085
22087
00304
05275
22082
22083
03595
13874
00015
14274
22086
07183
00302
00304
00302
22086
00304
22086
22084
22187
22185
22042
22215
22217
22296
22310
11991
22296
02257
22293
22342
22344
22343
11206
22348
22548
22551