19743
10773
07462
03925
22348
09472
09903
09862
06199
09861
09921
09922
09930
02204
09761
02621
02528
03608
03187
02622
02470
03575
09781
09780
10022
02232
02232
09774
09791
03841
01673
02188
09939
02189
03609
07088
04655
00677
00099
00981
00806
01426
00285
01939
01358
01338
01776
01886
00059
01945
00228
01414
00567
00299
01885
00764
00940
01817
00133
00052
01647
00382
01008
00077
00568
00831
04487
01104
01821
00446
00832
00768
00658
00164
01872
00135
00571
00928
01533
00912
00979
00939
01772
01908
00382
01069
00791
01714
01520
00128
01259
01499
01633
00672
00768
00074
01006
02231
09915
09919
00003
01733
08282
00278
00767
01079
00991
01770
00019
00951
00134
00117
00946
00627
01760
00088
01951
01297
00990
01265
01952
00626
00248
01392
01012
01439
00674
01972
01462
00761
01434
00796
00943
01424
01356
00626
01868
01637
01480
00822
01915
01915
05597
01784
00208
01255
00249
00995
00748
00573
06153
00969
01876
01495
01476
03797
00554
01755
00384
00523
00963
00058
01873
01918
00606
01494
01493
01141
00344
00077
00573
01895
01687
01409
00962
01803
01515
01736
01752
01620
00605
00311
00684
00855
01091
08282
00384
00390
00090
01007
00626
07258
02992
02946
02961
02346
01673
01589
00411
07320
07645
01601
03594
03977
00124
02517
00340
01892
02341
02274
02535
03147
02884
03088
03975
01624
00239
01682
00324
02056
02963
00334
01095
04564
03601
01883
03424
00325
03438
03771
00339
02906
03503
05540
01652
01602
02926
02456
04077
02419
02412
03669
03186
02886
02890
02878
03502
02339
03802
02454
02453
02463
02461
02904
10563
09889
00411
06190
09786
09989
09990
09947
09937
09924
09888
09928
03562
10004
10001
09800
10002
10003
03407
00648
03525
03799
03656
10713
02291
00794
10714
07646
03414
07146
06013
07107
03560
09930
03088
08296
02405
02393
02390
02401
02065
03089
07000
06217
06442
06958
03701
02655
02049
02518
04485
03088
06941
01995
01998
02379
02020
02018
03832
03559
01995
01996
06997
07460
07056
00798
00596
07112
02014
07090
03204
03203
03717
02033
02034
01995
01996
02004
02967
03665
06941
06024
04083
04046
02014
01420
03284
06938
06911
03630
03411
01991
04652
02575
06959
03529
01999
07277
02004
02004
02575
03070
03555
03296
02454
02400
02666
03703
04088
06916
02003
09181
02003
07712
03387
07263
07262
06966
04751
03749
03704
06975
05773
05788
04488
04075
03086
04043
03687
05874
09007
05874
07749
09810
07666
07053
02006
03592
02012
07338
03578
07183
07137
03723
03325
08151
07239
03196
02970
06194
03087
07657
03671
03544
06915
02437
00381
00666
07001
07115
03561
07002
07090
05595
07454
06163
01999
03549
04744
02014
07231
02014
03670
02600
07491
03106
07039
03568
07577
03564
03321
04077
06147
06200
03296
07093
02198
04759
07175
07798
07787
02575
02036
02671
06023
03610
03631
01999
07180
03455
07494
02313
05837
02046
02047
04066
07391
07102
05808
06920
03072
03074
04096
05838
08973
07147
07552
03588
02057
02057
02058
03117
03599
07481
02016
03322
07003
02613
07588
03606
02011
07001
03978
06147
07675
03979
08311
07390
02414
02417
03413
03406
03408
02078
03088
03596
03595
03189
03676
02403
03695
02553
07659
03149
03153
07684
02031
02032
03406
07127
07402
02503
01796
06145
03500
01995
01996
02379
07054
02200
02195
03769
03670
06158
02003
00058
02003
06867
06980
05810
04764
07010
07101
03530
07007
02670
06207
07091
02356
03437
06142
02502
02656
03722
04763
03455
05782
02409
02004
06889
07734
06147
07028
02005
00446
07182
02053
02054
07043
06189
07402
02050
07058
07576
03924
06895
07019
02410
04755
01617
03702
02015
02016
07243
03694
03686
07667
03752
03750
06139
09808
02836
04656
03620
03831
02407
02406
02406
03776
03646
03585
02498
02396
02391
02404
03406
02066
02665
02034
02033
02455
09001
07552
00799
04761
04047
03719
01997
01998
06041
01415
00558
03981
02043
02044
02041
02042
06162
06167
03795
01997
04750
03553
05515
02483
03701
07088
02048
07663
06861
04752
03743
03559
07117
03500
02821
03182
00647
03688
03650
05781
05780
04027
04028
01996
01995
02058
02057
02057
02056
03811
04079
07152
02259
06969
03733
02014
00799
00127
03559
03561
03637
02575
07301
01997
01998
08082
06048
02469
01706
00042
01912
01502
01759
00145
00762
01142
01246
04091
01599
01887
01560
01638
00548
00548
01919
01920
01630
00946
01869
00215
00574
00982
00797
01262
01611
00615
00134
00147
01462
00604
00927
00873
01923
01698
00824
00574
01895
00666
00457
00500
01897
00101
01908
01465
01738
01928
01929
01000
01925
01924
01921
00981
00930
00859
00931
01881
02492
01737
00833
01935
00652
01489
00820
00012
01790
00973
00067
01710
00645
00059
03100
00997
01207
01091
01669
01465
00655
01834
00057
00606
00645
01487
00790
00765
00013
00817
01693
01814
01496
01523
00451
00632
00074
00666
00641
00344
00074
01759
01069
00104
00104
09973
04654
10024
00609
02233
02233
10023
09932
03379
00496
03379
00641
09771
09773
00355
01617
00151
00151
00858
01640
00253
00626
00655
01241
01609
00766
01783
01502
01725
01058
01113
00285
01433
00826
01775
00566
01579
01897
00641
01455
01505
01426
01756
01591
00104
01687
00864
05297
00832
00432
01596
00773
00261
00286
00294
00020
01754
01626
00102
00697
01087
00108
03270
00759
00560
01494
02007
01493
01937
00287
00943
01520
05936
06042
05936
06042
01091
01006
00817
02876
01662
01867
01715
01130
01897
01875
03527
00989
00942
01139
02377
01711
01126
01256
01783
01091
00855
00560
00615
00134
00927
00287
01613
00101
00640
01092
01937
01627
01689
03439
01525
03379
01759
00275
07304
00600
01469
08282
00042
01719
01749
01142
01915
03386
01649
00053
00901
00819
01507
00383
00382
00627
01061
00937
01595
00950
00970
01940
00075
00681
01870
03101
00344
00059
00681
01810
00616
01129
01735
00891
01586
01754
00768
01866
00252
01845
00014
00948
00919
01778
00789
01595
00600
01938
01251
09941
05774
02227
02227
02017
01878
03551
09858
00405
02902
00640
01740
09933
09760
09760
09958
09959
09950
03673
03092
09767
05366
07395
02402
02556
04748
07303
07302
00126
03536
03798
02231
02013
08972
03565
02116
03643
00432
03744
03747
06910
03586
02899
01633
03113
02408
02418
07265
06287
03282
03600
02614
02610
02612
09793
07043
03690
02959
02860
02913
02197
03734
02044
02192
02909
09710
00783
06287
01975
09790
03075
04758
03636
03154
09801
03630
01953
02035
08083
00507
01997
01998
03321
02200
03924
03628
03545
00799
03296
02224
06949
07303
07302
06183
03770
04087
01448
03821
03798
07708
06173
01653
01652
00163
01840
06911
02014
03306
07220
08994
02394
02460
01338
01081
06942
02169
03832
03110
02897
00297
07588
07560
07649
03216
02558
03814
02668
00329
00356
08309
01679
03820
08304
00140
02843
00324
07154
03705
02055
02601
05596
03642
02051
00240
00242
00241
01644
03772
02013
03735
03767
03768
03269
00406
08307
00425
00426
03738
00200
03602
03774
03769
00426
03424
03821
05539
02536
02450
03597
03188
03071
03116
01624
03605
02863
02867
03750
02990
01962
03469
03470
02519
03664
03169
03169
04063
02888
08084
06186
03169
03554
03495
03501
03496
10255
03736
03587
03640
02355
02950
00380
03685
02907
03076
02965
02933
07673
02298
02113
02956
02110
10960
02667
02670
02669
09792
00407
09005
03611
06138
05818
06886
07112
07112
04760
08591
05805
07722
04653
04651
03618
03619
04653
03192
05589
02423
07232
07738
02968
06985
02389
02388
03724
08310
00957
03641
02945
00404
03183
03303
02032
02837
08305
03497
02914
02258
01602
06076
06282
00798
01695
02433
02435
04754
03775
03808
03808
04567
08300
06179
04773
02825
02238
00412
10680
03760
04562
01147
02037
09857
06192
02038
00525
02357
03823
03657
03624
02654
02662
02664
02838
02487
06596
02655
02674
03040
03593
07107
02911
00526
00525
02112
07447
09117
02297
03919
03118
02342
02340
00575
07042
02517
00331
02355
03470
01703
01658
03648
07568
02358
02411
01029
01028
02420
02421
02931
02988
02276
02919
00374
04044
02434
03177
02952
02948
02986
00123
00266
02335
02010
07566
02835
00330
03655
03179
02114
03795
00363
00534
06281
03666
00124
01956
02392
07056
02052
07259
00123
03574
02493
03981
00163
00413
03320
01912
00332
00537
02500
03741
02939
03111
09458
10764
03832
00974
01955
07082
00337
01652
07638
03980
03787
03293
00123
00127
03215
02520
09747
07154
02160
03806
06966
07649
03746
06077
02996
02871
03572
03789
03550
02224
07018
00384
03497
02806
02108
02109
11073
06136
02314
02316
01879
04084
01657
03427
01154
01153
01902
03654
02045
02224
00202
11189
03584
00111
01704
00336
00335
00333
01548
00343
00341
02422
02887
02916
07027
10806
03570
03569
02048
06872
03561
03284
07088
03442
07399
03589
05501
06923
02416
06911
07140
03621
03598
03474
02014
07735
02611
07300
07090
03634
02194
06886
07007
02040
02039
03327
03521
03522
00793
03098
06940
06166
06165
02982
02338
06204
02935
02864
03073
08987
03642
01759
00799
01903
08365
08363
08364
07322
03559
03559
05527
02676
02834
09748
06925
06140
03558
07240
07240
04082
07733
01759
02487
03630
04033
06891
06164
04024
01912
01998
03744
02657
02658
02659
02660
03466
01419
03667
03590
02387
02386
02398
07323
02663
07397
02457
02458
02459
02462
02483
02494
08984
07275
01874
03885
03798
03273
11085
03841
00265
00362
01056
01547
01546
07675
00370
02189
04078
01965
01601
07168
02337
02343
03772
01889
04762
01588
01428
01429
07025
10804
02342
02111
02115
02335
01807
06195
02954
07157
01963
01696
02557
00956
09964
03043
03046
02892
05934
02994
02879
01247
09966
06187
03190
03625
03111
02687
03786
01159
09981
02501
02874
02415
06202
02413
02397
09688
10107
09689
03571
09983
09984
03644
03217
05896
00954
02881
02653
03711
09696
09697
02686
03531
07641
09701
09165
03616
06182
06178
01430
02300
05807
03210
07478
02652
02275
06177
05524
03185
06134
03801
02199
03412
03060
06876
02193
03271
02067
03431
03111
03497
02609
00906
10763
11076
01968
07058
03746
10217
06180
01890
03205
11074
01847
11942
00856
09181
07090
07090
04090
12062
12063
12064
12065
12066
12218
12340
02395
14682
03885
06137
11473
11747
11749
03569
11711
11712
12262
12262
11075
01011
03746
08301
01894
07222
09154
11103
12217
11065
02342
07636
03497
03195
11175
00372
02563
08483
02314
01676
11068
03218
03183
02427
00342
00373
00371
03802
00338
07178
01681
02358
02527
02078
02451
07305
00201
03497
03497
02650
05973
02480
03885
03719
03719
02299
03561
07006
07006
00031
11473
12061
11472
07516
02452
07454
11811
02496
03710
03556
03556
03556
03734
12972
00620
09159
07086
02510
02049
02049
04042
12059
12060
12056
12072
12057
12058
00823
12068
12069
00023
02314
02314
14228
14219
03642
13010
13292
07119
07119
11719
11754
11754
03496
11753
11752
00595
00595
03524
06168
01243
12067
02303
01950
11717
11720
00602
00294
11927
03466
06950
07644
13590
05685
07093
07733
03325
07481
01814
01961
01262
01491
13288
07240
07246
02348
13482
12339
13038
12573
13628
00795
02523
13934
13930
07336
13928
13929
13931
13932
13933
07793
14067
08692
08691
14058
06020
03342
07516
00029
13888
06999
09457
00281
03673
12979
13634
03782
07289
13643
13775
01792
03635
08998
10778
07001
07123
02484
13481
06995
09471
07045
14218
07248
03566
06917
00529
13635
13816
14232
14232
00800
00472
14228
07213
14393
14233
14225
14228
14162
06016
03458
03088
06938
03286
03753
05591
07141
07114
02014
09926
07122
00024
00024
07287
03394
03088
07001
01999
07058
13766
00632
07032
14229
14153
14220
14287
00020
14233
14260
21029
14233
14221
01561
14225
06857
14228
07003
14234
14218
00941
14236
14230
14224
14219
14234
15763
14233
14228
00459
05966
14161
14218
14219
14232
14233
14237
14232
14225
14228
14221
14231
14205
13993
02533
14219
14236
14218
14219
14224
14233
14223
14237
14161
14160
14170
04517
14235
14267
14234
14225
14441
00830
14226
05834
01966
01524
14652
14219
14230
14226
14237
14237
14227
14222
14162
14160
12256
14223
09004
14230
14229
14234
14219
18893
14231
03699
01426
14230
14235
14228
14645
22325
01759
13930
16011
13409
13408
15011
10896
15270
15726
15724
15012
15034
00018
18901
01457
03611
01969
18366
18365
14761
14742
12543
16011
11741
02405
12055
02031
15773
15461
15554
15765
15553
15539
15555
15762
15763
15764
15577
15576
15553
15738
02428
00114
15634
15725
01692
13766
15725
15762
15577
00459
15578
08086
02188
15578
22325
15760
15761
15268
15228
15866
15866
12541
12542
03320
15977
15987
03781
15977
02189
16092
16091
16090
16137
07481
07481
07481
07481
07481
07481
07481
07481
07481
07481
03466
07454
02043
02044
02041
02042
06166
06165
06164
06163
05781
05780
06162
05774
06167
03795
03394
02189
05934
10025
01801
10216
16257
16260
16259
16257
16260
16259
16256
16557
16243
16242
16244
16244
16243
14227
16258
16258
07038
16249
10747
15764
15761
16242
16246
02617
16245
16249
16165
18224
18223
16171
16267
11959
11959
11960
11960
11961
02008
05825
11961
11962
11962
11963
11963
10094
02226
04719
02303
02303
11991
16915
16841
04719
02303
15762
16969
16968
15765
17226
17225
17226
17227
17103
02030
03644
11209
11209
14220
14232
08738
08738
08738
08738
17247
17222
17224
14232
17223
17226
17225
02029
17103
17225
01990
01990
01990
04084
01992
01992
01992
17686
17686
17686
00254
19745
19745
17760
17760
18139
05772
06281
01086
00122
02031
02032
18371
18372
18225
21430
21345
21344
14534
18366
18365
18364
18364
18382
18226
21430
00138
18661
18850
10747
18901
14222
14229
01153
20862
18778
18902
07278
10747
01971
18903
03496
03526
16898
16899
13993
18979
16238
08365
19092
19221
22468
00590
07451
01066
01066
01066
19416
04771
21323
19416
19641
19640
19837
19661
19577
00799
00992
00799
15777
06131
06131
06132
15777
08992
05770
09796
20034
20035
20074
12132
12132
12132
20148
20074
21324
11529
11529
01167
20906
20907
20937
21071
21053
21023
00821
03863
21307
21308
21309
21416
21417
21405
21405
21405
21405
21420
21405
10914
21498
21703
10026
21563
10914
21703
21645
21703
00043
21929
19591
19592
22010
03892
03741
01816
15576
00097
22132
01584
22292
02257
00611
22348
11206
22452
22491