08744
14218
14218
14230
02313
12267
05982
01770
02338
01126
09860
07042
07037
07235
07237
00382
07236
07112
06950
06206
01620
00812
00790
09458
02372
00648
00645
01304
00800
06881
19689
00759
02336
03574
02371
03856
01035
00981
07220
02343
00806
01872
03306
10110
10109
01810
00859
02838
09133
00929
00929
00882
07027
00784
02342
05350
09764
01176
00058
05337
02120
02118
02117
02122
02124
02123
02119
07025
05570
05568
07052
03498
03499
03499
00700
00852
07316
03783
05570
05568
00974
01409
01262
15986
01885
02033
06147
06147
03783
06948
02823
03406
03750
07219
03518
13479
09698
00059
00626
01784
03615
03614
03612
03613
03617
03616
02010
02010
00088
04488
03518
06179
11751
07034
01619
00805
01489
02446
01104
07031
01835
02433
00845
05822
01990
02004
02653
00949
03406
03803
02025
06346
03177
06902
03406
02025
01006
02428
02051
00939
10254
06990
07030
06147
09137
02004
01439
06864
01571
03711
03442
02033
02035
03406
03698
02030
00567
05815
05814
07729
03386
01515
01424
02428
03409
03593
07315
00575
01258
01572
06196
01990
07027
03406
07052
04763
02056
04767
02035
02033
00639
01992
07584
01478
03519
03518
02824
02242
09942
00548
01848
07588
00059
01092
02035
02033
03406
03406
03406
02499
02035
02033
09825
09009
06603
00575
07457
06897
02025
02025
09815
03711
02238
15635
09138
00616
09762
01934
06928
08974
03406
09749
07098
06183
07067
00059
03406
01768
00608
00876
01844
01735
01884
01884
01270
00996
00996
00971
01179
00015
00634
00634
00980
02341
02484
02484
07979
02435
07460
04070
02073
02413
02072
02071
06173
02034
01918
15495
03639
03637
03750
13829
01736
06871
06871
06871
00175
03664
04485
03696
03763
04768
01915
02520
02916
02887
01873
11754
03550
04042
00948
02897
01056
15987
06158
03563
02397
00600
00176
03980
00826
02470
03590
03531
02652
01588
01923
01952
01952
01952
00764
01933
11175
00602
01945
03308
02939
02963
02990
07175
07301
09808
00940
06969
00975
00975
01012
08281
03609
11068
01734
00099
04075
03798
07636
00756
02355
05569
05571
05566
05567
00342
00337
01937
02078
01892
03667
08591
03977
02945
03527
00945
01876
00611
07560
03628
12960
07139
05919
03150
01012
01744
09747
00134
09761
01875
07001
03215
00688
06178
06024
05896
01867
00283
00282
02437
00605
00850
00873
03701
00174
00175
00177
15518
00773
05571
05566
05567
04759
04758
03655
03544
02600
09748
02337
03407
01972
07507
00997
07456
01662
03625
02356
03555
01358
03979
00969
00014
06969
06142
06861
06966
13038
07088
06929
02034
15342
06001
00606
03524
00760
02409
02410
02411
02412
00791
03666
03665
03631
00075
03091
01869
01926
07056
03601
00762
01591
01465
01924
02563
03588
01925
03738
03636
01733
02039
02036
02038
02037
02040
15987
15342
09000
09127
02529
02063
02835
01868
02377
01711
02377
03208
01883
07137
09013
07043
04043
01887
01142
07568
06942
06925
00864
01034
12995
01953
01953
07282
03797
00876
00074
02012
02011
02012
02011
06442
01951
08223
08602
06989
03517
00767
09013
09014
11717
14415
09116
03704
03704
03630
06287
03734
04069
01534
05823
00928
00215
01714
01586
00133
07138
08223
00261
00925
02003
07095
03569
03565
01975
14441
07053
00331
00332
00333
00266
03092
07240
01512
03088
03702
03306
07220
03569
01159
03070
02836
05810
01950
01999
01624
03106
02959
06960
02860
00554
02884
03100
03501
03800
06941
09711
03685
00615
09770
03217
08998
03536
02914
01893
00690
02556
02557
00057
02879
02919
02518
01265
03076
02876
02907
02988
02881
02933
02994
02954
02931
02895
02874
02961
02904
02878
02982
02890
02965
02886
02892
02926
02906
02946
02358
02355
02992
02950
03154
03149
03150
03147
00648
03572
03218
11145
06871
14652
00794
11752
00793
01893
03924
06199
03530
02039
00858
02221
06997
03551
11749
01939
02528
07447
07462
03696
02386
02393
02394
02392
02392
01251
02013
02015
02016
06200
02478
00334
00820
01207
03592
03568
10773
01091
02529
02034
01775
03168
01921
05979
01903
01902
07085
00783
05837
00789
02968
08681
06215
00763
05813
07137
01697
07001
07133
07238
06973
01752
01752
09129
03412
03529
00901
03686
03687
03705
01928
01929
01000
01711
02377
03271
02840
02434
06885
00991
01151
04088
04087
00943
01443
03439
00177
09141
02834
00111
00757
02519
01610
01878
01879
02003
03820
07095
06416
01091
05515
03525
07566
02422
01611
00797
04096
06167
07095
13993
00876
00962
00111
03407
03408
03413
02419
02420
02421
02401
02400
02404
04562
03410
03411
02405
03723
01579
04066
02406
03408
01783
06949
03040
02986
02948
02952
01057
01448
03596
11753
02108
02110
02109
02113
02111
02115
02112
02114
01756
03545
06959
02408
02388
02387
07397
08963
00060
03101
06180
07040
02911
03621
00820
09710
02967
02231
02233
00384
00176
00174
02956
01464
09117
02078
06168
01581
03500
14540
04061
02406
05946
01338
03978
03650
00919
01419
09777
00942
03060
07444
00761
06871
02888
02899
02871
02996
03086
03657
03758
02913
03073
02601
02867
02863
02864
02935
03043
03046
02064
01809
01866
03075
07571
02909
00172
00171
00169
00170
02357
09903
01689
03610
01849
05606
01870
03151
00655
08999
13789
13292
03424
01915
00973
01999
01997
01998
01995
01996
12573
02217
02389
02390
02385
02556
02415
02416
02417
02034
01628
00812
03470
02493
01881
01874
02469
01356
01808
02237
09765
07053
07277
07259
01586
02034
00031
00931
00147
00286
01647
03703
02687
03495
03564
03438
02407
01299
03431
01491
01938
03412
06901
08602
00849
00965
07407
02529
08982
06208
01273
02529
07391
09817
09816
03284
02396
02398
01890
01889
08301
03928
02406
02406
03074
03072
03210
01776
06958
07738
03624
04567
02902
06153
03786
04078
04077
03587
02340
07023
05592
08303
03110
09766
00566
00954
00926
07007
03653
07150
04069
02057
02057
07335
03787
01462
00604
05808
07141
01486
07335
02057
02057
03523
14155
00965
00703
07478
02028
01156
07003
02035
01990
02488
06921
06921
06921
14235
10108
14232
02557
10716
10716
14223
14230
13643
15496
16370
16329
18014
14223
14228
16328
02026
02031
16785
16786
16787
02027
14230
02025
02025
07012
14237
14237
14234
16203
02030
01985
01985
01985
01983
01250
00927
01803
09810
14232
17316
01992
01992
02029
17317
17315
01992
14227
14225
14228
01992
01992
01704
00951
15024
02030
14230
14233
01703
05601
01992
01992
01992
01992
01992
01992
14218
10112
10112
01990
01990
01990
01990
01990
01990
01990
01990
01990
01990
01990
15497
01977
01977
01977
14230
01980
01980
01980
17758
17759
14231
02226
14237
14222
14233
14224
14224
14234
14228
14220
14219
14234
14236
14233
14228
14219
02026
02026
02026
02026
02026
04757
14226
14231
14228
14219
14219
14229
14229
14225
14225
14232
14232
14221
14233
14224
14228
01791
01791
17828
02027
02027
02027
01187
02027
01187
07003
07003
07003
07814
18013
13010
17898
17899
17992
00091
18011
18012
18330
00336
00335
06139
07133
07015
03406
01999
03406
02241
03413
09777
02035
02529
09022
01990
03406
03406
01491
02456
03406
03406
06871
03797
06995
03406
02529
07814
02051
02050
07053
03413
03407
03407
02056
03406
03408
03413
13626
02418
01835
18331
03742
01200
04749
04749
04749
07705
18707
18682
07483
01356
07171
13677
01356
06147
03111
03111
06218
01872
09951
03526
16149
02483
19088
07464
19075
19142
19076
19091
09951
19091
00571
07061
19141
17865
07317
19090
02032
04771
02025
02026
02031
21400
07315
19802
01843
12132
18889
18890
07242
01208
20885
01214
11529
21009
21012
21071
00821
21071
21011
08968
21071
21029
06217
06909
07455
02314
01520
01160
03553
07313
01174
01493
02316
02314
00857
03465
03546
21636
00525
02335
02031
02031
02031
21219
21399
10914
01176
21672
21929
21898
19802
03595
21903
07456
03547
22205
22305
06993
00336