14155
09127
10218
15771
01181
14393
02081
01069
01934
01077
00703
00975
01953
01953
13016
03629
04066
08224
07588
02346
02343
00690
00528
01620
01126
02237
02238
03497
03496
03501
03495
01754
01087
00697
05827
05813
02026
02025
07814
01755
02662
02664
02666
01736
00891
01735
00259
03177
06178
00760
09125
11472
11473
03928
00748
00677
02372
02535
02536
03569
00930
09808
07030
01791
02033
02035
01439
01596
07107
01810
10188
12308
00849
04083
03750
07795
03575
06929
01494
02502
01585
01915
13522
01839
07090
06196
01624
01783
00384
00275
07043
00111
01322
01834
00600
07250
11071
11069
07250
01754
02470
00766
01658
01657
00145
00611
03784
07082
07447
01872
06941
06958
08972
08223
02003
06966
02003
05982
00940
03702
00820
00826
07090
06923
07099
01961
12257
01951
00602
09117
05837
03116
02018
02020
00626
11069
11071
09748
02600
02519
01356
03925
03438
03587
01929
01000
01925
02563
01924
00075
03589
03590
00325
00324
00324
01649
01649
00053
01653
01652
00384
02379
09764
12410
00788
03154
03149
03153
03147
13038
03531
01159
09790
02012
02039
02356
02160
06215
08681
03664
03529
03733
01892
01876
03775
01738
04485
02034
02033
02035
01611
00797
03544
01358
03545
11068
10543
10544
10545
01886
02341
04042
07042
06217
07403
00014
00901
12574
00962
03116
03183
03118
13292
00639
03801
03644
03710
02357
09903
02939
02838
00981
02963
03111
02990
00099
02967
01589
00548
03820
03075
02035
02033
02034
07131
06187
09747
03564
05515
02520
03657
07075
01338
01681
02000
02002
03466
06142
06142
02342
01895
01895
01912
00046
01996
01995
01998
01997
01999
00074
02836
00790
00997
11740
00483
00151
05921
01714
02426
03086
00793
11752
00794
07693
07778
00882
10439
10440
09988
06999
01849
04094
03431
07107
09251
12573
00859
02687
09761
03550
09696
09697
07025
00265
06416
06973
01883
03168
03723
07335
01972
00648
07088
04487
09816
09817
00428
01679
04564
01609
07001
01996
02316
01999
01997
01998
07277
01512
01995
03665
07156
09793
04074
00010
03337
00010
03336
03335
03338
06997
03783
03046
03043
01875
02435
01740
00641
00281
02437
00605
06883
07080
02500
11755
02446
00133
07001
06915
00684
03100
01647
01419
03667
02549
06877
03650
03281
02956
02274
02275
00615
01489
01687
00052
01704
01703
06168
00560
00342
00341
00340
00339
00338
00337
00336
00335
00334
00333
00332
00331
00330
09981
06016
02051
02050
02050
02049
01464
01338
03696
00287
01880
01854
03328
00067
01710
01790
00973
01895
03924
07127
02050
02049
02051
01845
02492
01749
01719
01698
01599
01772
00231
00791
01151
03642
01262
01870
00616
03628
01902
01903
00954
00286
09129
03564
01807
01874
06208
02909
00857
07402
03518
03519
02916
02887
06888
06891
03694
13481
13482
07402
00031
03565
01696
01695
02618
00164
01724
02871
00162
01628
00382
00658
02996
01448
03775
09000
04567
03624
00161
01803
07161
03519
03518
02433
07516
01486
06223
03711
01937
09165
00681
02033
02035
09769
09825
01868
08296
00937
02011
02012
03787
06942
03797
07107
01881
10773
03439
00163
00627
00945
00800
01740
07300
00845
12063
07316
04763
00457
07056
00850
07304
03469
00620
11709
11708
11710
11707
00973
02025
02026
11105
07442
08084
03596
03704
02078
00059
00645
00648
02911
07568
00640
09458
00059
02193
06196
01754
08999
00759
00759
01848
06381
00854
01805
02259
02275
03711
01749
03182
07460
07478
03695
03672
03686
00140
03553
01975
06980
01465
00609
02825
01635
00847
03521
03522
00013
01637
01915
06158
02529
05710
09015
09014
09013
05813
03885
01601
02487
06596
02660
03408
02658
01955
07240
02035
02033
02034
01848
03609
03608
05896
01867
03088
03829
01586
07010
01817
07148
00619
00088
00252
04767
04768
02194
02195
02197
02198
02199
02200
01866
02968
07040
00927
00134
02654
05810
07015
02652
04761
06969
02123
02124
02121
02119
02122
02117
02118
02120
00817
02227
00549
00525
03647
00928
00024
00027
03980
03546
03547
07214
01595
01515
11753
01476
01814
07090
00390
00860
07462
05571
05570
05569
05568
05567
05566
08963
00688
04075
06176
03106
02959
06960
02860
00554
02884
02049
02050
03116
02237
07090
02652
01480
00948
01243
01129
06180
03551
07173
03498
03498
03499
07112
01869
02051
02049
07058
00147
00931
08602
05350
07104
00067
09680
03437
04078
04077
01480
03624
03787
07456
00989
04063
03088
00705
00175
00174
07086
07107
00031
01588
01897
03110
07566
06969
06195
03797
09812
05808
03496
02064
02063
09705
07736
03470
01207
01443
03572
03555
03638
02469
00864
02291
06443
00261
00261
02523
01926
01823
00820
00074
03284
03926
01750
09811
03310
03186
06153
00991
00919
03571
03570
03282
00817
01693
02501
00852
02528
02864
02935
03424
02863
02867
02601
03073
02913
02358
07576
01255
05979
05343
00297
01939
01295
01887
10563
01921
02022
10027
05813
01433
02338
02313
02026
02025
06925
08151
07240
07240
07738
07164
12251
10536
01933
02434
01448
03579
06967
07112
07112
02945
03705
03320
04751
03218
11175
01945
01092
02493
06346
03217
08998
03536
02914
01995
02035
07560
00058
03179
00655
03530
00765
00556
06994
03798
04043
03687
05516
02016
02015
02013
02016
02231
00768
02233
01507
03639
07001
00852
01775
03969
01662
03216
05831
01997
01998
01996
00135
00137
01845
07642
03734
09939
01689
00873
07571
00208
07004
01730
00874
01625
03337
02529
02529
05350
01533
01104
06207
05814
07182
07182
00128
15539
00065
03709
05341
01655
02669
01895
02669
03704
01756
01923
01952
01952
07025
01952
00764
03924
01556
00453
01999
01997
01998
01995
01996
02337
01893
00167
00627
00382
03610
08976
01745
01712
01468
01247
03637
04486
03525
00872
03621
03769
05946
06024
02653
02003
03744
01640
01770
07341
00824
06381
00876
00847
10112
06876
03593
03657
00604
01462
03655
09001
00757
01963
01962
09775
01491
03625
01998
01995
01996
01997
01999
07734
02041
02044
01448
01733
02019
00812
07586
02609
02610
02611
02612
02015
02016
02013
03592
02015
03839
03568
01448
07301
02340
07080
00761
03703
00003
00853
10227
10228
10229
03671
09763
01591
09710
03979
02899
02888
01619
01414
00567
06287
01873
01669
07090
01338
01809
09007
04488
11717
00783
00166
06213
02011
06173
02034
02033
02035
07160
00809
06886
03595
04096
05539
03527
01299
04767
06878
02347
03975
07397
00948
09163
09759
00525
00942
03060
03402
03631
05595
02355
03856
07098
03070
01409
02016
03405
02016
02016
07243
00782
03786
02013
02016
02015
02016
03523
03524
01153
01154
03427
01635
02025
07106
08591
09137
01734
02016
07075
09915
03574
03797
01534
12503
11070
01187
00104
01715
01784
00965
01187
01198
00104
00248
01487
00020
03520
00392
01897
01426
01436
01593
04517
02303
04127
01434
00446
08295
01055
01607
01273
03719
03892
13993
13993
13993
06147
06147
02010
11072
02055
02053
02054
02052
02058
02057
00626
01992
02027
01990
02057
01992
03752
02040
02037
02038
02036
01056
02897
01638
01611
00239
00240
02890
02965
02886
02892
02926
02906
02946
02358
02355
02992
03701
02314
02879
03040
02986
02529
00566
00762
02950
07152
02428
02616
02948
02952
02919
02518
01265
00939
03076
02876
02907
02988
02881
02933
02994
02954
02931
02895
02001
02874
02961
02904
02878
02982
01007
09773
01885
06861
00057
09005
00943
01928
00868
02529
10552
10553
10554
00854
02025
02026
01999
01997
01995
01998
01996
00059
06199
00773
02902
03101
03798
00294
00789
01915
01999
01998
01995
01996
02035
01997
03977
08714
02835
01997
01999
02624
00449
00448
01857
01027
01940
01755
00619
01956
07075
02034
01890
01889
00481
03574
01835
07245
07793
00019
02057
02057
02056
02056
01992
01992
01990
01990
02650
07794
02483
05715
00344
00344
00344
01537
03741
01090
06183
01802
01802
07496
03296
07216
06992
07052
07065
06218
09002
09386
09704
13853
02057
09785
08591
00958
03654
01998
01156
13640
01934
07157
02614
13892
11754
02004
02004
02077
05592
05813
00951
02056
11749
04782
00564
13789
00329
00356
14231
02663
02033
08982
01079
00881
07114
02660
07101
07407
00941
14228
14218
14228
03574
05565
14224
14229
07011
14219
03588
03741
14228
14233
01466
07114
07114
07114
01505
00318
08982
01739
05826
00632
00666
13641
07114
00666
00852
14219
14232
14232
14234
00830
11070
14228
09461
14234
14220
07011
14228
14232
14236
01977
01977
14223
14221
14230
00459
14219
14225
14233
06881
14233
14222
14237
14230
14226
14237
01980
01980
01434
02005
01985
01985
14223
14441
14225
14225
01524
02017
05606
14227
02304
14219
14230
14230
14237
11072
02027
14218
14229
14233
14225
01011
14267
09815
00949
02083
16329
06919
05799
14652
14645
14224
14977
14234
03086
07319
03297
00249
02533
03611
01055
15372
15509
15342
15342
02342
10189
15408
15635
03929
03719
09022
02428
01692
05824
15342
05828
01432
07130
05829
15772
15866
18445
15975
01448
14235
16793
04518
16515
16168
16167
11645
05815
15770
10190
16792
10238
10237
10236
02032
02033
02034
05825
02026
18816
09972
07012
02027
02025
02026
02029
09810
11720
16843
16846
16844
14218
18682
02003
16845
13485
16937
07091
02028
17223
02029
17223
17318
17227
17319
17316
15878
17317
17315
08738
15583
17218
17218
17222
17224
17226
17320
17222
02030
15879
17225
02010
01992
01992
01992
01990
01990
01990
01990
01990
03298
17723
19745
00254
01897
01187
01011
01011
03520
17882
11782
22490
18285
11785
11783
03742
19139
03462
18707
18928
06218
18929
01872
00754
03526
19046
07464
19142
19141
16238
19119
19123
19125
19159
19138
19117
07061
09951
00798
18918
19200
19091
00484
19140
00590
07016
19158
00571
09951
19124
19118
00499
00135
19126
19076
09951
01785
01990
01992
01990
01992
17686
19686
18828
19687
19689
19689
17722
18151
09796
12132
12132
01208
20074
18890
18889
20810
20754
11529
11751
01208
21029
21142
02335
00526
02027
21472
22044
21420
21600
21600
21600
21600
10914
10914
03215
21929
21929
22136
00754
22205
22213
22187
03564
02257
22336
17758
17759
22502
22491