09127
07497
15771
07496
00873
01689
02338
11754
04751
03216
01662
03969
09386
03320
03705
01156
10027
13953
12503
01187
01784
00104
01715
01897
01487
00020
01436
01593
04517
02303
01434
01607
01273
03719
13993
02010
11072
02053
02054
02052
00626
00632
01992
02027
01990
01992
05341
01916
01835
07793
02057
02057
02056
02056
01992
01990
01990
02650
07794
05715
00344
00344
01537
03741
01090
06183
01802
01802
03296
07216
09002
13853
02057
09785
00958
01426
01077
01934
01934
01354
04066
08224
07749
07164
13993
06415
13789
00329
00356
14231
01897
02614
00941
03574
14228
14228
01990
14228
07979
03574
02057
14224
14228
14237
14220
14232
14225
14225
07011
01983
14219
03588
03741
14228
14232
14233
00666
14229
14221
14234
07491
07491
14218
14232
07496
00666
03709
01187
14233
01113
07011
00392
01977
01977
14223
14234
22278
14230
02055
00015
14219
14233
14236
06881
14225
14222
14237
14226
14218
01980
01980
08998
03709
00965
01992
01160
14223
14219
14441
00974
01178
01524
02017
05606
01985
01985
07052
01978
14227
02304
07496
14219
14230
14230
02669
02652
07015
05810
06999
04077
04078
03437
01810
14237
02529
00826
07738
03629
07090
07043
00820
03702
02945
10229
10228
10227
02529
01462
00604
00850
01939
06207
07566
06195
02044
02041
10554
10553
02003
01872
07447
07082
02669
03218
03271
03273
02575
02575
00373
00371
00370
03575
06929
01207
01443
00820
03521
03522
00208
00796
01633
06958
06941
02470
00766
01657
05831
00950
01749
03182
07460
03525
13038
02654
02836
00790
08309
07228
03672
15977
05349
02529
07568
07571
09930
01754
03750
00765
00556
02034
01881
10773
07107
08972
08223
07300
05539
03527
04096
00764
01952
01952
01952
00847
10543
01805
07173
03801
03644
02039
02337
03183
02341
02040
02037
02038
02036
06942
02019
03798
01921
00826
01056
02897
00690
02529
00297
03975
05592
03639
07795
03088
02275
01434
05845
05846
00945
00800
00940
08982
06916
01839
12410
03977
05813
00600
04768
03800
01486
03704
01963
01962
09015
09014
09013
01637
00864
06886
01869
01923
01756
02003
07642
03704
03787
01770
03306
07220
01738
03775
00782
08602
02016
03524
03523
01247
07664
01494
02502
02888
02899
03979
00969
09710
02669
01624
00948
01251
02003
00975
00703
03043
03046
01628
02990
02963
02939
01255
00566
06980
01975
03569
00897
11072
14218
01586
07010
02346
01775
03147
03149
03154
00788
00384
00684
03694
06891
02343
03594
03695
01061
05516
03687
04043
03798
04047
03530
00655
07090
05827
05826
01655
03470
05813
05813
01556
03086
01485
14225
14230
14233
02536
02535
02372
00677
00748
03928
03310
03186
06153
00991
00919
02064
02063
03088
01295
05847
05846
03637
01809
07156
02194
02195
02197
02198
02199
01866
02968
00872
03686
07734
07478
02616
01868
10778
03337
01007
09773
11717
01011
09815
00949
14234
02083
01895
01895
09817
09816
00316
03924
01638
01611
02291
06443
01926
02523
00261
00261
03217
03536
00823
07516
02618
00162
00161
03545
01358
03544
00797
01611
03466
06142
06142
09936
06966
00140
03657
02996
02871
00164
00658
00382
00763
02347
00303
00286
09129
03564
01807
01874
09786
07180
06208
03281
07160
01875
02435
01696
01695
03408
01673
01465
00609
02825
03547
03980
03424
07099
03565
03565
01712
03710
01745
03924
03070
08963
11753
01595
07001
03100
01419
03667
06915
01159
03531
03590
03589
00075
01924
02563
01925
01000
01929
03587
03438
03925
00031
01883
06973
06416
03550
15866
00928
07101
00024
01849
07127
02914
01995
01997
01998
01999
01996
03609
03608
05837
03116
02018
02020
04487
01687
00052
01704
01703
01867
05896
06176
04075
01647
07568
01534
01468
01735
00891
01736
02453
02662
09747
03564
01669
02013
02015
07397
01448
06969
03797
09812
05808
00242
00239
00240
01895
06969
03584
06888
09769
09165
01937
06923
13481
13482
07402
03655
00074
00705
12257
02519
07742
02600
09748
03703
03110
06861
03555
03572
01433
02529
06158
11175
01945
02493
00989
01356
01817
00937
08296
02520
02916
02887
09793
00334
00333
00332
00331
00330
01912
01761
01589
07086
01588
00031
01886
00942
03060
03402
03631
00997
03797
03100
01733
00003
03820
03075
02034
06187
09811
11473
11472
04486
02347
00382
00627
00167
00166
00783
00324
00324
00325
01299
03797
01734
07456
01448
13292
04042
03116
03118
00343
00342
00341
00340
00339
00338
00337
16329
14977
10549
14229
06919
14652
03324
14645
14224
01194
05343
00962
02956
08602
09163
01783
05979
06168
00688
02355
01681
02379
02015
02016
00133
01880
03696
04485
01903
01902
01640
01951
00602
12573
07107
02834
03431
00014
07403
07042
00901
03624
04567
03624
03385
00925
00641
01740
02012
02011
07088
09761
02687
00283
00282
02437
00605
02275
00615
02356
02160
01961
01151
03642
01870
03628
06215
08681
01893
11749
00099
00981
02838
09903
02357
02967
03723
02033
01876
03664
03529
03733
01892
00134
00927
01803
14267
07001
00954
01972
02011
06173
00012
01790
00067
00973
02835
03322
06199
03088
02529
07335
01464
01338
02961
02904
02878
02982
02890
02965
02886
02892
02926
02906
02946
02355
02992
02950
06024
05979
05946
01649
01649
00053
01653
01652
00384
04564
01609
07080
02500
11755
02013
09117
03282
00876
00791
13993
02909
00859
00259
02902
03101
00812
03671
03621
05982
00973
02029
00620
00145
00611
08591
00275
00111
03701
06381
01356
03579
00848
00930
02879
03040
02986
02948
02952
02919
02518
01265
03650
01512
03665
04074
06997
07277
01955
01915
00757
02013
02015
02016
14415
06925
07141
03752
00057
00762
01591
02012
03076
02876
02907
02988
02881
02933
02994
02954
02931
02895
02874
07152
05520
08223
01495
00978
01845
02492
01749
01698
01599
01772
00231
09808
00773
06199
09125
00760
06178
03924
02612
02611
02610
02609
08094
07736
01889
01890
00850
07056
02034
00948
07090
02434
01933
03601
01776
03297
02884
00554
02860
06960
02959
03106
06213
03086
02426
07106
01714
05921
00074
01999
01997
01995
01998
01996
01912
07157
00163
00627
00789
00318
09707
07090
00036
00648
01999
01997
01998
01995
01996
00019
04094
02276
02276
02275
00759
00759
02666
08999
01754
07148
01956
01755
01940
07560
03179
12308
00849
04083
01845
00137
09775
01491
03625
01998
01995
01996
01997
01999
00809
01887
10536
12251
01928
00943
01755
03786
01915
01999
01997
01998
01995
01996
02034
11754
03831
00761
07080
00252
02340
03568
07090
01873
07462
01814
01476
07040
02911
00648
00645
02078
09458
03570
03571
05515
03610
08976
06878
07736
02528
02501
01693
00817
01338
07090
11068
07107
00574
03168
00931
00147
07058
02935
02864
00453
02863
02867
02601
03073
02913
02358
01129
03313
06180
06950
03551
01995
01996
01999
01997
01998
09001
03710
02034
06381
06287
02533
02358
01740
02003
00013
02457
03596
03439
14155
07406
01620
01126
02237
03501
03495
01448
12141
02529
02034
05979
01624
01783
00855
02469
00036
01057
03926
03284
01640
01915
01995
01996
01997
01998
01999
01915
02003
01740
02045
02034
07240
02053
03116
01338
03654
01147
09969
09970
09971
00817
02231
00768
02233
09165
08980
11752
00793
00794
01546
01547
01548
07646
02237
12140
00615
02049
02047
02046
02048
00390
00860
01421
10255
09000
03581
01724
00548
02549
02658
02660
02660
02487
06596
09697
09696
07025
01692
01466
01409
07098
06910
07182
00241
01823
06346
01848
11069
11071
00626
02123
02124
02121
02119
02122
02117
02118
02120
10563
10117
01848
01885
01092
02342
09981
00700
01854
05595
01011
02033
07131
07104
07496
02056
01601
01322
07263
02025
01990
07316
04763
00230
02004
00852
07031
00374
01788
03455
00046
01439
02033
05814
04767
00059
02025
02049
01259
09825
06196
02200
00830
00851
00010
04488
07025
00616
07004
06994
00088
11707
11710
11708
11709
00854
01635
03498
02004
03499
01104
07120
00598
02025
01480
01507
02005
03405
01515
07052
03611
09680
07114
01596
01055
07214
15372
15342
02010
02342
15342
15408
04063
01854
09137
07052
07114
07069
07586
00939
02428
01719
07030
09137
01692
07114
07114
00854
00854
02025
07304
07588
02025
11085
00104
15635
03784
09764
00135
09251
01489
07658
18672
01480
02035
03177
09763
03929
06877
11105
03783
00854
02035
03769
03711
06883
02274
01262
00616
02025
13640
00027
04518
04767
02050
02050
02051
02050
02049
02653
09705
01679
02446
00639
01619
00845
02433
00970
03518
03519
07161
01585
00294
02274
00619
00058
11071
11069
07250
11069
02025
02033
03469
03593
00059
07504
02033
01619
00852
02004
07442
01011
02238
03647
01602
01601
00033
02050
02004
02033
02025
08738
02049
02050
02428
06196
02446
18144
05824
03797
15539
00249
15342
15342
05828
07130
05829
05830
15772
15876
18445
15975
00483
01191
02480
02483
06016
07491
01077
06196
12140
12141
02529
02027
02025
02026
03647
02035
02035
02035
02035
02035
02035
14235
01069
07250
13993
02051
02051
02051
02055
02054
02052
02058
02030
07497
06940
07132
02025
16793
16167
16168
03699
05349
05815
05813
02034
15770
16792
10562
10118
10560
10559
02032
02033
05825
10561
10119
10117
18816
09972
07012
02851
06400
11720
16843
18682
01533
07245
16846
16845
09810
13485
02193
07091
17225
17222
09972
02028
17223
02029
17223
11070
11070
07649
17226
17227
17316
10440
15878
17317
17315
15583
08738
02025
17246
17245
17244
00951
00265
00151
20885
01897
17218
17222
17224
02030
15879
17225
00681
01992
01992
01992
10112
01990
01990
01990
01990
02026
07576
10112
02026
02027
17723
02027
19745
02026
02026
02026
02026
02026
02026
02026
02026
01658
01791
02027
17758
17759
02027
17836
12574
01187
02027
00254
03520
17882
07045
00008
11782
06910
08982
02004
03797
07642
22490
03086
02016
07669
07152
03581
02652
02669
02650
00231
07669
03657
02653
06158
03520
01945
13766
18285
11785
11783
03742
19139
18478
01356
03630
19076
00335
00336
18676
18707
02313
18928
18917
18917
18917
07012
18843
18910
18829
18828
03790
12063
03111
03496
03790
08151
03111
03497
03497
03111
00446
04565
03497
03496
03496
03497
03205
03205
03496
03497
18929
01872
22144
03526
02663
01820
03892
02664
19046
16149
09951
09951
07464
07464
19142
19141
19119
19123
19125
19075
19138
07448
19117
07061
09951
19200
00798
19091
00484
19140
19091
07016
01710
00102
00571
01239
19124
19118
00499
17865
19126
09951
01785
01990
01990
19302
07497
07497
07497
07497
07497
07497
01992
01990
01992
19302
00525
00525
00525
17686
19686
19687
19689
19689
07064
07064
17722
18151
09796
13638
02035
21909
20074
12132
12132
01208
20074
12980
18890
18889
02619
20810
20754
11529
02081
01208
01208
11751
20896
16011
01710
02052
21029
02650
00526
00287
00560
03553
03546
02335
02315
06217
00857
02316
02314
02314
06223
21142
02335
02031
07096
05710
00526
02027
21563
21600
21600
10914
21600
21567
10914
10914
03215
21929
21929
22044
22136
00754
01463
03595
21903
22187
02257
06993
03469
00590
22502
22491