04518
00640
02316
01129
01114
01114
01114
01880
01426
00681
02045
02047
02046
02048
02968
00969
00147
00852
00931
02899
02888
00940
01873
00175
00174
01358
01358
01808
01256
00627
00162
00161
01644
01029
01028
00997
01584
02356
00891
00014
01872
02004
02003
01876
01892
00951
00759
03074
03072
03210
00797
00275
00995
01868
00082
00231
01599
01520
01092
00886
03086
03087
00322
01356
00249
01778
00791
00995
01714
00287
00560
00215
00259
02956
00632
02600
01881
02224
00116
00146
01915
01265
00099
00981
02838
01426
02357
02967
02379
03100
02884
00554
02959
03106
00990
03110
01512
01433
01494
00012
00973
01939
01624
00762
00252
00925
02030
00788
03153
03154
03149
03147
01142
01613
03088
00574
00382
01637
00574
01619
00075
01834
00286
01784
00574
01698
01845
02548
00772
01911
01661
02549
03183
00805
00057
00525
02066
02066
02067
02067
02067
02067
00849
02913
03073
02601
02867
02863
00574
00574
00574
00574
00845
02864
02935
02065
03043
06180
00140
00128
00059
02954
02994
02933
02881
02988
02907
02876
01628
00058
00854
03076
00939
01265
03088
00020
03455
00111
00274
03046
01151
02950
02992
02355
02358
00101
02946
02906
02926
02892
02886
02965
02890
02982
02878
02904
02961
02874
02895
02931
03118
03116
00765
01523
00548
01924
02563
01925
01000
01928
00655
01897
02342
00766
02276
02275
01953
00768
02233
00826
00605
01255
00658
01915
00982
01915
00606
00817
01104
02227
00163
00645
02078
00153
01521
01563
02025
02026
02027
02575
00027
00020
01945
00681
01756
01923
01354
01952
00382
01952
00764
01933
02619
02036
02039
02480
00831
00528
00076
02040
02037
02038
02040
02036
02040
02037
02038
01810
01903
01902
01965
00249
02003
02004
00805
00963
01478
02528
00919
02897
00948
01689
01546
01547
01548
01697
00867
02902
00946
01921
00057
00937
01704
01703
01885
00052
00058
02069
00053
02434
02433
02435
01972
00566
02274
02016
00526
00525
01835
02836
00528
00249
00344
01426
02361
03088
00800
03070
00943
01251
01809
00966
00067
01588
01589
03090
00128
00111
00382
01840
00761
00758
01489
03088
01443
01867
00641
01087
01426
00574
01951
02291
00088
00088
03088
01409
01775
01580
00820
02996
02871
02879
03040
02986
02948
02952
02919
02518
01710
01790
01784
00697
02067
02313
02338
02470
02469
00652
01869
02990
03111
02963
02939
02314
00031
00600
02004
02003
02902
01577
02355
00249
00091
00128
00344
00249
00325
02066
02067
02067
02067
03088
01687
01596
01897
00128
00249
00526
00135
02231
02232
02575
02016
02575
01126
01304
00600
01679
02446
00036
00033
01006
00549
01724
00219
00294
03088
00674
01439
00796
01246
00975
03088
03117
02027
02025
02026
00104
01426
02035
02031
02032
02034
02033
00957
01887
01586
00003
02909
02835
02493
00790
00567
01768
01768
01768
01768
00626
00700
00688
01776
00989
00059
00609
01465
01956
01955
01591
00942
03060
00789
00604
01783
00793
00134
00927
01803
03075
01057
00036
00616
00615
00344
01681
01772
01711
01870
01424
03101
01236
00833
00652
01935
01012
00278
00767
00013
00817
01693
02501
02500
01496
01657
01609
01696
01695
00873
02335
02945
00859
02520
02916
02887
01889
00145
00930
00611
01940
01755
01990
01866
00858
01937
00945
00065
00074
02575
01823
01114
00705
03070
02437
00088
00033
01430
01429
01428
02020
02018
02017
00101
01637
02066
02066
02067
02067
02067
02067
02067
00526
02026
02025
02027
01061
02963
02954
02913
02902
02077
02230
02229
03088
01274
00077
03637
00598
03582
01858
03188
02067
02067
02067
02066
02066
00059
00059
00622
03218
01883
01770
00991
01579
01918
00950
00796
01633
01495
00760
01507
01784
02341
03168
02031
02032
01895
00864
00133
00928
02342
00574
02343
00817
01854
01875
01126
00266
00265
00970
03088
02914
02834
02110
05846
02115
02111
03282
03189
02237
00390
00161
03686
02346
02346
00384
00362
03190
01187
01735
03316
03602
03583
06346
03601
01462
06442
03536
02109
02860
01673
03322
06044
02108
01752
01754
01733
02114
02112
05847
05845
02340
03684
01638
03217
02283
01768
01736
03306
03306
03575
01929
03501
03216
03284
03497
03424
03639
01647
01647
04066
03402
03589
03531
01653
03405
03801
03529
03709
01662
02377
03932
03631
06187
06191
03703
03750
03565
03294
03438
01738
01738
06200
03629
01649
01739
03437
03664
03975
03520
03518
03519
03588
03977
03695
03551
03550
01652
01652
01652
03665
03655
03521
03470
03701
03517
04488
03635
03466
03574
03522
03596
06199
02259
02113
02109
02483
01626
04079
03750
02911
01720
06207
03593
03924
03636
03635
03639
02168
03325
03741
03761
03581
03465
00763
01749
03704
03648
04477
03820
03584
06217
03686
03979
03637
04763
04078
03752
03786
03587
03564
03545
05917
03798
00340
03790
03789
03625
03647
03719
01130
02039
03637
03639
03918
00341
00342
02337
06196
04095
03624
03544
03628
03702
03657
03525
03644
03595
03496
03685
06213
04073
00508
00496
03671
03696
03925
03727
04077
03594
01159
03723
00425
06173
04750
04773
01056
00240
00245
00244
04751
02484
02483
03980
02551
03820
00241
03799
02078
03500
03564
03932
04075
03499
03709
01644
04069
00330
03724
00338
06178
04781
00339
00426
03889
03890
03320
04043
05936
03783
04077
03111
02035
00332
00333
00336
00337
06199
00247
04567
00343
03885
03885
00240
00239
03891
04565
00246
00239
03439
03177
03499
04756
01664
01665
00334
03921
03922
00242
04791
04792
04793
03924
04096
00331
00335
04564
01992
01992
01992
01992
04485
04487
03321
07560
03722
00257
04787
04788
04789
04790
05349
05375
09811
05810
05838
03527
03527
09456
05592
09009
03705
05337
03733
00001
02519
06147
06147
01666
01666
03687
03704
02554
01259
06153
02553
03496
02428
02348
05846
00059
07048
07030
07030
08095
08095
15510
19302
01934
05606
00954
07460
07040
07064
07064
07064
07064
07064
07064
07064
07064
07064
07064
07064
07064
07064
07064
07064
07064
07064
07064
07064
07100
07100
05896
06024
07068
07068
07068
07082
07107
07107
07098
00001
02471
03427
03433
03432
07124
07124
07131
06886
06886
07114
07133
07133
07141
07141
06287
07006
08256
07133
07133
07245
02351
00872
07025
07052
07052
07052
07052
07045
07045
07045
07054
07054
07031
07646
07667
07175
07044
06904
06904
07241
06911
06960
07008
06997
06980
06916
06958
06994
06994
06994
06994
06994
06994
06994
06994
06994
06994
06994
06978
06978
06986
06996
06996
06976
07009
06910
07071
06910
06910
06937
06945
07300
07654
07670
07067
06966
07001
07001
07001
06966
07010
07058
07058
04719
03386
07653
07228
07027
07684
07669
07157
07161
07161
07056
07042
07089
07695
07259
07282
06877
06949
06893
06893
07086
07077
06889
06895
06895
06888
07507
07442
03767
07450
07399
07177
08744
06925
06941
07304
07028
06942
07768
07776
07223
06915
07020
07682
07110
06215
08681
07238
03386
07258
07258
06954
06919
07655
07656
07672
08178
07001
07001
01814
01817
03768
07447
07671
06860
07386
07391
09931
03431
07402
09903
09153
07496
10773
07496
01796
01130
08999
09762
08884
08884
09764
09002
08998
01874
08884
08884
08884
08884
08289
09013
00373
02428
00370
03711
07481
07481
07481
07481
02492
09386
08372
14743
09771
06902
09772
09812
09990
09957
09799
09925
09748
07497
00389
09959
03924
03652
03294
09144
09131
08972
09117
09122
00374
00371
09118
06891
09136
09129
10563
10563
06048
00794
02221
09747
08981
09146
09781
09761
00249
09767
08296
02825
03822
08641
07016
09966
09701
03568
09807
04042
07478
09165
09166
00803
00666
09710
07742
07497
07497
07497
07497
07497
07497
07503
07738
07482
07735
07736
07465
07483
07483
07483
07483
07493
07493
07493
07493
07493
07493
07493
07493
07496
07496
07496
07496
07496
07486
07486
07486
07486
07486
07486
07485
07485
07485
07485
07588
07491
10764
05522
01616
00666
11159
16786
16787
12955
00547
10805
10805
10979
01673
13540
06042
05815
05816
05895
05813
05814
10215
01673
11387
11386
05596
03466
01915
01322
11717
03524
04567
03530
00626
01847
11610
00626
11609
11385
07305
12141
12140
00962
07171
02654
01740
11212
11103
05343
02616
11065
05522
00865
11068
11175
00631
00631
00856
00897
01104
11533
00031
03426
00803
02484
00602
12503
12445
10843
01919
12441
12444
01130
11159
00666
02067
18851
00763
18481
00666
01607
01952
01719
11738
11738
12234
11752
11754
12421
12431
12435
12434
12432
12437
12430
12430
12439
12436
12410
12440
12442
12427
12426
12428
12429
01491
12424
12423
00666
13288
00666
00626
12422
03657
00074
03281
03333
01194
19094
00626
01950
11611
01092
00595
09014
00626
00626
00626
11753
01243
00645
11263
11779
01890
03496
09015
01847
02302
11628
11609
11608
00545
00281
05794
00619
01647
02238
12425
13419
13542
00666
01909
01079
13788
13527
12443
01822
03271
00626
01724
01448
01239
12956
01724
13787
13787
00121
13570
13525
13529
01782
03574
09118
03657
13038
07250
00620
12583
12949
12949
12950
12951
12952
13979
13669
13670
13671
00955
00024
13640
01958
12954
01011
01011
01011
01011
00038
14215
08095
13573
11263
03782
00941
22476
01768
05364
14339
14340
01563
13571
03404
08281
01969
00784
13787
00318
13687
13686
13572
13668
13693
00104
09990
01243
01966
13953
14335
00459
02013
14260
01179
14267
00666
14337
03553
11737
14136
14155
04517
01515
01768
01524
14652
12953
14162
14155
01524
14743
14743
14954
14955
14952
14953
14949
14941
14743
14956
01436
07171
16013
16012
03297
14652
06177
14728
14698
14699
00392
14733
00666
00103
15510
05602
00121
15526
15521
03929
01082
01692
01692
01692
01692
01692
01692
01692
14415
12510
01692
01692
01692
01692
01692
01692
01692
15911
01692
01692
01692
04093
01692
21431
00459
15520
15525
15781
15371
01840
22316
01692
01692
04093
15977
15977
15981
15983
16146
16147
16148
16149
16150
07171
18957
18851
18958
10716
07171
07171
16045
16046
05898
16048
16047
16049
16050
18955
02067
02067
02067
02067
02067
02067
02067
16167
16167
01207
16191
16192
16193
16370
11735
16168
01796
16233
03893
16653
07448
16645
16652
16650
16647
16649
16648
02851
00561
16906
16907
16785
11991
16870
16905
17218
15581
19311
01990
01990
01990
17103
15580
15582
00387
10112
17484
17483
14161
00384
10112
17811
17836
12574
00254
03885
02426
17947
06168
17883
08351
17840
00529
00666
21688
00138
01154
09927
01061
15342
07171
03742
18472
02067
08300
08301
18481
18481
18481
18481
18481
18481
18481
18481
18481
18481
18481
18455
03574
22311
18554
18688
18687
01992
21672
01990
18917
18955
18913
07171
18955
18851
07171
18851
10747
18894
01971
18955
18911
18912
01046
12132
00370
03526
19092
07746
19139
00273
19221
19138
19093
00798
19158
19140
01865
19159
09951
00135
08299
00020
01992
07496
06881
15856
19686
19686
19686
19687
19687
19710
19687
19686
19687
19686
12132
12132
20074
20467
03636
20469
20497
20470
20466
20468
01179
01214
20814
21059
21071
21140
21014
00821
21119
01962
01963
21147
21199
21302
21142
22468
21147
21148
03636
21200
21310
21397
02483
21473
03651
21474
21401
21481
21495
21609
21687
21600
21600
10914
21608
21691
21672
21686
21689
21690
21884
21885
21886
21929
21887
21961
21992
21962
22027
00936
22010
22044
22107
22108
17758
17759
22297
22306
02257
22336
01563
22295
22298
01551
22303
03181
11206
01066
13775
00728
07566