01992
01992
01992
08744
07029
18688
01934
21495
15510
03929
19302
06994
05606
12349
01006
09144
03574
07171
16013
16012
03297
14728
21431
22316
07171
15982
15983
15911
12429
05815
02834
07742
02600
09748
01881
02302
03404
02348
00116
07241
04652
04652
07010
01915
06976
00099
06941
00981
02838
09903
09747
01448
02343
06937
09129
09966
04517
09957
05846
05845
14953
05810
00655
03589
01924
03588
01925
13668
02342
01000
00766
02276
03890
01928
03438
01953
13979
03647
02346
15977
01835
06199
03925
06199
01644
00121
03664
09811
01626
04787
04790
07107
00666
02066
02066
02067
02067
02067
05349
01687
03439
01596
03602
03601
03527
06942
00036
00867
00033
00600
07175
01720
01647
00549
00626
07001
02025
08281
03929
03820
07113
01061
02963
02954
02913
02902
02077
07006
01921
00057
14941
02230
00937
03530
01704
01703
06042
01885
03088
00052
05895
01875
04518
05936
00595
07089
01126
01433
04564
00954
01958
02553
04477
00266
03655
14743
02902
00946
00140
00121
05917
01607
01756
01923
06986
07077
01952
01952
00382
07223
03652
01866
06442
00858
01937
01515
04763
00545
11737
03321
05896
06024
06178
00945
03977
00074
08681
10805
06215
08256
00995
01868
14415
09771
02067
02066
00059
05337
00666
01692
01666
04073
00626
16146
16147
16148
16149
16150
02003
02004
02004
00805
00963
03790
01478
01665
01874
03424
02528
00919
01056
02897
00948
04042
03723
02428
01689
09009
01524
07667
07646
01548
06910
06910
01637
01637
11065
01692
14652
02066
02067
02067
02067
01692
05816
05813
01692
07048
00135
00626
00240
00239
00363
02231
02232
02575
02016
02575
00666
01692
01724
00370
00371
07052
00764
02619
01011
15520
02039
03921
08641
01259
00161
01738
01796
02575
01823
00666
02313
02338
03629
02470
02469
01664
00652
07735
01869
03322
00076
02038
02040
02040
02038
10563
04093
03657
01903
01902
11175
00602
01692
02911
07669
07653
08372
01428
03188
03190
03885
02020
02018
03271
03273
07031
01577
02355
05343
03281
01104
09958
00324
00324
00325
00666
07001
07001
01692
01692
00626
01697
03624
00374
06207
15525
11779
00219
00373
00294
00318
03727
03118
03116
13571
03432
03433
13570
13527
09764
07442
00765
01523
15526
06153
00058
02069
01653
01652
15977
02433
02435
01972
00566
04487
03522
03521
01692
02013
01079
02274
02016
03980
03088
03671
06346
03217
08998
03536
02914
03684
01662
00705
03499
03499
01092
00886
03086
03709
01692
00626
00059
03218
01770
07736
04485
07067
06916
07305
01673
03575
03696
04567
03525
00231
01599
01692
13953
07052
00101
03594
01915
04093
07560
08178
08972
03782
00215
00259
00459
02956
02017
11753
03709
03177
15342
09002
02283
01895
10773
01738
09117
07008
01919
00133
00928
01649
07009
06187
02884
11068
12503
00554
02860
06960
02959
07258
00990
03320
03529
01512
10563
03685
07040
00817
13686
12428
13687
14136
14952
09131
06994
06895
00038
07028
07133
02357
04096
07391
07460
03470
03100
01011
07171
14267
00626
01782
10843
03637
03635
03639
00831
00528
04750
01647
01962
01963
01692
06996
11159
07507
02471
01652
03070
02437
08999
00281
01638
00088
00033
01430
01429
00322
07738
01356
05794
01778
06168
10533
00995
00619
01714
09927
01061
01579
01918
00950
01633
00796
01495
03798
14733
09807
00760
04075
07259
01507
09799
09153
04095
02341
06877
12510
00031
01752
00600
02004
02003
14155
12140
12141
02902
03282
01858
02963
14743
04719
01126
07238
01304
00012
00973
00674
01439
06966
00666
00796
13693
01246
00975
06978
03088
03117
08981
09167
03593
03284
00024
05592
02221
09772
06997
06994
13788
00925
00788
03153
03154
03149
07020
00941
03147
01142
07157
13525
01613
18956
01322
09959
00382
07110
01637
00074
00574
01619
01909
00153
03820
00389
03306
03750
04077
03088
09701
06994
01521
01011
14155
09925
03568
02025
01692
00342
00567
00343
13529
07503
00626
00274
07133
09118
07177
03657
00688
03426
06891
00989
02428
02078
07282
06996
02066
02066
02067
02067
02067
02067
07133
00965
00965
06895
15521
07776
01524
00286
01784
00574
02492
01749
13542
01698
09136
02825
01465
01956
01955
01591
00942
03060
13038
00789
00604
03500
01783
11752
00793
14652
00794
00819
02575
00027
01738
00640
06994
01129
01114
01114
01114
01880
03711
03584
14260
11738
04043
03687
03686
13640
06213
01624
03975
07161
07141
07402
00849
03581
03582
01692
07114
11610
11611
09165
02805
01711
02377
06994
01870
02346
01424
03101
06180
01950
00931
03979
02899
00940
11754
03752
00175
00174
03544
00547
01358
01358
03545
05522
01808
06886
07107
00631
15781
01692
03088
07258
01443
07058
01867
00031
00641
01491
02913
03073
02601
02863
07131
03216
01087
01692
06945
01692
07025
01662
02034
02033
03518
01673
03519
07402
09165
00957
00955
00762
01887
00003
01733
08289
00872
03628
02909
02493
10764
02108
02110
02109
02111
02115
02112
02114
00865
00768
02233
00826
00605
01255
00658
07071
03801
03644
01915
00606
09990
07164
00817
01104
02227
03386
08296
02035
18957
02078
11609
00111
00803
09812
02836
00528
03639
01724
03637
03636
00163
05602
04069
00330
00331
00332
00333
00334
00337
00338
00339
00340
00341
06196
02548
00772
09931
01911
01661
02549
02551
12583
03183
00805
03799
00057
09767
00763
06958
00134
03075
01057
00036
00616
02259
14339
09014
09013
11717
04488
01692
03924
09761
03686
03705
02045
02047
02048
03596
07042
02361
03088
00800
06949
00508
07228
07654
07670
00496
01809
00067
01673
01588
00784
02968
03524
02340
01966
02238
06287
02426
11263
03090
03918
03724
05522
02237
09710
03932
02039
00111
00382
03783
00761
00969
01488
00758
01489
00241
00242
00240
07161
03637
00147
03386
04756
00574
00574
00574
00574
00645
00845
02935
02065
07052
09456
02616
01692
06994
02950
02992
02358
06886
07124
00631
00245
00246
00247
06994
01754
01236
06044
00833
00652
01935
01012
00278
00767
00013
00817
01693
01814
01817
01092
07300
03564
01657
01609
18851
01029
01028
07124
06915
13288
03564
00997
01584
03625
02356
03786
01735
00891
03527
13787
14161
01951
02291
13787
06966
03333
00088
00088
03088
04078
01409
03789
06925
01775
00820
00627
00162
00161
01644
01969
02946
02906
02926
02892
02886
02965
02890
02982
02878
02904
02961
02874
02895
02931
02954
02994
02933
02881
02988
02907
02876
04773
01628
00058
00854
00939
01265
03088
01696
02654
01695
00873
10805
00426
09146
03702
14340
03701
04567
02520
02887
01889
01890
00145
00620
00930
00611
03402
01940
01755
00014
07447
01872
07478
02004
07001
01876
00077
07054
01892
00759
03074
03072
03210
03551
03550
01159
00797
03431
02996
02871
14743
06173
02879
03040
02986
02948
02952
02919
02518
01790
01666
00697
02067
02067
07171
07171
16045
16046
05898
16048
16047
16049
16050
14232
07045
14232
14235
18955
02067
12430
12444
12951
12423
16168
07655
01840
12434
07068
07672
14698
02067
02067
02067
07482
02067
01840
16167
01834
02480
01179
01179
01977
07671
16191
16192
00622
16370
14218
11735
16233
14222
00392
03893
16653
16645
07682
12427
12441
14956
12950
03520
07448
01985
12430
12953
12426
12955
12421
11386
12949
11608
13572
02554
07684
02484
01239
07250
12425
12956
11628
12424
12952
13670
14955
07656
16652
16650
16647
02066
16649
02851
00561
16906
16907
11387
14234
14219
14228
14228
14228
14230
14237
16785
01426
14230
14234
01426
00966
11991
04781
16870
01426
03922
14225
16905
14223
14237
14221
14233
14227
14234
14229
14224
14219
14218
14236
14229
14224
14231
14228
14228
14232
14237
14230
14225
14219
14219
14226
14223
14225
14218
14233
17218
12445
15581
19311
01990
07045
07045
01990
01990
01990
17103
02484
02484
01980
15582
10112
17484
17483
14220
14233
14233
00384
10112
01739
17811
01130
01130
01130
00344
17836
12574
02026
02026
02026
03767
14337
00020
00128
00128
00128
00128
02027
02027
02027
01187
17947
00344
07493
07064
07064
07064
02031
02032
17883
00529
07068
00249
07044
00059
00091
00897
00104
03719
17840
01243
11159
21688
00138
01114
03087
01782
10533
03704
03629
01664
10979
01649
01649
05814
01881
05847
12955
07304
05596
12441
12444
11386
07386
12430
04719
01494
03519
03885
09990
03574
13529
05838
00943
01692
01011
03719
00240
02067
02805
01711
00852
03545
02867
02500
06902
07485
07486
03742
02067
18481
18481
18481
18481
18481
18481
18481
18481
18481
18481
18455
18472
00681
00681
08299
18554
22311
07068
07485
07497
18687
01992
07171
21672
07171
18917
18955
18913
07171
18955
07481
07171
18851
07171
18851
10747
18955
18911
03496
03111
03497
03496
04565
03496
03111
07492
07496
07496
07496
07497
03325
03741
07481
07481
07481
03761
07483
07483
07483
07483
07483
07483
07483
07483
07483
07483
07483
07483
07483
07483
07483
07483
07064
07064
07064
02483
00249
00249
07497
07497
07497
07497
07497
07497
07497
07497
07497
07497
07497
07497
07497
07497
07497
07064
06893
07064
00249
00001
02113
02109
07485
07496
02483
01822
01046
01768
01768
01768
01768
14215
07064
07064
01436
03892
07064
07064
00344
03976
08095
08095
08095
07450
07493
07481
00370
03526
07493
07493
07746
19092
19139
00273
19221
19138
06893
07064
07064
19093
00798
19158
07064
19140
07492
07016
19159
01710
01710
09951
00135
07064
07064
19094
00020
03722
07496
07496
07497
07497
01992
07065
07485
07492
07064
07492
07065
02483
07486
07098
19686
19686
19687
19687
19710
19687
19686
19687
19686
12132
12132
12132
20074
20467
22552
03636
20469
20497
00525
20470
07695
20470
20466
20468
05375
08884
20814
21059
21071
21140
21014
00821
21119
21142
00526
00526
02335
06904
01520
03553
03465
00287
02314
07465
00525
06191
02316
06217
06904
08884
21302
05364
22468
08884
06954
07027
08884
00632
07054
21147
21148
03636
21200
21310
21397
21473
03651
21474
21401
21481
21600
21600
10914
21608
21691
21672
21686
21689
21690
21884
21885
21886
21929
21961
21992
21962
22027
00936
22010
00257
22044
22107
03595
22108
01563
17758
17759
22297
22306
02257
22336
01563
01563
22295
22298
01551
22303
03181
11206
11206
07141
00728
08300
08301