04518
06180
03455
02986
02948
02952
02919
02518
01790
00697
02067
02067
02067
02067
02066
02066
00622
03218
01883
00991
02341
03168
02031
02032
00928
02342
02343
02484
02483
00266
00265
03088
02914
00274
03637
00981
02838
02357
02967
02379
03100
02884
00554
02860
02959
03106
03110
00057
01704
01703
02069
02434
02433
02435
00566
02274
02016
00526
00525
02836
00528
00344
02361
03088
03070
00966
01588
01589
03090
00111
01488
03088
01426
02291
03088
01409
02996
02871
02879
03040
00598
00077
03582
01858
03117
02027
02025
02026
00104
01426
02035
02031
02032
02034
02033
00957
02909
02835
02493
01768
01768
01768
00626
00700
00059
00609
01956
01591
03060
00793
03075
01057
01681
03101
00631
01236
01012
02501
02500
01496
01657
01696
01695
02335
02945
00859
02520
02601
02867
02863
00574
00845
02864
02935
02065
03043
03046
02950
02992
02355
02358
02946
02906
02926
02892
02886
02965
02890
02982
02878
02904
02961
02874
02895
02931
02954
02994
02933
02881
02988
02907
02876
03076
03088
02483
00128
01952
02619
02036
02039
02480
00528
02040
02037
02038
02040
02036
02040
02037
02038
01903
01902
01965
02003
02004
02528
00919
02897
01546
01547
01548
01697
01679
02446
03088
00674
03088
02916
02887
01889
01990
00858
02575
01823
03070
02437
01430
01429
01428
02020
02018
02017
02066
02066
02067
02067
02067
02067
02067
00526
02026
02025
02027
02963
02954
02913
02902
02077
02230
02229
03088
01274
03118
03116
01523
02563
02342
02276
02275
02233
00605
02227
00163
02078
00111
00803
00153
01563
02025
02026
02027
02575
02316
01114
01114
01114
01880
01426
02045
02047
02046
02048
02968
00969
02899
02888
00175
00174
01808
00631
00162
00161
01644
01029
01028
01584
02356
00014
02004
02003
01892
02035
03074
03072
03210
00275
00082
00231
01092
00886
03086
03087
00322
00287
02956
02834
02519
02600
02224
00116
00099
02313
02338
02470
02469
00652
02990
03111
02963
02939
02314
00031
00600
02004
02003
02902
01577
02355
00324
00324
00325
02066
02066
02067
02067
02067
03088
01596
00526
02231
02232
02575
02016
02575
00012
01624
02030
03153
03154
03149
03147
03088
00382
01698
02548
02549
03183
00525
02066
02066
02067
02067
02067
02484
02484
02483
03073
02115
02110
05846
02111
05847
03282
03189
00390
00161
03686
02346
02346
00384
00362
03188
03190
01187
01735
03316
03499
03602
03583
06346
03601
00363
00632
01462
06442
03536
01770
02109
01673
03322
06044
02108
01752
01754
01733
02114
02112
05845
02340
03684
01638
03217
02283
01736
03306
03306
03405
01929
03501
03216
03271
03284
03424
03639
01647
01647
04066
03402
03589
03531
01653
03801
03529
03709
01662
01662
02377
03932
03631
06187
06191
03703
03750
03565
03294
03438
06200
03629
01649
01739
03437
03664
03975
03520
03518
03519
03588
03977
03695
03551
03550
01652
01652
01652
01652
03665
03655
03470
03701
03517
01738
01738
01738
04488
03635
03466
03574
03596
06199
02259
02113
02109
01626
03575
04079
03587
03750
01720
06207
03593
03924
03636
03635
03639
02168
03325
03741
03581
03465
00763
01749
03704
03648
04477
03584
06217
03686
03637
04763
04078
03786
03564
03752
03545
03798
00340
03790
03789
03625
03647
03719
01130
02039
03637
03918
00341
00342
02337
03624
06196
00611
01940
01755
04095
03544
03628
03702
03657
03525
03644
03595
00764
01933
00831
01810
00963
01478
00948
01689
00626
00849
00645
01151
00101
01628
00058
00854
00939
01265
00020
00140
01607
01945
01756
01923
01952
01952
01784
00600
03685
06213
04073
00508
00496
03671
03696
03320
03925
03727
00036
00033
01006
00549
01796
00219
00294
00318
01439
00796
01246
00975
01768
01887
01586
00003
00790
00567
00688
00763
01776
00989
01465
00942
00789
00604
01783
00134
00927
01803
00036
00616
00615
00344
01772
01711
01870
01424
00833
00652
01935
00278
00767
00013
00817
01693
01092
01609
00873
00145
00930
04077
03594
01159
03723
00425
04750
04773
01056
00240
00245
01919
00244
04751
03980
02551
03820
00241
03799
06173
01644
04567
03500
03564
01768
03932
04042
04781
04075
03499
03709
04069
00330
03496
03724
00338
06178
02078
00339
00426
03889
03890
03733
03522
03521
04043
03885
05936
03783
04077
03979
03111
00332
00333
00336
00337
06199
00247
00343
03885
03885
00240
00242
00239
03891
04096
04565
00246
00239
03439
03177
04756
01664
01665
00334
03922
04791
04792
04793
03924
00331
00335
04564
01992
01992
01992
01992
04485
03892
04487
03321
07560
03722
00257
00001
03496
04787
04788
04789
04790
03497
05349
05375
09811
05810
05838
01563
03710
03527
03527
09456
05592
09009
03921
03705
05337
00001
06147
06147
01666
01666
03687
03704
02554
01980
01259
06153
02553
02348
05846
00059
01977
07048
07030
07030
08095
08095
07045
07045
07064
07064
07064
07064
07064
07064
07064
07064
07064
07064
07064
07064
00954
07460
07040
07064
07064
07064
07064
07064
07064
07064
07100
07100
05896
06024
07068
07068
07068
07082
07107
07107
07098
02471
03427
03433
03432
07124
07124
07131
07065
06886
06886
07114
07133
07133
07133
07141
07141
06287
07006
08256
07164
07245
02351
00872
07025
07052
07052
07052
07052
07045
07054
07031
07646
07667
07175
07044
06904
06904
07241
06911
06960
07008
06997
06980
06916
06958
06994
06994
06994
06994
06994
06994
06994
06994
06994
06994
06994
06994
06978
06978
06986
06996
06996
06976
07009
06910
06910
06910
07071
06945
07300
07654
07670
07067
06966
07001
07001
07001
06966
07058
07058
04719
03386
07653
07228
07027
07684
07669
07157
07161
07161
07056
07042
07089
07695
07259
07282
07065
06949
06893
06893
07113
07086
07077
06889
06895
06895
06888
00666
07507
07442
03767
07450
07399
07177
08744
06925
07304
07028
06942
07768
07776
07223
06915
07020
07682
07005
07110
06877
06215
08681
07238
03386
07258
07258
06954
06919
07655
07656
07672
08178
07001
07001
01814
01817
03768
07447
07671
06860
07029
07386
07391
09931
03431
07402
09903
09153
07496
01866
01937
00545
00945
00074
00666
00705
01563
00088
00033
00626
00101
00273
01637
01637
00666
00765
00548
01924
01925
01000
01928
00655
01897
00766
01953
00768
00826
01255
00658
01915
00982
01915
00606
01104
00645
01521
00027
00640
01129
00681
00784
00147
00852
00931
00940
01873
01358
01358
01256
10773
01251
01809
00382
01840
00761
00758
01489
01443
01867
01740
00641
01087
00574
01951
03333
00088
00088
01775
01580
00820
01710
01710
00059
00626
01579
01918
00950
01633
00796
01495
00760
01507
01784
01895
00864
00133
01130
08999
09762
08884
08884
09764
09002
08998
01874
08884
08884
08884
08884
08289
09013
00373
02428
07481
00370
00627
00666
00997
00891
01872
01876
00951
00759
00797
01868
01599
01520
01356
01778
00791
00995
01714
00560
00215
00259
01881
00128
01915
01265
01426
00990
01512
01433
00946
01921
00937
01885
00052
00058
00053
01972
01835
01046
00803
01724
00936
00817
01710
01854
01875
01126
00970
03711
00800
00943
07481
07481
02492
08372
14743
14743
09771
06902
09772
05917
09812
09990
09957
09799
09925
09748
07497
00389
09959
03924
03652
03294
02075
09144
08972
09117
09122
00374
00371
09118
06891
09136
09129
10563
10563
18851
06048
00794
02221
09747
08981
09146
08351
09781
09761
09767
01426
02825
03822
08641
09966
09701
03568
09807
07478
09165
09166
09167
09710
07742
07497
07503
07735
07738
07482
07736
07465
02913
02911
01724
01955
07493
07493
07493
07493
07493
07493
07493
07492
07492
07492
07496
07496
07496
07496
07486
07486
07486
07486
07485
07485
07588
00867
01061
10764
05522
10533
01616
03273
00344
11159
16786
16787
00925
00788
01142
01613
00574
01637
00074
01619
00075
01834
00286
01784
00574
01845
00772
01911
01661
00057
00547
10805
10805
01869
01104
01687
00135
01719
01469
01126
01304
01494
00973
01939
00762
10979
01673
12349
13540
06042
05815
05816
05895
05813
05814
10215
01673
11387
11386
11385
00382
05596
10843
03466
01915
11717
03524
04567
03530
00626
01847
11610
00626
02237
11609
08296
07305
12141
12140
00249
00249
00249
00249
00249
00962
11212
11103
11065
05343
02616
02428
05522
00865
11068
11175
00574
00574
00574
00574
00574
00805
00805
00128
00856
00897
11533
00031
03426
02484
00602
12445
02902
12441
12444
00574
11738
11738
12234
11752
11754
12421
12431
12435
12433
12434
12432
12437
12430
12430
00666
12439
12436
12410
12440
12442
12427
12426
12428
12429
01491
12424
12423
13288
00666
00626
12422
03657
12503
03281
01194
19094
01950
11611
00595
09014
00626
00626
00252
01179
11753
01243
11263
11779
01890
03496
09015
01847
02302
00067
11628
11609
11608
00995
06978
01061
06168
00281
05794
00619
00059
01647
02238
01130
12425
13419
09165
13542
01909
01079
13788
13527
12443
01822
01322
01239
12955
12956
07402
01448
13787
13787
00121
13570
13525
01782
03574
09118
00059
00681
09927
03657
13038
07250
07010
00620
06937
12583
12949
12949
12950
12951
12952
12953
12954
13979
13669
13670
13671
00955
00024
13640
01958
00941
01011
01011
01011
01011
14221
00038
14215
08095
13573
11263
03782
14219
14224
22476
14232
14230
14226
14234
01768
05364
14235
14233
14339
14225
08281
01969
13571
13787
13687
13686
13572
13668
13693
00076
01966
13953
03404
14230
14232
14223
14232
14340
00459
14223
14234
02013
14233
14233
14228
14260
14267
14231
14228
14225
14228
14233
14224
14229
00666
14236
14337
01978
03553
00666
11737
14136
14155
14237
14230
14220
14225
14237
14237
14228
04517
01985
00666
01990
01990
01515
14218
01524
01524
14652
14229
14234
14219
14219
14227
14218
14218
14219
14161
14162
14222
14155
14743
14743
14954
14955
14952
14953
14949
14941
14743
14956
01436
07171
07171
16013
16012
03297
14652
06177
14728
14698
14699
00392
14733
00103
15510
05602
00121
15526
15521
14228
03929
01082
01692
01692
01692
01692
01692
01692
01692
01692
14415
12510
01692
01692
01692
01692
01692
01692
01692
15911
01692
01692
01692
04093
01692
21431
15520
19311
15525
15781
15371
01840
22316
01692
01692
04093
15977
15977
15981
15982
15983
16146
16147
16148
16149
16150
07171
18956
18957
18958
10716
07171
07171
16045
16046
05898
16047
16048
16049
16050
18955
02067
02067
16168
02067
02067
02067
02067
02067
16167
16167
01207
16191
16192
16193
00459
16370
11735
01796
16233
03893
16653
07448
16645
16652
16650
16647
16649
16648
02851
00561
16906
16907
16785
11991
16870
16905
17218
15035
15581
01990
01983
17103
15580
15582
10112
17484
17483
00384
10112
17811
17836
12574
00254
02426
17947
17883
00529
13529
00666
15342
21688
00138
22010
03742
02067
18472
18481
18481
18481
18481
18481
18481
18481
18481
18481
18481
18481
18455
03574
22311
18554
18688
18687
01992
07171
21672
01990
07171
12432
18917
18955
18913
07171
18955
18851
07171
18851
10747
18894
01971
18955
18911
18912
00128
00128
12132
00370
03526
19092
00091
07746
19139
19221
19138
19093
00798
19158
19140
01865
07016
19159
09951
00135
01992
17840
15856
19686
19686
19687
19687
07054
19710
19687
19686
19687
19686
12132
12132
20074
20467
03636
20469
20497
20470
20466
20468
19686
01214
20814
21059
21071
21140
21014
00821
21119
01962
01963
21147
21199
22468
21302
21142
21147
21148
03636
07133
21200
21310
21397
03651
21473
21474
21401
21481
21609
21687
21600
21600
10914
21608
21691
21672
21686
21689
21690
21884
21885
21886
21929
21887
21961
21992
21962
22027
22044
22107
22108
17758
17759
22297
22306
02257
22336
22295
22298
01551
03181
22303
11206
00728
08300
08301
07566