04042
00508
03517
00278
00767
00013
01770
00991
07736
01673
03575
04567
03525
00817
01693
02501
01092
02500
01496
06987
03564
01609
01696
00873
02335
02945
00859
02316
00640
01738
00027
01768
01772
07160
01883
00928
01649
02342
07009
09129
00059
05846
05846
05845
00344
02483
00817
08296
06147
06147
09681
00652
02069
02068
00697
02067
02067
02067
02067
02066
02066
00059
07068
01579
01918
00950
01633
00796
01495
03798
00760
04075
07259
04073
02341
03704
02283
02031
02032
01507
01895
09117
03924
00864
07008
03781
00133
09153
00059
00622
07588
09165
01870
02346
01424
03101
06180
06886
07124
02337
00631
01754
07005
01236
06044
00833
00652
01935
01012
00666
10563
02228
00847
02040
02038
02037
02040
00076
03322
01768
01426
00104
00027
04091
02026
02025
01810
07029
03593
03117
03088
00975
07110
01637
01619
00075
09861
09927
09931
09903
09762
00966
00067
02485
01588
01589
06287
02426
02078
00989
00163
01776
06891
00763
03722
00688
00700
06886
09781
00845
07107
03111
02232
00627
01029
06902
07124
03564
00997
00059
02433
09764
09705
00867
03710
01785
03424
03977
00945
06024
05896
04079
00496
00249
00249
05713
02428
09811
05810
03711
09780
03684
01662
03499
03499
01520
01092
00886
03086
07058
03087
03709
07738
01356
00255
03665
01778
00791
03565
03553
03149
03154
03153
09386
00111
01652
09812
09799
09957
09936
03652
01956
01892
01666
08256
02075
01666
08884
00705
00014
01736
00891
01735
03786
02356
03625
02825
01465
01955
00942
03060
00789
03379
04066
00604
03500
01783
00793
09146
01849
03702
03701
02520
02916
02887
03437
01889
00145
00930
00611
03402
01940
01755
01866
06442
00858
03631
01937
04763
00545
01858
07051
05375
00797
01159
03550
03551
03210
03072
03074
02035
00759
00951
03768
01069
01714
07054
00077
01876
07478
01872
07447
07082
06173
00626
01738
08641
01823
03704
00548
01952
07223
01952
07052
00764
00215
00287
03465
01714
00382
01495
10773
00969
01259
03536
00099
06976
01265
00116
02348
02224
01881
02600
07742
02519
03922
00600
01822
06888
03624
01739
01697
07001
01130
07077
07671
07655
01647
00275
01647
04750
00528
00831
07393
00161
00162
07735
01858
03111
02314
00344
01808
01624
03975
07161
07141
03520
03518
00762
03695
00549
01006
00033
00036
06996
06942
03527
03601
03602
02446
03704
03639
03635
03637
03767
05364
01273
03320
06975
06911
00957
00937
00057
01921
03921
05917
09747
09748
01657
01874
09761
02017
09932
09772
08681
06215
01868
02575
07305
00231
01599
00528
01652
01575
00344
07749
00330
07001
02026
02025
08281
00851
08994
07113
01061
07006
02230
02229
06042
03088
05895
05936
03727
03118
03116
03433
07465
00765
01523
06910
03664
02836
09767
09966
09701
03568
03432
09807
02039
03921
01130
00626
04073
02909
02528
03424
07056
01478
01848
01902
01903
03657
00325
00324
00324
01104
00344
00128
06911
06893
00091
07304
02019
00249
07095
01992
01992
01992
01992
09958
09959
01933
06980
02619
02040
02038
02036
03790
03750
00963
03282
08372
07653
07669
02911
00249
01965
03405
03379
02909
02902
02913
02963
02351
07245
02616
01752
00600
02437
00031
00257
07052
02965
02834
05814
03177
00632
03709
02956
00259
07044
02904
02919
03696
03218
00554
02884
03100
03470
02379
04096
03733
02967
02357
01426
02838
00981
06941
00946
03648
02902
03655
00954
07089
06994
07040
03685
03529
03110
04751
03106
08884
07258
02959
06960
02860
01972
02435
02434
01652
01653
00053
03809
00058
00052
01885
00459
01703
02954
08234
03736
00252
01939
07131
03216
02067
02067
02067
02066
02066
01915
00130
03718
01114
00788
00925
00163
02616
02601
00363
03073
02867
02863
00574
00574
00645
02864
02935
02065
03043
03046
01151
03932
09456
06994
02950
02992
02355
02358
00101
01046
02946
02906
02926
02892
02886
02890
03496
02361
03088
00800
06949
00632
00508
07114
01720
01802
07177
03628
07503
05522
10533
00128
00249
00135
01126
00059
00240
00239
02575
00598
04719
00232
00819
02027
02026
02025
01737
01560
00389
00274
03820
00153
00803
02078
00645
03386
02227
01104
00817
07164
00606
02274
01915
00982
01915
01652
01488
00758
01489
00241
00242
00239
00240
01142
01462
04565
06048
03449
07157
01613
03750
03088
00574
06954
00641
01867
07058
07258
03544
10563
00790
03168
02982
02878
02961
02874
02895
02931
02954
02994
02933
02881
02988
02907
02876
04773
01628
00058
00854
03076
00939
01265
03088
00020
00140
01790
01710
02518
02952
02948
02986
03040
02879
08095
02871
02996
03431
00820
01580
01775
06925
03789
01409
04078
04077
03088
00088
00088
03333
01951
01087
02575
00294
00318
01439
06966
00796
01246
00632
07493
07052
01796
06994
01724
03574
06207
00219
00038
03379
07107
02066
02066
02067
02067
02067
03088
05349
01687
07386
06860
03439
01596
00128
01607
01945
01756
01923
01354
06986
07238
01494
00973
04043
03687
03686
00077
01845
06196
07399
02548
00772
01911
01661
02549
03183
00805
03799
00057
01768
00849
03582
03583
01725
02913
04077
02343
01698
07672
07656
09009
01689
02428
03723
00948
00537
02897
01056
00919
01834
07768
07776
00286
01784
00574
02492
01749
02018
02020
03190
03189
03188
01428
01429
00033
00088
01652
03070
02437
08999
01563
02471
03885
07507
00995
03466
01897
01835
01644
07119
01425
02221
06997
03589
01924
02563
03588
01925
01000
01929
01928
03587
03438
03925
08884
00526
07045
03594
04761
04756
00101
01338
03596
00784
02968
02340
02238
02237
06994
07161
00147
00931
03979
02899
02888
00940
01873
03752
00175
00174
01358
01358
03545
01256
03584
01426
03595
07042
06217
03686
03705
03088
04788
04792
04789
04790
04791
05375
04787
07086
00390
02045
02047
02046
02048
03497
03496
02914
01637
01875
04518
01126
04564
02553
02346
04477
00266
00265
00970
03980
03088
00384
03671
03501
06346
03217
08998
00332
00333
00334
00335
00336
00337
00338
00339
00340
00341
00342
00343
00331
03924
00274
00426
01854
10843
01953
02077
01616
03885
02313
02338
02551
01962
01963
11159
01814
01817
01640
01740
06187
00567
01577
08972
00273
07560
00001
00609
01644
10805
10805
10979
00021
00938
01597
00869
01626
00655
01897
00766
02276
03889
03890
03891
02275
00856
00865
02231
00768
02233
00826
00605
01255
00658
07071
03147
01880
01673
01206
07588
00897
00794
03703
00134
00927
01803
03075
01595
01057
00036
00616
00615
00344
02259
09014
09013
04488
06191
03647
02016
02274
01669
06994
03521
03522
04487
00566
03629
02470
02469
01869
02990
02963
02939
13540
01448
03520
03519
06153
00560
03581
03644
00525
01638
03801
01430
00626
01768
02114
02112
02115
02111
02109
02110
02108
02493
02835
00872
01733
00003
01586
01887
02033
02034
02031
02032
02035
01664
03531
03455
07228
03070
07670
00943
01251
03294
01809
06178
03924
01784
03090
03918
03719
02040
01130
02039
00111
00382
03783
01840
00761
01477
03306
00390
00528
01521
01443
01129
01591
10215
11387
11386
03466
00215
03466
16786
16787
11717
03524
04567
03530
00626
01847
11610
06958
11609
03822
07682
07695
11385
12141
12140
00836
00249
00962
04781
11212
01679
05343
02342
01704
11065
01665
11068
07067
11175
00574
01681
01897
01695
07654
11533
03426
02484
00602
12503
12445
01028
07442
11177
12441
12444
03386
11738
12234
11752
12421
12437
12436
12430
12410
12440
12442
12427
12426
12428
12429
01491
06871
12424
06959
13288
13052
11178
00666
00626
12422
03657
00074
07048
00626
01950
11611
00595
01952
00626
00626
00626
07684
00674
11753
01243
03386
11263
11779
01436
01890
03496
09015
01847
02302
11628
07124
07124
07460
11609
11608
04793
08178
06168
01079
07010
00281
00619
01647
09165
13542
00995
13527
02078
12443
01822
12343
16450
02291
07127
12955
12956
07402
13787
13787
13787
00121
09118
13570
13525
13529
01782
03574
03657
13038
07250
00620
12583
12949
12949
12950
12951
12952
12953
13979
13669
13671
00955
00024
13640
06978
13483
01958
01897
01011
01011
13953
02483
11754
14221
14215
03088
13573
03782
11263
00941
13993
14232
14230
14224
14226
14234
01768
14235
06048
14220
14225
01990
14225
14233
14339
14340
14232
04072
13571
07043
13687
13686
13572
13668
13693
03932
13953
03404
01934
02016
14230
14232
14234
14223
07491
02013
14335
14233
14233
06945
14225
14347
14228
14260
03457
08299
14267
14223
14231
14228
14233
14228
14224
14229
14236
00666
14337
00666
02067
11737
00965
14136
14155
14237
14237
14230
14237
01978
14228
07100
04517
00666
01985
01980
00666
01977
14219
01515
14218
01966
02600
01524
14652
07045
14219
14229
02030
06893
14228
01130
14234
14219
08987
14227
14218
14218
14219
14161
14162
14222
06893
07535
02074
01524
14743
14743
14953
14954
14955
14952
14953
14949
14941
14743
14470
16013
03297
16012
03088
03088
14652
06177
11939
14698
14699
00392
14733
00128
00273
00103
15510
05602
15526
15521
05847
05846
03929
01082
01692
01692
01692
12510
15866
01692
01692
01692
01692
01692
01692
01692
01692
01692
04093
01692
21431
11741
15520
15525
15781
01082
01840
22316
01692
01692
04093
15977
15981
15977
15982
15983
19221
03781
01719
07493
16146
16147
16149
16150
18958
18956
10716
16045
16046
05898
16048
16047
16049
16050
10716
18955
16051
02067
02067
16168
16419
05375
02067
02067
02067
02067
16167
02480
01207
16191
16192
16418
00459
11735
16233
16264
03893
03321
16653
02066
02066
02066
02066
01166
16645
02554
02067
02067
16652
16650
16647
02066
16649
16648
02851
16906
16785
11105
16840
16841
11991
16870
18292
15035
15581
19311
17218
17103
15580
15582
02067
02067
02067
02067
02067
10112
05846
01990
01990
01990
01990
00384
17836
00254
17947
00626
17840
00138
18290
21688
18288
00138
03742
02067
18481
18481
18481
18481
18481
18481
18481
18481
18481
18481
18481
18481
18481
18481
18481
18481
18481
18455
18472
03574
22311
18688
18687
01992
21672
18851
01990
18917
18955
18955
18913
18955
18958
18851
18851
10747
01971
18911
18912
02113
02109
03976
03526
00791
00798
22445
00135
01621
01992
19270
06881
00574
19710
08744
19974
05770
12132
12132
20074
20497
20470
19979
20466
20425
20467
20468
21378
01214
20789
20814
21059
21071
21140
22445
00821
21147
08884
05558
21302
22468
03636
21148
03636
21200
21310
21397
21473
03651
21474
21401
21600
21600
10914
21608
21687
21691
07001
21672
21744
21686
21689
21884
21929
21961
21992
21962
22027
00936
22010
22044
22107
22108
22213
17758
17759
22297
22306
02257
22336
22295
22298
01551
22303
01563
03181
00728
08300
08301
07566