06886
07552
02053
03587
00867
10007
07029
01104
03664
09861
01569
08095
06199
06199
09903
09763
09762
09931
02878
06137
03088
02879
08095
06044
03648
06886
05917
00796
00666
01724
00632
03527
00600
01739
00626
01689
00285
00948
00226
00666
00919
00262
01478
00014
00020
00626
00135
01810
00626
00626
00574
00574
01647
00275
01647
00997
00991
00831
00626
01551
01933
00764
01952
01267
01952
01354
01923
01756
00632
01945
00697
00059
00666
00666
00666
00626
00626
00836
00626
01805
01011
01770
01579
01918
00950
00796
01495
00760
01507
01895
00864
00133
00928
00989
01776
09764
01915
01649
00574
00249
09812
06446
00154
00128
00344
00249
00464
00240
06994
09701
09705
05712
02954
03449
05520
01115
08095
07098
01721
00389
05337
06162
06163
06164
06165
02469
03672
03299
15981
02077
10823
07493
02314
03111
03980
00384
03671
03497
03496
06346
03217
08998
05713
02428
05810
09781
02346
06191
03647
00525
00526
01784
07090
02034
02033
07493
03088
07491
03088
09684
09811
00257
02274
03310
03521
03522
04487
02435
02433
02434
01652
01653
09747
03568
00232
03711
03584
03595
06217
03686
03705
09981
07560
02113
02109
02478
04518
02967
09771
00872
09957
09927
07492
07497
07044
07065
10008
10005
10006
03088
00161
00332
03652
02276
03890
03891
02275
02233
03525
01104
02227
04095
02619
01956
03294
01666
01666
09013
01666
01885
00274
00773
01854
01875
00284
07304
00784
00763
01179
00688
00851
01869
00700
00626
00567
00790
00666
00433
00130
01823
01489
00758
01488
00761
01915
01436
01537
03918
08252
00066
00067
03762
01849
06173
10563
10563
03536
07042
03929
06048
01470
06287
06925
03098
03088
14743
09710
09748
00163
00645
02078
01775
01409
01626
00088
00088
01951
00641
01740
01867
05375
03596
02968
02340
02238
02237
03979
02899
02888
03752
02529
00496
01251
00943
00800
01007
01915
01880
00130
00666
00666
01687
01389
03439
01596
01790
00666
00248
00666
00622
00130
01207
00059
00626
01719
05895
00010
00666
00598
01494
01617
00012
01915
01915
03379
00873
01721
01939
00925
00788
01462
01613
01322
00382
00074
00574
01619
00075
01834
00286
01749
01698
01845
00772
00626
01477
01911
01661
00666
00805
00057
01706
01707
00666
00558
01687
01620
00688
04091
00574
01151
00104
00681
00939
01265
01790
00384
00926
01478
01895
03386
08095
00820
01580
00666
01733
00003
01887
00027
00975
01246
01092
01496
01609
00284
00873
01768
05898
00130
00666
03379
00666
01951
00122
00574
01338
00626
00033
00088
01638
00496
03379
08095
00134
00927
00705
01803
00031
00945
00545
01937
00858
01866
01755
01595
01940
00036
00616
00615
00611
00930
00145
08095
00859
00276
00721
06042
07442
00765
01523
00548
01183
01772
01179
01924
01725
01925
01000
01928
01626
00766
00856
00865
00768
01870
00826
00605
03101
01255
01077
01915
00982
01915
00606
00803
01426
00390
00784
00969
00147
00852
00931
00940
01873
00010
01754
00010
01358
01358
00833
00652
01935
01012
01046
00278
00767
00013
00817
01693
01874
09761
06911
02067
02067
08981
07399
07131
03106
07258
02959
06960
02860
02884
03470
07391
04096
03733
02357
02838
00981
06941
03379
07119
06976
02348
02224
02600
02519
02834
03177
06443
02902
07030
03655
00954
07040
03529
03110
03320
04751
04654
02017
09879
02358
09932
03719
03090
01703
07068
09772
01706
07497
02867
02950
02992
00819
02946
02892
02994
02933
00020
01710
01531
00627
07192
02948
02986
02996
03718
00128
03466
00995
03969
04655
04654
04653
04656
04653
06282
04652
04651
03553
03565
06168
02067
00605
04077
07110
02035
07001
06945
02426
09166
06200
03924
02067
06901
02035
10533
01857
08167
03457
03306
02004
07497
01130
03665
03709
07058
03499
03499
03313
03684
03333
00382
01858
03070
00508
09684
02232
06605
01628
00973
03686
03147
06048
03750
01480
03307
06196
03924
02067
07006
08884
00274
07027
03582
02065
01433
02926
02886
02982
02931
02988
03076
00817
07028
03758
07058
07496
01897
00108
01840
06949
03496
07177
09118
04079
00252
00344
01640
07749
00451
06994
01768
02836
07080
01154
00882
03436
00978
06994
00249
07492
00108
04719
05936
00016
01714
00449
00448
03687
03975
00001
06994
08289
05571
05569
05567
03088
07222
05364
01637
02007
01126
01903
03709
02956
04652
04651
04656
04653
04655
01644
01809
00274
00528
01153
01480
01560
01480
06860
05794
07020
09167
09767
09966
02228
09807
02230
04042
04073
01848
09858
00340
01992
01992
01992
01992
01952
09958
09959
04073
00324
01664
00239
00240
00343
00342
00333
00239
01032
00339
00338
00337
00294
01835
00059
00626
00248
00626
00666
00666
03379
00566
01972
00053
00058
00052
01885
00937
00057
01758
01921
00946
01823
00990
00554
03100
00986
01426
00276
01669
00099
01265
01953
01915
00130
00116
01881
00666
00259
00215
00560
00287
01563
03465
01714
00791
01778
00255
01356
00886
01092
01520
01662
01599
01868
08256
00759
00951
01876
00632
01007
01872
00014
01736
06213
06911
09793
02066
02066
06911
02016
02067
00529
02033
02034
01714
00891
01735
01465
00942
00789
03379
00604
01783
02965
02919
03696
02907
09796
03218
02874
00135
00567
07393
07010
00111
00330
03427
02768
02769
02770
02231
00162
02518
02952
08095
03431
04078
03216
00242
07120
03724
00966
02361
00140
02549
03183
03799
01113
03704
02356
02825
00609
01955
03060
04066
03744
03500
03703
06958
03075
00782
01057
00344
02259
09014
09015
04488
02470
09967
02954
03922
03921
00322
03768
01069
07054
00854
03153
03294
01142
04565
07157
05570
07768
07776
02492
01487
02548
00140
00525
07090
03977
06024
05896
04763
03631
06442
03402
01889
01768
03437
02887
02916
02520
03701
03702
09146
02945
02335
01607
03820
07113
02229
03118
03116
00375
00518
07156
07245
02553
02346
04477
03321
04047
00249
00762
03578
07465
02575
00362
03589
02563
03588
01929
03438
03925
06888
03624
08289
03281
08641
09009
07243
07224
02428
03723
00537
02897
01056
02528
03424
01665
03750
00963
01934
03282
02911
00249
03405
01061
03625
00318
06207
00374
00373
00371
00370
02575
03574
00459
06193
06942
03601
03602
02446
07175
07646
01902
03657
01029
01028
03469
05712
00847
01607
06996
00128
03379
01421
01802
05337
00249
00249
00249
00299
05714
07588
06891
01768
02114
02112
02115
02111
02109
02110
02108
02493
02835
02909
01032
01031
05711
00957
08296
01768
04750
05592
03284
02313
03629
02616
02601
07089
00363
00362
03707
01892
00526
10680
06215
01159
03550
03551
03210
03072
03074
05712
07005
04043
03695
03798
07493
04485
02038
01126
03924
03628
07503
10533
02863
01548
01547
02341
01142
10773
10533
04077
03149
02343
03685
01588
10674
07090
01586
00794
03501
02914
00033
00325
01637
00596
01533
00059
10843
01814
01817
07447
07001
01998
02075
07154
00432
02077
01616
02074
02551
01962
01963
08681
02008
00231
11189
03117
02554
01995
11159
01644
06187
03789
00793
02906
02890
02040
10805
10805
10979
01673
00609
00266
00619
01546
01624
01623
02338
02470
02469
02990
02963
02939
13540
00611
01448
03520
03519
06153
05568
05565
02054
03043
03046
07258
03783
03786
00341
00335
00241
01031
03040
01589
00331
03581
03644
03644
01644
03337
03336
01915
02379
03544
03545
01808
01256
03111
02351
07245
03531
00627
01644
01007
07576
00991
01430
08999
02437
03088
05799
05337
00059
05337
03154
02067
02913
03070
07341
02078
01216
03561
03073
00645
02864
02935
02904
02961
02895
02881
02876
02871
06178
03924
01738
02837
01919
02902
02913
02963
03320
01442
02342
07009
04028
01681
07114
02346
05786
02337
01236
07090
02798
02799
02800
00008
01953
06877
03517
02501
02500
01657
01696
01695
00266
00426
00425
04047
01915
06001
00108
00761
01480
03594
02192
06901
03190
03189
03188
01428
01429
04750
00528
03704
03639
03635
03637
04093
02039
06980
00817
07223
06986
01607
02503
08641
07402
03654
06720
06718
00854
01087
07089
01512
03801
07160
02909
07736
07067
01673
04567
01633
04075
07259
05794
01784
01768
03168
03704
01129
06876
01591
01426
03070
07044
03583
07222
00845
09456
02355
03735
03736
06959
03781
03412
03892
03523
04773
00648
06975
01104
09125
06895
02066
03335
01265
10215
03432
03433
03722
07656
11105
05596
07653
07669
07670
00826
02283
03466
00666
07506
16786
16787
11717
00162
03518
11177
04567
01908
03335
01907
00019
01187
01999
11610
03767
08372
11609
02041
02042
07090
03822
11386
00666
07671
07672
00658
07654
07655
11385
11387
05558
07082
06902
00962
04788
04792
04787
02483
11212
01424
11103
02316
01679
07458
00175
06180
01704
11065
00161
10764
03575
07588
01738
05522
11068
00174
08483
02654
01883
01439
11175
07107
00334
00336
03781
07090
00631
02274
07738
02274
07006
07006
03338
11533
01625
03737
03426
02484
00602
08972
07742
07008
03530
07077
03710
03710
03710
07071
07071
07095
09161
12503
12441
09131
06997
07735
02020
12234
11752
07535
06910
01997
03921
11609
12421
06915
07164
12410
12440
12444
12426
12428
01491
13288
07250
02291
11178
07667
07305
07305
12437
12429
03657
06966
00281
00655
11987
01847
12466
01950
02018
11753
11611
07478
03524
11943
11944
11945
11946
11947
00595
11948
11949
03727
00252
00674
03088
07056
04790
04791
01895
03743
11263
11779
07124
01890
03496
01847
07090
04789
02302
07124
07124
07124
07460
01996
07001
11609
04793
01487
02037
06994
06994
03790
05781
07093
01079
07010
00111
00111
01130
01130
02471
02045
01473
02046
01699
13920
13542
01909
13483
13527
13788
01822
06975
00529
00483
01652
07127
07107
07107
02048
02047
02011
07793
13787
03088
06118
02030
13570
13525
13529
01782
03574
01697
03657
13038
03564
03564
06221
07250
00620
02554
12443
12583
13979
13953
02044
03782
13669
13671
00955
07675
13639
00121
13640
00024
00666
01897
12423
03809
07032
00059
01958
01534
02483
11754
14221
00153
00038
14215
02006
13573
03782
11263
00941
13993
14232
14230
14224
04098
07794
07483
14234
14235
14220
14225
11069
11071
01990
14225
14230
14233
14233
14339
14232
08281
04072
01969
13571
07045
04762
00626
00059
05834
13687
13686
13572
13668
00076
13693
13771
13953
03404
01485
14218
14234
14232
03762
07045
14223
07045
02058
02013
14335
14233
02052
14225
14219
14260
11072
14228
02484
02056
14267
14222
14223
14231
14228
02012
14233
14228
14224
06147
14229
14236
14337
00344
02067
07795
02035
03088
00091
06889
14136
14393
14237
14237
14230
14237
01978
14228
02029
04517
07483
01977
01977
01980
01980
02010
02057
01985
01985
01796
11070
11961
14219
01515
06147
10676
01966
01524
14652
00257
10823
05606
07483
14226
11603
01897
14219
00104
00128
14229
02030
06893
07052
14234
08987
14227
14218
14218
14219
07068
19302
14161
14162
14222
01983
01011
01011
08095
01607
01524
14743
14743
15372
14953
14954
14952
14953
14520
14727
14941
00970
14470
14956
14949
16013
03297
03297
03297
16012
03090
03087
03088
03088
03086
14652
11939
06177
12466
00392
14733
15372
11602
02031
08299
15320
15733
15510
05602
15526
15554
15521
15555
15553
14228
03929
15551
03929
01082
01692
01692
01692
01692
01692
01692
00121
12510
15866
01692
01692
01692
01692
01692
01692
01692
01692
01692
01692
01692
00459
00459
15520
00459
15525
15781
01082
15371
01840
00464
01692
00368
15866
15868
04093
15983
15977
15977
04073
15981
15981
15977
15982
15983
19221
03605
11944
16146
16147
16148
07492
07492
07493
07493
07483
07497
07497
07497
07497
07497
07497
07483
01069
16149
16150
00130
18958
18957
10716
03284
16045
16046
05898
16047
16048
16049
16050
10716
16051
02028
18955
02067
02067
02067
16320
17067
02067
02067
02067
02067
02067
02067
02067
02067
02067
16167
18851
05845
16168
03699
16370
02371
15982
16301
10831
15552
16264
03893
16267
03321
16653
16645
11960
10009
02424
02036
16783
13572
11601
02066
02066
02066
02066
02066
02066
02066
02066
02066
02066
02066
02066
02066
02066
02066
02066
01166
02067
02067
02067
02067
02067
02067
02033
10543
16784
11959
16652
16650
16647
02066
02066
02066
02066
02066
16649
02851
11962
16648
11963
10544
10545
02042
02041
02044
10010
02031
02032
16906
02030
02030
16907
16785
16370
16840
16839
16841
00823
01457
11991
01533
16870
02009
16905
17218
02028
15035
02029
02030
16922
19311
15583
17103
17218
02028
02029
02030
17228
02028
02029
02012
02067
02067
02067
02067
02067
02067
02067
02067
02067
02067
02067
02067
02067
02067
02067
02067
02067
02067
02067
02067
02067
02067
05847
05846
01990
01990
01990
01990
01990
01990
00384
00384
00384
05846
17686
10112
10112
17686
07052
17836
12574
10027
06916
07161
00254
02025
18215
05916
05710
02566
00249
17947
00436
18005
05708
06282
06281
17883
03366
08351
00004
18007
18006
01066
02055
05337
06880
03710
06994
01652
02067
00059
02016
18251
18254
18252
18256
18257
18255
11945
18275
01286
02003
18277
02035
02034
01816
03316
05522
05337
05838
07005
02033
02034
02035
06147
00091
02053
02055
02164
07010
07010
02030
04748
03885
18235
00138
21688
21689
19302
18369
18369
03742
18472
18481
18481
18481
18481
18481
18481
18481
18481
18481
18481
18481
18481
18481
18481
18481
18481
18481
02011
18455
03574
18688
18687
18701
18687
02493
18851
01992
21672
21672
21672
01214
20807
18851
01990
18917
18955
18955
18913
07171
18955
18851
18851
07171
18928
10747
01971
18929
18911
18912
03325
07493
03976
03526
16238
16037
00798
19191
01621
03885
01992
12952
12954
17840
19302
01822
22476
06881
19577
19686
19687
19710
08744
12954
21672
16319
05770
01457
05770
05770
20807
12132
12132
20074
12132
20265
20497
20470
20469
20760
20761
20466
20542
20467
20468
01214
20762
20814
20896
21071
21140
13877
21119
00821
21147
08884
03636
21148
03636
21200
21310
21401
21417
21397
21416
21473
21473
21474
21401
21481
10914
21691
21600
21608
21687
21600
21672
21672
21672
21685
07062
21495
21744
12954
12954
12954
21929
21929
21887
21885
21961
21992
21962
00936
22010
22044
21903
21903
22044
22081
22082
05275
22107
22083
05275
22108
00467
22187
22187
17758
17759
22319
22297
22306
02257
22336
22311
22316
22343
22342
22298
01551
22297
22344
22445
00728
08300
08301
22468
07566