01419
09761
02049
06886
09127
09811
06180
22348
22348
00602
11753
06176
02039
06177
09744
06178
09774
11719
09903
09862
01247
09158
09930
02460
03979
02453
02013
07180
03412
06920
03644
05589
01892
01640
03685
03595
03977
06168
03215
01029
01028
02945
03593
04773
03775
07502
06877
06024
05896
04763
03439
07447
09458
02452
00335
02456
02455
02454
09013
09015
01159
09781
03413
09014
02446
07305
00783
09764
09792
00867
08963
03316
09779
10773
07304
05712
04082
01673
03590
03589
03588
03587
03438
03925
01915
03628
08301
05788
03969
07335
01840
07164
06153
03562
03832
03641
09800
02160
02356
02666
02665
02664
02663
02662
02667
02668
02653
02669
02652
03797
01126
06415
02337
04078
04565
01754
01919
03801
03711
03711
10773
00507
00507
00507
07178
03177
06173
03584
01878
01879
02335
04074
05375
07337
03149
03154
03153
07343
02434
07402
01676
04088
03578
09747
09748
00648
00954
05788
01061
03088
01652
09768
10563
01278
01278
09786
02433
09771
09812
09769
02199
02355
02558
06187
03654
03630
03637
06929
03575
03424
06287
03657
02871
02996
02669
03565
05807
03545
03544
01697
07102
03216
09989
09990
09965
00074
06988
03088
03523
03385
02110
02113
02111
09983
02528
03664
02600
02519
02834
02956
03580
03686
03648
02469
07403
02533
03576
00809
09949
03717
07088
03561
03559
03832
00648
02557
04046
08997
04047
03406
07098
07071
00486
07124
01617
07497
07302
07303
03543
02115
07743
00064
02106
08482
00575
03412
10027
09800
00854
04068
09807
02650
06941
02959
06960
02860
02884
07460
07056
03980
02945
02916
02887
01889
04764
00558
00847
07259
03652
08981
03402
00500
02909
03412
05366
09136
09117
09122
03413
07147
04079
03313
01696
01695
03724
06953
02275
02276
07019
00344
06193
00547
03710
03320
03781
01870
01119
03932
03478
07568
00030
03113
07240
02564
06889
01481
05366
03522
03521
00616
06041
07058
03919
07243
06885
06888
03684
02837
01679
00673
01130
07507
02913
02902
02954
02796
02795
02794
02793
05350
06958
00794
02970
02316
03086
03665
06891
08296
02838
02357
02967
03070
06968
03631
00858
07282
09120
09121
07019
01807
00799
03814
03556
03704
01083
02015
06864
01962
01999
01997
01990
04087
00297
03799
02114
02112
04044
04077
03694
03798
00428
07113
00865
00655
04568
03531
01266
01738
08978
08976
08591
09710
06188
00793
03525
05520
15772
02563
02108
02109
01990
02035
02033
08641
03787
00334
07277
09844
09859
09767
03933
01495
00104
02427
03101
03101
03101
03101
03568
04487
05810
04094
03667
02437
05524
03579
02358
02913
03073
02601
02867
02863
02864
02935
03043
03046
09919
02527
09607
03592
09933
09934
09935
02017
03296
00525
04084
04487
04488
04755
00938
00526
06412
02897
01056
02990
02963
02939
02314
03695
05567
05568
05569
05570
05571
02276
02275
07347
07346
01448
03555
03313
05592
03574
00266
06140
00655
03572
00799
00860
01921
06911
01633
01738
07456
03745
03060
03676
03529
07282
02835
02493
07110
07090
02535
03551
03550
09858
09166
09795
02040
09810
09808
09808
09959
08296
07090
00720
04564
07303
07302
03696
03654
06911
03106
03926
09164
02435
08218
09125
03218
03110
09936
12524
12524
03168
02482
10255
02361
10805
01897
06076
05592
09458
00525
01938
01870
01845
01647
01262
00097
01759
00820
01236
00851
00784
01507
01915
01556
03392
00452
00033
01057
00036
05603
01438
00845
00012
03270
01627
01937
00979
01791
00764
01012
00652
01935
01596
00275
00703
00931
00681
00820
00604
00963
01462
05982
01488
00975
06044
01772
00666
01092
01875
00384
00548
01008
00989
01358
01322
01338
01262
01409
00606
01918
00962
01520
01756
01923
01284
01893
00383
01952
01868
01886
00074
01974
01867
00156
00661
01142
01338
00945
00817
01551
01869
01802
01698
01669
00259
00876
00969
01497
00627
00382
01693
00817
00013
00765
01641
01712
01468
00997
03431
00796
01356
01689
00767
01873
01183
01595
00773
01790
00973
01710
00995
00278
00762
01662
01876
00773
01843
00942
00912
00748
00677
01869
00600
00059
00645
01179
00928
01835
00790
00831
01255
01974
01597
00869
00054
01823
01778
00760
00857
00948
00788
00930
01755
01940
00145
05994
01142
01424
01711
07114
07114
00859
00605
00133
00077
01661
00951
01887
00939
01042
01462
00573
01733
00943
01745
00928
00860
00566
01784
03100
01465
00873
01647
01736
01911
00031
00940
00554
01283
01868
01626
00216
00156
00700
05343
01613
00791
01951
00088
00626
01715
01920
00937
00140
00761
03924
00575
02343
02274
00759
00632
01599
01485
00528
01322
01507
01921
00075
01924
01925
10027
01000
00537
01929
01928
01972
01512
01489
00756
01619
01921
01776
04127
01872
00688
00210
01895
00261
00294
01591
00950
00215
01714
01586
00560
00287
01299
01259
01183
00164
00658
00766
01609
01817
00799
01752
01387
01783
00873
00605
00058
01628
00772
01358
01638
01637
00705
00845
01251
00789
01881
01975
00598
00946
01265
00228
00864
01007
01579
01802
01091
01810
01265
00432
01775
01462
00615
00819
01768
00318
00432
00322
00970
00806
01895
00567
01939
01749
01719
00627
01885
01933
00457
00451
00134
00927
01803
01945
01866
01934
00826
08884
07154
02551
06223
03530
00640
02806
00231
02283
00537
01995
06176
00575
02259
08483
02654
02401
03118
03733
11189
00232
08303
01996
01961
01998
02405
11275
07058
10773
03169
06131
00799
00375
03772
02313
00052
01649
00684
07225
00057
03665
01681
02674
03553
01113
06959
04079
03500
00799
04066
01620
00957
02071
01814
07042
02470
06974
07454
01953
01912
01448
02036
07497
00166
00167
08995
00799
03585
07045
06131
07282
03820
00655
01546
01547
01548
07646
07090
07289
03719
03406
02338
03629
09940
03570
05515
05837
02492
02454
00161
00162
03408
00575
03408
02902
01963
04744
01768
00338
00337
00336
00333
00332
00331
03750
02500
02501
03639
03147
00340
00339
07574
02687
07263
04488
00797
04485
06169
06976
01885
06941
00330
07053
01585
03638
02341
02340
03424
07137
00901
03075
03470
01126
03517
03701
08482
06911
02000
02001
07588
03469
00459
06949
03306
07220
05539
01067
03784
02348
07120
00381
00380
07044
01586
03649
03669
03670
03701
03309
03775
02355
02533
06894
05367
06330
09919
00833
03790
06886
03549
07099
05844
02672
06213
03885
02553
06942
07098
02669
05794
06195
07566
07071
04047
04756
03386
06183
03704
06023
07082
03924
05591
02198
02197
02195
02194
00788
03284
06969
07018
07052
03686
03789
02950
02992
02355
02358
02946
02926
02892
02886
02965
02890
02982
02878
02904
02961
02874
02895
02931
02954
02994
02933
02881
02988
02907
02876
03076
03924
04773
02469
06996
02459
02204
02676
03976
01589
01588
07114
03621
02346
00981
03642
00133
00453
03752
03750
03281
03497
03496
03501
03495
07552
07263
04773
03650
08998
03536
02914
03640
00067
03547
03546
07787
01738
09691
03296
09000
00995
08304
00111
02520
06894
01673
00863
00128
00128
01768
09982
01858
03771
07461
02371
01039
01040
07112
03798
03574
06925
03474
06911
06911
03781
01104
01480
03885
07391
07444
03466
02888
02899
00556
03634
03657
02238
07736
01883
03702
03703
06287
06442
03602
03601
02279
07462
03074
03072
03210
07568
06381
09791
05595
00954
00343
00342
00341
06158
03704
03724
03723
03328
07011
02517
06861
03092
07560
03111
00241
04083
00263
03833
02372
02536
04567
02836
06217
02968
03413
03412
00575
03408
03408
03407
03413
03625
07738
01808
02078
03621
02911
04760
04043
06204
03924
02906
06207
01955
03624
03655
07734
07386
03701
03657
05794
03596
00609
01956
00800
01735
00891
03183
02548
00239
00240
01903
01902
09696
09697
02291
04043
03687
03565
03722
03705
01714
03928
01724
01439
07167
00674
03455
03569
08994
07504
02986
01950
01737
02518
02919
02952
02948
02986
03040
02879
00655
03821
00426
00425
03748
03408
00575
03408
03406
03407
03412
03412
00575
03408
03327
02557
06902
00575
02517
03778
00763
03924
02065
03594
07090
06177
01129
09690
03497
02283
02280
07458
00248
01322
01759
11208
03217
03225
03229
01890
02458
00626
01847
11942
03767
00971
07090
07090
00812
00812
00666
02457
03566
07657
02462
11749
06969
06969
06969
06969
01493
07074
11927
08309
02237
02456
02461
07636
02372
03177
07112
02452
11752
12267
03226
03797
11065
11103
00772
02622
02342
02614
01448
01657
02552
06183
01665
03497
03222
04075
11068
11068
03116
03116
02456
00641
06180
03226
11175
02315
00406
02274
02278
03856
04518
01447
02078
00241
00239
00240
00303
03230
02416
01392
03799
01545
02420
04061
01664
01658
03230
03228
03222
02421
00639
07478
06179
04042
08884
11896
00803
09019
01507
11903
01897
06883
00274
03426
07098
07098
11755
03832
03832
06903
06999
07000
06997
06997
01297
07735
13015
06213
02483
01515
12410
02020
12454
15778
03455
06889
07397
01491
06147
06969
11747
03574
13051
01897
06966
07014
00655
06907
03333
13049
06898
08307
01847
07390
11927
11741
01081
11907
11891
11890
11892
03524
11905
11901
11910
02049
02050
02051
11717
11895
11904
11720
02051
02050
11754
02303
07214
11900
11906
01895
03688
07152
07152
03743
00646
01874
07090
03496
03496
03496
08680
07124
03117
07098
11921
08994
11893
12573
07182
00185
02037
02038
01961
07117
02200
02018
03832
09951
02347
07577
06910
00265
06940
07148
07148
13038
02045
02047
02046
02048
13789
15681
13482
01079
09456
15643
12573
12510
08884
00375
13288
02011
07017
00135
14058
13953
11384
03088
03296
07114
06147
00612
01990
07051
03832
02503
13529
03786
07107
07107
12511
01990
01758
09005
07742
00647
07497
07119
02002
00390
09005
03333
01991
02073
02072
01760
00428
01484
05808
02806
03500
03305
03671
02445
00721
03574
13525
01782
06013
02363
02005
01537
01782
01491
09457
03558
03564
03564
00281
06867
00797
00948
13979
02044
01958
13774
13775
13777
13778
10778
00024
03576
00184
00984
01897
07052
10026
05847
03088
02013
02015
02016
01130
02016
02015
06152
13573
09065
13993
13993
00059
03088
02066
02065
00382
02012
02011
02010
13057
00059
03791
13614
03088
07713
06180
11749
00639
09804
03770
06142
07175
00121
07516
14226
14220
01843
01739
14219
14229
07484
02015
02013
02016
14228
14238
06147
14232
14225
14225
03088
14219
14232
14224
14218
14218
07160
03305
01070
03088
06867
00943
13771
07058
07114
01488
00632
02004
13963
03297
14161
14219
14219
14219
14229
14221
14221
08884
13787
01992
01442
10112
14347
14228
07045
14234
03088
03088
03088
15311
13628
14233
14234
14224
03088
14230
14230
14230
15312
01992
01977
01977
01977
01977
14234
14228
14228
12574
07017
07003
07003
03088
03088
03088
03088
03088
03088
03088
03088
03088
03088
03088
03088
03088
03088
04562
01844
14218
14222
14225
01978
14233
14237
14228
14441
14415
02057
01426
06979
01985
01985
01985
01985
01980
01980
01980
01980
14232
01046
14227
14227
14227
14227
14219
04771
00941
14231
14237
01183
01173
01768
15653
01524
01524
14652
01884
15035
14236
14414
14235
14225
14218
14218
00249
03561
02012
14230
14223
01533
02056
14237
14223
03296
06133
14230
02016
14170
02004
02004
00666
00666
03559
03561
02674
05281
01174
03832
01256
01990
01992
00453
02010
07101
09986
00809
07483
06905
03500
01784
07001
02035
02034
03600
01989
07497
08884
08884
03088
03407
05710
05994
07221
07025
07116
08884
11731
00821
03978
05801
01322
03735
07119
03856
01991
06872
00640
00631
08884
08309
03089
07443
03088
01130
13993
14233
14233
14162
14267
07001
02077
01992
14952
07171
16329
13877
00184
10112
01768
07032
07032
04771
06204
14645
03767
03560
15011
15726
03088
03088
03088
03088
03088
03088
03088
03088
03088
03088
03088
04760
16089
00563
11939
03321
15311
03628
15642
15012
03500
02025
06996
14228
15011
15067
15313
00185
04765
02405
15337
02032
01252
15633
14230
03929
15738
15256
02428
10747
01082
15641
02031
15634
11741
01692
14415
15337
00249
01692
15727
15727
15727
11741
15469
06180
15725
10187
15862
15342
10217
03089
03089
03089
14415
14415
10027
15876
07012
01091
14645
10716
15977
15977
15987
07798
03224
03223
07464
08679
15977
15342
16089
16091
15726
16147
03301
03671
18552
16053
16055
16066
00974
11645
16167
07038
01966
19117
16264
16168
00208
03699
16370
16171
13614
07038
05350
18014
16264
07323
13572
05825
02066
02067
02067
09816
09817
07012
02851
05845
05846
02193
01628
00700
00407
01834
02003
11991
14393
02003
00374
01801
07091
01426
00185
14218
01992
01992
00184
14225
17103
17103
02029
02030
02066
01990
01990
01990
02065
02065
02065
02065
02066
02067
01990
08738
02028
17247
17218
01990
01990
01990
01990
07323
03671
01992
01992
14228
17686
15770
15771
17686
17675
07714
03406
03406
03406
03406
03408
03408
03413
03413
15012
03410
17686
03924
03924
03924
13292
13292
06203
08309
07141
07141
00675
03793
03828
06999
07577
07401
07502
03453
03281
07275
07278
02005
00428
00428
06202
07315
03698
06915
06978
07027
07027
07037
07040
07098
07117
07157
08995
09004
09117
09181
09981
03412
08884
08884
08884
08884
07709
03407
03407
07010
17733
02167
02584
03704
03704
03704
03088
14415
13628
06180
09136
03687
03671
04084
11434
05982
02003
02003
02003
11085
11085
06147
06147
02003
02026
02057
01999
01999
02004
02004
02004
02004
02003
14445
07114
07114
07114
03561
03559
03559
02014
15725
07238
03640
06196
02657
02669
02669
02672
02674
02237
07657
07799
17758
17759
01392
07508
08776
07263
07263
03767
03768
07263
07444
02027
17752
17837
01961
00507
03574
16267
00014
07263
01426
01267
03722
02420
01263
01263
01273
00588
00830
01438
00826
00647
00647
00059
00059
00059
10255
01750
05712
02160
05712
00966
01784
01207
00363
00261
06131
13622
00461
01951
01951
00302
13745
00641
00933
01259
01478
01921
00799
12989
12995
07259
02304
15329
01710
01061
03333
03333
03333
08884
08884
08884
17733
00254
07161
00784
09022
07003
18013
17989
18148
17947
21430
18011
18012
12339
18277
00138
08884
15856
03742
18475
21672
14236
03469
18912
10747
18911
18146
07484
19055
16149
00571
19142
19141
19119
07448
08309
07061
09951
00798
19090
19118
19075
19076
00456
12349
19267
08217
08217
19302
19355
02277
01066
05844
06180
03703
10563
03553
06147
01991
17713
15726
15726
03832
03641
02456
02454
11904
02652
07713
07714
18346
07712
07713
07713
07713
02477
07714
03408
02477
02379
00571
02078
03545
02078
03545
03545
11209
20074
07443
07497
03453
08482
03769
00627
00640
09458
01739
00059
02372
00484
00128
01784
02277
12132
12132
12132
12132
12132
07506
01392
08604
03798
03568
06173
04043
18979
14742
04043
04043
04043
04043
03789
04043
04043
04077
06941
00941
18661
10811
00799
05946
07260
03153
12132
09836
05281
12132
12132
12132
12132
12132
12132
12132
12132
12132
12132
12132
19517
21271
00799
08164
06131
15777
05770
11751
12132
12132
12132
12132
12132
12132
01750
00956
01626
20074
12132
12132
12132
12132
12132
12132
20074
20444
20628
01183
06131
12132
12132
12132
12132
12132
12132
12132
12132
03696
03696
03696
03544
03544
03772
02016
03560
03560
20276
07497
08995
06883
06889
07003
08999
06907
06911
01214
12132
20788
16417
20866
12132
12132
12132
12132
12132
20074
19713
01214
01214
16416
16554
14227
21061
21062
21071
21071
21272
21029
08968
12658
21142
03636
21480
21420
21405
21744
21572
21929
21929
22044
01634
22027
00754
01463
22136
14274
22132
03547
02257
01551
22342
11206
22491
22491