01961
02428
14652
13038
13747
00812
00640
00943
00954
03186
02386
01338
03217
02454
04651
03620
03605
04656
09825
09764
00873
02570
02572
02568
02573
02567
02492
01599
01698
01749
03152
07000
02003
01972
02406
02065
01439
02453
02122
02124
02123
00859
00797
09765
02372
00677
03544
03569
03570
09861
00793
02456
02120
02118
02117
06204
00788
01963
03981
01591
01494
02160
03442
03796
03470
05820
00762
02838
03075
02169
01875
01999
01997
01998
03149
01610
00426
00425
03685
01736
03635
03750
03168
07095
01012
01885
07160
01872
06287
02501
01814
03413
02687
03798
01613
01649
03977
01867
01933
01613
01956
06153
01126
01955
03046
02950
02992
02355
03813
09794
02020
02018
02020
02018
07175
00767
03517
08591
01633
01995
01996
10857
03320
03284
03760
00901
01409
02970
01937
02051
07088
01733
01042
03833
02836
01918
04075
07462
00428
07460
02358
02913
02313
02338
02470
02653
06346
03650
09117
06990
04069
01465
01945
04744
00962
01924
03655
05807
01873
00286
05808
02914
02909
07056
03596
02337
03744
01868
02520
02417
02416
02405
04562
02404
00950
01262
03786
03466
02397
03601
01775
02963
03111
02990
07710
02453
03438
07300
09136
03787
01834
00013
02956
02400
01740
00641
03602
03558
04567
00600
03749
01657
00014
00790
01151
01889
01890
00800
03527
02945
02356
00759
01696
01255
06942
00243
09858
06966
01091
06187
07305
02013
06193
01929
01512
01921
03550
03980
01883
06997
00995
01714
03634
03799
00833
03770
03590
03531
02066
02415
00997
01719
01951
00278
01912
00180
00179
03703
06910
07058
01507
01895
02342
01573
01572
07023
01755
02110
03631
00858
03594
01876
04758
00939
00240
00239
03307
00337
07113
01881
01940
03170
03182
08296
06969
02314
06442
00057
02434
06929
03530
01662
02411
02410
02409
00817
02566
01586
11720
01056
02897
02669
00616
03116
03118
00946
00240
00239
04066
03073
02601
02867
02863
02864
02935
03043
01783
01817
00981
00099
01091
03498
03499
00172
00171
00169
00170
03281
07107
07007
02600
09799
00075
02420
03553
01689
00891
11175
01925
04773
01000
00059
02078
09458
01962
03701
07090
02417
03495
02039
02040
02968
02835
03564
03664
00931
03979
02899
02888
07001
02996
02871
03179
00791
01626
00343
00342
00341
00340
02038
02036
03306
00604
03496
03497
02109
02109
02113
02111
02115
02112
02114
03559
03641
03640
03775
00645
00566
00948
01095
03147
03593
06969
03624
01520
00145
03269
03415
03407
03408
01585
01892
09769
07457
07043
03639
08289
04758
04759
00525
00526
01737
02887
02916
09760
02335
03752
03637
07090
03924
06077
00134
06888
07173
02967
02357
02421
00942
01887
09710
00969
00134
00927
01803
00208
00919
03563
03177
03657
08602
02619
01915
01665
00648
03621
02911
00940
03304
00003
03218
00789
00549
01735
00773
06603
02407
02422
01673
01448
01866
03060
09903
06180
03439
09812
09811
03628
01776
03716
00769
05837
00609
03501
00611
04763
03525
00765
10773
01624
03778
06940
09933
06199
00655
01952
01952
01923
03797
01885
02221
02469
09860
00133
01953
01695
02433
00088
07080
01955
01586
02019
01658
02493
08223
03555
02016
02015
02013
02006
04652
04653
00339
00337
00331
00330
09761
06207
02389
02390
02390
09131
02527
07164
01878
09116
01588
08303
04486
02394
02396
02108
00788
07277
03820
03210
03072
03074
01869
03723
02343
04078
04077
02884
00554
02860
06960
02959
03106
03671
00384
00764
07139
03110
04485
09748
02834
02519
00872
02535
03610
02401
01935
05592
11755
00826
00265
00782
10960
01738
08306
02902
00674
00820
00963
03455
06178
06041
01682
00983
02406
02406
02518
01265
03076
02876
02988
03101
03431
12140
02881
02933
02994
02954
02931
02895
02874
02961
02904
02878
02982
02890
02965
02886
02892
02926
02906
02946
06966
01993
03543
07151
02377
01711
03207
00012
02237
01939
00615
00795
09747
01579
01928
02879
03040
02986
02948
02952
06901
03587
02408
02388
02387
03588
02563
03271
03274
03273
02843
02844
02849
02517
02841
07391
01462
01358
03545
01495
02412
01687
09141
04061
01975
01703
00573
01756
03117
06180
09815
09817
09816
00556
06897
09384
04069
01465
02528
02500
06941
11065
01778
01627
00794
03625
01159
02456
03702
07456
03672
07568
02669
02435
01845
00053
03609
03608
09798
04096
07447
00077
02419
02557
02556
04042
00806
02654
07091
06173
06176
02316
05515
00619
03978
09774
03270
01693
03642
03424
00029
03831
01808
03474
00796
02341
00928
08311
02393
01609
06940
00979
00097
00177
00175
00174
00176
01902
01903
01678
01677
00031
07082
01772
01874
03841
03753
01704
00052
01433
03216
02340
06076
02453
03595
03667
01419
02939
03413
00990
02342
06196
00231
01008
06039
02379
03750
05516
00123
00123
00127
06917
00123
04654
04655
03183
03154
01879
07107
01644
03100
03686
01952
07576
01007
00382
00627
00162
00161
00850
03644
03801
00602
02523
06891
03694
00684
01810
02346
02392
02392
03086
00912
00606
03551
03705
03687
04043
07560
01772
03743
01870
00766
06925
06861
03092
07042
06920
00930
03657
03304
00384
00147
01652
01653
02536
04487
01142
18928
11752
07304
08307
12251
03636
03524
12574
13292
02452
00240
06282
03286
04751
04751
00215
03272
02483
01270
13378
03711
01497
02455
02455
11753
05595
12283
12410
03574
06889
01491
03686
01628
06168
02574
11749
12141
00748
02017
06001
01092
03768
00059
01934
01079
01784
03776
13819
13640
01897
11689
02347
09457
13626
02503
02242
03386
07182
00971
06148
03446
00620
03406
02652
02014
00104
14058
00290
02037
02484
03741
09944
00459
01960
01779
03406
03406
11085
03406
00788
03406
11754
00958
12573
00980
02614
02069
08309
03281
03733
12506
08352
00338
06013
03469
05927
00076
07133
07397
07126
01092
01916
00058
00024
03407
07114
02238
14228
00557
02004
00266
08973
02004
13993
00652
06882
02481
03284
07100
04651
05601
07216
09010
08077
08364
03286
11312
09804
06281
04771
05540
14228
14229
14229
04517
14086
14224
14087
09130
07114
07114
05922
00124
13626
07288
03892
01535
14226
14236
14680
14230
14219
05919
00974
14230
14234
14233
00329
00356
14393
14222
14235
14219
14228
14224
07176
14170
01980
01980
01980
01980
01985
01985
01985
01985
01977
01977
01977
01977
14234
14234
14225
14231
14231
14218
01524
01524
15035
14090
14218
14218
14218
14218
14227
14227
14227
14227
14221
14221
14237
14237
14237
14219
14219
14233
14261
14220
14220
14225
14225
14228
14232
14233
15230
15231
06180
15495
15497
09892
15256
15257
15738
15894
15897
15371
15496
15778
15898
08679
03320
07171
10716
10716
02029
02029
16052
16052
02028
16263
03321
01166
02067
02030
02003
02008
10954
02030
11782
02030
17103
21681
02029
01992
00254
05366
18284
11785
18285
11784
22468
22468
00241
18929
03526
19158
22468
19416
06881
21636
20810
21010
21012
21011
21008
21006
21009
00566
00821
21029
01139
11690
11688
10026
21929
08363
14441
17758
17759
22391
00590