02066
02066
02066
02066
16786
16787
07448
01992
01992
01992
01992
01992
01992
01992
01992
01992
01992
01992
01992
01992
01992
01992
01992
01992
01992
01992
06881
14136
13687
12428
12437
03768
11387
13686
01479
06147
04517
06994
06147
01885
09763
03891
07054
07054
06994
00626
01782
13419
07009
03333
01941
06877
08167
14761
04518
14952
02035
02033
01854
18230
01692
01507
01426
01692
07131
06945
01962
01963
06177
08167
00666
04063
02074
02077
04073
01692
00059
00626
01692
00626
00626
07032
01692
00059
02067
02067
02067
02067
06986
13671
07052
02619
01011
15520
00721
15781
10843
11603
02554
16013
16012
03297
11602
00330
00331
00332
00333
00334
00337
00339
00340
00341
00342
00343
14347
03820
07113
06199
06199
12410
00075
01433
13979
02313
02338
03629
02470
02469
11752
03924
00266
02871
02996
03431
00820
01775
06925
03789
04078
04077
03088
03088
01951
14161
00658
01255
00605
00826
02233
00768
02231
01953
02275
00655
00766
02276
01626
03704
02291
00297
09164
00261
06978
03088
03088
00496
03088
00995
01868
01673
06916
00231
05916
13771
01599
03684
01662
09807
03088
01644
01246
00563
00975
03088
03117
00796
06966
06966
00318
06207
01207
02361
03439
07118
03786
00865
06975
07735
00773
09125
09122
02343
00574
09747
06187
07006
02108
02110
02109
02113
02111
02115
02112
02114
00790
05606
05838
00688
06901
15977
08281
00763
06891
00989
03564
01657
01609
01696
01695
00873
10805
03088
02003
03313
01007
00373
00371
00370
02575
11081
11084
11083
11082
00299
00099
06941
00981
02838
09903
02357
02967
03733
04096
07391
07460
03470
03100
02884
06959
01895
01056
02897
02837
00919
02528
03424
01874
07056
13639
00655
03790
07160
03980
03088
00384
03671
01448
03501
03217
08998
03536
03312
03631
04075
00760
03798
01495
00796
01633
00950
01918
01579
03525
04567
03696
03575
01673
04485
07736
00991
01770
01883
03218
01738
00140
07090
01754
15371
07107
06886
01358
01358
01256
01923
01808
06442
00858
04567
02553
07156
04079
04564
01126
01875
09936
03216
00641
01740
00031
01142
01867
07058
03630
00500
00240
00239
00242
03925
03438
03587
01928
01929
01000
01925
03588
02563
01924
03589
03531
05810
06997
09772
02221
01870
00963
02346
05786
03101
06180
01895
14393
03782
03088
00111
00864
00864
02013
02015
02016
06153
00886
03086
03736
03735
07228
07058
04768
01581
00797
04761
04756
03578
07738
01356
03665
01778
05846
05847
05846
05845
03088
06942
09019
06200
13529
03547
03527
03601
03602
07175
01652
00648
00817
09930
01869
07093
15268
01649
07090
00928
00133
03781
09117
10773
03313
01895
06895
05596
03086
03308
01999
01997
01998
00052
02029
02945
00859
03702
03701
02520
02916
02887
03437
01153
01154
03427
01868
07010
00554
02860
06960
02959
03106
00990
04751
03320
03110
03529
01512
07667
07646
01546
01547
01548
03685
07040
00954
00549
01647
01720
03655
02902
03750
00963
03282
02909
02902
02954
02963
00602
11175
01902
01903
07071
03657
01810
09456
00375
03088
03088
02066
02066
00697
00940
02888
02899
03979
00931
01007
02078
03654
14415
00147
04079
00969
09710
02237
02340
02968
06188
03596
02048
10979
06443
03885
03583
10674
06720
00836
06718
01091
01007
00631
01626
03088
14267
03704
00831
01647
00275
01647
03088
01421
01129
03975
07090
03568
07006
01265
07006
02230
02229
06042
05895
03118
03116
00077
03432
03433
07148
03088
03664
03654
02836
09812
09811
03671
01425
00549
00074
01637
07402
03811
07110
03306
07001
00382
01273
07238
04077
03639
03750
01448
03088
03762
03453
01356
01740
00797
01252
00216
00645
00997
02372
09458
02372
09458
00648
02548
08972
01738
07399
01845
01698
13542
01749
02492
01926
00286
01524
02034
07006
01790
00973
00761
00382
00864
00111
03724
07001
06287
03524
01589
01588
06975
02478
02337
01236
01754
07006
06044
00833
01935
02016
02013
02015
01012
00262
05349
05520
13993
00496
00791
06168
10008
10005
10006
10007
03565
09958
07006
00995
09780
03466
01714
09927
00215
00962
02956
11753
07246
00459
09959
00600
11068
06888
03624
00252
01858
10680
05795
09799
02939
02963
02990
00459
04762
01937
05896
06024
06178
00945
03977
02768
02769
02770
06048
03781
03271
00156
04047
02168
02283
02283
12510
03704
03168
02341
01953
07259
01687
06996
07071
11533
00997
03564
04090
13288
06915
07124
01889
01890
01595
03088
00145
00620
00930
00611
03402
01940
01755
02805
03088
03652
01866
01915
09190
03088
03648
00946
01921
00057
00937
03530
01704
01703
00052
07074
00053
01653
01652
01687
00382
07223
05936
00019
01969
01644
15977
02434
02003
02435
01462
01972
00566
04487
01776
02358
02355
02992
02950
00457
00528
08296
06911
03046
03043
06949
00817
01061
01468
01745
01712
15371
05836
07458
09957
00324
00324
00325
07107
00161
00627
05782
00140
01887
01586
00003
01733
00872
03628
02909
02835
02493
03517
00278
00767
00013
00817
01693
02501
02500
00162
00823
01799
02834
02519
02600
09748
01881
02029
02029
09861
02302
02224
00116
02232
01265
03710
01697
07148
03305
01524
01689
01586
01697
03327
06205
05795
03723
04042
00948
07008
01919
00239
00240
02346
01338
15736
06911
06916
03924
01666
11738
03545
01358
01358
03544
02379
00111
01873
11754
14260
03696
00459
06911
01714
07118
01443
03710
01738
03522
03521
02013
01079
06996
02016
06213
03088
02066
02066
02065
02935
02864
02863
02867
02601
03073
02913
09767
03799
03183
02551
01661
01911
01945
02346
01756
01354
01952
00855
01952
01952
00764
01933
06980
00425
00426
02040
02037
02038
02036
02039
03921
02046
02047
02045
00528
00957
00390
09761
03686
03705
07042
03584
00806
01880
03707
03582
03581
03088
00648
00648
02493
01491
07228
01908
09913
03310
01669
03098
07044
03921
07044
03556
00134
09165
00765
07023
01676
00849
03657
03426
03657
00370
00371
00373
07282
00363
00362
02575
03449
03088
01613
00384
13525
05567
05569
05571
06048
01462
01142
00451
01555
03147
00459
06443
02946
02906
02926
02892
02886
02965
02890
02982
02878
02904
02961
03088
13950
00163
00645
02078
00259
03088
02227
00817
07164
00371
00373
03710
00955
00957
02013
01649
02437
08999
00281
11717
09013
09015
09014
02259
00615
00036
01057
11381
02575
03821
05982
03088
00800
06949
03070
04719
00943
01251
00496
15553
15554
00941
03926
03149
03154
00788
00925
13788
10764
00528
00604
02016
02874
02895
02931
02954
02994
02933
02881
02988
02907
02876
03076
01265
07560
03750
02018
02020
00606
01915
00982
06978
01915
07507
02355
01638
02013
02015
02015
07107
01681
03075
01803
00927
00134
06958
03703
00794
14652
00793
01783
03500
00604
01462
04066
00789
13038
03060
00942
01809
00067
07401
09858
02003
01151
01640
00432
09793
01939
01624
03975
03975
00762
03695
03686
03687
04043
06177
04792
04788
00939
14743
11741
03466
02518
02919
02952
02948
02986
03040
02879
06173
13993
07080
03466
03724
03644
03801
03823
07071
03924
01772
01586
01591
01955
01956
01465
00609
02825
11737
13639
03625
02356
02654
01736
00891
01735
00014
07082
07447
01872
07478
01876
00174
00175
00024
01892
18687
00759
03074
03072
03210
03551
03550
01159
06966
00074
08681
10805
06215
02616
09456
05592
05845
05847
05846
05846
03284
07053
00012
14260
01494
06996
00299
07020
18926
15983
06213
01897
15981
15981
15982
15983
19221
04787
04789
04791
04790
00529
16147
16148
16149
16150
16163
00130
18958
18955
10716
05898
16047
16048
16049
16050
01822
14232
14232
16051
14235
18955
02028
07655
05845
03321
01840
07675
15738
02067
02067
01834
01840
01977
01977
01977
07671
00675
15269
15035
16137
00392
14218
14225
14222
16264
03321
06221
16653
16645
11960
11961
05350
02066
11601
02066
02066
02066
02066
02066
02066
02066
13419
12421
11386
13669
04793
13572
01985
01985
01985
02067
02067
02067
02067
02067
02484
02031
02032
02075
11959
16652
16647
16650
16650
16649
02851
11962
16648
11963
10234
04757
09146
11159
06889
01823
00851
03299
01515
04763
11189
00882
03436
08483
03090
01113
03932
00059
07025
00626
07025
01692
08167
03455
07098
15982
03325
00038
00626
06118
07304
10232
00666
02274
04091
03574
06147
06147
00135
00055
13540
00595
03727
15982
00374
02051
00232
06147
06147
00088
07114
11610
11611
00852
07161
02238
07048
03711
01470
06994
00666
00038
03469
00121
01847
01847
07588
03333
01092
03455
03087
03709
01784
03386
00076
03743
00619
05794
03709
00135
02433
03177
09764
13953
15526
00852
06910
03316
03333
03090
01104
00230
16370
13953
01537
01537
00374
07028
13671
03386
11609
01104
02017
01259
00059
01259
13049
01081
02342
00856
01113
06377
00845
13668
02342
03889
03890
03891
13787
05794
03404
02348
00232
06976
00389
00666
09966
04477
10563
01958
07030
14941
01885
00058
03294
14733
00666
06889
02004
02433
16051
03574
01784
01470
03743
00059
01692
00121
00033
02564
01602
01601
01692
02274
03647
01916
03635
00274
09118
00059
08167
07258
03574
07025
01835
05602
06994
01113
08256
01104
07305
03499
03499
00772
14743
01409
00088
00088
14162
09981
00652
03333
00059
01814
01817
11387
01092
01496
01104
00626
00059
02004
13573
13571
13570
13527
07442
01523
00624
00548
00101
01470
07258
00241
01489
00758
01488
03783
05522
03918
11263
01011
01966
01011
01692
01692
07503
00626
00700
02428
14339
00616
09762
03090
07054
03768
04488
02035
07114
02067
07077
03294
00271
00219
06902
02351
07245
05522
14743
00803
02030
02030
02030
02030
14257
14234
14224
14228
00666
12443
16785
00374
01719
01104
07393
01616
00027
03593
02025
00567
02446
01679
10533
09009
02033
02035
06994
02428
00784
00666
04093
00135
10563
03929
02228
00805
12583
01322
11608
05565
05568
01426
01426
00508
07654
07670
12234
11212
03929
13693
00666
01439
00674
00294
11779
09167
08981
15525
01724
00867
12503
00626
00564
03294
01478
14335
01934
08372
07653
07669
07131
06945
11263
01907
06196
01784
07776
07768
00845
15521
05570
06994
09251
11608
13640
01596
06860
03469
07386
00970
02067
02067
02067
02067
01619
03929
01692
01965
03153
03574
14949
02566
01796
00567
01426
01692
00033
00626
00059
02549
02025
06346
00666
00666
02077
02074
09118
07177
02004
05917
01607
16051
00153
06147
06147
00966
11991
07245
01897
04781
08316
03417
04781
15555
00951
16870
00355
14230
14237
14231
14219
14229
14232
14223
14218
14230
14230
01978
15555
02028
14219
14224
01980
01980
01980
01990
15581
01990
14233
14233
14233
14219
14237
14225
14225
14218
14230
14226
19311
01990
01990
01664
02028
01983
00265
03457
00370
17103
01897
14222
14219
02029
02030
17228
01992
01992
01992
15580
15582
14228
02067
10112
15553
03671
01990
01990
01990
01990
01990
01990
01990
01990
01990
01990
01990
01990
01990
01990
15554
14221
17686
01739
01533
17686
00537
14228
14220
14234
03824
00344
17836
17763
06978
05995
00917
02026
02026
06921
12574
17836
10027
00529
14337
14227
14233
14234
14228
14229
14237
14219
14228
14223
14236
14225
00661
00128
06147
00128
03574
17752
17762
00254
01187
02027
02027
07749
00561
08221
02031
02032
02031
02032
00956
04343
07045
05825
07068
07222
07222
07222
00091
18014
00249
03719
00104
18234
06880
18230
18235
00138
21688
03924
00135
11609
03333
07161
03885
03466
03088
00496
09458
00789
15981
02626
03921
11923
10716
04757
03628
06911
06911
00135
06994
11717
03921
14652
04096
07114
01007
00038
01173
00459
01715
02355
03704
00274
01113
09959
03217
03821
01990
01990
01696
00666
06978
07386
02039
00845
03466
15371
14949
04044
04755
15983
00626
03183
02035
03072
07054
19302
07459
18481
18481
18481
18481
18491
18481
18481
18481
18481
18481
18455
16234
18472
00681
18553
18553
03574
02804
18554
08744
18688
12429
02493
18851
18911
01990
01992
21672
07171
21672
21687
18917
15733
18955
18912
00529
18939
18955
04565
05792
03111
03497
03496
18851
18851
18851
18851
01971
10747
06147
07171
06147
01971
05791
03496
03497
03111
05791
03111
05792
00336
12240
03761
03822
00335
07029
07483
07483
03741
07483
19055
03976
01436
00249
00020
02483
03526
07452
00798
01802
01710
06893
06893
01710
01710
01621
00135
05898
07062
07062
02182
19147
01066
12349
08095
00020
19300
01990
01990
01990
01990
03722
07496
01992
07497
07497
07497
12952
01267
07068
19302
01066
01992
06867
06867
01822
22476
19640
06884
19577
19710
19777
01457
07119
07119
15510
13775
21159
21159
22445
03704
09796
22552
12132
12132
12132
12132
12132
12132
12132
12132
12132
12132
20074
12132
02803
20420
20420
20420
20470
20469
07695
20470
20470
20470
20468
20420
20421
06994
20470
01214
07100
20814
20940
01768
01768
01768
01768
21071
00525
21140
22445
08968
21119
00821
03636
21147
00632
00632
00249
00558
02314
06919
18955
00526
02335
06217
02316
18955
03553
00560
00287
01286
07465
03546
06191
01520
01286
03272
05558
21281
05375
03636
21148
00249
03636
00249
00249
00249
00249
21159
05375
21200
00632
00632
07005
07027
21397
21473
05364
03651
21471
21471
21401
21480
21481
21514
21495
21691
21703
21600
10914
21608
21672
21685
21686
00344
00344
00344
00344
00344
09458
21929
21929
21886
21887
21885
21885
21962
00936
22010
22044
22107
05275
03595
22108
00467
17758
17759
22297
17758
17759
22316
22319
01585
22297
22306
22336
02257
22320
22311
22311
22303
22336
01563
22298
01551
11206
22445
22445
00728
22463
07566
08300
08301
22491