14233
19058
10944
10944
10944
18923
00042
15778
16090
14226
03297
18979
14228
14230
02533
01156
14218
02358
14233
01524
01537
06218
14227
15035
16291
07178
00970
14233
14234
14219
14232
14228
00568
01759
14231
15725
15011
15726
15726
00974
02313
09951
15726
15012
12537
14218
14232
14237
14221
14236
15034
01834
12340
14742
15724
15727
15539
11741
15738
02428
01834
15725
07213
01523
01496
03793
04748
01602
01601
03177
15727
00368
00819
03769
04748
01156
07491
03560
15727
15725
00059
00721
02014
02821
11189
08483
01784
00058
07305
07304
00548
02653
01719
05341
10942
10943
00626
02116
02274
02258
02659
00121
01104
07393
03776
02433
01092
00830
11085
00666
00652
02660
02487
06596
01409
07491
03743
06889
02414
03616
01941
06045
06147
03769
02004
03294
02004
02005
06889
07397
09861
02421
02420
02419
02418
02417
02416
02415
02413
03926
04084
02039
01807
01624
00873
00927
00134
00615
00262
08309
13993
10773
00684
09967
09967
02340
03643
01869
09165
03408
03642
05837
05515
03571
14058
08086
12538
15342
00575
01507
02010
07126
07126
01784
00666
07491
07054
00856
02004
07221
02005
02004
07491
00241
00674
09931
00088
02427
06023
02806
01601
01602
06603
02067
00801
00772
04488
13628
06902
01679
02342
02067
02657
03498
00799
00055
06147
04763
00567
04750
00700
00135
02342
08305
03711
01525
02674
03153
03856
02454
00939
09952
00135
01480
03747
01724
06013
13634
00381
03701
03500
11175
01933
06987
10763
02884
00554
02860
02959
11473
06134
07735
07447
02825
00609
01465
01414
04754
05297
06190
09780
01775
03789
01975
01770
00991
02836
04773
00067
02305
04561
02448
01657
01091
01783
06195
07056
03723
06920
10026
03640
03641
03562
07107
00390
00324
00324
00325
00031
03704
06891
03694
07660
11312
07304
01885
13590
03768
03768
06147
03455
03593
06179
02004
07657
07052
06149
04517
00058
02665
00652
09806
01262
02238
09983
00845
03606
05524
03286
10563
02200
07305
06580
09700
02033
01259
15726
06287
07040
02911
03621
00648
00645
02078
09458
07082
03980
09930
04567
00641
10806
01057
00979
04075
01962
15977
03786
02160
01961
02687
01551
03893
07093
07461
01153
00859
02654
02498
01749
01595
00954
03802
03802
00847
00696
00793
14652
00794
03625
00946
01095
14445
02412
02411
02410
02409
02408
06158
07462
06189
07042
06168
02108
02110
02109
02113
02111
02115
02112
02114
04042
00820
01159
03550
03551
02275
02276
03777
00930
00941
00788
01845
01265
00989
01070
01609
00766
02990
02686
02963
02939
12339
02237
08304
03981
01738
00640
02338
02470
06207
07798
03427
01153
01247
03925
03438
03586
03587
01928
01929
01000
01925
03588
02563
01924
00075
01921
03589
03590
03531
03570
03569
02435
02434
06200
06024
05896
01867
07053
07234
00973
01790
04485
07320
01754
01633
08591
01644
03427
01154
07175
09803
00059
06990
02193
02200
01439
12263
03711
02014
07258
07657
15727
07343
03499
01092
10945
10945
10945
10946
10946
10946
10946
10946
10535
10535
10535
07019
01674
06445
02014
14230
03088
00912
01737
03424
00259
03734
04069
02403
02402
00812
03702
03437
00013
00765
04564
01588
01589
01923
09794
02194
02195
02196
02197
02198
02199
03427
01154
07086
03101
01870
11753
14155
03667
01419
03733
09921
01778
03610
03609
03608
02494
00919
00948
02040
02897
01056
06942
03580
02967
02357
09903
02838
00806
00981
00099
11749
07277
06142
02372
03470
03775
03555
09791
02034
02837
06950
02668
02667
03284
07460
07121
07056
01465
00824
09158
03801
03644
07397
01687
13292
07636
03183
07285
02341
00943
03806
09803
03501
03495
01154
04095
01153
03585
09005
11927
06182
06153
03147
00573
05802
00950
00606
01918
01673
01581
02992
02355
02358
02946
02906
02926
02892
02886
07637
02909
01991
03673
01887
03218
12573
01153
01581
00156
01586
01952
01736
01704
00052
00133
06173
01817
01696
01695
01963
11754
03749
03558
00764
10764
01883
02557
02556
00278
03088
03597
03598
03474
00997
01207
00382
05805
02492
02835
02493
07390
00931
03979
02899
02888
02523
07396
06915
07568
00773
03210
03072
03074
09888
03529
09457
08307
01494
01874
06997
02204
06966
08300
10804
02003
01960
01740
09858
02346
06180
05807
03413
00817
14170
00831
02469
01940
09767
02950
02965
02890
02982
02878
02904
02961
02874
02895
02931
02954
02994
02933
02881
02988
02907
02876
03076
02518
02952
02948
02986
03040
02879
03524
03525
03978
01698
05366
02662
02666
03216
01012
02170
02169
01935
01673
06199
07090
07391
07102
01434
02401
02400
02404
04562
02405
02556
02557
02399
02398
00940
06941
02656
01892
03977
07071
01669
12957
06916
08218
01142
00762
06911
01756
03687
04043
03686
04083
07259
01902
01903
00382
00147
06996
00688
06915
01921
03665
03060
00942
06204
00962
02956
06980
00855
03657
05527
00382
03439
03149
03154
03585
00286
02221
09131
08296
06181
02913
02902
03630
13038
03106
05820
01703
03596
03100
03685
01255
04066
07516
07133
07733
07287
12536
00208
03770
07001
00390
04760
03564
06999
00789
01251
00297
01491
00163
00627
00969
09710
00783
06287
08301
06140
14260
00003
01733
06178
09747
02343
01626
02440
02040
02037
02038
02036
03412
03411
03407
03413
03690
03688
03628
03671
02011
02012
06946
01126
12297
03187
01428
01429
01430
03190
03185
03557
00602
01945
02396
02395
02394
02393
02392
02391
02390
02389
02388
02387
02386
03561
03832
03466
03634
07478
01875
03554
00658
00164
01647
09159
00240
05516
03672
09800
00077
11927
02968
03631
00858
03705
00963
00955
00957
05564
05563
05562
05561
05560
05559
03799
05589
01689
01937
01755
00790
03655
00833
06131
07240
00283
11065
00282
02437
00605
00432
03415
00341
00340
02003
09803
03654
01915
01142
09801
03664
02259
07184
00239
00242
14267
00791
07007
03744
06872
07290
15977
06911
08310
01876
01681
01129
01951
01956
01955
03624
03798
00796
03431
02040
02302
00767
02048
02046
02047
02045
13635
03695
01714
09790
02655
03575
03186
05808
03092
06861
09774
11719
03517
07566
06194
00573
03787
04764
01890
01889
02887
02916
02520
01868
03046
03043
02935
02864
02863
02867
02601
03073
01624
03530
00057
03071
11473
11472
01939
02502
09937
04087
04088
03665
03666
00428
08311
01881
01649
01613
00053
01653
01652
03568
00982
00800
00945
02945
05788
01591
02036
02038
02037
02040
07093
03453
03832
03561
03561
06886
00029
01079
01255
02339
01873
02406
02407
02422
02423
04061
01792
08289
06925
01448
02066
02065
01586
03413
03414
07262
01299
08973
03885
01894
01752
02192
01247
10778
03576
00549
06137
00760
01972
02356
11717
09015
09013
09014
13643
07726
03600
03599
00413
00412
00411
03070
01147
03832
00014
06213
09768
07722
08717
03189
03188
03544
01358
03545
04077
04078
03284
00566
03578
06959
07058
05801
07122
07323
02066
02065
07301
07090
07112
07112
03594
01772
00864
00111
01126
05810
07178
09007
01662
00795
03602
11720
03561
03572
03778
03809
03781
03704
00620
06923
09862
03088
14415
03650
03217
03536
02914
03601
03611
00343
00342
00339
00338
00337
00334
00333
00332
00331
00330
03075
01803
02036
02038
02037
03797
05501
00703
01810
00975
01886
02871
02996
00145
09001
01866
00024
06186
00215
00655
07086
01599
03585
13051
03744
03303
04487
02673
02672
02671
08084
03527
11752
07738
00600
06973
02456
02455
02453
02456
02456
01141
02669
02670
01872
03565
09773
01007
03642
09808
09978
03564
00384
00449
03500
00604
01462
04096
06949
13288
03110
09812
09811
03089
03086
09117
02970
09889
03592
03594
07043
00655
03273
01879
01878
03820
02558
00759
01919
01920
03798
06076
00228
03703
01821
00995
01338
09761
14682
03893
07133
01673
07787
07798
02387
04761
07726
03530
01462
03561
04754
02003
03975
08998
03215
03315
02003
01950
00826
04762
01628
07461
01154
07156
03118
03117
02503
02500
01814
02501
01693
00817
03181
03179
03182
09922
04744
03771
00097
02528
03088
14441
02834
02519
02600
09748
01895
03098
15987
02337
08303
08296
00937
01790
00928
02847
07464
09691
16092
14235
15726
16137
07221
14219
07316
14225
00104
01983
07675
07038
05797
16264
01069
11645
14234
01977
16291
14225
01630
07038
08364
14228
16267
09690
06896
14229
14220
01166
14222
01978
01980
02074
14237
07012
02851
09819
00537
11991
01959
07091
14224
01985
09810
03559
07245
03559
03559
03559
17713
08692
14998
07481
08365
17103
07323
14234
14219
14230
14228
14228
14233
14223
14219
08738
01897
17218
01992
01990
03574
01990
01992
00681
07576
17686
00537
01658
00254
07263
07263
05540
00128
00018
01791
02031
02032
06148
00520
00632
07003
00091
00091
21430
03772
01286
01267
00523
18138
18139
07152
03497
03497
13695
07344
07344
07491
07787
02048
15342
12267
07245
03116
07483
07483
07483
07483
07483
07483
07483
07483
07483
01778
09458
02078
02569
02569
02569
00942
03767
17686
02650
20074
07484
07484
07484
07713
18138
18480
02664
02663
18850
07171
06147
06218
18831
18778
07316
07171
07278
03111
03646
03205
03503
03502
03169
08363
03496
03205
07810
03496
03205
03497
03496
07484
07484
07484
07484
07484
07062
00335
03526
07481
07481
07481
07481
07481
07481
07481
07481
07481
07481
07481
07481
07481
07481
07481
07483
07483
18997
19000
07746
07746
07746
07746
19166
19119
19092
19117
09951
01154
01710
19118
01406
00590
19168
19221
19222
00336
03722
04771
19416
04772
06867
09690
07152
12960
00992
19664
19784
06131
08744
01457
08992
01420
07484
07484
07484
07484
20266
20266
00507
00525
09691
14067
20529
20527
20531
20528
20529
20532
20532
20533
20530
20528
20530
20533
20531
01014
01014
11529
21071
16011
01768
21014
00821
21029
00526
06217
02314
03791
00560
00287
14059
01520
10954
10954
03676
03553
02316
02335
01139
13829
06020
21420
21470
21703
10914
00863
21703
07062
21495
00344
21929
21929
19591
03892
03741
03741
03595
03892
07488
01046
22292
02257
07755
03469
00611
11206
22451