04755
02500
01814
02501
02010
02011
02012
01755
00963
01507
01525
01972
01736
00982
02078
03092
01414
02470
00134
00684
00215
00748
00097
02838
00806
00981
00099
02536
02372
00677
00285
01873
02879
03040
02986
02948
02952
02919
02518
03076
02876
02907
02988
02881
02933
02994
02954
02931
02895
02874
02961
02904
02878
02982
02890
02965
02886
02892
02926
02906
02946
02358
02355
02992
02950
03046
03043
02935
02864
02863
02867
02601
03073
02358
03496
00287
03106
02014
01669
01756
01609
02170
00795
01588
02343
00528
02342
00615
01679
01867
00260
01091
00135
00928
00989
00763
01887
01807
01770
00991
02342
00925
00567
01439
03070
02316
03086
01937
01897
00566
00901
01920
01886
02339
01255
01682
00611
00053
00765
00013
00817
01693
00995
01872
02621
01676
00432
01448
00831
02600
02519
01775
03060
00942
00759
01246
00832
00557
02622
01875
02835
01424
00796
03182
00560
00262
00951
01409
02517
00789
03071
00145
00813
00640
00605
02437
02077
02884
00554
02959
02484
02483
03118
03117
01523
03210
03072
03074
02956
01007
02055
02837
01496
03168
00604
00610
00609
00873
01790
00973
01710
01784
01991
01784
01710
00973
01790
00286
02836
03088
01945
00134
01885
00927
00790
02527
00033
02535
01802
00018
00820
02064
03110
01940
02357
02967
00116
01265
01883
01142
00133
03149
03154
00788
03153
01595
00057
02871
02996
00760
03147
00655
00568
00851
02063
00969
01069
01952
02013
02015
02015
02016
01347
02335
01586
02065
02066
02067
02909
02970
03186
02116
01878
01879
00059
01951
00645
00648
02911
03217
02914
02313
02338
00937
01869
03075
01803
00573
01322
00762
01624
01845
02687
02160
01955
01956
00484
01938
01866
01870
03101
01091
00835
00891
00346
00347
00348
00349
00350
00351
03972
03602
07478
02169
00652
01480
01585
01876
02968
02055
01776
01448
00997
00210
00925
01921
01924
02563
01925
01000
01928
00943
00027
00912
00979
01695
01963
01465
01817
00764
02528
01696
01347
02340
03089
01772
00773
01868
02520
02916
02887
01889
00833
01935
03181
03179
03183
00950
00067
01923
00962
01778
03100
02341
00761
01719
02496
02498
01599
01835
02427
01698
00858
00075
02502
01939
00939
01591
03274
00970
01494
01892
00606
01918
02494
00919
00948
02897
02045
02047
02046
02314
01520
00031
00785
01259
01714
03218
01485
00791
02356
00641
02919
02909
00549
00382
00164
00658
00382
01903
01902
01613
01658
00766
00325
00324
01079
01448
02048
01589
01657
00600
00681
01633
01515
00147
00931
00930
01448
02291
01962
02558
01012
01687
00381
00380
00956
00957
00088
00990
00003
01338
01783
00793
01933
01497
01919
01703
01704
00052
01744
01156
01104
00865
01897
01579
01689
00526
01155
00525
00655
00945
02945
00940
01358
02824
02939
02963
02686
02990
01881
00163
00627
00382
02014
01092
02435
02433
02434
00275
00101
02469
01810
00845
01057
00036
01690
01256
02517
00800
02676
02671
02672
02673
02674
02655
02655
01142
00767
00278
01838
01838
00691
01785
01095
00946
01915
00014
00616
01759
00826
00208
00674
01810
00859
02523
02888
02899
02913
02902
02108
03308
03308
02821
02111
02113
00390
02114
10563
03686
03775
02806
02346
03271
06287
03319
00384
01735
02834
03500
03499
03601
01462
02109
02110
02860
02652
02653
02656
02666
02665
02664
02663
02662
02669
02670
02670
02654
01752
01754
01733
02112
02115
03303
03305
02650
06193
03269
03306
03688
03980
06207
03474
03310
01929
03310
03501
03216
03315
03300
03325
03327
03312
02841
02843
03424
03424
01647
03453
03536
03628
03111
03590
03531
03417
01627
03529
03760
03609
01649
06178
06187
03610
01659
03648
03703
06204
04744
04066
03565
01653
03611
03589
03438
01739
03806
06200
03437
03666
03650
03975
01652
01662
03588
03977
03695
04082
03621
03521
03550
03665
03522
03596
03469
03470
03675
03702
03701
03517
01738
03634
03770
04488
03923
03745
03771
03495
03799
03676
03466
03654
03577
03585
03747
06199
01626
03767
03687
03631
03608
04044
03630
03299
03801
03587
03777
03778
04763
03599
04083
04043
03582
03583
03581
03498
01749
03574
03594
03768
03781
04078
03664
03704
03785
03592
03558
03551
00340
00341
03789
03625
03554
00342
02337
06202
03733
04760
03544
03559
03655
04095
00558
00558
00558
00558
03656
03545
03543
03925
03808
06192
03743
03657
03644
03557
03564
03787
03595
03978
03685
06190
06213
03814
03593
03594
03798
03671
03555
03694
03643
03624
03553
04077
03572
03576
03584
01159
03568
03575
03723
03835
00338
04487
04774
03820
01056
00334
00240
04084
04751
00404
00405
04762
01420
04764
06179
00241
03981
03841
06173
03455
06180
03177
04754
04761
04567
04075
03797
03497
00330
03719
00339
00332
00333
00336
00337
00343
00239
03642
06183
04565
03439
02444
05540
00411
00413
03734
00335
05539
06194
00242
00412
04096
00331
06518
09811
04485
04564
03310
05805
03752
06023
04773
02014
03722
00368
03270
05589
06189
03530
03578
05366
05807
05810
04561
05794
05788
05541
07458
00537
10773
06142
05799
06076
06153
06168
01207
07560
01737
03673
03527
02168
00954
07084
07460
07058
07040
07043
07043
05896
06024
01092
07082
03673
06041
03673
07173
07091
06217
03427
07115
07152
07131
07018
02071
03320
07126
07126
07126
02072
07005
07160
02204
07215
07218
07090
07090
07090
07039
07166
07645
07213
06997
06916
06958
07277
06992
06992
06992
06910
06959
06945
07224
07001
06966
06980
07053
02073
07288
07234
07056
07056
07042
07259
07122
07684
07270
07270
07019
06861
06949
07101
07113
07102
07078
06920
07399
00297
06925
06941
07673
07447
06942
06946
06946
07454
07238
06867
07223
07265
07266
07243
07278
06923
06954
07320
07397
07287
07391
07461
07461
07444
00974
07461
07262
06901
11719
07322
02429
07280
07280
07280
07258
09824
09903
09862
09157
09158
09861
07390
05952
09930
03431
08084
07462
03979
09458
03446
09773
00782
00783
09007
08998
09793
09794
09792
09791
09001
01297
08307
08303
08300
08301
01058
02492
07481
07481
07481
07481
07481
07481
07481
07481
07481
07481
06182
08591
00794
08973
08218
09889
00797
02192
09812
09951
09952
09926
03561
09888
07497
07497
09929
09924
09941
09943
09748
09800
09923
03711
09117
06891
08987
08978
09810
09747
09823
09774
09780
09801
09761
09760
08311
08310
09125
09857
09789
09790
00459
09765
01156
09806
09471
09458
08305
09796
07497
09795
09808
09710
07501
07735
07738
07574
07482
07482
07482
07482
07482
07482
07491
09159
07724
07726
07467
07741
07568
08304
07552
07486
07486
07486
07486
07566
07488
07488
07488
07488
07488
07488
07488
07488
07488
07488
07488
00528
03442
02238
01821
08324
02302
00004
10764
13038
10763
03466
11073
11074
08483
14682
10806
09968
09977
02074
10107
09689
09688
02075
11076
05527
03530
11107
11189
01890
03273
00523
08309
12340
01916
11749
11754
02237
12262
11075
01894
00821
01874
11085
06177
11175
07862
11068
01673
03719
01625
12500
21345
04042
12267
00602
06969
01533
01491
13292
11753
01947
01243
11004
11003
11928
11720
11752
07323
00311
05685
13288
09781
01961
13788
01262
00620
12690
12573
13628
14058
13953
13821
03342
13888
01147
09457
00281
12688
03500
12942
03453
13643
08281
07248
03297
00121
18929
01070
13634
03600
13771
07491
00941
14445
04771
14267
14170
14260
01524
06020
14652
15125
14742
14540
18133
18928
06177
03772
14761
02533
15738
02428
15724
18139
02028
15977
16087
15984
18138
15977
18132
02237
01081
16301
16088
02424
10009
16087
16087
16087
16087
10010
16211
16345
16868
02030
17103
02029
02169
17686
00254
01139
07467
21344
08068
19339
07171
22132
19239
10747
18893
03526
18991
10954
07172
15342
00020
19168
19342
19337
19416
19340
00992
19784
06132
19804
08992
09788
20455
03586
16066
08968
02503
10026
21929
22292
01834
17758
11206