10563
09761
10773
11719
07391
09824
09903
09862
08978
09861
05952
09930
02204
03979
02913
02904
02911
03608
02469
02622
02909
02907
03575
09781
01962
02836
03841
09773
06942
09794
09792
09780
09791
03530
02014
02492
03495
02959
08303
08998
09748
00951
02992
01589
02501
03578
02063
03299
03835
03147
02493
07001
03149
04773
07278
03305
07566
03521
03555
03743
06997
01654
02863
02355
02518
03496
06186
03616
02650
02078
03550
02914
03789
06168
00484
07017
07053
07645
08301
03676
07326
02655
04043
02437
07218
02075
02483
01496
08310
03806
03089
04764
03181
02806
06958
03564
07390
03972
09007
03704
06217
07018
02045
02655
02356
00241
00242
01515
07497
04755
04075
06207
03977
01662
03666
03814
00339
00340
02341
02884
03657
02939
02314
03601
03438
00334
02946
02961
01652
03186
02886
02982
09889
09943
07460
03088
07488
09812
09926
09888
09929
09924
09977
09747
03631
09800
07043
00413
02871
01142
07056
00648
00163
01956
03711
00794
09774
09810
03427
07213
08307
06183
05788
02824
07447
03671
03544
04487
07501
04488
05540
03695
03787
00208
03610
02015
03182
03072
02500
09710
09823
00957
01929
09801
09760
09857
09789
09790
09765
09806
00610
01879
03781
02535
02948
00567
03071
03074
01737
02909
01878
09796
02902
02916
00405
09858
09795
03798
03673
03583
06941
03773
02867
04485
03654
03183
02427
00350
00351
02470
03179
03469
03722
03501
02358
03442
08591
02841
02864
03685
03595
02110
02669
01704
03687
00331
00333
02601
03073
04565
00404
08305
02238
02434
02433
02435
02339
01821
02357
02654
02662
04567
03785
03656
01679
01807
04084
02316
01682
01676
04561
03778
09458
01585
02664
02665
02666
01448
01095
02523
02114
02115
07458
00954
00057
02821
00412
02527
06193
06204
03075
08987
06992
03210
02956
03623
03316
01155
02192
02676
07574
06891
07341
03496
02919
09159
06199
02963
07322
07481
06910
07397
03586
07461
05527
02116
09117
03600
00558
01081
03745
03154
00537
07488
10764
03775
02843
03719
07320
08311
06945
02169
03559
08641
07486
07481
06861
05539
07560
08973
02072
02071
02970
03599
07173
07122
07323
02067
03308
06518
04751
03578
00969
01494
03106
07056
07482
02313
03733
02674
03593
01091
05366
07399
02517
07259
03300
07058
02429
03315
06189
07042
03303
03529
03981
03688
00311
02077
02074
02055
02837
02010
02011
02012
01972
07082
03820
04763
02670
02496
02498
07223
02502
03694
03592
00919
02047
02046
08084
02014
07486
01657
02967
02838
03177
00239
05541
02048
03437
06158
03581
09808
03752
07673
06980
02168
03723
02945
06916
02656
03545
03466
07090
07126
03797
01092
08324
01156
02517
02346
00528
02342
00459
07491
06194
06200
00991
03070
03086
02444
07091
07152
00558
03304
01297
03760
02519
07166
03310
09157
06192
03424
03308
05799
03585
03577
03561
03319
07444
03574
07552
00210
07234
06901
03588
03587
03673
09001
08218
00014
07288
00859
03446
03543
07270
01092
07270
02066
02015
02013
07481
03747
07238
06142
00097
07160
04095
03642
07019
03673
07040
06287
07726
02014
07738
06920
03734
06287
04760
03558
03643
07113
06024
03690
02494
02897
02671
02672
02673
07482
09793
01448
07481
07115
07039
06213
03153
02113
03118
03628
02342
02879
03470
01703
07568
02919
00411
04044
02952
02112
03648
03703
07084
02302
00761
01719
01599
01835
01698
00858
00075
01939
00939
01591
00970
00797
00606
01918
00948
01754
01520
00031
00785
01259
01714
01485
00791
00641
00297
00549
00382
01647
00164
00658
00382
01613
00766
01079
00600
00681
01633
00147
00931
01649
00930
01012
01687
00390
00088
00990
00003
01338
01783
01933
01497
01733
00528
01919
00052
01744
01156
01104
01579
01627
01689
01802
00018
00820
00286
01790
00973
01710
01784
00983
01710
00973
01790
00873
01462
00604
01873
00285
00677
00099
00981
00806
00748
00215
00684
00134
01414
00982
00795
01609
01756
00059
01951
00645
00937
01869
01803
00573
01322
00762
01845
01938
01866
01870
03101
03527
00835
01735
00891
01409
00789
00145
01207
01749
00640
00605
00004
01007
01814
01755
01507
01525
00943
00027
00912
01465
01817
00764
01772
00773
01868
00833
01935
02888
00950
00067
01923
00962
01778
01738
03100
00655
00945
00940
01358
00384
03439
01881
00627
00382
00275
00101
01810
00845
01057
00036
01690
01256
00800
00615
01867
00260
00135
00928
00989
00763
01887
01770
00925
01439
01937
01897
00566
00901
01920
01886
01255
00611
00053
00765
00013
00817
01693
00995
01872
00432
00368
00831
01775
01139
00942
00759
01246
00832
00557
01736
01875
01424
00796
00560
00262
00652
01480
01876
01776
00997
00925
01659
03417
01921
01924
01925
01000
01928
01142
00767
00278
01838
00691
01785
00946
01915
00616
01759
00826
00674
01810
00287
01626
01669
01586
01347
01952
01069
00851
00568
00655
00760
01595
00788
00133
01265
00116
01940
01945
00134
01885
00927
00790
00033
07684
03320
07462
08304
09458
00609
02372
02563
01159
03923
03117
02536
08300
06179
00337
00338
03602
03536
01624
01955
00347
02484
01523
09471
06023
07262
03582
03768
03799
03274
07258
04564
00240
01658
00325
00324
03777
02291
02558
00381
00380
00956
03770
03767
00526
00525
03594
03594
06187
06923
03630
00865
05805
07735
02014
04082
00782
05896
03664
07215
06925
07090
03474
03589
03925
01420
06190
09125
07078
03497
02073
04754
02016
04083
00783
03576
01934
03522
09811
05794
03110
01991
07265
03312
06076
03217
03327
00558
06992
07287
03665
00558
02600
13038
00974
03701
03808
07131
07243
02064
02670
03686
06959
07266
07126
03500
04096
03076
04761
03310
07277
03310
03455
03092
03453
07043
06949
02170
07102
03771
01147
00558
06223
03517
04774
04066
03554
03498
04077
04078
04744
03216
02160
02860
06041
06966
03650
02996
03572
03634
00793
02835
09158
03270
03980
01091
03551
03611
00979
02520
02108
02109
03466
11073
11074
03590
08483
03584
01883
02340
02111
00336
00335
00332
00343
00341
07224
01653
14682
02965
10806
00330
03306
01588
03621
01056
06173
01889
04762
03975
03046
02335
02899
05589
02968
02954
02834
01963
00963
02988
03043
06180
02892
02994
02950
09941
02986
02890
09968
01696
02687
01902
02528
03499
02931
02933
02926
02874
03111
06202
02935
02990
02878
02876
10107
09689
09688
03624
02887
03644
02906
02895
03557
02881
00554
01903
02653
03625
02686
03531
03040
06153
03675
03168
02065
03609
06178
06182
03269
05807
07478
03424
02652
00342
02621
02663
03453
02338
00346
02343
01892
03801
05810
00348
00349
02337
03060
03218
03655
03702
01695
03553
03271
03596
03978
03431
03565
10763
11076
07458
11107
11189
01890
00523
08309
12340
01916
11749
11754
02237
11928
12262
11075
01894
07486
00821
01874
11085
06177
11175
07862
11068
00813
02358
01673
03273
03719
01625
12500
21345
00558
04042
12267
06969
01533
01491
13292
01897
11753
01947
01243
11004
11003
11720
00602
12246
11752
05685
13288
01961
03568
13788
01262
00620
01347
12690
12573
13628
14058
13953
13821
03342
13888
09457
00281
12688
03500
12942
13643
08281
07248
00121
18929
01070
07025
13634
13771
07491
00941
06992
14445
04771
14267
14260
01524
06020
14652
15125
07491
14170
14540
06919
18133
13409
13409
13408
13408
07316
06177
18928
14761
14742
02533
15738
02428
15724
18139
02028
15977
16087
15984
18138
18842
15977
18132
16301
16088
07482
07482
07482
07482
07482
07482
07482
02424
10009
16087
16087
16087
07467
16087
16087
07467
07467
10010
16211
16345
07316
02030
17103
02029
02169
17686
00254
21344
07482
08068
19339
07171
22132
00571
07467
18841
10747
18893
03526
07486
18991
10954
10954
10954
10954
07172
00020
07488
19168
19342
19337
19416
19340
07486
07486
07486
07280
00992
19784
06132
08992
19804
09788
20455
05595
07481
02055
08968
07101
02503
07488
21379
10026
21929
22292
01834
17758
11206