01505
01990
01990
01990
01990
01990
01990
01990
01990
01990
01990
01990
01990
01990
01990
02428
07404
02554
13540
11263
13288
00563
06907
04751
13015
01840
00956
12510
00694
09684
00045
01491
07045
01250
00297
04518
13280
00252
01854
10544
01091
03333
00632
01061
00254
00058
01739
00096
03767
01664
02503
07465
00805
01259
00721
01079
01992
01990
00895
00034
12503
01286
04028
00508
07114
00281
01273
09780
09780
07729
01104
01104
01104
13282
05794
09747
00491
00042
01487
01286
09684
01990
06001
01617
06147
06147
01784
09981
02056
02057
02057
00758
03316
13671
01961
03316
00854
05343
11717
07141
06916
09386
13542
07182
13527
01616
13788
01749
01772
00231
01599
02492
01733
02340
02968
03088
03596
07004
03705
03686
09761
06217
07042
03595
03426
03657
10005
07177
09118
07089
11179
01883
07693
00782
03303
00384
03672
05516
03687
04043
00305
01752
01433
01665
09165
02003
07119
07043
01153
01154
03427
03790
03750
03282
03523
00626
03088
03734
02510
03781
02836
12511
02346
03313
01482
05878
05879
02012
02011
03455
02003
01681
00616
01495
02274
05916
00374
00373
00371
00370
02575
00156
07002
04079
02529
10112
07054
01647
01669
00275
01647
00831
03821
00059
00640
01738
02283
09812
09811
03664
03727
03118
07113
03432
03433
00765
01523
12140
12141
03701
05571
05570
05569
05568
05567
02529
10440
10439
01635
00525
07738
01356
03116
03665
01778
00791
10008
10005
10007
03565
03553
02039
02036
02038
02037
02040
03088
07238
06287
07654
07670
00943
03305
01251
11779
01640
01687
01591
01955
01956
01465
00609
02825
03625
02356
02529
08323
00040
00874
00782
02016
02015
02013
01955
01494
02335
00123
01008
09927
00681
03465
01714
12574
00362
00363
07090
01442
02619
07667
07646
01548
01547
01546
07058
00156
00852
01907
03088
06901
01823
01207
09458
02078
00648
00645
07778
07693
05795
09799
05792
05793
05791
05795
03702
00859
02945
02335
01996
01995
01998
01997
01999
08999
02437
01665
00963
04063
07020
00239
00240
05782
03654
07301
03977
00655
00945
06178
06024
05896
00867
06980
01754
01581
01933
00764
01952
01952
01952
03088
01923
09975
03320
01284
01756
03088
02575
02302
06889
01809
03466
01057
00036
00616
00615
02259
09014
09015
09013
11717
04488
01719
01569
01129
06959
01681
03891
02275
01953
00856
01915
07214
07164
02654
00014
07082
07447
01872
00640
07478
01625
01735
00891
01736
07223
06966
01439
00674
02031
02034
02033
02035
00796
03306
02274
02529
00763
06891
01776
00989
03564
01007
01968
03722
03303
00782
01662
01126
00059
03704
02566
07402
03639
06975
03635
03637
07175
06207
06048
02072
02071
02073
09164
00299
01042
03833
03519
03518
07402
07161
06978
00963
00849
02026
09959
01867
06915
02654
03581
06153
00548
09861
06876
01236
06044
03703
06958
09762
00134
00927
01803
03075
00619
00995
03743
00560
03499
03499
00886
03086
00426
00425
07058
07560
03087
04768
01870
02221
09772
05810
03531
09167
08981
02355
00574
03299
00851
00033
08167
10843
00375
03466
04077
03750
01480
03735
03736
02351
07245
03824
07107
06886
01256
03885
01118
02529
00010
03545
07095
07032
09858
07240
03088
02003
00059
02529
02026
00481
02913
02902
06994
00611
01750
03802
03688
02493
01613
03821
03149
03154
03153
00788
00705
07552
03704
00163
07395
01887
01586
00003
01733
00872
03628
07006
02909
02835
02493
10805
00873
00266
00265
01695
06978
00101
00864
02440
00111
02446
00864
00322
04078
01584
00627
00162
00161
01596
03568
03439
03924
00059
00208
06200
01918
00606
01439
03885
06889
00975
01808
01696
01609
01657
00842
01496
02500
00688
00700
05838
01848
07588
00981
02838
09903
02357
02967
03733
04096
07391
07460
03496
04763
01937
02003
03631
00858
06442
01006
01666
04073
09956
00457
03786
00014
04101
09932
00161
01953
09251
01945
01939
01624
03975
04024
01091
01006
00111
03710
00627
01876
07157
05592
00615
00615
03335
00010
02529
01892
03768
01673
00259
07090
06942
02050
02049
02051
00957
00860
00390
09760
03527
03601
03602
01579
05878
05879
04477
01679
06199
06199
01474
01473
01754
10543
00014
01619
00868
03518
03519
09807
07032
02314
02939
02963
03111
02990
00175
00174
01858
01869
07735
00365
00365
10440
11381
00627
02108
02110
02109
02113
02111
02115
02112
00790
07503
03657
03556
03546
03547
06915
01908
04773
10563
02013
07090
09165
00759
03074
03072
03210
03551
03550
01159
05916
08681
03088
06215
00995
00854
10439
11068
03624
01754
01697
09456
01689
00641
01740
00567
02428
01595
00012
03980
00384
03671
01448
01921
03497
03496
03501
06346
03217
03536
02914
01193
07025
01703
01704
03530
02015
02015
10563
00874
01625
00230
07085
06886
00074
02618
00111
01624
01868
01734
07304
01953
01953
03723
04042
00948
01620
00010
00140
03336
00937
00057
01921
00946
03648
01873
00940
00631
01246
00975
03088
03117
03593
03284
07053
03470
03100
02884
00554
02860
06960
02959
02015
02015
02016
03106
00990
03320
03110
00982
01142
02501
01693
00817
00013
00767
00278
03517
02337
01810
00978
07093
01866
03652
01755
01940
03402
00611
00930
00620
00145
01890
01889
00027
03437
02887
02916
02520
03519
03518
00794
00793
01783
03500
00604
04066
00789
03060
00942
03294
01809
09791
00762
07124
01847
01847
06994
02006
02008
02007
00574
00788
00878
06994
03556
03695
01358
01358
03686
03687
04043
08483
00882
06941
00099
06976
01807
01265
06910
07178
00626
01881
09748
02600
07742
00768
02233
02231
01915
02227
05895
01805
01811
05350
09981
02518
02919
02952
02948
02986
03040
02879
06173
02871
02996
03431
00820
00997
01775
06925
02529
03789
01409
04078
04077
03088
00088
07077
07156
00294
00016
00574
00057
10563
00322
00847
01875
01477
07127
00865
01608
01816
01638
07127
01867
07058
07258
01744
11738
01752
00240
00239
00242
02888
02899
03979
00931
00147
00969
09710
02237
02238
07048
06859
01625
00094
00864
10439
10441
00059
01845
01698
02613
02612
02611
02610
02609
02291
03291
03306
07220
00819
03337
03338
02897
01056
00919
02528
03424
01874
00033
09117
07056
00299
00384
08987
03088
00681
01358
01358
03544
02379
03584
00806
07089
07341
07071
00658
00382
01255
00605
00826
02902
03655
00954
07040
02911
03685
10563
01512
03529
06886
06907
06903
02566
01915
00014
02017
02018
02020
07098
01126
00857
03820
01322
00648
03116
01223
03581
03582
03583
01999
01995
01996
01997
01998
03589
01924
02563
03588
01925
01000
01929
01928
03587
03438
03925
03924
07224
07243
01462
03218
01883
07776
01834
00075
01687
07001
00135
03885
00276
01433
03090
01092
00241
01489
01488
03924
03466
05713
00528
01619
00761
07402
00027
03458
01430
01429
01428
02553
03188
03189
03190
07259
03718
01480
07054
09701
07090
00817
01907
02768
08483
11183
03641
00950
04567
03696
03575
01673
07067
04485
07736
12506
03449
00252
00074
00252
07535
01661
01808
05349
03488
01223
02755
02756
02757
00286
02575
00370
00371
00373
00374
01745
00528
00036
01640
11179
07090
00641
06996
07089
02114
03303
03300
01644
07795
03043
03046
00324
00325
07008
01919
03088
00627
03885
03310
03313
00375
02343
00600
02035
02034
01448
06187
06889
00845
01649
00928
00133
00299
01895
07085
01950
02346
08296
09932
03578
05350
10773
00036
01895
03644
03801
03547
03546
01880
01129
02316
00558
06999
11159
03307
01480
01652
07729
02519
09764
02834
03177
11753
02956
00962
01790
06180
03101
11105
04069
00656
01626
00655
03928
00845
02342
00766
02276
03889
03890
11212
12234
00973
07272
00067
01710
01588
01589
06997
03524
11530
10027
01421
01992
02027
05565
02484
02483
07675
07483
07192
02056
02057
02058
01784
07407
02027
12950
03973
05364
02472
01897
00666
02483
02484
06147
10006
11754
13482
02030
13570
07768
11189
09957
00457
01555
00451
08167
00662
03405
01425
03449
00773
00259
09125
01885
06902
05350
00925
07088
03704
02616
01556
00453
09705
03657
01247
01338
02529
01714
08369
01007
06988
03710
03466
02283
06877
03168
00943
02341
11752
00101
07161
06188
01790
01724
00027
01745
06016
01468
00854
03521
03522
00655
04487
00566
01972
02435
02433
02434
08981
09167
01652
01653
00053
00052
01649
01885
00331
00332
00333
00334
00335
00336
00337
00338
00339
00340
00341
00342
00343
01265
06994
11103
01638
01637
05786
09767
02913
03073
02601
02867
02863
02864
02935
00060
00639
03427
01154
01153
00077
01032
01031
02950
02992
02355
02358
09781
02946
02906
02926
02892
02886
02965
02890
02982
02878
02904
02961
02874
02895
02931
02954
02994
02933
02881
02988
02907
02876
03306
03076
00939
01265
11103
02478
00088
01951
07552
03657
01849
01903
01902
11175
00602
00031
03783
07588
00382
00111
03070
06949
00800
05845
05846
05846
03088
02313
02338
00033
03629
02470
02469
03453
01803
08965
01951
00111
02433
07088
00688
07034
01712
02624
01647
04101
00009
00850
01151
01926
06196
07399
01738
01295
02549
02548
01911
01661
02549
03710
02564
01443
02551
02552
03183
00330
03711
07124
03655
06911
01915
00382
07386
07393
06048
10979
00567
02003
09771
03724
05522
07305
01808
01507
07259
04075
00760
03798
01495
00796
01633
09984
02232
02228
02230
01939
02229
06042
00389
05936
00595
04072
08256
00019
08372
07250
13038
09935
09161
00302
09702
02778
02779
07684
02480
01487
07005
00344
04117
00433
09819
02074
00004
00153
05712
01485
07483
03719
03649
13668
04091
06886
04750
00441
01792
13640
03328
08998
00024
10234
10233
10232
13481
06168
03921
13641
01958
06881
02004
02004
02004
02004
00001
00318
13993
02075
02077
01182
01835
06147
03520
00632
00596
01802
13787
13669
01897
00547
03392
00951
01580
07228
03709
01990
01270
07483
07168
01187
00344
00966
01784
13573
03436
00249
02614
09879
07114
07114
00008
03782
02028
02030
02010
07100
13993
03574
01183
14219
14230
14224
03296
07979
00082
14225
01992
14235
14232
01990
03924
14233
14233
14232
14234
14233
13571
08281
01969
01916
00215
01466
01739
02529
06903
00382
07335
01586
00024
13572
02224
00124
13953
01455
01426
00666
03404
00854
00518
06867
14230
00980
14232
18230
02013
14223
14233
14236
14260
14338
02028
01561
07011
14228
03457
14226
14267
14223
14231
01992
14234
14225
14228
14224
14218
00529
14339
07497
14393
14237
14225
14218
14220
14237
01978
01980
01980
14228
00148
02029
10676
01985
01985
01267
00941
14219
01796
01286
01515
14222
03469
14237
19267
01966
01524
10823
05606
07052
07483
14221
01011
00104
14219
14230
14228
14166
14229
03892
06147
14218
14234
07052
14227
14229
14238
01802
14219
14161
14162
14222
01977
01977
01011
01081
01983
07535
02074
14338
14228
06133
04116
14941
00970
14977
16013
16012
01840
06177
11939
02032
02031
07012
14652
01457
00392
03929
15510
15733
15526
15554
05602
15521
15555
15553
15736
03929
12510
13766
01692
15866
21431
11741
15525
15520
11939
15781
15342
15371
14415
00873
08173
04093
15977
15987
10716
15771
07483
07483
07483
07483
16146
16148
16147
18682
03671
16163
00130
00130
18958
18955
10716
10716
18955
16055
00697
16168
16301
06221
05847
17067
02033
16167
16211
03284
15035
03699
00850
15738
16329
11735
16264
03893
15772
02006
15770
16783
02025
10118
10119
10117
02025
16784
02056
02025
10545
02026
02027
02303
11991
16937
01533
16870
16841
02008
04027
01719
10440
00096
01990
10440
10440
10440
10441
10441
01992
01992
01990
01990
01990
10439
17103
10439
17218
01990
10112
01992
01992
01992
01992
01992
01992
01992
01992
03671
03671
03671
10112
17686
09117
06921
01470
02529
08221
03520
17883
03366
17947
02799
02800
03392
18232
18233
18235
18371
00138
21688
05714
19302
18353
18286
18382
18472
18455
03574
18911
18910
21687
01992
18912
01990
18955
10747
06147
18930
18929
01971
18928
18928
01872
07029
03976
09951
03526
16238
07746
19123
19180
19046
19221
00798
19091
19181
19189
22468
19124
00135
19125
19134
19126
19092
09951
19265
01990
01992
12952
01066
19270
19302
02802
02803
02804
19302
01785
08744
19577
22025
19686
19687
19710
19784
15777
19794
09796
12132
12132
12132
12132
20074
20074
12132
20431
06994
20628
01214
01214
01214
20814
22468
21140
00821
21147
21281
22468
03636
21148
03636
21416
21417
03741
21417
21416
21481
03651
21473
21401
21471
21600
10914
21744
21829
21949
21929
21885
21962
00936
22010
22044
05275
14441
17758
17759
22250
22319
22297
22336
02257
22316
22311
22317
22320
01551
07755
22306
00571
22491
00728
05881
08300
08301
07566