18893
09796
02483
21345
18929
14742
03297
04771
16066
18133
01885
19340
07482
07482
09930
09929
03088
07566
01945
03522
03521
02841
08281
00134
03555
00858
06182
09007
01698
03798
09801
01056
14445
15778
07223
03582
04485
01599
02498
02496
00761
07390
03424
02676
02341
02670
03596
03100
01738
01778
09792
01142
01883
03979
07056
07460
03271
01265
00116
02967
02357
09903
04773
01940
07862
09800
03305
02836
07001
15977
00962
09811
09812
00927
01923
00067
02192
03564
07262
03666
00950
03183
03631
06024
14540
06958
03179
03181
01935
00833
07113
04764
01890
01889
02887
02916
02520
01868
00773
01772
01939
03820
03089
02340
03643
05810
03453
06180
05807
01696
02528
11754
03558
00764
04760
01817
03685
00794
03625
01465
01963
01695
00979
09791
09924
00912
00029
00943
07082
03806
02502
01972
08310
00963
01755
02012
02011
13788
02501
01814
02500
02837
01591
11073
03634
09773
01007
03628
03320
11074
11075
11076
02956
03074
03072
03210
02503
03116
03117
03118
06287
02959
02860
00554
02884
00311
02492
02437
00605
09941
09790
00346
00347
00348
00349
00350
00351
03734
05952
03687
00640
03688
15724
04043
04066
03981
05685
13888
02655
03529
03269
03303
01749
07042
06189
03315
02429
10773
01207
03327
08987
01737
06920
07058
15125
00145
03655
03071
08301
03300
07259
13408
13409
00789
03704
06891
01494
03554
03694
01892
03977
07462
00790
03592
09889
03274
02517
07399
03978
05366
02662
02666
00891
01735
07738
11752
00835
07053
02337
01091
03527
03101
01870
11753
01866
00075
06942
01938
01956
01955
03923
07568
02160
01961
02687
13288
01845
06168
01662
03733
01624
03789
00762
14682
00573
01803
03075
07726
03799
01869
00937
02338
02313
02914
03536
08998
03217
07056
07040
02911
07101
03621
00648
00645
01951
09858
09761
07270
07270
01879
09923
01878
02114
02112
02115
02111
02113
02109
02110
02108
03186
02073
02072
02071
08309
02970
09117
03600
03599
02909
12500
04754
07122
07323
02066
02065
07248
04077
04078
03308
01586
06202
07173
03650
02016
02015
02015
02013
04751
01952
06213
00620
07458
02237
00954
00783
09710
00969
01673
02063
02204
03835
03273
00655
07043
06173
04083
03147
00760
09760
00413
00412
00411
03576
02996
02871
09888
00057
01595
03745
07084
02493
03568
00788
03154
03149
01491
00133
18928
00797
07018
06177
00970
16087
18138
02339
11175
07397
02444
01886
01920
00901
00566
01937
03086
03070
03664
03775
04084
00925
00991
01770
01807
01887
00763
05896
00989
00928
06200
03787
06194
03565
01091
00260
01821
14260
03695
01867
01524
00615
09926
00459
00528
02346
03656
09943
02527
02535
01874
00820
08304
07243
07224
06193
04042
02064
12267
03110
07461
02670
02669
06997
01991
00286
06204
03686
01790
00973
03785
09747
02343
03572
01588
00782
00800
03624
04567
03557
01159
02517
07501
01256
11004
03575
01625
01690
00036
01057
10107
09688
09689
06959
01790
07266
07265
03312
06076
00873
13408
00609
00610
01462
00604
03500
04096
01810
02469
04082
09890
04487
13643
02834
03544
06969
03671
07322
03601
06178
00275
02434
09824
02435
08324
03500
09977
03168
02358
03073
02601
02867
02863
02864
02935
03043
03046
02950
02992
02355
02946
02906
02926
02892
02886
02965
02890
02982
02878
02904
02961
02874
02895
02931
02954
02994
02933
02881
02988
02907
02876
03076
02518
02919
02952
02948
02986
03040
02879
03610
03609
03608
00382
00627
00163
01881
07447
07735
05805
03797
03702
03439
03703
00384
02990
02686
02963
02939
03466
03545
01358
02656
06941
00940
06916
01070
05788
02945
00945
08307
04761
01873
07238
00285
03310
00677
02372
02536
06142
07277
11749
00099
00981
00806
02838
03501
03470
03495
03310
00097
08300
00748
00215
06186
00684
00134
01752
02470
01414
03781
00655
11107
05589
01689
01627
01579
03723
02168
09795
00865
09823
14058
06980
01744
00052
01704
01703
01919
03630
09765
03453
09458
02078
00982
07043
07160
03657
00330
00331
00332
00333
00334
00337
00338
00339
00340
04095
00341
00342
00343
00795
03602
06949
03665
00528
01733
07478
01153
01154
03427
14652
01933
07673
03752
00793
06923
01783
03551
03770
06187
09808
03581
01338
03530
00003
06158
18842
03550
03642
03216
02170
03654
01609
03980
03673
07102
04744
03771
01147
06966
01756
01669
15977
07078
03673
03106
01626
08973
03648
09158
03801
03644
03594
03594
00990
12573
06207
02302
00390
00957
00381
01687
01012
02558
03437
04075
01962
04762
04755
04044
02291
09125
09457
03543
03446
02902
02913
02899
02888
02523
02652
09862
00859
02654
01810
00208
00826
06190
09780
05527
07560
05539
01894
06041
03270
11719
09774
06861
03814
00014
01915
08218
07461
09803
01448
10763
00930
13292
07039
01649
00931
00147
03466
09001
03306
13634
00946
01095
00278
03517
00767
01142
13821
07391
03673
06153
03925
03438
03586
03587
01928
01929
01000
01925
03588
06199
01633
08591
07115
03841
09794
00600
03975
15738
01657
01589
02048
05541
03777
02563
01924
01921
03589
03590
03531
06901
00925
13771
07234
07552
14170
03584
03474
07090
00997
07444
01448
06925
01776
02968
01058
01876
03319
01448
00602
01079
00324
00325
00766
01613
03701
01902
01903
00382
00658
00164
01647
09159
00240
00239
00242
09789
02169
15125
15125
00382
00549
00297
02909
02919
00641
02356
00791
09793
03218
01714
07287
10806
00031
07341
07154
11003
12340
03675
03561
00404
00405
00407
00406
03583
03577
03585
00262
03308
09861
14267
02655
02673
02672
02671
08084
04564
02046
02047
02045
01754
02897
00948
00919
02494
01918
00606
09458
03182
00796
03431
03424
02835
03778
01875
08311
02622
01736
00832
00281
01246
09857
06192
03808
08303
00759
00942
03060
13038
07320
07166
09157
01775
03611
03310
11068
02519
02600
09748
00831
03760
00432
00941
01676
10764
15984
02621
03304
01872
11073
00995
01693
00817
00013
09968
00765
07152
07733
01652
01653
00053
00611
01682
11720
07091
01255
08978
00484
03593
02674
01322
11085
00059
07491
01092
02116
02067
03342
06177
03299
00851
08483
11189
02821
03153
01934
01760
02427
03768
01719
01243
04763
06023
02806
02238
01525
03498
01507
02428
02010
01496
09471
00004
01523
02074
02077
13953
01409
02665
07025
14761
09952
07017
00939
00691
18132
14235
00973
02358
16301
16088
02424
14232
14225
14225
14225
14225
10009
16087
16087
16087
02014
00088
00380
02653
00674
01759
00616
01785
09806
07126
01515
14232
14232
04517
03574
01585
01480
02014
07491
00652
06945
07131
07491
00241
01259
14219
16087
12942
07258
01424
01297
03469
03499
14230
14236
04774
10010
01439
00567
02843
02342
00135
07491
01679
02342
00033
03442
03743
01784
01262
07126
00845
13628
04488
00101
03177
01916
02433
05595
02533
01092
03747
00974
07126
02824
00121
06183
10563
06179
03711
03616
03455
08305
07213
01104
01156
07019
14233
01978
01838
14237
16211
03972
16345
01659
07278
01069
07482
07482
07482
14234
14234
15035
01977
01977
01977
01977
00568
14230
14222
14219
14228
14228
14228
14228
14231
14218
14234
01980
01980
01980
01980
14233
14229
14229
14227
14227
14227
14227
14225
14234
14237
14237
14221
14221
14219
14228
14228
14218
14218
14218
14218
14219
14219
14220
14220
14224
14224
14224
14233
14233
14223
14223
14223
14230
14226
02075
00537
01347
00785
01347
02650
01156
01985
01985
01985
01985
09810
03559
03417
16868
07215
00956
01834
01983
02030
17103
02028
01897
00951
02484
01533
01897
02029
02169
00813
17686
05540
03767
07684
00254
11928
01658
01139
06518
00018
01497
07488
18139
00557
03719
05799
03719
03772
07090
00523
07482
07482
02014
02237
03554
11073
03923
02237
21344
07482
07482
08068
07645
00681
07171
22132
19239
00526
18841
10747
03497
01081
03111
04565
03496
07389
07481
07481
03526
07481
07481
07481
07481
07481
07481
07481
07481
00336
12690
02663
02664
07481
07481
07481
07481
18991
00335
07486
07486
09951
06992
07172
00983
06992
01654
15342
01710
01710
06992
00020
07488
07062
19168
07288
01802
07280
19342
03722
07497
19337
19416
07280
00992
19784
06132
19804
08992
07488
07488
09788
20455
08968
00821
21029
03553
00558
00287
00560
00558
06919
06919
02316
01520
02314
06217
00558
03676
00558
00558
00525
06020
02335
01420
10026
21929
03595
22292
01947
17758
11206
00571