05349
01533
01066
01617
01537
19092
14221
14221
14226
14228
14233
14220
14219
12340
03088
03088
03086
03088
15371
14228
14223
14233
14235
14237
14229
14229
14229
15229
15726
18365
16320
15725
15509
01835
01835
15578
01834
14234
14237
14219
14218
14228
14218
14228
14229
14223
14232
14230
14224
14224
14224
14222
03929
15746
00839
00220
14234
14236
15738
14225
01082
00114
02428
04765
15725
12064
05797
01209
05797
02083
15727
14225
14227
14227
14227
14218
14218
14218
14230
14230
14230
14225
14228
14234
14233
14233
14224
06177
15577
03316
00700
00244
00059
05712
00852
07263
03177
00595
02228
00854
06147
01679
06889
07397
01104
06147
03635
07386
00851
00034
00652
08738
02014
05794
02004
02200
00799
07304
00845
07221
07221
07657
07657
04073
03406
03406
01784
13590
09983
03560
08738
02274
00575
02014
02067
06179
02433
00772
03469
03711
07273
01489
01560
00058
00121
07304
03406
07315
01760
11209
14230
00459
01692
01692
01515
01847
00626
01966
00383
07263
01104
02274
02258
00721
09992
00055
00046
02200
07032
00383
02510
00135
02014
00799
02533
00055
01006
02014
00939
07258
00939
01322
01424
01479
02238
01885
00666
00616
01759
00970
02793
11189
00799
00799
00799
01934
03406
07052
02014
04763
01965
13622
00088
07054
00241
00575
02116
01535
00150
10254
00758
14987
07283
01006
01496
03743
02014
02014
01081
03406
03342
07126
00652
00626
01692
13628
02806
02342
14232
14219
14231
14232
14219
14219
14237
02014
00059
01209
01785
01209
02014
02342
06986
14335
03469
01113
02051
02050
02049
01941
00626
00059
00625
02014
14470
00626
01759
02014
03593
07305
13590
02371
00568
03386
10563
01439
07114
01409
01719
00758
10943
01885
13953
01916
00548
00548
01262
01474
15576
00459
11159
01469
06013
01578
03386
07305
01297
03317
05595
00799
00135
05524
15270
02014
02005
03929
02014
03286
03325
00101
05712
01426
15727
09137
13953
00626
14470
02014
02014
11530
00666
02014
02014
00666
02014
02014
02014
00882
07123
02014
03294
02014
00059
05350
02014
02193
01724
11085
04063
09705
00674
01523
02014
01560
02035
02033
00135
07346
00799
01092
13283
01011
01507
07491
02014
00666
00046
06016
22325
02427
08738
04518
08738
01840
15228
07346
10027
00626
01259
01297
00059
00127
02017
03455
03518
01092
03294
14162
00055
00626
01692
01692
01039
16049
04073
05917
00038
02014
12542
15922
10947
00432
09808
00764
00574
01669
00175
00174
08311
03500
00239
00242
02687
01972
03631
03630
09978
02108
02110
02109
02109
02945
00945
03737
13057
03313
03688
01778
00995
04761
03684
01876
03798
00789
09456
06890
00948
08988
06872
03744
14986
03778
03981
03530
07462
01649
00053
01653
01652
00791
01079
01952
03602
00795
00954
07568
03781
03086
09117
01956
01955
03624
01689
00794
14652
07058
07278
09800
05837
05515
03571
03570
03569
03572
06942
01056
02897
09973
09973
01878
01879
03071
03980
01867
02622
07056
01920
03733
00989
03705
03687
04043
03686
04485
03558
01775
01881
12573
00627
10806
00382
01908
01895
02405
02400
02398
02556
02387
02388
02389
07712
07708
12506
03644
01673
02469
04094
00162
00161
01993
06158
05592
06076
10805
01951
02470
00990
13292
07001
02280
02279
02651
12541
04080
03832
06915
00812
15034
06204
09919
11443
00339
00338
00337
00334
00333
00332
00331
00330
03320
02836
02887
02916
00948
00003
03832
03561
03724
01918
07093
01414
03669
00283
00282
02437
00605
01129
00325
00324
00324
11927
02996
02337
01698
06886
03694
09987
00147
00969
09710
00783
01903
03521
03522
00566
03926
02259
03154
03149
07300
09014
09013
09015
11717
15987
03703
08083
01676
00573
09991
01142
00859
00014
06287
09773
06978
01687
00656
06145
07552
06131
07282
08224
03413
01198
01209
01235
01687
02429
00883
01631
09955
07124
09861
01740
02168
03672
02429
05800
00263
07722
09967
09967
07341
13924
01711
09689
09688
10107
00574
03088
01007
00655
06131
00925
02509
05786
06446
14448
07156
03088
07233
00375
03777
14347
00773
01772
07303
04088
04087
07340
01061
01433
00928
01736
03387
13038
03688
03183
02313
12410
00215
10773
03306
07220
03978
03217
03536
07391
03702
00057
01749
03185
02110
02108
02112
00948
02391
02392
02393
02394
02395
02396
02397
02556
02557
02406
02408
02409
02410
02412
02415
02416
02417
02419
02420
02421
02401
02407
02422
03092
06861
03592
07516
01433
00297
00549
00019
00297
03654
01681
03551
03550
01159
09948
00873
06997
03466
00259
07107
01354
06920
04083
03704
03320
04752
02837
01890
01889
03704
05349
02871
16079
02529
01502
03670
02529
03088
00692
00847
03556
01945
03601
02902
00767
04047
01821
03543
02529
00111
00864
02518
03704
07347
00029
02856
00481
10218
07403
03782
03190
01430
01429
01428
03187
03188
03189
03192
03088
07302
07303
03088
02078
07265
03088
01997
01999
14347
01627
06041
00979
07266
07282
03088
01953
01991
07154
07154
00694
06153
01534
07243
15726
07238
01534
07243
07798
07787
00927
00496
14448
06446
07246
07156
07233
03088
01555
02279
02280
02282
02283
12510
12511
02651
02278
01644
08195
08304
00117
00627
10805
01207
09808
02115
02111
01491
01633
07127
07090
01194
09958
07006
06193
03594
01640
05349
07267
02769
02770
03435
00014
03841
08191
02529
00077
01652
07516
07823
05349
01502
10680
03777
06975
10220
15918
10680
08191
00874
08323
01812
02109
03088
12972
02034
03549
07646
07667
09803
07347
00799
13655
07733
01524
03924
03829
06985
03046
03043
07727
02864
02935
03327
07458
00457
04078
04077
13525
01028
01029
00432
00789
03820
02493
02835
01892
01969
15866
07282
11177
11178
13483
00014
07516
03072
03074
04092
02523
03579
02343
09747
01338
00156
03446
03543
00384
01586
01991
01953
06916
00240
08300
01448
05366
00133
01283
01241
02939
02963
02990
02406
09781
01924
00645
02338
00528
03596
00123
00126
02018
02020
05807
01425
01872
13587
09928
09928
03664
01714
08309
04760
06941
01908
03636
02356
00606
14160
14161
01714
00077
07246
04755
05783
01040
01666
00299
04755
07726
04080
00275
07058
00208
06134
03797
03101
01870
11753
01589
01588
01083
00963
00790
00023
01869
03643
02340
09774
11719
03684
03648
00266
13584
03439
00029
03555
00074
01894
00023
09190
09967
07154
03088
01118
01868
13771
06886
01783
06975
01620
01256
05810
00411
00412
00413
00759
01207
00450
07275
00404
00405
00407
00406
00426
00425
07090
07112
07112
03564
00982
10536
13993
12960
05788
03305
01662
09823
00602
03431
00941
06966
03568
00278
09125
00930
02221
01491
07157
05838
09790
02426
01950
03969
03974
07168
03427
01154
01153
01141
00817
00641
06886
07267
07734
00375
07137
07007
01524
00937
02194
01247
04755
01738
03925
03438
00640
01991
00012
01273
00942
09985
01693
02501
01814
02500
07107
03562
06891
11720
01644
03801
07302
07735
07141
07402
06153
02913
01142
06181
15977
04564
03088
03585
01070
02379
01953
00609
13821
00390
00381
09457
00688
00975
00703
00362
00363
00372
03088
00318
01991
05818
01704
01703
03710
01640
01799
09018
03119
14347
03734
09939
03832
07390
01704
01703
01626
09748
02600
07742
02519
02834
02956
00962
07552
01075
05936
02224
04719
01805
01682
00832
00793
11752
07043
09160
07152
04758
04759
01419
03667
03282
01638
02528
00097
03771
04744
01255
02339
00940
11175
01933
01968
06911
06911
07397
01752
03310
02472
01494
06718
00836
06720
10674
00928
01755
01586
02302
03639
02888
02899
06980
06911
07168
01465
05786
06447
01919
09761
03179
13639
03529
03575
03426
06213
07042
01887
01207
05896
06024
03116
03117
03118
01754
01915
04751
00145
01255
01265
00833
06915
09959
03517
13592
08484
04075
00262
07478
06207
02003
03629
09125
00500
00457
01484
00673
01295
06447
01595
01625
01690
00036
07636
02040
02037
02038
02036
02039
01666
01821
03587
01928
01929
01000
01925
03588
02563
01924
01921
03589
03590
03531
00286
06890
03979
00931
09786
07180
07270
03981
07726
00697
01087
04047
01057
02346
07552
02291
06966
06443
03823
03147
10253
00453
02355
03821
11940
02950
02992
02355
02358
03641
03640
14445
02520
06953
00228
03762
03752
14261
03821
00382
00658
00164
01902
00024
02016
02015
02013
13771
05916
03642
03701
03642
01940
00574
03088
02276
02276
02275
02019
15012
15011
02300
02299
02298
02297
01555
05800
03543
03446
03412
03407
03412
03411
03413
03408
03327
01637
07110
01725
03073
02601
02867
02863
14441
03787
01875
03594
07148
01465
00609
04773
03545
01358
03544
03814
03089
06180
13588
07090
06915
01873
02066
02065
01091
06199
02435
02434
03695
12511
12510
02282
02281
02280
02279
09946
02204
03527
00655
03789
02518
06287
02919
07395
00831
02502
01939
03500
12251
00950
01962
01961
02160
01963
01586
07241
02234
02230
02229
06042
03394
05895
01053
05818
00826
06442
03584
00052
10764
06195
03799
15866
02529
08988
06872
03744
01012
05606
01810
03100
03685
00640
01952
01952
00820
04042
01091
01923
03786
03210
01695
11754
08218
06178
03657
13589
00031
07447
03100
00997
03474
00762
02275
02276
01733
06969
01633
00627
03060
03798
06168
03216
00098
06145
00800
03106
02959
02860
00554
02884
03530
03218
01613
02967
02357
09903
02838
00806
00981
00099
11749
07277
02372
02909
00472
02195
02197
02198
02199
03549
06190
03110
09812
09811
00655
02078
09458
07082
09771
03893
03724
03981
02509
03186
05549
05550
02986
07738
00600
01808
05783
10220
01908
03977
07246
01738
01866
09989
01953
03088
07733
09768
03642
00943
02341
01874
03424
06167
03665
03666
13599
13598
02946
02906
02926
02892
02886
02965
02890
02982
02878
02904
02961
02874
02895
02931
02954
02994
02933
02881
02988
02907
02876
03076
02952
02948
03040
02879
06991
02231
02232
02227
02225
00768
02278
12511
12510
02283
02282
01712
01745
05836
01673
00694
01937
03075
01803
03770
01657
00766
01609
03637
03750
01356
01647
03525
03524
00343
00342
00341
00340
03832
01809
01953
03565
09005
00684
01644
04566
09956
08296
04764
00648
03621
02911
07136
01652
01883
09883
04066
10778
02113
02111
02115
02112
02114
02283
03453
03313
11740
00796
03470
09986
06985
02621
05520
04487
04487
07018
01610
14981
14980
06958
03437
09760
01462
06187
00604
06173
06996
00765
00013
03625
00946
03585
00955
00957
00788
01623
00927
00134
00615
09888
09699
00167
00166
07146
03655
09159
03723
00858
03070
00620
03671
07102
06925
01251
01495
02651
00891
01735
03305
06878
02529
05970
08169
03168
04096
08591
01776
00643
01581
13747
01754
03215
01687
00919
00311
03638
00675
01756
01591
09807
01817
01696
00285
14205
00077
01599
08973
03628
01061
03650
03495
03501
06923
07566
07736
04762
12543
08679
15923
02014
02014
02014
02014
02014
00064
03186
00135
05549
05550
00799
10217
04073
01666
01821
05886
16092
16090
02014
02014
02014
10716
10716
16079
01822
05898
15982
16047
16051
16053
00102
16074
05708
14748
07675
02617
00253
00446
16211
16319
16320
16320
16165
01048
03699
16211
05797
15064
01840
01179
16264
16514
01069
16079
18383
16171
15066
10804
16370
16320
13581
05349
16171
16319
03321
11960
14749
01980
01980
01980
01985
01985
01985
11961
01977
01977
01977
00042
02035
11959
11962
11963
07045
07316
00529
16566
14660
14998
14748
01426
02226
09810
08316
07245
06075
03559
03559
01533
02303
02303
00265
16370
09810
13485
07091
01992
01990
17103
11209
04091
11532
00040
01897
01897
01897
17218
01990
01990
03574
01990
01992
01992
00681
00681
00681
00681
07576
07576
17686
17686
17662
17675
00290
01190
17837
00219
01497
03292
17837
03292
01130
01130
01130
00226
17836
04749
01658
19746
17760
07684
03767
03566
03566
00537
00537
00135
17837
00128
00128
12574
01791
00254
17760
17760
04757
01187
01187
01187
13995
18139
18138
07045
00124
02031
02032
05973
07486
11747
03973
01485
00020
14750
00329
00356
07068
00433
18164
00108
00091
00108
03719
03719
14749
02768
08483
11183
01066
07222
01473
03477
14750
14751
18288
07165
09709
07165
07165
07165
07165
07165
09709
07165
10216
05916
01130
00111
02014
02014
03630
02014
02014
02014
16211
02278
02014
03566
02014
02200
07552
02014
00496
01714
18139
02014
07386
06978
02651
13057
03798
00789
02014
01209
05350
05349
02014
02014
07552
02014
01991
12340
03286
02014
04752
01560
01502
05550
05549
02014
00059
03446
00945
02014
05350
06978
01627
07233
07245
02014
02014
03762
02529
11159
03569
05800
02014
02014
06978
01273
01555
02014
02014
02014
01006
10220
10220
02014
00121
02014
06140
00446
07215
02351
10216
18364
18366
18383
01156
01617
02554
02554
00138
01612
18480
01801
18588
18587
02477
18687
18661
18707
14751
10217
05366
07171
18954
03205
03497
05797
03111
12072
12057
12058
12059
03201
03204
03196
12058
12060
12061
12063
12065
12067
03496
14266
04565
11811
03497
03111
12060
12061
12062
12063
12065
12066
12067
12068
05797
12056
12072
12057
09797
18138
12056
12056
12072
12057
12058
12060
12061
12063
12065
12067
03496
04101
10219
03497
03497
03496
04100
04101
10221
03205
03497
03497
03497
03497
04101
04100
04100
03205
03196
03204
03203
03201
03194
03111
03497
03496
03496
03497
18364
18096
03496
07484
16898
19055
19055
00335
18979
03526
02483
16899
12064
12064
03496
01820
00611
07498
07746
07746
07746
19092
19092
12979
16319
08365
05889
12448
00798
06893
08678
07316
15515
00499
01155
05898
19221
00336
19267
03722
04771
07497
01992
01992
00020
21672
19431
00035
19302
19336
07344
11209
07344
19577
19577
00525
00799
00992
07315
00799
12262
00799
19784
00799
07119
07119
07119
07119
07119
07119
15777
01457
16319
16319
19837
05770
09796
03392
20266
20266
14584
14584
20527
20530
20533
20527
20528
20542
20531
20532
20532
20543
20533
20531
03198
03200
03198
03197
20528
20529
20530
04755
22003
03199
03195
03195
03199
14585
20757
07100
02438
16554
16554
16554
21105
00821
01768
01768
00971
08968
13877
00249
21029
00632
05296
00529
00529
00526
14059
02316
03553
07336
09882
01520
06905
06906
06908
06907
06903
06223
00558
07336
00560
06904
00857
07313
03676
06217
02314
01185
00287
09806
00529
02481
02335
14333
14333
09983
05710
03651
21416
21417
21416
21417
21417
21416
02483
02483
02483
02483
21470
21470
21420
21470
01420
22067
21498
07334
21498
10026
10914
10914
00344
21802
21802
21929
19591
21929
21990
03741
03892
03741
05802
01816
14274
22024
03595
22024
00015
14274
07183
22107
22185
03892
14974
22252
11991
02257
22342
11206
00002
00728