09160
00567
00381
00380
02411
03602
06207
02291
03787
03117
00954
07126
03075
02337
02014
00537
03685
03100
07165
01602
01601
02433
07052
00609
01420
02014
02016
02013
02015
07154
07344
07117
07141
07161
03519
03518
01055
01995
01996
07003
07003
02433
06889
07397
01644
02014
01448
02417
03786
07320
03101
06178
02351
02014
02013
05845
05847
05846
01653
01652
01679
03561
02500
06180
01956
01056
03559
06902
01419
07102
05788
04773
02887
02916
02520
05838
04752
03185
03466
06997
02313
03629
06168
06217
07042
03820
02600
02519
02834
02956
04761
03183
03688
02275
07157
02426
06158
00240
00242
09811
03407
00161
02014
03088
03043
03046
03601
03478
00104
01879
01878
02523
03470
00411
00974
02004
05559
05561
05564
02003
02051
03408
03413
03412
00575
02400
06952
09386
06904
02483
02200
07716
01807
01883
06147
07716
02372
06915
03427
01153
03561
03559
02298
00121
03832
08744
09826
07742
03177
07340
02342
07391
02500
07091
02338
02470
03789
02112
02115
02111
02113
01963
01695
01696
01889
03406
04566
06153
00329
00356
02114
06861
02806
03799
02274
02276
02116
03427
00297
04518
02282
02281
02651
02193
01681
06147
02051
02049
02017
02335
02343
02493
01962
04762
02003
01903
01902
07124
02036
06147
11719
02049
02051
02049
03832
06886
00363
02274
02276
09862
04096
09798
09922
09903
02412
03628
04564
11717
02528
09013
03274
07027
03520
02396
06601
06602
07001
02386
02415
02387
02408
03636
03703
07115
03413
03572
02527
03592
03179
04078
04077
03638
07054
03575
03529
03744
03799
06910
03216
03924
05560
05562
05563
07393
03469
06980
04075
03641
03562
07107
03551
03550
01159
06213
01934
03585
02557
02909
07735
02047
02046
02048
03088
03106
02959
02860
02884
06941
05524
04079
03734
05539
07494
07499
03313
04750
07774
07492
07492
04080
07499
07494
01048
04080
04759
07110
07146
00459
07499
07494
06918
07006
02015
03704
03088
07025
03978
03217
03325
02968
01028
01029
03587
02563
06147
05366
02340
03497
03496
03501
03495
03650
06888
06287
03071
07056
07460
02501
03667
07043
04083
06195
07152
02030
03500
03684
03092
01919
03724
03705
03687
04043
03686
02945
06147
02204
01624
03841
01465
03798
03646
01623
00788
07126
03827
06147
02045
00957
01703
01704
01673
04565
02358
03040
06179
00648
08484
06137
06136
03561
03559
07494
07499
07058
03521
03522
02258
02299
07492
07494
07499
07486
03707
02075
02077
06140
02019
02022
07492
03752
03809
06911
02919
00325
02970
06188
03438
03588
03589
03590
03531
02535
05807
03631
02841
03271
14980
01447
09005
00783
08990
09803
09807
08998
09004
09778
09791
09001
09939
06915
07588
07552
03088
03825
02015
02016
07227
04087
04088
03657
02687
07499
03704
02501
07492
02503
03517
03089
03086
02316
04047
03624
03153
03154
03149
03147
03594
03702
05810
06942
02897
07638
07659
03327
03635
03711
01892
05367
06894
00525
00886
03704
04568
02622
07154
02014
00526
00525
01602
01601
00266
07305
04758
02355
00111
06445
03745
07313
01652
07289
02014
02013
02016
02014
08218
06173
03536
02914
02536
00537
07798
07787
01153
02074
06148
07304
00324
00324
01589
01588
00374
07566
03771
03168
05366
04078
04077
07402
01997
01998
01999
06196
03406
08591
00794
01247
09748
08973
02221
01955
14981
10563
00341
07066
09771
09769
01995
09991
09951
09985
09956
09986
09987
09948
09949
09937
09924
09888
08970
09972
09800
03652
03439
00962
00799
01716
01520
01817
01142
01869
00859
01920
01523
01814
01693
00990
01494
00762
00681
00077
00799
00989
00215
09812
09705
09131
09117
03185
05527
09768
06891
10773
00945
00800
01687
01867
01733
00643
01012
00790
00013
00986
00864
00548
00979
01255
02014
09458
09823
09710
09747
09761
09773
09883
09882
08311
09822
09790
09765
08738
08602
09458
00505
09919
07788
09945
07336
09970
09971
09165
09795
01952
06911
03568
02258
03790
07494
07499
02109
02109
02110
02108
06287
02283
02280
02279
02278
07492
03704
02518
03110
06190
02199
02195
02194
01470
02050
03630
02018
02020
07261
03596
02793
07226
03579
06985
05800
07494
07499
07492
06187
02835
03574
03070
04763
02902
05524
07736
06890
02004
01975
06916
03733
04066
02888
02899
02051
07577
07499
07494
03555
03814
02911
07636
02040
02037
02038
02039
07657
07234
07232
03695
01144
02417
02410
02409
02389
06911
03215
06442
07494
07499
01997
02050
06139
06138
09808
09810
00332
00333
00241
00239
09159
06199
09015
09014
01654
02843
03980
04755
07027
07492
02390
02394
06204
02393
02392
02416
02419
02388
02420
02421
02401
07499
02197
02198
02200
02483
03593
03639
03830
06966
02556
02557
03549
02517
03296
03553
07492
02437
07492
07492
07492
01952
07390
07499
07494
02986
07001
03073
02601
02867
02863
02864
02935
07492
02950
02992
02355
02946
02906
02926
02892
02886
02965
02890
02982
02878
02904
02961
02874
02895
02931
02954
02994
02933
02881
02988
02907
02876
03076
02952
02948
02879
07478
07499
07494
04061
03621
04764
01991
02259
02575
02871
08304
02346
02341
07258
08223
03671
00339
00342
00343
00341
00340
02275
00331
00338
00337
00336
00335
00334
07568
02469
05595
06024
05896
03770
03637
03750
02372
07277
02838
02357
02967
03530
03544
03545
04751
03322
02621
03584
03595
03474
03060
03664
03282
07499
07494
04748
07126
02434
02435
07447
04096
02314
04485
03558
03977
02837
07494
07499
03306
07220
03559
03561
07499
07494
03218
03321
07499
07494
07499
07494
04077
04078
04080
03088
02427
07007
00330
02996
02913
03644
03743
07708
07712
03666
03665
06920
06167
03424
03642
07160
02035
03723
03655
03111
03701
05805
03684
03704
01843
02356
07462
03821
07018
03564
02339
04744
07082
02078
02990
02963
02939
03694
02836
07492
03625
00793
07738
03801
02160
04094
03074
03072
03210
06923
03118
03116
09458
03640
07090
01754
03527
06045
01595
00285
00261
00666
00613
01649
00053
00791
01079
00287
00560
01262
01251
00789
00012
01433
02377
01711
01784
01845
00983
01710
00833
01935
00652
00278
00767
00384
00788
01354
00598
01011
00948
00286
00128
00819
00826
01166
00822
01870
01945
00912
01092
00765
00919
00311
00759
01737
00228
00432
00033
00036
01057
00851
00368
00986
01286
03527
00855
01246
01006
00615
00134
00927
01092
00344
00019
00390
01638
01778
00554
00133
00052
01940
01724
00549
01092
00963
01939
00058
00831
03431
00014
00799
01637
01782
00626
00253
00697
01087
01768
00626
00023
01462
00604
01439
02337
00867
10805
03741
02533
03980
02502
11073
02498
00537
11189
00674
00930
10806
01961
10979
00067
00567
00655
00817
00641
01739
00566
00252
06021
00275
01736
01662
04091
01845
01613
01586
01755
00799
00798
00074
00986
00986
00986
00986
00986
01442
01714
00808
01581
01284
01772
06041
00428
06044
01599
00873
00986
00845
01928
01929
01000
01925
01924
00075
01921
01972
01784
00384
01593
00986
01265
01610
01476
01069
00928
00568
00891
01735
00164
00658
00382
00931
00147
00969
03797
01895
00057
01409
01749
01719
01507
00274
00795
00012
01710
00973
01790
00162
02392
00982
00688
01236
00700
05343
00705
00020
01091
00383
01626
01916
01649
01613
00605
01872
00986
01725
01923
01952
01776
01495
01496
00858
00939
01740
01873
00824
00943
00344
01004
00820
01738
01760
00571
01716
00029
01876
00937
01933
00940
01759
00003
00145
04487
01866
01255
00097
00942
00059
00645
01286
01918
00946
00600
01512
01768
00684
00573
01875
00573
04042
01738
00773
01802
01802
01207
01887
01129
01142
00382
01689
01627
01937
01803
00766
01609
01356
01886
01885
01647
00748
00677
00099
00981
00806
01591
01881
01258
01338
01358
01915
01698
00997
00951
01714
01465
00574
01775
00764
00606
01868
01951
00088
00020
00140
01756
01802
00640
00480
00769
00721
01783
00796
01633
00950
01304
09983
00647
08738
08738
11076
01874
03386
01890
11074
00819
00821
01847
11443
00812
04090
11357
12340
09456
16011
03560
11749
03496
11075
01894
03497
10764
11209
00627
11105
11175
02275
02238
03497
02488
03497
05973
03273
02536
11473
00031
09969
11472
11754
00602
11811
03414
12573
03205
13013
03496
11752
07027
08300
00666
01897
03642
03272
13292
01847
07799
07789
03524
03643
02302
00626
09774
11753
01243
11940
02022
07090
11720
00254
07165
13588
13590
05685
00626
13893
00721
13583
13584
17103
01534
06975
08309
12510
00375
02049
12511
00529
07733
13503
13888
00208
00620
09457
13895
00281
01491
12506
13038
01654
13993
03496
07483
19689
00955
13810
13581
10778
00024
07289
13582
13593
13599
13950
14221
13598
13893
13896
13894
03782
13587
13592
13821
14162
14235
00265
14229
14228
07454
14220
14225
14230
14219
18096
07483
01968
07126
13771
13771
01965
13589
14236
14224
14222
04085
14232
14218
14226
14234
14233
14223
14233
14228
14219
03088
03088
03088
03088
03088
03088
14230
14223
14231
01978
14219
00015
14237
14160
03297
14227
00941
14228
14218
14218
14233
14232
14219
01985
14237
03500
08316
00830
14225
14234
14237
14224
14230
01966
01524
01524
14652
14233
07726
14229
14234
14219
14225
14161
13628
14261
14228
01977
01980
14986
14987
04771
01996
03406
07165
07165
07165
07165
13993
02601
05606
15011
15726
03088
15726
07278
14232
01969
03979
15012
15034
15652
15342
15408
15727
15554
02050
00220
15256
15738
02428
15725
15894
00410
11741
01692
01692
03286
15727
06177
04765
01082
00135
15861
15342
15778
15977
15987
16079
08679
16087
07464
00570
16080
16092
16088
16088
16147
16090
07483
07483
07483
07483
07483
07483
07483
07483
07483
07483
07483
07483
07483
07483
07483
07483
07483
03832
07483
07483
00570
00570
16079
16079
16079
16079
16047
07492
00986
00986
00986
00986
00986
00986
00986
00986
00986
00986
00986
00986
07492
07492
07492
07492
07492
07492
07492
07492
07492
07492
00986
00986
00986
00986
00986
00986
07492
19117
03769
01154
10804
06891
15555
15035
01983
07012
09969
01834
02196
17225
00370
00370
00371
00371
08738
11532
00373
02575
17218
00362
00925
14219
14228
01990
01992
16165
17686
17662
17675
17836
07263
07263
18098
12574
14742
13010
00663
21430
07799
21678
01791
18307
18306
15553
18588
18661
18707
10747
21677
18831
05366
01971
16898
18138
03526
16899
00611
07746
19092
19119
16422
09951
01154
00571
19118
07062
01621
00947
04771
00947
19302
11209
11209
00799
00992
19784
08744
19802
21679
09796
20266
20444
20531
20532
20533
20530
20530
20533
11529
01214
21029
09806
21420
21470
21600
10026
21703
21564
10914
21703
21703
21929
21929
21929
21929
05802
11991
02257
02257
11206