14232
14232
14227
14227
14227
14225
14237
14237
14230
00226
22278
09022
07082
01778
12257
00901
02835
01887
01524
00937
00432
07407
07444
00351
00350
00349
00348
06949
07560
02558
01633
01874
01284
05366
03770
01142
00703
01918
01579
01624
01963
00347
00346
06213
00175
06871
00789
01714
11066
10716
09765
00156
01915
02340
01448
02622
00940
03701
00849
02429
03327
01921
00954
03439
05995
00763
06997
03183
03671
09014
01867
03101
15876
03385
00796
02956
00962
01354
03650
04487
03500
15738
00648
03116
03088
03644
02860
02959
07007
01012
02528
00208
01599
01749
02492
01993
03544
00164
00658
00873
03685
09458
02078
01610
06180
00606
01697
01875
02837
11717
09015
09013
09954
00979
03734
02003
00761
02003
10716
03424
13789
05837
05515
03570
03569
02621
00950
03665
01991
01790
00973
00012
06167
00057
02527
00684
11175
01159
03313
02341
01662
00942
02916
02887
02313
07056
02557
00783
14441
07461
07000
02472
07223
01256
03217
01937
03437
06193
00600
03113
01962
03100
00215
01698
01815
00874
00764
01923
01933
03924
01892
02356
00677
02536
06885
01776
09793
03474
12573
02065
02066
07478
01808
02520
01868
00174
01889
01448
03470
00969
03565
01665
06861
01126
01448
03625
03210
03628
00425
01734
01783
03629
03979
09747
03088
03820
03631
13038
05807
00031
01953
03654
00604
03530
12410
01586
03427
07001
03495
00928
01613
03758
01590
06287
01869
00794
07636
07460
01883
01495
09748
02600
02519
02968
01939
01756
15633
01265
00658
01929
01588
01589
00809
00860
00957
01154
01153
07043
03281
01876
03070
00648
03702
01491
11753
07568
06941
02523
04567
03092
01893
03575
03530
08301
01737
03269
03664
04564
06178
03179
00773
06966
06915
03696
00645
00946
00793
16089
06901
00876
02548
00382
11065
02469
02914
01129
07173
07391
00161
00627
02888
02899
01661
00705
03466
14652
03648
00384
01911
00831
11537
08999
03522
03521
00134
00850
09903
02838
15987
01627
00760
03501
01938
08973
16053
08972
11749
08281
00927
01866
01809
01810
09861
03524
09710
03798
00426
04096
03885
01972
03086
01669
01870
03744
00162
07164
09761
02493
00573
07566
07275
09167
09167
01270
03545
14155
08303
03584
00029
03437
02115
02111
02113
02109
02110
02108
01647
01689
02879
03040
02986
01872
00757
00965
10805
03270
00239
00240
00281
00640
01738
01935
04047
04761
03671
02337
02902
02913
03110
01951
03655
15342
02990
02963
02939
00384
01752
06973
01890
02338
11755
03695
01735
00318
04066
00615
07127
00615
00261
02948
02952
02919
02518
03076
02876
02907
02988
02881
02933
02994
02954
02931
02895
02874
02961
02904
02878
02982
02890
02965
02886
02892
02926
02906
02946
02355
02992
02950
02517
00748
03686
03687
02897
00948
09812
07071
00185
00097
02911
02160
01961
09808
02834
00075
00812
14228
06999
01358
06942
03977
00382
07552
08218
01681
07443
09808
03555
03284
02426
02884
03215
00859
07636
01873
00014
00790
01880
02909
06180
03771
12340
00759
03168
06158
03106
03723
00826
00912
00925
13788
00941
03150
03149
00788
00788
03147
03154
03118
06041
07090
06173
07095
07397
03703
00945
07058
03561
11754
03978
03925
03438
03587
01928
01000
01925
03588
02563
01924
03589
03590
03531
09117
03642
02470
00566
01903
01775
06153
09811
07085
14445
06187
16091
05516
01462
07447
06891
02687
03218
01803
02871
02996
02967
02357
00791
00826
00275
09158
03701
00981
01613
00554
00605
07088
00975
00703
06199
03657
01338
07456
03801
11752
07107
01744
06076
06886
03561
01772
03551
00024
13766
07462
01845
01657
00766
01609
01817
01696
01695
04075
04043
02970
03733
05808
02358
03073
02601
02867
02863
02864
02935
03043
03046
00891
04762
06142
07277
00806
00858
00602
01945
03814
13421
02945
03630
03811
03832
03832
02437
03550
03797
03322
03324
03558
01056
00655
02361
01687
01652
01653
00053
01754
02551
06168
03075
04078
04077
00833
00133
03536
02112
02114
02003
01886
15862
00406
09792
01902
03564
03305
03305
03841
03786
03547
03924
03596
01154
01952
03787
03797
02034
00390
00688
09888
01673
07501
06940
07056
02536
00812
04759
04758
01625
01736
10773
07322
02836
06925
00259
03525
06207
03572
00067
02503
03624
04485
00782
01755
01430
01429
01428
03187
03188
03189
03190
08717
16089
09939
08998
09005
03282
01881
00800
03116
16363
01840
16264
01679
01885
03455
01916
01934
05337
01785
00241
02005
02004
02004
00135
09952
08974
01372
07304
01278
07052
00819
00845
00639
02014
01258
11085
02014
03709
00949
01197
07025
02564
06201
03783
00059
00784
05844
00054
02004
03286
01784
01104
07052
02428
09704
01480
03932
00046
02775
07114
07114
03932
03593
07098
02619
00616
06902
01006
00845
00652
15460
03499
03498
03469
07658
01297
01322
01259
02371
12373
07098
03442
01262
00869
04517
00721
01719
01585
01082
02824
00058
00939
05794
03711
02342
08234
01243
01489
02014
02342
01192
01186
05595
03718
01409
00674
05595
04518
04516
07027
12373
07386
01206
01787
00076
02014
01785
03442
00639
00294
02238
01719
02035
01560
13628
00700
02033
01507
01639
03333
07729
00088
03177
00058
02428
01619
01424
01715
07126
01081
01597
04763
14231
14224
03386
01278
02004
02005
01784
01823
02067
14233
14234
11720
14223
14223
01834
14219
09810
03559
14218
07091
14222
09951
17103
00184
01978
01977
01977
01977
10947
01990
14228
01992
01990
01990
14228
14225
14225
01983
00951
01897
01897
01992
14230
01980
01980
01980
14233
01992
01190
04084
17686
14218
14218
14218
01190
01190
14224
00971
01985
01985
01985
01791
00537
00537
01658
17837
01187
14235
14229
14229
14220
14219
14742
02031
02032
07003
14228
14219
14233
14230
14221
14221
14226
14234
14236
00956
03772
03719
21449
01533
19049
12373
01082
12340
03742
18707
18682
03427
21572
21572
18785
18928
18929
03497
03496
03111
03111
03169
09797
07483
07483
07483
07483
07483
08961
08961
11991
11748
19159
19158
01710
22468
19302
01992
06881
00525
18889
18890
01214
01208
08968
21147
06223
00560
00560
02316
01493
02314
06217
00287
00857
03553
03546
01520
04068
07313
21636
02335
00526
07741
21572
21573
21574
21572
21572
21572
21572
21572
21572
21572
10026
21739
21572
22136
00754
01463
03595
01505