07497
09476
02495
19168
16700
10023
10109
18919
08351
13021
15555
10440
16345
15548
15830
17213
05601
02028
18138
03324
18446
03673
16371
00108
15034
02358
14227
14227
14227
14227
14229
14229
14229
14229
06221
14226
14224
14225
14228
14228
14228
14228
14228
14219
19270
01160
14665
01426
01840
00568
01524
06884
06884
13028
01139
02538
13641
05874
03892
00970
07497
10038
01183
01002
12340
15035
15532
16238
15396
14230
14230
14230
14219
14222
14237
14223
14223
14218
14218
14218
14218
14218
00971
01176
00433
01759
14223
14223
14230
14233
14233
14233
14235
14237
14237
14237
14237
14224
14224
14226
14236
14236
14220
14220
14220
14232
14218
14219
14219
14219
14219
01524
14232
14236
14225
14225
14234
14234
14231
14231
14228
14228
14228
14221
14221
14227
03604
02083
14974
06212
02031
02032
09020
01270
02022
07232
00547
00090
09691
01190
00632
10027
14588
01708
14591
05499
07346
01271
07666
02001
13936
02031
02032
00557
08566
00799
04753
08316
01835
01485
00974
00813
01941
00130
07245
00758
02075
02364
14682
08194
01487
08234
01739
00956
00632
01897
01607
01582
02477
09017
01185
14762
16013
01146
16013
16012
03535
13409
13408
08225
04063
07169
04787
07678
11748
07645
01130
15600
10823
19222
15598
02345
00799
07794
05540
01069
07274
02778
02779
07497
04771
01053
11312
01941
05874
01457
02058
03719
10019
10020
10018
10021
14761
14742
14238
14219
14232
14234
14225
14225
14234
14221
14230
14230
14233
14237
01505
12062
15054
08172
01150
16012
15257
07214
02031
15256
09483
11991
02010
09810
15580
02345
15580
03468
07229
15545
15724
05603
01467
02484
02099
13053
15552
16301
15738
01096
15554
01082
15553
15553
07771
15773
15551
10831
15553
02428
03446
03929
15746
00839
00839
07506
03566
05799
15553
15582
03307
02596
02031
04765
15790
15357
02595
03292
00148
02034
10110
03585
01426
02055
00010
01482
00059
02028
02014
12543
07098
02035
02433
02033
02035
02033
02035
01607
00010
03153
07214
02014
03406
02052
02055
01092
07283
02052
02051
02073
02014
01439
02035
02033
06889
07665
06910
00010
00058
02510
00135
02033
02035
02035
00058
02033
02033
00058
15986
04655
04652
00135
11021
03406
00058
06147
06147
07048
02056
10439
00852
06971
02055
00059
00059
00101
07665
07263
03769
02597
00799
02035
02033
06988
03406
02592
02587
02591
03718
02025
06177
00046
02049
02050
02051
05814
05816
07017
01104
01011
02033
02035
07214
02033
02035
04091
02033
02035
06147
06147
02035
02050
02049
02051
02035
02033
02755
02756
02757
03488
07404
00101
05815
07123
02056
02049
02051
06988
03488
02755
02756
02757
01222
00852
02055
00852
10440
02116
15461
15460
15723
15833
02115
02108
15827
15599
15581
15583
15539
16347
02112
02114
04042
00820
02040
02037
02038
02036
02039
06901
09019
03650
03217
08998
03536
02914
03704
02016
02029
08324
07141
07402
01799
01821
11941
00874
06193
12957
01425
03281
06145
06151
06152
03449
01689
10778
07088
09912
00013
02029
02029
06987
01754
07154
02013
02015
05813
04759
04758
02073
01991
03980
01805
01610
03781
00675
00549
05358
00823
01915
02034
13928
13935
13934
13933
13932
13931
13930
13929
14392
06151
06152
15836
02485
02761
02759
01223
01805
00231
00612
10674
01714
02029
01803
01808
08483
11189
11201
11202
11203
07302
07303
07402
07124
09964
03088
03790
00641
02529
09458
03543
03487
02752
02753
01223
13979
01295
02034
00794
01502
01575
01652
03704
04080
00824
02034
06015
00077
06188
02759
02761
02760
02529
02015
02016
03088
02529
03753
06726
10907
01265
01502
02430
02057
02057
00881
00154
03585
13979
01223
03487
02760
13069
07088
01305
02053
15536
15721
02029
02029
01714
01464
09896
03752
10441
10680
00014
13995
01834
02529
03549
03924
06205
03495
03501
15832
15834
10679
10013
01713
02594
02057
02529
03707
13727
03823
03556
00705
05775
02024
07154
01821
02073
02071
02072
03088
07154
00261
02053
05979
12973
03088
02029
01714
00812
02020
02016
02016
07243
07224
03823
00286
01999
01997
01998
01995
01996
01754
12963
12962
07264
13014
10011
10012
07806
00836
13745
06182
03449
02034
03780
02110
02109
02113
02111
01779
03284
02444
06160
02015
02016
07644
01811
10001
10003
10002
00600
02471
08223
02585
02584
03839
04487
13819
08177
00549
00847
01193
03484
01721
02029
02029
00826
02034
03300
00812
00005
12308
00432
02596
02593
02586
02588
13021
07246
06152
01821
00117
10680
10218
04654
04653
04651
07267
11744
11477
08369
09918
02029
01590
06991
02529
03335
02016
06044
15831
08315
05796
04656
07241
06152
06151
11933
15828
03767
15268
02069
02068
15829
10108
08173
08154
03098
03186
02291
06443
13789
02034
08641
00116
13889
13890
06911
02529
03154
03149
02016
05349
01438
02012
02011
06895
01999
01997
01998
06076
06871
03737
00883
01631
02016
01993
01673
02034
03543
07552
07644
02529
03336
03335
02029
02029
02034
02034
02034
07346
03286
07343
09909
11179
00135
01424
07305
11105
02793
02794
02795
03647
03743
00598
08679
01439
07054
03548
02052
12373
02055
02824
03386
01011
03593
01489
00059
02510
06183
01092
00059
02014
01470
07793
02035
02033
02035
02033
00647
02049
02050
02051
00657
02619
09815
06201
01077
01782
02200
02414
02193
04091
01885
02033
02035
01474
07250
02033
02035
01560
00135
00135
02784
08483
01607
07258
04774
09471
01515
00033
02028
01104
00027
01784
03748
10541
10540
00121
00882
07393
12961
11530
02348
06889
03747
03499
00845
07019
09898
10914
00616
02569
02441
00010
02035
02033
06149
00784
00383
03825
02035
02033
00799
02446
13283
07640
02843
02014
11392
02030
04763
01262
01934
00058
03442
01480
02821
02822
03475
10439
10440
03406
02010
01760
02858
11604
09806
01409
03649
00046
00219
01507
01119
07393
08305
03087
00380
01507
01585
11607
03784
01619
00854
01466
02051
00127
00124
02049
01719
07120
00867
00548
04085
05814
05815
05816
03825
00851
02052
02055
01322
03316
12942
04750
03307
00010
11209
00010
01630
00639
12984
10563
03317
13637
02342
05966
02798
02799
03469
02800
02035
02051
02050
07657
01092
03769
02851
02852
03498
00230
00939
03455
11751
02004
03768
00700
07258
00059
12373
09022
02035
05595
08178
00564
07186
02533
01525
06177
00058
01243
00674
08964
06445
02056
00769
03406
00101
07052
08161
02067
13953
02074
02077
04067
02566
03488
02755
02756
02757
01470
02051
02049
02050
15977
12541
02564
03711
05522
00241
00567
01607
01785
02017
07404
00652
03406
01823
01479
06970
03406
07258
05844
09998
10000
02238
11085
00799
02014
02051
00046
07404
06910
10440
10439
02025
03560
01480
02427
03177
00616
07034
00380
02806
01480
03635
03810
07027
06179
00059
11069
11071
11072
01258
07660
01297
01629
01813
02855
01258
03406
02014
02014
04477
00244
07304
02051
08992
00088
03803
02050
02049
00575
01916
07283
08997
06078
02004
03613
03612
03614
03615
03616
03617
02056
00853
01488
01679
02822
03475
02821
02033
02035
12541
12542
18139
18138
16957
15984
04065
12543
19734
19734
19734
05836
11073
11076
11075
11074
03212
02565
01443
02802
02803
02804
01886
03839
03645
07667
01669
07160
01304
01647
00242
13529
03517
03811
07679
10036
10037
01626
00849
00965
05776
02019
02020
02018
00833
01012
02169
01935
03702
03639
03638
07262
03777
05349
02053
05845
05846
05847
05846
01755
02029
00005
09975
01468
01745
10037
10036
04047
11939
11934
11924
03543
03446
03750
13051
13892
13889
13890
13891
14441
01673
07085
09996
09999
09997
11066
01620
00156
03704
06891
03694
02518
00684
00384
03466
03634
07478
01875
08219
04069
00656
09136
00831
00800
00945
02945
05788
00912
09927
09791
00979
06219
03633
01626
09773
01007
00645
06077
09001
00275
01866
00868
07006
03305
05804
03623
05782
00098
08323
00117
03800
03724
10441
08092
00880
02082
02079
00239
00240
00164
00658
01903
01902
00425
00426
07107
03562
03641
03640
15977
00134
03829
03637
03636
06890
11927
05541
03306
01935
08224
08159
12151
03534
00848
02854
02856
07248
03762
10013
15977
08195
14055
00325
00324
03758
07734
01712
01745
03737
14058
14054
11065
03721
08990
06918
03971
03970
03969
03974
00208
01147
06200
14051
13816
04062
03113
01591
01681
06178
07053
01657
13498
01696
01695
07275
06940
06190
10806
03832
09780
03601
10857
06131
09901
15580
04072
00012
00963
07001
09858
01433
03474
03584
03685
03100
03596
03598
07146
02846
12148
12149
01465
03675
08162
03790
09915
03980
02399
02398
02386
02387
02388
02389
02390
02391
02392
02393
02394
02395
02396
02397
08300
07040
02911
03621
00648
00645
02078
03885
03723
09808
09808
12410
07637
01756
07153
00566
12152
06181
00031
01194
12972
15268
01951
02029
01915
00641
01676
11106
03734
07703
07701
05358
03412
03413
03414
00840
00673
06447
01484
05526
05984
07552
04064
06956
07038
01815
01868
02520
02916
02887
01889
01890
04764
03781
06073
00432
06074
02042
05997
09014
09013
09015
11717
02426
00873
03327
00793
00574
07390
03683
10680
03760
06938
00997
02078
02003
11897
11898
07169
02168
02167
03787
10773
02057
02057
01804
10537
10539
10538
14155
01809
00765
00013
00817
01089
02501
01814
02500
11755
02847
02840
06987
01649
01273
06135
06136
06137
06138
06139
03777
00850
01624
02034
02016
03119
07664
08303
08322
00941
00878
03387
01874
06911
02509
13896
07552
02897
06899
09904
07014
09955
02016
06159
03919
03734
09958
00285
01714
01464
06995
09967
00343
00342
00341
00340
00339
00338
00337
00334
13378
00331
00330
14260
09161
09899
00925
13788
00375
00823
02053
01284
07402
13482
13481
09771
05846
05845
05846
05847
07649
07774
07795
00375
09906
07090
07261
01736
07320
08296
06076
04754
02199
02198
02197
02196
02195
02194
07661
07639
01299
04775
03578
01118
09978
03778
03322
11535
15553
14347
09954
01972
03528
06203
01738
12339
02045
02047
02046
02048
07223
01448
00228
13634
03168
11738
07674
07685
03782
06999
06957
01923
07287
01714
03567
03564
02053
02053
10763
00761
01933
11175
02036
02038
02037
00937
06213
15974
05358
03977
01892
02656
06941
00940
07751
04487
13643
05820
00077
02034
00600
05916
04751
07715
07711
01952
00997
06199
03597
03088
00278
05590
03648
03687
00858
03631
06186
09801
03664
09946
00014
09765
01531
02034
01776
00322
04761
01755
09023
09021
09018
11737
07689
03703
00995
09458
07082
00943
02341
03424
07337
07251
01207
07000
05880
00036
00873
08160
02560
09817
09816
03551
03550
01159
08310
01876
00005
14155
09907
01887
03516
02400
02401
11892
11891
11890
08308
00615
00615
00864
01056
06942
13821
10010
10009
02424
02425
02405
02406
02407
02422
02423
02408
02409
02410
02411
02412
02413
01087
00697
02403
02402
02556
02557
03407
03408
07026
09781
07458
06950
09933
03785
07150
03186
03182
02034
01996
01995
01998
01997
01999
01241
06901
02042
02044
02041
05774
06162
05780
05781
06163
06164
06165
06166
02043
12972
02034
13635
11907
11895
11896
11903
11900
11901
11902
11890
11891
11892
11893
11906
02072
02071
02355
00077
09802
07470
01141
09470
09473
14056
07000
03651
09920
01790
00973
00067
00963
01991
07289
01494
00876
04046
07267
07799
07788
07789
07642
10542
02529
07148
01495
01070
02013
02015
11733
01151
02769
02770
02768
11183
06940
02356
13694
13893
13894
13895
03281
07862
01685
00041
01812
08191
15977
07056
07121
07460
06911
09475
07676
07687
07677
02469
10555
10557
10556
10558
11531
11216
11107
05594
02939
02963
02686
02990
09456
03218
12573
13771
01939
09937
04087
04088
03665
03666
00791
03572
01448
06925
13288
06949
01613
07071
10017
10015
10016
03186
13735
00764
03558
03749
11754
01963
03975
06173
03473
14392
02687
03557
09969
09970
09971
09972
00014
07566
07479
04096
01462
00604
03500
03282
09890
02879
03040
02986
08177
03543
14261
02478
02892
02926
02906
02946
03594
02192
02355
02992
02950
07237
07236
07235
03745
03775
07070
06158
03119
00855
07397
04095
00029
00615
12945
02568
02567
02570
02572
12290
12289
12288
05366
08312
04762
04083
01610
07638
07659
04760
06959
00690
02170
07400
00705
00688
02444
02439
00111
03335
03336
03338
02034
06978
03337
00140
06606
00077
01951
07007
06144
01414
07115
07646
01548
01547
01546
09919
01273
02034
01266
13891
13890
13889
13892
01118
00375
00116
07058
00053
02521
01754
01687
00826
11258
01652
07391
09897
01940
00930
00145
01438
01595
00297
12525
03764
02909
04066
03591
01419
03667
02553
09892
02440
00864
00528
01803
01521
02048
00850
06006
03216
00640
00057
03071
09798
02841
11941
03670
03669
12147
02517
08169
03799
03797
03607
03808
07300
01627
02493
02835
02492
02494
00919
00948
04567
02836
07462
03981
03840
09159
06980
11068
00281
02437
00605
03185
09895
09888
01807
05596
09807
06895
01624
00927
03472
00615
07387
02415
02416
02417
02418
02419
02420
02421
07781
05876
07447
02669
06997
02221
11922
00615
09923
03439
03575
08306
01581
02029
02029
02013
02015
02016
07225
07401
03186
03182
11477
01624
09988
10441
01194
09932
01686
08317
00318
06879
09125
02837
02217
02011
02012
07395
07347
03561
00655
02621
01624
01624
03923
02622
03272
00982
07184
06153
01633
08591
02970
03086
07124
09136
11911
11905
11906
11895
11896
11910
11891
11907
11903
11892
11893
11900
11901
01921
01673
05810
06146
06157
00098
07043
01042
01465
03592
09889
02558
03841
09800
07278
07109
03773
07269
00024
03402
03623
03568
08301
06287
03571
03570
03569
03786
02160
01961
02948
02952
02919
03076
02876
02907
02988
02881
02933
02994
02954
02931
02895
02874
02961
02904
02878
02982
02890
02965
02886
06141
00362
00363
02598
02302
01867
01091
01783
03112
01735
00891
02507
12291
02012
02011
03762
01698
06999
00457
00832
13979
03701
05517
13632
00117
06193
03555
06194
00573
03787
06176
01770
00991
05589
00860
00957
02302
09612
00390
00381
01737
10026
01689
01937
07156
10857
01354
08289
01625
05881
05879
05878
02440
08304
01448
03581
03582
01407
03583
02681
02680
02679
13292
08484
08311
03573
08227
05939
07789
07788
07799
03585
00789
08137
02742
09761
01920
07735
11605
11606
00426
00425
01061
05515
01839
03424
02313
02338
03629
02470
01714
04080
02529
10545
10543
01805
01878
01879
03833
01042
02380
00123
09967
09967
07726
12975
12368
12369
12370
12371
12372
00694
00694
11103
02498
02496
01749
05851
01778
09921
03733
03657
03284
05786
01058
03654
05835
05834
03576
00549
01061
00757
09760
03183
03690
03688
03116
03117
03118
03524
02358
03073
02601
02867
02863
02864
02935
03043
03046
00788
03147
07740
03426
01599
05982
09891
05787
01945
00602
00651
01638
01637
00906
01810
00928
00688
09125
01534
08993
03110
09812
09811
03089
01999
01997
01998
01995
01996
05813
01126
06145
06156
02053
13256
03181
03179
00631
00901
01356
03327
09823
05539
13631
13639
06901
14393
01895
11102
07106
03819
06152
06151
08369
12941
12940
14057
07246
02529
06605
02529
03335
00812
07160
03290
03215
00865
01706
13918
06175
06879
06966
06968
01766
02426
03274
00060
02844
02527
00954
02913
02902
03630
13038
05501
00762
00989
12974
03587
02529
02760
02761
02759
01586
09967
09967
03070
00950
01894
06204
06206
01975
02073
02072
02071
03273
06222
08307
00835
00874
02529
01246
02317
11750
11926
00931
00147
07702
07700
01910
01646
01644
01643
05964
00123
02379
04564
09824
02562
00009
02034
00891
09913
03554
00847
03547
07636
02040
00549
03311
11736
01093
08682
07568
00874
07290
03656
03732
03671
03628
05790
02472
02805
12582
02853
02300
02299
02298
02297
08218
07286
05527
03545
01358
03544
01338
03530
03770
02237
12500
06920
11938
01738
05800
04752
03320
10805
09914
07443
03424
05995
03182
05368
01825
00075
01772
00892
08223
09973
07340
05838
10804
02003
01589
01588
03269
01883
01491
07726
03453
00133
00975
00703
09984
06155
13574
12973
03704
02029
03425
03644
03801
09158
03642
05837
05515
00783
09710
00969
02340
03643
01869
10004
10002
10003
10001
03820
06189
07042
06168
03184
01972
00942
03060
00556
03655
07560
07058
06207
01915
07708
07712
09894
03978
05592
08303
03824
07461
09979
07089
00610
00609
00611
09893
06169
03828
01873
02339
01255
07091
11720
06915
06152
06151
13652
02529
13255
02344
03789
08723
01079
04485
06211
11534
08309
03720
05804
05805
07773
12524
00872
02968
11753
01870
03101
03774
03527
00215
01956
01955
06195
02528
00097
03771
04744
05801
03580
02336
02063
02064
11925
03291
01704
01703
00052
01649
01652
01653
03435
03925
03438
03586
03587
01928
01929
01000
01925
03588
02563
01924
01921
03589
03590
09862
00859
00364
02505
02504
02682
00767
03806
03807
11734
00163
00627
00382
01682
07347
09910
01714
01611
00797
01761
00760
01579
01918
00606
03579
05365
02013
02016
02015
01845
01129
02647
00990
01265
02967
02357
09903
02838
00099
00806
00981
11749
07277
06142
02536
02372
00677
00748
03470
02337
01962
04075
01881
06080
07643
07259
03624
07574
03798
00796
03431
03075
09748
02600
02519
02834
02956
00962
05803
02029
02029
07127
14287
09880
08967
08963
00899
03271
02346
02057
03837
03415
05591
03449
00427
14348
00286
09768
09945
00773
03210
03072
03074
07738
11752
00794
03625
00946
01095
01662
00795
03602
03151
03152
00077
09767
02919
02909
03577
09790
00759
02343
09747
06187
04079
01997
01999
02769
02770
01953
01223
00697
00425
00426
04084
03926
07791
01744
03092
06861
09774
11719
03270
06041
07301
02065
02066
07323
07122
00790
02523
02888
02899
03979
00216
01252
02363
02361
02016
02015
02015
02013
18552
03804
03632
01893
00763
01256
00299
07140
12297
03808
06192
09857
03812
01716
04770
09911
03658
01734
06929
11940
06969
01512
01085
03809
09016
09024
01142
01008
04773
08281
09916
00134
01792
07180
09786
01775
00285
03603
03314
03611
09160
09902
03610
03609
03608
03684
07285
09917
01665
01752
00563
03704
02000
02002
03543
03446
03214
03672
00998
03695
07039
02073
00375
01733
09861
03831
04043
03686
03313
03717
03531
02535
13301
07113
04078
04077
02356
04568
04691
09908
06916
02871
02996
03599
03600
07648
03814
06958
05808
05810
06180
05807
05809
14170
14187
01626
02884
00554
02860
02959
03106
07173
01919
03563
01872
03565
02014
05802
03301
16089
16092
16091
16088
16088
09912
16090
19611
16136
03301
16137
02030
02030
02014
02014
01977
01977
01977
01977
01977
01977
01977
01980
01980
01980
01980
01980
01980
01980
01985
01985
01985
01985
01985
01985
01985
01985
01978
02014
10038
03111
00526
18983
02029
03321
02030
02029
02029
19221
07267
07267
01983
16087
16077
02028
02029
10014
16066
16074
16074
15495
03566
11747
16203
02055
02054
10018
13654
07165
07038
00446
16210
06858
02062
15496
16345
02054
02055
16348
06221
07782
16514
01990
01223
16515
16516
08970
02052
11645
12262
12262
10013
11929
01048
16322
02054
02054
01223
02769
18316
11734
12262
10021
10019
00766
16264
11391
10544
11959
11960
00537
16693
11961
16696
17213
16704
12368
13891
16702
16703
10118
10117
10119
03776
16709
00065
02768
16692
16710
00042
02033
05812
19229
02525
19226
19230
16692
16692
16692
11962
10111
07662
11963
16707
01664
02081
13693
03973
02849
02028
02029
02028
02029
10020
16960
16958
16959
02029
02054
02031
02032
13892
06016
02030
02030
02030
02030
02030
02030
02030
02030
02030
02030
02030
02030
02030
02030
06016
02030
02029
16839
16842
00355
00355
04781
08302
01485
16137
06075
03559
03779
16868
00688
16841
03772
19092
16840
02028
01501
02028
02028
02050
02050
11070
02028
02030
06075
10439
10439
10440
17214
18138
17195
02503
02030
17202
19227
17247
02028
12064
12255
10439
10440
03457
02028
02030
04091
19611
19611
02052
02028
03574
02028
02028
10439
00265
00040
00951
02484
10440
10441
10439
02028
17713
17203
17204
04091
02028
02028
17202
17204
17203
02029
17228
02058
02010
17215
02029
01990
01992
04084
10111
10112
17686
10112
19789
02770
11928
02027
00018
06518
00537
20444
00254
03574
19745
08194
01658
02026
02026
02768
02032
02031
17758
17759
03566
03566
03566
03566
06518
02027
04772
01497
00344
00128
00128
00884
00884
07459
02809
02810
08485
01791
02031
02032
02031
02032
02031
02032
02031
02032
02034
02033
02031
02032
02032
02031
02032
02769
03292
09472
03585
18139
02032
02032
02058
02058
07486
21379
02031
02032
17938
02032
18325
12064
03296
05396
08351
00004
08351
02031
01485
18028
18030
07045
07483
07483
18029
02031
02032
02031
02031
02032
05799
21430
02032
02031
02031
02032
07222
07222
01473
18199
01175
05874
05874
18317
18318
12262
18325
06149
09475
06911
00059
09476
01689
00059
02015
09022
10004
12151
11903
11903
03535
07150
00059
03762
05804
02160
03406
09967
05804
06188
16695
01624
03549
01480
11962
11963
01607
02160
01961
09476
02768
11183
03535
00117
02407
07277
17213
09024
02372
06149
03630
00355
00004
10013
08234
01502
02033
07283
07304
01908
02058
15552
02050
18138
12151
00615
00616
02768
02769
02770
04477
08483
11189
11201
02052
03643
07277
03832
06151
16066
06910
02099
01183
07506
06152
06151
10011
00446
19586
20074
03446
12240
18315
18324
18326
00138
00138
02483
11904
11904
21755
18456
18475
16235
00681
00681
00681
18691
18676
18697
18765
08138
18850
18889
21645
18893
18831
20861
07757
20862
18800
18778
03746
03496
18657
18890
18843
03553
03503
12056
03746
03497
03496
03497
12068
12067
12066
12065
05785
12063
12061
12060
12059
12058
12057
12072
03746
14060
03496
03502
03503
12063
12062
12061
12060
12059
12058
12057
12072
12056
05839
03497
14060
03496
12068
12067
12066
12065
05785
03169
03746
03674
10748
03646
03746
03502
03503
04565
11811
08722
05839
05785
07724
03761
07484
03976
19055
19055
00335
03526
07483
05396
18979
07484
07484
07484
18988
06609
06609
19000
07746
19092
19162
19166
19236
08166
16422
02777
19158
19160
01710
19158
01239
06893
19159
22468
19092
19228
19235
19159
00336
19265
01992
01992
03722
03722
19416
19302
07497
07497
19338
19338
00020
19267
19337
19270
19338
19270
19302
19303
19336
19333
19354
19304
19577
19587
19611
19611
01438
11209
10024
03446
19585
02796
07666
20444
19775
19734
20431
04103
06131
00799
19784
06132
19837
07147
15777
13069
02538
19802
19802
19802
19803
19804
21613
21613
07263
19810
02464
19813
14731
21636
21613
07688
08325
20023
07484
01777
20074
20276
20268
13061
20276
20807
20429
01612
01236
20534
20542
20543
20543
20539
20541
20541
19591
22132
22003
22003
02081
02790
02791
20757
01214
02438
11529
20757
20866
20881
02790
02791
20765
13075
21062
21029
20940
21023
21085
21086
21087
21084
21021
13877
21023
08968
21801
00821
21090
00525
00526
07451
06904
03791
09961
02314
06952
00558
00857
06866
06191
06217
00558
07336
03676
07313
06197
02316
06905
06906
06908
06907
06903
06223
06903
00560
01520
02315
03546
06217
02314
04068
00287
02335
05375
03292
00050
00525
20938
20938
20938
20938
13695
02483
02483
21405
13695
03651
21470
21405
21405
01451
21498
01420
07334
21498
21498
21699
21699
21602
21712
00863
21698
21712
21607
21695
21759
21948
21948
21721
13638
21974
21975
21975
21976
21974
21990
21990
00680
21976
21973
21975
21975
21974
21975
21976
21975
21974
21976
21975
21974
21974
21975
21974
21976
21975
21976
22041
22015
22024
22044
22051
21993
21972
21973
21976
22130
01816
05275
01816
14274
03595
22129
22105
03078
03079
08994
03077
22278
03077
22296
15634
02257
22397
22293
11206
13566
00611
00611
00611
00590
07319
00424
22489