19744
09160
10563
09761
00595
03781
00688
09811
02052
02053
10773
03568
01902
05515
09808
11891
02553
06992
03556
03556
00390
07088
05349
03223
04054
03222
04053
04052
04051
03221
04050
03220
03219
04049
03224
03225
03226
03228
03229
07320
07216
06996
05782
03406
07001
00363
02039
07184
01866
07552
00404
02510
02509
00151
02508
00657
00484
00483
07345
07346
07347
07275
07738
00793
01095
03602
03975
03736
07340
15864
09903
04719
00768
02233
07042
00432
01265
06177
01953
00568
00831
00945
01591
00799
01495
01736
01626
00569
00432
00912
00108
00130
03797
01915
08591
01633
01525
00097
01783
01091
00766
01609
08973
00145
01866
01042
01424
00946
01497
01662
01507
00140
00981
00681
08978
00101
00215
00796
03431
01803
03177
00962
00600
00262
00931
03555
09158
09861
02494
09921
00979
01104
00075
06179
04773
01599
00948
00919
01669
01776
01772
00761
00760
00116
00564
00252
03119
03119
00299
01919
01610
00287
01687
00681
00891
01735
00940
01581
09922
09798
09930
09964
09965
12297
12297
09920
03439
00641
02221
00286
01887
09888
09458
02013
01464
01425
04487
01689
03767
03768
03769
03770
03773
02457
02459
07215
03547
03546
03581
07240
03406
02283
02282
02279
06915
03406
03406
06986
03924
01676
03322
01426
03774
03781
01056
01673
01652
00606
00655
03671
03673
03798
06202
10026
01810
00797
08365
02108
03071
03611
09862
09017
02073
07038
02041
00567
02913
02904
02911
03608
03187
02970
02909
02963
02916
01881
00528
00901
00573
03787
06176
01770
03215
00991
01627
01937
00748
03101
00099
00981
00806
01265
06044
01482
09781
09773
03812
07259
00799
03752
03638
03750
10024
10023
02440
09792
03314
01584
06893
01246
00604
01462
00344
00228
00014
01133
01414
02204
00873
01141
01433
01857
01055
01607
00117
00864
00611
03594
01465
01940
01595
00939
00275
00951
01933
02342
03469
01069
08307
00208
03530
03545
01883
06169
06938
01682
07183
02575
00362
03316
01867
00163
06901
09791
04082
03644
05801
07338
09125
03801
00954
09786
09812
04044
03536
08998
03217
09915
09918
09919
09912
03149
08289
03408
03153
03154
02434
09748
00826
01749
01061
00325
07646
03574
09768
09889
09890
01588
02433
03183
09771
03981
04084
02199
09458
09699
03299
06145
03710
03893
03892
03310
00167
00166
00808
00249
03808
00097
09948
09895
09933
09954
07347
07346
07345
07160
01953
01556
02355
07233
01915
01652
00012
01640
00451
01555
02106
00626
01029
01028
06139
06138
06137
06136
06135
10012
10011
09956
09980
09989
03760
03311
01826
03811
02529
03790
00549
02230
00330
07023
08642
03498
00404
07168
06941
09957
10015
10016
10017
01870
09947
09937
09931
09950
09950
09925
09924
02337
09927
09928
03562
00111
07140
06149
08300
03723
00346
00347
00348
00349
00350
00351
03734
05952
09747
03560
09929
09940
09945
09858
00243
00790
00765
00013
00817
03631
08309
10001
09800
09794
10002
10003
09938
07027
07507
06884
08995
10022
07231
07113
07226
00059
07443
00077
00798
03070
02535
03590
03589
01921
01924
02563
03588
01000
03587
01548
01547
01546
06446
00074
08296
03406
04079
01903
09923
09926
01876
03711
00384
02036
09131
09123
09117
07644
03732
07461
00799
06970
02339
01255
07091
06891
09136
01247
02016
02015
02013
03449
03652
03324
01923
01714
06048
07568
03210
03072
03074
04488
04755
06941
02656
01892
01649
00088
01951
00520
08364
08363
07344
01952
00018
00432
00767
00882
01008
00773
01092
00640
04487
00648
06917
05306
03430
01159
03438
03925
07056
07121
07460
03599
00413
00412
00411
02996
02871
06916
00297
08641
02825
03544
00382
01430
07644
07560
01259
09810
01775
02492
04077
02500
01693
00973
01698
03773
01586
07636
00600
00036
02110
03694
01118
01915
01897
03667
06153
01897
01462
01738
18094
18095
00299
04091
06916
09774
09823
09975
09780
01929
09801
03306
07220
02454
01262
01934
02415
02445
03182
10025
04759
04758
05596
06895
04564
03744
06199
04078
08218
08316
09760
09767
04083
04762
05844
06959
05595
01438
10004
09932
09857
05520
02472
03525
09790
09684
08304
06188
09914
00627
00627
01856
05783
01626
00019
09806
09471
08369
03781
01429
00455
01826
01465
08721
03381
03464
09913
10763
01790
03758
01478
08312
02379
03076
02952
02948
03733
01613
02848
02841
02843
00982
00627
07304
07115
05802
07090
03496
08224
00266
00265
03112
02666
02665
02664
02663
02662
05366
03786
02338
03803
03598
03597
06980
07795
07793
00140
07118
00640
10441
01426
01802
03559
03561
02455
02454
02453
02462
02461
02460
02456
02458
01745
01712
05836
03098
03841
01759
03151
03216
03676
02501
07289
03575
03543
01710
00067
04774
03592
09936
02527
09908
11918
09934
09935
05774
07336
02017
03745
03563
02909
02907
02967
07243
07740
03611
02498
02496
09165
02844
01719
08083
08082
01755
05851
06140
01778
04752
07391
02168
03327
03656
00156
03816
03719
00822
06995
03630
01520
00930
01142
00942
03060
01139
04761
05297
00104
02167
02168
01752
07222
06131
03522
03521
07727
01620
00303
00304
00302
00305
01433
00148
01589
01744
00375
03835
04066
01419
03821
03821
03690
01496
01523
03116
03117
03118
03406
03669
03670
01479
01468
01745
09159
02072
09902
03799
09808
09969
09958
09946
02435
09710
02933
02919
03594
03701
04782
03583
03582
01921
01714
08368
07734
01652
03769
05520
06158
10531
10536
03316
04485
03688
03977
01750
03406
06966
02314
02939
02502
04087
04088
03665
03666
03572
08303
03657
01711
07088
02839
03978
02335
01915
00868
01915
01845
03455
03761
03832
06204
01448
09007
07080
00574
02114
02112
02115
02111
02113
02116
03497
03496
03650
03664
06207
03179
00989
02946
10253
07645
03610
02517
04754
07182
02342
00799
02493
02835
02897
06942
03789
03808
03808
07147
00053
01653
05365
07225
07054
06206
00970
00950
01918
01579
01895
04065
02519
02600
03075
07574
01955
01956
03686
04043
03687
06186
03303
07178
00059
06219
01126
07092
03833
02380
00127
00124
00123
00219
09936
06940
01531
08983
03113
02160
02687
05540
01945
05595
03823
01428
04046
04064
07290
03188
03189
03192
07165
00128
05548
02556
10805
02487
06596
03530
06192
06076
04562
00525
06222
02838
07218
00376
02043
06166
06165
06164
06163
06162
06167
01426
02399
07107
02398
02386
00575
03654
06075
07001
07401
03274
07044
01114
00020
03580
01077
02503
06867
07221
03724
03554
03797
07114
02357
00324
03924
13483
02015
07644
07052
02803
02804
00059
00666
01426
00147
00969
00074
00626
08963
00832
01295
05916
00836
00666
00156
00626
01576
03320
01997
00059
10764
07657
10816
10815
10814
02030
01998
02042
10229
07058
00783
05787
10227
10228
07637
07673
07665
01962
02072
02071
02073
11179
00344
03424
11073
11073
11073
11250
11074
01995
01611
00666
04057
02229
03741
05913
06151
01996
10806
07794
10979
15555
00254
01993
01959
10914
07638
09472
09472
10440
10941
00645
11749
02238
09978
08086
03607
03923
00453
07344
03205
03630
03406
07507
01895
00249
05794
07278
00995
03310
00817
05549
05550
05784
05600
05599
03449
04084
03805
10804
03561
03559
01091
07040
03621
02078
07082
02341
02676
03521
03522
05936
02189
02234
03405
00632
03584
05895
02188
06042
01046
04760
02356
07090
05592
06923
06445
02071
02899
02408
05589
02959
03586
02968
06195
02954
02834
04754
07727
07223
06995
08276
07058
02520
01889
04068
00433
05524
03671
03885
07017
01754
00344
03185
07234
03406
07084
03406
00343
00342
00341
00340
00339
00338
00337
00335
00334
00331
07093
01637
07153
00031
03704
02518
03466
03634
07478
07393
07237
07236
07235
03703
13541
01443
01057
00611
00926
10943
01873
06180
06181
02892
02956
01007
01487
01972
00759
01358
01338
01626
00077
01665
03417
01659
03827
05812
03307
03825
09974
01447
00059
02619
01885
00943
00052
00133
00799
03408
03412
05810
03407
03414
03413
02405
02404
02400
02401
02421
02420
02419
02418
02417
02416
02414
07039
02994
02950
02879
03181
02990
00858
01256
10439
02557
02986
05799
06187
02393
03190
02415
02890
03111
02575
02575
00370
00371
00373
00374
03769
03639
03735
03186
00799
07708
01791
02109
00548
02931
02988
00560
00285
02621
00481
09815
09815
04564
09977
02926
02355
02886
02965
02982
01872
00673
00673
01895
01753
02961
02874
02041
00500
01724
09816
09816
02054
02055
03624
02902
00240
00239
00242
00241
04085
06968
01681
03776
07020
00404
00405
00406
00404
00405
00407
00406
07044
00249
02343
03528
03529
00496
07402
06901
03168
02413
02397
03073
02895
02935
02878
02876
07127
01477
03458
03639
09017
08717
04023
02444
01754
03684
08167
02231
02232
02225
02227
02224
00355
01649
00820
09691
00928
00763
01925
03571
02887
02389
00383
00851
07157
05837
03642
07258
02340
03643
01869
03820
06189
06217
06168
07126
01845
09456
01241
03579
02168
00425
00426
03556
07175
03637
03636
03635
03638
03750
08303
02837
07165
00797
03473
09983
09984
09986
03600
06204
00090
02230
03625
01438
00606
01118
00865
00864
01266
02200
02200
02198
02197
02196
02195
02194
04061
00525
01512
07649
02906
00285
00873
00042
01816
01608
01483
06173
00764
01817
00219
01505
03043
00647
02888
04764
03557
02881
00557
02427
01814
00990
01439
00563
01733
00003
00554
02455
02453
03100
00278
06183
01126
02536
07497
03449
02372
00677
01915
07010
01915
00058
01807
01754
08311
08484
07090
01126
07095
06969
07126
00154
03110
03089
03814
02669
02670
01697
01465
00609
07447
07735
03832
01920
02657
02658
02659
02660
02661
06598
06599
06600
00833
00274
03585
01485
03457
03306
07403
05591
07663
06143
03457
01004
00253
01725
01673
07667
00057
01716
00382
00658
00164
01647
00311
00836
00616
01126
00322
03517
01658
01657
07347
06920
03640
03641
03646
02019
05811
01012
00652
02170
02169
01935
02305
04561
02448
03710
06938
03106
02860
02884
04763
07462
02836
06889
01003
00631
02426
00674
06940
00600
00605
00794
00788
07679
01802
01358
03773
00036
01638
06178
03168
00134
01207
01356
00632
00116
07490
02653
03470
03310
04075
07112
06194
03087
03743
03553
06966
07576
05812
02919
03576
02442
00111
02444
00864
00140
00020
03424
03435
02769
02770
00950
00974
07180
02439
02528
03771
04744
07102
01657
06903
06907
06908
06906
01658
07397
01611
06134
02503
07124
00459
03327
04750
05597
05786
10014
06911
06911
07397
02742
02571
02572
02570
02567
02568
02569
03704
00526
01129
03495
02412
02411
02410
02409
02422
02407
06603
02406
02396
02395
02394
02392
07677
00336
03531
02655
03046
09001
02358
02601
02867
02863
02864
03685
00330
03648
07678
03040
03775
02391
02390
02388
02387
04079
08985
01738
05564
05563
05562
05561
05560
01003
04567
00605
01720
01737
01150
00852
01239
01868
00847
00854
00457
03578
00937
03601
03551
03550
04047
03704
00537
03809
03778
03668
01620
05526
01484
06447
06987
00249
03721
00832
07262
00457
00014
00700
00705
00703
00763
01142
01886
01740
01756
00566
00031
00684
01875
00963
09817
09817
07014
02346
03549
06213
02437
02065
01878
03269
00762
07114
02297
02298
02299
02300
03924
03446
00012
07264
07806
01729
00066
07390
02192
03386
03683
01759
07213
01756
01756
03613
03612
03614
02065
03615
03616
03617
03593
01494
05786
02066
07589
01495
06205
06995
00263
00161
00162
05807
00067
01448
06925
06949
02557
02556
06985
02622
07000
07071
06955
06911
01194
05375
07165
07116
00101
03594
03424
07090
03651
01515
03147
00355
02205
02275
02487
02669
07345
03695
05810
02668
02667
08085
02672
02673
02674
03527
03980
05805
03979
02523
07074
01974
00428
06076
06200
06867
03282
00528
07141
07402
00091
03406
07507
03628
03595
07146
05527
01679
03933
01114
00925
07044
07453
06991
01560
03453
03322
07090
03293
01118
03474
07018
00957
08305
06041
03270
06861
03092
05808
02806
06958
01679
08301
06287
03570
03569
03642
01607
06894
01271
00380
07126
09898
00450
07214
03721
02437
01752
04087
06182
10125
10126
02336
03744
03932
00615
03472
07007
07043
00986
03086
02316
01409
02276
02259
07152
02348
06193
00822
01487
03386
03387
05517
07277
06142
02623
00449
00448
02624
00681
03412
03411
00575
03408
03407
03413
03406
01130
03832
03561
07002
01714
08195
03786
00655
05524
07286
04750
02824
07346
07347
01251
07641
03498
06940
06190
07053
03406
03807
03806
02650
02652
02654
00859
03885
06916
03111
01624
01129
02193
03218
03609
01775
01915
00382
05896
06024
00134
01690
00845
07267
01479
03655
02313
03629
02470
01879
02517
03499
03500
04096
07566
01696
01953
07559
07396
04063
01091
07070
02469
02274
02258
00791
01939
01695
01673
02558
00817
02945
05788
03702
04080
01703
01704
01963
03749
03558
02454
02456
02457
02458
02459
02460
02461
02462
09916
07003
00927
01585
00789
03501
03271
03596
02992
02067
02066
05559
06077
02647
03722
00128
00249
08196
07287
03567
03564
03548
01928
09690
03565
07221
02278
06152
03587
03300
11076
10126
10125
04060
11072
11070
00248
07506
03273
11688
11689
01993
11189
11189
00249
02452
02452
02452
03227
03100
04059
02454
02455
02456
11071
02458
01908
01907
00626
01652
03457
07090
00821
07090
00032
06203
07661
07639
11444
07052
07659
07774
00666
11383
11384
07660
01625
01625
04042
02050
01113
07004
05847
05846
05845
05846
06999
06899
03566
05833
05832
01989
06889
05541
02441
07690
07690
11731
00523
12266
12340
02453
10974
12256
01420
12242
12251
06995
03560
08964
10680
03406
02014
01975
02004
03543
05539
09690
11073
07078
00626
02040
07799
07665
08195
02014
06160
07302
07303
00131
09471
02014
03168
02029
07119
06889
02014
00612
05820
10536
12251
12254
07112
11747
12239
12241
05800
08195
06992
03406
06995
02014
01626
07302
07303
02018
00381
00059
00372
06975
07395
05820
06889
11904
03453
07119
02014
03311
06940
02048
06872
06872
07644
07665
03406
06969
10680
03406
03758
00249
03566
02362
00100
05523
08151
06147
01999
01996
08993
07068
07497
06148
01754
02014
01338
07120
03630
02016
02015
02015
03824
03406
03442
07323
07238
02035
07160
07032
06899
06950
02003
02012
02011
12243
04091
11928
11743
00647
03496
11900
12253
11902
11927
11075
03230
04056
11741
01890
01874
10942
11103
07007
11102
11020
01894
05343
10954
02614
00324
11085
11065
01758
11175
11105
07862
11103
04058
02314
11068
01961
11311
02651
08483
11183
02768
03088
03088
03088
03088
03088
03088
03088
03088
03088
03088
03088
03088
03088
03088
03088
03088
03088
03088
03088
03497
00666
03719
07396
02358
02280
07684
11066
07305
00479
01545
00496
01039
01040
03719
02459
02456
01851
02001
03719
11690
11477
11690
11689
07006
00059
11903
07712
00820
11472
11473
03426
11896
11896
13486
11475
07400
00803
07552
10536
11474
00459
11441
11903
03543
03543
01759
03455
09880
11811
11177
11073
12979
07687
12979
12962
07687
07687
00906
12370
00620
01075
06597
01297
03328
03724
03406
06714
04691
07126
05834
12976
00598
02051
11892
11898
11904
11890
11891
03496
02051
13063
00602
12255
07028
02015
02016
15371
07814
03327
03324
02014
01995
01998
01997
01999
03442
00612
00029
02000
02001
02002
02002
02028
02030
07107
02011
02012
03284
02035
07107
02038
02037
02040
02000
02002
07107
02002
02073
00059
11742
12410
02020
12410
00045
13053
12372
11178
08967
12240
12238
01916
09017
13292
12987
12988
12993
12994
12995
13014
12963
11897
07789
07788
02014
07505
07119
01992
07213
02010
06518
02044
05781
05780
01999
03415
02078
06893
02042
02042
02044
03760
03704
07001
02002
07396
02437
06878
02067
03312
03446
07107
02003
06867
01236
02014
11754
11901
11069
11901
11914
11915
11919
11903
11903
11893
11893
11907
11907
11892
11891
11905
11906
11901
11902
11900
11910
03524
03406
07497
04486
00375
07387
02045
02047
02046
02048
03307
07394
07019
06997
02014
06016
02030
03704
03696
02014
01055
07160
04748
02164
06872
02055
06905
03791
06147
01626
01142
00375
02015
02016
02013
00381
06966
08159
01845
02004
02003
05838
06985
08305
02055
02052
02054
02053
11906
11753
11752
11903
11907
11904
11895
02002
02004
02003
02056
02057
02057
02058
02014
00626
11719
11894
11895
11904
11903
11895
11893
03719
02237
02303
03654
03386
11892
11921
11896
11900
02302
02303
11904
07124
02049
02049
04091
04091
11912
11913
11916
11917
01766
03286
01784
07090
06911
02051
11720
00137
12262
01354
00316
12252
00027
08194
18302
05685
01968
13590
18979
13038
13288
13378
12990
13926
13894
13893
13766
01534
13487
13482
13491
01079
10778
13788
00146
12339
13061
12371
12510
12685
13060
12573
12511
13930
13628
13934
13935
13821
01960
07130
15778
13933
13928
13929
13932
14058
14052
13789
13953
01825
01782
13888
12536
12537
12545
12538
13007
12368
12369
03574
07823
06879
13895
00281
01491
00281
03657
00108
02203
05921
19591
12686
05921
12658
07729
03272
19595
13979
00114
00121
00955
01792
05520
13778
13779
10778
03297
08281
13488
13481
13775
13938
13490
13489
01961
02028
13896
13895
13931
07497
13894
13896
13639
13893
13893
14228
14223
14232
14220
14220
14222
01434
01434
14233
14238
14230
01977
14234
14237
14237
01977
01977
01977
14229
14229
14393
14233
14232
01070
01969
13580
13634
05789
13774
13776
13777
03394
13643
00632
14268
14335
15539
14287
14233
14236
14347
14227
14227
14227
14227
01561
14221
14221
14221
14221
14234
14225
14230
03088
00459
14393
14219
14161
00941
14219
14218
14224
14224
14228
14228
15034
07749
14205
14415
02525
14267
14234
14170
14231
18540
14260
14228
14225
14441
14225
14225
14225
14218
14218
14218
14218
14219
05603
01524
01173
15125
15125
19593
14228
01985
01985
01985
01985
14414
01011
14237
02014
16238
15396
01011
14219
14233
14230
14230
14261
01980
01980
01980
01980
14226
14219
14219
14162
14232
05799
14475
14742
08191
18131
18130
01800
14652
14977
19092
13409
13408
15011
06177
03088
18129
11939
15726
07483
14682
15012
11741
12543
15725
15257
15256
11741
04783
06998
12055
15553
15727
15738
15554
15633
15553
15553
15551
10831
15553
03446
02050
15552
02428
15256
07116
15554
15725
01692
15866
01692
01692
04093
16011
12340
12536
12537
12538
21429
15727
15461
04765
16081
15342
01082
15724
00638
01713
15268
07346
12542
15977
07267
12541
10716
12960
15984
02226
03366
19735
18138
02014
16152
07165
10009
16092
16091
16091
16090
16090
16088
16089
16088
16088
16147
19611
16137
02029
02030
02014
02014
07483
18135
02424
02029
02028
16087
16087
02029
03320
07267
21430
16053
16087
02029
02029
16074
16074
11734
12368
16345
01800
07165
18346
00209
03299
16345
02055
11072
11071
11070
11069
11733
00675
15555
10022
18297
16322
16165
11734
16291
11735
16137
16264
03321
11959
11960
11961
16636
16638
01166
15555
15554
15553
16637
07122
12368
11962
11963
14235
02625
10001
02030
16872
11904
03294
17218
02030
02030
18150
02030
02030
17316
01992
02030
17315
15553
11209
19609
07679
07677
11209
08738
17060
17061
17247
17103
17218
18456
17713
17228
17317
10112
02029
01990
01399
10111
01992
01992
17686
01990
01990
01533
18139
17723
03574
19746
07263
07263
15856
17758
17759
00138
17735
00135
17737
17736
18001
18000
18002
18003
18004
17940
00004
01267
06998
18148
18138
00004
18093
18029
03585
18073
18072
17850
04343
18100
18101
18099
18118
18235
18304
18296
18295
18294
18298
18299
18300
18305
18306
18307
18308
18291
18289
18292
18301
18303
00138
20258
16234
11904
11904
11904
18473
11904
18459
18480
11913
19296
18691
21645
18800
18893
18829
20862
09892
18954
18850
18930
01971
07665
19055
03976
03526
18973
18991
19000
07746
19129
07326
19057
19059
06858
19127
22468
07012
19130
02030
01406
19128
19168
19092
19221
12349
19246
19344
01066
19290
01992
01992
04771
19293
19294
19295
19302
19342
19345
19353
01795
19337
19337
19300
19339
19416
19340
19341
19291
19292
19577
18567
21699
19610
19609
19611
03446
00799
20261
20257
19594
19713
07165
19713
18828
00992
19711
19696
07666
20260
20260
19784
00799
06131
06132
00995
13877
15777
17722
19803
05549
20260
21636
09796
03182
11915
20266
20444
20266
20265
20276
20277
20262
20262
20320
20259
20455
20534
20527
20531
20532
20533
09788
20528
20530
20972
07076
01214
11529
20881
01046
21008
21006
21007
21010
21011
16011
20998
20999
21000
21001
21002
21003
21004
21005
20940
21135
21137
21061
21021
21019
01768
20973
20974
20975
00840
21062
20976
20977
20978
07689
21053
21020
21103
13877
21022
21023
21024
21029
21025
21009
08968
21136
13609
20968
21133
20969
21134
21012
21218
03863
02482
21253
02030
03862
21416
21417
11688
21405
21420
21472
21405
22044
01451
01451
21711
10914
21563
21498
21700
21757
21825
21829
21826
21831
21833
21834
21830
21832
21990
05802
22131
22132
22067
22209
22292
22250
22296
01337
22345
22303
02257
02257
11391
13566
11206
22491
22452
22468