06287
06180
01909
02551
03583
03582
03581
02051
02049
01056
06213
06213
01752
00895
00891
01736
00793
03744
01673
00845
01494
03502
00939
03183
01869
01911
02548
01661
02552
00943
02469
02470
01104
03217
02313
00382
00658
00164
00133
01255
06207
00286
04047
00208
02342
02021
01962
01866
01807
04078
04077
02297
02298
02299
02300
02003
03555
04066
04567
01883
01915
00791
03701
01924
00282
00283
00940
01664
01802
02441
00332
02050
02051
01775
01929
03471
04487
00928
03311
00573
03455
03724
03503
01673
02341
02340
00748
02619
03219
05837
02050
02843
01159
03550
03650
01613
02687
04077
04078
03657
00813
03168
04096
01735
03497
00057
03575
03564
01698
00346
02032
02031
03306
02034
02033
02035
00688
02030
00975
00973
01790
00067
01710
00031
00567
03562
03628
00859
02335
01770
00790
01887
02342
00927
03301
03301
00995
01885
03797
03301
03593
00099
02806
01928
01448
00033
00655
00945
00981
00806
03596
00991
06173
03980
01151
01893
00950
01627
00940
03671
03455
03216
01876
01892
02337
02528
03820
02535
03543
02968
02967
02357
00970
01689
03070
00382
03644
01834
04487
01867
03702
03722
03086
01991
03228
03227
03226
03223
03222
02946
02355
02992
02950
03797
02888
02899
02372
00677
00604
02906
02926
02892
02886
02965
02890
01870
03100
01462
01265
03585
00330
00331
00333
00334
00335
00336
00337
00338
00339
00340
00341
00342
00343
02049
02518
02358
03073
02601
02867
02863
02864
02935
03043
03046
00858
01662
03602
03601
01299
03798
00962
02956
02909
02835
03282
00773
01803
03075
01462
00060
00639
02913
01409
01057
00036
01937
00979
02527
03787
01681
03111
03551
06023
02982
02878
02904
02961
02874
02895
02931
02994
02933
02881
02988
02876
03076
02952
02948
03040
02879
00134
01778
01358
00600
01495
03733
01129
02970
03686
03466
02343
03665
02493
03106
02959
00554
02884
03470
00942
02902
02434
02433
02435
01669
03631
06173
01714
00215
03581
02316
03703
02520
02916
02887
01889
02841
00322
03695
00705
03230
03229
03701
02109
03307
03523
03800
03495
00240
00239
00241
03424
03559
03641
01776
02838
03924
01993
02455
02454
02453
03092
03177
02834
02519
02600
02945
01783
02356
02160
01265
01810
04763
09181
00404
00616
03553
03648
03496
01868
07560
02563
03588
01925
01000
01929
04077
03308
01840
01356
03439
01902
03977
00259
03529
01875
03705
03687
04043
02031
02032
03696
00231
01599
00615
01872
03723
02356
04568
00351
04079
03210
03559
01772
02837
01092
03274
00919
02939
02963
02990
02897
00948
00703
00995
02914
02919
02954
03625
00075
00426
00425
00796
00873
01873
03310
03310
01626
01679
02549
02114
02112
02115
02111
02113
02110
02108
02124
02123
02120
02118
02117
02121
00616
00012
03734
02338
03629
03664
00997
00384
02078
00059
00645
00648
06187
02536
00627
00162
00161
01845
02066
02065
02996
02871
01972
00700
03630
01903
03110
01784
00820
03621
02911
00630
01881
01665
02836
01246
00525
00526
00925
02986
01596
03569
03545
01358
03544
03224
05810
00405
03527
03572
06178
03834
03979
00380
03978
02470
09013
01647
00912
03271
03437
03101
00566
03885
02314
02346
04565
05541
07257
04564
00972
06153
05808
02437
03685
06167
03310
07042
03526
06204
03431
06041
07124
05982
00228
03584
05896
06024
06966
06940
02073
02071
02072
07114
06978
07146
06861
07175
06969
06969
06969
06942
07107
07099
03640
07071
06966
03386
06972
07053
06960
07098
07710
06949
07164
07507
06215
06940
06941
07220
06889
08681
07058
07056
07056
07258
07126
07001
07010
06925
07037
07461
07783
07025
07007
07025
07277
07001
07126
06888
06997
07447
06886
07341
07341
07341
07090
07462
07052
07391
09778
09930
09903
06044
00213
00347
09014
08999
08998
08974
02426
02417
03310
03834
00507
03446
02492
09747
01963
07023
03561
09140
09800
01338
09131
01520
00605
03438
03284
10563
00970
02221
09458
03799
00794
03587
00783
00389
09710
09760
09761
03113
08602
03800
09807
07478
09166
09808
03296
07735
07738
04075
07726
07726
00784
07577
09015
07480
09125
01802
10206
02621
00350
03919
07497
10773
00537
06077
01247
06180
11189
11189
07636
01719
01749
01241
01147
02313
09816
04485
09817
09815
00349
09691
00348
09690
11072
11071
11069
10747
11070
01868
12063
12065
03272
01890
06179
07566
08483
08301
11068
01163
12061
11928
01126
06966
07714
12058
12059
12060
12056
12072
12057
12062
03711
01491
06959
12267
03657
11753
06168
03524
11717
12067
01874
08680
11752
12257
12573
03168
13819
07114
11754
02806
03646
13281
01961
05592
13529
02217
13789
13979
13789
01069
09858
18682
09810
00024
07278
13821
05794
07025
03565
14164
14441
07091
11720
11710
07052
07483
07497
02428
06177
03215
11741
14652
07658
15580
15727
15738
15371
15726
15725
15581
15582
08679
03301
03301
03834
03834
06142
07039
16052
03699
03699
15894
11645
02067
11707
11709
11708
17103
04084
17686
01533
17758
17759
03574
06378
00663
18139
18138
18707
06218
06147
01971
03825
19157
19157
01621
11991
00798
04771
01990
01992
01992
19405
19411
01267
07726
07726
03536
03437
05592
06941
03215
03695
03695
13993
03585
03496
02499
02004
03327
08223
19713
01843
05770
12132
01207
05939
01515
02339
01524
01784
12992
06198
06889
09125
09792
13963
18234
01534
09022
03830
15977
07444
20074
01985
01985
01985
20444
01214
18903
02238
12068
03098
13085
07483
07483
07497
21636
14231
14236
02257