03316
19296
01247
10747
02303
15555
08086
13541
13747
07052
00703
12254
12255
12256
00523
12266
12340
00616
00860
10974
01737
01652
08167
09458
08303
02529
10439
10440
10441
06145
02013
02015
02015
02016
02014
00681
07662
07277
03585
07642
07664
01495
07589
09948
06203
00432
05805
00931
03979
02899
02888
02523
06193
03773
07090
01556
03381
03464
00453
06995
00140
03581
03582
03583
06204
01448
09007
01496
01465
06131
00574
09930
04087
00995
00981
06894
05367
00820
04042
02114
02112
02115
02111
02113
02109
02110
02108
03497
03496
03501
03495
03088
03650
03217
03536
02914
06135
13486
03406
07126
07729
12979
00569
12979
07793
12962
02458
02458
02458
02671
00066
02414
12992
07794
00906
00163
12508
03296
06905
06138
12370
00620
12538
00228
00014
02002
10253
00883
01695
01696
09165
01091
01414
07070
06152
06151
01673
02275
02274
02258
02276
02259
07152
02073
02072
02071
03781
09816
09817
09823
09815
02204
02335
03978
03673
11066
03837
01752
03088
03088
06899
03530
06970
01873
02339
01255
07091
11720
03596
03100
03685
03595
03584
03474
01338
02433
00059
06886
02014
00299
04487
01262
05515
02336
01130
08324
00537
00303
06600
06598
03446
02001
02001
01297
12976
11754
07687
00694
07687
15371
01426
00010
00010
00045
00832
13053
03791
03791
07027
00832
01497
06889
10804
02824
08305
12372
01150
03100
11178
03574
00970
02455
02455
09017
09017
00666
00666
07506
01760
06889
06889
06889
01491
14652
00568
01628
13483
09702
13292
02014
02014
00564
12988
13014
12963
12368
01061
02313
02338
03629
02470
00655
03273
01879
01878
01246
02517
03499
03500
00604
01462
04096
07566
09861
07175
03637
03636
03635
03732
06999
09969
09970
09971
09972
03449
07461
02014
07259
00451
08195
00263
09918
00059
07160
01733
00003
06978
03773
03797
09816
09817
09815
01703
01704
00575
03412
08482
08994
00626
00012
07264
10011
10012
07552
03300
01915
01845
00059
01750
02160
00812
00135
01438
02034
02033
02035
00274
02453
02461
02460
02459
02457
02456
02454
03407
03413
08738
09969
00817
02300
02299
02298
02297
03611
05916
06205
09932
11900
11903
11897
11896
11895
11907
05787
03181
03179
07657
07636
02039
02036
02038
02037
02040
10806
09950
01589
01588
01744
03310
11073
00375
07734
03657
03455
00868
09862
00859
02654
02653
00767
03806
03807
03424
03435
02768
08483
11183
00882
02769
02770
00380
01581
05846
05846
02837
02471
09908
07018
01867
06916
02871
02996
00411
00412
00413
03599
03600
08717
00873
01816
01608
09781
04754
02002
01647
00241
00242
00239
00240
00164
00658
00382
01903
01902
03311
04079
06911
00647
01716
02014
00057
08296
01591
07119
00558
07504
02003
01996
01999
01998
01997
01995
05560
05561
05562
05563
05564
01883
01886
03269
03543
09800
07278
01142
02040
01640
01968
03088
07347
03560
03562
03551
03550
01159
01876
04047
03704
03745
03442
09767
00077
00798
03070
06915
01433
01141
03924
00873
01707
07088
07301
03642
02434
02433
02435
03569
03570
03571
06287
08301
03568
03592
01679
04564
07238
06958
02806
05808
03092
06861
09774
11719
03270
06041
02065
02066
02067
07323
00790
00765
00013
00817
00761
00760
00116
07286
06445
03453
03554
00404
01507
01689
10979
09958
00998
07224
07243
02002
02014
02034
02033
02035
06916
03430
05306
00163
03770
03530
01338
03544
01358
03545
07262
01464
07156
07090
00166
00167
07338
09947
04077
04078
07113
07226
07443
08218
01881
02346
07462
01733
00003
03981
04763
02884
00554
02860
02959
03106
08289
06938
03710
01443
00820
01952
02014
03182
03628
03671
00937
01698
09768
07243
09859
07337
06158
03773
07740
03611
02498
02496
01719
01749
08083
01755
05851
06140
06202
01586
01778
09921
03733
03320
04752
01676
10125
10126
03761
00845
01690
00134
09790
11074
11075
11076
11073
11073
01915
01915
00299
01438
05800
02454
07340
02437
00605
02011
02012
03185
01262
09895
09888
01993
02415
02445
02072
02071
02073
10010
10009
02424
05396
00640
07300
00822
00140
03808
03808
03789
01673
02106
03299
07644
07665
01921
00681
03225
03226
03227
03228
03229
03219
03223
01546
01547
01548
07646
07667
07001
03424
04760
02003
06975
01626
00077
02356
07090
09927
01626
05592
03799
02168
03119
01919
06959
07659
07638
05844
04762
04083
01610
04095
03654
07107
02379
08312
04567
01595
00939
09914
00631
03704
00563
01439
02426
00990
01265
02967
02357
09903
02838
00806
00981
00099
11749
07277
06142
02536
02372
00677
00748
03470
02337
01962
04075
01937
01627
01689
05589
07303
07302
02035
02033
02034
02031
02032
01707
01706
01895
00140
00692
10544
10545
10543
01805
02529
05358
00151
09471
06995
00059
11475
00626
02036
02038
02037
02040
01438
03786
07304
07112
08482
04080
00101
07396
07146
05527
09924
01679
01953
09898
01915
03151
06207
06940
00688
03841
03098
05836
09975
01712
02002
01745
01745
01468
07560
03670
03669
03118
03117
03116
01523
01496
03688
03690
03183
03821
03821
03667
01419
01887
04066
02909
00029
05366
02624
08195
01040
00449
00448
03761
01857
04045
03585
03577
01912
01657
01658
00655
03744
06872
08988
03088
01714
01640
10537
10539
10538
01785
11209
01816
02529
05710
06153
10680
03088
02459
02457
02452
02456
02461
02453
02454
03561
03559
01714
09136
01995
01997
01998
01999
00363
00362
08191
08223
09913
07140
03415
03408
03408
03496
02557
02556
03412
03407
03414
03413
02405
04562
02404
02400
02401
02421
03553
03565
06966
00901
00528
06182
03827
03549
00137
06222
01626
03703
00995
00836
03787
02035
02033
02034
02002
07304
03710
01721
01895
06160
02454
02453
02461
02460
02456
02452
02457
02459
01476
04033
05541
07107
01885
03702
02016
02015
02013
07112
07112
01091
06967
01706
02051
03664
03303
07002
03497
00262
00600
06200
07090
04485
03781
03644
03801
09158
07258
03642
05837
05515
02420
02419
02418
02417
02416
02415
02413
02412
02411
02410
02409
02408
10943
10942
10941
02422
02407
06603
02406
00648
02397
02396
02395
02394
02393
02392
02391
03721
03625
00794
00793
11752
07738
05838
02003
09950
07275
00067
03724
00598
03111
03701
03594
03781
02879
03040
02986
02948
02952
02919
03076
02876
02907
02988
02881
02933
02994
02954
02931
02895
02874
02961
02904
02878
02982
02890
02965
02886
02892
02926
02906
02946
02358
02355
00763
01999
01997
01998
01995
01996
03192
03189
03188
03187
07290
03594
04046
05516
01428
01429
03823
01430
03190
02015
02016
02013
02014
02014
05895
06149
03168
01356
01207
03723
00134
00322
01126
09808
09808
07644
07665
04754
00616
05539
07347
03338
03335
03337
06606
03336
06204
02002
02014
02014
00783
09710
00969
00147
03652
07157
03186
02558
03735
03736
03975
09933
01507
03602
01662
00946
02014
00612
02527
03147
09920
03651
07000
02622
02621
09857
01613
02556
02557
06949
06925
01448
03572
00791
03666
03665
04088
04087
02502
01939
02011
02012
03218
02990
02963
02939
02314
03449
01652
07118
00481
01915
03684
09902
09160
01354
07160
09989
01738
01681
06968
03327
03473
08309
02014
00763
06160
01761
02014
06076
00496
07044
11891
11892
11900
11901
11910
11903
06872
01778
02014
03088
00549
01425
01118
09919
03088
03578
03776
07020
00404
00405
00406
00404
00405
03088
00874
03769
01907
09794
00615
03701
01356
00101
07152
06911
07552
01295
07402
05782
09923
07259
12297
07183
02575
03286
03088
02553
01007
09773
01738
00640
01720
01665
00390
00059
02002
01433
00305
00304
00600
01620
00479
03521
03522
07154
02002
07107
07305
00432
06923
03585
03088
07090
01265
00847
10229
10228
10227
11065
07799
07788
07789
07507
00864
00615
00615
10440
10439
10441
00616
06188
08159
02051
03088
02014
00075
00979
09791
00912
03559
03561
02238
09928
03778
11103
07637
07660
02362
07639
07661
00525
02390
02389
02388
02387
00575
03415
02386
02398
02399
06213
03563
00928
01872
01620
00794
05526
00406
09926
09792
00759
06187
07119
09747
02343
01972
03528
03529
00950
01633
08591
01409
02316
03086
00466
06136
06137
06139
01935
02169
02170
01012
02019
07093
05786
01638
02342
03088
02014
01750
06143
07641
07663
00334
00335
00336
00337
00338
00339
00340
00341
00342
00343
08169
07223
05596
09964
04564
07231
03498
06178
06024
05896
07053
06190
09780
03758
03758
01478
00611
00926
02437
01752
00605
03704
03517
06076
06920
10026
03640
03641
03646
00595
02229
06042
05595
01945
00602
03557
02687
03222
06942
01056
02897
00948
00919
02494
02492
02835
02493
01776
00574
09701
01669
06955
07071
01772
02014
00957
03775
02968
03980
11753
01870
03101
03774
03527
08084
02672
02655
03153
06950
05807
06180
05810
03695
03885
07690
01129
03455
03752
03638
03750
04061
02193
02194
02195
02196
02197
02198
02199
02200
02200
08167
02493
02041
02044
02042
02043
06166
06165
06164
06163
05781
05780
06162
05774
06167
02048
00700
00800
07039
03426
07090
01004
06969
00526
01754
03088
00681
03811
06153
01118
03809
02742
07235
07236
07237
11179
07393
02302
01875
06199
07478
03634
03466
00684
02518
03694
06891
03704
00031
00031
00566
07153
01756
01637
00330
00331
03687
03631
06186
09801
03556
09857
06192
03808
03808
03271
07121
07056
03925
03438
03586
03587
01928
01929
01000
01925
03588
02563
01924
01921
03589
03590
03531
02535
07644
07665
03415
00135
01714
01750
01752
02002
02168
02167
05591
07007
02348
07043
01624
00927
03472
00615
00789
03546
00626
00059
06445
00500
01724
07401
07001
03654
07039
09790
09760
06076
00432
02233
00768
02231
02232
02225
02227
04719
10763
09938
01933
11175
09912
03215
00243
02992
02950
03046
03043
02935
02864
02863
02867
02601
03073
03525
03524
01866
09001
00145
08973
07124
06134
10914
01609
00766
01658
01657
01091
01783
05801
07102
04744
03771
00097
02528
06195
01525
02439
07180
09786
11102
02067
02065
02066
03300
00325
00324
00324
00252
03119
02051
02049
02050
03543
11935
02160
03786
03113
01585
03327
06894
05367
06219
02278
02283
02282
02280
02279
00059
00626
07178
07552
07345
00116
06988
06966
02033
02034
02031
02032
02035
08963
02469
00831
00817
00945
02945
05788
00648
00648
02237
09967
03769
08307
03469
02342
01584
00156
00381
00548
07400
05936
02189
02234
02230
03405
09977
00858
09916
01256
06916
00033
00036
03606
01991
03207
03208
02377
01711
03818
00012
03560
03562
09932
06911
02051
00655
03284
00626
06940
03522
03521
00311
10538
10539
10537
09986
03639
03424
02341
00943
07082
02619
09458
02078
00059
00645
03621
02911
07040
04773
01091
06179
08300
07141
07402
01972
08304
01251
11927
00833
09761
00285
11068
02487
06596
02660
02659
02658
01920
03832
07735
07447
02825
00609
01465
02669
06997
00286
02221
00641
10126
10125
00067
01790
00973
01710
10536
02014
03575
07289
01693
02501
01814
02500
09798
03797
03088
06915
02048
02046
02047
02045
07127
03449
03832
03561
03559
07002
02073
01874
03593
03555
06903
06907
06908
06906
03743
00891
01735
03112
00265
00266
01599
08224
09458
00059
00647
07107
01745
02078
02078
03496
03672
05802
11105
11928
01740
07115
07304
00627
00163
00982
02843
02841
02844
02848
09936
00567
03648
07120
07795
07774
07649
06980
09159
00278
03088
03597
03598
03548
07042
06189
03820
01869
03643
02340
09890
11931
11936
11937
02909
00428
03576
03928
10004
10002
10003
10001
00111
02444
00864
02440
00611
07390
03594
02192
03683
01465
01940
07690
10773
03616
07084
08303
00014
09915
09983
07862
03717
01698
00626
01029
01028
03169
01915
01531
07507
11073
06995
06911
10680
00812
00681
06991
00163
00059
07107
00232
09458
00648
04764
01890
01889
02887
02916
02520
01868
03704
06726
00852
02529
10440
10441
10439
05597
03563
07665
07644
01304
09471
10764
00764
03558
01963
01817
06173
00133
00052
01704
01703
07147
00053
01653
01652
05365
07028
02013
02015
02016
06206
06204
01894
00950
00606
01918
01810
01895
06969
00962
02956
03177
02834
02519
02600
09748
03075
01803
03431
00796
03798
02427
07574
03624
01955
01956
03686
04043
03676
03071
03216
07712
07708
00991
01770
06176
03787
00573
06194
03704
01494
03724
10017
06987
10015
10016
07577
09858
03722
00275
06077
03313
01738
07137
09930
01996
01995
01998
01997
01999
06940
03580
00305
00304
01433
01915
03320
00605
01433
00605
07673
03299
08994
07095
10680
07124
03088
01236
00705
06044
06996
05810
08967
05820
01736
07320
01495
03300
06901
07127
01477
01483
03458
07001
02517
03610
03609
03608
06177
05375
00836
04084
03805
03088
11731
06168
06217
01484
06447
00673
00673
06987
01895
00526
03563
03282
00528
00426
00425
11177
06901
03088
03786
00014
00457
07054
10805
07007
02342
03579
06181
01241
09456
00788
01845
03564
03567
01714
07287
01923
02228
06999
11747
01953
03322
09936
09936
05517
11690
11688
03924
06169
06938
01682
03837
00375
01246
11103
03924
03547
03630
03169
03111
01531
03893
03168
02017
02018
02020
03919
00963
00383
03387
00457
05786
02647
00865
03825
00404
09699
00382
00826
01750
03088
01999
01997
01998
01995
01996
02433
02529
10440
10441
01126
03306
03088
07006
03299
00851
06145
08369
01462
07058
09954
01625
01057
00036
07267
03439
03149
03154
03814
03089
09811
09812
03110
07019
00154
00954
10563
06969
01687
03088
00287
02012
02011
00560
08484
08311
01754
01807
10439
02003
07264
07006
07160
02768
08483
11183
02024
01226
02818
02819
03486
01951
00088
07090
03601
01649
03977
01892
02656
06941
00940
04755
04044
04082
04488
04487
00640
01092
03074
03072
03210
00773
07568
03412
03411
00575
03408
07391
03327
03656
03816
01775
00285
06940
09471
06995
02913
02902
02035
03630
01520
00930
00762
01142
09940
00989
00942
03060
03561
03559
03832
04761
03655
02003
11890
11891
11892
11893
11906
11901
03768
06895
03087
11208
00019
01631
01684
08194
05349
02657
04063
01784
00675
02483
02483
02483
02483
02483
00812
00812
02000
02000
11912
00130
00854
02503
18302
13888
13893
05685
03386
13590
03767
01424
00108
01104
01104
13255
00215
06183
05520
13038
13288
02462
02463
02116
05540
13378
00297
12972
01501
03316
01759
13894
13893
13766
07394
05343
05819
07246
01534
13487
03386
13482
13491
01079
01961
10778
13788
01856
03406
03406
03406
03406
03406
03406
03406
03406
03406
03406
03406
03406
03406
03406
03406
03406
03406
03406
03406
03406
03406
03406
03406
03406
03406
03406
03406
03406
03406
03406
03406
03406
12371
09945
07684
00951
01555
12339
09806
00854
00854
12658
04091
05712
05712
03719
03719
03719
12510
00557
01897
01897
01897
01487
11915
04085
00146
00219
07232
00001
12573
12511
12262
12262
01708
00117
01455
01467
11902
07114
07114
13930
13628
13934
13935
01053
01607
01960
01959
07130
05834
01779
15778
13028
14059
11383
10531
03457
01802
01081
13933
13928
13929
13932
13888
05685
13609
13926
14058
13789
00823
02462
00799
01826
01055
00799
13995
01799
01825
01782
07245
12536
12537
12545
00455
05524
02455
01697
07782
06956
01479
12368
04774
04091
04691
07679
02460
07677
12369
03711
00632
01420
07823
06879
02462
13895
00281
11689
12979
01491
01491
00018
01075
02069
06889
00303
05845
06075
06075
07397
02203
03649
02068
02508
00302
00302
01515
05921
01826
00344
05921
11085
05812
01259
03272
00148
13979
07679
00974
00034
06147
02028
13652
00407
00955
13634
02004
13776
13777
13779
03288
01273
13778
07250
05297
00661
10778
07215
13488
13481
03297
13643
13821
04091
13979
02004
02004
02004
00121
13938
02004
02077
13490
13489
01916
00020
03417
13950
05349
11443
01961
02651
02028
01069
13896
07346
01835
02663
00059
01079
13895
01826
13931
05799
00141
01426
13894
13896
13639
13893
01961
07182
07114
11905
01729
01792
14155
01560
03406
01766
07397
00800
01434
02053
02673
07165
02055
03863
07343
12536
01266
03710
01505
05847
01739
01070
01969
13580
13954
00407
07404
00058
03299
00058
12990
07483
13774
11444
13655
12262
03394
02224
13651
01659
00249
00652
11189
00821
01011
01039
01133
14268
03762
07491
02029
02053
02053
02029
02029
02029
15539
02029
02029
02053
02029
14287
02029
02029
02028
02010
02010
02055
02052
02029
02029
02053
02029
02029
14347
01485
02028
01561
01139
01113
07003
06867
06867
06992
01934
02510
03457
03457
03457
02509
02053
02055
02014
00303
02075
02074
02055
00344
11737
00102
03088
00091
14393
14161
00941
00674
09810
02053
02052
03762
15034
00137
07677
02803
02804
03303
15125
14205
02029
07116
00253
02052
07733
03293
14170
17322
06148
02054
01267
02484
03307
14267
04517
08995
14260
14441
01173
02442
03502
07729
01524
01173
15125
00355
15125
02056
00128
00128
10531
06015
01800
00249
00466
13653
00249
01083
01728
15396
02014
03293
01011
14261
14162
01916
07726
00971
12537
14974
01239
11384
00316
00799
01607
03566
05799
09017
11441
00799
01447
14742
08191
08316
00090
14652
11904
02525
10024
10023
01426
01426
07222
07168
02055
02055
02055
02054
02054
02054
02054
02052
02052
02052
02031
02032
01992
03535
03741
06016
06016
01802
15011
06177
14475
03321
11939
07213
07749
15726
15660
05599
00471
11311
02664
11916
15012
00303
03324
04065
00799
00248
10022
08985
00128
01259
14682
15658
15257
15256
15509
00131
00032
00008
00042
00249
00130
16081
12055
15553
15727
15724
16301
15554
15553
15553
15633
15551
10831
15553
00459
05799
03719
02030
02030
02030
02030
02030
02030
02030
02030
02030
02028
02028
02028
02028
15552
15553
15738
02428
03566
03566
03566
07116
15554
04765
15725
15357
01692
15659
01692
04093
16011
12538
11741
07678
01436
06147
02055
02650
15461
05600
00529
01046
05603
00146
07497
00459
11159
01082
01713
15268
01692
15977
15977
07267
10716
00254
15984
02226
19736
03781
15977
02014
02014
16152
07165
16092
16089
16091
16088
16088
16088
02014
16147
16137
16137
16137
16137
06599
18828
18968
02029
18138
16087
18292
02030
02029
02029
02028
02030
03320
07267
21430
16053
16087
02029
10025
10014
16074
16074
07165
02014
00209
16345
16345
15555
18297
16088
16088
16322
16291
11734
11735
16171
11737
16264
03321
11959
11960
11961
11189
16638
01166
15555
16692
15554
15553
16637
07122
12368
11962
11963
07090
02028
02029
10001
02030
02030
16137
00108
02050
16872
11904
02049
02030
02030
14657
17213
10439
10439
17213
17214
17315
16841
17316
18979
17325
17323
17321
02030
17317
02028
11209
02030
11209
03457
02028
17060
17061
17324
17247
17716
17103
10440
10439
17218
17713
17228
04754
10112
17215
02029
01990
01992
17686
01990
00821
10111
01533
16165
18139
17723
00632
07263
07263
17735
00135
18199
17737
17736
18195
02614
02031
02032
02031
02032
16135
18028
18030
18138
08305
18143
18093
18144
18029
03585
18073
18072
19270
17850
18100
18118
11913
18277
18291
18304
18298
18299
18300
14219
14219
14222
18139
18138
18289
18383
01791
18301
18303
00138
11734
18457
16234
11904
18456
18480
15553
18691
18296
18650
18297
18295
18297
21620
21645
18800
18893
18831
20862
01971
09892
18831
18954
18896
01732
18850
18930
18138
03976
07050
03526
18981
18981
18968
19166
07326
19158
22468
19113
19068
02030
01406
03446
19168
19159
07451
19221
19265
19290
01992
04771
19293
19294
19295
19338
19353
19302
01795
19295
19337
19337
19416
01785
19291
19292
21699
19591
19577
19577
22278
08319
19713
19707
00992
12960
07315
07666
07645
01003
06132
00799
00799
06131
19784
15777
17722
19803
19954
05770
09796
09796
20036
20971
11915
20807
20330
14223
14227
14227
14227
14227
14227
14218
14218
14219
14234
14228
14228
14228
14228
14230
14230
14230
14230
14220
14220
14232
14232
14229
14229
14225
14225
14225
14225
14225
14224
14224
14224
14224
14237
14237
14237
14237
14221
14221
14221
14221
14233
14233
14233
14226
14226
14235
14234
14236
14230
20455
14231
14228
14228
14233
14232
14219
14219
20542
14218
14218
14218
14218
14218
14234
20541
20543
09788
20972
20757
01214
11529
20881
20987
16011
20997
20998
20999
21000
21001
21002
21003
21004
21005
21062
13877
20938
21135
21137
21021
20973
20974
20976
20977
20978
21053
07689
13877
00840
21024
21029
21023
21060
08968
21136
21133
21134
21218
21147
20938
02035
02482
21196
03862
21405
21420
03651
21405
21405
22044
21470
21498
21498
07334
07334
21711
10914
22081
21757
21802
21825
21826
21831
21829
21833
21826
21834
21830
21832
21948
21990
22003
22130
22131
22132
22067
22294
22082
22083
13874
14274
22110
22187
22185
13875
22278
22292
22250
22296
22345
17758
22303
02257
02257
22343
22342
22344
13566
11206
11391
22491
22491
03219