02015
04042
02409
10773
02412
07462
05515
03575
01975
00121
00029
03545
02339
06915
02621
02945
07167
09758
02411
02204
00324
00208
01673
01755
00333
04771
14980
05810
00411
07088
02884
01665
00375
02601
03076
01589
00954
05786
06929
03594
03147
01447
01610
04561
07459
02487
09190
02518
01546
01548
01892
05788
00483
01623
03584
03500
03572
03555
10563
00240
03649
02358
04075
01695
03601
04087
00925
01883
03043
02864
09014
00133
02499
03587
03559
01153
03427
00833
03559
03602
06891
03665
03553
02421
00325
01657
08289
07461
03060
01448
01889
01874
00609
07068
03111
01878
01902
07403
04066
00341
01588
00340
01952
02419
02417
02417
05366
00963
02992
03814
01533
07275
14981
09922
01756
03046
03980
03110
02835
03654
03470
03169
03469
03168
03424
06187
02863
02622
03595
09771
06195
06966
02470
02469
00282
03186
07090
01962
02078
03635
03724
03640
03641
03977
03530
00864
03574
01142
02500
00425
00525
02837
02279
03497
01652
00253
06076
02503
00604
02401
00820
00526
08591
03686
07042
02400
04754
02337
00111
00790
02435
09812
06442
00648
00239
03624
00525
02160
06446
03685
01126
02115
03628
10533
02335
09701
01547
01704
00867
03703
03149
03666
00525
01956
02968
02343
02346
00330
10805
02313
03320
00344
01419
02533
03701
03702
03644
07733
02342
03501
03667
07447
01286
07290
00799
03723
03561
09951
01915
00794
01963
01426
01955
03325
00140
00784
00164
00382
00616
07043
03885
03543
01867
06911
07136
03182
00783
09808
09989
02390
02396
06602
06601
02394
06204
02393
02386
02391
02415
02416
01652
02371
00101
06861
09774
03684
02520
01126
02916
02887
03596
02278
02280
02282
02283
07080
01255
03585
00574
06024
00537
08311
09798
03797
00969
00147
00931
02899
02888
01004
02078
01745
07107
09458
09117
03086
09807
03179
09761
01919
03568
02274
01299
01733
03790
07735
03527
00605
02437
00283
09962
09768
07305
00405
00404
08484
11070
11071
11069
01265
02911
00826
02498
02077
09937
02276
04485
02193
03719
01095
00793
02933
01961
02948
02982
02892
02874
02996
02067
02600
03592
10979
03629
11085
02275
02408
01993
00162
00259
03040
03655
08296
01696
02338
02392
03786
03657
09823
01658
01159
01903
03111
00647
03787
01738
09165
06180
06177
01644
02182
00803
05820
02066
02065
00384
07161
09795
00266
01620
09181
04080
01999
01997
01998
01995
01996
06207
00252
02018
02020
01354
07305
01647
01647
03832
03559
07336
10536
00926
03832
07119
03556
02427
01265
02168
00640
09471
02014
04095
06920
07233
07576
07798
03088
07507
00285
00381
02050
02049
02051
03306
06904
01523
01693
02051
08304
07113
03071
07032
00859
03431
00930
03978
03217
03536
02914
00697
00845
00681
03205
07552
07043
06991
01649
04046
01012
07336
01935
02040
00788
00927
00134
00615
09888
09769
03550
07107
03562
03798
00979
09747
03310
09760
01462
01776
01439
00674
00432
00822
01251
07302
07303
00982
00605
03088
01915
07716
01256
00014
06287
09773
01599
01772
08973
03823
06888
03650
03495
02340
01869
00788
06997
07107
01142
01915
07010
04752
02433
03185
02509
09019
02502
11105
03518
04047
09020
00989
07460
01920
07226
07391
08218
00990
01867
03789
00655
06217
07093
09005
11159
07001
01496
01495
08998
01868
07240
06886
00789
03439
09748
07742
02519
02834
02956
03564
03218
03073
02867
02935
02950
02355
02946
02906
02926
02886
02965
02890
02878
02904
02961
02895
02931
02954
02994
02881
02988
02907
02876
00939
02952
02879
07478
06199
06179
00390
06213
01968
07157
05838
09858
03745
03704
07393
06911
03809
03924
03630
01993
00023
03312
03821
00948
07007
02836
00681
10255
03154
07290
00684
02067
01876
01790
00973
03684
00937
01933
07576
02314
01775
02066
02016
02015
02013
01669
03437
00013
09797
06287
08301
09862
03300
00700
01236
00705
06044
02341
06167
01885
01647
09949
00677
02536
07277
00099
00981
00806
02838
09903
02357
02967
09808
01881
06901
00339
00337
00336
00335
03210
09986
03308
02275
06941
07006
01724
02003
02194
02195
02196
02199
06190
01778
03106
02959
01338
03544
01581
00824
03499
07712
07708
03743
00382
00627
01689
06920
01737
01627
01937
03075
03704
00554
00052
00241
00242
00645
02990
02963
02939
03101
03088
01803
03770
00766
01609
01627
03637
03750
01356
09967
00154
09015
09013
07018
09001
01866
02065
03558
00764
00606
00133
06996
03153
11175
00940
06158
01255
07091
04744
03771
00097
02528
01790
01709
00978
00942
07082
09458
03687
00962
00208
01716
09826
01520
03688
03183
00858
03926
03639
01915
01845
01358
00758
03497
03497
05818
09705
01895
01907
01907
00567
04751
01847
04518
03841
11443
02488
03566
00812
01091
02116
08738
03561
01091
01091
07657
07344
07344
07344
11927
08300
12340
01259
07588
02902
09125
03327
01735
00891
03088
03676
00928
02493
07140
02387
02388
03821
02919
00873
09948
08602
00548
05801
03925
03438
01928
01929
01000
01925
03588
01924
00075
01921
03589
03590
03531
02535
05807
03631
01972
01262
02687
07552
02371
01611
00797
02553
06173
03519
07006
01056
02112
03820
09386
03560
07304
00074
08964
04782
07304
01628
07284
11749
00108
07222
07473
12262
02418
12251
03733
07566
03312
00795
01662
03215
01736
00275
07028
02014
01953
03089
07736
04762
08738
00135
00383
01626
07119
07119
07119
01885
01649
01613
06153
00261
02420
01872
02986
07390
01952
01952
01923
03630
03695
05549
05550
00151
02510
01462
02045
02047
02046
02048
01908
09987
02909
02557
02114
03205
00831
06911
01939
03089
07154
09978
09767
02410
00566
07119
07115
02014
03088
02279
02280
02282
02283
07044
09790
09952
09800
02040
02037
02038
02036
02039
04083
01438
10764
01494
03885
02168
03722
03327
03521
03498
07107
09985
00560
00287
03593
04088
00791
01652
01653
00053
07301
06041
07313
01991
00012
01711
07044
00849
07406
06925
07102
03671
01817
01591
03570
03571
05837
03284
01754
02109
03529
07461
09931
03282
03638
00311
00919
02523
04773
00945
00800
02433
06445
02011
02012
02013
02016
07225
03832
04564
07234
07667
07058
03704
02200
02197
02198
02200
01141
01894
01092
00821
04763
07007
03092
04566
02111
02316
02113
09928
06952
01807
02501
04043
01890
00334
01945
02517
00912
02527
09778
00681
00023
00641
00817
09927
00655
09811
00760
01586
03522
02014
03832
06131
02258
02051
02050
02049
09967
09967
03273
03271
07058
07461
01870
03101
01810
00658
01637
01638
00426
00765
00549
04078
01006
00767
00278
03517
01246
06980
01465
07088
06999
06134
01915
06915
05539
06985
06193
06938
00768
07716
07395
02389
03177
00324
09882
00331
03070
03551
07568
02356
03496
00826
07110
06916
00332
09883
02109
01879
01951
06890
03466
00762
02563
06178
01679
01814
00342
03705
02108
00088
05896
02806
09160
05794
03919
00161
04764
02970
01703
04077
02078
09018
02426
02110
01681
00338
00626
03569
07056
03497
03497
01664
05973
02860
09791
02372
09710
01918
01915
03694
09919
10536
00847
02913
01620
04096
01465
03072
03074
02291
04094
00773
09131
01507
01940
06942
02897
00948
00286
07638
01633
07301
03455
06995
09984
09983
06140
00957
09159
02035
03642
07258
00943
00384
03530
09456
02433
02434
01714
03664
00950
03474
00997
03100
03821
00003
06902
06902
01783
03799
07341
09780
00057
01409
01749
01719
00808
07461
01951
02221
01991
00573
09991
01873
01687
01129
01887
03116
03117
03118
01875
00573
06923
03801
03216
00413
00772
00759
08963
00432
07141
07402
07161
05568
05568
05568
05567
05566
05566
05571
05570
05569
03704
09969
09970
09971
09972
01738
00574
02557
02556
03442
06953
06196
03559
03559
01581
01698
00643
00600
07738
03625
00946
00343
07636
03621
02259
01740
02871
00145
02805
04565
03561
03636
00965
01710
05527
00647
01154
07278
01644
05396
03426
00459
00058
00228
00602
07726
11928
06147
07126
01934
02075
02074
07114
00799
07005
02651
00799
03446
01965
07126
12256
00059
04116
00059
00433
08305
00059
03379
07726
01048
03979
00297
00020
01759
01187
05606
13292
00001
07733
06203
00215
11209
02483
02483
01993
00274
03496
01515
07535
00031
00059
07289
00059
01207
03769
00059
00059
00059
04775
12410
03711
06889
07397
06889
08967
00748
00666
06889
12508
03655
03657
01426
01802
03272
01784
13049
03379
11752
00626
00626
00626
00626
00626
00626
07659
03643
00652
00626
01061
03524
00568
04487
02793
11719
06168
11717
05712
02238
11753
01358
07152
04755
04755
04755
11940
07787
11747
03119
03119
03119
03119
03496
03496
03496
02281
01760
03119
03119
11720
09921
01092
12308
08309
00996
07025
07025
02010
00799
07003
00799
09810
00433
00459
07107
09700
00799
05343
00020
13588
13590
13893
05685
00626
00108
03321
01130
00799
00117
01473
13926
13926
07246
13583
13584
13623
13622
01534
17103
01087
12573
12510
15539
02651
00249
06147
00249
12511
00529
00117
13953
13529
01534
01273
08299
06147
01951
11475
00600
01053
11189
08995
00634
00102
07516
01782
01534
12508
04117
00620
00055
03328
01079
00433
01469
07126
13252
09457
13895
01491
00121
13038
09880
09982
01533
12511
03386
01069
07221
12506
00329
00356
01768
04755
07168
00407
07003
03281
00666
07068
00666
00219
12510
05524
00368
01061
00015
07397
07232
00249
01470
00632
03520
13888
00955
13643
03782
18138
01070
13581
00024
13582
13593
13599
03317
11754
14221
13598
13893
08714
13894
13587
13592
00941
14233
14218
14162
07052
14230
07045
14225
01113
14232
14220
01983
03296
14225
14233
14232
01969
00626
00265
13771
13586
13589
14230
03585
14232
14228
14222
14219
14223
14227
14219
07003
07003
03741
07003
06218
00799
14236
14230
07536
14234
14231
00970
00459
01897
14219
00344
01916
01066
14237
07497
01113
01011
01802
14237
14160
14228
14445
01977
14449
04085
09810
14446
14448
14447
00128
14235
01796
14223
03500
14225
14226
14218
14224
01966
01524
14652
14237
01978
14229
14219
14218
00249
14228
14161
14224
13628
06893
14228
14229
14234
14233
14261
20529
14228
14233
06893
01980
11072
14986
14987
08691
00799
01524
18923
05525
15011
15383
02428
08316
01941
01457
14733
14742
03324
15012
15034
12543
15342
15408
12055
00220
07116
15738
15256
15633
01692
01692
01692
01692
01692
11741
01692
01692
01692
01692
16011
15726
15727
15725
00459
01082
15861
01713
15778
15866
01692
15866
15868
08679
01233
12541
12542
03320
03320
15977
15987
15977
01992
16092
16147
16090
16137
07733
03655
03205
02358
07221
12574
00570
03320
16087
16052
01801
14998
02017
10804
03699
16264
13283
07323
05898
13896
18918
02030
01834
21564
16871
16872
02004
02303
00406
11209
02001
02002
19092
14234
11532
01990
01990
01992
01992
01990
17686
17662
17675
19745
07263
07263
00254
17754
17760
17838
18139
18138
03520
03585
07068
18164
04771
21430
16554
21430
18480
18588
18586
18587
18661
05366
18691
18138
18707
18901
06218
18831
18902
18824
18896
18897
01971
16898
07062
19055
18979
03526
16899
18990
18989
00611
18997
07746
07746
19155
19092
19156
18688
19163
00798
16422
00499
19164
19431
01992
01992
01785
11209
00992
00799
08744
15777
15866
19802
05770
14731
14731
09796
20034
09796
20266
20266
20266
20265
20276
20326
20532
20531
20532
20533
20527
20530
20527
20527
20531
20528
20529
20531
20532
20533
20533
18889
18890
20528
20528
20529
20530
20530
11529
01214
16554
21071
21029
00249
09806
00146
21420
21470
21498
21498
07334
07334
10026
21495
19591
21929
21929
22027
03892
01634
22250
11991
22310
02257
01563
07755
11206
00275