04518
03287
06024
05896
06442
06158
06180
01091
02986
01928
00116
03596
02034
00556
03500
02500
03183
02003
03168
00793
02276
00524
03789
02274
02275
02259
04077
00059
00991
03179
02634
02636
03118
00942
02697
02694
01409
02884
01265
01142
02011
01724
01299
01507
03086
04066
01939
01881
01507
03100
01465
03587
00616
02838
01652
01470
01962
01495
01817
01601
01602
01069
00765
02313
00383
01465
01695
02970
02036
02038
02037
00690
00766
01956
02433
02337
02956
03550
02316
03502
03503
02528
00919
00162
03072
03074
01892
01740
00651
02004
02003
02967
02357
03655
01879
06207
00975
00033
01057
01687
00761
02234
01952
01624
01623
01963
00052
02536
01814
00995
02010
01955
00796
03403
03185
01358
02004
01754
01662
02698
02502
01092
01869
01778
03703
02230
00826
02913
02963
03216
02911
03186
02639
03568
00891
02834
01738
00943
00648
00645
00655
00966
00858
01647
01696
03113
00860
01588
01443
03428
03438
01911
02549
02548
01920
03676
02836
00901
00817
01887
00767
03650
02031
02032
02563
03469
02935
02864
02863
02867
02601
03073
01759
00384
02703
01736
00958
02716
00609
02435
01870
01494
00798
03116
02709
02715
02710
01704
01703
00600
03980
06206
02233
00773
02712
00762
01693
00208
01515
02065
02707
02708
02713
02711
00772
03657
00789
02945
02718
02704
02714
02493
03608
03609
03610
02635
02637
02693
00128
03977
03801
01897
01738
01739
03867
03530
03711
03544
03529
02722
00082
01737
02552
03711
04043
01749
03405
00852
04035
02338
01952
00764
02469
03625
03110
03687
03686
00075
01924
00946
02356
02160
00097
02188
01951
01872
01585
00940
02434
00859
01953
01711
01835
03564
03525
00390
03601
03798
03798
00988
06213
03575
03087
06199
06199
02470
00791
02520
00640
03070
03555
02340
00928
03702
03545
01358
02343
02916
02887
03149
02437
00507
02939
02314
03495
01972
01876
01873
00605
01937
00937
03086
01626
01682
00696
00014
01000
03701
03631
00799
03621
02291
01139
03979
00950
02945
03218
03312
03689
02231
02990
03523
01448
01046
06173
04487
02959
03106
00161
00566
03820
01609
03437
00790
01485
01921
00606
03531
01358
01358
00053
01739
04079
03644
02639
01056
02551
00554
01770
05979
01008
03584
03797
01414
01633
00700
02638
03695
03474
03583
03582
03581
02717
06187
01012
00806
01586
03696
00005
00981
00705
02641
00036
02224
01649
02469
00088
03671
02501
02640
01159
02035
02033
00432
00020
03116
00099
02335
01883
00325
00324
00324
00384
02518
01653
02706
02705
02232
01878
02012
00615
01854
03217
02914
03536
01875
02954
00962
02227
02066
01591
01866
01255
00748
00677
02372
02535
01923
01945
02888
02899
02687
00058
01925
00759
03308
00681
02040
03310
00790
03075
04077
04078
02112
02114
01262
00969
01950
02113
02115
02111
02109
02109
02110
02108
03588
04752
01756
01679
00652
01935
00833
03501
03046
03046
03043
03424
02968
00013
01807
02600
02519
03470
01338
02946
02358
02355
02992
02950
03644
02689
02690
01775
02835
02909
02996
02871
02879
03040
02948
02952
02919
00939
03076
02876
02988
02881
02933
02994
02931
02895
02874
02961
02904
02982
02890
02965
02886
02892
02926
02906
03553
03629
01657
02692
03593
03684
01933
01104
00101
00688
03685
02860
00971
00820
02078
03147
03551
03664
03570
03569
03111
01251
00847
00241
04038
04039
04040
02005
05936
00012
01784
03271
01356
00858
01889
03787
00788
03154
03595
06217
00604
03723
01589
01735
03517
02044
02041
04083
02837
03101
01776
03182
00800
01929
00703
01661
03100
01867
01868
00845
00615
03086
03589
01161
01495
02169
02696
02699
02878
01611
00970
05978
03786
03292
06196
03798
03060
03798
00240
04567
03885
04487
02342
00239
03439
04037
01991
03177
04075
01664
02040
02042
01665
00799
07106
05539
03321
04485
02708
02377
04773
06208
03602
02075
05579
05572
05580
05376
05386
05385
05384
02005
05578
05576
02077
02074
05810
02067
05349
05574
05582
07566
03527
05592
02691
09013
04043
05377
05382
05383
05378
05837
05581
05577
05575
05575
05573
05585
05584
03281
06153
03526
02428
06169
06147
06147
06147
06147
07120
00228
02700
02723
00954
02471
03427
07090
06287
07015
00872
07107
06978
07146
02724
06861
06885
06942
06890
07071
07079
07301
07259
06949
06873
07026
07315
07399
06940
06941
07304
07769
07456
06999
06864
06898
06995
07056
06920
07086
07019
03768
07037
07042
07027
07027
02116
07058
07305
07007
07277
00974
06997
07447
07033
06883
06883
03772
09903
06925
01437
03768
07393
07462
07052
07052
07390
07444
07304
09763
01755
00278
01719
00927
01689
01698
00286
01619
00627
01885
01845
00930
01772
00218
00218
01783
00855
00931
01803
00215
00873
00145
01810
00548
01915
01895
00147
01599
01582
00948
00003
00611
00382
00218
00134
00259
00284
01595
05370
00615
01714
00133
00797
01480
01940
01733
09780
00514
03686
03592
06168
03722
01092
03564
10960
09797
08998
09835
09775
02426
08918
08289
08919
08920
08906
09761
02293
02294
07088
02221
00464
02492
09747
06402
08973
08482
08481
05371
09931
06443
06444
03652
10206
08226
08479
09014
09121
10563
09001
03839
08983
00794
08591
09748
08924
08923
08925
06381
05515
03431
09710
00783
02825
08903
09772
03800
08641
08902
09767
06917
09919
07336
04042
09970
07478
07742
07738
09971
00784
07978
07568
03926
01802
01885
00297
10255
03795
10773
00537
01154
01961
11329
03386
09966
09942
06042
05895
10697
00812
02341
03797
11175
11145
01874
00150
01462
02643
11754
01424
06183
03465
03777
00518
11325
09969
01625
12574
02902
00602
11755
11753
06891
12573
03499
01297
12073
11752
09458
01491
13292
11532
03524
00595
11717
01952
11777
02303
01890
03153
00281
09928
08300
09457
13541
13799
13038
13789
00392
00031
05356
01147
00620
06891
00830
03404
03394
02013
08922
14331
14330
14441
14518
01524
14652
14540
15383
02533
15226
05583
15034
15383
15633
15738
01082
02428
19560
08679
15918
03320
10716
10716
08921
01533
03321
11602
11601
11603
13693
09972
16787
16785
16786
00966
11720
01992
01990
01980
00254
17836
14761
07260
03742
03215
18534
01978
18678
05366
03181
03789
19032
05369
18979
19003
16149
19221
08678
19221
11991
05275
01977
20024
01983
20534
18889
18890
01214
01985
00821
21147
15035
21480
10026
21561
14232
14230
14227
21929
14219
02257
04094
17758
17759
22305
11206