01961
02004
09903
07042
09931
00872
09710
09763
05936
01409
01885
01265
01845
01142
01724
01299
01507
01749
00930
03465
05895
01939
01881
01507
03100
01465
00616
01772
01470
01495
01817
00218
01069
00765
00383
01465
01599
00700
00147
01633
01046
01414
00845
01868
01867
03100
01661
00703
01929
00800
05979
01776
00799
00218
05978
01740
00651
00524
03526
03797
01735
00978
01709
00995
01814
01494
00798
00600
03527
00773
00762
10960
09797
06443
02232
03106
09835
06898
07025
09775
09705
09761
01952
00764
01755
00075
01924
00946
00097
01951
01872
00940
00859
01462
01835
00390
00278
00082
01737
00891
00799
01719
01738
00943
00645
00655
00966
00858
00860
03428
04487
01911
01920
00901
00817
01887
00767
00951
01139
00927
01689
00384
01698
01437
01736
01870
03439
00464
01693
00208
01669
01515
00950
00772
01008
00970
00789
03797
01259
01669
00059
00558
00286
01619
01897
01738
01739
01739
01928
00116
00556
00059
00991
08479
09928
10206
04040
02036
02291
06158
07058
01092
02834
00514
07071
03686
04485
03621
00648
02293
05584
05577
05575
05896
00297
05576
05578
05580
05572
01696
03113
01588
03438
05579
02549
02548
02552
03676
02836
01664
03650
06180
02563
03469
02935
02864
02863
02867
02601
03073
01585
02434
07444
03529
02722
02503
03564
03525
03885
03499
02077
02075
02074
10563
02041
03652
00003
00088
01649
00036
00948
00931
00052
00705
01582
00981
00005
01586
00806
01012
00759
01972
01711
00099
00384
01875
00962
00855
01952
02377
00971
01952
02377
00973
00761
01790
00012
01687
01356
01057
00033
00611
00975
02492
01783
00858
00788
05371
01358
01803
01770
00554
00566
00796
00215
00604
04035
01802
00518
03386
01147
00988
00548
01609
00826
00382
00790
04487
01778
01869
01485
01810
01921
00606
01358
00145
01358
01092
00053
01591
01866
01255
07304
00748
00677
01923
01945
01662
00784
01754
00873
00058
03101
01972
00218
01925
00091
01262
01915
00919
00969
00766
01916
01950
01756
07304
00652
00690
00876
01935
00833
01256
01338
00721
01775
00432
00939
00852
01611
01595
00228
01933
01104
05370
05369
00688
00820
00615
01077
01251
00791
00640
06042
00928
01714
00133
01358
06118
00507
01873
00797
01480
00605
01876
01937
00937
01626
01433
00273
01940
01000
00696
01733
03818
06444
09760
02233
02294
09747
09748
09772
02033
09767
09919
02227
02230
03596
03500
02500
03183
02003
05573
02276
02274
02275
02259
03977
06997
04077
03179
02634
03118
00942
02697
02694
02884
06873
09121
03086
04066
03926
08902
07052
03587
02838
01652
05810
02945
01962
02700
04037
04039
04038
04042
00609
09970
01601
01602
02313
00799
05583
01695
09780
01737
03695
02638
06978
05575
03584
05808
07568
02986
08998
02713
02711
03657
05377
05382
02945
07738
02704
02714
02493
07566
03609
03610
06885
02635
02693
03564
07052
03707
00263
03320
07086
03321
07456
03979
07393
02703
03798
00958
02716
02435
01056
02709
02715
02710
01704
01703
03980
06206
06999
02712
02065
05581
05582
05574
02707
02708
07447
07015
01963
01623
01624
02234
06861
06207
01879
03655
02357
02967
02003
03798
03724
01424
01955
03403
03185
03723
03592
03568
06940
02911
03798
03216
02231
02963
02913
03703
00954
07259
03768
04043
02639
02502
04079
02902
03564
02698
02221
03523
08903
03074
03072
00162
02528
00783
03503
03502
02316
03550
02956
07458
06169
01653
03767
02706
02705
06287
07336
01878
03839
03867
04773
06208
02914
03536
03217
02954
07056
02337
02433
03218
01956
07026
07090
02970
01256
08289
03711
02426
01934
01159
03405
02640
02501
03671
02469
07037
02224
02641
03789
06187
02717
05592
03581
03582
03583
03474
07390
02723
07175
06966
02919
07120
02275
02274
02276
06942
02335
01883
07019
00325
00324
00324
02518
09971
01448
02342
01892
03312
03711
03795
02837
04083
03517
01589
02010
05515
02919
03696
02338
02469
03625
03110
07315
05539
03687
03686
06949
01802
02356
02160
07120
02188
02933
02042
02044
10255
02636
02004
03060
02825
03075
04077
04078
02619
03086
01682
03281
04043
02990
03701
03631
07305
01992
03168
10773
02112
02114
02115
02111
02113
02109
02109
02110
02108
02116
03588
06196
07399
04752
06442
01679
02637
03798
01889
03787
03154
03595
06890
06381
02639
02687
06911
08983
07007
02169
03501
05337
03593
03684
03685
02860
02691
02078
03147
03551
03664
04567
03570
03569
03111
03087
06213
06199
06199
02470
02520
03070
01784
02724
03555
02340
09458
03702
04075
03545
03544
02343
02916
02887
03149
02437
02939
02314
02428
06217
02959
00161
03086
03820
06168
03589
03530
03292
08591
02372
02535
07277
07769
08482
08481
02888
02899
03177
06183
00794
06941
03046
03046
03043
03424
02968
01807
02600
07742
02519
06891
03470
04518
02946
02358
02355
02992
02950
02699
02690
02689
02835
02909
02996
02871
06173
02879
03040
02948
02952
03076
02876
02988
02881
02994
02931
02895
02874
02961
02904
02878
02982
02890
02965
02886
02892
02926
02906
05585
03553
03722
03629
01657
02692
05837
00537
03437
07146
02551
00793
06024
00230
11329
00284
02428
09966
09942
03786
03644
03644
03531
06153
03608
03800
02536
03801
06876
10697
02703
00812
02341
11175
06920
01874
01895
00627
00150
02643
11754
01625
08300
00014
07301
01665
02708
03116
00013
06864
11325
07478
09969
12574
00602
06883
06883
03431
11755
11753
00612
12573
07978
02031
02032
01297
07107
12073
11752
12452
01491
13292
11532
03524
11717
00595
02303
11777
03496
01890
03153
00281
07027
02037
02038
07577
11145
02639
07079
06925
09457
02471
00847
13541
09014
13799
13038
13789
00392
01990
00031
05356
01647
00620
09013
00830
14231
14221
14219
14228
14220
01983
14233
03394
03404
00941
14232
14233
14232
14219
14219
14234
11601
14233
08918
08921
14218
14225
14223
14331
14330
14234
14224
01978
14227
14226
14228
14233
14237
14236
14222
14229
14218
01980
14441
02005
01977
14518
14219
14237
14234
02005
01524
02011
14652
01985
14235
14230
06147
14230
14230
14228
02012
14761
14540
14228
15383
02533
15226
14225
15633
01082
01711
19560
01710
08679
15918
03320
15977
10716
00974
01533
03321
11602
11603
02067
02040
13693
09972
16787
16785
16786
11720
01992
01992
01990
07079
00254
06147
07260
03742
18534
18678
10747
10747
05366
03181
03789
19032
18979
19003
16149
19221
08678
19221
11991
05275
20024
18889
18890
01214
00821
21147
21480
10026
21561
21929
02257
04094
17758
17759
22305
11206
00275