04042
01961
02004
07638
09903
09931
09930
00872
09763
03187
03575
09780
02232
03106
09835
09775
08479
09928
03652
10206
01892
04040
02291
03762
01754
01933
00228
01595
01611
00939
01775
00067
00721
01338
01736
01870
03439
01494
00798
00989
01191
00600
03527
00773
00762
00464
01693
01515
00950
00772
00012
01008
06041
03270
00979
01627
00688
00971
00820
01147
00988
00548
01778
00615
00721
00799
01719
01738
00943
00645
00655
00966
00858
00860
01443
04487
01911
01920
00901
00817
01887
00767
01689
01759
00799
00927
00859
00940
00873
01358
01735
00766
00262
00919
01915
03101
05371
01783
02492
00975
00033
01057
01869
01810
00145
01687
00761
01952
01952
00855
00052
00931
01814
00995
07304
00218
01580
00383
01465
01599
00700
00845
00147
01633
01046
01414
00845
01868
01867
03100
01661
00703
01929
00800
05979
01776
01356
00611
00858
00788
01770
00554
00566
01802
00518
01609
00382
01662
01485
01921
00606
01358
01358
00053
01469
00556
00116
01928
01739
01739
01738
01897
01619
00286
03797
00789
00854
05369
05370
01104
10563
03610
06885
03652
02428
01430
01429
01428
03086
01682
03281
04043
02990
08289
03701
03631
01872
00507
00507
01972
01873
04035
00275
00797
01480
00605
01876
01937
00366
00937
01626
01433
00273
01940
01000
00696
01733
06444
02233
06861
09772
02033
09919
02227
02230
09970
09761
09971
09767
02426
02919
03218
01695
03744
10255
10960
08296
07106
04043
02037
02038
02036
01092
02502
04079
02902
02698
02221
03798
03689
06891
01589
03517
01956
02433
02337
02956
03550
02316
03503
00783
07460
02528
00162
03072
03074
08903
06883
03523
02003
03737
03312
01963
02654
02536
07015
03711
08906
02010
00799
05583
08906
08983
01737
03695
02638
06978
06901
05575
01185
02551
03182
01448
05356
01895
03564
02342
02967
02357
03655
08641
01879
06207
02234
02000
09797
00088
01649
01144
00036
00971
00948
00705
01582
00981
00005
01952
00764
01755
00075
01924
00946
00097
06118
01358
00133
01714
00928
06042
01790
00067
01791
01654
00983
00978
01709
01735
02636
00003
00640
00791
00432
01251
01077
00891
01737
00082
00278
00390
01835
01462
00384
03465
01698
01437
01130
00833
01935
00652
01756
00259
00969
01262
01925
00058
00784
00975
01945
01923
00677
00748
07304
01255
01866
01591
01885
00962
01875
01788
00059
00991
05936
01409
01791
01885
01265
01845
00104
01142
01724
01299
01507
01749
00930
05895
01939
01881
01507
03100
01465
00616
01772
01470
01495
01817
00218
01069
00765
00555
00099
02004
03502
10773
03168
02637
03149
02343
03795
00794
00537
09121
07146
03474
07313
03583
03582
03581
05592
02717
06187
03087
03696
03789
04094
08918
07397
05595
06995
02970
02664
07137
06024
03564
07240
02041
03325
07336
01878
03183
02500
03500
07443
02034
03596
08998
02986
07568
05808
03584
06997
03977
06169
03786
03310
00128
01586
00806
01012
01256
01061
00799
00134
00852
00651
01740
00218
05978
01161
01803
00215
00759
00524
03526
03797
00604
07028
03711
03282
01424
09710
01955
03403
03185
03839
02837
03090
02042
02041
02044
03723
03592
03568
03186
06940
07462
02911
03798
05574
02707
02708
02713
02711
08963
01784
03657
06147
02434
03153
01585
01768
02437
02939
02314
03495
01990
02639
02075
02074
02077
07089
03711
02428
03087
04047
01665
02619
03189
03188
03654
02693
06891
07052
03798
00958
02716
03885
00609
03685
02860
02691
02078
09458
02834
05349
00514
07071
03316
03686
04485
03621
00648
02293
05584
05577
05575
05896
05577
00297
05576
05578
05580
05572
03705
01696
03113
01588
03428
09793
03438
05579
02549
02548
02552
03676
02836
07042
01664
03650
03073
02601
00324
00325
07019
03308
01883
02335
06942
01159
03405
02501
03671
02469
06443
06177
07037
02224
02641
07390
02867
02863
02864
03469
02663
02666
02563
00020
06180
01139
02703
02519
07742
02600
09748
06871
01807
00013
02968
03424
03043
02635
03609
07566
02493
04096
02714
04755
02704
02718
07738
02945
01091
05382
05383
05385
05386
05376
05377
03642
03684
03593
05837
02692
01657
03629
06864
03722
03553
05585
02906
02926
02892
02886
02965
02890
02982
02878
02904
02961
02874
02895
02931
02994
02933
03046
03046
06941
05337
03501
01679
06442
04752
07399
06196
03588
02116
02108
02110
02109
02109
02113
02111
02115
01950
02114
02112
04077
03075
02825
03060
07088
02687
02639
02720
06381
02564
03177
02899
02888
08481
08482
07769
07277
02535
02372
08591
02066
03292
03530
07056
02954
02881
02988
02876
03076
02952
02948
03040
02879
06173
02871
02996
02909
02835
02696
02699
02690
02689
00284
02950
02992
02355
02358
02946
04518
03470
02435
03431
01056
03116
02709
02715
02710
01704
01703
03980
06206
06999
02712
00208
02067
02065
05581
05582
02338
02469
03625
03110
07315
05539
07305
07007
02669
02652
03687
03686
06949
09747
01802
02356
02160
07120
02188
01951
05515
01601
01602
02313
06287
02705
02706
03768
01653
06181
02518
00324
07040
03217
03536
02914
06208
04773
03969
05573
08999
00793
02276
02274
02275
02259
04077
03179
02634
03118
00942
02697
02694
02669
02884
02433
02011
03086
04066
03926
00847
08902
07052
03587
02838
02945
01962
02700
04037
04039
04038
03321
07086
00161
00162
01652
03070
07978
02520
02470
06199
06199
06213
03087
00241
00239
00240
00847
06925
03111
03569
03570
04567
08884
03664
00870
03147
02719
01092
07058
03602
03601
03579
06158
09001
03499
03665
03885
03525
03564
07478
09012
09014
09013
07391
02503
02722
02221
07305
03529
07444
01768
09474
09705
03651
03312
05516
07456
03979
07393
02887
02916
03544
03545
04075
08972
03702
02340
02022
06147
03555
02724
03271
01784
09118
03216
02231
06872
02963
02913
00826
08973
03703
00954
07259
07020
01462
03798
09005
01889
03787
03154
06898
03595
07267
06890
06217
02959
00161
03086
03820
03437
00790
06168
03589
11329
03386
09966
09942
02294
03190
03644
03644
03531
06153
01652
03608
03800
03801
10697
02703
02653
00812
02341
11175
01890
11145
06920
01874
07090
00627
00150
08309
07636
02643
08300
08964
11754
00014
07301
06183
02501
03551
02238
11325
02723
09969
11472
11473
12574
01623
00602
06883
11755
11753
12573
01297
12073
11752
12452
01491
13292
08967
14652
02001
06873
07027
05810
07659
01647
09774
11532
03524
11717
11959
11960
11961
11962
00595
11777
02303
03768
13042
02031
02032
07079
09457
02471
13541
07447
13799
13789
07107
00392
01992
03666
00031
13038
00281
09880
02002
00620
02217
01470
00830
05384
14237
14231
14221
14219
14232
14230
14228
14220
01983
14233
03404
02044
03394
02003
14228
14225
14232
02013
14225
14233
14219
14234
14237
08918
14218
14218
14223
14331
14330
14219
14234
14224
14227
14227
14226
14228
14225
14233
14237
14236
14222
14218
14229
01980
01980
14441
01977
01977
02005
14518
14232
14219
14234
02005
10112
02075
01985
01985
14218
01978
14235
14230
02012
14228
14233
01524
14540
01183
14228
15383
15383
03090
02533
15226
15034
15738
15633
01082
06180
00966
19560
01710
08679
15918
03320
10716
10716
10716
16052
00974
00970
01533
03321
11602
11601
11603
11963
02040
02040
02040
09972
16787
16785
02030
16786
11720
15035
17108
17245
17244
17246
01992
01992
01990
10111
00254
17836
06147
17758
17759
04757
14761
04078
02027
02025
02026
02042
02035
02077
02074
01625
00274
09690
02169
02935
06917
09691
03296
09015
07260
18346
03742
03215
03183
18534
18678
18814
05946
18916
05366
03181
18896
03789
19032
18979
19003
16149
01406
08678
19221
22468
19221
11991
20024
01208
18889
18890
01214
00821
21147
21195
21480
10026
10914
21561
21929
22044
02257
22305
22424
11206