04042
01179
02409
04517
02411
02412
00602
02343
02337
02338
03763
03168
10773
07560
00575
02906
03624
00954
03786
03787
03547
01878
01876
00282
03040
05515
00958
01704
01703
00925
02056
02058
01512
02913
02484
01153
01695
01034
01657
08303
01588
10439
10441
10440
00604
00567
07042
03110
01649
03546
00177
01493
02434
02433
01889
00147
00286
01299
01805
02032
02031
02034
02469
02470
03424
02406
02057
08296
02405
07456
01892
02421
02401
00820
02400
00525
01733
01883
07447
03763
02335
00123
03666
01956
03409
01997
01419
07089
03614
03613
03667
03741
03734
01998
03617
06897
03427
03070
00283
01879
08963
00899
03086
04488
09014
09013
01591
01465
06871
06871
00929
00174
00175
01409
03544
01738
00640
01262
07504
09816
09817
09815
02025
00857
03702
03596
02003
06871
07457
06925
06871
02032
03980
00761
00548
01915
00266
00973
07571
02909
01151
01925
01000
01929
01928
03705
03687
03686
01489
03522
00848
03564
03518
01486
06901
07141
02016
02015
02013
01938
01752
01752
04763
07259
10112
00351
00611
00926
02316
02996
02871
02899
07584
02888
08963
07095
02003
03797
10188
00849
01868
02835
00382
06024
01057
07150
02049
02050
02051
00336
00334
00003
00847
04078
04077
00616
01006
03106
02959
06960
02860
00554
02884
03100
03501
03800
02394
02393
02386
02392
06217
07037
01812
01924
03588
01887
01572
00176
07238
02493
02387
06213
02834
03177
01995
01154
10439
10440
10441
03609
07106
02035
02033
02034
02031
01714
01586
00133
07277
03465
09749
09765
01808
01356
01881
03809
00067
03637
02033
02035
07335
02529
03615
06990
03525
02563
02823
03601
02600
02313
01933
02404
06603
08234
01874
01624
04567
01696
02392
02390
02408
00864
01658
01448
02388
02422
02057
03470
01952
00764
07301
06153
01736
00014
00800
03639
03631
00688
02431
00134
09747
08301
02897
00948
03550
01873
09141
04069
06287
03630
01251
00600
00929
03612
02838
00806
00981
01872
07001
02033
02035
01745
01712
06196
03074
03072
01734
05846
05846
02072
02071
02073
00036
01468
02238
02437
03641
01439
01126
02529
00566
02357
09903
01689
01733
01464
07402
03518
01740
03101
06180
02446
02114
02115
02113
02109
02110
02108
07139
02879
02986
02948
02952
02919
02518
01265
00939
02876
02907
02988
02881
02933
02994
02954
02931
02895
02874
02961
02904
02878
02982
02890
02965
02886
02892
02926
02946
03569
03569
00639
03495
01443
00820
03710
06871
02035
02033
02032
03803
00872
03088
00261
01649
00052
00053
01653
09005
00937
00845
09001
02025
02026
01586
02032
02031
02034
08602
00930
00145
00931
03545
02063
02064
01619
03704
02356
07001
00847
00287
02025
03431
03628
02016
02015
03698
01775
04043
03610
02111
02358
02355
02992
02950
03657
01687
02529
07088
01818
02528
08591
03977
02945
03527
00945
07220
01870
08974
07053
01921
06871
07007
07460
02435
02520
02916
02887
00860
05815
05814
05813
00925
00651
01669
01972
00997
01662
03625
07056
02078
01937
00765
00013
01693
01814
03979
00969
00645
02371
02372
09458
02902
02026
02025
00995
01975
03553
03565
09129
06910
09777
00942
01875
09761
03442
02385
02556
02557
02415
03928
03701
03521
06726
00852
00681
00973
01756
07496
01056
03685
01890
00615
04070
06208
02519
01999
01996
00294
00111
07220
03306
05815
05813
03595
03710
03427
01153
07043
00266
00573
06941
06949
01783
03530
07313
00605
09825
00850
00873
03499
03499
03498
02039
02036
02038
02037
02040
07023
00099
09770
01104
00812
00350
00030
00868
00703
05946
02443
00170
00169
07088
01848
01849
03529
00858
02221
06997
03978
07095
01939
00783
05837
00760
03783
00791
00789
02968
00171
00172
01885
06966
06861
06142
03218
11145
03572
09116
02914
03536
08998
03217
06346
03716
00797
01611
04066
03593
00876
10110
07040
02911
03621
09710
02967
02687
03703
01012
03150
03439
00057
03407
03408
03413
02419
02420
04562
03723
03650
02990
03111
02963
02939
00784
00384
02956
00962
03783
05571
05566
05567
05568
07137
02026
07175
02342
06416
01776
09762
07738
00919
04061
01620
03710
07240
07240
03531
03590
00882
00655
08999
06871
02032
05350
01192
02529
01997
01996
01995
01996
01995
01998
01997
01999
00648
09748
05592
01678
02529
03809
01305
04758
04759
09117
03616
02314
00075
04069
07566
01945
11175
02035
02033
02034
02031
01581
06864
03820
02242
07304
11751
01358
03750
07219
03750
03738
03752
03408
03563
02397
02396
00773
03325
02013
05979
01462
00790
01866
03075
00347
02836
03438
03587
02340
03798
07636
00756
02355
09764
03306
00333
00332
00331
07462
01926
01869
03091
06178
01867
02407
03046
03043
02935
02864
02863
02867
02601
03073
03696
04485
07067
03664
06158
03568
03592
01770
05982
07391
06959
00700
04096
04087
04088
07478
02035
02033
02034
02033
02034
02031
02032
00337
00342
05567
05566
05571
05570
05569
01478
09808
00940
00975
00975
03856
06973
01817
01609
00766
00845
00991
05823
00928
03101
00851
00033
00027
00696
06871
02428
06942
00759
01810
00859
02003
04079
07030
07240
07240
00943
06131
01989
05832
05833
03284
02413
01923
01952
01952
00757
02025
02026
01667
06179
00177
07588
01893
01893
03412
02416
01710
06173
02410
00175
00174
02112
02389
02417
01755
00826
01159
07568
03551
01571
00762
00174
00175
02500
02501
01677
00817
03555
00088
11068
04564
04075
01652
00176
01951
03076
00901
03655
00349
01447
00965
00016
01154
02666
02653
00674
01809
00602
11749
00262
11755
01950
01779
00634
03060
00060
06934
01843
01515
00059
10189
01628
01207
00059
12410
01187
01273
07027
03711
13292
03655
06889
06948
03071
03519
06928
01628
09700
01200
00626
06168
01785
03524
11753
03458
11717
04487
02483
07090
02237
12308
01092
02418
04767
01533
07979
03086
02529
05568
00763
09138
00096
02057
11754
01491
00104
00297
01191
01784
00965
00986
01176
05814
02103
02398
03386
01999
02652
00603
02347
00949
09942
00951
12960
03653
00058
00215
13693
01191
01012
01101
02026
02004
02004
02004
05808
07335
06929
06958
09711
09766
09776
00634
00854
07406
03410
13993
00854
05349
12573
01181
02056
10231
03210
05919
01534
09698
03406
03406
03406
03406
01838
00348
07043
00805
01271
01426
01992
01990
07407
02034
03696
05343
02027
02343
02217
01077
09009
00971
07406
02057
02057
00821
04751
03655
01537
02069
00620
03436
05845
01791
01791
01791
01791
02068
07025
07025
13038
01197
07397
05337
13789
01955
07079
02027
01077
01990
02028
05847
13829
00608
07052
14229
01622
14155
01983
14219
14228
10190
06921
14230
14228
08281
08982
13626
04518
14218
14223
14233
14236
14225
14228
14219
00974
00303
07496
14222
01980
01980
14233
14224
14227
14218
14221
14221
01998
01990
01985
01985
08676
01844
14237
14237
14223
14231
14224
14230
14441
03636
03406
03406
14234
14219
14234
05606
18331
01113
14229
14230
00845
07003
14228
14237
07496
14228
14220
14225
14225
14232
03406
14232
14233
06871
14234
14235
14540
14225
07242
01524
03086
15495
00284
15342
15635
02428
09022
14219
15496
15497
00812
02032
02031
02594
15770
03320
15987
15987
10108
14232
10716
02029
16210
03299
16264
18682
16370
16329
18014
02502
15771
02026
02027
02026
02031
16785
16786
02026
16787
05825
15772
10109
02025
02027
02025
02029
16203
17716
00927
01803
17828
01978
17316
17317
17315
01992
01992
01992
01992
17244
17245
17246
15024
02030
01703
01704
01992
01992
01992
01992
01992
14226
14219
05845
01990
01990
01990
01990
01990
01990
01990
01990
15035
01035
17686
14218
01977
01977
05601
17758
17759
17754
21379
18013
17898
17899
17992
18011
18012
18330
00335
00336
03742
18707
07012
06147
04940
06147
01872
02851
03526
16149
07464
19091
19115
09951
19221
19114
19091
00590
19116
21400
06881
19802
19955
21619
20448
20447
18889
18890
11529
01214
01208
21071
21071
08968
21369
21636
21349
21399
21600
21600
21672
21929
21898
22010
00015
01463
21903
07456
22205