04518
04047
03116
06024
06287
05896
06158
06180
01091
03655
02357
02967
02003
02004
03523
03101
03074
03072
00162
02528
03503
03502
02316
03550
02956
02337
02433
01956
03517
01589
03689
02004
02698
02026
02902
02502
01092
02036
02038
02037
03703
02230
02913
02963
02231
03216
02911
03186
03568
03723
02044
02041
03185
03403
01955
03282
00852
00134
02970
02650
03762
03789
03696
03087
03087
06187
02717
03581
06177
05349
03582
03474
02641
02224
02719
03977
01739
01619
03801
02986
03744
03596
02034
03500
03530
00384
02469
03671
02501
02640
03405
01159
02035
03529
02722
02552
03711
03711
03711
04043
02275
01749
04035
00278
01814
01952
01687
02033
02335
01883
03308
00325
00324
00324
02518
00555
01653
02706
02705
02232
02313
02500
02666
06181
02109
00218
02160
06173
04487
03555
03070
01784
02501
02500
02520
02470
06199
06199
03087
03575
00847
03111
03569
03570
03664
03551
03147
00082
04079
01754
03190
02693
03654
03644
01507
01069
01602
01601
01962
02945
01652
02838
03587
03100
04066
03086
01507
02011
03073
01788
02259
02274
02276
00793
03168
02884
02669
02694
02697
03118
02636
02634
03179
04077
02003
02914
03536
03217
02954
02066
02372
02535
02888
02899
02564
02687
02720
03075
04077
04078
02112
02114
02115
02111
02113
02723
02639
01056
04042
02338
03110
02469
03625
02653
02669
02652
03687
03686
03310
02551
02234
06207
01879
02108
02227
03531
03589
03437
03820
03086
00161
03106
02959
06217
03595
03154
03787
01889
00858
05979
03182
03100
02703
02638
03695
01695
02010
02030
02536
02654
01963
01624
03737
03657
03685
02860
02691
02078
02834
03316
03621
00648
02291
00966
03705
01696
01588
03428
03438
02549
02548
03676
03650
02601
02867
02863
02864
02935
03469
02663
02563
02031
02032
02434
01585
02437
02939
02314
03495
01990
02639
03584
01929
03113
02000
03926
03797
01878
02012
04038
04039
04040
03601
02637
02635
03610
03609
03608
02714
02704
02718
02945
01104
03684
03593
02692
01657
03629
03553
02906
02926
02892
02886
02965
02890
02982
02878
02904
02961
02874
02895
02931
02994
02933
02881
02988
02876
03076
02919
02952
02948
03040
02879
02871
02996
02909
02835
02696
02699
02690
02689
03644
02950
02992
02355
02358
02946
03470
03798
00958
02716
00609
02435
00798
02709
02715
02710
01704
01703
03980
06206
02233
02712
01515
02065
02707
02708
02713
02711
01008
02005
00799
00981
05936
02356
02188
03149
02887
02916
02343
03544
03545
03702
02836
02837
02340
03292
03786
06196
03798
03060
03798
03189
03188
01430
01429
01428
03086
01682
02990
03701
03631
03183
03183
01448
03218
03798
03090
01649
04752
02493
00240
00241
01611
01736
04567
03187
01733
03885
04487
02342
00239
03439
04037
03177
06213
01664
02040
02040
02042
01665
02109
03588
01679
02169
03501
03046
03046
03043
03424
02968
01807
02030
02600
02519
02703
03979
03312
03651
02004
02004
02003
03564
03525
03665
00799
07106
05539
03321
04485
09015
03885
04773
02664
06208
03602
02025
03499
03270
02075
02005
05579
05572
05376
02022
05386
05385
05384
05810
05578
05576
02077
02074
02067
05574
05582
03527
07566
05592
05580
09013
09012
04043
01698
02022
05377
05382
05383
02027
07257
05837
03583
02001
05581
05577
05575
05573
05585
05584
03281
06153
03526
02428
05577
06169
06147
06147
06147
06147
06147
06147
06147
06147
07120
00228
02700
00954
02471
07089
07090
07015
00872
02724
07107
07137
06978
07146
06861
07460
01144
05370
05369
06885
06942
06890
07071
07079
07301
07259
07638
06949
08276
06873
07313
07315
07399
06940
06941
07304
07020
07456
06999
06872
06864
06898
07769
06995
07056
06920
07086
07397
07019
07037
07042
07027
07027
02116
07011
07058
07305
07007
06901
06871
07659
03768
07447
06997
06883
06883
07443
07304
07028
09903
06925
07305
01437
07393
07462
07052
07391
07052
01952
00764
01755
00075
01924
00946
00097
01951
01358
00133
01714
00928
00973
00973
01790
00067
01710
00640
00791
00432
01251
00891
01737
00128
07390
09931
07444
09763
09780
00514
03642
05515
03686
03592
06168
01092
07277
01130
03969
03564
04075
08999
09797
09005
08998
09793
09835
08963
08884
09775
02426
09001
08289
08906
08906
09761
00845
02294
07088
02221
09747
00464
02492
03153
08973
08482
08481
05371
02293
03564
09928
06443
06444
03652
10206
08972
09118
08479
09014
09121
10563
02428
03839
08983
09458
00794
08591
09748
09705
08918
08918
06381
03431
00783
09710
02825
08903
09772
06442
03800
08641
08902
06917
09919
07336
09970
07478
00286
01897
00548
00988
01147
00604
00627
01738
00524
01739
01928
00116
00927
01139
01462
01835
00390
00789
01933
01595
00939
01775
00284
01338
01870
01494
00989
01191
00600
00773
00762
01693
00208
00950
00772
00012
01784
00979
01627
00688
00971
00820
00615
00799
01719
01738
00943
00645
00655
00858
00860
01443
01911
01920
00901
00817
01887
00767
01689
01759
00799
00020
07738
00859
01768
00940
01872
00507
00507
01972
01873
00275
01480
00605
01876
01937
00366
00937
01626
01433
00014
01940
01000
00696
09971
00556
00053
01358
01358
00606
01921
01485
00790
00382
01609
01802
01770
00554
00788
00611
01356
01895
05356
01776
00800
00703
01661
01867
01868
00845
01414
01046
01633
00147
00700
01599
01465
00383
01580
00995
00931
00052
00855
00761
01057
00033
00975
01783
01915
00919
00262
00766
01735
01358
00873
01662
00145
01810
01869
01778
00826
00759
00215
00796
01803
05978
00218
01740
00651
01061
01256
01012
00806
01586
00005
01582
00705
00948
00036
00088
00003
00765
00218
01817
01495
01470
01772
00616
01465
01881
01939
00930
01299
01724
01142
00104
01845
01265
01885
01791
01409
00784
07742
07978
00991
00059
00962
01591
01866
01255
00748
00677
01923
01945
00058
01925
01262
00969
01950
00259
01756
00652
01935
00833
00013
03465
07568
01802
01885
00297
09474
10255
10960
06041
10773
03795
01961
11329
03386
09966
09942
06042
05895
03646
09691
09690
10697
00812
02341
03797
11175
01890
11145
01874
07090
00150
07657
08309
02643
01462
08300
08964
11754
01424
06183
02238
00518
11325
07636
11312
09969
01625
11472
11473
12574
00602
11755
11753
12573
06891
01297
12073
11752
01491
13292
08967
05516
01647
09774
11532
03524
00595
11717
11959
11960
11961
11962
01952
11777
02303
03768
13042
06891
09457
13541
13799
04096
02503
13789
00392
01992
06118
00031
01469
13038
00281
09880
00620
02217
01470
00830
14237
14231
14221
14219
14232
14230
14228
14220
14219
14233
03404
03394
03579
14225
14232
02013
14228
14225
14219
14233
14234
14237
14218
14218
14223
14331
14330
14234
14224
14227
14227
14226
14228
14225
14233
14237
14236
14222
01977
01980
14218
14227
14218
14229
14441
14518
14232
14219
14234
02005
01524
14652
10112
14218
01978
14235
00721
14230
14228
14233
14540
14228
15383
15383
02533
15226
05583
15034
15738
15633
01082
06180
19560
08679
15918
10716
03320
10716
02110
10716
16052
00974
02002
00970
01533
03321
16653
11602
11601
11603
18814
11963
09972
16787
16785
16786
11720
15035
17108
17245
17244
17246
01992
01992
01990
10111
00254
17836
17758
17759
00537
04757
01977
01977
01985
14761
07260
18346
03742
03215
03183
18534
18678
05946
05366
03181
18896
03789
19032
18979
19003
16149
19221
08678
19221
22468
00616
11991
20024
01208
18889
18890
01983
01214
01985
01985
01980
00566
01980
00821
21147
21480
10026
10914
21561
21929
22044
01875
01892
02257
04094
00797
22305
11206