03743
09022
07316
07407
07271
07271
21571
21571
07271
01081
00949
02014
00700
02428
01585
09137
03718
09155
01270
09815
01278
01835
01104
02823
02342
01885
01262
01424
07114
07114
12373
03783
02428
00784
03593
01489
01006
02824
07386
04516
12373
02014
03498
03499
02051
01784
01785
00059
01119
01206
01834
01077
00845
00939
15460
01854
02238
00625
01243
06147
06147
01719
02564
02564
09680
01409
00845
00657
01278
01992
01934
01176
02067
01270
07027
00088
07052
01537
02014
01897
01897
00951
00951
15923
01985
01985
01985
01985
07447
01462
00208
01868
02520
02916
02887
06158
08303
00231
03550
06891
03694
00684
01809
02911
00648
03977
01662
00262
00351
00927
06920
04485
02959
02429
00849
06180
00600
06901
03426
03437
01495
01737
08301
03530
04078
04077
03654
07462
02622
03797
02529
02429
01624
06925
09816
00800
02884
00602
00760
07456
12251
02069
01173
00615
01808
07164
03313
01754
00656
04069
01495
01142
03744
12257
01883
12573
03631
13038
02338
01689
06168
01887
03561
07259
16053
06142
00610
00609
05366
03687
03686
11754
09817
01945
07444
00688
07137
13747
00995
01095
00812
09808
03327
09760
02945
02529
03282
00134
00791
06871
03979
05810
02341
05837
05515
03570
03569
00602
07091
14652
00812
03561
03832
02040
07056
03671
02337
01613
17103
09903
03524
07460
00794
03799
00793
03585
00677
09811
06153
07568
00950
03527
03564
07636
00873
01817
00895
06950
03924
03565
02493
11752
02013
01085
09474
07407
05592
04096
07107
03551
00954
00847
08641
07798
07787
01889
00075
06167
03075
02548
06950
02899
02888
01890
03839
00554
01972
03664
01265
02902
02913
03775
01736
08681
06215
00941
00645
02939
02963
02990
00067
02837
07085
01881
03814
03657
03702
05807
06187
03110
14441
03530
14445
07139
04759
01993
01714
00604
07566
03281
00783
06997
01627
06041
03629
03797
01284
03734
16091
02313
03695
00330
00331
13378
00337
00338
00339
00340
00341
00342
00343
03650
00757
03696
15977
04047
03387
04564
04761
02361
02551
01661
01911
01735
07270
04762
01056
02897
03625
03210
00859
07301
09125
09457
04567
00057
01810
00566
02343
01914
01960
01465
00655
00761
01610
08303
02426
03786
03088
00969
00942
00790
02860
00099
11749
00991
04773
01893
06178
01756
01872
16089
02230
03723
06001
00384
00432
00912
00946
02956
06207
01873
06173
01875
03305
03701
16345
03816
00945
03832
13789
03424
01991
00764
01956
01955
01886
12267
01534
01876
08289
03601
03602
00826
03439
02355
00606
11537
08999
09761
01951
01937
03217
00426
00425
06287
03270
03701
03628
02469
01744
00243
09810
00133
03778
01867
03340
06131
00748
01173
02909
16211
02529
00876
03655
00806
07277
06142
06142
01776
02834
09808
00817
03324
00876
00868
02357
02967
02996
02871
01770
01869
03168
00891
03088
00962
00762
07391
03453
01915
01874
03797
02503
03624
05366
00791
00677
16363
02536
06885
01591
02835
01933
00014
03183
01923
01783
00262
00097
06941
08218
02377
01711
00012
01790
02015
02016
04561
04084
01129
07037
02527
03630
02356
02914
03269
02836
03575
04066
00024
02970
03466
03215
03088
03101
01870
01950
07568
03924
00177
00175
00174
00176
01491
03106
00948
00788
03501
02358
03073
02601
02867
02863
02864
02935
03043
03046
03811
02950
02992
02355
02946
02906
02926
02892
02886
02965
02890
02982
02878
02904
02961
02874
02895
02931
02954
02994
02933
02881
02988
02907
02876
03076
01265
02518
02919
02952
01159
00979
04075
06969
03978
15738
03596
00029
00919
03526
01588
03092
03100
06975
02340
01579
01918
00703
02065
02066
07082
01091
09812
00928
04041
02217
11720
00773
01338
08218
07322
01895
03402
01866
03536
00789
00858
03152
01676
03665
03657
02948
02986
03040
02879
01633
01448
03787
08307
16089
00981
03798
09710
03284
02528
02838
06949
03521
03522
06861
03545
01358
03544
03654
03771
03572
08987
06180
06199
01534
03100
00215
02470
11753
03470
11717
09015
09013
09014
02519
03770
03070
01892
01939
03737
07133
04079
07478
00831
03086
04043
10716
04095
00817
00973
09888
02621
01880
02078
00640
02115
02111
02113
02109
02110
02108
02114
02112
00850
03086
07007
06959
01775
10773
02687
00346
00347
00348
00349
00350
16087
01952
07240
07240
02557
06890
03555
00925
03885
08281
00796
00705
01929
02563
01924
03589
03590
03531
09117
06180
01921
07058
02600
09748
03648
02968
03584
03588
01925
01000
01928
03587
03438
03585
03385
15876
04759
00240
00239
03495
00759
03703
07560
02523
02346
03088
03773
05970
02517
02078
09458
03685
06942
00763
09861
05601
03088
03530
12997
01639
01787
11085
09704
07504
02342
07263
12373
06889
03469
03177
01262
07273
01372
07221
03386
00567
01258
03455
07098
00721
06177
04763
01990
01186
01277
00058
02014
07263
03709
00241
01619
01190
01190
01190
14219
14230
14233
14224
01840
00971
00971
17758
17759
17828
00290
06518
14234
14234
14234
14219
14219
14219
14230
14230
14224
00018
14229
14227
14227
14227
14227
01977
01977
01977
14218
14218
14218
14218
00661
01980
01980
01980
01980
14228
14228
14228
14228
14226
14225
14225
14225
14220
14232
14231
14222
14221
14221
14233
14229
14229
14237
14237
01791
01977
14234
14225
14232
14232
14236
14235
14223
14223
14742
01533
07000
12373
03773
02879
03642
12373
01372
01163
03839
07273
03832
03832
03832
03832
03832
06131
12373
03701
07322
09474
03100
07263
03773
03773
01803
07263
08641
18707
18691
18682
18785
03169
09797
03111
03496
03497
03169
03169
07481
07481
18979
11991
19158
07405
19147
00571
01710
19265
19302
01992
19353
19355
06881
03771
20866
08968
00525
00287
00560
01185
00525
03553
00558
04068
00857
01493
02316
01185
07451
06904
02314
06217
01520
21636
02335
00652
00980
00526
07005
21470
21572
21572
21572
21572
21573
21574
21572
21572
21572
21572
21572
21572
21572
21572
10026
21572
21572
21739
21572
21572
21572
21572
21572
02334
03595
22132