01897
01775
06001
14652
17828
02428
19271
09181
03768
01190
05349
01200
17103
06113
00666
07133
01259
11754
00640
06131
02316
00278
07259
03575
05791
05792
01297
01740
00262
02879
03040
02986
02948
02952
02919
02518
01265
03076
02876
02907
02988
02881
02933
02994
02954
02931
02895
02874
02961
02904
02878
02982
02890
02965
02886
02892
02926
02906
02946
02355
02992
02950
03046
03043
02935
02864
02863
02867
02601
03073
02358
05808
03733
02970
01262
00024
07098
02527
01885
07037
04066
03555
01297
02016
02013
01869
03517
01874
00991
07271
00969
00942
01599
01719
03088
03685
09458
02078
02015
06889
07148
05349
06920
03088
05970
00876
01224
02003
05795
01719
03536
08998
02111
02113
02109
02110
02108
02114
02112
00850
05801
06287
03270
00262
02945
04079
01714
03737
00330
04564
03606
01815
02775
06997
09808
00700
00979
05516
03426
00012
06897
00075
06167
07447
01462
01868
02520
02916
02887
06959
06158
07386
00651
08303
02355
07636
02990
02963
02939
09973
07139
01278
00600
00610
00609
05366
02338
01338
00773
00919
02051
07315
03070
04759
12942
01625
00874
02529
01685
03111
01955
00820
00657
06187
03978
03101
01870
01866
00046
03530
12257
01195
07636
03925
03438
03587
01928
01000
01925
03588
02563
01924
03589
03590
03531
03584
02968
02470
03406
00929
03648
03797
09748
02600
02519
09014
06901
09013
09015
11717
03470
07106
07107
07025
03711
07391
01755
00762
03565
02493
11752
01887
02051
03310
03564
07133
07154
00240
00239
00241
03088
03100
00215
00606
01918
01579
13038
03525
04096
03744
03551
00954
02622
03797
03495
00759
03703
07560
01619
02523
02335
00876
02014
03811
02836
03308
03308
03116
03118
06942
03402
01940
00145
00286
01895
07460
00931
00147
01620
01811
01921
06180
02914
02356
03630
03269
03088
00925
00796
01929
00174
00175
00761
00847
01610
00806
07277
06142
06142
01776
04763
03786
02834
07263
00789
03522
03521
09922
03550
03340
11175
00382
00283
00282
02437
00605
03800
06188
02429
02003
01624
00259
01915
00858
03152
00991
03655
06915
09760
05349
01915
07792
01653
01652
01687
02227
02232
02190
02224
00595
02188
02015
02016
02233
02231
00768
01689
02014
06871
07089
07791
09952
00876
02909
00432
00384
05807
03702
02548
06950
06180
01812
04068
01791
00793
01091
07082
01886
03075
00097
06941
08218
00640
04761
03303
03723
00655
07154
02348
06889
01006
02959
01854
00640
04069
00656
00973
00849
02528
07027
03284
07098
01465
02343
01627
06041
02051
04485
00927
01847
01847
07085
01572
00041
03701
03501
03321
01142
00791
03546
00012
01810
01811
02529
07025
07107
01207
01425
07454
00688
00948
00645
08301
03530
00873
01284
02824
03650
00757
00266
01875
02899
02888
05366
00791
03718
03559
03424
00945
00950
07568
03177
06153
09811
00677
03585
03310
01803
01495
01811
07568
06142
03437
03664
00548
03803
03615
03614
03628
01104
04075
06969
03466
03503
03502
00558
00656
04069
00351
00350
00349
00348
00347
00346
06173
01993
10773
03088
00784
02428
01711
02377
00854
01873
01915
12251
01778
00266
00265
07154
07154
01937
00764
04751
01953
02003
07238
07456
00059
06180
04078
04077
04773
00912
03783
00946
09680
07133
09760
09935
07458
00558
00558
04041
01586
00928
09812
11755
02500
01814
02501
01433
03624
09797
02346
03543
03502
07335
07164
02340
01736
03775
01372
00053
00764
03654
07462
01262
01867
00554
01972
07727
04069
06990
07075
03816
01889
00817
00013
00765
01808
00615
00845
03154
00788
03149
03147
01804
03307
01785
00849
02429
01785
03686
03687
00978
01709
01627
06041
07444
01278
01945
03612
03613
03617
01950
03696
02469
07137
01890
03596
01159
07258
07478
02314
03631
02342
07000
01489
01892
01939
03711
01277
03654
00703
03657
06223
05810
12524
01733
07058
03086
00180
00077
00177
00174
00176
01491
03106
09765
02564
12373
01206
01206
05349
06201
02069
07271
00425
00426
03307
03169
03088
00560
00287
01858
02014
02313
01448
01633
08191
01876
03217
03315
03305
03701
01696
01657
01658
00766
01609
01695
01629
00848
03534
00134
03282
01951
01735
01911
01661
02551
02361
04567
00057
07443
00865
02341
05837
05515
03570
03569
00602
01914
00343
00342
00341
00340
00339
00338
00337
13378
08641
00857
07056
07133
03524
09903
01613
02337
03671
06925
00800
00812
03561
02884
00677
02536
06885
01591
02835
02022
01933
00014
03183
01923
06217
07054
00783
01649
01703
01704
09011
00052
00040
01686
00767
01265
01409
02902
02913
03110
04764
03924
07114
07114
00179
02687
01955
00058
00831
03814
01881
01912
09761
03289
03503
03502
02342
02115
01791
03665
02564
01676
03695
06207
02956
07173
01243
03437
03797
03629
00794
07133
07025
00973
03088
01783
00604
03281
07566
02837
00067
00845
00859
03210
02897
01056
04762
07301
09125
09457
06950
02621
01872
08307
03497
03496
03787
00748
02065
02066
06861
03545
01358
03544
03654
00088
03771
03572
00684
03694
06891
09710
03798
00981
00133
00243
01893
06178
01756
01912
04043
03553
02838
06949
00566
06889
01235
12308
01790
07007
07588
03527
03439
03593
00826
03602
03601
07095
01710
08289
00782
06890
03734
01284
01493
04069
03150
00788
07001
06871
05349
01089
12267
07043
03453
03455
01258
01534
09955
09955
01991
00558
13747
02823
01079
15531
13789
03832
02040
03768
12373
04518
01883
02429
08303
02051
03088
00930
01585
00891
03168
05970
00962
02871
02996
02967
02357
00847
05592
07507
00868
06177
01256
01952
07240
07240
05499
09955
02051
07315
11753
07214
06966
01224
01770
05349
11069
09704
07315
02426
04068
03092
01588
03526
12410
03773
03718
00760
00939
03979
01880
01809
03498
03499
01662
03427
01154
01153
00817
02517
06168
01129
01520
01438
02238
07088
11749
00099
02860
00790
02911
00648
03595
03977
01206
01818
03534
00231
00432
06215
08681
00705
12573
03624
02503
11068
02529
02342
02014
01740
01738
01085
03839
00625
13043
06076
00018
10947
04516
00297
03561
01191
01190
01813
07271
04720
02614
01960
09808
00602
09951
02004
02004
02004
02004
02004
00951
00951
05794
11921
00634
11085
03719
10206
01119
07407
01934
06147
01270
14218
14218
14218
14218
14219
14219
06610
09810
07005
14155
01092
14233
13993
14228
01713
01187
08138
14231
14235
14225
14225
14229
14229
14228
14228
14223
01209
01897
14233
14233
07079
14220
14223
14229
14222
14232
13993
01784
07052
01270
00721
03574
12340
14233
14445
14441
01985
01985
01985
01985
01190
02005
14224
14224
00941
14221
14221
14234
14237
14237
14224
14230
14234
01051
14230
01977
01977
01977
01977
01980
01980
01980
01980
14228
00971
00971
00895
01784
01190
01990
02005
14234
03292
14234
03574
06921
14219
14225
14227
14227
14227
14227
07011
07273
01990
07011
01990
07405
06926
01185
02005
01537
14228
14230
01840
14236
14236
00290
14232
06133
03324
03743
16089
03086
03086
03086
03086
03086
03625
03324
03929
03770
15633
15635
15738
15460
03215
15855
00812
03929
01091
03320
15987
15923
05606
16089
16212
17758
17759
14219
16211
16213
16363
05349
05349
02068
02067
11720
06113
06113
06113
07091
02029
02030
17716
01835
11527
01992
14225
14232
14226
14219
04084
17680
19271
00788
14742
00845
09022
00702
18707
18691
18682
00571
18928
18929
11991
00798
19068
19265
19302
01992
06881
03655
03771
03616
10206
19997
19997
03332
20534
01179
01179
21063
08968
00821
21636
21636
21470
21572
21572
21572
21572
21572
21573
21572
21574
21572
21572
21572
21572
21572
21572
21572
21572
21572
07334
21572
21572
21575
21572
21572
21572
21572
21572
21572
21571
21571
21571
21571
21572
21572
21572
21572
22132
03077
13566