19743
15864
09796
15778
16090
14229
14229
14234
14234
11735
02075
09810
09810
12340
02650
07666
07684
02483
02483
02483
02395
13590
07213
00344
00344
01537
06020
12262
12262
08234
00537
03741
01139
18893
03699
00114
00128
00874
00971
01512
01069
01715
00042
00018
01458
01659
03417
00329
00356
08685
05599
05600
01501
00459
00956
00632
01897
00666
00666
00666
01239
01487
00758
00108
00108
01826
01856
04099
11311
07645
02484
02480
14742
03503
03719
10025
01462
01720
05539
02428
07862
03655
02036
02038
02037
02886
02965
02890
02982
02878
02904
02961
02874
02895
02931
02954
02994
02933
02881
02988
02907
02876
03076
02518
02952
02948
02986
03040
02879
01425
07140
03406
03820
06189
07042
06217
06168
03464
03381
03776
03793
14058
00797
13017
00600
02305
04561
02164
04748
02448
00799
02575
02575
00370
00371
00373
00374
03639
01673
07673
07090
12658
00285
01999
07107
15461
06917
01008
03695
01246
07183
02556
12256
01915
07010
00259
09472
09767
07023
03704
09941
01061
03733
03743
01810
13288
06013
01724
06949
00023
07665
07644
03446
03543
03577
03585
01953
06173
01817
01696
01695
01963
00058
03412
00575
03408
03406
03407
03406
03413
02651
02278
02279
02280
02282
02283
12510
12511
07300
01095
00946
03625
00794
14652
00793
02837
03808
06192
09857
00154
03466
03717
05577
09822
07566
09701
00574
03088
03597
03598
03803
03098
02503
03775
01682
01681
06995
01438
01129
07088
07305
03665
00948
01531
01241
03800
03821
02112
02114
02116
02108
02110
02109
02111
02115
06903
06905
06908
06907
06919
03596
03100
03685
03595
03584
03474
00997
01207
03578
13635
02045
02047
02046
02048
13788
00925
15270
06959
13255
07240
00375
00788
03149
03154
03147
03852
09882
09883
01714
09472
02000
02001
02002
00600
03406
00479
00449
00448
01007
01607
01055
01857
01032
01031
00457
00014
03786
06133
00058
01750
00375
01750
03823
09936
02040
01803
03075
00330
00331
00332
00333
00334
00335
00336
00337
00338
00339
00340
00341
00342
00343
02517
02517
00789
01251
00297
00500
00457
00451
01800
11103
03575
00951
03406
00625
00285
07724
03530
03502
03503
00558
04033
08195
00014
02624
00135
02053
01607
03750
03753
03470
00748
00677
02372
02536
06142
07277
11749
00099
00981
00806
02838
09903
02357
02967
09933
06048
03426
06195
01783
06199
02397
02396
02394
02393
02392
02391
02390
02389
02388
02387
02386
02395
02399
02398
02557
02556
02405
02415
02414
02422
02407
02412
02411
02410
02409
02408
02416
02417
02419
02420
02421
02401
02400
02406
08300
06179
01091
04773
02557
09019
06077
00003
00228
00817
01118
09975
05836
06222
07734
00820
04042
02114
02112
02115
02111
02113
02109
02110
02108
02116
03497
03496
03501
03495
00684
03711
06186
00215
09786
07180
01515
09928
07039
01969
13766
01968
13653
01640
01907
07243
01883
02909
01886
01424
07007
12972
08224
13771
12264
12265
03321
03768
03768
03269
03303
13928
13929
13930
13931
03271
07460
07121
07056
04750
07507
03424
03118
01918
00606
00950
00970
07501
03327
00075
09694
00767
03628
03671
13896
13895
13894
13893
00208
01881
03549
00616
07636
07657
03562
07566
01945
12973
00602
03557
09800
00382
00627
00163
07112
07112
07160
01961
01673
00969
09710
00783
02340
03643
01869
01259
01999
13821
00278
11688
11689
11690
00029
02337
06910
04062
02073
02072
02071
08310
09808
03688
03088
04485
02291
01497
04083
01934
09888
02231
00768
02233
01480
07093
03525
03524
00620
03654
03496
02238
07107
03745
14267
00674
02065
02066
02067
07323
07122
04754
03577
00790
03667
01419
09794
00762
01142
07002
01011
03406
00097
03771
04744
07102
01159
03550
02858
03551
01951
00931
00833
03089
09811
09812
03110
02358
03073
02601
02867
02863
02864
02935
03043
03046
02950
02992
02355
02946
02906
02926
02892
00763
07282
14415
00121
01070
08369
03782
00303
00304
00302
00305
01273
02002
03522
03521
00479
02000
02001
02002
08368
07305
07304
01752
01866
07462
09760
07403
01895
00161
00162
00627
03449
03113
06207
00382
08309
03798
03437
02557
09923
03182
07275
01738
07025
00375
07734
00135
00823
00930
00252
00311
09954
14540
07447
07735
03529
01972
00963
02575
00362
00363
00372
00832
13626
08303
01887
00626
03821
04762
01703
01704
00052
00133
00133
08086
00760
00772
02805
02406
06603
02407
02422
02423
04061
02300
02299
02298
02297
06919
00989
04775
07639
07661
09472
07010
01915
12256
11073
11076
11074
09471
06200
06158
01409
07397
02387
02388
02389
02390
02391
02392
02393
02394
02395
02396
02397
05526
13766
11076
11075
11074
01585
10125
10126
00547
03406
06987
02342
00957
00074
01150
01996
01995
01998
01997
01484
06447
00673
00673
00821
07234
00962
02956
03177
02834
02519
02600
09748
02670
01439
05595
06187
09747
02343
08305
03705
03553
03565
01872
11085
02844
02849
08483
11189
02821
02302
07058
03809
08218
00641
07139
07147
13993
07243
07230
07552
03543
03446
02655
02674
02673
02672
02671
08084
02335
06966
02204
01761
02029
03117
03116
02503
01523
01496
02500
01814
02501
01693
00817
00013
00765
07152
02259
02276
02258
02274
02275
01935
01649
01613
00053
01653
01652
13932
13933
13934
13935
01993
07098
14393
01895
02014
03616
10773
02553
01579
07182
02342
07664
07642
00852
03630
13038
01520
00130
00253
00020
00020
00020
05603
12543
15577
11741
01556
00275
02492
02835
07107
01907
07799
07788
07789
07638
07659
07000
00548
01697
01243
09794
00375
08191
07137
00681
07043
03978
03642
03216
01012
00652
02170
02169
07001
03560
03641
03640
01588
01589
01923
03790
00219
07402
13482
13481
03671
02078
00647
00059
02372
09458
03111
03701
00566
02192
03594
00507
02674
02672
02671
08084
02655
00791
01141
03572
03975
03074
03072
03210
00773
01868
02520
00821
00673
00673
06447
05794
03799
03717
00311
00074
07034
09808
05710
04488
11717
09015
09013
09014
02871
02996
00145
00575
00285
06886
01633
08591
03924
03087
06194
00573
03787
03517
09181
02959
02860
00554
02884
00567
04763
03694
06891
03704
00031
00031
06181
00906
03555
00425
00426
15342
00822
00140
00101
10126
10125
02049
00655
07043
01759
02558
01079
09930
01737
06920
10680
00860
02020
02018
02017
02019
01679
01676
07032
09771
03568
03464
03381
05549
05550
05784
05783
05782
08195
06999
01895
00140
06907
06903
03631
00858
07304
05541
03503
05591
07001
13771
05916
06879
03980
02968
01058
00925
00625
00208
01876
03386
05520
10804
02003
02004
09983
09978
07082
00943
02341
02676
03424
06167
04782
01867
09773
01007
09165
01673
01586
03723
03218
03406
07395
01951
03664
09801
05589
01689
01627
01937
02902
02913
07733
00558
03821
09913
02429
07090
07001
08368
04719
02224
02234
05934
02189
05936
03394
02188
06042
03399
03404
02230
07241
02225
02227
02232
01652
01951
00164
00658
00382
01903
01902
07090
03744
06872
03308
01113
02347
15536
03547
03546
06941
03546
02313
02338
02470
00558
06158
11753
01870
03101
03527
04079
03672
00799
05833
05832
01989
01638
03294
01637
03687
04043
03686
03293
01698
00639
00060
01878
01879
03273
06177
01667
09914
09926
00406
00407
00405
00404
01256
06970
01736
01784
07043
01153
01154
03427
03654
03455
03593
01874
03776
09861
07560
08307
00526
00525
05810
06180
05807
11936
11931
04751
01952
05596
06895
07320
00766
01658
07733
03469
02342
00991
01770
01807
02039
01524
03284
02042
02041
02044
13292
01687
00600
07738
11752
13574
01299
11903
11900
11901
11890
11891
11906
11893
11892
11897
11896
11895
11907
03324
02053
01907
07002
03119
05710
03556
00324
00324
00325
00626
07516
03776
06995
07301
11927
01147
02444
00864
01755
01595
01749
01719
02496
02498
06183
14261
07649
01625
01690
00036
01057
00845
01810
07443
02024
07461
07399
11902
00285
01775
06145
00851
01999
01491
01433
07039
03215
01885
03594
05782
09984
15268
09860
02012
02011
02010
07262
03702
03704
01104
03412
03088
03190
01430
01429
01428
03187
03188
03189
03192
07154
08195
00450
07396
07118
03281
01534
00263
01776
03281
02002
00126
02379
00123
00799
02346
07401
05595
05837
05515
03571
03570
03569
02435
02433
02434
03925
03438
03586
03587
01928
01929
01000
01925
03588
02563
01924
01921
03589
03590
03531
02535
03637
01465
10943
02408
02409
02410
02411
02412
02413
02414
02415
02416
02417
02418
02419
03830
02420
02421
01262
03185
03981
03832
00067
00973
01790
00123
07576
00873
01810
00847
10440
10441
10439
02769
02770
00882
02768
08483
11183
03435
02276
02276
02274
02275
00127
03549
07667
07646
04046
10016
10015
10017
03296
07387
01821
01620
01322
09915
06442
01915
03657
00640
08301
06287
00147
01908
03406
03070
00019
08994
01744
00873
01816
01608
01483
01477
11103
07127
00285
00856
01919
01920
03734
00901
03168
03747
04096
01462
00604
03799
03500
12500
03832
04047
09131
07113
03926
02916
02887
01889
01890
04764
03406
03282
06980
03746
14441
01875
07478
03634
01950
09919
08688
00600
01752
00303
00304
00302
00305
01633
01433
01470
03406
06871
01895
01480
03833
01042
02380
00127
00124
00123
03446
01958
03644
00605
00600
00281
02437
02469
00831
14170
06966
03856
09921
01778
01999
01772
03466
09001
01092
09977
01420
03749
02990
02686
02963
02939
03825
02824
00761
07390
03500
11175
01933
10763
06923
03179
03181
08296
00549
03576
07712
07708
01915
00014
03814
06213
02493
03775
07287
01714
00059
13634
00390
00381
02315
03791
04567
02836
00024
03710
00241
00242
00239
00240
09159
01647
07090
00029
03581
03582
03583
08303
09471
04069
08324
00799
02825
10778
03919
15012
15011
03734
01150
01754
07258
09158
03801
03644
09823
02074
02077
09792
03769
03769
05527
09780
06190
03496
03776
00990
11720
07091
01255
02339
00798
07175
03564
00384
02843
00826
00982
01091
01657
01940
03722
01265
09695
07018
02314
07007
04564
03770
03530
01338
03544
01358
03545
04075
01962
03611
07001
01247
03592
09889
03831
07019
01609
07516
06076
10806
06445
10764
00764
03558
01424
02355
05845
05846
05847
05846
07289
03455
06041
03270
11719
09774
06861
03092
05808
02806
06023
06958
00805
03186
00939
00979
09791
00912
03559
03561
03601
03797
14682
00937
09793
12368
13643
04487
04488
13628
04082
04044
04755
00876
07002
03296
08304
03776
09959
06136
06137
06138
06139
00901
03086
02316
09117
02970
03149
03154
00832
15383
05786
13051
15034
03284
06193
03769
01873
09129
03769
00374
00373
00371
00370
01433
01491
04719
07141
07402
07303
03599
00413
00412
00411
04077
04078
01710
00067
00973
01790
01784
01711
02377
00266
00265
01584
00528
07025
01760
06942
01056
02897
00948
00919
02494
10563
00655
01525
03656
07302
01607
00615
00615
02362
03446
03543
10218
06911
01338
03724
03602
00795
01662
09007
04084
00626
06940
06182
06048
06175
07115
03734
00380
06946
03427
07218
00376
06911
06911
00528
02355
01142
03760
01414
03406
11065
01607
03979
02899
02888
02523
06940
05366
02662
02663
02664
02665
02666
00891
01735
02474
02053
15371
12573
02450
02451
03981
02456
02456
02453
02454
02455
03832
03561
03559
07336
00800
09768
04517
02619
01657
09458
02078
00059
00645
00648
03621
02911
07040
07056
03744
02004
02003
02005
09456
00281
10016
01468
01712
01745
01187
05782
03406
01262
00325
07090
01126
00111
03650
03217
08998
03536
02914
00928
00782
02227
02399
02398
02386
01733
00003
14260
03688
03690
03183
07568
03786
02160
01961
02687
11065
00057
03071
03676
07259
04066
01599
07240
07240
02622
08984
08311
11073
06969
00954
12372
12371
12370
12369
11754
03841
03413
03060
00942
06901
00759
00523
03439
00432
03772
03431
00796
03798
02427
03624
01955
11250
01956
03522
03521
01776
06925
01448
09862
00859
02654
02653
02652
01669
02237
03106
01756
06153
03673
07391
09806
04752
03320
03600
10220
08195
00799
03885
14347
13795
13796
13794
01845
01915
01993
13926
09122
13888
05685
02393
07662
03406
02667
02668
02621
02348
00615
00134
00927
01624
02342
07168
03636
03752
01626
06204
02221
00286
06997
02669
02670
01975
10004
10002
10003
10001
02528
06202
00817
11312
01845
02456
01939
02502
04087
04088
03665
03666
03977
01892
15539
02656
06941
00940
03554
03594
01494
00432
09858
01738
00865
00995
03703
00088
01999
02063
02064
01753
13636
10439
08973
00941
00788
02527
02841
03478
06138
06139
07689
00574
03648
00573
09927
08303
03406
00609
00610
07301
03823
04090
05786
01092
09761
11936
01792
00525
03412
03407
03408
00575
03408
02356
06916
12339
03274
00012
01591
05788
02945
00945
02437
00605
01894
05524
10942
03415
03415
03413
03414
03407
03789
00287
00560
02401
02400
02404
04562
02405
02556
02342
03502
06134
01507
03610
03609
03608
04761
04760
06178
06024
05896
01867
07053
15724
15634
14237
14237
14237
14237
14237
15551
10831
15738
02050
15552
02303
08281
08100
00568
01856
07506
03566
03566
03566
03719
03719
03719
03764
07733
00974
05540
02533
14761
03574
06147
06147
06147
02051
02055
02055
02055
02055
02054
02054
02054
02052
02052
02052
10022
10023
10024
02030
00148
15790
14229
15578
00146
00146
01270
12976
13020
13018
01802
07394
07444
07483
07483
07483
07497
07497
03457
03457
03457
08970
03806
01133
07222
03791
06198
06940
07011
14221
14221
14221
14221
14221
14221
14221
14224
14224
15633
07130
14225
14225
14234
15898
08679
02028
15977
15977
12541
12542
15984
15977
16514
15974
15977
10009
14235
02358
03147
07724
07497
03530
03502
03503
00558
06198
01150
00324
00324
10017
16090
16137
16137
10716
02424
03320
14232
14219
10014
14237
14237
01801
03646
07278
16516
01992
01992
01992
01992
01992
14218
14218
14218
01977
01977
01977
01977
01977
01977
01977
01977
16322
16165
11735
16171
14228
16264
14225
14225
14224
14224
14224
14232
14232
01980
01980
01980
01980
01980
01980
01980
01980
14219
14219
14219
02525
10022
10014
10015
07012
14236
14236
10236
10238
10237
02029
00831
10001
11991
02303
16872
16841
14230
14230
13485
14234
01985
01985
01985
01985
01985
01985
01985
01985
17226
02030
02030
02030
17317
02030
14222
17316
01990
01990
02030
14218
14218
14218
14218
14218
14218
14218
14218
14231
14231
14233
14232
14220
14220
14220
14233
14233
17315
14218
14228
14228
14228
14228
16922
11209
08738
11209
17713
14230
14227
14227
14227
14227
14227
14227
14227
14227
14226
14226
14228
14237
14228
14233
14230
14223
14219
17247
14219
17103
10112
02029
01990
01990
01990
01990
17686
17675
17686
01533
17865
07263
07263
01777
17735
00254
17733
17736
18139
00124
00004
21430
00124
18118
22270
21345
21344
18138
00138
11904
21757
18540
18850
18778
18928
18929
18930
19055
07050
03526
18979
19046
07452
19147
19221
19123
19124
19125
19126
19168
09951
19416
19339
19344
19286
04771
01992
01992
19337
19342
19302
19345
04771
19302
19340
19341
21699
22025
08319
00799
00992
12960
00799
15777
19804
08992
21636
20035
20035
20074
20431
09788
20455
20444
20534
22130
11529
21062
13877
21053
21020
21071
21029
08968
01139
21379
21417
03892
21416
21405
21420
21405
22044
01451
01451
21563
10026
21563
21600
21645
21700
21757
21825
21825
21826
21833
21834
21832
21830
21832
21949
21948
21929
15576
22131
22112
22132
22292
02257
02257
00611
01551
11206
22452