03409
07003
06992
07003
07046
06415
15580
02224
06142
03088
01685
01191
11741
09810
13574
03574
06147
05847
02027
07192
00344
00433
03439
06015
00564
00030
01069
07051
02414
02503
00965
01961
00128
00128
00034
01053
01840
00971
01784
01784
04021
00104
01992
01992
01992
03296
01784
11754
13590
01130
01273
03179
02651
00297
13542
13623
13622
02823
05979
03386
13832
03709
05956
01990
05966
07465
06158
01186
07221
07074
02415
07221
02653
02422
02652
06204
00632
01897
01130
00666
12658
13015
01934
07246
07214
00721
03317
06412
01782
09942
09015
18910
13789
06045
03088
01958
07404
03183
03782
00955
03088
11189
07090
06888
03644
03801
03664
02003
02518
03824
01356
01588
01589
06876
11927
03179
00845
03271
03147
07501
01258
06883
06883
03564
01785
01963
01681
03106
02959
00554
02884
08884
02986
00382
00163
00627
00975
01928
00946
06925
00972
07447
01736
01974
11089
06024
02945
01890
01889
02887
02916
01755
02492
06024
03496
01673
07089
00384
01262
00285
03088
07147
00526
00525
01469
07462
02913
00764
01933
02564
01892
02566
09922
01754
01714
06213
06889
06889
07460
03499
06966
01610
02035
02033
07095
01734
02337
00337
00340
00341
00342
00343
03424
00384
03975
01893
01647
00145
00620
00995
01817
03628
01499
05844
00677
02535
01950
03088
03856
06158
06169
03412
03088
03313
00380
00366
00372
07667
00931
00940
06176
02652
02669
02652
02653
01714
03797
01783
00975
01953
09992
12511
12510
02283
01791
03710
01619
00059
03088
03088
06901
00052
01495
03636
03635
03639
07071
01749
02392
02392
02393
02394
02396
03563
01512
00703
01118
01935
03924
03768
03783
05970
05520
09915
00684
02517
00363
07646
01548
01547
01546
03924
07305
07304
07566
00990
04751
03320
04028
04028
04750
03427
01154
03559
03497
03496
01251
01817
02007
01507
01918
13292
01433
07240
00046
00957
01443
06200
03561
03559
00573
02510
05710
01810
03924
08976
00969
00954
00854
06131
02416
00147
03628
00859
02335
01975
03553
07402
07141
03284
01695
01696
10563
00681
04066
02600
02519
02834
01881
03800
00283
00282
02437
00605
11707
11708
11709
02529
12573
03698
01653
00053
00231
07734
00765
01523
00791
01876
01912
02078
09458
02836
09958
01153
07043
03088
02280
09005
02283
02282
06153
07577
01991
01972
03701
03407
02278
00575
03412
03413
03406
03408
03407
09822
00549
03088
02433
01012
00428
01704
01703
06203
03787
05803
02011
00858
01662
03602
03601
01778
04075
09769
00809
06966
03707
00322
03529
00560
00287
04488
11717
01895
06973
00789
00820
00606
03820
02469
00012
00278
01095
06208
01304
00014
03474
07180
09786
01151
02003
00612
00389
07054
00449
03734
06940
01867
03579
02340
03060
00942
03075
01803
03856
00286
03637
02523
03430
08964
08967
09880
12257
03210
00773
03040
01627
03924
06999
03594
02956
00962
03711
02398
00891
01673
00261
01756
00833
01990
00200
01619
03734
00602
03269
00600
06889
03437
00981
00806
01939
03606
07443
03703
00901
02564
03559
03561
06942
04767
00912
00860
01591
02003
02347
06944
06997
09131
11752
00788
03696
08994
02899
03979
03525
00927
02355
02564
02441
07391
03307
03559
03561
02036
02038
02037
02040
07107
03466
03685
02456
03518
03519
01494
10773
09763
09014
09013
01999
01997
01998
01996
03657
00794
07032
03088
00426
00425
03335
02279
02280
02282
09966
07152
02259
02274
02275
01945
00075
03438
07568
02003
03654
03798
06949
04487
00595
01872
01657
03830
01940
06898
11753
12410
09992
01104
00648
07735
06941
00134
03596
00845
03733
02003
03088
00831
00648
08602
00574
02843
03698
02493
02835
02909
03088
01322
00390
01609
03575
01322
02278
00700
01551
02003
01595
09981
02341
00943
01866
03924
05306
02067
02065
02066
02036
04751
01042
05524
08303
00848
01858
00813
04077
04078
04077
03686
03687
09862
00507
00616
12510
02283
02282
00919
01854
01586
01874
05873
00979
01937
07175
02841
03624
03711
06988
06920
04487
02338
02470
01255
03182
01091
01952
01952
01735
09710
04096
03328
03723
01647
11069
09936
06287
03578
00067
06980
01926
03773
03977
00259
08963
03177
01720
01698
01845
01951
03787
01092
00700
03469
05520
07010
06180
08884
02035
02033
02034
01689
03502
04077
04078
03655
00567
03088
05520
01956
00782
06937
07239
06188
09181
02968
06178
01809
03118
06045
01885
01299
00265
00266
03282
01887
03088
06969
02372
02279
02278
03495
03717
03734
00688
07113
06180
02313
03070
00239
00240
00432
02291
07576
01507
03924
03545
01358
01358
01738
01652
03088
03183
03186
00762
01438
08884
08714
10441
10440
11473
11472
01409
07277
02314
02939
03111
02990
01056
02897
00948
04042
00930
00611
00989
01733
07164
03086
02316
03168
00997
01256
08296
00937
00845
02405
04562
02404
02400
09778
07025
11749
00099
03798
00982
03086
06075
03665
03550
01154
03427
01153
06223
00655
00574
01262
02160
01465
00609
07217
01489
00761
11065
02238
01885
06013
00059
03216
03722
06966
06959
07259
03101
01104
01129
03116
03116
05896
02431
00041
02529
09930
02967
02357
09903
02838
01126
03166
03167
06076
11892
11893
11901
11900
11903
11898
11897
11896
11895
11907
00823
01585
01491
00677
03924
03750
01658
07157
06287
06180
03524
04761
01159
01883
01770
00655
00945
00759
03800
00767
02662
02664
02652
02653
02970
07139
03110
03625
03551
00978
01709
12452
02020
02018
02017
03841
03752
00024
02651
10778
09939
01902
01903
06999
02387
02388
02408
02409
02411
02412
02413
02389
02390
02385
02556
02557
02417
02419
02420
02421
02401
00059
01880
00457
00873
00174
00175
07814
01265
04773
03455
03695
04043
03270
06041
01624
03149
03154
02911
00645
00059
02963
07107
07107
02003
06045
02500
02669
03584
00796
01915
01915
01808
07214
02039
07657
00793
02528
02946
02906
02926
02892
02886
02965
02890
02982
02878
02904
02961
02874
02895
02931
02954
02994
02933
02881
02988
02876
03076
00939
02919
02952
02948
03040
02879
09154
01665
00059
09792
01533
00404
01816
01649
01620
00639
00060
00013
00817
01693
03153
09931
06864
02110
02113
02111
09940
02115
02112
02114
00640
01814
02501
02902
02435
02433
02434
00133
06173
01962
03558
07560
00812
09458
02372
00208
03702
03088
03831
00748
00672
01669
00604
01462
03593
00343
00342
00341
00338
00337
00336
00335
00334
00333
00332
00331
00330
09458
03724
00615
05838
04047
06911
00201
05592
01869
01265
00574
09701
07071
00760
00033
00036
02565
03832
03469
07738
03092
06187
02343
06950
09696
09697
06217
07037
07042
03688
06207
01921
00782
02837
03088
01805
01737
02410
03555
02237
00088
03088
08999
03217
03650
00928
00003
02536
09949
01923
00766
07027
03657
06168
01579
00111
00864
06929
01679
00826
09808
04567
07098
00756
01006
02520
09696
09697
01610
03924
02871
02996
03701
03924
01515
03671
08483
02372
02372
02806
08300
02888
07712
00333
00332
07007
04487
07107
07478
01465
06969
01814
03771
10439
03789
02355
02992
02950
03046
03043
02935
02864
02863
02867
02601
03073
02358
01126
00991
00847
03088
03563
01772
00626
00208
03561
03559
10026
09457
09121
03327
10536
12251
03413
03411
03410
00575
03406
03408
03413
03924
01639
01442
03407
03408
03413
03412
00575
03684
06971
09761
03536
08998
03088
01576
03652
00525
12957
00507
03113
03527
02045
02047
02046
02048
03926
01733
03100
06861
03778
01724
01868
02012
00548
01955
02406
02407
03517
02016
04759
04758
02356
04568
03501
01875
06891
02945
03086
00981
00800
06180
01873
01649
03088
06894
01870
11175
00925
00016
01687
03405
07636
07019
03795
03797
06167
03070
02527
01625
03544
03088
03561
04763
04564
01737
00566
00655
07072
01843
13888
02004
02004
02004
02004
02004
01534
07074
01174
07484
03296
03498
02005
06204
13766
02651
09810
02437
11085
13954
11085
00652
01130
05939
10439
13821
00202
14218
14230
01113
01104
14228
01983
14219
14219
11071
11902
00215
02004
07114
09166
00058
00058
00058
13924
01053
13626
03932
00338
06962
10804
02662
01243
11710
01658
14221
14225
03077
11070
14347
00830
00392
14223
01977
14233
14227
14234
14226
14233
14234
14233
01840
14236
02276
01113
14237
14231
14220
14234
14224
14224
14228
14233
14445
14441
01985
14170
01501
14232
14223
14232
14219
14225
01524
01173
14652
14414
01470
14222
10206
01113
14230
14237
14219
14261
14218
14230
14219
14232
14228
07506
21062
14229
01739
03086
03086
15035
14228
14237
14235
15034
15579
15581
15635
15736
02428
15738
15582
15725
15635
15577
15583
15576
15578
15342
14415
03320
03320
15977
03417
06881
16092
16137
03564
03088
01978
00850
02636
01156
10823
04757
05845
05846
00241
14393
11991
11720
07091
02277
10440
16922
01990
01990
17218
16922
16922
01992
14225
01992
01990
01990
01990
14228
01980
14218
14229
17686
07258
12574
17828
00784
14259
11785
18285
11782
11784
03742
11904
18707
18682
04752
18828
18928
07171
18928
18929
18929
19055
03526
18979
19092
09951
19147
07452
08678
00571
19191
00798
01785
04771
19411
19405
01258
19802
01843
21619
05770
12132
12132
12132
12132
12132
12132
20074
13058
13086
20534
11529
01214
01214
21029
13877
21071
21071
21071
03636
21310
22044
21420
21624
21929
22024
01463
22205
03079
22319
17759
02257
22317
22320
22396
17758
22318
00590
22451
22491