09160
10563
09761
01419
00595
04754
07481
05936
01118
02074
09811
02426
10773
05878
00537
01963
03749
01883
03469
02342
00799
03406
02343
07320
06867
05539
03670
00832
05541
01703
01704
00241
00242
00239
00240
01903
01902
01716
01546
01547
01548
07646
07667
03424
00390
01665
07246
01653
03789
01673
03406
01056
02493
02057
03516
06999
02339
07644
07665
07347
02297
02298
02299
02300
03406
04565
02057
03220
04487
01892
03601
03981
01733
07687
07690
02014
03654
03684
03309
03797
03923
02523
02517
06445
04773
02619
02341
02314
03269
07807
03408
03771
05879
03101
02671
02672
02673
02674
06950
03412
00575
03406
03885
02654
02650
02769
02770
01652
03732
02160
06192
07010
03406
02336
03230
02280
03223
03228
03229
03791
00449
00448
01889
02459
02457
02452
02458
02461
02462
02189
02230
03386
03387
03406
02056
02031
02032
02002
07664
07642
02017
03769
03769
02412
03224
03224
02625
07460
07304
07305
00210
00800
02469
01679
02233
02225
03215
07678
07637
07660
00525
00526
01159
02346
03545
02527
02622
02621
01448
02410
02409
02032
03406
02078
03181
03179
07657
07636
02036
01589
01588
03657
01448
06131
03536
03406
03503
03194
03199
03200
03201
03203
03204
03195
03196
03205
03291
01843
03781
03040
03046
03043
07552
03735
03736
06135
00303
00304
00302
00305
03814
00954
05520
01624
03472
07644
07665
07708
07712
01807
02500
02501
03575
06887
05851
02031
02002
02004
02003
07039
06075
03776
03517
03548
03564
03567
07287
00027
03760
07233
01354
03453
03554
03773
02052
02053
02054
02055
06177
03608
03609
03610
07001
06911
03561
03559
06179
01091
07040
02911
03621
02078
07082
02676
03424
06173
03558
01505
03762
03544
03787
04075
01962
02337
03470
02372
02536
00631
04567
03683
00111
02433
03685
03100
07649
07774
07795
07794
03648
02030
05349
04564
02535
02563
03587
03438
00957
04564
01679
02435
02433
02434
03798
02427
01955
01956
06887
06076
00426
00425
07054
02342
09456
03820
02340
07258
01585
03786
02687
05540
01430
01429
01428
00793
06205
07165
03088
00090
07175
03637
03636
03635
03449
06899
06970
07091
03704
02437
07215
07267
03415
03611
02057
00615
00615
03222
03219
03229
03228
03227
03226
03230
03210
03072
03074
04488
04082
04044
04755
06941
02656
03977
06938
03106
02959
02860
02884
01997
01998
01999
01996
03296
03791
02018
02020
07160
07160
01706
03825
02077
03222
03226
07402
07141
02052
02053
02054
02055
07262
00014
03717
07090
04774
07400
00249
02040
07278
02030
02029
02029
02028
03762
02033
02034
02032
02035
00065
02034
03088
02014
02016
02015
02015
02013
02034
02035
07264
07095
01802
06969
06901
03602
02316
07180
02439
02528
01657
03502
01658
03583
03582
03581
02042
06603
03841
03406
03688
03821
03821
00265
00266
00297
01465
00609
06596
02487
00248
00163
02841
07799
02052
02054
02053
02055
03639
03322
00034
06148
02051
03559
03832
07152
06147
06147
05373
04785
04782
03320
06167
05774
06162
05780
05781
06163
06164
06165
06166
02043
02042
02044
02041
03406
03406
02014
00303
00304
03406
03406
01999
03562
02035
02033
02034
02016
02015
02013
02038
02037
02040
07120
03406
02647
02483
03710
02453
02463
02462
02461
02460
02459
02458
02457
02456
02455
02454
03823
07235
07236
07237
06199
03634
03466
02518
03694
03704
07153
01737
05785
03606
01991
02106
02014
05559
05560
05562
05563
04763
03616
03593
03704
01494
03724
06987
07116
05517
03722
06077
07137
01996
01995
01998
01997
01999
03580
03578
07058
02002
03768
03767
03118
03117
03116
03690
03183
03667
04066
02909
05366
02662
02663
02664
02665
02666
03112
00059
07107
01745
02078
03496
03299
06940
06997
02669
07447
02657
02658
02659
02660
06598
07160
05802
07043
02348
02030
07007
05591
02843
02844
02848
00612
03147
01515
03651
07000
06985
01613
02556
02557
06949
06925
03572
03666
03665
04088
04087
02502
03218
02990
02963
02939
01999
01997
01998
01995
01996
03086
02970
06195
04744
07102
05801
02052
02055
02054
02053
03791
07397
06134
07124
02042
02041
02044
07090
02888
02899
03979
05805
02968
03980
03774
02655
02667
02668
05807
06180
05810
03695
03411
03408
03406
03407
03413
02653
02652
05791
05792
05793
05794
05795
05795
03806
03807
03424
03435
06204
06206
07028
05365
07147
06950
06193
03406
03559
03832
02014
03561
03825
07167
03088
06942
02897
02494
02835
06955
07071
02824
02029
02030
07286
02056
02057
03775
06203
05564
06605
06606
03337
07027
06149
07140
03415
00104
06145
03530
03770
01069
03306
03406
06876
03119
07127
07402
03529
03528
04085
03473
06147
07119
05782
00799
06889
05820
07238
03284
03723
03734
01126
04754
03503
06905
03791
06887
03791
03088
05375
06160
07116
03702
07107
04080
00311
03521
03522
06940
03311
04079
02483
03924
04760
02004
02003
06975
02553
03088
03286
00362
02575
07183
03812
01129
02623
00457
03752
03638
03750
02529
06726
03704
02520
02916
02887
04764
01666
02456
02453
02454
02455
02433
02444
06192
02234
03405
03811
06153
03919
02028
02029
02029
02030
02034
02033
02035
06991
02670
03703
00851
03299
03563
02014
06916
01467
07243
07224
06075
02048
02200
02200
02199
02198
02197
02196
02195
02194
02193
04061
06187
00128
06968
07052
03776
07020
03408
02557
02556
03407
03414
03413
02405
04562
02404
02400
02401
02421
02420
02419
02418
02417
02416
02415
02414
02413
02411
02408
02422
02407
02406
00648
02397
02396
02394
02393
02392
02391
02390
02389
02388
02387
03415
02386
00010
05710
02029
02028
02529
01995
09903
09921
08194
02112
02115
02111
02113
02109
02110
02108
02116
02114
09017
09861
02313
03629
02517
03499
04096
02002
07070
07243
05834
06158
01802
03611
02498
02496
03324
03327
02047
09023
09017
09021
09018
02046
02048
01153
03427
02379
06218
07391
03300
04761
03832
03559
03561
01142
03630
02035
02902
02913
06995
06940
03719
02012
02011
02437
02454
05800
06959
03673
03978
02071
02072
02073
07152
02258
02028
02029
02029
02030
03671
03628
03182
07232
02445
02415
07002
02073
03119
02049
02050
02051
02072
00640
03313
05836
03098
03670
03669
03406
09798
00381
10125
09920
08191
10026
09458
09862
09020
09158
09781
03530
08484
09773
10022
00783
09007
08994
09792
00275
01732
01897
01897
01055
01462
01485
08998
09967
08963
09791
09001
08324
08289
07338
08296
03449
10537
08307
08303
08301
08300
08309
19296
08305
04065
03445
02492
01081
07497
03412
00575
07568
09812
00613
07639
05526
08993
03446
09915
08591
09918
09919
09912
00794
00794
03153
09748
08973
00836
01586
00012
00156
01425
01915
01061
03574
10536
03442
08482
09889
08218
07345
09890
09786
06895
07738
09771
09895
09933
09958
10012
10011
09989
09945
10016
10015
10017
09947
09948
09950
09950
09924
09888
09747
10010
02424
09972
09940
09858
00243
10001
08970
09800
08988
10002
10003
09806
09938
09923
09926
07259
01338
03711
08996
07462
06891
07566
07577
08989
03652
02221
08985
01247
09810
02398
02399
07184
06966
00128
00020
03457
03406
07124
06213
03563
06987
03721
06178
06024
05896
07053
06190
03498
03543
06938
03924
07114
07114
03547
03546
07003
02441
03893
07401
02051
06911
06923
03799
05592
07090
02356
03837
05788
02945
06148
07396
07146
05527
06076
00432
02231
02232
02227
03431
09774
00974
09823
09710
09975
10545
09801
00773
01953
01184
01714
01923
01738
01092
01714
00912
00979
00075
00645
00059
00943
01817
00764
01754
00219
01886
01358
01338
00208
00640
01560
00640
01505
01483
01477
01487
01972
01591
01495
01736
00797
00940
00059
00655
01246
00604
01462
00344
00228
00014
01133
01719
01755
01790
01710
01438
01139
00942
00989
00762
00930
01520
00285
01775
00605
01438
01919
01698
00937
00523
00344
01934
01262
05396
05603
00688
01259
01523
01496
08316
09780
08312
00134
01003
01649
00322
00616
01295
00088
01951
00836
01885
00052
00133
00883
01631
01684
01647
01952
00164
00658
00382
00057
01626
00077
03417
01659
01007
00692
01857
01607
00014
01265
01150
00852
01239
01868
00052
00626
01055
06044
00705
00554
01236
00703
00033
00963
00383
01759
01835
01626
01805
01874
00141
01239
01784
01854
00003
01785
00116
01515
00148
00135
00847
00040
00854
00548
01640
01142
00700
00874
01356
01494
01494
01507
10544
09760
08311
09767
10023
10024
08307
10539
10004
09932
09857
09790
08304
10538
09914
02825
09471
05515
08082
07277
09913
08738
10763
09954
09701
09702
09458
10441
06917
01814
00627
00982
00791
01939
01887
01916
00763
01662
01760
01409
01633
00950
01525
00097
01783
00029
00891
01091
01735
00766
01609
01611
00145
01866
00681
00931
01870
03527
00859
00767
00882
00626
01810
01918
00606
00950
00970
01619
00053
01004
00800
01711
01709
01599
00833
01251
01687
00641
00286
01183
01920
00978
00973
00067
01710
00948
00919
01776
00574
01669
01772
00761
00760
00116
00564
00432
01495
01791
01729
01795
00066
01873
01255
00605
00134
01690
00845
09908
09971
01057
00826
05916
00799
10009
09970
09165
00036
09159
09902
02228
02338
02470
01879
01878
03500
00568
00082
07638
02335
02204
03781
01673
09808
09808
01695
01696
04063
01414
01749
03656
03816
02045
03497
01154
07126
03655
03060
00854
01628
02035
02033
02031
02032
07497
08195
09969
03406
02874
02961
02904
02878
02982
02890
02965
02886
02892
02926
02906
02946
02358
04719
02224
03809
02742
02362
06920
03640
03641
03646
03560
03562
03551
03550
04047
03704
03745
03549
03827
05812
06966
03565
03553
03743
03555
05524
03087
06194
06176
05589
06142
07277
02838
02357
02967
00674
06889
02836
02192
03594
07390
02010
02440
02444
03576
02909
02055
06886
03474
03584
03595
03596
03598
03597
03088
06980
07120
02051
02050
06183
06872
04045
03577
03585
02624
01676
05596
06895
07231
07006
04077
04078
07113
00059
07443
03070
03531
03590
03589
03588
03586
03925
07056
07121
03271
03600
03599
02996
02871
06916
07018
04691
07323
02067
02066
02065
03270
06861
03092
05808
02806
06958
03592
03568
06287
03571
03570
03569
03642
07301
07088
06969
02956
03177
02834
02519
02600
03075
03624
03686
04043
03687
03631
06186
03308
03664
03313
03189
03192
03625
05838
02003
02004
07275
01784
01181
03111
03701
03594
02879
02986
02948
02952
02919
03076
02876
02907
02988
02881
02933
02994
02954
02931
02895
02355
02992
02950
02935
02864
02863
02867
02601
03073
03525
02056
02057
02057
07300
02016
02015
02015
02013
02058
07213
07178
00059
07478
06219
07157
03186
02558
03975
06136
06137
06138
06139
02169
02170
02019
07093
02052
02053
02053
02055
05786
07182
03406
02002
02001
02000
03088
02167
03149
03154
03089
03110
07019
06969
07115
03521
03522
03316
06207
03151
06145
02168
02002
02001
02000
07394
03216
03071
03676
03797
07289
03406
02028
02030
07273
04751
03320
03733
06202
06140
05844
04762
04083
02035
02033
02034
02014
03559
03832
04487
05800
02039
02038
02037
02040
03310
07112
00375
01959
03455
04087
02049
02050
07217
02014
02013
02016
02015
03497
03496
03501
03495
03650
03217
02914
03502
03111
02032
02031
02034
02033
07090
03535
01707
02471
02035
00380
01581
05847
05846
05845
05846
02837
03773
06200
04485
03282
07007
03579
06967
06181
07126
06168
06217
07042
06189
03643
03644
03801
03642
05837
05515
03113
03327
06894
05367
02279
02280
02282
02283
03185
04084
02160
03557
05595
02229
02188
03190
03823
05516
04046
04064
03594
07290
03187
03188
08224
08083
03406
01845
00681
03406
00303
02460
03832
04784
04786
05374
04783
03406
03406
02035
03169
00302
00305
03408
03406
03560
02031
02032
00363
02036
06999
00684
00330
00331
00334
00335
00336
00337
00338
00339
00340
00341
00342
00343
03406
03406
03336
03168
06889
03406
03781
06867
07665
07644
03790
07044
01681
00404
00405
00407
00406
01420
03412
02395
02390
00575
00648
00128
01484
06447
06169
01682
09967
10253
03169
03169
07461
10805
00798
09857
01297
00324
10747
10764
05787
10227
10228
06223
02071
02073
11179
11073
11073
11074
07659
00647
03406
10806
03225
10979
15555
07574
03225
10914
10440
10941
00325
10439
08086
10804
13541
10943
01708
00860
01494
01494
00611
00600
00528
00557
00035
01241
00788
01845
01869
00969
00147
01945
01497
00946
01126
01092
00140
00822
00560
00626
01507
01935
00652
01012
01638
00600
01433
00148
00108
00130
00287
03439
00927
00615
00789
01915
01712
01745
01745
01468
00560
01754
01754
00058
01915
01915
01814
01693
00832
00692
01778
01586
01610
01560
01438
05297
01744
01424
00868
00574
00860
01193
00820
01184
00692
01184
01925
05358
01053
01950
01433
01426
01083
00865
01875
00031
00566
01756
01637
01262
04487
01104
01126
00010
00140
01207
01356
00632
01555
00451
00457
00759
01725
01915
00481
01752
00928
01872
01620
00673
00673
01895
00500
01724
01256
00858
04091
00432
01626
00945
00831
00768
01933
00951
00836
01876
01881
00528
00901
00573
01770
00991
01689
01627
01937
00748
00677
00099
00981
00806
01265
00990
01439
00563
00939
01595
01940
01465
00611
00864
00549
01921
00117
00278
01941
01732
00154
01433
01141
00873
00655
01921
01924
01845
01000
01929
01928
01867
00817
00013
00765
00790
06041
01607
00962
01803
00796
00215
06042
09815
09815
09977
09816
09816
09691
09691
05816
09983
09986
05895
00647
09980
05814
05813
05815
02075
09817
09817
00067
09898
10125
10126
06182
09690
09690
09690
02278
11076
10126
11066
00274
07560
07506
07740
01494
11208
11189
04058
06223
03168
07589
09790
00812
07090
07661
08085
11444
00666
03566
11383
01625
01547
11384
04042
08084
04090
12297
12266
12340
12256
12251
03560
08964
11749
11754
12254
08305
11928
03496
03496
03227
11075
01890
01874
11021
10942
11021
11102
11209
01894
05343
02342
10954
02614
11021
00324
11085
11065
11105
11175
11103
03223
11068
07404
06223
08483
11183
02768
02078
07559
04060
00479
01545
01029
01028
01039
01040
03225
01851
03273
03719
03719
03561
03561
03561
11477
11902
11472
11473
03426
11896
13486
11475
08369
09880
11177
11927
09702
12962
10440
12992
03832
12508
12370
00620
07734
12976
07735
07687
07027
11740
07347
01816
02529
03284
01581
07806
02458
02014
06204
03307
07025
09916
03442
08152
07154
07347
03496
03496
15371
00602
12410
13053
12410
12372
11178
00459
11178
08967
11747
04091
13483
13292
12987
12995
13014
11897
07789
07788
11901
11893
11891
11903
11907
11891
11890
11892
11752
00466
11753
11903
11903
11719
11895
03524
02237
02303
05799
11921
02302
11900
11906
11263
01766
11004
11003
08482
00971
03496
07473
11720
12262
11073
07098
05685
13590
12981
13038
13288
13255
13378
01692
12972
13894
13893
13766
07246
01534
13487
13482
13491
01079
01961
13788
12371
12339
12510
02651
12573
12511
13930
13934
13935
02503
01960
15778
13928
13929
13932
13933
13894
14058
14060
13789
01825
13888
12685
12368
12369
12340
07823
06879
13895
00281
01491
01491
07250
02203
01075
12963
09024
12686
13007
03272
12979
13979
01113
13609
02028
07483
00955
01792
03288
10778
13452
13488
13481
03297
03297
13643
13821
13938
13490
13489
13896
13896
13895
13931
13895
13893
13894
13896
13893
01961
03782
13893
13628
14228
14220
14220
01113
01434
14230
03863
14237
14237
01977
01977
01977
01977
01977
14229
14229
14228
14232
14232
14232
01070
01969
13580
13954
08281
00626
13633
13634
07483
13455
03585
03394
00121
14230
14268
13060
14233
15539
14223
14347
14287
14236
14233
14227
14227
14227
14227
14227
14233
14221
14221
14221
03406
14234
14233
14224
14224
14224
14224
14218
14218
14218
14218
14218
14218
14218
14230
14219
14393
14225
14219
14161
00941
15034
14225
14225
14225
14232
14205
14170
17322
14744
14226
14267
14234
00459
14189
14231
14225
14260
14441
13745
01524
01173
15125
15035
14237
14222
16238
15396
01011
14228
14228
14228
14219
14228
06133
14235
14230
14230
14230
14261
01980
01980
01980
01980
01980
14219
14219
14162
01985
01985
01985
01985
01985
09017
14475
14742
07165
08191
14652
14652
06204
01457
13409
13408
15011
06177
03321
11939
15726
06015
01457
14682
15012
15257
15256
16081
07662
15553
15724
15727
16301
15554
15633
01082
15555
15553
15553
15551
10831
15553
15553
15736
15738
15552
02428
02031
15554
15721
15554
04765
15725
01692
18827
01692
04093
16011
12537
12538
15461
01713
15268
00254
07497
10716
15984
19734
19736
18138
02014
16135
16091
16088
02014
16147
16137
07483
07483
07483
07497
07483
16137
07497
18968
02030
02029
02029
16087
16077
02029
10025
10014
16074
16074
01800
12368
16345
05349
18297
16088
16088
16322
16291
11734
11735
16299
16300
12340
03321
11959
11960
11961
15555
16692
07122
02033
12368
11962
11963
10237
10236
10238
16856
02226
16872
16841
17213
10439
17214
17213
17315
17316
18979
17325
17323
17321
17206
17317
17060
17061
17324
17247
17103
10440
10441
10439
17218
00372
17713
17205
17228
10112
17215
01990
07576
01992
17686
00821
00821
00821
10111
01533
18139
17758
17759
19745
07263
07263
00135
17737
18139
05349
10227
03321
13979
18009
18093
21430
08351
18118
18296
18295
18294
18298
18299
18300
18383
00138
18457
16234
11904
18456
11443
18297
18691
11903
21645
18800
18893
20862
18918
09892
18874
18954
18843
18850
07171
01971
19049
07062
03976
07063
03526
18981
19157
01406
19159
19113
02030
07062
19168
19221
19265
19290
04771
19293
19294
19295
19338
19302
19267
03574
19337
19337
19416
01785
19291
19292
19577
00799
08319
19591
19707
00992
12960
07315
19696
07666
07645
00537
06132
00799
19784
06131
00995
15777
05770
09796
09796
20971
20444
20444
20455
20429
09788
20534
20972
20757
01214
20881
20987
16011
20997
20998
20999
21000
21001
21002
21003
21004
20938
21135
21137
20973
00840
20976
20977
20978
07689
21053
13877
21024
21029
21023
08968
21136
21133
21134
21218
00529
20938
03862
21405
21420
03651
21405
22044
21699
21711
22081
21495
21802
21825
21826
21833
21834
21830
21832
21948
21949
21990
22024
05802
21993
22003
22130
22131
22132
22067
22082
22083
14274
22110
13875
22252
22278
22292
22250
22345
02257
11391
13566
11206
22491
22452