02028
22348
01829
06921
01533
18682
14415
02499
03297
02653
01992
01992
01992
15726
03215
02030
02030
02035
02031
02016
01992
01990
09810
07714
13487
00344
00537
03564
01802
01802
07484
03307
06926
12340
03797
02238
07636
01262
03572
05939
00573
06962
00630
08301
03621
07480
02549
09778
06934
01251
02313
03217
01104
01845
07025
01868
02520
02916
02887
01889
06179
02841
06873
01953
01870
06213
01462
00574
01784
03790
02003
01053
00761
00389
07282
02926
02906
00604
00677
02372
02535
03820
01873
03310
03310
01626
02124
02123
02120
02118
02117
02121
00057
00600
07164
00286
00147
00931
00231
01599
00615
03705
03687
04043
01673
00134
06972
02029
09996
01895
11752
06969
01515
06920
04565
01972
00845
02470
02469
00943
02341
01750
06167
03665
03630
07010
03830
02114
02112
02115
02111
02113
02109
02110
02108
00616
03798
04075
07091
11720
01775
06193
03310
01092
01880
03284
07220
03306
02950
02992
02355
02946
05837
03524
01006
07133
02335
00859
03628
03979
02899
02888
03797
05896
06024
02032
01142
01673
01531
07507
06911
07133
06158
07124
07037
01784
02343
09747
08483
11189
06023
03092
03495
03800
06978
07783
02968
02005
02003
02004
06198
03086
03722
06153
03466
06178
06878
04487
13819
03584
06180
07560
06960
00099
01173
09807
07114
07114
06168
02871
02996
07735
02065
02066
09800
07278
01512
03455
03527
05592
01494
08972
07126
03593
06940
00363
05808
06941
04567
02573
01883
01909
07175
09125
01356
02049
03408
03407
02003
02004
04564
00428
02454
02453
08223
02314
00820
03431
10773
03650
03924
00382
03644
01887
03781
01881
03446
03543
07646
01548
01547
05794
03581
03582
03583
03640
01776
00031
06041
03070
07552
05979
02342
02078
00059
00645
00648
06187
07277
06142
02536
00697
01087
13057
10563
01869
12573
03601
03602
01662
00858
01669
01265
00322
02902
01874
00942
01697
01760
03470
02884
00554
02959
03106
02493
02835
02909
07275
04487
00703
00995
03310
09140
03437
03424
03562
03559
03641
03386
01868
03496
03116
03118
03523
00263
06925
03978
02342
06215
08681
06133
07552
05593
03500
09930
02836
01665
02221
03222
03223
03226
03227
03228
01928
01448
00033
03695
13491
03046
03043
02935
02864
02863
02867
02601
03073
02358
02518
00627
00162
00161
06997
01714
00215
01991
00605
02437
00282
00283
01495
01408
09699
00167
00166
12073
13766
07220
03306
01256
13953
03502
07710
02986
03980
01151
01893
03100
00865
00763
08281
09131
02426
00940
01658
00940
01637
01638
04047
09165
01890
00060
03629
02338
03664
00783
00997
00384
11928
02548
01661
08680
02551
02552
00925
03701
03565
02621
02622
02492
03555
00208
01241
03723
01872
01129
01338
02441
00784
03733
07001
01495
00228
07007
12257
07462
03321
03529
01246
00639
00156
04063
01484
06447
00673
01295
13488
13486
13489
13490
06910
02316
06941
03703
00164
00658
00382
00135
06966
13979
07025
03585
00274
09932
01735
01736
00891
00800
01531
13993
02004
11750
03834
03977
02967
02357
01613
00809
01480
01585
01950
00351
05541
03499
03498
02687
03113
06970
04077
04078
08602
11189
08999
01807
01866
01962
02434
02433
02435
00567
02563
03926
06960
03111
00791
06919
07001
01621
06879
02528
07258
02337
00748
01710
00973
01790
03685
04485
01749
01719
04564
01963
01520
02806
02806
03696
07566
11717
09015
09013
09014
06180
01915
00969
09710
09458
00652
02169
01935
00833
03274
03272
06889
03744
09005
07058
07783
03526
01875
00626
01720
00347
00348
00349
00350
00688
09792
02033
02034
02313
01772
00945
00981
00806
03596
00949
04047
02879
03040
02952
03076
02876
02988
02881
01951
01737
01724
03224
02417
03219
03800
00793
14652
00794
13622
02527
06959
06888
06920
10026
00024
01647
07052
03768
02933
02994
02931
02895
02874
02961
02904
02878
02982
02890
02965
02886
02892
00705
01299
07107
01012
00919
02939
02963
02990
01056
02897
00948
12060
12058
12057
07341
06213
06207
00979
01937
07447
03686
02970
01207
06949
01689
01126
03101
06204
00275
00927
03301
03301
00946
03707
01902
01903
03110
04561
13775
04079
09815
00876
04066
11069
11070
11071
11072
01782
00662
00059
04058
03230
03229
06942
07444
03497
00036
01057
07056
02340
02346
03111
07568
03551
03308
06886
00700
05592
13529
03327
09817
09816
08310
03308
01892
01876
03216
03671
07146
03559
03561
07117
03575
02843
01159
03550
03210
00773
00972
13019
13017
02662
03310
02838
09903
03648
00241
00239
00240
00962
02956
01745
01712
01468
01479
02339
03652
01803
03075
01462
03270
02503
09858
06412
06919
06919
03581
11924
09808
02913
01409
06173
08974
03471
03631
01259
07071
00912
03271
13821
03657
01486
03437
06180
00346
01698
00566
02003
01953
01784
02300
02299
02298
02297
03702
01867
03834
01163
05810
01778
01358
00790
01770
00380
01993
01681
01442
00075
07053
11754
00508
00426
00425
00796
09761
00873
01911
03183
07042
00939
01596
03569
03545
01358
03544
05520
10979
00950
01627
03657
03536
02919
02954
02342
06287
00012
13789
02619
00389
03787
06966
01961
02160
02356
01783
03311
00928
11753
03177
02834
02519
02600
02945
07098
00991
06173
04077
04078
11710
03593
03301
00789
01991
00274
10206
00133
06861
06969
07478
07090
06188
12267
01147
00213
00688
01569
01679
03438
03587
03503
00259
00995
01534
01885
02013
02015
04077
00767
06076
00975
07099
04096
03168
01489
03588
01925
01000
01929
00507
07056
03439
01810
04763
03734
01491
07461
06940
12152
07074
00274
09117
13926
01993
13979
09935
01546
12992
01790
01709
00978
09703
04568
02356
00343
00342
00341
00340
00339
00338
00337
00336
00335
00334
00333
00332
00331
00330
06966
00405
00404
13789
03553
01092
00525
00526
03834
07658
15727
15738
01834
01607
13953
15725
02428
15371
15726
01921
01924
00567
01515
06213
02418
00970
00970
00034
01840
00895
01178
01654
01069
01715
01659
00813
00459
00632
01897
01130
13832
09759
05946
13015
01467
01467
03625
02050
02051
03417
14415
01985
08679
15977
15977
15987
03301
14232
14228
14231
14223
03699
15894
01267
03311
03834
15725
15727
11645
14226
00518
07257
13018
02067
11707
11709
11708
14218
14233
14219
14227
14228
14234
02028
01977
02029
14222
01980
01980
14224
01990
01985
01985
01985
01983
17103
02030
01980
14225
14233
01992
01992
01978
15035
14233
14229
14225
14228
14220
14230
14219
14219
04084
14225
14225
14228
01977
01977
14218
14237
14237
14230
14230
14230
14219
14236
14221
14235
14233
14228
14232
14234
17686
17838
03574
18138
18139
18138
18369
03742
18554
18707
06147
01971
07171
18844
03825
18979
08151
19172
11991
00798
04771
01990
01990
01992
01992
19405
19411
19713
07315
20484
20483
01843
05770
20074
12132
20326
01214
21636
21600
21829
21829
05275
02257
01534
17758
17759