14230
14230
14230
13408
15770
15581
15555
10562
18923
18334
16345
19587
15548
03297
02028
17836
18446
16962
15034
14233
14233
14744
01160
14665
14218
14218
14218
01524
14234
16961
05603
15125
15125
03892
00970
13381
00027
00813
00956
01739
00632
01239
02083
05874
15035
18333
16238
15396
14228
00971
01708
01176
02056
02056
02056
02056
02031
02032
05989
07666
07684
05874
02477
00355
05835
07232
05812
01175
08316
04063
01840
01759
00799
01664
03719
14232
14232
14234
01897
14221
14221
14221
02083
14225
14225
14225
14225
01190
00073
02562
13053
08313
12262
01185
01185
07497
02469
07677
07687
07676
12975
02032
02031
02034
02033
02035
12941
12368
12369
12370
12371
12372
00694
11103
00874
01821
07290
01521
07058
03088
00116
07407
02529
03826
01246
12686
01878
01879
02798
02799
02800
00009
04564
02379
00123
00124
00127
02380
00138
08160
00098
05782
02058
02030
02030
02028
02028
00433
00065
00020
00799
00799
03566
03566
03566
09017
03574
08234
00537
00633
06178
04065
02778
03475
01485
00108
00130
01582
01270
01941
01457
00839
00996
04099
02484
01271
04771
02099
03566
02358
00974
06147
02054
02001
02058
02058
02058
08172
12340
05875
04753
06221
06221
05540
00557
07459
07497
07497
11745
03457
08351
07279
01266
05499
10560
10561
02075
02477
02485
00344
06212
13936
02052
02054
00090
00065
03079
01069
00042
00042
01048
01271
05799
13641
02055
10559
05874
02483
09020
01096
01120
00799
00568
07506
10038
02030
02028
02031
02032
09810
01671
01150
07497
08970
07245
01239
00799
02062
02028
07771
01183
01055
01271
02028
03973
02030
02030
11903
12262
00537
01185
01185
01185
03668
01802
03292
06218
00005
01485
09017
01185
00884
02847
03406
14230
02054
02052
02055
02055
02054
02052
07497
02058
02030
02031
02032
07346
03767
02030
01838
03719
02031
02032
03769
02031
02034
06133
07483
01104
06903
01658
07782
02033
02034
14222
14219
14237
14237
14237
14977
10441
02532
03406
01805
03587
07393
07014
09904
06899
02897
06183
07552
00046
13896
13895
13894
13893
13694
13637
00040
02356
06940
03291
02768
11183
00882
02769
02770
01151
11733
02015
02013
11929
03722
06193
06970
03583
03582
03581
10440
03704
08177
05515
07711
07715
04751
05916
00600
05820
01092
13643
04487
07751
00940
06941
02656
01892
03977
07088
08191
01187
03601
00088
01951
00878
00941
09955
08322
08323
08092
08303
09946
07664
07642
04046
00616
00029
09768
00228
01448
07223
02048
02046
02047
02045
12339
02777
08483
02784
01738
06203
03528
01972
09954
14347
09962
03735
03736
01885
11535
03322
04103
01779
00845
02478
14261
06910
00852
06214
04338
04337
04333
04335
04334
04336
07241
04656
05796
08315
04651
04652
04653
04654
04655
01061
11209
03823
02073
07733
07401
02193
02194
02195
02196
02197
02198
02199
02200
04754
06076
01782
08296
07320
01736
07261
07090
09906
00647
00375
03473
06173
03975
01963
11754
03749
03558
00764
03186
10014
10016
10015
10017
01258
07071
02821
02822
03475
00615
00615
13788
00925
09899
09161
08722
14260
00330
00331
13378
00334
00335
00336
00337
00338
00339
00340
00341
00342
00343
05594
02552
02551
08680
01661
02549
01911
03781
11107
00526
00525
14234
03629
04081
02470
04080
00835
02313
02338
00758
12289
02507
00891
01735
03112
06223
01783
01091
01867
02302
00363
00362
06915
04095
09131
01425
09923
03439
06919
02226
06445
03271
02346
00769
11750
11926
00931
00147
09712
01951
07043
00219
13816
14051
05349
03556
00688
00705
10110
10108
10111
02024
05775
09474
00567
00262
07214
02013
02015
02015
02016
06903
06907
06908
06906
06905
03649
03086
02316
02970
01409
08591
01633
06153
07184
00982
03272
09806
02858
01515
09920
03651
07000
02622
03923
02621
00655
12957
01760
03561
03559
12299
01630
00865
01753
07678
03215
00951
01937
01689
02790
02791
01788
10026
01737
00380
00381
00390
00860
05589
00991
01770
06176
03787
00573
06194
03087
03555
08305
03743
03553
03565
01872
03563
01919
07173
03106
02959
02860
00554
02884
06908
06907
06903
01626
14187
14170
05809
05807
06180
05810
03695
03761
00998
09181
03672
03214
03446
03543
02002
02000
07702
07700
00526
00525
03647
06191
00375
13652
06980
09159
03840
04763
03981
07462
02836
04567
07724
01940
01295
08159
03790
07010
07799
07788
07789
07473
03585
02790
02791
11922
02471
01586
02759
02761
05350
02760
13637
02529
05939
08227
03573
08311
08484
13292
00560
02679
02680
02681
01407
01448
08304
02426
01766
06968
01146
06966
06879
06175
00674
00990
01265
02967
02357
09903
02838
00099
00806
00981
11749
07277
06142
02536
02372
00677
00748
03470
02337
01962
04075
06079
01881
06080
02073
02072
02071
03273
00821
10914
07397
00855
10972
01483
10973
01608
01816
10975
01466
00865
02381
00926
09898
07019
06158
11748
11747
07070
03775
03745
03772
07235
07236
07237
02950
02992
02355
02358
02192
03594
02654
02462
02461
02460
02459
02458
02457
02456
02455
02454
02453
02452
02450
02946
02906
02926
02892
02886
02965
02890
02982
02878
02904
02961
02874
02895
02931
02954
02994
02933
02881
02988
02907
02876
03076
02919
02952
02948
02986
03040
02879
13638
09890
03282
03499
03500
00604
01462
04096
03747
07479
07566
00014
14393
01895
04084
07791
01744
07113
04078
04077
02356
03098
00247
00246
00245
00244
04568
01613
06949
13288
06925
01448
03572
00791
03666
03665
04088
04087
09937
01939
13771
12573
03218
09456
06889
02990
02686
02963
02939
07269
03773
07322
01119
07109
07304
07278
09800
01507
03841
02558
03402
00024
07724
02523
02888
02899
03979
07643
07259
03624
07574
02427
03798
00796
03431
03075
02600
02519
02834
03177
02956
00962
05803
05592
01993
08303
03824
07461
09979
05774
06162
05780
05781
06163
06164
06165
06166
02043
04068
01226
02818
02819
03485
01531
03762
03292
01811
02529
10544
10545
10543
01805
00854
11530
08321
10555
10557
10556
10558
11531
01703
01561
02168
02167
02348
09936
09936
05517
03750
06141
13051
13892
13889
13890
13891
01070
00121
01495
07148
02529
10540
10542
10541
03748
00027
04091
07258
01147
13635
03734
07026
05794
01420
14055
00325
00324
01273
02035
02033
02034
02031
02032
03321
01627
02493
02835
02492
02494
00919
00948
01056
04087
06942
02014
01489
09996
09998
09999
09997
10000
11066
01620
00156
11933
09824
03704
06891
03694
02518
00684
00384
03466
03634
07478
01875
07309
07306
07307
07308
08219
04069
09967
09967
06988
00244
11106
13654
02035
02034
02033
05396
01750
01011
00059
07002
07224
06907
06908
06906
06905
00656
09136
00831
00800
00945
02945
05788
02238
11085
00912
03704
03704
09927
09791
00979
06219
03633
03804
03632
01893
07243
00720
01625
01690
00851
13979
00074
01745
05845
05846
05846
05847
06911
02029
02029
00372
00362
06940
06199
07552
03704
09945
02016
01322
00661
02100
00016
01491
02020
07178
01662
01095
00946
03625
00794
11752
07738
03074
03072
03210
00773
07568
08682
03386
00681
03311
00549
07726
07636
07657
03547
03546
00847
03554
09913
14591
01995
01998
01997
01999
03089
09811
09812
03110
08993
01534
04085
09125
02445
02027
02025
02026
01226
05834
03654
01058
05786
07120
03284
03657
03733
09921
11106
00244
03734
07703
07701
02014
02016
03305
03893
02053
01443
06988
13655
13651
03497
03496
00891
09781
01011
01085
12973
01952
11991
02809
02810
07106
00997
03474
03584
03595
03685
03100
03596
03803
03598
03597
03088
00278
05590
06866
03648
03687
00858
03631
06186
09801
03664
10013
01778
05851
01749
01719
02496
02498
03293
02852
02853
12582
02805
02472
01791
05790
03575
08306
02843
02841
03279
02847
02849
02844
02527
12984
00954
10563
02913
02902
03630
13038
01520
05501
00762
00989
09458
01972
00942
03060
00556
03655
02761
03312
07560
07058
06207
01915
07708
07712
09894
03978
02335
03673
09896
03752
03753
01581
01714
07027
03322
10552
01711
03328
01104
01991
02529
00852
10439
10440
10441
06726
03549
03924
03718
06205
03495
03501
02116
02108
02110
02109
02113
02111
02115
02112
02114
04042
00820
06182
02040
02037
02038
02036
02039
00457
06901
03406
03650
03217
08998
03536
02914
09918
07806
14682
09612
02302
00957
00763
01256
04091
00299
07140
12297
03808
06192
09857
03812
01716
04770
09911
03286
07343
03658
01734
09909
06929
11940
06969
01512
11179
02012
02011
02010
04064
11105
09471
14056
09473
09470
01141
09802
01223
02752
02753
03487
02031
02032
02035
02034
00681
13255
01438
02034
02033
02035
01439
03710
13891
13890
13889
13892
00824
00374
00373
00371
00370
03281
02035
02032
01224
12308
02024
07002
05966
05964
01643
01644
01646
01910
07700
07702
01241
06177
02532
01193
00692
07552
06889
02031
02840
10218
02032
02031
02034
02033
02035
08641
01187
07406
02078
02078
07107
00647
00059
09458
06222
08307
03469
12251
10536
02342
00681
02029
02029
07127
09983
14287
08964
09880
08967
08963
00899
12112
12111
12113
03931
01284
10778
07504
09919
01673
07304
01821
03475
02822
02821
01635
05984
00383
07115
01414
06149
06144
07007
03406
03825
06911
02760
02761
06145
00851
06155
00133
00700
02438
00975
00703
00688
00111
02444
02441
07154
01761
02439
03477
03476
03475
02822
02821
03078
03077
00688
07400
02170
13929
13930
13931
13932
13933
13934
13935
13928
07490
04759
04758
06959
04760
06894
05367
07347
07659
07638
01610
04083
04762
08312
05366
12288
01684
01631
00883
09968
00675
00812
07160
07006
04782
00432
02010
02011
02012
02032
02033
02035
00812
01714
01439
00059
06200
02057
00840
00673
06447
01484
05526
02072
02071
02073
01996
01995
01998
01997
01999
01698
08990
06918
03971
03970
03969
03974
03305
01714
00868
01866
00275
03305
12972
04477
03675
08162
03790
09915
03810
03980
01887
09907
14155
06201
07136
01876
08310
01159
03550
03551
05349
02755
02756
02757
01223
03488
11738
07124
06978
02034
02033
02035
01874
09001
06077
06075
06938
10680
03683
07390
03604
00574
00793
03327
00873
06078
02426
11717
09015
09013
09014
05997
01007
09773
01626
07225
02016
02015
02013
08997
03800
13695
12963
12962
07264
13014
10011
10012
03593
00876
01494
07289
00963
01710
00973
01784
09690
09691
01854
00033
11755
11216
02526
08313
04069
00656
04062
03113
01591
08992
01497
01681
13634
03168
04774
00768
02233
02231
09933
13727
03760
00677
09765
13979
03704
05876
07781
02532
00005
06159
07787
07798
07810
03284
03446
03543
01077
03543
07053
01657
00766
13498
01696
01695
07275
06940
06190
10806
03832
09780
09981
06131
09901
04072
00857
03746
00012
07001
09858
01433
13889
13890
01778
03786
02014
05349
07240
07240
02355
03809
09816
09817
09815
02560
03897
13745
00873
00036
01625
07285
03684
03608
03609
03610
09902
08305
09160
03611
03314
03603
00285
01775
07552
01916
07283
07559
09786
07180
07274
01792
00134
07305
09916
08281
01424
04773
03169
08320
01142
03721
11065
14058
00059
06610
03737
05816
05813
05814
05815
03778
09978
01118
03578
04775
01299
07639
07661
06151
06152
07673
02575
10773
03613
03612
03614
03615
03616
03617
03326
02027
02025
02026
08224
01935
02011
02012
01804
00853
10537
10539
10538
01686
00694
01479
01468
05836
09975
02051
02050
02049
01745
01712
00817
00005
00046
00013
02049
02050
02051
01755
02029
03406
10037
10036
10107
07266
07265
09689
09688
14347
01488
14155
02790
02791
06075
07032
00134
11312
09900
01246
10748
01679
01809
02068
02069
02011
02012
02010
07402
13482
13481
02027
02025
02026
06901
09771
04047
03088
11939
11934
07665
07644
01704
03590
03589
01921
01924
02563
03588
01925
01000
01929
01928
03587
03586
03438
03925
03435
01653
01652
05798
01649
00052
01703
01704
03291
03702
01223
09893
00611
00690
01478
00926
00611
00609
00610
09022
07395
14053
10112
04844
02026
02025
02027
00690
01685
00041
01812
08191
07393
06911
02033
01714
02035
05358
07154
08323
02032
02031
02034
02033
02035
03496
00375
00823
02053
07306
07308
08324
02169
00652
01012
00833
10013
03788
07119
06910
01051
07404
02017
02018
02020
02019
05776
01784
00965
00849
01785
01834
01626
03811
03517
03640
03641
03646
03560
03562
07107
00426
00425
02654
07056
07121
07460
12961
03814
07648
00265
00266
03600
03599
02996
02871
06916
09908
04772
04691
00790
07122
07323
02067
02066
02065
07301
06041
03270
11719
09774
06861
03092
05808
02806
06958
08485
01042
01465
00077
02855
07248
00782
02014
00117
09984
08169
10857
02035
02033
02034
02031
02032
07126
02035
01935
01902
01903
00658
00164
00240
00239
00242
00241
01647
05522
01304
07160
01669
01546
01547
01548
07646
07667
03645
03406
03839
03711
01886
02802
02803
02804
02564
01443
02565
02566
01953
03184
06168
06217
06140
03592
09889
03623
00135
03568
08301
06287
03571
03570
03569
07147
03786
02160
01961
14392
02687
01674
03557
12974
09969
09970
09971
00059
03111
03701
07214
07006
03292
03292
08318
00832
01775
02314
05539
09823
03327
01356
00901
00631
03179
02035
02033
02034
03406
00836
13745
06044
02478
01223
03502
03503
06889
01996
01995
01998
01997
01999
00286
01993
13954
07042
12945
01439
00831
06999
06957
07054
01923
07287
01714
03567
03564
03548
10763
02824
00761
01933
11175
00657
00937
06213
01247
01883
03768
03269
06169
01588
01589
02004
02003
10804
05838
07340
03181
13256
01810
00928
03453
03324
02053
00548
00906
01637
01638
00651
00602
01945
05787
09891
05982
01599
03426
07740
03147
00788
03148
03154
03149
03150
03046
03043
02935
02864
02863
02867
02601
03073
00867
11901
11900
11903
11897
11896
11895
11902
11893
11892
11891
11907
11924
11604
11607
11605
11606
03835
06911
09973
08223
03455
00892
01772
00939
04079
06187
09747
02343
00759
09790
04067
05802
03577
02909
02919
02077
02074
05839
01486
06901
07443
09914
10805
03320
04752
05800
01738
11938
06920
12500
02237
03770
03530
01338
03544
01358
03545
03524
00075
00230
03498
01825
05368
03182
05995
05785
03424
03118
03117
03116
03688
03690
03183
09760
00757
03781
01061
08483
11189
11201
11203
11202
00656
04069
11202
00549
03576
01126
05816
05815
05814
05813
01996
09961
09960
07088
01676
05527
07286
08218
02297
02298
02299
02300
09767
00077
03152
03151
03602
00795
02851
03628
03671
03732
03656
00053
02521
01754
01687
00826
11258
01652
08178
07391
09897
02057
02057
01776
07345
07347
07345
07052
14060
07124
02436
02773
02774
02775
00094
08302
10778
03823
03897
11068
07023
05813
05815
05814
00881
02057
02057
02430
00281
02437
00605
03185
01262
09895
09888
01934
00058
01807
05596
00322
04761
01755
00930
00145
01438
01595
00297
12525
03764
02909
04066
03591
01419
03667
02548
02553
09892
02440
00864
02446
08154
00528
01803
02048
00850
06006
07662
07640
03216
00640
00057
03071
03676
09798
00060
00639
03274
07052
07313
09807
06895
03442
02532
01624
00927
03472
00615
07387
01585
00789
08137
02742
09761
01920
07735
07447
02669
06997
00286
02221
02500
01814
02501
01089
00817
00013
00765
02403
02402
02556
02557
03407
03408
00558
02034
02033
02035
06197
07300
06217
07224
07243
11928
13821
10010
10009
02424
05396
02425
02405
02406
02407
02422
02423
03829
08994
02408
02409
02410
02411
02412
02413
02414
02415
02416
02417
02418
02419
02420
02421
03212
11074
13633
05877
00575
03412
03413
03414
02401
02400
03516
02399
02398
02386
02387
02388
02389
02390
02391
02392
02393
02394
02395
02396
02397
06518
11075
11076
11073
05844
10678
03674
07085
09475
02029
03415
01720
08169
03782
02050
02049
02051
01470
02051
09912
03710
10680
07124
00286
07258
02029
07347
03919
00014
01706
13918
03535
02647
01129
01243
06858
03281
01845
02015
02016
02013
02014
05365
03579
01975
06206
06204
01894
00950
07645
00606
01918
01579
01673
07090
01194
00697
01087
03324
01531
09824
09474
08317
05979
01714
04045
03762
01730
05804
06074
00432
06073
04764
01890
01889
02887
02916
02520
01868
05595
08308
01815
07038
11925
02064
02063
02336
03580
06177
12684
05801
04744
03771
00097
02528
06195
01525
00287
11746
01955
03776
11901
11900
11893
11892
11903
11907
11891
11896
11895
11906
11910
11905
11911
00425
00426
08167
02035
02032
02031
02034
02033
00425
09808
03723
03885
07000
01207
07251
07337
03424
02341
00943
07082
02619
09458
00059
00645
00648
03621
02911
07040
06179
08300
01465
12149
12148
02846
11744
07146
02517
08161
12147
03669
01956
00215
03527
03774
03101
01870
11753
02968
03717
03313
03686
04043
07034
03831
00616
03310
09861
01733
00872
12524
02533
07773
05805
05804
03720
08309
06211
04485
01079
07186
03784
01839
01619
03424
02837
00426
03534
02429
00549
07304
07305
01811
01823
09932
00077
03478
01222
03490
02759
02761
02760
06145
06152
06151
11941
03543
07470
11534
07313
00995
03703
07689
01649
11737
09018
09021
09023
09019
09024
09016
02035
02033
02034
02057
09701
07154
03789
02344
00564
02856
02854
02855
00848
01813
01629
03534
00863
01752
03837
01575
01652
11720
07091
01255
02339
01873
07347
07345
03828
01586
03367
03367
00648
00648
06133
02003
02078
02034
03670
00574
05846
05847
05846
05845
14057
12940
12941
12942
12151
01921
00135
02042
02042
02044
02041
03777
07262
05541
11927
08161
06890
03635
03636
03637
03638
03639
09972
06518
03316
06901
01092
02016
02032
02031
03484
01193
02809
02810
00847
12267
09857
06192
03808
03808
01265
03182
07154
00101
06139
06138
06137
06136
06135
01273
06189
03820
10001
10003
10002
10004
01869
03643
02340
00969
09710
00783
05515
05837
03642
07258
09158
03801
03644
03425
02029
14233
01835
02778
02779
00615
01840
01176
01182
00705
01183
14225
06956
08169
03799
03797
03607
03808
11392
13953
03655
06895
00760
02468
02466
00068
02781
02782
02783
02783
14588
00797
01611
09910
01682
07345
02053
00382
00627
00163
11734
03807
03806
00767
02682
02504
02505
00364
00859
09862
03070
13301
07156
02217
02345
01259
01354
05591
08289
09917
01665
01752
02793
02794
02795
02796
00563
03704
00031
06181
12152
00566
07153
01756
07660
07637
01258
12410
09808
02535
03531
00632
01897
01002
01607
01487
01139
01524
14762
03549
16013
13409
13409
13408
14237
14237
14234
14234
14220
14220
14220
14233
14233
14228
14228
14228
14228
14230
14230
14235
14225
14219
14219
14219
15724
10823
14227
14227
14227
14226
14228
14218
14218
14761
14742
15054
16012
15257
15256
11741
15582
14219
15580
15580
03468
07229
15545
16301
14224
14224
14224
14224
15738
15540
15554
01082
15634
14231
14231
15773
15771
15553
15553
15532
15633
15772
02428
03446
14219
14228
14223
14223
14223
15723
04765
03585
12543
15461
15460
14236
14236
14228
15577
15578
15580
15583
15539
16347
15836
15536
15834
15832
15831
15830
15829
15828
15827
15833
01713
03298
08679
02028
15977
12542
12541
10716
18138
15984
15974
15977
15977
18139
15922
05802
16092
16088
16301
16088
16136
16137
16137
16137
07347
07497
07497
01983
03321
02030
02029
02029
10109
16087
16077
10013
16066
16074
16074
11736
01978
16203
14189
01980
01980
01980
01980
01980
01980
01980
07038
16210
16210
16210
16210
00209
16345
16348
02002
16514
01990
16515
16516
09476
01977
01977
01977
01977
01977
01977
01977
11645
02495
16370
16322
16371
01223
16263
16264
11959
11960
10238
10930
10931
10962
10932
16693
05816
13891
14229
14229
14229
14229
14229
10965
10934
16703
16704
10439
02033
01985
01985
01985
01985
01985
01985
01985
01985
19230
12368
16692
16692
11961
11962
11963
13693
02055
07046
10237
10236
02029
13892
16963
02030
02029
16839
16842
02303
16868
16841
18138
02756
02757
16840
12678
18138
02029
17195
02503
19227
17247
07307
18139
10440
17713
02010
01990
05601
10111
01992
01992
10111
10112
10112
14062
16165
17686
10111
19789
14744
17758
17759
00254
03585
02031
02032
02073
03366
16135
02525
21430
12975
18199
18335
19586
18324
18326
07260
03446
18457
11904
18456
18479
18478
18555
18581
18697
18691
18765
18889
01214
18850
07171
18893
07062
20861
07263
07726
18800
18778
18657
18890
18850
03976
03526
18979
18991
18988
19048
19000
19155
19156
19221
19162
19222
19226
19229
19236
19147
07452
19157
19158
19238
07319
19228
21498
19235
19159
19168
19164
19265
19265
01066
01992
01992
01992
19416
03722
19338
19338
19267
19337
19270
19304
19334
19270
19302
19333
19354
19303
19577
19611
11209
19585
19776
19775
19745
07451
19784
00799
06131
00799
15777
19802
19802
19803
21613
19804
19810
19837
21636
20268
01236
20542
20543
20543
20541
20541
19591
22132
20525
01239
20885
20866
20862
20881
21021
21023
21029
21086
21087
08968
21090
03292
03651
21470
21495
07334
01451
21645
21699
21698
21695
21936
21974
21975
21976
21990
22041
22015
22051
21993
21973
21976
15576
05275
22105
22110
03077
02257
22397
11391
22293
11206
13566
07319
00424
22489