03560
18923
01006
02029
06999
07390
10773
07056
03116
01095
02888
02899
00928
09888
15371
03650
00773
01972
07115
00912
02517
03564
04764
05349
02198
09808
07552
03581
02470
00790
03060
00997
03070
01154
01154
03925
03438
03587
05515
13599
03185
06894
06920
03790
03544
09760
01873
03179
00943
01874
03424
03183
03688
03977
01142
03601
04744
02528
03704
08276
03531
03218
02358
02946
02906
02926
02892
03074
02884
00554
00925
03978
07243
06190
03642
08218
03551
03550
01881
01495
00979
01937
00024
00029
07088
04566
03820
00208
00330
00331
00332
07461
04075
03798
00240
13292
03217
00995
01462
03301
02445
00940
03495
03501
01627
01129
01887
02621
01494
03071
13584
06879
09987
00325
07275
03762
03075
09125
01883
02967
02357
02527
01892
00566
03089
03641
07043
01808
03555
01524
01866
06442
09748
02600
02519
03584
04485
06178
03834
03186
04066
01698
00343
13643
04487
04487
02523
08218
06895
05567
01354
05837
03596
02836
00413
00412
00411
00655
01867
01749
07018
02886
02965
02890
02982
02878
02904
02961
02874
02895
02931
02954
02994
02933
02881
02988
02907
02876
03076
02952
02948
03040
02879
02968
03687
00989
04078
04077
09816
05939
01870
06980
03684
00382
02919
01358
02945
00945
09861
05788
04773
03628
07462
02835
00627
02520
03524
04564
11754
03523
09778
00812
04754
07001
02536
02372
00677
03671
09773
01599
01772
08973
00228
03762
03572
02913
02959
11066
03801
03313
03427
02339
07091
06167
06985
09747
02343
00324
00324
03624
02194
05566
05571
00031
06207
00162
00161
01142
02259
08300
02535
03590
03589
01921
00075
01924
05527
01613
02356
02909
02902
02065
02066
01775
06925
02109
02109
02110
02108
07736
03629
06137
07152
07735
00023
03695
08641
02996
02871
07716
03797
02622
09991
08311
02970
13598
03284
03536
02914
02887
02916
02897
01056
06942
02313
09159
03723
01928
01929
01000
01029
01028
03655
03980
02197
07152
03072
03210
06213
02990
02963
02939
00333
00334
08998
03602
02860
02986
00067
07447
04096
03168
06202
07082
00748
03667
01419
00133
03562
01462
05810
01915
07058
02956
00962
06041
11719
09774
06861
00791
00384
01491
01338
01754
03657
00384
07088
00057
00858
06187
02834
01903
01902
03664
01714
00826
07659
07638
00806
00981
03684
01869
02338
01890
01889
01778
07799
02563
03588
01925
03101
02275
07010
08309
00449
03086
06173
01872
03762
09765
01878
01879
07566
02493
06180
01647
03979
03545
00643
04079
09131
03701
09817
02195
03630
01265
03466
03182
03821
01868
01923
00426
00425
07568
06916
00604
01462
02469
03702
03470
04082
04044
07080
05367
03733
06204
06287
02518
09710
06168
05366
04047
00382
02113
02111
02115
02112
02114
01681
00337
00338
00342
00341
00340
00339
01875
03118
02276
06134
02340
04043
03686
05807
03631
01299
00164
00658
01737
03926
03106
02341
03530
09779
09761
03625
11749
07277
00012
02337
00789
03110
02911
00648
03640
11720
03569
03570
00942
09458
02078
09985
00859
00645
09803
03821
07042
03644
00600
05569
09903
02838
02435
02434
00215
06890
01876
01255
03046
03043
02935
02864
02863
02867
02601
03073
02355
02992
02950
00239
00242
07146
04087
04088
07276
01159
03685
03100
09691
12340
09690
00939
01885
00568
07343
01966
01965
01507
06147
10563
15383
01679
03769
00567
05570
01782
03177
03455
02193
05794
00674
02427
09815
00970
02116
01409
03386
01885
00059
08167
02067
03469
09949
02342
04488
13628
03294
01262
02274
01297
00626
02433
00241
03593
02533
03294
02258
01082
05568
05568
05568
03301
03301
00674
00625
07258
11085
07491
05833
05832
01989
04763
01439
07491
06179
08738
01092
01724
01934
01823
00799
06910
05524
06147
14235
14232
16053
14226
01840
12262
14223
14230
14224
14222
07323
14227
14237
14234
14234
14233
14230
14219
14218
14221
14229
01980
14231
14234
01985
14219
14219
14228
14225
14225
14236
00335
14233
02030
15270
17717
00951
17716
14998
09810
14228
02488
02028
06218
14218
14230
17103
14220
03574
08316
14228
01977
14233
14237
05540
01791
12574
05973
11528
06867
06900
11923
07491
07491
07491
07491
07491
07491
07491
02065
07491
07491
07491
07491
03652
07491
07491
02493
07491
00604
07491
07491
07491
07491
15738
07491
02022
18588
18587
18707
06147
07171
07171
03496
07473
18139
18828
03201
03201
03201
03201
03201
06218
03496
03497
03205
03196
03204
03203
03203
03204
03111
03496
16898
16899
06218
07746
07746
19157
19159
00336
04771
06889
09796
07001
00507
03198
03199
04755
03195
03199
02314
01520
03465
02316
01185
03676
06197
03553
07552
00525
00526
02335
21498
21498
10026
21929
03595
11991
02257