02283
03070
03070
03116
06180
00077
00859
03606
01647
02483
01624
03696
03657
02899
03093
00175
00174
03551
03665
03703
02968
01889
02887
04759
02065
02066
01990
02372
02523
03637
03147
02039
02036
02038
02037
02040
06200
03555
02517
02051
02050
02049
02416
03517
00609
03536
02387
02388
02408
02409
00283
00282
02437
01885
01679
03498
00449
03638
01768
02950
02992
02355
02946
02906
02926
02892
02886
02965
02890
02982
02878
02904
02961
02874
02895
02931
02954
02994
02933
02881
02988
02876
03076
03572
02358
03073
02601
02867
02455
02453
06178
03501
00957
03168
01657
03499
02004
03437
02372
03563
02945
00362
00363
02276
00712
01091
02278
02279
02280
02282
03820
01956
06131
02316
03086
03669
03670
02919
01739
06207
03092
06187
02343
03307
02529
02836
01627
01736
00390
01737
01738
01738
01740
01626
01649
03924
03545
03684
03636
03635
00322
03564
02806
02956
02429
03100
02283
03654
01808
03284
03529
03088
01589
01588
03116
03723
01990
03561
04043
02768
01749
00648
03325
03711
02970
04763
03733
03752
03750
03320
03575
03405
02078
00372
00380
06217
03550
03625
03210
03745
03149
03154
01159
01883
03704
03664
03644
02275
02276
01816
03798
01658
03216
03579
03639
03630
02433
03110
02346
03578
01674
06213
03800
03926
00384
00384
02377
02564
03424
03979
03525
02441
00748
02481
03179
03186
03183
03624
02340
03559
02337
02431
01990
00163
02407
02469
02454
02564
04488
03601
03313
01585
03086
02406
02422
00111
02838
01892
06173
03070
02945
03327
01681
01662
03602
03282
03496
03497
03088
02481
01658
03217
02397
00406
02385
00241
02414
02411
02410
04045
05979
03630
01840
00200
00202
01653
02939
03111
02990
02897
03544
03317
03787
02338
02500
02888
00761
02108
02110
02109
02113
02111
02115
02112
02114
03787
03469
00873
01620
02481
03113
03086
03101
00231
02372
02518
02996
02871
03743
02536
01880
01903
01902
04078
04077
02967
02357
02396
01696
01955
02342
03671
02394
02393
02392
02391
02520
00325
00324
00324
03657
02528
00793
02413
02412
02390
02389
02952
02948
03040
02879
01703
01704
03797
03797
00185
02275
02274
00525
02652
02669
02652
02653
02335
02884
02959
03106
02863
02864
02935
00813
01963
01652
00615
02277
02283
02529
03088
00609
03438
03558
01962
02405
02404
02400
03698
02435
03702
04066
02963
03088
02160
02529
02012
03474
03088
03457
02854
03818
00425
00426
02356
02986
01990
01990
01649
00845
01990
02419
01154
01153
02341
01808
02434
03701
03830
02003
03385
02481
06193
03594
01153
01154
00059
00059
02313
01153
01154
03596
02527
03466
03553
03650
02259
00104
03559
01056
01977
01985
01980
02420
02421
02401
02564
00809
03724
03596
02313
02314
02823
03088
00346
00348
00349
00350
00351
02406
02406
00230
02112
02114
02108
02110
02109
02111
02115
03685
02535
01595
03628
03312
01990
01737
03303
03655
03559
02913
03628
03307
02469
01512
03778
03593
02440
01817
04078
04077
03686
03687
03695
02470
02566
03495
02556
02557
02417
02291
02909
02835
02493
02501
03826
03294
02005
00507
00507
00507
00507
00383
00848
03043
03046
02355
02834
02519
02600
02456
01695
03977
00265
03496
02410
00266
00648
05812
04047
01926
03798
04567
04021
04127
03118
06606
04564
04028
00239
00240
00117
00117
03439
03177
03783
06213
01992
01665
03924
02386
07106
03584
03924
04096
04568
05520
04487
04487
02003
02004
02003
03885
03924
02486
02669
03701
03856
06208
05916
05524
05520
05520
03270
04077
02004
02004
01993
02005
01990
02055
01991
02003
01990
01990
06147
06147
02021
02004
02004
02003
02016
01990
03527
05592
01992
01990
06167
03924
06153
05844
05786
00537
05873
02453
03075
02011
03769
02003
07560
03427
03427
03305
02356
05577
02483
07559
06169
05567
05566
05570
05569
05568
03427
03427
05577
07124
00954
00347
06400
07460
05896
07001
03427
06726
06967
07114
06985
07074
06287
07107
00836
06861
07114
07107
07139
06980
07214
07146
07214
07217
03924
03924
06412
01975
01258
06969
06969
07113
06942
07093
02351
06950
07090
06987
06966
07183
07071
07301
06890
07114
07114
06878
06973
07098
02314
06910
07068
06949
07447
07313
03768
07019
06940
06941
03654
03654
07304
03924
07028
07221
07152
07238
07226
07263
06864
06898
07085
07027
06955
06994
06911
07058
07058
07054
06920
07003
07003
07126
07397
07037
07507
07027
02116
07445
07305
07007
07277
07119
07114
06901
03734
06997
07152
06996
06876
07114
07114
06886
03772
03772
07391
07305
07267
07051
09903
06925
07304
09862
09964
07386
03535
07462
03800
09154
05970
07090
07444
01130
07090
08984
08999
09005
09792
09004
08974
06177
08963
00782
09778
09702
09977
09761
09013
08303
10439
10439
08300
07979
03281
05962
08978
09915
09939
02492
09747
01061
08482
09768
01278
09769
09992
09955
09936
09931
09949
00243
03924
03294
01247
03652
09131
09014
06891
09121
06204
10563
01090
08884
00297
09458
06048
00794
08981
08976
09710
08311
09822
08602
09913
09859
01560
09933
07238
07478
09166
09167
09810
09808
03296
09958
07501
07738
07735
02417
07979
08151
07568
07814
07576
07552
05571
10800
02470
00817
01693
01138
01130
00939
01132
01284
01134
01469
01134
01814
00208
00826
01142
00641
01772
01061
01876
01940
01756
01951
00688
00857
00118
00833
01138
01787
01639
01186
01138
01190
01728
01219
00627
01494
01338
01802
01770
00891
01265
00008
00852
01077
01181
00845
01729
00059
00433
01918
01784
01136
00864
00052
00020
01613
00278
01138
01130
01130
00286
01304
01138
01181
00973
00001
00705
01318
01586
00344
01004
01724
01953
00981
01714
01829
01138
00226
00226
01138
00969
01075
01581
00937
01130
01130
01551
00925
01281
00226
01134
00133
00672
00548
00053
00504
01181
01809
00058
00275
05970
01609
01134
01138
00128
01465
00756
01138
01012
00806
01181
00528
00975
00927
01187
00945
00919
00895
01136
01685
01972
00208
00001
01104
01358
01358
01755
01856
00995
00612
00135
03722
01613
01669
00003
01897
01872
01262
01138
00568
01952
01802
00874
01752
00853
01714
01181
01485
00059
00721
01869
00928
01752
00164
01409
01057
00606
00963
01438
00991
01866
01181
00564
01791
01586
01134
00658
01974
01134
01134
01137
00677
01768
00059
01216
00764
00640
01754
03100
01881
05341
00696
00847
01176
01246
01181
01179
00285
01728
01728
00001
00210
01952
01934
01135
01136
00789
00099
01053
01523
00765
01935
01092
00989
00826
01768
01887
01077
00962
01077
01206
00064
00759
00001
01829
00930
01046
00860
01840
01579
01928
01735
00600
00059
00831
00058
00971
01784
01251
01515
00721
00788
00997
01867
01758
01834
00796
00760
01785
00566
01945
00767
00703
01619
01499
01133
00046
00946
00982
01845
00948
01134
00261
01768
00901
01134
00942
01803
01915
01870
00034
00912
00147
01465
01356
00392
01134
00605
01130
01136
00995
00981
01138
01138
00563
00088
00940
01495
01489
00128
00215
00344
01669
00854
00931
01937
00573
01687
01138
01138
01255
01868
01438
01439
01923
00661
01134
01322
00690
01212
01689
01134
01515
00943
01046
01443
00052
00981
00560
00287
00077
00820
01591
00979
01053
01933
00554
00721
00604
01462
01939
01829
00721
01885
01893
01895
01921
01953
06016
07089
06076
00798
01821
01912
06968
03469
06041
10747
09458
10027
15580
01262
06180
11189
02282
01154
03741
08483
02654
01673
03654
01153
01136
01135
01137
01433
01129
00721
00428
00027
00645
00059
00762
01135
01138
00366
01810
01134
00766
01239
01092
00700
01130
01813
01628
00128
01130
01130
05989
01061
01136
00986
01137
01443
01053
01875
00939
01785
00382
01802
01873
01443
00975
00259
01132
01135
01130
00791
01586
01783
01886
01299
00013
00031
01130
00845
01130
00012
01784
01698
00950
01735
01077
00773
01006
01136
06015
00797
00858
00432
01136
00800
00945
01784
00661
01710
01711
01711
00145
00016
01628
00925
01138
00134
00700
01805
00075
01138
01138
01136
00382
01138
00036
01714
00033
01126
01784
00990
01182
00428
00652
01138
00616
01611
01053
01042
02238
11089
11068
07559
00619
10440
10440
10773
10441
10441
11749
03040
03040
09966
09940
09942
01990
01992
09696
09697
10713
03594
03783
03701
02278
06131
11105
02280
02622
03561
03561
03561
03466
07506
04773
00045
07090
03924
07657
05970
01953
02237
07636
11902
01950
07313
11065
08296
06045
06045
06045
01890
06180
05522
11175
03924
03781
07566
08884
08884
08884
04075
02372
07712
03789
07639
05568
11312
05566
11473
11903
01990
02564
11472
01496
11896
00602
11707
11710
03530
11927
01533
06950
03734
04751
06999
06999
07735
13015
09458
11752
12454
12410
00384
03711
06959
13292
06969
11528
03153
12257
09810
13051
07014
03688
11753
06168
11893
11892
11891
04487
11901
03524
11895
11897
11717
03654
03386
11900
03310
09807
09015
01874
01733
11708
11709
03924
01961
11754
12957
02347
01069
12373
00611
13542
13622
01079
13832
13788
12510
12511
13789
05956
07010
07107
12510
01491
01825
09457
01436
00016
00620
12573
18910
00972
01113
03782
00955
07042
10778
00024
01958
13821
04750
05939
13993
07484
14235
14228
14230
14226
14224
14228
14257
13628
14219
14219
14228
09927
13771
13924
07486
13626
14170
14218
14230
14221
01442
14219
14234
14218
14218
03088
00974
00941
14228
01992
14223
14237
14234
14237
14229
14220
14220
14232
14233
14234
14233
14225
14233
14233
14231
14228
14237
14236
14229
14232
01814
14228
01113
05966
14218
14445
14441
07491
14219
14232
14232
01130
14227
14227
14219
14225
15034
01186
01173
00148
14652
14683
14228
14414
14237
14229
01978
10206
14230
14237
14220
14227
14261
06133
14222
00965
14228
14162
14540
11924
14519
14219
03324
01524
15011
03086
03086
14415
15012
03773
06204
14225
14225
14228
14761
12454
14222
15578
15579
15581
03088
03088
03088
15408
15583
15635
15736
15256
15738
15582
08483
11741
15577
15725
02428
15576
15862
15633
14415
15876
07221
10716
03320
15986
12251
19736
15977
06881
03320
07486
07486
07484
03301
15726
10716
03088
01069
16264
11645
03321
11991
00518
10823
10441
10439
13693
14347
14393
02003
11720
07091
00184
13002
10439
10440
10440
10441
16922
17103
16922
16922
01992
13924
14234
14232
01992
01992
01990
01990
14228
14228
14223
14235
10111
17686
19745
05982
17828
00784
14259
13623
11783
03496
03703
01991
16267
03299
15727
16554
05770
07577
07403
07483
07483
07483
07483
07483
07483
07483
07483
07483
07483
03307
07214
06878
07025
00389
08981
06199
06889
06889
07397
06936
06962
07019
07074
07088
07164
09793
09822
09935
07404
01442
11782
07046
18285
11784
11904
18707
02916
18682
04752
20846
18928
18929
18979
12132
03526
08678
00571
22468
01621
19267
19411
19405
19302
01066
01258
15777
19802
19802
01843
21619
05770
08884
03182
12132
12132
12132
12132
12132
12132
20074
20370
01932
11529
20885
01214
01214
21029
09458
10780
20866
00008
01193
02437
01816
01816
00342
12132
12132
04771
04771
04771
04771
04771
03088
03088
03088
03088
06024
03496
05568
04751
13590
03734
06999
03088
07072
03060
10536
12658
00721
02849
20810
11785
19267
06045
10680
02654
05520
03088
03088
03088
03088
03088
03088
03088
03088
03088
03088
03088
03088
03088
03088
03088
03088
03088
03088
03088
03088
03088
05592
06941
05808
04078
06158
04084
06024
03585
12132
21062
01154
19713
03924
03924
03924
05970
04028
08093
05946
01565
13038
01113
10026
13877
21071
21062
02004
02004
07114
03442
03559
02454
02653
02662
02282
12511
02245
04751
02503
04761
02529
02529
02529
07979
16137
17758
17759
03688
00046
03824
15977
06959
00821
00821
03442
21420
06159
21929
21949
21929
22024
05802
22116
01463
08319
00015
22186
03079
03079
22319
17759
02257
22318
22317
22396
22320
22451
22491