00384
00384
03177
09761
02867
02601
02355
02992
02950
00239
00242
00241
07146
04087
04088
03593
07276
03595
03685
03074
02536
07001
05540
03523
02335
02884
05515
01902
01903
02834
06187
02493
03201
03201
03201
03201
03201
03199
05524
02195
03978
02967
02357
06925
07736
02108
02109
02109
03071
02621
06999
03644
07042
06985
02028
06167
07091
03979
04754
02527
02066
02065
03497
03496
03501
03495
02445
03301
07566
01879
01878
03545
03695
02959
03762
00019
03572
00240
04075
01095
07056
02339
06910
06179
06178
06180
09810
09774
09903
09861
09805
01159
02892
02965
02961
00340
00339
00338
00337
00341
00343
09803
08998
09778
09779
10773
08973
03217
03455
03762
07275
07735
03110
07152
03629
03650
02343
03624
02316
03086
03762
02337
00012
03118
03199
05794
02193
04047
02113
02115
01681
05366
06168
03553
02939
02990
00507
00648
03569
03570
03821
06287
03466
03630
03111
03701
03182
03821
03821
03733
06204
03564
05349
02517
07115
02198
07552
02528
03601
04744
03977
02996
02871
03797
02968
01419
04078
03684
03684
03204
03195
03196
03205
05568
05837
03284
02879
03040
02948
02952
03076
02876
02988
02881
02933
02994
02931
02895
02874
02878
02982
02890
02886
02926
02906
02358
03218
01679
03531
05367
06147
03702
03631
05807
02276
06134
02340
04043
03686
07277
03625
02427
03446
02838
02030
06890
03106
02341
03296
03687
02864
02863
06442
02600
02519
03703
03185
04079
03296
07799
01889
02338
06894
03294
07058
05810
03657
06980
03980
02197
07152
03072
03210
03168
04096
02523
08218
06895
00526
00525
04773
03628
03664
07638
02050
02860
06041
06861
07018
02469
01754
07447
07082
07391
03667
06148
02022
05566
02194
00411
00412
00413
07289
02986
06900
02313
03723
01929
06942
01056
02897
02887
07088
04566
05832
02563
03588
02275
02274
07010
03070
01802
05568
04066
03186
02314
03834
08218
03550
04488
04487
04487
02535
03590
03589
03543
01092
02356
02470
06213
04763
03655
01029
05567
03203
03203
03046
02935
02914
01299
06920
02835
02520
04485
03642
03801
00426
09748
03073
03503
10563
09765
09991
09985
09987
02110
09949
03424
00971
03183
03688
07133
02259
00161
00162
03562
03641
07043
01808
07052
06207
00558
00208
03652
03043
02372
03060
00425
09458
07258
03798
06173
01749
06197
09710
09747
09773
09760
03602
02434
02112
02433
01883
04564
03101
00331
00333
00334
08738
00336
04044
04755
07080
03089
02258
03294
01892
03925
03438
03587
06916
01297
04077
00951
02836
03596
03551
08311
06190
07243
00449
02342
03469
02067
03555
00332
01153
03427
03179
02945
06223
07088
00568
06147
03790
03544
03470
04082
03584
09808
01647
09159
02435
00335
00330
00342
09125
02907
01450
00645
01915
01462
00567
01507
00067
01885
01823
01714
00826
00806
00981
00962
01840
00791
00655
01867
01338
01495
01881
00748
00133
01928
01000
00029
01925
05973
03640
02622
00995
00287
01872
01875
00382
01669
00059
00942
00626
01265
00912
01972
01142
00943
01142
03465
00627
01869
01520
00135
01876
01255
00859
01358
00945
01885
01873
00566
01923
01868
01462
00604
00382
01870
00989
00643
01778
01354
01354
00939
01737
00658
00164
00215
00674
03100
00677
00799
01006
00625
00625
00925
00554
00057
00858
00858
00773
01409
00930
01494
01129
01887
00600
00948
01775
01627
00940
00228
00928
01724
00500
01439
01772
01599
01185
03611
00812
01934
01866
01262
01698
01921
00075
01924
01613
00979
01937
00997
00790
07638
00970
01965
11085
09691
09816
09815
09817
00325
07462
09690
07716
05527
03530
00558
01874
03926
12063
12065
12072
12340
03820
03560
11754
08300
04764
00324
01890
00324
03198
07568
03116
03075
02114
02533
02488
05568
12061
02909
02911
07133
07133
07133
03386
09131
13292
11720
12058
12059
12060
12056
00031
12057
01491
12067
11528
02904
02946
02954
02919
02963
01154
07659
03524
02029
00023
07726
00024
11719
02902
13941
02111
03671
12262
02078
07133
02956
08309
02518
08316
03574
06879
11749
02916
13643
03313
01791
07461
13599
14222
14228
14219
14219
14221
14230
14225
14224
14220
13628
14225
14232
13598
05569
13771
05939
01966
14233
14236
14230
14237
03536
14230
14233
14231
03704
01977
14235
14234
14219
01524
14233
14228
14234
14237
14218
14218
14229
14234
14227
14226
01980
14223
14228
01983
05833
01989
01985
08276
07461
14221
01185
02970
06878
02687
02913
02899
02888
03313
09888
00971
06867
07002
06147
06207
03496
00638
05570
04096
05788
06202
05571
02116
15383
11741
15738
01082
15371
15270
03301
03301
07323
17717
17716
14998
01978
17103
15035
17838
12574
00663
18588
18587
18707
03427
06218
06147
07171
07171
07171
16898
16899
06218
07746
19092
07062
04771
09796
03204
07552
10026
21929
11991
02257