14469
03304
05350
01975
01512
07477
03271
04069
02342
02340
06915
04487
01695
03498
03892
06042
02188
00163
00162
01589
10773
04655
01963
07560
03629
00954
01011
05786
01876
06929
03686
02342
01892
00483
07588
00282
07023
03584
01889
06966
00001
03499
07456
01704
10563
08482
00782
07042
07071
02864
01596
01222
03587
01635
01696
04654
07068
00166
01858
02033
02034
02031
02032
02007
01903
03469
01902
04042
00340
01870
01990
06442
00567
02231
03303
03601
02446
03110
01649
02493
00826
03168
02469
03470
07566
02050
02004
03424
06187
02963
01703
01704
08296
03724
03977
01733
01897
03574
02482
03795
07089
03496
03555
00648
00604
03641
00820
01912
02341
02343
00526
03665
01845
01962
02160
07447
06223
04758
05878
02470
00575
00575
02335
02274
06001
01588
01956
02520
06981
02338
00344
03707
03786
03969
02313
04656
01998
03723
09121
03070
03040
03043
00283
01962
02551
01963
08963
01999
01997
01915
02012
02011
01945
11175
01734
01669
06876
00528
04759
04758
02006
03116
03979
00851
06153
07037
09117
04077
04078
00973
01126
01928
06886
03337
03466
02003
03088
00077
06973
00764
03800
02356
02990
03111
00164
08226
04038
04039
03428
08226
00052
01952
06048
02911
07040
01689
06873
01869
00948
02355
00891
01735
03572
03821
02050
03088
00573
01803
07636
00849
00278
03517
00767
01845
10536
02033
02034
00275
02897
01356
08591
07478
00850
02025
07406
07180
09786
01926
03625
02078
03118
03799
07086
00773
01952
00134
03824
02016
05516
00432
09803
03553
03565
01937
01595
03086
03703
01687
07152
06877
02034
01750
03650
08226
03495
00845
03271
02221
00013
00765
03924
01892
03575
00995
02433
06999
07085
02016
02015
02013
03641
07082
00014
02654
01669
01817
07080
03701
07148
02194
02197
02198
07667
00931
00147
01915
03521
03522
00313
08738
07156
01629
01354
01192
00705
01738
07147
03499
00928
00133
03980
02968
03408
03407
03408
01711
03638
06208
03856
09013
04488
09014
05710
02426
04488
02035
00857
01265
03531
03590
03589
01921
00075
01924
03588
01925
01000
01929
03438
03925
03550
01996
01999
01998
01997
01995
01262
01151
05577
09822
03928
02834
02519
07742
07391
02888
02909
00261
07460
00627
02945
03696
02492
01599
01772
01749
01698
02914
03536
06346
02916
02887
03437
01465
02549
06888
01881
01849
07056
01953
00978
02585
03737
06891
02026
02025
01206
09157
03778
01810
06925
03798
00261
03499
09165
01866
05837
03282
00762
07093
03752
02003
03101
06180
02528
01255
07814
01737
01495
03885
07104
02437
00605
09747
01996
01995
01998
01997
01999
01299
01938
05820
03671
00111
03799
00788
00878
08481
02279
02282
02283
03620
06281
06902
03521
03522
02836
04079
04070
00859
01756
09790
03408
03407
01661
07738
01953
01953
07112
03820
00003
00330
00333
00337
00339
00342
00342
00382
01480
10441
10439
10440
00390
00784
09013
03696
00226
03088
00927
00681
07161
09969
09970
09971
09972
02259
00772
03544
03545
00800
07009
00645
09458
01875
00681
01887
06942
00773
01613
02860
06207
00995
01868
08999
00995
07088
01873
03980
03453
09458
02035
02034
03809
02227
00768
02230
09691
07161
07141
08482
03530
00384
03750
06871
08974
00975
00874
00684
02291
09763
03639
03593
01993
05566
05567
05568
05569
05570
05571
00759
01918
00606
00134
01885
04047
06949
08738
00873
00067
00566
00688
02035
02529
09709
01465
03695
00858
00033
01597
02049
05813
00525
01572
05306
00984
01968
03497
02026
07401
00177
00174
00176
07031
06941
08602
02956
00962
06988
01206
06990
09691
09690
01790
06158
04066
01619
01761
06024
00428
00856
01251
00789
04096
00797
02233
08226
01586
11065
07043
01409
03074
03072
07457
02913
03671
08884
01940
01955
00942
01714
01724
03086
01591
03664
02003
01754
02008
02015
02016
02013
01637
01638
02379
07043
03705
03687
03218
00997
01995
01998
01997
01999
03710
01640
03100
04069
03702
00605
07443
02026
07402
02114
02112
02113
02109
02110
02108
09125
10112
09767
03183
03525
00937
06223
03797
09761
02687
00640
09927
00766
01867
02018
02020
01649
00053
01653
00003
01915
03924
06213
07010
04773
05838
05846
05846
01933
01465
00036
03750
03750
07219
03738
01995
03403
03403
02919
02518
00939
02876
02988
02881
02933
03734
03088
02039
01129
02316
03086
00286
00600
01640
03609
02357
09903
02838
00806
00981
00989
09129
02434
07301
01693
02003
07010
02314
02939
02996
02871
02879
02986
02948
02952
07030
02902
03688
02232
05936
03046
03596
01595
05982
02050
01953
07243
01556
07403
06898
06864
00763
03088
03088
06894
06940
01805
06955
07010
01939
07031
03273
00333
00331
00330
00554
03564
08972
02994
02954
02931
02895
02874
02961
02904
02878
02982
02890
02965
02886
02892
02926
02906
02946
02358
02355
02992
02950
03551
03284
03499
03499
00611
01755
00241
00240
03797
00761
06910
06969
00973
09764
07157
06969
09988
03546
07301
02040
00791
02935
02863
02867
02601
03073
02358
01848
03556
00790
07667
05896
00847
00930
00145
00831
00969
00343
00341
00339
00337
00336
00809
00208
06960
02959
03106
03570
09005
02283
02282
01338
02884
01626
03519
07053
07001
03529
00077
09122
00945
01972
07107
03624
01438
03455
03088
03111
00940
03630
03926
01880
06962
01754
00230
03088
00641
01740
02440
05879
01304
01881
01783
02035
00882
03924
02031
02034
02033
02035
02032
02529
03654
01585
01006
08223
01647
02039
02036
02038
02037
00012
02197
02238
01338
00848
03534
07226
01462
08162
01754
01953
00789
02035
01821
01666
04073
02970
02835
00950
03547
08680
07341
01823
01507
03628
01872
00943
08681
06215
07006
07095
00845
00655
04078
01619
02035
04043
03558
09710
06997
04040
00852
00259
07300
00658
06903
06907
05516
11069
11070
11071
06199
01609
04653
07461
06223
07240
02433
03657
00615
00616
03086
00948
03924
02204
01736
02035
02033
06971
03637
07588
00548
02902
02967
03631
07462
02548
01996
03523
00558
02006
06990
00609
02899
02586
03608
02115
02600
11337
11085
02563
01679
00161
01807
01657
07458
02111
02337
02499
02825
01658
01159
00294
00869
01895
01883
02054
01893
07088
01494
06196
02283
01673
04763
03789
01787
02529
11105
02431
03518
03602
03610
04567
00167
08161
09458
01358
01358
00231
01426
01874
01890
03088
01620
00948
01489
03701
01907
01847
03892
07090
00666
00658
05946
02282
01911
00446
00951
01840
00703
18928
00332
02372
08928
08929
08309
12251
01916
07305
05364
03292
00027
01950
03405
03405
01424
11212
00757
11263
00027
00112
06178
03412
03412
02275
02275
06173
10960
00175
03177
02552
03569
03569
00342
00549
04485
00826
00338
00619
01951
02500
00174
00175
04773
02501
03685
01814
00817
03501
00088
03466
02435
08483
11183
02768
04564
05815
05814
00335
01652
01681
00239
03076
02591
02446
03783
04652
11333
03655
04651
02588
01056
04037
11334
11335
11336
11473
00820
00031
00965
00965
02484
11717
06203
03595
01784
11472
11473
12574
11707
11710
07152
01474
01897
06883
00602
01273
03980
01473
01668
05827
07507
11755
01802
13292
03437
02963
09992
05878
01104
07075
07075
07075
07075
00571
07406
00059
00059
03478
00067
00620
13015
01813
00274
06934
11072
04035
12234
00059
03769
02279
07315
00059
01809
05520
00054
12410
07304
00020
03711
03711
07027
07027
07027
03711
07214
01491
00823
00823
03117
02907
12410
04077
13051
13019
07133
01474
01473
01847
01897
00626
00626
00626
00626
09458
01061
01190
11753
03524
01785
08998
00595
01719
00059
03215
01840
00024
00694
06168
01476
01338
14470
01895
09015
01710
02237
01710
07098
01092
01092
11708
11709
00065
01077
02056
02057
04767
12339
00760
04075
01784
02654
07025
01684
00134
01599
02193
05841
10819
07182
07182
01834
01739
00102
07642
00634
08070
05989
00096
00185
00958
02523
05520
08070
00986
00705
08282
05794
08253
13993
03321
02347
13038
00015
00255
01775
03320
00343
09951
06972
02027
09386
05979
13541
09684
01534
07027
00064
01191
07131
01060
07131
05349
05349
07131
01473
06287
02025
05515
00845
03738
07658
02049
01192
06416
00274
07341
00854
01434
06281
06282
03657
00854
04043
07586
07025
07025
03556
12510
05826
01053
03497
00588
03086
12511
02503
03709
07284
07182
10027
03636
01945
01474
06894
02276
03973
03973
01923
05831
01467
01560
06415
05588
00797
08070
01338
05364
01840
07025
06204
00128
04752
07749
03973
08253
01772
03111
06147
02057
01990
01992
01845
02217
00721
03574
13953
02224
01654
03655
03768
00113
03657
01537
00619
07027
11261
07182
01187
04517
00928
00297
07250
12510
12510
03855
12511
01178
00620
02203
05350
00949
01209
01791
01730
05845
07133
09000
07397
01515
07978
02005
03793
13993
13992
09002
01730
06118
01174
01534
13640
07033
02823
13787
02004
01961
02004
11754
01845
14237
02651
00975
07777
02529
07114
07114
13292
03795
07407
07099
08978
02004
07516
14232
01537
01466
00059
14235
07496
14155
01622
01990
00854
08884
07670
05565
04720
06133
07045
02010
05847
14225
14220
07011
14228
14228
14393
14219
03296
01739
07114
01897
00058
03088
00058
00332
12995
06950
13281
00939
02026
02035
02034
01652
03088
03680
03496
01439
03405
05879
02784
08483
03217
09005
02031
02034
02033
02035
03558
03075
01754
00059
07335
06950
05586
13051
03394
03932
00632
13766
06147
04034
04036
03404
00941
01784
10907
14230
06518
14232
06945
07496
07045
07011
14233
07502
14234
00303
00020
01561
14218
14219
14228
14234
09820
05710
08234
02028
01977
01977
08676
07284
03709
06147
02029
09819
01992
03088
03556
02053
02030
01990
02283
04757
10856
07052
01239
01239
10027
14226
07011
02055
03709
00966
14237
14223
14236
14222
14233
14227
14232
14233
14218
14219
14223
14224
14441
01980
01980
01434
04518
14449
14468
01101
01187
01715
01777
01476
03605
02025
14234
01784
15052
14228
14218
14219
14229
22491
14224
14231
14230
14233
14228
14224
01524
02017
10823
15035
05606
00974
01784
00249
00331
00974
03564
01802
06966
07011
02052
13292
14225
04127
14237
14230
14230
00821
14166
01630
00334
07777
14229
01011
01011
01983
09818
01985
01985
14954
08691
14941
01768
14221
14225
00284
14475
14471
14472
07319
03297
00104
05587
03611
07004
02303
02034
02033
02033
01958
02032
02428
02405
15342
14415
02277
15521
15526
10747
02031
10441
06987
05824
15342
05828
15633
02051
10217
05829
05830
15987
18334
15975
09022
00901
01069
01641
00341
03321
03699
00340
16329
00338
03429
09690
16785
15583
10823
16786
16787
02027
10440
13018
02025
10440
02033
02035
16793
16792
04757
02851
02026
07012
16906
02029
16907
02274
16785
16786
16787
16923
16881
16905
14998
02195
00184
10439
17316
10439
16922
17317
17315
01703
06881
01990
17247
10439
17218
17440
01992
15864
01990
01990
01990
15582
17686
11749
17758
17759
08679
17763
17763
04749
19745
06147
00254
07263
04757
04757
07318
17762
17763
17763
17752
17828
04757
03520
18007
14742
00436
06282
04343
00317
15342
07046
01488
19545
15856
15856
18314
18313
22305
02554
03183
18682
18334
18845
07171
21672
18828
07171
04940
18929
02315
19055
19088
07464
07464
19075
19144
09951
07448
19138
19075
00571
00571
00571
19221
00798
19091
19135
19140
19225
07016
00571
00571
00571
19134
00499
00590
19134
07061
19090
19168
01992
01990
01990
01990
01992
01992
08217
02226
20074
19689
11751
09796
12132
12132
12132
12132
12132
01208
20074
20074
20534
18890
18889
06147
20534
20541
20628
01179
07025
11529
01214
21071
21071
21147
21142
03636
21564
10914
10914
10914
01176
21929
21929
01634
22010
22010
01634
00301
14219
22205
01905
22224
22187
02257
07755
01551
00590
00590
00590
00590