00161
00658
00164
01299
02276
00674
02469
00604
01923
01868
02871
02996
02356
01613
01924
00075
01921
02535
02259
01142
01462
00162
02194
02836
01354
03204
03203
03203
03204
03195
03196
03205
01808
03089
02258
00566
01892
02022
00133
00748
01885
03168
00067
02986
02860
00208
01937
00979
01495
01881
01520
02274
02275
03101
01925
02563
01778
01889
02338
01869
00981
00806
00826
01714
01902
01903
00677
02372
02536
00287
00023
01409
02990
02963
02939
03217
00995
00940
01129
01887
02621
01494
03071
03075
01883
02967
02357
02527
01775
02066
02065
02902
02909
00930
03199
00625
00925
00925
00925
00554
02884
03074
03100
02950
02992
02355
03073
02601
02867
02863
02864
02935
03043
03046
01255
01876
00215
02030
02434
02433
02435
02838
02427
02341
03106
02834
00858
00057
00135
01338
00525
00526
00791
01840
00962
02956
02919
00382
01934
01867
00655
02523
01823
01358
02945
00945
02835
00627
02520
00799
01006
01698
03186
02314
02519
02600
01866
03185
00567
03070
01802
00997
03060
00790
02470
03210
03072
02197
01507
01028
01028
01029
01000
01928
02313
02897
02916
02887
02914
02970
01870
01965
00568
01885
00989
02968
02879
03040
02948
02952
00939
03076
02876
02907
02988
02881
02933
02994
02954
02931
02895
02874
02961
02904
02878
02982
02890
02965
02886
02892
02926
02906
02946
02358
03218
01679
02528
01142
03183
00971
00971
00943
03179
01873
02198
02517
00912
01972
00773
02067
00859
02342
00645
00626
00626
00600
03116
01095
02888
02899
00928
00059
02078
00942
00648
02911
03110
02335
00012
03118
01875
03199
02193
01681
00382
02518
01265
02195
03111
00643
02493
01879
01878
01872
03086
02316
00324
00324
02343
02028
01439
02959
02913
01772
01599
01980
01985
01977
02110
02340
03602
02111
02113
03182
03570
03569
01915
03686
06287
00384
00384
01462
01462
03601
03455
06442
03294
02109
02109
02108
01754
02114
02112
02115
03536
03980
03684
06180
03688
06207
02339
03501
03424
01647
04066
03667
03284
03590
03531
03801
01627
03977
06187
03703
06204
04744
03762
03294
03589
03438
03629
03664
04087
04088
03650
03562
03588
03695
03550
03655
03469
03470
03702
03701
04488
03495
03676
03466
03596
03687
03631
03641
04079
03301
04077
04043
03465
01749
04763
04078
03704
03551
03545
00340
00341
03790
03625
00342
02337
06202
04755
03544
03628
03657
03564
03644
03523
03595
03978
03685
06213
03926
03798
03671
03925
03624
03553
03555
06190
03572
01159
03723
00425
00426
06173
00338
04487
04773
03820
00334
00240
00411
00412
00241
01185
04754
03797
00330
00339
01056
00332
00333
00336
00337
00413
00343
00242
00239
03642
04487
03733
03177
06147
02445
00331
00335
04485
04566
05366
05367
05524
03587
03497
03530
05807
05810
02021
02021
02021
02021
02021
04764
05349
01929
04564
03496
03201
03593
06179
06167
05837
04082
01737
04044
03543
06178
03198
05515
06168
03201
05567
05568
05566
05571
06134
03684
05832
06148
05568
05568
07076
07058
07043
05569
07082
07091
00228
06985
07152
07152
07018
03584
07146
06889
07133
07133
07133
07133
07133
07115
06916
06910
07638
03386
06999
07001
07010
06980
07056
07042
07088
07088
06861
06894
06900
07080
06867
06867
06890
06895
06920
07447
07275
07276
06925
06942
09810
06867
00449
07243
03296
07277
03201
03201
09774
03201
07258
09903
09861
07462
07391
07390
04075
09773
10773
01419
00507
08973
10563
08218
09949
09987
09991
09748
06197
09131
03652
09458
09747
09778
08311
09761
09760
09765
08738
09808
09710
07735
09159
07726
07736
07568
07552
03640
00970
03548
06223
00812
11085
01447
09691
09816
09815
09985
09817
00325
09690
07716
05527
01874
00029
12340
08300
02622
01890
07566
02533
02488
05794
11066
11754
07391
06041
13292
03979
11720
00031
01491
11528
01154
07659
03524
02029
00024
11719
07473
08309
01262
04096
08316
03574
06879
00948
13643
03313
01791
01989
13599
05973
14222
14235
14228
14219
14219
14221
14230
14225
14220
13628
14225
05833
13598
13771
05939
01092
14233
14230
14233
14237
14230
14233
14224
14231
11749
14234
14219
01966
01524
14236
14228
14234
14237
14218
14232
14218
14229
14234
14227
14226
14223
14228
07343
08276
02116
03496
03560
15383
05540
15371
15738
01082
15270
03301
03301
16053
13941
01153
07323
17717
17716
14998
01978
15035
17103
12574
03446
18588
18587
18707
06147
07171
08641
16898
16899
07062
04771
01322
01322
09796
10026
21929
11991
02257