10563
09761
02452
00688
11731
03925
07001
09386
02482
00121
07246
11746
09712
07638
02039
02518
15864
09903
00981
09158
09861
02887
09810
09921
09930
03564
09965
02204
02392
02393
02394
02397
08295
09458
08218
03147
03154
03768
03770
01673
03671
03798
02108
01548
07646
07667
05515
03566
07160
03525
03071
03673
03611
01703
01704
04654
09017
02621
01674
02904
02911
03608
03187
02622
00528
03787
00748
03575
01955
00111
09780
13488
03555
09758
02836
03841
02575
01578
01687
01255
00390
01053
01458
05603
01468
09773
01712
01745
03979
00412
00278
00767
00507
01870
03101
01520
00031
00075
00791
01464
01933
00970
00950
00606
00102
00104
00286
00773
01756
00799
00566
01579
01869
00215
00134
00615
00946
01591
00014
01821
00011
00760
00472
01881
00931
00859
01921
01924
01925
01000
01929
01928
01897
01523
01496
01814
07054
01693
00817
00013
00765
00790
03656
01129
01735
00891
01586
02480
07649
01679
02405
00640
00928
01647
01640
00020
10822
10822
00344
00059
00632
00626
01458
01740
01736
01046
00311
00019
00951
01868
01142
00817
01414
00627
00382
00800
00945
00285
01768
00274
07001
00626
00023
00626
01760
01079
02433
01438
00991
08289
02688
01358
01338
00128
08322
01810
00285
00040
01952
01502
00666
00626
00799
10822
01640
00043
01266
01775
01796
00626
01897
00023
01759
01077
00797
01069
01537
01637
01638
01951
00088
01637
04091
07518
01007
01733
00003
01356
05995
01533
00382
00658
00164
01126
00616
01939
00940
00573
00344
01055
01640
01885
10126
05834
00208
01857
00937
02169
00796
09461
01908
01069
00986
01433
00864
00824
01895
01776
05549
05550
02232
01031
01256
00029
01487
00901
00053
01613
01649
00962
01803
00568
00681
00799
01458
01626
00858
01772
00832
01104
04487
01690
00851
01627
01689
00384
01714
00831
01092
00249
01067
00626
00997
03100
00059
00645
00763
00384
00249
00764
01817
00133
00052
01647
01659
00797
00797
00855
01783
00433
00453
00384
01053
00036
01810
00847
03119
00128
00135
05343
00700
00705
01497
00549
01055
03464
01485
00761
00208
00925
00625
02841
00697
01724
08301
01876
01897
00261
01652
02298
02299
01465
02300
01866
01126
00097
01867
01759
00655
01607
00826
00927
00873
01923
00567
00939
00979
00912
00344
01826
00344
00016
01104
00925
01768
08728
01750
01712
03189
01845
00128
01507
01950
00384
01875
00285
00681
01576
01470
00141
00384
00217
01768
00019
01790
00067
01710
00973
00626
01738
03417
01659
01720
05597
01434
01297
01061
00677
00799
00372
01802
00560
00287
07004
02043
00099
00806
01265
02613
01972
00425
00674
00426
01439
00344
03701
01026
04116
01114
00059
01409
01662
00795
03496
00091
01897
01873
00963
01685
03426
01620
07058
01872
00681
01886
00275
00574
01556
00453
00252
00600
01907
05973
01785
06153
00573
09691
02225
00978
02013
00956
01644
00786
01711
00786
00483
01790
00973
00067
01710
00655
01465
01749
01595
02049
01755
01494
02558
01897
00459
00768
01443
00036
01919
01920
00626
00626
00626
00554
00324
00325
00969
00228
01945
04069
00761
01799
01734
00989
00942
00943
00797
01895
00573
00529
00799
00568
00988
01669
00626
00077
00626
09794
09792
05783
03381
01856
03464
01055
00253
00789
00023
01750
00259
00758
00684
04110
00927
00134
01091
00615
00324
03594
09774
03723
04082
01673
03449
03644
09977
07304
01918
02492
03801
00694
02041
03545
06023
07088
07058
03306
09915
02231
07337
09919
05784
03602
07345
03153
03893
02434
09748
02992
02961
01032
01589
00324
02501
00381
02300
02299
02297
07303
00381
01095
01601
02687
03666
03665
01709
03088
00340
02274
01061
02884
03657
03088
03088
01624
01682
02056
03686
02990
02963
02314
02379
02065
03978
01996
01995
00249
02041
01996
06991
01996
01995
01996
02049
03088
02406
03601
01883
03733
00334
00339
02946
02906
01652
02926
07646
03500
02419
02412
03669
02886
02890
02982
02346
03802
02454
02453
04485
09768
02655
06886
07649
09889
06190
09786
02433
09474
04084
02199
09989
14333
09958
09984
09990
03119
03119
00808
00799
00249
01304
00548
01887
00253
00626
00799
00833
00652
01935
01012
01640
00930
00641
00145
01142
00762
01778
00789
00788
01251
01633
00820
00822
00140
09888
00626
00626
00249
00249
00249
00249
00128
00480
00248
01897
00626
00799
01493
00059
00529
01799
00639
00058
00128
01895
00058
01138
01895
00248
00450
02554
01714
00249
00459
00626
01647
00128
03119
01115
00493
00873
01708
00217
00823
00135
00681
00344
03119
00030
00937
00344
03119
01259
01114
01626
00832
00457
00384
00382
01895
06015
01114
00135
00020
00140
00803
00864
00874
01073
01262
01897
01826
01467
01185
00897
00344
01912
01505
03562
03641
09924
09858
10004
10001
09800
10002
10003
09806
00325
03711
03711
03711
10916
03799
00325
01666
13486
02291
03833
01834
07270
00057
00766
00375
00948
00919
00759
01754
01087
00285
00001
00799
06015
01114
01856
00626
00446
10217
01617
01821
01754
00767
00249
00018
00865
01915
05296
05296
00794
00059
00799
01259
00344
04091
03852
00625
01750
00059
04110
00031
00146
00433
00262
01433
01495
01939
00344
00135
05973
01194
00130
00108
00020
01521
00249
01915
01647
03119
01740
00786
00481
01857
00459
01738
05973
01779
00128
01555
01483
01477
01640
00451
06140
04062
02437
01999
01996
01997
01999
01997
07275
03119
01940
02662
03088
03926
02919
02895
02355
02609
02610
02611
02612
02613
05916
02459
02461
02462
02463
00720
01647
00766
01609
00059
00459
04118
04118
01768
00626
01512
01897
00263
00799
01438
00101
00344
00799
01455
01130
04487
00459
00077
00626
00032
00101
00058
00249
01714
03642
01704
02529
05524
03458
07263
04075
02601
02046
02047
02036
02040
04087
03610
02048
10773
07007
03406
00782
02410
00163
00459
00161
02073
02072
02029
02029
02030
02030
02029
02029
02029
02030
07391
04752
02192
03676
03216
00647
02259
07152
03089
06911
07183
02897
02494
07157
06958
02806
05808
06861
03455
03324
09129
03701
02674
07141
07161
03519
02471
03688
08310
03753
06147
02051
02049
02050
07397
02996
09001
06910
09125
03550
05540
07102
07043
03820
06189
07042
06217
06147
00127
00126
03559
03561
03281
02483
03565
02650
03637
01077
02825
01999
00297
01998
01997
08169
00648
00355
03559
03772
04044
04077
06048
02500
03185
05712
03694
03667
09709
10804
09710
00370
01975
00567
00845
01057
00036
01690
00077
03781
00128
01897
00001
00020
00128
00001
00122
07749
01577
01698
00059
01246
01608
01816
00042
00873
00605
01752
01599
01458
00108
00140
01048
01750
00500
01724
00604
01596
00058
00108
01192
01725
01241
01455
01649
01706
01707
05995
00858
00627
01912
00632
00097
01784
01687
01784
01783
01008
01733
00344
01130
01685
03392
00344
00145
01091
05973
01053
00058
03670
00087
01113
00375
00375
07100
02283
06158
03520
01295
07677
06015
06889
00371
08303
10680
09705
09975
00957
09801
09760
04564
00609
02233
02343
02517
09857
09790
07068
08304
00163
02341
09749
00147
07098
07043
09913
03589
03648
02050
03116
07491
05367
06894
07117
05786
03169
06200
02012
07275
00598
03217
08998
03536
00523
03924
02279
02280
02282
03547
03546
03413
03408
02403
02402
02556
02557
03407
03408
00575
03411
03413
03414
02401
02400
03516
02399
02398
02386
02387
02388
02389
02390
02391
10441
01879
01878
00324
03781
01429
08369
02049
03981
02835
03186
00215
02519
02535
03118
04066
09954
03040
03074
09767
00231
02907
03786
06202
02876
07107
02527
03568
09936
11918
09933
09941
05774
02227
01737
02967
01848
09165
02902
02916
00405
09709
09808
09959
03799
09159
03092
04073
01159
09791
05366
02435
07789
02483
08591
04763
02395
03735
02113
06925
06183
10531
02278
02871
13489
07645
06204
07019
01588
03110
07566
07259
01999
02493
01658
10125
04761
03750
03654
03183
01962
03470
06134
03549
06186
02470
03554
03495
03501
10255
03736
03631
07114
02004
02355
02950
02864
02863
03076
02994
07673
01419
02110
03687
02956
00333
03075
00332
00957
03809
01607
03639
03750
07240
09013
09015
04488
05710
01236
03576
03587
01955
05788
00012
03274
03521
03522
03719
07461
02433
02867
03977
03530
02821
00404
02837
08305
03497
00362
02035
02033
02034
02031
02032
02258
01602
00798
01703
01912
04561
02404
04754
02032
02031
02034
02033
02035
03808
03808
04773
02238
02160
01147
02037
06192
02038
03624
00525
02357
02654
06446
02664
02666
02487
06596
03643
03593
06938
07343
02071
02028
02028
02671
02672
03690
03557
02279
04762
00526
00525
01657
07114
02339
02838
02035
02034
02676
04077
02624
03319
03594
06199
03636
02686
02909
03597
02970
02970
02671
02672
02655
02674
02913
03704
02968
03586
07045
07045
02665
02457
02458
06929
02914
03704
04758
02651
02278
02418
02415
03577
08365
06138
06165
06166
02403
01420
05375
07749
00128
02518
03704
01488
03704
03666
06603
02422
02423
04061
05832
05799
03745
03704
07447
00239
09014
09117
02297
03919
01584
02616
03685
02279
02355
06867
01703
07568
02358
00111
02411
01029
02420
02421
02954
02988
06131
02276
02669
07644
03814
01028
03177
02952
02948
00123
00266
03584
03774
03179
02114
02112
02510
03795
00426
07535
06917
02106
02055
02053
02053
02052
02004
02003
03924
07114
07687
00604
04750
08177
00666
08177
03670
02483
07124
02529
07588
01849
00108
07018
00124
01956
02899
00330
00123
03574
02051
06137
07090
03566
00413
07684
03320
01056
00537
00344
06041
00537
01997
02939
03975
03702
07107
02030
01464
08194
03168
02380
03832
04755
09939
03734
00974
07223
00337
01652
01998
02528
03980
02042
03119
02298
07302
01996
01666
00407
01075
02116
03519
03299
00123
00127
03743
03427
01154
01153
08989
03406
05591
00432
08223
03284
03650
03569
03570
03571
05837
02067
02065
02066
03605
07726
03588
03778
04073
02358
07154
04078
03771
04744
07127
06077
03572
03634
03517
00793
02073
02072
02071
02945
07644
01426
03710
07665
02197
02200
03551
00666
00162
02109
11250
08084
01993
07402
05772
02004
06886
01999
06222
07093
00375
03703
03590
08195
03328
02031
02032
02034
02033
02035
02316
01902
02045
07462
03182
13015
01695
01704
00338
02340
01821
02111
06179
01448
00336
00335
00331
00343
00341
03789
02014
05501
09456
03149
08296
06941
08972
09122
08309
03594
03294
02503
03775
01703
01704
00324
01897
10806
01653
01995
01997
01998
01999
01996
07663
03657
03710
07001
07025
01561
07001
07018
06969
02517
02517
00329
00356
03797
07093
03518
01262
07302
07303
00059
01485
00324
00324
00325
07146
06915
06966
05847
09007
01644
01903
03303
03616
03424
01895
07053
02019
02017
02018
02020
02283
02282
02280
03744
02657
02658
02659
02660
04751
03466
02012
02011
02010
05548
10979
03469
07387
07387
01419
02570
07726
07068
07222
06446
02433
01999
01995
01996
01997
01998
02014
03710
00758
02416
01652
07068
06989
03556
00459
07006
02342
00362
02575
03711
02014
06867
05710
01998
01997
01995
01999
03518
03406
02012
02010
02011
02014
00375
07734
02276
02276
02274
02275
07497
07687
02014
01990
02003
02004
03312
03293
03527
07003
03772
07245
07156
07233
06045
04046
02050
02049
02051
07027
02073
03321
03415
03710
02051
02050
06901
07234
02575
03769
03753
05874
08738
07322
07090
05833
03457
01434
06901
07001
02624
05712
02484
02483
03767
00373
00374
00265
00363
14682
02407
01547
01546
07677
03885
01681
10440
00449
01623
01624
01807
06173
03786
07258
10439
01889
03544
00954
02417
01428
03719
02342
02115
02335
02408
05589
02959
06195
01963
01426
06016
01696
02409
02414
00448
03043
03046
02935
02892
03806
02879
00124
01247
03181
02502
02986
05799
06187
03190
03625
07560
07708
03106
02931
02933
09981
02874
03111
02413
03073
02878
05816
09983
02888
02881
02456
01652
00836
01644
01207
02653
03543
03531
09694
05814
09695
02563
06966
07638
05813
05815
04567
01040
01039
06182
06178
01430
07114
02297
03924
03210
03594
02652
03072
02275
00342
03802
02313
02338
03640
10125
02336
07277
06142
05524
07641
01892
05810
06168
02337
03060
03609
02193
03655
02469
03553
02066
04652
02609
10763
04652
03269
03192
00249
07114
07240
02612
02611
02610
06446
03696
02016
02015
01515
07232
06867
00666
05838
06995
07290
07506
07001
07303
07302
03710
11189
11189
11189
03518
01890
11177
01847
11942
01624
11444
00666
00666
06891
01091
00627
04090
04090
04090
12071
12070
12262
12266
02237
12266
00299
03695
01998
01997
01999
03635
00249
18928
01086
01652
02965
07275
04759
00782
00059
02010
02011
02012
07690
02014
02051
00362
04565
02443
02044
02427
01424
05539
00406
06916
07118
07101
04088
03215
03087
06194
07649
02049
07749
07001
08296
07636
07107
02841
06940
03439
03296
02050
02051
00523
01996
01995
01997
01999
03630
04043
06996
00432
02670
06997
02031
02032
02003
02433
03769
07305
01995
01996
01703
01704
07107
06980
07082
03823
03424
01118
03466
01130
03086
03778
00064
03593
06992
04047
07444
08973
01601
01602
11749
12141
00020
11900
11902
11927
03746
03519
02280
02283
07282
07127
07402
08983
01953
01894
00029
07032
00821
01874
11103
05564
05563
05562
05561
05560
05773
02053
02054
02055
02052
07002
04750
11103
07389
08195
02402
02194
02195
02197
02198
02200
02200
01999
05712
03607
03549
00784
02298
02299
02300
03776
06139
06137
06136
06910
02034
02033
02035
08169
00666
06999
06889
07090
03299
01753
02858
07552
03442
05805
02483
00666
03671
03824
06162
05780
05781
06163
06164
02342
01426
03600
03599
00411
03282
03271
07460
07056
03823
06889
01104
01991
00548
07303
00380
09883
11085
11065
02396
03496
03286
05523
02379
03088
01525
05836
01968
03821
02372
02536
01462
06158
07644
01061
01996
01995
07090
02356
11175
09882
07347
03431
00249
08307
06988
01676
03595
03596
03088
01091
08300
01996
01995
05973
00074
08483
02803
02804
11105
07749
06016
00425
03188
02510
02379
06895
07168
10126
07478
03585
02460
02455
09004
01995
01998
07090
01998
01999
07213
03296
07795
07794
07793
07120
07774
03577
07044
03496
03497
03710
00046
06988
02624
02221
00666
03746
05874
03776
03406
00477
03412
07326
04562
01628
03704
05366
05559
05794
07262
05833
01995
01996
06180
03821
03386
01426
03530
02058
02057
02057
06911
05846
05845
05846
04760
07137
03527
00982
03705
07395
01937
04083
03885
06938
01951
08323
07222
07123
00981
03529
07320
00995
02073
07068
07665
02471
03325
07798
07787
02356
06940
03303
05782
02022
03831
07088
02227
06911
07007
07287
06888
06902
06911
03556
07068
02033
03809
05820
02520
04764
09803
03321
05832
01989
01999
01997
01998
07666
06959
03722
05807
05541
01770
04756
07659
02034
02033
07115
07788
07799
06872
06287
00783
08369
00059
05800
09118
05548
02673
02674
08084
02672
08084
09690
07735
02498
07091
01999
06181
05527
01999
01997
01998
03293
00046
07119
07085
02529
09386
08195
03885
07396
07090
03313
01640
07749
07180
04754
07112
07112
07028
06872
01420
09181
07576
03664
03437
00433
01560
02553
07002
07175
07220
05874
06207
03543
03446
02834
02600
06024
01420
07712
03578
03218
02656
07501
07774
02050
02051
03628
03327
07657
02444
03561
03455
03474
03598
02078
07040
06287
07056
03639
03752
03750
07667
03558
01998
01999
03710
02035
04079
09005
03284
03832
00059
07000
02667
02668
06950
08311
06923
03070
03438
02614
06942
07390
00128
03111
00990
07003
00274
00059
02860
03273
02078
04652
07677
07677
00123
07003
07507
07090
06193
03300
03519
03518
04651
00240
00242
00241
01644
03592
06013
06949
03086
00499
01061
07403
07749
07006
03885
03621
03519
00163
05973
07090
00344
07679
07690
07001
00856
00344
07112
06920
03646
03560
07738
02035
02033
02034
02031
02032
05896
03117
02503
05595
07122
07323
02067
02663
05366
07147
07399
02518
03500
01462
04096
02042
02042
02044
01167
02526
02030
11312
02843
04488
04651
03719
03719
03741
11472
11473
00383
00927
01625
11896
11892
09019
03746
03746
03530
03710
03556
12979
03734
13954
00906
12972
05916
01469
02193
11898
11904
11891
11745
04042
01586
00602
12410
11178
00459
00855
13051
00376
07218
14652
01968
13292
03333
00666
11897
00666
11754
11901
11891
11892
11893
11893
11907
11907
11892
02575
02575
11906
11901
11902
11900
03524
11753
11903
11903
00134
11717
11895
11895
02303
01243
11897
11890
02303
11896
12140
11719
11263
03546
07473
11720
12262
07001
00316
03746
08994
03430
11752
04561
01996
07172
13890
13892
02194
02195
13889
01491
08303
01479
13255
13288
06159
12972
00375
00619
07246
13543
01534
13482
03458
13795
04653
01961
12339
01822
02433
12510
02651
12573
12511
13038
07473
13483
13628
01420
13529
07130
07075
04655
04656
03619
12511
12510
01426
06020
12510
00619
14058
06282
13821
03342
07516
07516
13794
13796
04117
07640
12511
06879
15727
15511
15515
00281
10764
12995
00620
13016
13017
13018
10012
00059
00114
00955
13643
01455
13639
13778
04655
07154
03885
10778
13481
02198
03769
03620
07322
07032
07154
01958
07516
05520
09005
01997
01998
01999
01998
01991
01628
02433
10974
09926
02342
03749
07027
13634
02523
07397
06934
03498
03556
03307
07127
00675
07136
07687
01999
06016
02433
10680
01989
06938
04651
04656
07241
06282
06281
04653
03271
04654
03549
00121
03618
13893
02199
16090
07497
16850
07043
13894
13896
13953
13487
03297
13891
13895
07484
03782
11003
04098
03381
14229
14229
00433
04517
04118
01992
14229
14393
14225
18929
14162
01070
06889
00074
08281
06281
00874
13635
10680
13641
03566
01997
13779
13574
00024
02569
02568
02567
02571
02182
02200
13771
07673
07234
00371
00373
00374
03753
03547
06077
03497
03464
01032
01031
03464
01783
04656
13771
13651
13655
13491
13766
00632
13490
06147
06518
14220
14232
14219
14219
14218
04085
14347
14234
14233
14338
14260
14233
14221
14221
14228
14232
14233
03762
01856
14219
07536
14218
02053
02054
01977
01977
01977
01977
01977
14232
00619
14228
14225
14161
14393
14237
13993
14219
14233
14236
14231
14224
14228
14228
14228
14228
14415
13993
02533
14449
17322
01985
01985
01985
01985
01985
14235
00941
14267
14234
14170
14441
00830
14225
14225
06857
15726
01524
01173
18364
15125
14287
14230
01011
14226
02052
02055
15778
14237
14237
14227
14227
14227
14227
14237
14234
14222
15546
14223
14230
14230
01980
01980
01980
01980
01980
14228
14261
14219
14160
14742
02083
14974
07684
14591
14228
14727
15054
06016
06919
14977
03699
05799
14652
01800
04772
02525
14645
01969
15011
15726
15726
18928
14218
14218
14218
14218
15512
15773
15270
11939
15269
15012
15034
15513
14761
12340
12543
15509
15514
03929
15357
14222
02032
02031
15546
00042
01969
15727
16877
16878
15554
15634
15553
10831
15553
15555
15551
15738
15552
15553
02428
15539
15725
15724
15371
01692
01692
01692
11741
15357
01692
11741
06016
01692
01692
15727
15461
02031
15577
15578
16011
08086
10001
10823
15583
15268
02032
15866
15866
15977
15977
12541
12542
10716
10001
15982
15983
15977
03605
15977
16050
10009
16092
16137
01897
16089
16091
16088
16090
16147
03301
16137
16137
02014
02014
02424
03320
15554
16049
05898
16047
16051
16053
15555
02028
01801
16171
16203
01992
15778
16242
16243
07038
11004
16244
16246
11733
22187
07278
01992
01992
16245
16249
16165
16165
00666
16329
11734
11735
02510
01796
01856
16319
16267
11959
11959
11960
11960
11961
02035
16692
16692
16692
11961
15554
15553
02034
02033
05825
11962
11962
11963
11963
05845
05846
01796
02029
02029
16137
02030
02030
16876
16880
02226
16137
16879
11991
14393
16849
02050
16875
02049
16841
13485
02028
17226
17225
17225
17226
17227
17103
01990
17325
17323
17321
18828
17734
11209
01989
08738
19621
19623
19624
08738
08738
11209
08738
17713
17324
17247
16692
00370
17222
17224
17223
02029
17103
17285
01990
01990
00832
17686
17686
17686
16165
15511
18828
19745
19746
00254
07263
07263
17760
17838
18139
03585
06281
00436
00127
18028
18028
13995
18005
18902
01086
01799
18029
01432
17989
00124
15725
18007
18006
03520
18030
14578
18243
18242
18118
21678
18139
22270
21345
19620
21344
18138
18138
18364
18366
13995
18139
18365
00141
03446
07483
00138
18480
11904
18687
18700
18661
18702
18640
05366
18778
18850
02847
18902
07171
18893
18829
18831
18829
07171
07171
18954
18828
07339
18843
01971
18901
18903
03496
07665
07062
19000
19055
07050
19055
03526
00820
18979
16898
16899
18991
07452
07746
19147
20074
19166
19191
19157
00571
22468
07062
07062
00590
19168
07448
07451
19221
19416
01066
19344
06133
04771
01992
19338
19337
19342
19345
04771
01066
19337
19302
03787
19339
19340
19341
19641
19622
19640
19661
19577
19577
19577
00799
08319
19670
00992
19670
00799
00059
07302
11209
19784
06131
06132
06132
08744
15777
19804
08992
16320
01451
01451
21607
21636
20034
09796
20035
20035
12132
20455
20531
20530
20529
20532
20534
09788
20534
07335
14060
15725
06015
06044
20533
20712
22129
22131
11529
11529
11529
01214
21006
21008
21010
21011
16011
21135
20940
21053
21021
13877
21012
21007
21009
13877
13877
21133
21029
00248
00249
22083
01139
22468
03636
21416
21417
03892
03741
21405
03651
21472
21405
22044
21420
21405
21470
01451
01451
21563
21495
07334
21498
21645
21703
10026
10914
21703
21495
10914
21645
21757
21757
19591
21929
21948
21883
21929
22024
03892
05802
03442
22025
15576
22130
22132
22294
22081
22082
22443
22444
00090
13876
22252
22292
22296
22303
02257
00615
00611
11206
22452
22468