09160
09761
01419
01118
05936
02074
02426
01889
01991
14981
06952
07001
06179
06178
03177
06180
09386
01560
04078
04080
04078
07006
07126
00121
06178
07246
00121
01118
03470
01056
09826
05879
09823
07340
03412
11719
09967
01721
01714
00791
01079
00560
00060
00639
00008
00102
00384
01262
00863
01972
01271
00948
00759
00228
01649
01358
01938
00857
01486
01187
01921
00874
01915
01265
00075
00864
00019
01487
01924
01925
01000
01929
01928
00001
01915
00548
00989
03439
00108
00130
00789
00655
01867
00799
00036
00598
00001
00826
01916
00990
00799
00852
00010
01462
00604
00117
01439
00674
01354
00799
00982
01256
00059
00311
09967
09862
03192
09903
09798
09930
04042
09786
11717
00762
00645
00847
00697
01810
01192
00059
00942
00097
01255
01759
00064
00035
01685
00940
01515
01933
00937
01876
01698
00600
01494
00973
00067
01710
01790
00694
00145
01480
00626
01740
01358
01338
01881
01465
00858
00939
01687
00077
00130
01142
00500
00457
00451
01784
01800
00790
00769
01754
00013
01714
00573
01187
01873
01690
01057
00036
01915
01142
01129
01637
01887
01144
01207
01875
00140
00573
00851
00322
00101
01265
00684
00003
00661
01759
01760
01953
01784
01711
02377
00480
00640
00806
00981
00677
00088
00748
01647
01356
01627
01919
01689
00104
01246
00765
00627
00382
01870
01091
00912
00824
01631
00883
00919
00800
01945
00574
01662
01736
01733
01006
00059
00662
01185
00390
02057
02057
02053
02563
00773
01092
01480
00681
00663
00943
00766
01609
01937
01803
01868
01495
01259
01286
01752
01462
01091
00605
04487
01866
01783
01756
01923
01952
01952
01826
00014
03381
01425
01776
00799
01872
00950
01633
00796
01834
01626
01626
00383
01512
01091
00864
00615
00615
00799
04091
00901
00768
01198
01192
01921
00033
00001
05934
01768
00433
01768
01768
00826
01858
00053
01126
01779
01144
09017
07638
03924
03089
03446
02052
06147
03406
03407
00266
00265
07649
00302
05350
04567
00045
05568
05568
00333
03695
02835
03070
00123
06207
01681
03185
02337
03495
03650
03628
07497
02053
02052
00253
00148
05367
06147
06147
06131
01997
02433
00302
00278
03517
04079
04043
02033
01652
05343
07335
02033
07056
03183
01239
04773
06861
07636
07657
02427
04077
03179
00479
02274
02276
03575
03406
02483
00529
02528
02836
07478
00362
02536
06147
02004
07568
02622
03553
02483
02225
07787
05539
07180
02535
03438
02001
02000
02015
01995
01995
03798
02438
02017
01915
01241
00817
01711
01784
01714
00997
01613
01358
00507
01649
00930
01259
00764
01775
01465
06938
06996
01420
03704
01750
02016
02010
02406
07054
06147
04485
02314
02621
00493
03544
02337
03168
05366
03046
02355
00525
00372
04094
03545
03821
07462
07708
02058
03655
02469
02010
02341
02224
02230
02232
03406
03531
03587
01652
03654
02316
08151
01955
09013
03073
02892
02965
02904
02961
02895
06995
03530
00334
02913
09456
00339
00338
09781
00340
00337
00336
00336
00335
00334
00333
00332
00331
08484
00343
00342
02015
09780
10018
10018
10018
10019
10019
10019
10020
10020
10020
09005
00783
05366
10543
09807
09003
08998
08990
00867
01993
09779
09774
09791
07304
09703
09001
03685
03684
07338
01546
09125
10537
00822
03684
03711
10440
00575
06173
02300
03823
03704
06878
08591
00794
00794
01182
09136
01429
02055
02052
00799
00799
01430
03406
02909
03408
03408
03413
00304
02970
09748
07261
08973
02221
03767
01601
06890
03106
03466
07736
02471
03979
04091
02027
02035
03307
01768
07020
01465
01133
02035
03457
02014
07234
08282
07043
03466
06910
07231
06959
07577
06980
07738
01077
05343
07006
03549
07793
07793
02004
07157
03205
03147
01768
00694
07168
06999
03710
07504
06953
06966
03701
07090
06985
06987
06894
06966
07220
01768
07390
03710
00314
06886
07090
07126
07025
06996
06950
07091
06929
07088
06895
07152
07114
03296
07126
07114
07025
07042
07270
06889
07104
06915
07107
07090
07497
06978
06890
07090
07494
06995
07484
07486
06915
07226
06886
07499
07002
02945
06910
07126
07484
00526
00525
03574
05882
00240
02003
02195
02031
02032
02275
00108
03153
04091
02072
02073
00128
02483
00166
00167
02529
01895
03406
07684
02028
01457
06044
02299
02298
01995
01996
10563
09771
09769
09458
09991
09955
09799
09987
09956
09986
02033
02034
03521
04748
00368
00694
02600
01745
03217
01777
03893
03455
03455
03549
03322
06911
06915
03446
09992
09945
09946
09947
02954
02907
07167
03116
03210
02435
03666
03799
07484
07483
02110
09948
09949
09936
09924
04077
02198
03335
03338
03703
03076
07277
02056
02056
02035
02011
00135
05592
07018
07552
06918
07090
03296
06415
02027
01714
03445
01236
03641
05499
03446
07278
09927
05712
09928
02030
02030
08970
09972
09959
10112
10021
10021
09705
02390
02029
02029
02030
02529
02529
02035
02035
02032
02529
02016
02026
02025
02529
02027
06145
02027
02025
02026
02001
02001
02002
02002
02001
03088
03335
04080
01179
00208
03629
03686
06162
02042
06164
02057
02057
02282
02035
03449
08224
03705
03980
03092
03406
05846
05845
00459
02037
02038
04083
03327
03313
03406
02394
07007
07110
07289
03306
03592
03593
03284
01578
00208
03306
03527
08169
01069
08151
02355
00433
03543
06213
03088
03595
03442
05786
04744
03621
04096
02863
02886
02982
07147
00259
02575
06076
07006
07494
03529
03723
07492
07492
07096
07482
03579
02519
07484
02837
03555
03406
02471
03724
02400
03406
03572
07274
07716
06158
03694
03770
03702
03657
03086
03977
01768
04066
00164
07646
07027
03667
02025
02343
02335
02056
02283
03596
03500
07391
03688
02313
03820
06168
00029
03406
02040
03406
06999
03407
02401
02412
03406
01892
02527
01879
03215
03568
00956
03406
07090
03296
03336
06147
00337
02075
02005
04751
03111
05595
00954
02012
06167
03424
03642
03637
03075
03829
01496
02437
03564
01999
07002
03786
02030
02029
02029
06204
05820
02529
03088
04719
03753
02030
02029
02029
05800
02233
03088
08369
02529
02050
02050
02051
01999
01998
01997
03585
01999
02557
03406
01458
07795
07146
03522
01714
03733
06916
05832
01989
06941
03110
02030
03320
05838
02035
02033
02034
06147
03089
00249
03566
02012
02011
06902
03500
03496
03199
03549
07344
00001
00111
03149
07782
02058
02056
02057
02035
08223
02055
05989
07403
01258
02057
02056
02026
02025
02033
02034
06145
04091
01753
07160
07552
02021
02034
02033
02035
00784
05836
02057
02057
02058
02049
02050
02051
01768
00059
02027
02025
02026
02047
02046
02048
01999
01998
02031
02034
02033
02035
02033
00274
03609
02529
04761
00098
02027
02025
02026
02028
02030
02028
02030
02029
02030
02028
06923
00433
02967
02357
03665
03497
02051
00528
02057
02057
02058
02057
02057
02012
03750
01647
06213
07552
02986
02533
02067
01247
03652
09812
02034
02035
02033
02034
02031
02032
00299
02431
02035
03088
02030
02029
02029
03088
02623
05836
07406
02035
02033
02034
02026
02025
02027
02283
02026
02032
02031
02034
02033
02035
02624
07667
03088
02279
02280
02282
02510
02032
02026
02025
02026
02027
02406
03610
06606
02229
00344
06147
02027
03088
03412
06145
02027
02025
02026
02029
02029
02029
02029
02529
02517
02372
02227
02231
02002
00537
00215
02004
02276
00529
07315
02025
02027
02013
02015
02015
03474
03088
04087
04088
00287
02687
03406
03408
05805
02342
03825
05807
03589
03925
05801
00895
07273
00297
01999
03624
07300
00286
02897
02030
03216
01999
07402
00995
02056
06147
01991
07313
07225
02016
02013
03088
02005
03189
03188
03187
03190
03543
02027
02025
02026
02055
02054
02053
01997
01998
01996
04075
03562
03550
07098
03088
03406
02619
04080
07794
02012
00305
00324
02529
03543
02529
03647
07300
00339
00332
00338
02493
03521
07232
04763
02026
02025
02027
02529
03408
00127
00242
00241
01975
03823
02193
02194
02199
06190
02959
02860
02884
02029
04752
07782
03814
05524
02356
02020
02018
03594
02340
03497
03501
03194
03198
03200
03201
03203
03204
03195
03196
03205
00697
03197
03543
02444
01714
02034
05799
02033
02034
02033
01561
02015
03284
02051
02049
02050
02035
09131
09117
08995
01684
02379
00239
05833
01192
03799
00854
07486
02274
02056
02071
02054
00249
02480
02297
02056
02045
05351
00252
02283
02034
07649
02000
04561
02448
02470
01963
03601
02338
02108
03100
02346
01448
01965
01679
01676
03885
01652
01956
00413
00412
01589
00124
01902
01903
00111
00449
01032
01547
05780
05781
06148
04034
00101
00001
05847
02036
03657
07076
02523
04774
02275
03406
02274
02275
03932
02483
00344
01990
04077
02483
02503
00161
00162
03644
05540
07712
02049
02003
02028
02065
06147
02274
05882
01784
07749
02055
02054
02053
02052
07393
02049
01996
06041
01092
02483
00303
01768
02020
01673
06287
03071
08304
03671
02793
03919
02027
02027
02026
02834
07742
06187
08738
02042
02044
02041
06165
02043
00215
02278
02279
02280
02281
02034
01179
03565
02520
02887
00799
06987
03719
02022
01712
03687
03789
01409
03437
02806
03978
00285
02431
05846
06201
02039
06195
02030
03282
06287
02034
02033
02035
02529
03413
02409
02410
02417
02416
02556
02391
02388
02392
02393
02415
02419
02406
02406
02557
02390
02396
02397
06601
02421
02529
03088
02109
03638
03744
03406
07566
06442
03406
06720
03523
00275
02258
07735
02077
03790
01138
03088
06145
00344
02167
00799
02200
02197
02200
04046
03337
03664
03584
07140
04565
07273
03558
02939
02990
03771
02339
02028
02029
02029
02030
01992
01992
03704
02970
01997
03635
00799
07115
06162
01768
03625
04764
01991
02259
02996
02871
03218
02601
02867
02864
02935
02950
02992
02946
02906
02926
02890
02878
02874
02931
02994
02933
02881
02988
02876
02952
02948
02879
00363
07183
06145
05896
06024
03117
03118
02291
03630
07447
02160
01142
09768
06217
06891
07484
07484
07483
04078
07001
02116
09136
10773
03043
02501
01750
02529
06191
07007
01754
01485
01470
01707
01686
01004
00344
00820
01915
03060
06153
09458
00014
00859
01817
01251
01610
01523
01814
01693
01638
01750
00040
01812
00135
00945
01716
00564
00962
00979
00845
01734
00763
01489
01619
00758
00761
01488
01839
01255
01433
00661
00567
01951
00799
00356
00329
01591
01920
01738
01520
02114
07258
03786
03704
02838
03743
03185
06196
03205
02050
02035
02033
02034
02031
02032
02066
00010
01816
02056
02057
02058
03639
03366
00568
07716
02234
03281
05596
07798
03316
02276
02275
02026
07240
02011
02012
03631
03531
03590
03588
01048
02053
02054
02055
02052
03327
02025
02026
07659
05810
06942
03324
05782
02002
08311
00799
01768
09699
00285
00568
05878
06920
03830
09811
09973
10026
01447
09710
09747
09975
04063
10545
10546
09760
09773
10553
10554
10539
09883
09882
10547
10548
10552
10560
10561
10562
10544
10559
02529
01428
00793
03602
10538
01159
02434
03551
09471
06193
07001
02348
06199
02388
02433
00303
00529
00344
02031
00700
02013
07774
02026
04077
02000
05874
03897
00406
00405
00404
02305
07659
02342
01696
01695
04518
01878
02204
03469
00957
07305
00648
02358
02358
03768
07258
01807
00331
01653
00411
01623
00331
03769
01962
02112
02115
04568
01673
07304
01031
01588
00324
00448
01548
02228
01883
02346
07273
06163
04564
03787
02500
02111
02113
02109
07113
02956
06166
03783
06985
02433
07401
03707
07025
02916
03642
07460
01466
06969
05788
07025
03088
03704
03536
02914
01665
03101
02372
09472
07217
02431
03704
02518
03409
02387
02408
02386
02406
02406
10564
10565
06602
02389
02420
08738
09702
01560
08602
00609
09458
03040
03801
00325
03648
09919
14980
02010
05774
09970
09971
03745
07559
02509
02510
02030
04755
03752
01952
09795
02588
09808
01061
00065
01815
00605
00605
01433
01915
00767
09969
09958
09159
01704
01703
09810
01467
01784
01181
00012
01840
00971
01464
01939
00101
00059
01816
01923
01486
00925
00481
00566
00058
00831
01934
00033
01784
00615
00134
00927
01092
00788
00681
01754
00873
00808
01772
00963
01620
01048
00688
00700
00975
00703
01835
01768
01470
00640
01581
01805
00854
01885
00616
00853
01768
01053
01190
01737
01768
00928
00568
01895
00074
01755
01586
00760
00655
00817
01069
01735
00891
01286
00099
00643
01476
00819
00382
00658
00057
01409
01749
01719
01951
01507
01940
01724
01104
01778
00554
01142
01784
01273
00817
00795
00626
00023
00651
01785
01443
01843
00128
00931
00147
00969
03797
00052
01077
00133
01895
01908
01869
01599
00096
00057
01686
00864
00573
00880
00788
01259
00981
00995
01426
01485
01092
01092
01126
00135
00626
00382
01126
00852
01053
00098
00046
00851
00547
00014
00457
00039
01087
00505
01607
00001
01607
00055
04487
00817
01823
02963
00335
00334
00330
09015
09014
00330
00343
00342
00341
00340
00001
01115
00705
00832
00700
01206
01438
00128
00131
00135
00128
00135
00001
00058
01714
00759
00064
00286
00822
00008
01775
01178
01768
03896
01857
01053
01191
00643
01607
01055
01712
01479
01745
01468
01745
08282
00039
02013
01209
00632
00020
01207
00788
00878
01042
01744
01193
13786
00606
01918
00606
00039
01897
00626
01761
01193
01714
00558
00384
00059
01750
01754
01607
00128
01483
00010
02078
07082
03636
01139
10439
10440
10441
10441
10440
10439
10238
10232
10233
08234
10255
06118
03640
09458
10439
10441
10440
11209
10764
10234
10235
10125
02899
02888
10805
03396
03741
03168
10229
10236
10237
02586
10228
04078
00432
10227
03608
00304
00812
11073
01971
09888
02498
11189
01821
02502
03719
10806
01644
06147
10979
02588
04103
07027
07107
02013
03832
03808
06975
03413
17238
01768
01768
06891
08296
10441
10441
10441
10440
10440
10440
06203
02342
10439
10439
10439
05934
06042
03704
09816
05815
05815
05815
09983
09815
09815
05816
05816
05816
09982
09984
09985
05895
00647
10190
05814
05814
05814
10191
05813
05813
10188
05813
09817
10189
10125
10126
02278
01644
11076
02031
02032
00305
07107
02026
03088
07506
02588
01874
11074
07507
17315
17317
10112
03543
01907
01847
07090
11443
00812
10126
11357
02529
02283
01739
03534
03477
08300
07284
11749
12308
05358
12262
11075
03676
04762
01894
00821
11103
01890
03202
07497
03497
03088
05973
11105
11068
08995
05375
02016
02198
00407
01420
02164
07568
11175
03222
03223
03225
03226
03228
03229
03230
02278
03446
02035
08995
06016
00249
00285
00249
07258
07313
07010
03224
01673
02591
02586
03092
02591
07406
07058
02902
05527
10677
09936
07458
01821
02031
02032
02031
02032
02444
00799
08299
02031
02032
02160
02970
04771
07483
07484
03406
03194
03197
03198
03199
03200
03201
03202
03203
03204
03195
03196
03205
07282
02596
02592
02587
02595
03521
03522
00313
03855
02584
02585
02597
00612
09694
09695
00406
00407
00405
00404
07497
06188
07005
02031
02032
07807
05800
02396
02397
03406
02031
02032
03406
02027
10440
10439
10441
07058
09800
00126
01284
04092
06997
02485
02019
11473
01625
00820
11472
03426
11752
11811
03431
00602
11927
00568
02911
07133
12972
12573
12370
12548
12548
12548
12548
12980
12989
13292
11738
12454
12373
00823
01714
08305
12372
01491
01491
12257
18893
01469
03496
01968
03643
02302
00595
03524
03316
11753
01243
11940
02022
11720
02303
11754
12257
13588
13590
13255
07232
12373
01961
13583
13584
13623
13622
17103
01534
13482
05939
08309
12371
12510
12510
10979
10979
12369
01239
02003
10680
02651
12511
14058
12510
12511
01119
13503
13953
01799
01782
08316
13012
12368
12539
12540
12547
12511
10778
09457
13789
13895
00281
12547
12547
12995
00620
12506
13038
13979
10111
13993
02028
13581
10778
13652
00042
13481
01958
13582
13592
13821
14218
13599
01897
13893
13598
13953
13896
13639
13894
01961
12256
03782
13587
14219
14160
21911
14230
14229
14221
14221
14228
14220
14228
01070
13639
01969
02004
08281
13633
00024
13688
13924
03394
13653
13772
13589
00941
13015
01966
14232
14222
04085
14226
14234
14225
14232
10112
14347
14233
03297
14219
14233
14233
14225
03566
14230
14230
14230
14218
14218
14218
14234
14234
01916
03088
03088
14166
10439
10441
10440
13628
14219
14162
14223
14227
14227
14227
14228
14223
14230
14233
13657
14224
14205
01977
01977
01977
14235
01985
09691
01985
01985
11961
00459
14231
14225
14237
14224
14224
01524
01524
10112
03382
14237
14232
14229
10218
14161
14161
14228
01011
14261
14261
14219
06133
14236
20534
01980
01980
01980
07506
00137
02004
02003
12972
01322
01738
06893
17241
14998
14657
14666
14659
14977
03560
15011
14652
14658
14657
10010
11939
15269
10823
10117
11741
01941
01457
18581
15012
15034
15257
15257
15580
15784
15532
15783
01092
15551
10831
00220
15552
15738
01834
02428
01692
15790
15786
15785
15577
15581
02032
15578
02032
09690
04765
15576
02025
15782
15270
01082
17316
15371
02031
15977
10716
06998
16957
15977
15987
15977
15977
18334
15975
08679
15977
00570
07494
07494
07483
07483
07483
07484
07484
07484
07484
07494
07483
07483
07483
07483
07483
07484
07484
07484
07484
07484
07484
07484
07484
07484
07484
02197
03522
07486
13060
16147
16137
16137
02424
10009
02030
02029
02029
00570
16079
16079
18552
10118
10119
10117
16087
16074
16167
16167
15582
16554
05351
01684
06221
16566
16552
10804
03699
03699
03699
00675
16165
16329
01801
16171
16168
15583
05349
05349
00029
11959
11960
02031
17213
16783
17237
10118
10119
10117
10118
10440
10119
01166
10117
15555
10117
10118
02025
10440
02034
10543
16784
10441
11962
02847
10119
11963
10544
10545
10119
10118
12548
16960
16958
02031
02032
16959
01834
16137
21564
14998
16871
16137
02196
16567
16568
17239
17243
17242
17241
17242
10441
10439
10439
02030
17215
10439
10439
10439
10440
10439
17213
17315
17317
00970
17316
17325
17322
17323
17321
10439
02488
17202
17214
10440
10441
02030
02028
02029
02030
11209
00381
17214
10441
17324
17247
17240
17243
10112
10440
10440
10439
10439
10440
10440
17315
17317
17203
17204
17316
17316
17317
10112
17315
10112
02028
02029
17215
10112
01990
01990
10112
01992
15554
10112
10112
10112
10111
10112
10111
10112
10111
10112
10112
10112
10191
10112
10112
10112
10112
10111
17686
01533
10111
02027
10111
17662
17675
17723
02027
17836
00135
00254
17735
01533
17938
04771
06998
17947
17989
00042
19270
17850
04343
18277
18335
21430
20249
18433
18434
00138
18457
18480
18588
18554
18661
18676
18707
05366
16841
10747
03789
21620
18904
18905
18901
18902
18910
01971
05946
18954
02847
01971
18138
18893
03497
03497
03496
07062
16898
07484
19055
03976
07050
18979
03526
16899
03497
03497
18981
03496
03496
01820
00611
18996
18996
18996
18996
18996
18996
18996
18997
07746
19092
19221
01406
12448
19092
08678
00798
01621
08678
19191
03885
22468
22468
07448
07062
19092
08678
01066
19265
01785
19267
01992
01992
19338
19431
04771
04771
19267
19270
02025
19302
19300
19577
19577
05606
01692
03408
03412
00992
07102
19689
12574
02919
03413
19732
20248
17722
20252
00799
19784
08744
06016
19802
00059
01451
21616
05770
14731
09796
00949
20266
19733
20253
20267
20807
20272
20344
20429
20345
20527
20531
20529
20542
20532
20533
20543
20528
20530
20541
21117
22131
11529
01214
11751
12658
01768
13877
21116
21118
21062
21136
21134
21137
21154
09806
21394
21395
21393
22044
21402
21420
21470
21470
21622
21498
21603
21621
22081
07062
21495
21832
00875
21948
19591
21910
21929
21929
21929
22025
03892
22024
05802
22044
05275
22082
22067
08319
22083
05275
22130
00015
14274
22129
22187
22215
22217
22186
13875
01687
22310
11991
22303
02257
03469
22348
22342
22344
22343
11206
07319
00275