02025
08296
03366
02030
06203
00121
02409
14981
02412
00060
00121
07246
00029
00568
11719
04042
11717
07167
00598
00161
00162
03587
10440
07270
03787
03685
03595
03584
07140
06950
04565
01241
03442
06988
07006
09958
02200
02197
02198
02200
00982
07716
01256
04046
00311
06213
01915
03088
00997
03100
00817
03337
03335
03336
03338
01714
03664
03060
09928
03929
05367
02057
14980
01610
00822
02417
13786
05366
04485
01775
02314
02939
02963
02990
00645
02078
09458
07082
00942
02528
00097
03771
04744
07091
01255
02339
00035
06158
05786
01649
01883
00764
03558
00937
03684
01876
02621
01698
00940
01997
03635
03703
07115
06162
11175
01933
01286
00252
07156
01546
01547
01548
07646
07667
02397
06602
06601
02389
02420
02400
02421
01690
01057
00036
09471
01915
07007
01637
07110
11073
11076
11075
11074
00140
03523
09927
01736
00208
00275
03568
02275
02274
02258
02276
03527
02204
03469
07735
06016
01751
03790
01733
10552
10553
10554
01465
00762
00847
00697
01810
01192
05846
05846
06201
10440
10979
06999
03455
03413
03407
03408
03412
03413
03411
02401
02410
02416
02556
02391
02387
02388
02408
02392
02386
02394
02393
02415
02419
02406
02406
02406
02406
00573
07058
01761
07107
04761
00606
01918
00428
01721
02623
00449
00448
01857
00014
03786
00457
02035
02033
02034
02297
02298
02299
02300
00681
02011
02012
01192
04568
02356
01443
03710
00651
02471
03089
07736
04762
00023
02911
03814
00795
00817
03701
07406
00820
00036
07552
06894
06044
03088
06890
02228
02229
06042
05895
02557
02390
02396
01971
01971
02025
02026
02026
01744
01042
02033
02035
03070
01247
07058
03521
03522
01755
01586
00760
09812
09811
00655
00817
09705
02902
09125
09883
09882
01735
00891
04763
01962
02035
02033
02034
02035
06978
03088
06145
00098
00851
10441
10440
10439
09003
06940
03704
02032
02031
02034
02033
02035
01714
02035
02033
02034
03497
01714
02025
02026
03306
00878
00788
02035
02033
02034
02031
02032
02433
01465
03088
03534
02013
01998
01997
01996
01995
01999
09803
00099
09955
02026
02025
00643
09800
03408
00126
02379
00123
00127
02114
02112
02115
02111
02113
04066
01714
07160
02160
02970
07220
02026
02025
01783
00845
00240
00239
00242
00241
09780
00057
01409
01749
01719
01951
02221
09131
01507
06207
01284
01939
10439
10441
10440
03435
10439
10440
10441
01480
01601
01032
01031
00428
02035
02033
02034
02031
02032
03797
02355
07406
02034
02033
02035
07406
01745
05836
05836
01468
01745
01712
09975
07020
01940
05833
05832
01989
06941
03088
01724
01975
02003
06890
03823
01681
02193
02194
02195
02199
06190
03110
01778
03106
02959
02860
00554
02884
01703
01142
03466
03320
04752
10805
03185
09791
07157
05838
05878
05879
02013
02015
02016
01236
00705
02033
02034
02035
03704
03282
03657
02048
02046
02047
02045
01258
02026
02025
06131
03733
09973
02026
02025
00382
00164
01902
01903
06916
03284
00700
01652
00790
00013
02518
06287
09862
02026
02313
00989
03705
03687
03439
00789
03820
07042
06217
00655
03789
01867
03980
00990
03555
03101
03437
06969
05788
04773
09774
06861
03092
02806
00852
09760
01462
00604
06173
00135
07107
00939
02034
02033
00681
01754
00873
09948
08602
01665
00808
01772
07340
00315
01588
01589
02919
09771
01613
06966
06952
06980
02586
02591
17238
04564
01354
07104
11068
03823
07305
05566
05567
05568
05569
05571
02426
05366
09160
10255
10440
10441
01805
03543
01885
04567
09947
07338
07231
03642
06153
01591
02338
07056
07460
06995
10439
10441
10440
01920
08311
03594
01714
02034
02033
02035
02014
02015
02016
05375
03088
00098
05936
05710
00606
03517
00278
00767
09136
06859
02032
02031
02034
02033
02035
09983
02888
02899
00931
00147
00969
02020
02018
02019
09710
02051
05836
07002
01821
02026
01999
01995
01997
01998
02035
01704
00052
00133
01673
06902
03500
03799
09987
06997
01869
02340
03497
03501
03495
03650
03628
08973
01599
09773
06287
00014
00859
02342
03071
07113
08304
02470
09956
07043
01817
01696
01695
01775
00285
00822
00286
01714
00285
01816
01480
00375
01667
03088
01998
01997
01676
01963
03671
01251
03919
00867
01523
02500
01814
02501
01693
01419
03667
01638
03579
01996
01995
01999
00154
03521
03522
03497
03194
03465
07282
04655
04656
07119
03497
03530
03199
03203
03204
03195
03196
02025
02026
01812
03745
00135
03684
02945
00945
07300
09826
01716
00208
00962
02956
03177
02834
02519
07742
02600
01744
10229
10228
10227
00783
03797
09798
00851
00285
03088
00973
09690
09691
01711
02377
02427
00088
01919
09761
03306
01251
02431
02431
02431
02431
02051
02049
02050
01687
00014
01821
00285
01647
09748
06187
09747
02343
00979
08738
07088
03629
03686
04043
02335
03466
05774
06162
02042
02042
02044
02041
05780
05781
06163
06164
06165
06166
02043
02050
02049
00013
00404
00405
00406
00820
09695
09694
02593
02585
02584
00313
03522
03521
02587
01714
00481
01999
01997
01998
01995
01996
00566
00831
03431
03798
04075
03640
03641
03562
07107
09769
01159
03550
03551
00033
09888
00615
00134
03585
03469
04719
01626
01626
00383
01512
09924
01807
01679
01676
07006
03639
02016
02015
02013
00864
00615
00615
10440
10439
10441
03752
03753
08482
09136
01991
00012
07313
06999
03648
01993
06145
05800
07716
00901
00768
02233
06938
06985
01192
01921
03824
01433
00824
03666
01265
07447
02435
02433
02434
00684
02160
03786
03821
00003
07462
03704
09005
09972
09971
09970
09969
00640
02011
02012
00826
00053
03885
03474
03088
01721
01653
06891
03694
09919
02967
02357
09903
02838
00806
00981
07277
02536
02372
00677
09949
01647
01356
01627
01689
00627
00382
03644
03743
07708
07712
03665
00381
03185
07088
06196
02050
02049
02051
01924
02563
03588
01925
01000
01929
01928
03438
03925
05801
01652
01915
01707
01686
02035
02033
02034
02031
02032
02003
00528
01004
00820
03655
09159
03723
02035
01915
03701
03111
02469
00954
03710
00548
07461
09807
03086
00639
03654
02316
09117
01956
01921
06188
00075
01753
01652
06915
01714
00791
04087
04088
00287
00560
09985
07120
02406
09786
07180
03657
01262
02687
07152
03408
05805
02342
03825
01972
03631
05807
02535
03531
03590
03589
07183
03781
00573
09991
01873
06076
01142
01129
01887
05896
06024
03116
03117
03118
01875
00573
06923
03210
02291
04094
03545
00322
03630
09960
01246
01892
02502
00765
04077
04078
01870
06178
07001
07118
03455
03592
02527
00912
03572
03575
03529
01006
08151
07391
01738
04047
01520
02837
03449
01712
09703
06016
01745
03688
03183
03088
06999
01714
09472
00479
02034
02033
07031
03271
02283
02278
02283
00305
00304
01915
01433
00605
03610
03609
03608
00616
10773
10229
10228
10227
00014
03786
10538
10539
10537
10563
02968
01968
00166
00167
09699
00382
07403
02283
02282
02280
02279
02278
00135
01754
01750
06995
01438
02035
06145
10112
02026
07774
07649
02050
02049
02051
01206
02025
02026
18334
10441
02058
02053
02054
03197
00661
00661
01358
01759
01759
01880
01874
17315
17317
10112
04518
01847
01907
01847
00020
02619
07090
07090
04751
03316
06926
07090
07090
07090
03897
01259
07090
00600
07738
00793
00973
00067
01790
00794
03625
03621
00648
04764
00033
06996
02517
09458
09458
02372
02227
02225
02189
02230
02234
02231
03281
02232
05596
07507
01895
00832
09980
08989
07002
00135
07010
05795
00640
01581
07146
05350
10439
00812
00666
08738
03574
03566
00812
01908
01091
02529
02529
02529
02529
02529
02529
02529
11357
02116
02529
02529
02529
02529
02529
02529
02529
02529
02529
02529
02529
01631
02017
01091
04063
07263
07657
00868
01091
11443
00703
12262
01938
00857
07226
01999
01996
01995
01998
01997
03808
06975
03413
06180
07313
01816
05816
05815
05814
05813
02025
02026
03089
01939
03652
03543
09781
06178
01923
03585
01486
03306
00925
01952
01952
07390
07552
07552
03830
01425
02986
06915
01776
02533
01872
03553
06204
06918
08990
00950
01633
00796
02067
02065
02066
05820
10547
10548
10546
10543
10544
10545
02569
02568
02567
02570
02572
02571
01991
01711
02377
02034
02035
01714
00864
02013
02015
02016
03531
02348
09768
06179
06199
00605
00341
00342
00343
01881
09808
02337
02346
02913
03168
04096
08591
01465
00609
09456
01448
02836
00858
03218
02358
03073
02601
02867
02863
02864
02935
03043
03046
02950
02992
01940
03179
06134
01750
03549
02003
02276
02276
02274
02275
00384
10680
07300
03704
07638
06878
00286
05810
00948
02897
06886
03832
07225
02016
02015
02013
03088
01464
02049
02050
02050
02051
03189
03188
03187
01428
01429
09984
01430
03190
06193
03770
00766
01609
03637
03750
05592
01647
01647
01937
03075
01803
02622
00111
02444
04080
03543
01686
08223
02073
02071
02072
09967
09967
02049
02050
02051
10188
00426
00425
03192
01126
02032
02031
02034
02033
02035
02025
03829
01868
08998
01495
01496
07001
01752
06213
01462
01056
06891
06942
00759
00413
00412
00411
03216
09986
03924
07393
01649
05782
07568
00773
09458
02011
02012
02012
02025
02026
01480
08591
06167
03424
02341
00943
07258
03642
03327
08151
07054
01955
03624
11103
02437
09015
09013
03801
09014
07018
09001
01866
03564
01999
01783
01756
07002
01923
01952
07559
01999
01486
00874
01915
03977
01265
07461
03088
00864
07402
05995
00101
00995
07127
01483
11105
00927
03088
02557
03412
03408
03408
03407
03413
00788
01623
02909
00981
02035
02034
02033
00852
02026
02025
03147
03153
03154
03149
02026
01991
02259
00145
01480
02996
02871
06929
01740
06995
03544
01338
03530
00432
00330
00331
00332
00333
00334
00335
00334
00336
00337
00338
00339
00340
10806
09922
08178
03702
03704
05539
02355
02946
02906
02926
02892
02886
02965
02890
02982
02878
02904
02961
02874
02895
02931
02954
02994
02933
02881
02988
02907
02876
03076
00939
02952
02948
03040
02879
07147
01687
07478
02026
01142
02026
02025
07313
01126
05816
05815
00500
00457
00451
07001
00525
00769
01754
01118
00259
01738
00574
09701
01669
00372
00363
00362
02575
05814
05813
00794
09823
09816
09817
09815
07240
09386
07304
03381
10026
05548
03381
00074
00040
08300
07506
11749
05358
00108
07304
10564
00130
00575
00575
01126
07577
03704
02970
06996
06915
00036
00826
03543
02167
00957
00390
00285
10680
00285
02280
02282
02283
01255
02034
02033
02035
01433
01790
01709
00978
10979
07006
02346
01894
01754
01750
02397
02396
02390
00963
09795
00266
01620
04080
07507
09799
07795
02012
07649
00688
00700
00975
02438
00305
00304
02970
00325
00324
00324
07401
03596
03707
03565
06886
02520
02916
02887
01889
03601
06987
01975
06910
01951
04080
03412
02274
02275
04092
03477
00821
00845
01734
07261
00763
01489
03783
01619
06985
00761
01839
02278
02279
00003
07734
00375
01714
03192
01439
06966
00101
00507
00930
03088
03704
03978
03217
03536
02914
01890
00658
02592
00479
00883
03593
03284
03549
02108
02110
02109
02109
02588
03470
03638
00919
02523
03322
01878
03744
00800
01945
01879
06959
00574
03179
07566
03215
06442
01662
06911
03602
07107
01578
06720
03704
00605
02342
01815
02406
02031
02026
02025
01999
01999
01997
01995
01998
01996
09936
09936
02016
02015
02013
06920
01737
00526
00525
03647
06191
07007
07305
09959
07300
03695
02493
02835
08484
00928
03676
09472
00151
00135
01996
01995
01998
01997
01999
00101
10441
10439
01685
02471
07636
02040
02037
02038
02036
02039
04083
06195
10764
01494
03724
06953
00863
00694
11473
01643
03636
01710
06606
01644
00820
01644
01644
05527
01485
01625
11472
03426
08224
07278
01834
10125
10126
10126
10125
00104
00758
11752
00058
00253
00228
01144
02498
07454
01474
07098
03719
00602
01474
00647
00303
02057
02056
03496
09992
09946
03446
03446
10440
11475
11927
10021
03446
10019
07794
07133
10559
00046
02002
07315
01207
00059
02002
00059
00059
07289
00433
12370
12548
12548
12548
12548
12548
02058
02056
01560
03296
00297
03979
12980
12989
13292
00558
00558
11209
02483
02483
02483
02483
02483
00274
00137
03324
00117
11738
02002
03335
02002
03335
02002
02483
07124
00031
00059
01207
03769
02624
02002
00046
00059
02025
01061
12373
00045
07027
01426
02858
06889
03711
06889
12372
01491
01491
00823
00302
00748
05595
12257
09017
07027
03719
06889
06889
01491
05520
10440
13015
18893
09702
07232
01473
01092
02010
00626
00626
00626
00626
00626
07659
01476
03496
00302
06168
03643
00694
02302
00595
03524
03316
00626
02793
07284
01785
00059
11753
00010
00010
01243
00042
04487
01895
00819
01895
01160
01358
00042
02503
04755
00568
01092
01053
11940
02022
01179
01835
04091
04091
00299
00299
02281
01069
01760
01714
06016
11720
02057
01358
05596
01259
01259
01092
01092
12308
00065
12257
06147
08309
06895
01322
17686
07025
07025
07025
07025
07025
01487
01684
00019
00956
05989
02000
02000
02000
02000
02000
01768
11189
13588
03521
03296
00895
13590
01130
00823
01467
07232
08234
08995
00344
07257
08995
02021
12373
00303
01424
12972
01119
01961
08978
00406
07246
05343
05343
13583
13584
02388
13623
13622
02003
01534
17103
13482
05939
05349
01473
01193
00854
12371
03168
12573
12510
02651
01053
12511
07017
00529
08310
14058
02001
01916
01053
01607
01048
01958
03406
03406
07506
08299
12511
12510
03406
03406
00055
01479
01779
12972
03406
03406
03406
03406
03406
03406
03406
03406
03406
03406
03406
03406
03406
03406
03406
03406
03406
03406
02081
02025
02057
12256
01992
13503
00108
01799
00799
01782
01191
00799
09024
05524
08316
01654
13012
09945
02057
03296
03296
00620
12368
12539
12540
12547
12369
03655
01079
01087
00433
01469
10778
09457
13895
00281
03719
12511
10979
10979
12547
12547
01843
09961
12510
13038
10440
12506
05845
01209
01060
01420
01187
01488
00799
00799
03396
07025
01761
07232
07126
07126
07126
06118
13979
02077
10111
00297
02028
13652
02224
07793
01273
13581
07726
10778
13652
10680
03328
10233
10234
10232
07114
07246
13481
00407
05946
13582
13592
13821
02055
14218
00121
13599
09780
10561
14162
14160
02004
02004
02004
02004
06147
06147
00001
01897
01965
05973
11754
02303
10440
02651
13893
14221
14221
13598
05351
10189
07114
07114
13896
13639
13894
01961
03782
01784
13587
01784
00029
14219
14160
01560
01560
05606
01560
11085
21911
14230
20941
14229
03201
01447
02057
03655
03409
00537
01621
14228
14225
01470
06893
05847
14220
01190
02027
01983
02057
02057
02057
02057
02057
02057
02057
10190
14228
01070
01969
02004
08281
00215
00215
13633
00265
01466
00058
00024
13688
13924
07335
07335
03394
13653
13772
07486
07486
13589
05934
01965
07486
00941
02483
01181
01768
02052
00015
00799
10237
01133
14232
02027
02027
02027
02027
02027
02027
02027
02027
02027
02027
02027
02027
02027
02027
02027
02027
14222
00799
02057
04085
02029
02029
02053
02053
02029
02029
02029
02029
02053
02029
02029
01077
02055
14226
14234
14232
02029
02029
02010
02055
02052
10112
10238
10235
14347
14233
14680
14228
03297
02028
14219
01561
01139
14233
14233
05570
14225
01934
02005
02053
03566
14230
14230
14230
14218
14218
14218
02053
02020
14233
05800
14234
00970
02058
02057
02057
00303
02056
00799
02055
02029
02029
02029
02029
02029
02029
02029
02053
02029
02029
02053
02053
02029
02029
02029
02053
02029
02029
02029
01916
01768
03088
01840
02010
02055
13628
01011
02056
14219
14162
14227
14227
14227
14228
14223
14230
00674
02054
02052
00059
02510
01092
02026
14205
13993
01977
01977
01977
02029
02056
06147
03307
02005
01187
02054
02058
02057
02054
01985
01985
01985
00128
03088
03088
03198
14231
14189
03500
02056
14225
14237
14224
14224
03328
09970
02510
01966
00128
01485
01524
01524
08305
19302
15066
14652
15125
02027
10112
10018
10020
03382
02510
02075
02074
14237
14232
02055
14234
01800
06147
14229
01978
01113
07273
10218
14223
14161
00564
00918
07090
01784
09810
14161
01990
01470
00124
14219
02025
14235
14261
06133
14236
20534
01980
01980
01980
00799
00039
01784
00949
05565
01607
00344
02030
02028
02054
03457
00480
01502
07258
07343
01768
01768
05799
07258
17241
07168
07497
06147
06148
01826
02030
00128
02001
02028
07782
01768
02509
02509
06995
05606
14998
14657
14660
14661
14666
14657
14659
00148
01239
01768
00249
02031
02032
07273
02054
00249
02031
02032
02480
02054
06147
06147
00001
00102
02052
02001
01768
02056
02058
00128
02030
02052
10560
00529
02031
02032
00039
02052
02022
02030
02055
02028
02030
02031
02032
02056
02052
02030
00020
03767
03768
01768
00568
10677
01768
02025
12262
14977
10439
03406
00799
00799
00799
00799
03560
00799
00799
16012
16013
15011
02027
02026
14658
10010
11939
15269
03092
10823
15012
02055
06147
00483
00128
10562
02056
07273
02054
02052
01286
02055
10117
10439
01055
11741
01941
01457
02529
02030
02022
10565
01768
02030
02030
02052
02001
02001
02030
02028
02030
06147
02056
02058
01271
05499
02030
02054
02030
00344
08261
01185
02028
02028
02028
02030
00446
06148
01992
01768
07782
02031
02032
18581
00884
09969
15034
02031
15578
11741
15580
15784
15555
15532
15551
10831
00220
15552
15738
02428
01692
15783
15786
15785
15577
15581
02032
02032
02001
00459
04765
15576
10191
15782
15270
01082
17316
15371
01198
06998
18335
15977
17735
10716
15977
15987
15977
15977
15975
08679
00570
10009
10019
16147
07486
07497
07497
02358
16137
16137
16137
16137
10716
02424
02030
02029
02029
00570
16079
16079
18552
16087
10020
02028
16074
16371
16167
11069
15582
00971
16563
16554
01684
06221
07482
16566
16552
06909
10804
03699
11072
11071
11070
16165
16329
01801
11645
16171
16168
02028
02029
15583
00529
03321
11959
11960
11961
02031
17213
16783
17237
02025
10118
10119
10117
10118
10119
10118
10117
01166
10119
10117
10117
10118
02034
10543
02031
02032
16784
11962
10119
11963
18816
10544
10545
02055
02031
02032
10119
10118
10117
02029
02029
12548
09971
09972
09972
09969
02031
02032
01834
02030
02030
02030
09970
09971
14998
16873
02049
16137
02196
17239
17243
17242
17241
10439
02030
02030
02030
02029
02029
10439
10439
17315
17317
17316
17325
17322
17323
17321
02488
02030
17202
17214
10440
10441
02030
02028
02028
02030
02030
11209
09972
17242
17324
02028
02028
02029
17247
17240
17243
10440
10441
10439
10439
17315
17316
17317
17203
17204
17316
10112
17315
10112
02028
02029
17215
10112
14224
01990
01990
15553
10112
01992
15554
15554
10112
10112
10111
10112
10111
10112
10111
10112
10112
10112
10112
10112
10112
10112
10111
10191
01533
10111
10111
10111
10112
02027
10111
17662
17675
17723
17836
15975
12574
00254
00130
00329
00356
18220
17938
08351
13010
06998
17989
04771
00042
19270
17850
18277
04343
02031
02032
21686
21430
18383
00138
03446
18457
18480
18588
18554
18661
18676
18707
05366
16841
03789
03789
18904
18905
18910
18901
20807
10747
07062
18829
18902
18910
18831
18954
02847
18954
01971
01971
18138
18893
03497
03497
03496
16898
19055
03976
07050
18979
03526
16899
18981
03496
03496
01451
01451
01820
03497
00611
18996
18996
18996
18996
18996
18997
03396
07746
07746
07746
07746
07746
07746
19092
19166
19221
12448
19092
19163
08678
00798
08678
22468
22468
22468
07486
19092
07062
19191
19092
19164
01066
19265
01992
01992
19338
06041
19431
04771
19302
04771
19267
01066
19302
19267
01785
19270
19300
19577
19577
19707
00992
07102
19689
17722
20248
20252
00799
19784
08744
19802
20942
01451
14731
09796
20023
19733
20807
20542
20543
20541
22131
11529
01214
11751
21062
20938
12658
01768
13877
21136
08968
13609
21134
21137
21379
09806
03636
21645
22044
22044
21420
21470
21470
21622
01451
21603
21621
22081
21832
00875
21948
19591
21910
21929
21929
21929
22025
03892
22024
05802
22044
05275
22082
22067
08319
22083
05275
22129
22130
14274
22187
22215
22217
22186
13875
22186
22310
11991
22303
02257
22342
22344
22348
22343
11206
00590
00424
00275
22551
22548