03588
03060
00805
14224
14224
11263
12503
03316
06916
03316
09019
13788
03386
07270
13527
00004
01840
07284
01421
00153
08372
03436
03709
01090
02004
09009
13950
07214
04518
00297
00826
01885
01462
00604
03500
01783
02016
02015
02015
02013
02364
01223
02902
02013
03218
01883
01770
00991
07776
01834
00943
02341
09157
07166
01809
13640
05794
00033
00640
01738
01703
01704
00790
00057
01921
00946
07030
01673
01679
00156
02654
03624
01754
03885
01689
02428
00240
00239
00242
00241
01867
01142
03710
01491
00600
00602
11175
02313
02338
03629
02470
02469
00954
07040
02911
03685
10563
03529
01696
01695
00873
03106
02959
06960
02860
00554
10805
01256
01808
03545
01358
01358
03544
06959
11737
03439
03686
03687
04043
01104
07552
02619
06902
00788
03153
03154
03149
03530
02954
02913
03306
00014
00849
02796
02795
02793
02794
03488
06994
06199
06199
02440
01438
09153
00014
01873
00363
00362
01870
03707
02888
02899
03979
00969
09710
01425
06191
00525
00526
01938
03701
13653
00655
02316
01880
06999
00641
01740
06949
01354
02434
02433
02435
01972
03524
09780
06287
00382
03723
00164
03711
01575
01915
03644
03801
00658
00382
01255
03086
03547
03546
07058
00116
02035
03564
01652
01653
00053
01874
02003
07075
00052
04488
11717
01056
02897
01710
00973
01654
00948
04042
00919
02528
07270
03424
07056
01589
01588
02446
01897
00163
05916
01596
04755
03724
07223
00773
07107
09125
00134
00847
06910
03305
00762
01750
11738
01624
00135
04762
00558
01875
04095
01868
07009
01159
03550
03551
03210
03072
03074
03427
01154
01153
01892
01876
07560
07478
02986
01872
07447
07082
00014
01736
01735
02356
02343
00928
01952
01952
01952
02016
02015
02013
02755
02756
02757
02035
02035
02034
02033
06131
01687
01226
05845
04095
00925
01142
02864
02469
07090
00426
00425
02470
00989
01776
06891
00763
05838
07018
07503
02114
02112
02115
02111
02113
02109
02110
02108
02493
03928
02437
00111
02440
00864
00567
01246
08987
03303
03303
03977
00945
06178
05896
03496
04763
02749
02750
00963
03602
03601
03527
07778
07693
06942
06193
11065
06966
01304
01810
06207
10007
01937
03631
00858
06442
01866
00759
03402
01890
01889
07224
07243
03437
02887
02916
02520
01814
02501
01356
03722
03665
01778
00791
03553
10005
10008
00674
01439
03117
03593
01262
07053
02492
01599
00231
01772
01749
01698
01845
02342
03657
03657
07043
07177
09118
03969
03743
00995
03466
12574
01714
00962
02956
01243
07173
11753
03177
02834
02519
07742
02600
09748
01881
00099
00981
02838
09903
02357
02967
04487
00566
07670
07654
03070
03466
01854
02283
12510
12511
02836
03664
06949
00800
03088
07259
01507
04075
00760
03798
01495
00796
01633
08981
01918
04567
03696
03575
03625
00609
01956
01955
01591
00942
13038
06958
09762
02237
02238
02340
02968
03596
03686
09761
06217
07042
03595
01649
06153
07442
03116
05846
05846
00528
09956
06901
06901
09858
01895
01512
04756
07552
06929
01740
07067
04485
03306
07220
01424
03975
03654
00761
08296
01644
01756
00817
00161
00162
00627
03118
03727
00766
00806
03584
01256
02909
00059
03523
09013
09015
09014
00615
00616
02016
01465
02963
03695
01933
00764
01945
01923
02003
03303
00782
03786
10773
02016
00859
02945
02335
03110
01609
01657
00794
11752
09458
02078
00648
00645
07391
02935
01193
03750
03639
02020
02018
03750
03637
03635
00370
00371
00373
00374
02575
00281
00605
01752
03043
03046
02950
02992
02355
02358
02946
02906
02926
02892
02886
02965
02890
02982
02878
02904
02961
02835
03628
00872
01733
00003
01586
01887
03578
00982
01915
00606
01265
00886
07738
02337
06180
03101
02221
06997
05810
03531
01924
02563
01925
01000
02895
02931
02994
02933
02881
02988
02907
02876
03076
00939
01265
06941
02518
02952
02948
03040
02879
06173
02871
02996
03431
03282
00867
00820
00997
01775
06925
03789
01409
06048
04078
04077
00088
00088
01951
07088
01929
01928
03587
03438
03925
02346
01626
02015
02015
03284
01939
09940
06215
08681
00549
02445
07386
00661
02073
02071
02072
02003
00882
02768
02769
02770
08483
03648
04077
03212
01252
00216
02361
03657
01903
01902
04047
00036
01057
03075
01803
00927
00134
01869
04066
00789
03703
04561
03702
02015
02013
03466
08167
04564
03313
04567
03310
05596
06895
02314
02939
07460
03470
03100
02884
03111
13288
03111
02990
03980
00384
03671
03497
03496
03501
06346
03217
03536
02914
02335
06877
07146
03168
00286
03499
02548
01911
01661
11928
01885
02551
02549
07304
07305
03684
01662
03499
01520
03183
03308
05786
03799
09767
05592
00075
08369
00133
00287
00560
00937
06980
03073
02601
02867
02863
03304
10006
13821
02004
02077
03216
01990
01990
01990
01664
05522
13953
03484
02483
11754
03767
14221
03481
01916
03589
03574
14230
14224
01104
03499
06976
09861
09940
14228
06024
14219
14233
14230
01182
01182
00891
13571
08281
00215
13787
01739
01897
00655
00971
11189
00024
13771
00951
04092
13671
05364
01934
00980
01897
01768
14229
14228
14234
14234
14232
14225
14225
14232
05847
02013
14218
14233
02035
03655
14260
14347
14218
14218
14237
14235
14231
01992
13671
02029
02075
01990
06133
02484
02777
02825
03709
02030
14219
14223
14225
14226
14228
03426
14222
14236
00950
02808
02809
02810
14237
14229
14229
11733
14233
14237
14223
14220
01802
04096
09820
02283
01462
00721
08884
04517
01980
01980
01985
01985
01985
14228
00941
01977
01977
01977
09819
02483
03811
08998
09167
01126
14219
01515
03469
06187
02874
09772
03733
06147
06147
06147
01966
01524
01524
07768
11603
11602
14234
14232
14230
02484
01784
01760
01760
03655
14228
14234
14227
14219
01802
02074
00067
01790
14645
16014
15371
11939
06177
08316
14761
15553
15521
15525
15526
02428
15554
12510
15520
00368
18955
10009
02424
10716
10010
02424
06221
02363
05602
08884
01267
14645
15342
02035
02035
11939
16264
00970
16301
11601
02031
02032
16784
02858
16650
16785
16925
16786
16787
01719
02303
01992
01992
01992
01992
02028
05845
15555
14225
01985
01980
01980
07012
14233
17686
00254
17883
21480
18369
16234
18455
03574
06168
06896
21687
01992
01990
18930
18929
18928
03976
01436
09951
03526
19131
19132
19133
00571
07448
12349
12952
19710
12132
12132
20074
21071
20814
21147
21147
21481
21600
10914
00936
22010
22297
22319
22336
22317
00728
22468
08300
08301
07566