03304
04042
05350
01975
00029
02034
02337
02621
02591
01919
01486
00758
01839
01488
00761
01685
00762
01465
01803
00101
00858
00600
05606
01273
06137
00937
01881
01686
01875
01079
00831
00626
00763
01255
00674
00912
00496
00658
00164
00832
01714
01462
01462
00052
00554
10543
03892
01589
02884
01247
01430
04568
00954
01696
01602
01601
01028
01879
04561
01546
01892
05788
03654
01548
03500
02031
02032
01889
00019
05520
14980
09922
03555
10563
00266
01547
03652
01029
00240
11381
03575
02493
03536
02564
03601
00208
00925
04075
01953
10773
02015
01756
03043
00133
02400
03665
03553
08303
07812
03060
01448
10545
04654
10553
10554
01867
00990
01920
07240
01004
01284
07002
03852
01286
00228
01599
01749
00598
01938
00012
01092
00878
00788
00013
00882
01733
00759
01945
00928
00299
00796
03431
00053
02588
01000
00075
01921
00548
01923
00873
01918
00606
00939
00074
01610
03100
00997
00951
03527
01805
01772
01940
00989
00859
00634
00855
01443
00979
01259
06041
06153
00284
01241
01736
01591
00626
01426
00681
01409
00962
00215
00290
00697
01087
01251
01778
03797
01092
01483
01452
00077
01933
01638
01669
01647
01356
01609
00766
01750
01785
10820
00548
00615
01520
00609
10544
01952
00640
01740
01739
01669
00574
00003
00560
00287
01937
01939
01752
01952
01776
00145
01887
01207
01866
01689
00694
01895
04035
03428
01823
02073
00548
00760
00769
00275
00768
01740
01775
00640
02072
02071
00927
01626
00942
00097
01255
00940
00688
00975
00703
00845
02073
00666
00773
01338
01972
01496
00982
01690
00117
00616
07304
05800
00943
07486
00286
00020
00428
00134
00134
01358
00684
06016
01464
01770
01434
01698
01783
06042
05895
01735
00891
00278
00368
01915
01810
01057
00036
06044
00705
00643
01951
08963
02197
00639
00566
03396
00963
00573
05896
06024
07054
01998
01997
01996
06016
01464
01995
00748
00677
00099
00806
00791
01999
01447
10552
02573
00651
01790
00015
01620
00948
01069
01923
01693
00975
01092
04487
01872
01628
00040
01815
01812
01613
01246
00626
00919
00311
10119
03111
02585
01902
07462
00341
03470
00340
02902
01952
09796
02072
03496
02992
00963
10439
10440
10441
03814
02904
02948
00604
07042
02231
01011
01011
01011
03046
01695
03110
01649
02041
03469
02418
04063
06173
01955
03168
01962
02406
03424
06187
01817
02863
02470
02469
03658
00059
10960
07090
00764
03183
03640
03724
03641
02405
03073
03530
00864
01142
02500
00525
02837
02279
04754
02945
00648
00820
01912
06282
00790
01520
10680
02005
01687
03624
03686
00525
08591
02160
03685
02339
02622
03188
02112
07023
05799
02015
02015
02335
00950
01433
02342
09701
00123
03427
03703
00575
00575
00575
03666
09001
03711
07483
04755
00064
02052
02053
02055
01956
03315
02520
02968
00335
01420
02313
03320
00344
01419
03701
07089
03702
02346
02343
03832
03734
03612
03723
03617
02586
10125
03746
04651
03618
03619
01153
01915
00794
01963
03787
01915
01915
02029
02029
02030
02028
03497
04652
04653
03605
03620
03192
06281
04656
09771
02529
03092
06917
00548
03088
06890
09945
02164
07666
03497
09160
03694
02557
07232
02986
01897
07028
07322
00065
00874
02970
02342
02053
02913
06890
00344
05782
03593
03925
03438
03587
01928
01929
01925
03588
01924
05973
03821
09471
02029
11209
02025
02026
02027
01578
10235
02199
00783
03405
03406
00640
00059
06196
07112
07115
03075
00383
04088
04087
00615
06876
06871
06147
07032
00208
04078
07154
07154
07154
01627
03406
06895
05596
04046
00076
02838
09903
03977
02996
02871
02422
03407
03413
03406
03408
03407
10943
02408
02409
02410
02411
02413
02415
02416
02417
09846
02291
04037
03403
01739
02071
02073
02224
06903
03204
03203
03201
03200
03199
00104
07484
07481
03768
02012
00208
02030
02028
02029
03413
03406
03406
03411
03409
03413
03407
03413
07497
00382
03564
02836
02433
00847
07560
06147
01754
01055
08151
02355
02501
03783
07390
10233
10234
10232
10235
02004
02003
02498
00239
03615
03614
03613
06941
03594
02421
02401
03092
02407
10941
02397
02396
02395
02394
02393
02392
02391
02390
02389
02388
04485
03412
01095
03667
00793
02933
02982
02892
02886
09007
02874
02419
02420
02600
03592
10979
02588
07234
02305
04748
02448
03629
07645
03406
07080
02005
02003
02004
06168
06217
03820
00789
03439
00800
00945
07222
11337
02275
02275
02387
01993
01704
02398
01624
00325
02039
01588
00161
03655
08296
07447
01883
01807
01239
01903
01657
02338
01878
01428
01429
03657
03786
02414
02228
04764
01159
09823
01696
02054
02234
00647
00573
09882
13747
00426
02230
03778
05595
06180
06177
03572
03813
01644
02437
00605
01965
07552
00108
00130
02167
04096
03523
00297
03576
03306
01091
03088
03098
03316
09017
06966
04564
00305
00302
00304
06147
00303
02200
04768
00432
00060
01662
08929
08928
08926
08927
09845
09844
07160
00058
01271
00059
01649
06999
09949
07277
00981
00333
00330
01640
01968
07275
00253
05805
01091
00820
06147
06980
00259
03282
01586
09812
09811
00655
03753
03752
07566
00023
02523
05837
00285
09860
02386
03435
02769
02770
03568
02258
02276
03790
00772
06190
10764
03498
01006
01633
05800
03185
07025
09117
02274
03801
02052
02055
02054
03589
03590
03531
02535
05807
03631
00102
00548
10125
04085
06196
09985
07486
01738
00720
00261
02316
03086
07738
01759
03704
01868
00315
07273
02028
02030
02029
02029
01750
07341
07497
04750
02044
02826
05800
02045
02047
02046
02048
03979
02020
02018
02017
02483
03704
06907
06953
09769
01784
02518
06287
09862
09779
09807
03558
00059
02078
09458
07082
06904
00162
01802
07636
01480
02835
04039
04038
04034
04036
04040
08226
09847
10027
00297
02536
06188
03644
03406
03704
09005
02233
03455
03602
03746
03746
03798
04782
00970
01996
01995
01998
01999
02890
02965
02926
02906
02946
02358
02355
02950
02935
02864
02867
02601
02358
03521
03522
11189
02793
06958
06023
03584
03595
03474
09928
02401
02421
02400
00854
07278
09800
07058
03676
03215
04083
01754
03101
09760
07167
03088
00978
03671
07102
06925
00824
02916
02887
08688
09972
09971
09970
09969
06179
07478
03670
03839
03734
03616
09801
01843
02569
02045
02047
02046
02048
02007
09689
09688
10107
07481
02048
02046
02047
02045
07484
03525
00339
01607
00337
00336
01523
06929
03218
03446
03543
03296
09712
02410
02517
03789
07335
11688
02198
02200
01653
07301
06969
09989
06204
01129
07058
00111
07507
03088
00645
03733
04751
03545
02939
02963
02990
02527
02016
02015
02013
09781
02528
03771
04744
07091
04094
01476
02274
07782
03670
03669
02067
02065
02066
07112
00700
05343
06147
02227
09015
09013
09014
07018
06207
02444
09799
03182
01874
06891
00332
07161
07402
07141
00528
00390
00381
05800
00493
06942
02897
01665
02619
01876
02035
02033
02031
02032
09131
01885
02232
06136
06138
06139
02225
05801
03823
09808
09810
06959
03327
09159
01991
03625
07283
07483
04565
03210
03072
03074
02193
02194
02195
02196
03980
07056
07460
03089
07259
09987
09747
04518
08738
01420
00404
00405
00407
00406
01533
07025
07088
06167
07107
03562
08998
02914
00382
07090
00241
00242
07043
02022
06148
07323
04751
03664
03529
01462
07484
07484
03106
04092
02959
02860
02909
03496
02116
02108
02110
02109
09986
03924
04080
00135
09761
03179
01465
07735
05564
05563
05562
05561
05560
05559
09919
00799
01724
07080
01487
06213
01934
02278
02283
02282
02280
05539
02314
01890
07032
00058
07313
05367
06894
09861
02221
06902
07261
00883
01187
01673
09927
06966
01439
02527
00337
00821
00626
01847
01439
01916
00627
01631
02002
02001
02000
03500
04758
04759
07782
06189
03451
03168
02004
02003
00626
02483
02006
02008
04090
11749
11927
08300
12340
02003
02004
03841
00855
00615
00134
01624
01601
07483
07483
03829
07086
01601
01602
04748
01784
03197
03194
04096
07484
03519
02911
03621
01494
02040
02037
02038
02036
07657
02050
02051
02049
08738
06118
06148
06923
03118
03117
03116
02010
02372
03186
03560
02067
02049
02050
02050
02051
07303
07302
09815
09817
09816
02012
02011
01754
05951
11178
11177
02056
02057
02057
11711
11712
12262
00343
02114
02115
09888
08226
08226
09826
01716
02058
02057
02057
02056
07402
03745
02502
00765
02003
02004
01759
02571
02572
02570
02567
02568
02569
01854
05785
01991
01104
01840
00012
03312
07154
00564
02056
02057
02057
01485
02065
02066
01999
01997
01998
01995
01996
02035
02033
02034
07107
05816
05815
05814
05813
03324
01998
01997
01996
01995
01999
03413
03406
04761
08482
08481
00376
07218
02014
02016
02013
03885
00128
01619
00852
02057
02057
02056
02058
02019
04655
04653
01784
07240
09137
06199
06199
06949
07001
02342
08223
00039
04719
00948
07100
05564
05563
05562
05561
05560
05559
02053
02054
02055
02052
01667
03710
07484
07486
07484
07484
07484
07484
07483
00666
07484
06193
06147
07667
02888
02899
00931
00147
00655
00788
02533
02259
01299
05366
02879
03040
02952
02876
02907
02988
02881
02994
02954
02931
02895
02961
02878
07007
03189
04566
02111
02113
06145
03688
02389
02412
02387
02388
02408
02420
02391
02392
02386
02393
03687
09790
03495
03650
03628
08973
06287
00014
03071
07113
08304
05499
03412
03187
04066
04043
00459
03821
03088
01091
03841
00128
00252
02557
02390
02396
02394
02419
02417
02411
02409
02415
02556
03190
00334
09748
07742
02519
03574
03769
03630
06861
09774
03684
00329
00356
00799
07659
00795
01662
02064
02063
02062
00413
00412
00384
05592
05838
07157
09791
00411
02919
00884
03695
07147
02002
02001
02000
09472
07045
03185
02433
03466
08714
00126
00995
03636
03635
00930
03978
07140
03217
00128
01719
00057
02956
01738
02834
10227
10228
10229
00045
00330
00334
00335
00339
00340
00341
00343
01447
03177
02341
00331
03304
02687
03550
03799
07258
02584
02597
02593
02592
02596
04487
02595
03092
03530
06878
00140
02556
02557
07225
03325
03892
07638
05779
05778
05777
03544
09017
07110
00342
03070
02416
03743
00991
03499
03498
00020
07552
02967
02357
07007
07234
05934
02189
04763
07010
02510
06446
07736
05524
04762
01048
07395
07577
08602
03089
03639
01438
00324
01556
03809
03569
03570
03571
05515
00826
01714
03198
02570
03704
09956
02016
02015
02013
07090
06140
03406
03704
07341
07484
07484
07114
00127
07152
06952
08311
01265
03561
01144
09947
07338
07127
08939
08930
01915
01845
07391
03743
03831
00001
11175
03684
01262
09883
05527
01256
00817
02434
01873
01581
01885
03750
03637
01658
03770
07289
03579
07588
03596
02351
07568
02356
03497
00826
00826
09973
06916
08484
09125
00480
08930
08738
07497
07484
02011
07708
02109
02356
09780
02035
02035
02035
02033
02034
02031
02032
07126
06954
02050
02049
02051
03286
03111
03496
03551
02035
02033
02034
02031
02032
01995
01997
01998
01999
01996
02042
02042
02044
01999
00666
08995
03205
03196
03195
03781
02563
00384
05810
03413
03407
03408
03408
07393
01489
00969
03704
01133
01870
08990
06918
07182
00939
01895
03321
07226
03098
06985
06158
00700
01835
09386
03518
06178
00338
00336
01679
02591
01814
00342
11068
00331
02587
00817
03705
03501
00088
09966
02435
08483
11183
02768
02238
02806
01424
03497
02412
01755
01755
02379
01703
04077
03746
02568
02574
02567
02572
03594
05786
01104
03328
01118
03328
01008
03406
01652
03303
00425
07217
02426
01681
05936
00338
03408
11334
07231
01056
03719
03076
11333
09710
11335
11336
09768
07088
01142
06997
01869
02340
01785
11473
11689
00031
07712
00031
01625
11472
03426
01894
11752
11754
00602
00812
03746
03530
11811
02020
12972
12573
12370
12989
13292
12410
12454
05521
13256
07305
01908
03643
00812
11607
11605
03524
03496
00568
00595
11690
08939
11717
11719
02303
02303
11753
11717
13819
11940
03496
11720
09921
11534
03574
13588
13587
13584
00281
00117
13378
13583
13623
13622
01534
13482
13483
08309
12510
12511
14058
13994
13991
13926
07154
07516
01782
01799
12368
00620
12369
10778
00121
13789
06221
13895
01491
07387
12372
13038
12371
10111
01958
00958
13643
03782
01070
00029
13581
13481
00024
13641
13599
01961
14221
14221
05351
13598
13893
13896
07497
13894
13821
00941
02078
14232
01983
14228
14393
14218
14232
03404
01969
18335
08281
06049
13688
13924
03394
13771
13766
14230
14228
14237
14155
14233
14219
14347
14233
13628
22044
14233
14234
14230
14230
14230
14230
14219
02488
14083
14393
03851
14160
14237
14218
00529
14228
14223
14223
14230
14451
14446
14449
14448
14447
01977
01977
01977
01977
14235
01985
01985
01985
01985
14234
14218
14218
14218
14218
00830
14231
14225
14234
14229
14441
14224
14224
14226
01966
01524
11532
01524
08305
14652
01884
07497
14220
11606
11604
14237
14222
14228
14161
14228
14227
14227
14227
14227
14219
14233
14232
14225
01980
01980
01980
01980
14225
14225
00949
02427
16555
06919
14660
02027
14977
15011
03297
15600
15598
08316
00076
15012
15034
15408
15580
02428
15784
15785
15786
15554
15629
15633
10831
15553
15555
15736
15551
00220
15552
10747
15738
01082
15555
15554
15553
04765
15790
15783
01715
03286
11741
15581
15599
15582
16011
02594
15782
15270
04771
15866
16087
15986
16562
16558
16557
16556
16567
16566
16564
08679
07484
07484
07484
07484
07484
07484
07484
07484
07484
07483
07483
07483
07483
07483
07483
07483
07483
07483
07483
07483
01447
02019
07484
16092
16089
16147
12574
00570
15554
10118
01978
11645
16554
11070
11071
11071
11070
11069
11072
16552
10804
03699
21430
16370
16165
16329
16327
03321
11959
11960
16783
01166
15555
11961
15554
15553
16692
10117
16784
15583
10823
11962
11963
18828
01990
01719
16871
16915
02009
14998
17218
17226
08738
01990
17227
17103
17325
17322
17323
17321
02010
17247
17324
17222
17223
17224
17226
17225
14219
01992
01992
11072
10112
10112
02026
17723
00666
01497
17865
04749
19745
07263
07263
04757
00254
02040
07080
10126
03298
17947
01026
04761
03719
03803
13993
10979
01997
08720
18145
02397
10709
10710
06919
01153
07027
07126
06281
03520
00124
18138
03585
01185
01185
18118
21686
18143
18146
13060
18480
22468
18588
18587
18661
08691
18707
16841
06147
18893
18829
18910
01971
18967
16898
03496
07050
18979
03526
00611
18996
19073
07746
19221
12448
19163
00798
19158
19159
19164
08678
19092
01406
08678
16559
04771
01992
19342
13771
19302
16692
19302
19341
19510
19641
19661
17686
00992
17722
06132
01999
19802
05770
05770
19733
20074
01236
20541
20542
20541
20542
20543
11529
01214
01214
01214
21006
21012
21011
21010
08968
09806
21307
21308
21309
03651
03892
21420
21470
21555
21622
21703
21621
21694
21564
21703
19591
21929
21929
03741
03559
05802
03547
22186
22215
22303
02257
22405
11206
22468
22551