01915
06287
06442
09761
06180
01749
02114
02112
03530
02108
03797
02871
02996
05807
01802
03210
03790
04764
03801
03821
03821
02113
03071
02621
03497
03496
03501
03495
02445
03301
03217
00240
03201
03798
02939
02963
02990
03695
03629
02110
02109
02109
03593
04088
04087
00241
00242
00239
02950
02992
02355
03073
02601
02867
02863
02864
02935
03043
03046
03590
02535
06179
00161
00162
06207
02194
00411
00412
00413
02836
03596
03204
03203
03203
03204
03195
03196
03205
03555
01808
03641
03089
03294
01892
03562
02022
03667
06202
03523
03168
02986
02860
03602
00334
00333
00332
00331
00330
04763
03820
04566
03550
03551
03642
06190
03101
03588
02563
01889
02338
03664
01902
01903
02834
06187
03657
02919
03684
06167
02523
03294
03762
02030
02434
02433
02435
02838
03625
02427
02341
03106
03926
03631
03686
04043
02340
05367
04082
03470
03702
03676
02469
00425
00426
04044
02622
03543
03584
02519
02600
03185
03587
03438
03925
03703
03070
03060
02470
06213
03072
02197
03980
03655
03723
02313
01056
02897
02916
02887
02914
03536
02970
01965
04077
04078
03687
02968
02948
02879
03040
02952
06178
02536
01159
03595
03685
03100
00335
03074
02884
03199
03198
03978
02909
02902
02065
02066
04754
02527
02357
02967
01883
03075
01977
02343
05833
06168
04488
04487
04487
03177
02956
00526
00525
02945
04773
03628
02835
02520
04564
00343
04066
03186
02314
04485
02356
03589
01980
03201
05567
05568
05566
05571
03671
02372
06134
03455
02518
06204
03733
03182
03466
05524
02195
03701
03111
04079
03545
02493
01879
01878
03762
06173
03086
02316
03624
00324
02343
02028
02339
03572
02959
02913
03076
02876
02907
02988
02881
02933
02994
02954
02931
02895
02874
02961
02904
02878
02982
02890
02965
02886
02892
02926
02906
02946
02358
03218
01679
03531
03704
02528
04744
03601
03977
03688
03183
03424
03179
03544
02198
02517
02067
03469
02342
03644
03116
01095
02888
02899
03650
03553
02078
03570
03569
00648
02911
03110
02335
02337
03118
03199
00339
00340
00341
00342
02193
00338
00337
00336
01681
02115
02111
04047
05366
03684
05832
01985
05568
05568
05569
00228
01921
06147
06147
06147
07018
06985
05570
06889
07088
06861
06980
06942
07277
07638
03386
07082
06890
05810
07447
07275
07276
07146
06999
07289
09810
06867
07152
07091
05349
00449
07088
07243
07056
06920
07258
06925
07001
03296
07058
06900
07010
03201
03201
09774
03201
06894
07042
09903
07462
07390
04075
08998
09778
09779
10773
08973
01419
09748
08218
05515
09765
09985
09987
09991
09949
09131
00208
03652
09458
09710
09747
08311
09760
09773
08738
09808
07735
09159
07736
07568
07552
00067
00029
01937
00979
01495
01881
01520
01297
01925
01778
01869
00981
00806
00826
01714
00858
00057
00384
01754
01338
01823
00382
01934
01867
00655
00799
01006
00962
01840
00791
00384
01358
00945
00627
01698
01866
00997
00790
01507
01000
01929
01928
01870
00568
01885
00989
00939
01142
00943
01873
00912
01972
00773
00859
00645
00626
00600
00928
00059
00942
00789
00012
01875
00382
01265
00643
01647
01872
01439
01772
01599
00677
00554
00925
00625
01775
01494
01887
01129
01627
00940
00995
00507
01409
00023
01255
01876
00215
01322
01737
00658
00164
01299
00674
01462
00604
01923
01868
01613
01924
00075
01142
01354
03465
00566
00133
00748
01885
00325
05973
03640
00812
00970
11085
09816
09815
09691
09817
09690
05527
07716
01874
12340
03560
08300
01890
00324
07566
02488
05794
01782
11754
06041
13292
03979
11720
00031
01491
11528
05837
05788
07659
03524
02029
11719
00951
08309
01262
08316
06879
11749
00024
13599
01791
14222
14228
14219
14219
14221
14226
14230
14224
14225
14220
14225
14232
13598
05939
01092
14233
14236
14230
14237
14228
14233
14231
14230
14235
14234
14219
01966
01524
14234
14223
14237
14218
14218
14229
14234
13628
14227
14228
14233
01983
02116
15383
15371
01082
15270
03301
03301
16053
07323
01989
17717
17716
01978
17103
12574
03446
18588
18587
18707
06147
16898
16899
04771
09796
07552
10026
21929
11991