02956
00817
02352
03319
05786
03704
03497
03501
03495
03650
03536
02914
02545
09761
03466
00059
03553
00174
03555
03572
02443
02440
00111
03666
03665
03713
01620
06131
01174
03781
02913
02954
03547
03546
03282
01681
02622
02621
03310
03480
03502
04517
01657
01658
01696
01695
02039
02032
02031
02034
02033
02036
02038
02037
02040
01775
03704
03311
02563
03797
02777
03294
03700
05366
02086
03722
00805
03183
03530
03977
02945
05337
04042
08170
08170
08170
09963
02013
01118
09013
06024
05896
00364
01771
01647
01754
01754
01733
01738
01749
01736
06153
03299
01990
03778
04041
03823
04086
04759
00294
03778
04750
00077
03294
00823
01895
03451
04068
03300
00380
01077
03758
02538
03070
03076
02500
02501
02313
02338
03629
02470
02469
00641
02939
02314
01126
02547
03303
02015
02015
02016
01586
01784
03784
02042
02042
02041
02044
02050
03311
02809
02810
01153
02031
02032
02033
02034
02035
02012
01737
03654
05847
05846
05845
03305
03647
00525
00526
02015
02015
02013
02016
02240
02242
03070
02836
03702
03701
05311
03075
03928
03664
03704
03785
02437
04488
03644
03739
03740
03885
03101
06180
02824
00609
05571
05570
05569
05568
05567
05566
05565
01126
03100
03100
03695
00648
02035
02031
02034
00858
06213
07284
01897
02035
05916
02790
02791
02773
02774
02775
00008
05338
05339
03489
01223
06216
02529
01990
01992
01992
02004
02003
03307
01788
01046
03111
03800
03475
02822
02821
02445
00299
03118
03116
01990
00626
01760
01739
03497
02990
03111
02963
01834
03387
03816
01154
03928
03308
00265
04069
01126
00632
00252
03471
00175
06178
04763
01515
03631
03402
03602
03601
03625
02160
02356
00283
00282
02246
02245
02244
02243
02913
04564
02076
03086
02316
01880
03584
03595
06217
02970
02687
03686
04043
03687
03705
03596
02968
02340
02238
01493
02237
00969
02160
03624
03581
04487
01892
01448
03210
03551
03550
06209
03979
02899
02888
03571
03570
03630
02236
01246
02497
03978
03544
03545
02887
02916
02520
03346
08680
02879
03040
02948
02952
02919
03076
02876
02907
02988
02881
02933
02954
02931
02895
02874
02961
02904
02878
02982
02890
02965
02886
02892
02926
02906
02946
03169
05340
00363
00362
00652
06147
06147
00077
05846
05845
05846
05847
02069
02068
03574
03310
02837
02250
03800
02003
02016
02548
02552
00841
02829
02828
02827
02826
01588
01589
00425
00426
03499
00161
00162
01092
06207
03588
02259
01126
02911
02016
02015
03437
01889
03671
03703
00241
00239
00240
03925
03438
03589
03590
03531
05810
04074
02013
02015
02015
03306
01669
03976
03436
00847
03484
03320
01926
01409
03789
01652
01653
01703
01704
03095
03090
04757
04749
01548
01547
01546
05837
03217
03707
02372
02114
02112
02115
02111
02113
02109
02110
02108
02116
02493
02835
03628
00128
01624
03048
03784
04047
02799
02800
03483
02798
03593
02015
02015
02016
02787
02788
02786
02530
01652
02996
02871
06173
01956
01955
03060
04066
03500
02902
03655
03621
02078
03685
03529
03110
03106
02959
02860
02884
03470
01903
01902
04096
03168
03667
04094
03733
03706
02967
02357
02838
03763
02600
02519
02834
03177
05566
05567
05568
05569
05565
02335
01962
01963
02337
03151
04487
06286
02986
01126
02803
02804
01895
04766
04768
02529
01439
06183
00793
03893
03741
06199
06199
02549
01911
03427
00231
01992
01990
03698
01679
03216
03564
03575
03565
07124
03431
00872
07173
03296
03639
03752
03636
03635
03753
03750
03637
03638
03311
05878
02346
02434
02433
02435
03657
00763
04518
01992
01990
02016
04077
04078
02017
02018
02020
02379
03523
02016
01430
01429
01428
03187
03188
03189
03190
00123
03293
03453
02749
02750
03481
01807
03312
03284
03303
02809
02810
08258
00266
02818
02819
01226
03486
02343
06187
02341
03424
02528
00919
02897
01056
03723
03798
04083
04567
03708
04485
01883
03218
03091
03073
02601
02867
02863
02864
02935
03043
03046
02950
02992
02355
02358
00639
05523
00853
01091
03648
02016
02015
05570
05571
03316
03709
02073
02073
07107
02071
02071
02072
02072
06969
00954
08255
01258
02564
03762
07090
06942
07651
06966
07094
03386
07681
07694
07696
07683
07646
07112
08681
06920
08600
05879
09825
07213
07007
06215
06949
07636
06886
06895
07456
03322
07107
07104
06997
06901
07032
07304
07322
07025
06978
07107
09903
03535
09888
09763
07800
03800
07038
07784
07220
07056
07444
03315
07705
09007
08998
08976
09793
10773
08974
08259
06180
10851
10850
09014
09685
07120
01419
00134
00859
00873
00850
09680
08303
00373
10682
07979
00370
09787
00374
00167
01623
09747
05577
01271
00259
00925
00058
01866
01938
01924
01261
03439
00824
01869
00318
00616
00789
01610
01772
01599
01845
01104
01265
01972
01756
00128
01114
01193
01687
00053
06023
03367
00014
00876
01872
00566
01876
00951
00759
00773
01873
01845
01698
01719
01868
02492
08093
00625
00869
01597
00938
01887
00882
01443
00817
00075
00384
01358
00134
00927
01803
01689
01174
01255
00260
01755
01940
01810
01867
01661
01318
01923
01952
01952
01952
00764
01933
01945
01462
00627
00382
01776
00611
00926
01000
01925
01870
01465
01591
00762
00942
00604
01783
00949
00645
00059
00554
00806
00981
01881
00962
00995
00864
00791
00432
01915
00928
00003
01356
00615
01821
00766
01609
01817
00928
00133
01714
00215
01586
01512
00658
00164
00287
00560
00259
01893
00800
01735
00940
00945
01424
00286
00036
01187
00033
00382
00605
00891
00845
01151
01489
00375
09748
01421
09145
02518
07058
09768
09771
09765
09769
09772
00243
09699
09762
09940
07106
09976
10112
03652
09814
00974
02221
03711
00208
09813
10681
00371
08996
07009
09015
10563
06885
04758
00794
08987
09458
07258
00571
08981
08591
09710
01649
00052
01775
00997
01929
01921
00788
00878
00790
01791
00761
00600
01104
00857
00790
01937
00756
01619
01809
00820
00009
01476
00001
01220
01635
00917
01819
01819
01727
01575
00939
01468
01712
01479
01785
01823
00116
00001
01834
01906
01012
00833
01935
00865
00963
00851
01752
01752
00158
00054
01641
00567
00226
01579
01918
00606
01575
00016
00116
07304
07552
00130
00432
00926
00611
01478
01401
01809
00108
01046
01814
01693
00013
00765
01304
11039
10026
09705
09773
01745
01875
01939
01619
01839
01791
01791
00128
00930
00145
00681
00656
00016
00008
00852
01639
00571
01520
00549
00088
01951
00943
00948
00760
00796
01633
00950
00640
00826
06180
09822
09790
02909
02825
08602
07813
07652
00626
09936
09167
19079
08168
03293
07816
07146
09125
07457
00784
07040
08717
07447
04075
02499
07586
07742
02994
07462
01318
06973
09022
07461
07090
04478
10254
07241
07568
07778
07042
02503
07084
06967
06941
10208
10209
07023
02551
10210
10211
10212
03466
01154
11189
07243
07224
07478
11085
07574
10947
06726
06158
02428
07030
07704
09817
09816
09815
07071
01784
06956
09692
09692
09693
09693
08483
05946
07706
05985
11072
03654
07560
00491
03466
03469
06948
11210
01874
01890
11070
11069
11071
11145
07738
09698
07090
07090
01104
07052
07052
07707
11442
07775
11535
01916
11753
01462
11102
11065
11032
11040
11040
11040
02342
11041
00865
07566
05020
11144
11068
00166
11175
03427
03111
07668
07533
07658
01664
01545
11038
11038
11038
11038
11038
11038
11038
11042
07667
11693
11694
11695
03328
11476
00602
00057
12574
01992
11755
00712
00712
07571
06950
07095
06999
13012
12268
12269
12410
08094
13292
01491
06959
13052
07729
19005
00655
01243
03768
11752
06168
03524
05362
01990
02304
02303
11928
02472
11717
07052
12257
12270
06994
11754
01961
01961
13715
07002
02347
07015
13038
00712
06910
12551
12574
12552
12573
12553
13733
02217
06347
09457
13953
03429
00620
12942
06412
07104
13853
13732
00027
01958
07516
07139
06925
13714
00941
14233
14233
14233
14232
14229
14229
14224
14224
14224
14237
14237
14228
14228
13628
14220
14220
14220
14234
14234
14199
14200
14203
14225
07052
14199
14204
14228
14192
14193
14194
14195
14195
14196
14230
14219
07160
04072
06975
07483
14197
13789
14194
14194
14201
14219
07474
14221
14221
14221
14221
07045
00819
00819
14225
14223
14223
06131
14233
19285
14225
14225
14236
14236
00887
14231
14231
05592
03892
14230
14230
14228
00868
14222
14230
01980
01980
01980
01980
01980
01980
14445
14205
03324
01985
01985
01985
01985
01985
01985
01985
00459
14188
14219
14218
14218
14218
14227
14227
15035
07720
14652
07145
14235
14233
14226
14226
01977
01977
01977
01977
01977
01977
11737
14540
11749
11936
16012
16013
01239
01442
00031
15585
15586
03215
15581
15772
15770
15584
15583
15519
16301
15633
15771
03929
10824
15738
05352
15582
15518
00122
10823
15580
03817
15587
02033
01835
15986
18936
18934
15973
15977
15975
18935
03328
02424
10009
01262
18940
21454
07038
16509
16511
11733
16264
06198
16329
16323
16169
11737
16264
02851
11040
10010
16786
16787
04564
16785
02032
02755
11631
16785
16786
16787
16785
16786
16787
02768
02769
02770
11632
00980
16937
16869
17716
16916
16917
16925
16924
16898
16899
02029
02030
02028
17217
17216
17218
01992
01990
01990
17472
17686
07315
19080
18104
05822
02479
08168
07119
03366
07145
21461
21463
06878
18707
18672
18704
07590
18682
18692
18906
14225
07723
18909
18908
18941
07171
04940
18907
03498
07029
18979
01318
05352
07816
07498
19077
19078
19158
19225
05881
19068
19081
19082
19083
19084
19159
12472
07485
19411
19302
19405
07485
03574
19576
07474
06881
19689
01258
20483
20482
00547
00297
21636
19975
19976
19973
20074
20116
20117
20118
20116
20117
20118
20338
20491
20494
21949
20486
20490
20337
20337
20534
21721
21029
21030
21030
21064
08968
00435
06958
05020
06890
06962
21285
07078
07025
22044
21478
21453
21567
21591
21600
18704
21828
22043
22136
00754
22135
22132
22109
03547
17758
02257
22409
13566
22441