00054
02809
02810
02372
05832
03581
03602
01598
00788
00790
01265
01972
01200
00700
00975
00703
02110
02108
02109
02113
02111
02115
02112
02114
00790
01889
00627
00382
00940
00850
00873
03100
00820
02029
02028
02030
02968
00867
01489
02056
02057
02057
00016
02469
02003
02004
03106
02039
02036
02036
02038
02037
02040
01092
02004
02003
03168
02016
02013
02015
02015
01955
01956
00609
01465
00762
01591
00133
01938
00600
02493
02835
00857
00364
00625
00858
00948
01223
00075
00950
01633
00796
01495
00003
00135
02824
02945
00826
02621
02622
03305
03575
05847
02881
02988
02907
02876
03076
00939
02518
02919
02952
02948
03040
02879
03048
01937
01520
00852
02529
02004
02003
01940
01755
01624
00016
02902
01286
00919
01866
03043
03046
02243
02244
02248
00925
00286
01261
02035
02033
02034
02031
02032
02817
02818
02819
02822
00615
00615
02956
00962
00640
01883
03218
02871
02996
03088
01990
01443
01878
01879
00864
00105
02440
00615
01990
01992
00931
00147
01000
02030
02029
02028
00384
01372
00942
03060
00604
02759
02760
02761
00656
00005
02240
02242
00928
00648
02078
02371
00645
00059
02160
02372
01963
01962
01875
02796
02795
02793
02794
02503
01990
01992
02600
02519
02834
02335
00773
01810
01934
00963
00057
00526
00525
00001
01873
01914
01658
01012
02236
00845
01925
02563
01870
01840
00226
01893
02909
01488
02884
03111
02003
02470
01079
01689
00800
00891
01992
01992
01839
01807
01575
01710
01790
00973
00759
00791
02935
02864
00547
00287
00560
01823
00938
01597
00869
01462
00262
02768
02769
02770
00882
00077
00554
02860
02959
02004
02005
03101
02899
03151
00383
01736
01735
02887
02916
02520
00945
02013
02016
02015
03686
01727
00983
02313
02338
00760
01945
02000
02003
00874
01195
01812
01686
01271
02529
01176
01868
03110
03698
03310
03327
03601
02950
01783
00563
02528
02914
02001
02002
02888
06442
01955
01956
00058
03284
03111
03217
03217
02015
00991
00067
03086
02316
02970
02445
00688
00705
02529
03070
01759
03075
02913
00859
02838
02863
02867
01515
00059
01142
00567
02341
00943
01996
01995
01998
01997
01999
01358
00761
01776
01512
01924
02030
02440
00969
02434
02433
02435
01006
01424
00014
01775
00997
03070
01809
00847
02808
02809
02810
01193
02356
01493
02963
03111
02990
03100
02346
00656
02440
01281
00574
02954
01620
01409
01915
00927
00134
02355
02992
03282
05845
05846
00793
01595
02358
01803
01834
01921
02837
02237
02238
02755
02756
02757
01223
00865
02564
01872
00526
00525
00131
00876
02343
00789
00878
03293
03536
02340
06193
03647
01588
01589
01756
01104
01733
02946
02906
02926
02892
02886
02965
02890
02982
02878
02904
02961
02874
02895
02931
02954
02994
02933
09761
03424
03076
03488
03493
00948
00841
02078
01923
01952
00764
01933
02027
02025
02026
01639
01060
06180
03316
03500
00161
00162
03484
03495
01929
00880
02775
00616
02821
02822
01939
02357
02967
03111
02314
01462
02747
02746
02745
02744
00046
00874
01881
00981
00806
03210
01784
01635
01215
00917
01819
01819
02530
00951
02012
02796
02795
02794
02793
02036
02038
02037
02040
02687
00549
01869
02601
03073
02913
01839
01619
00757
01246
01887
01876
01892
02911
02913
00926
00611
02986
02314
02939
00566
01752
01752
00995
01478
00611
00926
01867
03216
03501
03497
01641
04066
01919
03402
03590
03317
01119
00005
03387
03531
03529
03722
04096
03502
03979
06187
06191
03648
03703
03476
03475
03475
03549
03565
03828
00520
00520
01951
03647
03629
00763
03438
03437
03650
03975
04074
03700
03734
03588
03810
01788
06183
03763
04077
03621
03550
01652
03665
03704
03655
03596
03470
03471
03436
03701
01738
04488
06217
06207
07045
03799
03671
03466
03367
03499
01626
03709
06198
03687
03631
03705
03402
03630
04078
00537
03778
03739
03707
03816
03744
03823
06024
03530
03788
03740
03664
07729
03551
03697
03523
03545
03702
03798
03977
03625
03930
02337
00558
00558
03544
03657
03595
03976
03693
03978
03685
01207
03624
03555
03706
03553
03713
03696
03708
03723
04083
00425
06173
04750
08659
03800
02068
02069
03758
06183
07273
04567
03784
03783
03785
04041
00426
02086
01056
04042
04069
04043
01926
09962
04068
04069
04094
06178
06147
03439
03177
03584
03311
03346
04487
06023
04485
04564
09013
05366
03800
04487
06518
04086
09811
04767
04516
01990
01990
03523
02004
02004
01990
01992
06153
05786
03311
05338
03710
01990
01992
02039
05339
05337
07729
06131
06346
05593
05837
05847
03095
05808
05595
06286
05846
06148
07560
05878
01977
01977
01977
01977
01977
01977
01977
00088
06158
02348
05846
05845
03498
05832
05833
01985
01985
01980
01980
01980
01980
01980
01980
01980
07035
00954
05896
03431
07173
11048
06726
06962
06967
06940
02073
02073
02342
02071
02071
07015
06889
06960
00872
02072
02072
07139
02647
06959
01258
06969
06904
06885
07668
06942
06878
06950
07124
07095
07082
06966
06966
07104
07105
07652
03386
07456
06950
11753
06890
07707
07282
07335
07150
07720
07717
07719
06949
01118
01239
07177
07146
05879
06941
06926
09825
07284
07284
07447
07304
07222
05985
06948
07009
07030
07271
07533
07054
07056
07258
06896
07461
07006
07042
07058
00974
07007
07025
07010
06901
06997
07386
07052
07305
01654
06925
09861
07052
01791
07393
07052
09903
07444
07462
09762
02073
07704
08152
00783
08998
06180
09976
09685
08177
10682
05833
08365
08365
09787
02221
09747
08303
01421
09765
09772
00243
09951
10041
09952
09812
10681
09014
09015
10563
07089
10773
03767
00794
08987
02478
09458
01361
00571
08591
02477
06180
09748
09710
10112
09773
09760
10040
09790
02825
08602
06929
05340
03499
07473
07478
07738
07574
07816
04075
07467
00784
07741
07584
07742
07570
07568
06201
07586
05592
08234
01426
00074
03402
01274
07778
00949
10254
03589
01821
07492
01104
11054
11189
01928
00433
09153
00564
06958
00687
00786
03572
01989
03574
10947
10439
10441
10440
10039
09817
09815
09815
09816
11071
08483
10819
07705
03466
11072
11145
11050
01874
11070
11069
01890
09698
01916
02476
02475
01256
11052
11053
11065
02614
11055
11041
11175
07862
11045
07566
05020
11144
11068
11051
11056
11049
02078
03789
01673
01186
11047
07636
01625
01625
00602
12574
11717
08986
07729
11752
12268
12269
07729
05363
01491
13292
12296
00655
03768
01081
03524
05362
00661
00027
01243
02548
12270
03574
11754
01534
05363
12554
12555
00805
13789
01537
03574
04072
12999
12556
12573
12996
12997
01835
13953
03342
14228
14228
01961
00941
14233
14233
14233
14222
14232
14232
14228
14225
14225
14225
14228
14228
07052
14228
14228
14228
14230
07483
14221
14221
14221
14155
14219
14233
14225
14225
14219
10040
14260
14223
14223
14223
14223
14219
14233
14236
14236
14236
14230
14220
14220
14220
14229
14229
14229
14229
00868
14230
14230
14230
14231
14231
14231
14982
11618
11617
14983
14205
07658
14188
14227
14227
14227
14227
14218
14218
14218
14218
14218
14218
14218
14745
15051
14219
14219
01985
01985
01985
01985
01985
08652
14234
14226
14226
14235
14235
01607
15051
15051
14234
14234
14234
14237
14237
14237
14237
14237
14540
11749
14652
16013
16012
15586
15771
16169
14224
14224
14224
14224
14224
03215
15580
15581
15582
15583
15584
02428
15738
15580
10823
15585
15986
13677
07492
07492
07492
07492
07492
16509
16511
16264
16785
03699
03299
15587
09815
15770
15772
10824
16786
16787
16785
16788
16789
01989
11704
10009
02424
02028
16786
16787
16923
11991
16868
16916
16917
16925
02003
16924
16785
16786
16787
16898
16899
02029
02030
02028
02030
17076
02029
17073
17074
01990
01990
01992
01533
17686
01101
07284
01467
12574
00626
18220
01071
03366
22044
18369
07260
18474
07040
16235
18581
18682
18672
18692
18888
03790
18887
07029
03790
02851
13052
19002
19055
08170
18979
07335
03322
01226
07078
12554
04750
03294
19005
19159
03320
19158
05881
19137
01621
01992
19302
04771
06881
00887
07497
19689
00547
00297
21636
11706
11705
20074
12132
20073
20112
02777
20107
20108
20114
20113
20342
20373
18889
18890
21064
08968
21471
21567
21828
21977
21903
03078
22278
17758
03077
03079
22441
22457