08659
04042
09962
09013
03816
01652
07462
02769
02770
01955
03101
03785
04069
03100
02316
02768
02622
03657
02621
03648
00872
03784
01956
03783
00537
01807
03800
03431
07305
02337
03100
02469
02036
03168
03470
01955
00609
03800
09811
04068
05846
05845
02314
05878
11048
03602
11753
01118
01239
05879
09825
02036
02687
06901
00425
02114
02110
02108
02109
02113
02111
02115
02112
01654
09861
09903
09762
01056
04075
03798
00841
01588
01589
03040
03545
03048
00016
07258
02817
02818
02819
07704
08152
01878
01879
03075
01990
03595
07042
06217
02838
02863
02867
03466
03709
01515
00059
03311
00567
00058
07056
04767
01996
01995
01998
01997
03216
03499
03498
06178
06024
05896
07095
07105
06890
06950
03437
01512
03217
03624
07082
03977
03346
07738
03799
03744
03501
03499
02072
02071
02073
02030
07010
02440
07574
06948
07015
03706
01424
03070
03484
03625
02356
01493
03701
03284
02963
03111
02990
03671
07456
03581
02440
03885
00616
02769
02342
07007
02954
01409
03713
02355
02992
02950
03698
06949
05985
03424
03740
03739
02914
02000
03476
03493
00880
07045
02775
00616
02821
02822
03475
01919
04083
03823
03696
03708
02357
02967
03316
07078
03210
02530
03647
02012
07720
02796
02795
02794
02793
07707
02039
02038
02037
02040
07478
05593
01992
01990
06966
00005
02601
07492
03073
03317
04077
04078
05833
05832
07104
03810
07447
03553
03550
03572
03704
03555
03402
02911
02913
07717
07719
05847
02986
02939
03495
05595
03629
03402
03758
03497
06183
06198
07150
07729
06191
03707
07058
07054
03650
06158
00161
00162
00627
00382
07009
01101
03596
06950
01990
06193
02029
02028
02030
02968
00564
07335
02056
02057
02057
07284
07492
03710
04094
02073
02003
02004
03106
02039
02036
02038
02037
02040
01092
03177
02004
02003
04096
02016
02013
02015
02015
06131
06147
06148
02493
02835
03734
03549
07816
04487
01926
03630
01223
00950
05786
00135
02824
03310
06518
02945
03930
05833
05832
01790
06967
02086
07124
03665
01126
03703
03327
04750
02935
02864
04086
00547
03978
03544
06147
06147
03828
00882
03436
07035
02860
00783
00940
00850
00873
00820
01489
00016
01951
01465
00762
01591
00133
01938
01598
08998
09976
06180
09685
08303
01883
10439
02160
02796
02795
06925
02503
01990
01992
02600
07742
02519
02834
06929
03523
01934
03217
06346
07586
03565
02348
03647
07006
02773
02774
02773
02775
02774
02027
02025
02026
01785
07492
07177
06941
01658
03523
00626
00845
06207
03590
03531
06997
04074
03697
01840
06442
03631
03530
06885
02836
03722
02909
02884
02004
02003
02004
05837
06286
00558
03788
07284
01992
01992
02372
02003
03975
02068
02069
07035
00874
01207
02529
01176
07668
07652
03529
03110
06959
03095
07025
03976
03588
02358
06187
02837
02071
02072
02073
07461
02237
02238
03488
01223
02647
07393
08177
10682
06960
02959
02004
02005
06180
02899
07584
02888
07282
03151
04487
06969
02887
02916
02520
05337
02013
02016
02015
02015
07139
07271
03086
03282
02970
06940
07222
07146
02445
02529
03305
03070
03076
03702
07052
03979
06183
03293
03664
01791
09787
00760
00948
01923
01952
00764
01933
01945
01756
01104
01733
00939
01937
01520
00852
01940
01755
01286
00919
01866
00925
00286
01261
00962
00640
01443
00864
00105
00615
00931
00147
01000
00384
00942
00604
00656
00005
00928
00645
00059
01875
03439
00773
01810
00963
00057
01629
00965
01784
01873
01914
01012
01925
01870
00226
01893
01488
01079
01689
00800
00891
00789
01195
01812
01686
01271
01868
01595
01803
01834
01921
01929
00865
01872
00131
00876
00789
00878
00788
00790
01265
01972
01200
00700
00975
00975
00703
00790
02221
09747
08986
03789
01421
01956
00600
09765
00243
09951
10041
09952
09812
01258
10681
09014
09015
10563
07089
10773
03767
00525
00648
08987
02478
09458
02334
01361
00571
08591
09748
09710
02477
09761
10112
09773
09760
06180
10040
00794
08652
09790
02825
09772
03043
08602
05340
00426
02236
02563
03601
04041
04516
02470
03778
03685
06023
00793
04567
07273
02340
04564
02755
02756
02757
07568
02564
07533
00526
02343
01889
02031
02032
01226
02822
03475
00615
02956
03218
06962
02871
02996
05846
05845
05846
05847
07729
03088
01990
02440
01990
01992
02030
02029
02028
00763
05366
03700
07444
04066
07570
04069
02759
02760
02761
01738
02313
06942
03723
03584
07052
03621
02078
01788
02027
02025
02026
01639
01060
03551
02946
02906
02926
02892
02886
02965
02890
02982
02878
02904
02961
02874
02895
02931
02954
02994
02933
02881
02988
02240
02242
05808
02078
02907
02876
03076
02518
02952
02948
02879
03705
03687
04043
03686
06173
06889
04485
06726
02529
02004
02003
02902
07030
07492
06153
04488
03693
02243
02244
02245
02246
02248
07729
07052
06878
03111
05338
05339
02035
02033
02034
02809
02810
03438
01372
03060
03500
02371
02372
01963
01962
02793
02794
02335
03536
00526
00525
02775
07407
00954
02808
02809
02810
03575
03471
03100
02346
03427
02770
02768
00134
02528
03367
02001
02002
03386
03387
07386
03763
07560
06201
07304
02341
02434
02433
02435
03655
03046
05592
08234
00867
01989
03402
07778
00974
10254
03589
01821
01104
07706
00537
02338
11054
11189
01928
00433
09153
06958
00687
00786
03574
10947
10441
10440
01624
10039
07173
00615
00574
01620
01915
00927
00949
01783
00563
01621
01939
01462
01881
00981
00806
01784
01215
01635
00917
01819
01819
00951
00549
01869
01839
01619
00757
01246
01887
01876
00926
00611
00566
01752
01752
00995
00088
01478
00611
00926
01867
09817
09815
09815
09816
00857
00364
00625
00858
00948
00075
01633
00796
01495
00003
00826
00983
01839
01575
01727
01710
00973
00759
00784
00791
01274
00287
00560
01641
00054
01823
00938
01597
00869
01462
00262
00077
00554
00383
01736
01735
00945
00991
00067
00688
00705
01759
00859
01142
00943
01358
00761
01776
01924
00969
01006
00014
01775
00997
01626
01809
00847
01193
00656
01281
11071
08483
10819
07705
03466
11072
11145
11050
01874
11070
11069
10824
01890
09698
00027
02476
02475
01256
11052
11053
11051
01916
11065
02614
11055
11041
01892
11175
07862
11045
07566
11144
11068
11056
11049
02078
01673
01186
11047
07636
01625
00602
12574
04486
11717
06896
00074
11752
12268
12269
05363
01491
13292
03574
12296
00655
03768
01081
03524
05362
00661
01358
01243
02548
12270
03574
07979
11754
00615
05363
12554
12555
00805
13789
01537
15587
03574
04072
12999
12556
12573
12996
12997
03342
14228
14228
13953
01961
00941
14233
14233
14233
14222
14232
14232
14228
14225
14225
14225
14228
14228
01980
01980
01980
01980
01980
01980
01980
07052
14228
14228
14228
14230
07483
14221
14221
14221
14155
14219
01977
01977
01977
01977
01977
01977
01977
14233
14225
14225
14219
10040
14223
14223
14223
14260
14223
14219
14233
14236
14236
14236
14230
14220
14220
14220
14229
14229
14229
14229
00868
14230
14230
14230
14231
14231
14231
14982
11618
11617
14983
14205
07658
14188
14227
14227
14227
14227
14218
14218
14218
14218
14218
14218
14218
15051
15035
01985
01985
01985
01985
01985
01985
01985
14234
14226
14226
14235
14235
01607
01426
14237
14237
14237
14237
14237
15051
15051
14234
14234
14234
14224
14224
14224
14224
14224
14540
11749
06919
14652
16013
16012
15586
15771
16169
14219
14219
03215
15580
15581
15582
15583
15584
02428
19689
15738
15580
10823
15585
01835
15986
13677
07483
16509
07492
07492
16511
16264
16785
03699
03299
09815
15770
15772
16786
16787
16785
16788
16789
01989
11704
02003
10009
02424
02028
16786
16787
16923
11991
16868
16916
16917
16925
16924
16785
16786
16787
16898
16899
17195
02029
02030
02028
02030
17076
02029
17073
17074
01990
01990
01992
17686
07284
01467
12574
01071
03366
22044
18369
07260
03742
18474
07040
16235
01119
18682
18672
18692
18888
03790
18887
07029
03790
02851
13052
19002
19055
08170
18979
07335
03322
12554
15051
04750
03294
19005
03320
05881
19137
01992
19302
04771
06881
00887
07497
00547
00297
21636
11706
11705
20074
12132
20073
20112
02777
20107
20108
20114
20113
20342
20373
20344
18889
18890
21064
08968
21471
21567
21828
21977
03077
03078
22278
17758
03079
22441
22457