05350
00940
01873
03544
03545
01808
01256
00452
01666
04073
00486
01556
00453
06886
07107
00697
00768
00486
05375
04042
01823
02291
04719
02025
02026
01706
00874
02078
07559
03710
02909
02902
02913
02954
07653
00817
02232
02227
03111
00133
01626
01805
03168
00163
02337
02428
00161
07588
00954
03500
05786
01876
03547
02478
01892
04518
02230
01990
01990
01990
01990
01990
01990
01990
01990
01990
01990
01696
02446
03652
03648
01580
00925
02863
07042
02913
00833
03075
03703
01007
00817
03587
01802
01657
00374
11381
03060
10563
00340
01596
00162
00162
00604
00963
00567
00567
09930
03449
03601
02016
02015
02013
03110
02909
09936
02470
02469
03043
06891
01724
03926
07001
00164
00390
03088
07020
00800
06949
03639
03635
03750
03637
09981
02314
02939
02963
03111
02990
01151
01858
03980
03088
00384
03671
05350
06187
06001
09747
03040
01588
07503
02115
00163
01897
00864
03795
06042
07090
01142
01915
00370
03497
00648
00820
02238
02343
00525
00526
02342
00425
00111
07402
01841
00373
02335
03665
01845
09812
00525
01733
02160
03470
05838
01848
07018
00790
02114
02338
02440
01956
02341
02313
00344
02188
00426
03975
03427
10843
07447
00374
03781
03070
03070
10563
01962
01963
11250
01995
01278
00033
03629
02469
00627
01338
01919
07008
03313
03885
01647
00330
01736
03088
03642
07160
00627
03455
08972
03088
07093
00343
00342
00341
00339
00337
00336
00334
00333
00332
00331
00330
03183
02529
00847
00286
00697
00845
02986
04047
08483
00796
01246
01255
03117
03593
07053
03750
03790
03695
00797
00574
07118
02274
00989
01745
01468
06016
01712
07140
03564
06013
03891
03890
03889
02276
00766
02275
00865
03517
00790
03710
00763
00662
04079
07258
00161
04078
03722
07586
07220
03306
02039
02040
02037
02038
01126
06902
00857
01735
03335
01462
03313
08999
02437
00930
00611
03402
01940
01866
00851
03809
03778
00800
00140
01915
00982
00606
06988
07164
06910
00856
03086
01520
03499
03499
01662
06955
03271
03704
01868
02355
00995
03704
00859
02945
01998
01997
01999
10805
00873
00266
01609
01496
06994
09694
09694
09695
00950
01633
00796
01495
03798
00760
07259
01507
03466
06188
06871
01923
01923
01776
07566
02426
01640
08884
01494
09791
02500
00762
01644
05592
01996
02563
10979
02600
04103
02470
03685
03602
01673
00619
01902
01903
03654
01889
10201
04567
10773
01624
01703
03786
02346
07173
00793
00609
00957
07023
03581
00872
02335
00239
01448
03046
03724
00794
04477
01664
06442
00858
03631
03980
01937
00259
06178
00945
03977
03704
03088
00943
06180
03101
09131
02221
09772
06997
03531
03589
01924
03588
01000
01929
01928
03438
03925
07009
01869
05571
05570
05569
05568
05567
02316
01129
01006
01880
09815
09817
09816
03933
07305
01012
01935
00600
06215
08681
01995
01996
01999
01997
01998
07119
01693
00817
00013
07157
09456
02035
02034
06201
06937
06377
03466
02007
02008
02006
00891
01735
03625
02825
01465
01955
01591
00942
00789
04066
01462
01783
01523
00765
02520
02916
02887
03437
00145
06996
01738
03179
03182
07399
06196
01354
01754
02233
00605
01255
00382
01881
07071
03801
03644
00573
03684
01599
02348
01251
07670
07654
00294
02836
03664
00772
07735
03466
00939
02876
02907
02988
02881
02933
02994
02954
02931
02895
02874
02961
02904
02878
02982
02890
02965
02886
02892
02926
02906
02946
02358
02355
02992
02950
02935
02864
02867
02601
03073
00111
00803
03453
03088
07156
02006
02008
02007
03789
07669
01756
00099
01821
01265
09748
07742
02519
09764
02834
00563
01673
05846
05846
00240
01265
05982
02036
05375
00836
00611
01750
06980
00615
00615
00014
00342
07056
03424
00919
00948
02897
01867
01489
01925
00156
00948
01923
09118
07177
07043
06966
06966
01439
09807
05375
01823
04073
01666
01738
01999
01652
00261
08369
00876
00655
01870
01476
08167
02566
01358
01358
06942
01921
06346
03217
08998
03536
02914
03088
09861
01885
00645
02078
09458
01875
03433
03432
03116
03118
03727
07113
02013
02015
02015
02016
02274
03696
06153
00548
00373
02575
05916
03823
00864
00111
11179
03523
07301
03790
03926
03218
01358
10217
03924
07776
00624
01975
00831
01647
00275
00252
01752
07301
01874
03524
01868
01999
02050
02051
02049
00788
03149
00788
02879
00457
00451
01770
00991
07736
01462
03567
01056
01874
01187
01907
00626
00019
06958
03767
00058
03711
03768
00951
02619
00598
05794
10007
10005
03892
03892
00971
01488
09009
01840
07090
03897
03897
01259
06976
07090
01104
01126
01478
09707
01586
03718
02017
02967
02357
09903
02838
00981
06941
05710
00681
02911
04043
00658
02003
03784
01733
03704
01867
03530
00937
00057
01921
03654
00147
00931
00331
00337
07393
00338
00340
00341
00342
00343
03799
09767
01586
00973
02003
01619
00761
01848
00382
06287
11175
01849
03657
02034
02033
02035
01613
01772
02078
06199
06199
05936
07077
00868
02112
02113
02109
02110
02108
02493
02835
03628
00003
01586
01887
06994
00615
03284
02654
00370
02025
02026
00645
00852
01652
03521
03522
00566
01972
02433
02434
01687
01653
00053
03734
00052
01649
03924
01652
00648
02035
02033
01887
01756
01952
01952
01952
00764
01933
06871
07006
02575
02575
00946
02902
07030
03655
07040
02911
03621
03529
03320
00990
03106
01881
02959
06960
02860
00554
02884
03100
03100
00973
01256
00648
00075
01926
02492
01749
01698
03499
04096
03466
07460
02035
02034
01649
00928
00133
03088
01443
00845
01857
00067
01939
01945
03820
03186
07304
01835
00108
02483
03733
03550
03210
03072
03074
00759
07478
01872
07082
00014
03924
01151
01620
01626
06877
02283
00033
03584
03595
06217
09761
03686
03705
03596
02968
02340
09710
00969
03979
02899
02888
09117
03686
11212
03687
01424
01424
05896
01939
01845
00791
01778
01356
07738
10680
04768
07560
02011
02012
00784
01754
03624
06888
01589
00012
03439
09932
00135
03579
06207
03702
02952
02919
02518
01265
00027
06443
04077
04078
10543
01409
06925
01775
00997
03431
02996
02871
02575
00372
00363
01719
11263
00265
00027
02351
07245
06901
02956
00962
09927
03465
01714
01750
00995
03743
05522
06994
03527
09760
00036
02035
02032
00208
03924
08981
07552
01953
01262
07178
01953
06048
06904
03553
03565
06219
02035
03568
03688
06988
07080
00858
06959
00240
00241
02025
00453
01262
09136
01595
03723
02428
01689
06996
03924
03885
02986
02948
04488
09013
05710
09015
09014
02259
00615
00616
01810
00036
01057
01803
00927
00134
09762
03701
06949
05982
00803
03704
06978
06994
03575
03696
03525
00767
00278
01579
01918
00333
05846
05846
02020
02018
02015
02015
02013
09931
08296
02800
01679
02501
02612
02614
02616
01953
01953
02609
02610
02611
00175
02613
01704
09705
03177
00161
00763
01159
00371
00826
00338
02356
03154
09811
01951
00362
11068
03496
04075
03551
00174
02563
09167
01676
00088
01883
02528
06173
03501
07067
04485
00088
00088
03578
03466
02435
05794
01755
09959
00335
01652
01681
03153
00371
00239
01695
07006
03076
05596
02798
06024
06895
02111
03147
00231
02799
04763
04077
01873
00632
00074
00074
00031
00820
00074
11717
03426
01154
01625
06203
01834
01644
01809
00758
12574
02484
00602
03709
09607
01992
07442
11177
03719
01104
06915
04751
06204
08372
12583
00059
00059
00059
00059
02002
07124
02002
01207
00059
02002
02002
00059
01207
07124
00588
01297
00558
07074
10674
00805
01555
01720
10242
10241
10240
12234
00059
07124
00059
00059
11752
03426
00059
11779
12421
08256
00648
03711
01491
13288
11178
00666
05595
03719
03574
03657
01491
00281
00332
00789
07004
01007
09684
07058
00845
10544
03333
01758
01739
10008
00626
00626
00626
00626
00626
01061
01081
01710
00595
00271
00568
01990
01092
02484
02484
00010
11717
04487
04487
01895
00819
01950
01874
01874
01890
11083
11084
11081
00299
03496
02035
07090
03392
11082
02302
01710
02237
01710
02472
11753
01426
01426
07098
00973
01060
07025
05841
00096
02000
02000
03897
01617
06168
05337
07465
02204
01091
12503
07114
07114
01286
06871
13038
12429
00491
00297
12373
07141
13542
13541
09136
13483
02026
02003
01250
13527
13788
07131
01822
00067
00854
13063
01053
01497
13745
00652
13529
03088
00249
00648
03973
05364
07005
10531
08372
03933
01470
00626
01563
00339
02027
03088
02027
10006
02057
01784
11752
00128
03394
13570
13525
01697
02654
03294
03655
00508
03657
05845
00620
03333
06871
05337
07025
02034
02503
11754
00034
13745
01897
03782
13668
00955
02224
13639
03568
13640
00024
10234
10233
10232
00121
03921
06984
15770
02081
06881
02004
03710
13787
02503
02035
00330
00958
02004
02004
02503
10680
07074
03088
00951
01965
12234
02483
13787
02009
07228
05847
13573
07114
01961
01961
00639
07282
03574
03182
14230
03100
14232
14224
01843
03296
03719
03719
09516
00759
03436
00344
02057
14234
00082
01999
06133
05337
01665
06133
07045
02078
03546
14235
02027
05847
01621
07068
01814
01817
01802
07052
01980
01980
01980
01990
14219
14339
14232
13571
08281
04749
00215
00318
01897
11189
02035
00058
07335
13572
12454
03811
03404
00518
01179
13671
01934
01011
01011
14230
14228
14232
01999
01997
01998
01087
07025
07025
00995
00943
01434
03466
01434
00615
07642
01999
03824
00337
02013
14233
13993
10242
14225
02010
07045
14220
07282
03088
01113
01992
14164
14228
02484
00941
00433
14267
14233
01176
14223
01992
14231
14233
14224
14224
06147
10241
14226
16022
16023
02016
03556
00130
14340
14229
00038
03696
00823
02001
14393
09879
02056
14155
01113
14237
14225
14225
03088
14228
09458
14225
14237
00674
14228
00059
01978
15314
15315
10202
14670
14671
14673
14228
13888
06945
01286
09935
07116
14447
04517
03307
15315
14233
05565
02005
01985
01985
01985
01977
01977
01977
14219
09819
14219
01515
14237
14237
14218
06147
01183
01966
01524
01524
10823
05606
07768
05979
14221
01092
00632
00104
00249
00249
14230
14230
14166
06147
06147
14219
01844
14218
14234
01784
13671
10240
14218
14222
01436
14229
06133
14236
14234
14161
14162
03466
00162
07192
01011
03090
07258
00108
05303
00128
00128
01840
01130
01117
00290
00721
00020
00721
00091
14952
02078
14337
14941
05799
04085
00970
02483
00344
12953
06147
06147
02001
10200
09820
01990
01990
14667
14668
01759
05576
14227
14223
16013
16012
03088
03088
03088
03087
02031
07012
14652
00613
06204
00392
01796
15067
00103
15034
15372
02031
02033
02031
15671
15672
15673
16016
16017
19125
15733
15526
05602
15521
15395
01692
01692
14415
15670
15672
15314
12510
01692
13766
01692
18687
15467
02032
15466
15520
15525
11939
01082
15342
11741
15371
19268
15866
04093
06998
15983
15987
15981
15982
16015
16018
16019
16020
16021
16423
16422
18682
16163
06904
18955
18958
16048
10716
05898
16049
16050
16047
10716
16051
16421
05845
02033
15035
03699
16329
05349
16263
16264
16264
03893
03321
15772
15771
02034
02032
02031
02032
02033
16648
10545
04757
07012
16786
16787
13327
01897
13328
11991
16937
16785
00355
16785
00765
16925
16786
16787
02031
02032
16926
00882
02009
17316
01990
01992
15582
17317
15581
17315
15583
21284
17103
21681
17218
17218
00360
01990
01992
15580
10112
01992
01992
01992
01992
01992
01992
01992
01992
01992
03671
07012
05601
10112
17686
17836
17836
09835
00254
16435
17836
10027
17829
05898
17947
00561
21377
01846
18014
18011
18012
18233
15342
18232
11782
18286
11785
18285
00138
11783
11784
02554
18472
18455
18547
03574
18688
16841
16435
16436
16422
18911
06218
05342
16431
01992
20862
14229
14232
18917
09693
21328
21328
21329
21331
21332
01990
18955
01971
01971
09692
18912
03976
07029
03526
03892
19046
19221
19123
19131
19046
19190
00798
19132
19124
19124
19123
19125
19126
19126
09951
01066
19265
01066
01990
14627
00343
01992
19302
01416
01039
19270
01785
21261
21263
08744
21262
21260
19710
19668
19702
05996
16438
21254
21257
21258
05770
09796
12132
12132
12132
22445
20074
20074
20265
01983
20074
15358
20420
20421
20423
20484
20483
21331
21332
21333
20534
20814
21071
21140
16438
00821
21171
21183
21184
21185
21186
21161
21164
21165
21166
21170
21169
21147
21173
21181
21190
21209
21273
21159
21255
21256
21174
20422
21325
21336
03272
03636
21259
21148
03636
21161
21160
21188
21189
13315
21335
21224
21162
21162
21163
21163
21167
21172
21182
21471
21481
21401
21567
10914
21600
21563
21744
21949
21929
12955
21961
21962
01634
00936
22010
22044
22107
22108
05275
22205
00602
14441
08300
08301
17758
17759
22278
22316
22306
22297
02257
22311
22298
22297
00728
22463
07566
20075
20076
20077
20078
20079
20080
20082
22491