00054
04518
01771
01925
01870
03101
02824
00609
01465
01956
01955
01591
00260
01126
01755
01940
01810
03100
03100
00648
02035
02031
02034
01867
00858
00208
02837
02003
02016
02548
02552
01661
01318
02829
02828
02827
02826
01588
01589
01923
01952
01952
00764
01933
01945
00162
00627
00382
01092
02016
02015
01889
01776
00611
00926
01000
00762
00942
03060
00604
01783
02902
00645
00059
02078
03110
03106
02959
02860
00554
02884
01903
01902
03168
02967
02357
02838
00806
00981
01881
02600
02834
02956
00962
00059
00995
00174
00175
02443
02440
00864
00111
00791
00432
01915
00928
00003
02954
01356
00615
01681
02622
02621
01657
01658
00766
01609
01817
01696
01695
02032
02031
02034
02033
02039
02036
02038
02037
02040
00928
00133
01714
00215
01775
01586
01512
00658
00164
02563
00287
00560
00259
01893
00800
00940
00805
03183
00057
02945
00945
01424
01515
00286
00036
00033
00167
00166
00382
02160
02356
00283
00282
00605
00891
00845
02076
01151
03086
02316
01880
01489
02970
02687
02968
01493
00969
00014
00876
01872
00566
01876
01892
01448
00951
00759
03210
00773
02899
02888
00561
01873
01246
01845
01698
01719
02497
02887
02916
02520
01868
00134
00859
02335
00031
00873
00850
00299
02237
02238
02240
02892
02926
02906
02946
03169
02017
02018
02020
02379
02016
01430
01429
01428
00123
01468
01712
01479
01807
01785
01823
00116
01834
01906
00652
01012
00833
01935
00865
00077
02069
02068
00963
00851
01990
00158
00567
00294
00226
00561
01579
01918
00606
00077
00016
00823
01623
00116
00108
00130
00380
00432
00926
00611
01478
01401
02538
01809
03070
03076
02500
01814
02501
01693
00817
00013
00765
02352
01304
02003
02911
02913
02913
02986
02919
02954
02914
01977
01980
01985
01985
01977
01980
01985
01985
01980
01977
01985
01980
01977
01985
01980
01977
01756
00128
01992
01990
00847
01193
01409
01687
00053
00052
01703
01704
03090
01775
00997
01548
01547
01546
01921
00788
00878
02372
00790
01791
00761
00600
01104
02493
02835
00857
02909
00128
00790
01624
01937
03048
00756
01619
01809
00561
02013
00820
00009
01476
02015
02015
02016
01220
01635
00917
01819
01819
02530
01727
01575
02996
02871
02879
03040
02948
02952
02518
00939
03076
02876
02907
02988
02881
02933
02994
02931
02895
02874
02961
02904
02878
02982
02890
02965
02886
01620
02160
03637
03638
02012
00656
01126
00632
00252
01897
02035
00016
00008
00008
01223
00852
02529
01992
01992
02004
02003
01639
01046
02445
03118
03116
01990
00626
00549
01760
02990
03111
02963
01834
00088
01951
01154
00265
00266
01226
02343
00943
02341
02528
00919
00948
02897
00760
00796
01633
00950
00640
01883
03218
03073
02601
02867
02863
02864
02935
03043
03046
02950
02992
02355
02358
00639
00853
00826
01091
00625
00869
01597
00938
01887
02016
02015
00980
02013
02015
02015
01669
00882
01443
02619
00817
00525
00526
02015
02015
02013
02016
00075
03070
02836
01358
00134
00927
01803
01689
03075
01174
02437
00561
01255
01962
01963
00027
01271
00259
00925
03151
00058
01866
01938
01895
01924
00824
01439
01869
00793
00789
01610
02549
01911
00231
01772
01599
01992
01990
02503
01679
01845
01104
02434
02433
02435
01972
02313
02338
02470
02469
01745
01875
00641
02939
02314
01939
01126
02545
02547
02546
00561
01546
01547
01548
02015
02015
02016
01586
01784
01619
02042
02042
02041
02044
00128
02049
02051
02050
00930
00145
01153
02005
02003
02004
01990
02031
02032
02033
02034
02035
00681
01174
07476
02110
03308
02749
02750
02809
02809
02810
02810
02818
02819
03575
05847
02111
02113
03602
01575
02798
02799
02800
03282
03187
03188
03189
03190
02786
02787
02788
02803
02804
02821
02822
02790
02791
02775
02774
03686
03581
02768
02769
02770
02346
00841
02777
00384
00362
03311
03310
01735
01462
01462
03601
00363
00364
01126
02242
03293
02109
03320
02108
03698
02243
02244
02245
02246
02236
02250
01752
01752
01754
01754
01733
02114
02773
02112
02115
03303
03284
03305
03307
03536
02340
04047
03647
01126
01641
03217
03299
05845
05846
03424
01736
03306
03453
03480
03483
03489
01737
02564
06180
03316
03303
06207
03486
03484
03481
01929
02529
03501
03216
03300
03328
03312
02116
03763
03310
03639
03319
01647
04066
03667
03402
03590
03367
03387
03531
01653
01791
00122
03529
03709
03722
03502
03979
06187
01839
01265
01895
01077
01046
03648
03703
03750
03475
03762
03294
03589
03438
01739
03664
04759
03629
00763
01649
03437
03666
03650
03436
03700
03752
03636
03588
04077
03621
01788
03550
03294
01652
01652
03655
03596
03470
03701
01738
04488
06217
03495
03635
03466
03654
03574
06199
02259
03687
03631
03565
03705
03778
03778
03740
03739
03707
03091
04763
03571
03570
03823
04043
01749
04749
03704
03704
04078
03111
04074
03704
03564
03551
07729
03665
03545
04757
03798
03789
03977
03625
02337
03544
03628
03702
03695
03925
03657
03630
03644
03523
03595
03976
03978
03685
06213
03593
03671
03555
03696
03816
03624
03553
03706
03546
03547
03753
03713
03708
03723
04083
00425
06173
06147
06147
03800
03741
02551
03758
00241
06183
03928
03928
03311
04567
03781
03784
03785
03893
03893
04041
03797
08170
08170
08170
00426
06131
02086
01056
04042
04750
03885
03885
01926
04068
04069
04094
06178
04564
00239
00240
04517
06209
03439
03177
01439
03584
02484
02483
03471
01665
03346
06023
03500
05523
04485
05520
05340
01118
03800
04487
04487
09013
04086
03530
03733
04096
04766
07560
03497
04768
03572
05916
03499
03497
06216
01990
06199
03784
05568
05567
05566
05565
05569
05570
05571
05570
05571
06024
05896
06518
05338
05311
05339
05337
05366
02479
02499
05837
02486
05847
03095
05786
05810
05822
06286
00161
06347
05846
05846
06153
02519
06158
05845
05577
08680
07030
03427
08259
07023
07038
07094
05565
05566
05567
00954
07084
07106
06400
07058
07040
05568
05569
07173
07107
07107
07107
03311
05878
03427
08258
06726
07124
06962
07119
06886
07146
07139
06967
07052
07052
07052
07052
02073
02073
07002
07120
07160
07636
02071
02071
07015
07667
00872
02072
02072
07025
07025
08255
06412
03466
01258
07090
07090
07090
07090
07045
07032
07035
07035
07646
03431
07213
03328
07241
06956
06997
00375
07243
06950
06958
06934
07007
06975
06994
06973
06978
07009
06885
07071
06910
06959
07775
07224
06999
07220
06969
06878
06966
07095
07088
07652
07668
03386
07456
07706
07707
07800
07056
07042
07696
07683
07720
06949
07112
07104
07104
07078
06890
06895
08681
07315
08600
07651
03654
06925
06941
06948
07284
07304
06942
05879
05985
07455
07681
07694
07132
06920
07646
06215
07533
07258
07461
03322
03455
07457
07813
07784
00974
06901
07658
07447
07322
07304
07305
07462
07444
09903
09888
03535
03800
03315
09773
00783
09007
07705
08998
08974
09763
08976
09793
10773
06180
10851
10850
09014
09685
01419
09680
00373
10682
00370
00374
02492
01421
08303
09771
09769
09772
00243
09699
09762
09940
09748
10112
03652
09814
09768
03711
09813
09145
10681
00371
08996
08094
09825
08093
10563
04758
00794
08987
09458
09747
00571
08981
02221
08591
07304
11039
11043
10026
09787
09761
06180
09822
09790
09765
02825
08602
00626
09936
09963
07474
07478
09167
19079
03296
09710
07590
07497
07497
07497
07574
07738
03293
07816
09125
07483
00784
07979
07498
07498
07741
07584
08717
07742
07571
07568
04075
07552
07487
07487
07487
07485
07485
07485
07485
07485
07485
07485
07485
07586
09022
04478
10254
07778
10208
10209
10210
10211
10212
11189
01821
01791
11085
10947
09815
07704
09976
09817
09816
09692
09692
01784
09693
09693
08483
05946
11072
00491
03466
03469
11210
01874
01890
11070
11069
11071
11145
09698
01104
11442
11535
11753
01916
11102
11065
11032
11040
11040
11040
11040
11040
11040
11040
11040
11040
11040
02342
01114
11041
00865
05020
11144
11068
11175
03111
01664
11038
11038
11038
11038
11038
11038
11038
11042
07667
11693
11694
11695
03524
11476
00602
12574
01992
11928
11755
00712
00712
02472
13012
01187
12268
12269
12410
13292
01491
13052
12257
19005
00655
01243
06198
03768
11752
09015
05362
01990
02304
02303
11717
12270
11754
01961
01961
13715
02347
13038
00616
12551
12574
12552
12573
12553
13733
02217
09457
13953
00318
03429
00620
12942
13853
13732
01958
07516
06168
13714
00941
14233
14233
14233
14232
14232
14229
14229
14229
14237
14237
14237
14224
14224
14224
14228
14228
14228
14220
14220
14220
14234
14234
14234
14199
14199
14200
14202
14203
14225
14225
14198
14199
14204
14228
14192
14193
14194
14195
14196
14230
14219
04072
14201
13789
14194
14194
14197
14219
14221
14221
14221
14221
14225
14225
00819
00819
14223
14223
06131
14233
19285
04763
14225
14225
14236
14236
00887
14231
14231
05592
03892
14230
14230
14228
00868
14222
14230
14445
14205
03324
13628
00459
14188
14219
14219
14218
14218
14218
14218
14227
14227
14227
14652
15035
07145
14233
14235
14226
14226
11737
14540
11749
11936
16012
16013
01239
02428
01442
15586
15585
03215
15581
15772
15770
15584
15583
15519
16301
15633
15771
03929
10824
15738
05352
15582
15518
10823
15580
03817
15587
02033
01835
15986
18934
15973
15977
15975
18936
18935
04763
04763
02424
10009
01262
18940
21454
07038
04763
04763
16509
16511
11733
16264
16329
16323
16169
16264
02851
10010
16786
16787
04564
16785
02032
02755
11631
16785
16786
16787
16785
16786
16787
02768
02769
02770
11632
16869
11991
17716
16916
16917
16925
16924
16937
16898
16899
02029
02030
02028
17217
17216
17218
01992
01990
01990
17472
01261
17686
02171
19080
18104
08168
03366
17882
07145
02172
21462
21461
21463
18707
18766
18672
18704
18682
18692
18906
07723
18909
18908
07171
21029
04940
18907
03892
07029
03498
18979
00949
01318
05352
14742
07816
19077
19078
19158
19225
19068
19081
19082
19083
19084
19159
19279
19279
19279
19279
01992
19411
19302
19405
03574
19279
19576
06881
21721
19689
01258
00547
00297
21636
19975
19976
19973
20074
12132
20116
20117
20118
20116
20117
20118
20338
20494
21949
20534
21030
21030
21064
08968
00435
05020
21285
22044
21478
21453
21591
21600
21567
18704
21828
22043
22136
00754
22135
22132
22109
03547
17758
02257
22409
13566
22441