00054
04518
00760
00950
00640
01883
03218
03073
01880
01489
02970
02687
00299
03086
02316
02968
02238
01493
00014
02160
01872
00566
01876
01892
01448
03210
02899
02888
02236
01873
01246
01719
02497
02887
02916
03637
03638
01151
01893
00604
00917
01687
00919
01465
01609
01591
00561
00600
00762
01823
01689
01356
01635
00969
01698
01046
01579
01304
01845
00773
01819
01814
00791
01358
00817
01915
01693
00820
02601
02867
02863
02864
02935
03043
03046
02950
02992
02355
02358
00639
00826
01091
02564
00625
00869
01597
00938
02016
02015
00980
02013
02015
02015
01669
00882
02768
02769
02770
01443
01737
02619
02032
02031
02034
02033
02039
02036
02038
02037
02040
00928
00133
01586
01512
00658
00164
02563
02777
01754
00259
01735
00805
03183
02945
01424
01515
00286
00036
00033
00167
00166
00382
02160
02356
00283
00282
00891
02246
02245
02244
02913
02243
00845
02076
02809
02810
01153
02003
02004
01990
02031
02032
02033
02034
02035
00681
02012
00656
01126
00632
00252
01897
02035
02790
02791
02773
02774
02775
00008
00008
01223
00852
02529
01992
01992
02004
02003
01639
02822
02821
02445
02445
03118
03116
01990
00626
00549
01760
02990
03111
02963
01834
00088
01951
01154
00265
02818
02819
01226
02343
00943
02341
02528
00948
02897
02520
01868
00134
02335
00031
00873
00850
00260
01126
01940
03100
03100
00648
02035
02031
02034
01867
00858
00208
02837
02837
02250
02829
02828
02827
02826
01588
01589
00764
01933
01945
01462
00161
00162
01092
02911
02016
02015
01889
00611
00926
03101
02824
00609
01956
01955
03060
01462
01783
02902
00645
00059
02078
03110
03106
02959
02860
00554
02884
01903
01902
03168
02967
02357
02838
00806
00981
01881
02600
02834
02956
00962
00059
00995
00174
00175
02443
02440
00864
00111
00432
01620
01990
01174
00928
00003
01733
02913
02954
00364
00615
01681
02622
02621
01657
01658
00766
01817
01696
01695
00525
00526
02015
02015
02013
02016
00075
02240
02242
03070
02836
00384
00134
01803
03075
02016
02437
01255
07476
00788
03489
03575
05847
03602
03282
03686
03581
01661
01586
00939
01775
01775
00016
00789
00997
01174
03310
03601
01126
02237
03293
03111
03293
00567
03698
01962
01963
00027
03190
00123
02749
02750
01468
01712
01479
01807
01785
00116
03303
00878
03284
03308
02005
03305
01548
03536
02340
04047
03647
01271
00259
00925
03151
02986
01126
00058
02803
02804
01866
01938
01895
00824
01439
01869
00793
02549
00231
01599
01992
01990
02503
01679
01845
01104
02346
02434
02433
02435
01972
01756
00128
01992
01990
01520
00847
01193
01409
00053
00052
01703
01704
01754
02372
00790
02114
02112
02115
02111
02113
02109
02110
02108
01791
00761
01104
02493
02835
00857
02909
00128
00790
01624
01937
03048
00756
01619
01809
01641
03217
03299
05845
05846
09761
03424
01736
03306
03453
03480
03483
00759
00853
01755
00800
01771
01401
00859
01714
00215
01921
00796
00382
00287
01633
01810
00057
00641
01772
00765
00945
00942
01819
00016
06180
03316
03303
06207
00841
03486
03484
03481
01929
00145
02529
03320
03501
03216
03300
03311
03312
01546
02116
03763
03639
03310
00605
01647
04066
03667
02013
02799
02800
02798
00009
01476
02015
02015
02016
01220
02787
02788
02786
02530
01727
01575
02996
02871
02879
03040
02948
02952
02919
02518
03076
02876
02907
02988
02881
02933
02994
02954
02931
02895
02874
02961
02904
02878
02982
02890
02965
02886
02892
02926
02906
02946
03169
02017
02018
02379
02016
01430
01429
01428
03187
03188
03189
03402
02809
02810
00363
00362
01834
01906
00652
01012
00833
01935
00865
00077
02069
02068
00963
00851
01990
01752
01752
00158
00294
00226
01918
00606
00077
01575
00823
01623
00116
01895
00108
00130
00380
00432
00926
00611
01478
02538
01809
03070
03076
02500
02501
00817
00013
02352
02914
03590
03367
03387
03531
01653
01911
01000
01924
01925
01776
00940
00627
00927
02015
01610
01923
01939
01952
01952
00951
01318
01870
01887
01875
00560
00876
02313
02338
02470
02469
01745
02939
02314
01126
02545
02547
02546
00561
01546
01547
01548
02015
02016
01784
01619
02042
02042
02041
02044
01791
00128
02049
02051
02050
00122
00930
03529
03709
03722
03979
06187
03307
03648
03703
03750
03475
03762
03294
03589
03438
01739
03664
04759
03629
00763
01649
03437
03666
03650
03436
03700
03752
03636
03588
04077
03621
01788
03550
03294
01652
01652
03655
03596
03470
03701
01738
04488
06217
03495
03635
03671
03466
03654
03574
06199
02259
03687
03631
03565
03705
03451
03778
03778
03740
03739
03707
07045
03091
04763
02016
03571
03570
03823
04043
01749
04749
03704
03704
03704
04078
03111
04074
03564
03551
07729
03665
03545
04757
03798
03789
03502
03977
03625
02337
03544
03628
03702
03695
03925
03657
03630
03644
03523
03595
03976
03978
03685
06213
03593
03696
03816
03624
03553
03706
03546
03547
03753
01439
03713
03090
03708
03723
04083
00425
06173
06147
06147
03800
02551
03758
00241
06183
03928
03928
03311
04567
03781
03784
03785
02552
03893
04041
03797
08170
08170
08170
00426
06131
02086
01056
04042
04750
01926
09963
04068
04069
04094
06178
04564
00239
00240
04517
06209
03439
03177
03584
03471
01665
03346
06023
03500
05523
04485
05520
05340
03800
04487
04487
09013
04086
03530
03733
04096
04766
07560
07106
03497
04768
03572
05916
03499
03497
02003
02548
06216
03885
03885
01990
01547
06199
03784
05568
05567
05566
05565
05569
05570
05571
05570
05571
06024
05896
06518
05338
05311
05339
05337
05366
05837
05847
03095
02519
05786
05810
05822
06286
06347
05846
05846
06153
06158
05845
05577
08680
07035
07035
03427
08259
05566
05565
05567
00954
06400
05568
05569
06978
07173
03311
05878
03427
08258
06726
06962
07119
07090
06967
02073
02073
07120
07636
02071
02071
07015
07667
00872
02072
02072
07107
07139
08255
06412
03328
06910
03466
01258
07646
07213
03431
06969
07124
03328
07241
07025
00375
06885
07243
06942
06878
06950
07071
07775
07094
07224
07220
06890
07160
06966
07104
07652
07668
03386
06973
07107
07456
07706
07707
07800
06934
07112
06975
07696
07683
06909
07090
07090
07720
07104
06949
01118
07025
07090
08681
07315
08600
07146
07651
06941
03654
07284
07304
05879
05985
06948
06956
07455
07007
07681
07694
07009
07030
07646
07084
06999
06215
06994
07088
07533
07058
07023
07040
07056
06920
07258
07095
07032
06925
06895
07461
03322
03455
07457
07813
07042
07078
06997
00974
06901
07658
07447
07038
07002
07322
06886
07304
07305
07052
07052
07052
07052
07462
02020
09903
03535
07444
09888
09763
03800
03555
07107
03315
07705
00783
09007
08998
08974
08976
09793
10773
06180
10851
10850
09014
09685
01419
09680
00373
10682
09710
00370
09787
00374
02492
09748
01447
01421
08303
09145
09768
09771
09765
09769
00243
09699
09762
09976
10112
03652
09814
03711
09813
10681
00371
08996
08094
09825
08093
10563
04758
00794
08987
09458
00571
08981
02221
08591
09747
07304
11039
11043
10026
09773
06180
09822
09790
02825
09772
08602
00626
09936
07474
07478
09167
19079
03296
08167
07590
07574
07738
07816
09125
07467
00784
07979
07741
07584
08717
07742
07571
07568
04075
02499
07552
07586
01839
01265
01077
01046
09022
04478
10254
07778
10208
10209
10210
10211
10212
11189
01821
01791
11085
00266
10947
09815
09940
07704
09817
09816
09692
09692
01784
09693
09693
08483
05946
11072
00491
03466
03469
11210
01874
01890
11070
11069
11071
11145
09698
01104
11442
11535
01916
11753
11102
11065
11032
11040
11040
11040
11040
11040
11040
11040
11040
11040
11040
02342
01114
11041
00865
05020
11144
11068
11175
03111
01664
11038
11038
11038
11038
11038
11038
11038
11042
07667
11693
11694
11695
03524
11476
00602
12574
01992
11928
11755
00712
00712
02472
13012
01187
12268
12269
12410
13292
01491
06959
13052
19005
00655
01243
03768
11752
06168
09015
05362
01990
02304
02303
11717
12257
03319
03319
12270
11754
01961
01961
13715
02347
13038
00616
12551
12574
12552
12573
12553
13733
02217
09457
04072
13953
00318
03429
00620
12942
13853
13732
01958
07516
14228
14228
13714
00941
14233
14233
14233
14232
14232
14229
14229
14229
19279
14224
14224
14224
14225
14225
14228
14234
14234
14234
14199
14199
14200
14203
14198
14199
14204
14228
14192
14193
14194
14195
14195
14196
14219
14230
14237
14237
14237
07483
14197
14201
13789
14194
14194
14219
07498
14221
14221
14221
00819
00819
14225
14225
14223
14223
06131
14233
19285
04763
14236
14236
14220
14220
14220
14231
14231
05592
03892
14230
14230
14228
00868
14222
14230
14445
01980
01980
01980
01980
01980
14205
03324
01985
01985
01985
01985
01985
01985
13628
00459
14188
14218
14218
14218
14219
14219
14652
14225
14225
07145
14233
14235
14227
14227
14226
14226
01977
01977
01977
01977
01977
11737
14540
11749
11936
16012
16013
01239
02428
01442
15586
15585
03215
15581
15772
15770
15584
15583
15519
16301
15633
15771
03929
10824
15738
05352
15582
15518
10823
15580
03817
15587
02033
01835
00887
15986
18938
18934
15973
15977
15975
18936
02424
10009
01262
18935
18940
21454
07038
04763
16509
16511
11733
16264
06198
16329
16323
16169
11737
16264
02851
10010
16786
16787
04564
16785
02032
02755
11631
16785
16786
16787
16785
16786
16787
02768
02769
02770
11632
16869
11991
17716
16916
16917
16925
16924
16937
16898
16899
02029
02030
02028
17217
17216
17218
01992
01990
01990
17472
01261
17686
19080
18104
02479
08168
02483
18220
03366
17882
07145
21462
21461
21463
18707
18672
18704
18682
18692
18906
07723
18909
18941
18908
07171
04940
18907
07029
02315
03498
07498
18979
00949
01318
07498
07498
05352
07498
07498
14742
07816
19077
19167
19158
19225
19068
19078
19081
19082
19083
19084
19159
07485
01992
19411
19302
19405
07485
07485
07485
07485
07485
07485
07485
07485
07485
03574
19279
19576
07474
06881
21721
07487
07487
07487
19689
01258
00547
00297
21636
19883
19975
19976
19973
20074
12132
20116
20117
20118
20116
20117
20118
20338
20494
21949
20534
21029
21030
21030
21064
08968
14221
00435
06958
05020
21285
07497
07497
22044
21453
21478
21591
21600
21567
18704
21828
22043
22136
00754
22135
22132
22109
03547
17758
02257
22409
13566
22441