16014
11783
11784
15772
05815
01006
16264
14228
18230
17329
10240
00226
15770
17829
02031
14250
10242
10242
02026
10118
10119
18230
15582
10823
02554
03297
14253
14252
01966
15907
12510
01209
01897
09458
11741
11741
09709
01628
14234
22306
09990
09990
14155
01608
01644
01207
01581
13633
15977
02647
04127
02347
03534
00134
00215
07160
02337
03321
09780
01738
07223
00318
01620
03710
02106
01438
01751
07646
01548
01547
01546
07646
01738
00648
03088
03088
03885
03088
00615
01810
00036
00479
00466
01652
00823
01625
00874
01874
00303
02034
02015
02015
02013
02016
01953
01051
01805
02230
02229
06042
01893
00299
07118
03100
00763
01126
05813
05878
05879
00019
08641
07458
06936
07118
00528
01908
07518
03300
01644
02016
00549
02069
02034
07727
10240
00425
00426
00874
01625
02529
01684
07259
14446
07396
00848
00782
03564
07130
02034
09967
09967
02954
02913
02909
02963
07089
00466
02919
02913
00299
00759
03074
03072
01821
01714
00231
08368
00600
00303
00305
02302
02078
05995
09932
13950
02013
02015
02016
04564
07228
00322
01224
12308
09955
09955
01060
11103
10805
01915
01919
06966
00615
02616
09456
09165
00615
03885
09835
05895
02188
05936
07090
01953
01953
00865
01684
01624
03088
02078
01574
01224
01061
03466
01811
00140
15372
02034
11942
05979
07246
01711
02529
01895
03696
07282
07282
00375
03303
12308
05349
02078
03782
00865
12410
13529
01304
07160
07407
02529
03522
03521
01620
01126
10005
10008
03648
07080
06139
06138
06137
06136
07407
15532
01915
01895
00432
10227
10228
10229
02529
03654
04079
01060
00390
00860
00957
02034
09164
10441
12308
03433
03466
06916
07093
09930
09136
09136
01586
15554
15553
02529
02529
01804
03534
07113
03820
03088
09959
13993
00384
00765
00794
14652
00793
11752
01681
07058
01783
03500
00604
04066
00789
13038
03060
01591
01955
01956
01465
00609
02825
03625
02356
03786
01735
00891
01736
00014
07082
07447
01872
02986
07478
01892
03210
03551
03550
01159
08681
06215
00995
02355
01868
00826
01665
02470
03086
00768
02073
02073
02072
02071
01126
00655
01755
01940
03734
03453
01486
02053
03402
00930
00620
00145
00031
09458
00995
03466
00074
01673
01890
01889
03437
02887
02916
02520
06188
01881
00099
07010
07407
01662
02291
00645
00648
09458
02372
09458
02372
00997
03100
03100
02884
02860
06960
06959
01209
01714
05982
00963
07001
01902
01903
01652
00123
02434
02435
01737
01495
02529
08323
13930
10240
02379
04043
03687
05516
03695
00384
03790
06133
01749
08223
03800
01464
00823
03734
10007
10006
02057
02034
01713
01625
00874
03088
01477
01638
07127
01586
01887
03427
01154
03284
07402
00156
00382
06949
03119
03179
01858
07058
00563
02013
06044
01236
01924
00481
01599
03684
02015
02015
02013
02016
01662
01586
00648
02078
01714
02034
09955
00604
07282
01857
06911
07043
00790
02013
02015
02016
08295
02616
09461
00611
02029
02020
02018
15866
01246
00796
06966
07667
07646
01772
06996
02469
14393
00239
00240
03654
03470
07738
01356
03665
01778
00791
06168
07080
10008
10005
10006
10007
03565
03724
02651
12511
12510
02283
02282
01714
00215
00962
02956
03466
11753
02834
02519
07742
02600
09748
01811
12308
01126
02063
02064
06941
00981
03290
02838
09903
02357
02967
02405
04096
07391
07460
03100
03100
03723
02959
01881
03106
00990
04751
03320
03110
03529
01512
03685
02911
07040
00954
01198
03655
02902
00941
00946
01921
00057
03530
01704
01703
02528
03424
07056
01649
00826
00052
00318
00375
00053
01653
01652
01142
01972
06966
00566
04487
02034
00605
02437
00600
01752
02003
14347
01273
02160
01961
00156
03781
09019
00074
01613
05343
05606
00074
02114
02112
02115
02111
02113
02109
02110
02108
00600
02493
02835
02909
03628
00872
01733
00003
07335
01153
02003
03088
07058
01867
01338
03088
00164
03657
02029
00648
01425
00820
01207
03710
03088
01462
03088
07020
00800
06949
00831
03657
03426
03657
07053
03284
03117
03088
07106
04077
03704
01733
00697
01087
02034
06207
02003
07133
06942
00886
03527
03601
09019
01676
02003
04761
04756
07175
02654
09005
06980
07560
02279
00874
06015
06978
02034
14260
10680
11068
06888
03624
01754
03466
07454
01803
01808
00620
02003
04042
00948
02897
01056
01595
00849
00965
15738
00919
13993
02007
09136
00375
07152
01251
01809
09791
02003
01079
03088
00012
01273
01588
01589
03305
01468
01712
01586
04040
14591
05995
01745
05847
05846
05846
05845
01697
11103
13788
00925
00873
05838
03524
00098
03088
03088
00242
00239
00240
00600
00375
02002
02001
02000
00024
01491
00602
11175
01902
01903
01849
00003
07118
01951
01939
01433
00275
01647
03578
03282
01975
06901
03704
01091
01443
15034
05795
03218
01883
01770
00991
07736
02039
15987
00937
02529
11250
03975
01733
00003
01091
03088
02040
02037
02038
02036
03306
07220
00133
00928
06187
09747
02343
03466
03710
02529
01193
01887
10218
00262
02053
01669
00761
01126
00337
00338
00339
00340
00341
00342
00343
03799
14166
01875
03799
00426
00425
00817
03147
08972
07006
02926
02892
02886
02965
02890
02982
03671
01462
02939
02963
02990
01858
03980
03088
00384
03671
03501
03217
08998
03536
02914
02313
02338
03629
02470
02469
03789
01118
02613
02612
02611
02610
02609
00074
00161
00162
00627
03750
00161
00162
00627
02003
00574
03336
00140
03335
06605
02529
02529
09955
09955
03885
01524
01689
06996
02003
01745
06287
00382
00876
08224
02057
02057
05795
07090
03282
01434
00963
03750
01494
07101
04043
03687
03686
03088
03762
03695
14267
00797
00762
01624
00453
01556
07118
15372
01945
01923
07693
07778
01952
01952
01952
00764
01933
10680
03304
07458
03439
15736
03885
07458
00457
09117
06996
10773
03313
01895
01673
07321
02283
03168
00943
02341
02013
02015
03088
03088
03569
02003
07259
04075
00760
03798
01495
00950
01633
00796
04567
05847
05846
05846
00333
01918
00278
00767
03525
03696
01476
02029
02029
03575
04485
01524
01687
00286
01867
04768
03088
01926
02492
01749
13542
01698
00077
06886
04566
14415
09771
01295
00611
01845
07399
03088
03182
03179
03186
03704
03183
06996
00330
00331
00332
00333
00334
00337
00338
00339
00340
00341
00342
00343
01555
05786
00175
00174
00330
00331
06726
09767
03710
02913
00075
03073
02601
02867
02863
02864
02935
03043
03046
02950
02992
02355
02358
01118
02946
02906
02878
02904
02961
02874
02895
02931
02954
02994
02933
02881
02988
02907
02876
03076
01265
02518
02919
02952
02948
02986
03040
02879
06173
02871
02996
03431
00820
00997
01775
06925
03545
01358
01358
03544
04078
04077
07124
03088
00111
15866
06996
03705
03686
00459
09761
02503
10979
06911
01876
01874
07093
08641
02003
01953
13529
02003
12308
03637
03790
08963
09927
03070
05520
15371
02836
09812
09811
03797
03664
03088
02575
03088
03530
00790
07735
07642
02003
03088
03088
03088
05349
09458
02078
02529
01198
09780
03466
07341
13979
08281
00763
06891
00989
03564
04078
03217
02078
09458
00645
02078
06133
07164
01625
09861
03088
07243
07224
01265
06133
07693
07778
09136
00648
00973
03088
03809
14155
10240
13288
00820
03797
01640
01969
10805
03704
01255
02233
04567
00768
02231
01265
01207
15268
02529
01491
10680
10680
01151
03149
03154
10441
02529
03581
01647
03335
02057
03338
03337
03336
00140
00240
00239
06199
06199
00013
00817
01693
02501
02500
07107
06886
00705
03921
00275
01256
00133
01256
03523
01808
02003
13745
03897
09807
00873
01873
11754
00940
03569
03570
05515
02529
02888
02899
03979
00931
00147
00969
09710
01869
02237
02340
02968
03596
03701
00847
02529
03703
06958
07042
01649
07107
01857
03584
00806
09816
09817
01880
01857
00448
00449
01040
00817
02224
02232
00648
07090
13653
03786
10674
03327
03897
13745
02016
07090
07407
07407
06203
10547
10548
10546
09932
00648
00645
06911
00163
05795
05795
09799
15977
00261
01778
01061
07023
01448
07693
07778
03433
03432
02078
03921
07552
01126
00606
01950
01915
00648
03088
01733
10907
01915
03644
03801
07071
00163
00658
00382
03969
03517
04487
02275
02276
00766
03928
00655
01626
03594
00788
00297
03924
01673
03438
03587
01928
01929
01000
01925
03588
02563
03589
03531
05810
06997
09772
02221
01870
03101
06180
02337
07157
03648
01649
01657
01609
01696
01695
00266
04092
01256
00370
00371
00373
06929
03547
01996
01995
01998
01997
01999
03579
02945
00859
01126
03702
05837
03189
03190
00134
00927
01803
03075
01810
01057
00036
00615
02259
09014
09015
09013
11717
01714
07093
01007
01707
01714
06901
10674
06720
00836
06718
02227
03306
01628
14393
03639
01866
03568
00208
03449
08296
01079
09122
03088
00363
00362
02013
03926
00372
01129
03086
03088
02529
00252
03088
07090
02493
07795
03088
00451
03300
06155
01707
11939
02529
00973
03322
03284
02057
00111
00864
02440
03116
03118
02000
03088
01790
00973
00067
02529
01799
01574
00451
00978
00077
08999
02346
00281
03820
02057
11738
01744
02034
01114
06153
02358
00375
03088
01756
01935
00833
01012
01358
01430
01429
01428
03188
01462
02034
07407
02529
01912
11177
11178
13483
07402
01950
01053
07095
09858
08323
03823
04762
00382
00266
07058
11103
13796
00612
09955
03088
01462
01666
08982
03652
03652
02015
02015
02013
06442
00858
03631
01937
00259
05896
06024
06178
06208
00945
00655
03977
00864
07006
01586
06975
15977
03466
02355
00613
00648
01546
01547
01548
07140
01776
10680
02503
00067
08323
02529
11939
03088
03823
15554
01996
01995
01997
01998
01999
02034
07124
02470
02529
02431
02057
06605
02034
01953
01790
01845
01673
03975
07071
00648
03464
03381
03335
03179
02518
05349
02034
01060
15866
03762
05349
12308
02431
07407
09955
12308
01060
12308
05349
01811
09955
06978
01273
07090
00134
07089
01821
02529
01061
01940
03088
11103
07246
02440
01586
00858
00036
01810
06975
01706
13529
03919
01754
01233
01706
02034
07090
00574
01235
07795
14260
07088
09001
00134
01358
01358
00262
00453
01556
02548
03088
05916
13771
05349
00239
00459
09958
00299
12410
06911
03534
01915
01666
15924
01897
02004
00598
01784
03307
03090
03090
06994
08676
06988
02025
11212
12234
06147
06147
02025
01848
02004
00046
03299
00851
01848
12373
00241
01488
00819
03333
06994
03709
01692
01965
10843
06201
00033
00845
00917
00153
07776
07768
06877
15520
01081
06147
07653
07669
06147
01580
02025
02004
07258
02055
02052
13787
03333
02274
00666
08372
01262
04518
01104
00970
06346
00626
02004
09009
02428
11263
03783
01619
07654
01488
00758
01489
02004
01181
00772
11105
01409
01934
13640
00271
01092
07177
02566
01664
02004
01507
00619
02433
07067
01784
12942
06196
00805
00852
01488
13953
00939
00867
00088
00088
00121
00784
00038
11779
10232
14949
07004
06889
00567
02004
02025
07670
07654
10234
10233
10232
04063
01719
00027
12373
02004
09607
02428
00626
02050
02051
00059
11263
00121
00059
00059
06994
02049
02050
02051
01186
01176
12373
11263
01480
02025
03153
06994
10118
01222
00010
02056
09167
08981
00241
09137
01814
01817
00059
14949
01222
02025
01197
05522
02004
00374
02238
06994
00135
03711
09815
02025
14727
01039
03404
06889
07131
03436
00882
02025
11159
03299
01785
03298
05337
06147
13570
13571
03929
06994
01113
00010
00010
02025
02025
01191
02025
06988
00059
01826
00666
01796
00856
02274
03889
03890
03891
13668
00845
00059
01496
14340
00567
05794
09762
00616
04488
00674
02025
06889
00059
02342
00059
01181
06910
00854
02274
08167
07793
01482
06889
00389
07077
00127
01569
15526
10439
02056
00548
02035
07442
05337
13527
13573
03727
01191
01191
09992
02025
00666
00027
03891
03929
10533
10118
06994
03810
02056
02033
01113
00046
03649
00652
02351
07245
07009
01424
02035
02033
00567
02025
06147
10563
01262
04073
00568
06377
01515
04517
14162
06994
01962
01963
14952
07048
02025
06988
07491
00059
02035
02033
02056
06201
02035
02033
00845
00066
01181
03316
07669
07653
15329
13787
00059
02033
02035
06994
03718
11069
11072
11071
02033
02035
06988
07117
00626
13953
00038
06994
07116
01206
00065
06147
06147
01113
00666
02025
05337
00059
00010
12373
01206
03469
00616
00033
00567
04091
02035
01469
14335
12583
00219
04073
00854
13540
13671
06147
09251
16163
00626
01692
04093
05814
01727
02035
02033
07098
00059
01206
01607
04655
01470
01489
02035
01941
07793
03294
00059
03519
03518
01470
05712
01692
06147
06910
06147
01692
00626
00059
10563
00595
18334
18334
15981
07588
05844
09992
02025
09931
01466
02050
02049
02051
01847
08483
01907
00567
02025
00845
14727
07258
01847
07653
07669
01206
00666
01222
02510
05989
06610
02051
02049
02050
02033
02035
10440
10439
02025
10200
00721
01523
00088
03768
02025
02035
02033
15583
01426
03299
00033
01489
02025
01197
00568
00059
05989
07114
02025
00854
03090
01206
15855
14733
00059
06889
03294
06377
01958
01537
07077
03891
00033
00027
00135
07052
02025
02510
00058
00135
02033
01560
02035
02025
09684
02033
02035
02433
00055
09733
05337
03307
00819
06045
13787
00059
06994
01784
01823
07131
01281
01782
00626
01796
01885
07131
01206
02433
00088
07025
07131
02051
02049
00033
03478
00845
02056
02033
02035
01466
13641
07654
02017
00365
01771
03518
01191
07051
05989
08256
06994
02025
02342
00276
01181
07305
03294
01262
02033
02035
03635
01478
00547
01439
03499
03499
01092
01011
11189
02342
02025
09981
00595
02055
05712
02052
05522
03455
06976
03743
03177
01104
09764
07114
00294
01596
09684
08167
00058
01607
02033
02035
01724
08167
01470
00700
07588
00626
07503
01104
02056
02004
07098
07258
06945
00059
00027
03316
03090
03307
00058
00854
05602
09118
07177
10563
03593
08372
13693
15525
01278
02035
02033
02025
02035
02004
15521
02446
01679
03386
12503
01011
03711
03299
02033
02035
01426
07304
07131
10439
07030
14941
06945
18334
00594
00648
02116
15923
13063
00064
01728
00064
01728
01728
01728
00064
00064
00064
15923
16423
15269
16146
16147
16301
16137
16137
16163
00130
00130
00130
00130
18958
18955
00484
14232
18955
10119
10117
10119
02028
14235
16218
16215
16421
05845
01840
01218
01179
16264
10622
03294
16217
01834
03298
01840
01684
01179
01179
01179
01179
01179
01977
01977
01977
01977
01977
01977
01250
18553
00392
02028
02062
02054
02054
14224
02033
10621
10673
05349
05350
05350
11735
16235
02554
16263
02035
16263
16264
09693
03893
15771
18352
10112
10217
05350
01992
01992
01992
01992
01992
01992
01992
01992
01992
01992
01992
01992
01992
01992
01992
01992
01992
01992
10118
10202
10201
10118
10119
10117
10241
10241
10241
15555
01985
01985
01985
01985
01985
01985
02025
00042
06113
10242
10241
02484
02484
02484
02484
02031
10543
07250
02032
10439
10544
10543
10543
10545
10544
10561
10560
02851
10117
10119
10117
10242
07979
10544
10545
10559
10562
04757
07046
13015
00518
02026
10117
02025
10119
10118
10117
05552
02029
02030
00128
08166
16927
16137
12420
16203
16203
16203
14219
14228
14232
14233
06016
06016
06016
02030
02030
02030
02030
02030
01485
01426
01426
00966
00355
14670
16785
16786
16787
02768
02769
02770
16785
16786
16787
13327
13328
11991
01190
00951
00040
00951
00265
00040
16137
13328
11785
11782
08316
14231
14229
02006
02008
16927
16840
16881
02003
16937
16937
05551
05553
14673
14227
14218
14218
14218
14218
14228
14225
14225
14225
14225
14225
14221
14221
14229
14229
14229
14671
14667
14668
14669
10187
14234
14234
14230
14230
14230
14230
14230
14219
14223
14223
14224
14224
14224
14237
14237
14237
14237
14237
14237
14222
14220
14220
14233
14672
05555
05554
15555
11070
01897
17247
17318
17318
17318
17318
17319
17319
17319
17319
17319
01980
01980
01980
01980
01980
01980
01990
01992
01990
01992
01992
10439
01990
17331
15581
01992
01992
14226
01992
01992
01990
01990
01990
14219
17320
17318
02028
02028
03457
17330
00096
15583
15581
15580
17329
21284
17747
17103
01897
02484
01897
01897
17330
17331
17320
17320
17320
17320
03574
03574
02028
01990
01992
00360
15580
14235
14228
14228
14233
14233
14234
14236
14219
14222
14228
17476
01432
03671
02026
02027
15554
02027
01990
01990
01990
01990
01990
01990
01990
01990
01990
01990
01990
01990
01990
01990
01990
01990
01990
01990
01990
01990
01990
01990
01990
01990
01990
01990
01990
01990
01990
01190
02027
17326
17327
17328
17641
02026
02026
01186
02026
02027
02027
02027
02027
10119
02529
14223
01739
17686
17686
01190
01190
01190
17840
00588
01130
17836
06921
04757
00483
02026
02026
02026
02026
02026
02026
02026
02026
02026
02026
02026
02026
02026
02026
02026
02026
02026
02026
02026
02026
02026
02026
07284
02027
02027
03767
06921
06921
06921
06921
06921
17835
17836
01267
17829
04757
07284
01183
01183
00128
00128
00537
00784
12574
01187
02027
02027
02027
02027
01187
02027
02027
02027
02027
02027
02027
02027
02027
02027
02027
02027
02027
01187
02027
01187
02027
00254
18057
14259
00956
17947
08221
00561
07068
18220
04342
01846
02031
02032
02031
02032
02031
02032
02031
02032
02058
02058
02058
00382
06148
08351
12250
04098
07045
07045
07045
22552
04343
04340
07068
09019
03088
05825
09772
00064
05989
09017
05799
05799
00108
05799
05799
05799
18056
01758
00897
07258
03719
03719
00104
03719
03719
03719
13979
18234
06880
18091
10823
18232
18233
18292
00138
21688
18351
02004
03116
03466
02283
00805
03101
01799
03088
06994
03569
16301
14652
01524
11752
02025
02026
06958
07284
09458
09458
02372
00789
09458
09458
02078
01897
03891
11103
03704
01940
00645
01895
07491
07693
02078
13979
06994
01507
10545
07045
01181
06945
06994
03929
12434
02026
02025
01191
02027
12308
02529
02529
12308
03710
02031
02032
02029
03090
03088
00817
02274
01190
03652
04780
07646
04780
02027
02025
02026
16163
15553
02470
08167
01607
03527
03086
03701
01640
12308
03040
00074
01752
01811
00153
01181
05795
02004
20534
18983
15329
00812
17686
00805
06045
11738
06994
04043
02529
01006
03762
01235
07667
01679
09136
03190
01653
07246
03338
06994
05989
02553
03088
01191
01191
00140
01561
04564
02529
02026
02025
01811
13979
00074
12434
06188
00276
10823
07795
01745
01577
02909
00137
13021
09458
02291
12424
02026
02027
02025
02026
00826
00299
12434
01142
15923
11717
02529
02529
01738
09458
00059
00384
07101
03574
03466
03980
01992
07491
00666
00278
05349
11070
02003
13668
06945
07131
02004
01937
14447
07131
15582
03088
03602
03710
00064
02035
03090
03088
02003
01491
07693
08372
01992
13639
02003
00812
03101
19545
18287
19302
07046
18353
19302
18285
18286
01488
18301
21460
18369
14519
16422
18455
18545
03574
18572
00681
00681
02001
02002
18546
18547
18553
14956
07794
04749
07794
18554
09809
18688
18687
18775
14225
14225
12429
16435
06147
18911
18910
18917
18911
01777
21687
21687
05342
16431
20816
20832
03790
15733
16435
18912
21672
13611
13611
18955
07171
03790
18928
10747
06147
06147
01971
18929
09692
01856
05793
06218
15269
03111
03497
03496
05793
03111
04565
05791
03496
05792
05881
03761
07483
18981
07483
07483
00336
07029
03976
01436
00335
02483
19055
00335
18981
01820
03526
03526
06609
16238
16389
00273
16028
06893
07451
00986
07448
01621
16388
01167
16422
08166
19190
16024
19221
00798
06893
06893
06893
01710
01710
01710
05558
19200
19189
16026
16025
16027
00135
19265
01066
01066
19268
19267
03722
01990
01990
01990
01990
01990
07496
07496
07496
07496
07496
07496
01416
01039
19302
00020
00020
01785
19267
19270
19270
19302
19302
02804
19302
01416
15868
11410
06867
06867
02476
02476
18547
18545
18545
13614
13612
07669
16444
19577
19577
19577
19577
08744
01179
19710
19668
19702
01051
01728
07068
01457
13316
01205
07119
07119
07119
07119
07119
15777
01431
02033
02034
01617
07404
19302
05996
14731
05795
09796
20023
20023
12132
12132
12132
12132
12132
12132
12132
12132
20074
12132
12132
12132
12132
12132
03392
21159
07008
02803
00507
20420
20420
16874
00525
00525
20468
20483
20497
00526
20420
15527
20484
06994
06994
20543
06994
06994
01179
01179
01179
00812
21378
01932
18626
01179
01179
01179
01179
01179
02081
02081
22553
01214
07100
21949
01214
20814
20940
21071
01768
21071
21071
21071
21140
13075
00821
21147
00632
00632
00529
00632
00529
06903
06907
06907
00560
01286
18955
04068
01286
01286
01520
00857
03553
03465
09935
18955
02315
01286
04068
02314
00558
00558
18955
01286
00558
00558
01286
06217
03546
06907
02316
07465
06903
22552
14251
21214
21281
07005
05375
02031
02031
05375
02031
02031
02031
02031
05375
02031
02031
02031
02027
22468
02032
12132
02032
01802
03636
21148
02031
03636
03636
00249
03636
00249
21159
02335
05710
05710
05710
21214
21214
02026
21397
03293
21397
02483
02483
00146
02483
02483
00146
21481
21480
21471
21471
21471
05364
21471
21471
21471
21471
21471
21471
21401
21471
03437
21600
10026
10914
10914
00863
21685
21739
10914
21744
00344
00344
00344
00344
00344
00344
21607
00344
09458
00648
09458
21886
12955
21929
21887
12955
21885
21949
21949
01563
22024
22024
22027
22033
03741
00936
22010
22044
22033
01816
22116
00302
00304
00015
22129
22130
01816
05275
05275
14274
05275
03595
05275
22108
22107
00467
05396
22186
03710
05548
02027
03892
22278
12436
12436
16048
12436
12436
14441
17758
17759
22316
09516
22297
22297
02257
22311
01505
22322
01563
22322
01551
11206
11206
11206
11206
00728
22463
08300
08301
07566
22539