09160
01869
10563
01419
08137
15581
01118
00425
09811
13888
08351
02426
01889
00757
03649
10773
03801
01834
00013
00817
02501
01814
02500
00852
08154
06176
09808
00554
00858
03723
00991
01770
00573
09612
01783
02931
00962
01925
05878
08680
03215
07343
00864
01810
01886
00884
11733
07229
11746
01512
03470
01591
00945
01489
00995
03412
05879
11734
01785
07358
04077
00700
07235
03550
01159
07404
00604
06910
09903
09158
09861
09017
09022
07806
01823
03784
10708
10709
10710
10711
00228
09798
09802
09920
09921
08191
08191
09824
09458
03588
01921
03589
03590
02535
03070
03574
02461
02460
09806
01525
06195
02528
00097
03771
09862
03554
03546
03547
07657
07636
03311
07568
00773
03210
03072
02017
03074
05517
07738
03625
00946
01095
01662
00795
03151
03152
00077
02300
02299
02298
02297
07286
05527
03545
03544
01338
03770
06920
05800
04752
03320
07443
00661
03577
05802
04067
00759
02343
06187
04079
01772
00892
03455
01425
02068
02069
02003
01483
01608
07038
03768
03269
01588
01589
07688
07798
07787
02362
07214
00835
01878
01879
02798
02799
02800
00009
02562
04564
02403
02402
02401
02400
02399
02398
02386
03594
02505
00767
03806
03807
05799
02364
02013
02015
02015
02016
02361
02363
01252
00216
06200
03386
03387
06140
01169
05966
05964
01910
07702
03326
06199
03644
07258
03642
05837
05515
00969
02340
03643
07126
04045
03820
06189
07042
06217
06168
03184
01953
02566
02565
01443
02564
02459
02458
02456
02455
02454
09015
08483
08484
01951
03424
02567
03687
00340
00339
00338
00337
00764
01265
01580
01935
03281
07312
07310
01138
06871
07263
02035
02033
02034
02031
02032
04063
00027
02014
03823
05595
03304
03817
00134
04043
03640
00341
00343
00342
03618
02016
02015
03281
09013
09773
03606
01840
00971
03207
02377
01711
03818
03819
01104
01991
07289
07679
07088
01577
07749
02477
00845
03322
01972
03528
06203
01738
02777
02045
02047
02046
02048
07106
07223
01448
04033
04025
04026
03736
03735
04024
04021
04028
04027
04020
04032
04030
04029
04031
00029
07674
01439
06999
06957
07054
01923
07287
01714
03567
03564
03548
02824
00761
01933
00937
00088
03601
03977
01892
06941
05367
06894
04755
04044
04082
04488
04487
01092
06889
05820
05817
05708
05709
05710
05711
02057
02056
02058
04751
07715
07711
01952
03474
03584
03595
03100
08998
03596
03803
03598
03597
03088
05590
03896
03895
03897
07454
07357
07351
07348
07349
07350
00040
07559
00484
00483
02511
02510
02509
01826
00455
00151
05921
01002
02317
00564
02344
03789
03424
01619
01839
03800
07186
01079
04485
03720
05804
05805
07663
07641
06143
07773
02533
07484
07480
07497
02909
07497
09794
01051
06217
07224
00113
00112
00111
02445
01126
00526
00525
09807
02469
07497
07677
07687
07676
01250
10026
06905
06073
00783
00052
03578
02972
07038
03671
00891
09001
06075
03685
03684
08324
08325
08326
08289
08296
08313
08314
02173
10538
08302
08302
08303
08303
08301
08316
08317
08318
08315
00684
08309
08300
09470
08305
08159
07048
03778
03668
05591
00567
01420
07480
06889
06889
06889
03721
06918
03972
03973
03969
03974
00823
08354
03327
00793
00574
03604
07390
03724
03683
01759
06938
04565
06077
00868
00799
03305
03613
03612
03614
03615
03616
03617
01488
02790
02791
00076
00789
03579
08177
03445
02890
00575
01809
01676
01679
07639
07661
03758
00324
04775
00364
07262
03777
05349
05845
05846
05847
07308
03748
06518
05846
07497
06950
00558
07458
07026
07781
02421
02418
02417
02416
02415
02413
02409
02408
07496
07112
01176
02422
02407
02406
02405
02425
05396
07782
07689
03703
07039
03834
02255
03413
03414
03516
06201
07136
07156
01690
00036
00873
01191
02560
02233
00768
02795
02796
07480
00563
03799
03797
03607
07313
05997
07285
00849
00287
02835
08092
09014
05874
03776
02887
06866
03214
03672
05812
09181
00998
03761
03695
05810
06180
05807
05809
01626
00390
00381
00380
01737
00313
06872
01937
00951
07678
01706
03535
06175
06966
03837
01752
01628
01818
02431
02430
06968
03566
01766
00058
03488
01448
03581
03582
01407
03583
02681
02679
03573
02529
01586
00065
01815
00626
02884
02860
03106
03631
03664
00957
00956
07340
08591
03603
03314
03611
03503
03610
03609
00031
06181
00566
07153
01756
07660
07637
07726
03704
02913
02902
02914
03769
02909
05787
04078
06975
01434
09916
09917
09918
03704
03812
05811
00426
03924
00794
02959
06186
04653
06191
02457
03623
07574
02919
02907
02961
02904
02965
02892
03745
07397
04758
09975
01258
07497
03885
07000
02778
02779
03424
02341
00943
07082
02619
00059
00645
00648
03621
07040
06179
02397
02396
02394
02393
02392
02391
02390
02389
02388
03980
03810
03790
03675
01465
07146
02517
03670
04334
04333
00860
05589
06194
03087
03299
07314
03555
04655
04654
04652
04651
01223
03487
05796
04656
02467
02468
00068
02781
02782
02783
03743
03553
03565
01872
01919
07173
03446
03543
02002
02001
02000
00526
00525
03647
06282
06281
04651
04753
00655
02621
07471
07666
07645
03923
02622
07000
03651
01515
07238
02858
07184
00974
01633
03779
03780
01409
02316
03086
06878
00219
07043
01812
07393
06911
01752
00656
00932
03838
01754
07592
07591
00865
00042
01630
03559
01760
06221
02462
07150
03289
03575
01424
09456
06997
02669
07447
07735
01920
01150
02742
01585
01480
07387
00615
02798
02799
02800
06934
03472
01624
03442
06895
07588
05596
01807
00058
01494
00876
01262
03185
02437
06980
03840
04763
03981
07462
02836
07141
07402
00926
01751
00087
02160
03569
03570
03571
06287
03568
03402
04691
04772
06916
02871
02996
03599
03600
01639
03290
01788
00885
00266
00265
07139
07648
03814
06958
02806
03092
06861
03270
06041
07301
02065
02066
02067
07323
07122
02523
07259
04046
07799
07789
07642
07664
02436
00094
02775
02773
07273
00878
03593
00208
01147
03113
01096
01497
03168
04774
06178
07053
01657
01696
07275
06190
03832
06131
03746
00963
02485
07001
01433
00374
00373
00371
02575
07673
07684
07232
07300
07261
01627
02493
02494
00948
03321
06942
05880
05881
01297
00285
09913
13895
02846
09890
07346
07058
00370
01887
09476
09475
09474
09812
10038
10037
10036
09893
09894
09895
09901
09902
09801
09899
10012
10011
09891
10015
10016
02970
10017
09936
09937
09927
03561
09888
02424
10009
09972
09946
09978
09748
10001
00389
09892
09896
08989
10002
10003
10010
09897
09900
02477
03676
02111
08349
00127
08350
08320
09923
09768
05844
03212
01620
00156
06188
07459
03694
00384
03719
03466
03634
07478
07306
01141
00765
05789
00012
00033
01790
00973
00067
01710
00963
03711
01961
09131
00123
08348
00124
08990
08992
08993
08996
08997
00336
08227
08225
09823
08368
06891
09251
09136
01247
02793
02794
03979
00568
07740
00703
03557
04564
01358
02221
00939
03043
00325
00990
01883
00560
01736
02492
08984
02478
02478
09810
06048
09747
01223
07140
07264
01911
02549
01661
02551
02552
05594
02348
00784
00925
07095
07589
07071
03186
03558
03749
01963
03975
06173
03473
07090
07320
00632
06076
04754
01753
07786
07797
07690
06182
03154
03734
03919
06159
00116
08276
02572
02573
02574
02568
02569
02193
02194
02195
02197
02198
02199
02200
07685
07014
06899
06183
02356
03291
00882
02769
02770
01151
01495
07148
02529
04069
00656
06212
00831
02945
00912
00979
06219
03633
03804
03632
00813
01893
00763
01256
00299
05516
03533
03532
07772
07647
01991
01104
00426
00425
03619
03620
06281
06282
06969
06929
01734
03658
03286
04770
01716
06192
03808
02948
02952
03076
02876
02988
02881
02933
02994
01305
06078
01744
07791
04084
01676
07792
07703
07701
03894
03495
03501
02115
00820
03549
06726
02529
07391
01652
00826
01754
02521
03656
01524
03732
03628
02851
05790
01791
02472
01710
00973
02853
02852
03293
06871
02498
02496
03839
01175
02954
02895
02874
02878
02982
02886
02926
02906
02946
02358
02355
02992
02950
07236
03772
03775
06158
07019
00855
01664
04095
03767
06141
00362
00363
02598
01867
06223
03112
02507
05366
04762
04083
07638
07659
04760
06959
04759
02170
07400
06155
00705
00688
03556
01974
02444
02441
02439
00111
02040
00688
02438
00133
06156
00851
06145
06911
03825
00681
01126
01996
01995
01998
01997
01999
01999
03089
03110
03624
03798
00796
02834
05803
05592
03835
03824
05520
07089
07460
07121
07056
02687
05540
00014
07566
07479
03747
04096
01462
03500
03499
03282
02879
02986
01719
01749
05851
06202
01778
03733
03657
03284
05786
01058
03654
05835
05834
01048
03576
00549
01061
03183
03690
03688
03116
03117
03118
05785
03182
00632
01271
03498
00230
03753
03752
03673
02335
03978
07712
07708
01915
06207
07560
02380
02379
03534
01629
01813
00848
02855
02854
02856
02526
07640
07662
00850
02048
01521
00528
02446
02440
02553
02548
03667
03591
05499
04066
03764
01739
00297
00005
00656
04069
01438
00145
00930
04761
00322
00557
01776
00867
03073
02601
02867
02863
02864
02935
03150
03149
02345
03147
05982
07803
07709
07713
01945
03827
00651
01638
00548
03324
05995
02815
02814
02813
02812
00068
00928
00832
01775
02314
00344
03327
01356
00901
00631
03179
03788
03701
03111
03316
03385
04013
04016
04017
04018
01808
06167
05774
06162
05780
05781
06163
06164
06165
06166
02043
02042
02044
02041
04750
06193
03762
07643
07771
03760
03759
03755
01584
07406
01153
03427
06915
07091
01255
02339
03828
00609
00610
01531
03485
02818
02819
01226
04068
03592
02558
03841
02057
02057
02058
01507
07278
07304
07109
01119
07322
07269
02939
02990
03475
03477
06889
03218
04087
04088
03665
03666
00791
03572
01448
02897
07497
03602
03530
02196
01185
05839
01646
03704
03425
03636
03674
03704
02518
02774
02420
03704
06903
06197
03971
03970
04062
03608
02078
02911
02387
02570
05788
03704
06133
07722
01993
07007
06144
06149
03305
07115
00383
03892
03893
00537
07285
01580
01194
07058
07290
00874
00694
01246
03826
00090
00854
02529
03796
01176
00138
03833
01042
03216
00640
00057
03071
00060
00639
03274
02843
02841
02850
02848
02844
02849
02527
00954
03630
05501
00762
00989
02040
02037
02038
02036
02039
06901
03836
03650
03217
03536
04081
07085
03482
02749
02750
06871
01652
01653
07686
07675
07783
07784
01486
02073
03292
01811
03312
03655
00556
01139
00942
01914
03718
06205
02916
06925
06949
01613
04568
00244
00245
00246
00247
01467
03098
02356
07113
02802
02803
02804
08219
01897
09774
09781
10857
09786
10545
09760
10540
09780
10541
10542
10543
08312
10544
09761
08306
08310
08307
08308
10539
09125
02686
01687
00053
10004
09933
09857
09858
08311
09790
07160
05522
07120
01647
00241
00242
00239
00240
00164
00658
01903
01902
03517
03811
01626
00965
01784
05776
02019
09765
09767
02020
04047
07757
00656
04069
03750
06223
01185
06907
06908
06906
06905
07085
02018
07751
00600
00997
01689
01845
09914
09915
09908
03551
08682
00275
01866
00872
01733
03831
07034
07480
03686
03313
03717
04477
03060
02217
06858
01129
04771
02337
03291
01894
05365
07098
04075
06079
01881
06080
02073
02072
02071
03273
01069
03469
02342
03271
02839
01270
00769
03119
01698
01921
01077
00286
01414
01284
09471
09472
02116
02110
02109
05916
02113
02112
02114
02647
00674
02315
02967
01803
01595
01755
00075
00788
04744
05801
06177
03580
02336
01804
00853
02099
02062
02063
02064
01649
06006
07277
06142
02536
00677
00748
02899
03075
02600
02956
07461
03737
03787
00797
09909
09910
01599
03181
01873
00927
00605
09911
00982
00163
00627
00382
01682
01611
00117
00760
01673
05806
01652
03101
02372
08641
00611
01011
07337
07251
01876
01885
01924
01653
03435
03925
03586
03587
01928
01929
06153
02357
02838
00099
00806
00981
09710
09712
00919
01056
01207
01520
10763
07788
00975
04085
00428
01805
00101
02968
03046
01939
01000
09999
03078
03476
01686
00758
03431
03040
01091
01735
01610
10441
01695
00857
03645
01835
01581
07667
07646
01547
01546
01669
03305
02963
07724
02888
03439
00790
01940
03177
08723
01870
03774
03527
01956
01955
09906
09907
06917
03648
02313
02338
03629
02470
04080
09954
00800
00940
03079
09904
09935
07336
03605
09971
09994
08485
09889
10000
09800
09996
09997
09998
09159
10716
00616
00215
02822
02821
08169
09808
02519
04567
09969
08304
01875
09161
09791
03438
02563
00859
01579
01962
00931
00147
00891
01704
01703
00335
00334
08218
00331
00330
01752
01665
03451
03449
07180
07274
00134
07305
01424
04773
01008
03169
00262
05779
05777
01142
00840
00673
06447
01484
05526
04064
02760
06956
07283
07480
01868
02520
04764
06907
06906
06074
01626
01007
00313
03785
00873
03563
02014
02013
03562
07107
03560
03646
03641
01918
00606
00950
00970
06204
07345
05539
02837
08162
08163
08160
06206
01975
02427
00833
01012
00652
02169
01935
03702
03639
03638
03637
03635
06890
07027
01993
03722
06970
11392
18138
10805
10806
10748
03808
06222
18919
18919
08234
11209
00537
01524
00432
11179
11073
11250
02752
02753
11074
11249
11191
11192
11183
02768
11264
10678
02484
02483
11085
10914
10440
10440
09973
09974
09979
00281
10213
10439
09815
01066
10679
10014
09816
05816
00647
07490
09898
09817
02783
21905
09477
11076
11198
11199
11200
06039
11202
11208
11072
11070
11107
04653
11203
11202
11203
11071
11069
11391
11604
11754
01625
04042
12265
12112
12142
12113
12147
12149
12144
12145
12111
12289
12266
11922
11991
12264
12340
12138
11941
12141
12152
12262
11075
02784
11258
00821
01874
01890
11202
11203
08483
11189
11201
11201
11065
11102
08483
11201
11202
01916
11175
03497
11106
11105
02238
07862
10906
07347
01681
00427
11103
11066
02805
11068
10973
02358
01545
01643
11535
11933
11750
11747
11749
11744
11742
11743
11755
12974
12975
12945
01460
00906
01534
12684
12684
12370
03276
03328
07724
12973
13301
14762
13288
01093
11929
11745
11752
11753
11735
12297
12290
12288
11732
03426
12410
11736
11737
01491
12372
13053
05368
03275
12525
12500
13051
12961
12963
12985
13014
10804
01154
13292
11939
11685
11930
06887
11607
11605
11926
02426
11927
12140
12143
12151
11928
03524
11934
11717
11719
11924
11925
11932
09824
03832
01464
00024
01089
02302
11751
11748
01243
11940
11720
11938
12291
05984
02237
00602
11738
11534
01644
11606
07172
13890
13892
05685
13889
13637
12943
13256
13038
13069
13255
06879
13283
13378
13243
07497
12972
13926
07246
13788
13480
13791
05939
12339
12371
12573
03468
15831
14057
14062
14064
14061
14056
14055
12582
03272
14054
14065
01782
14058
14059
14052
14051
06211
13628
13450
13793
12700
12524
12369
04072
02847
12957
12660
12661
12941
12942
03782
13638
07484
07480
01792
13641
10778
13479
13643
13634
01070
13694
13821
14218
14218
07248
13938
13954
13918
13695
13497
13894
13896
13893
13891
13620
07483
14228
14220
14220
14220
14220
14238
14237
14237
14237
14237
14232
14221
14221
14221
14219
14229
14229
14229
14228
14233
14228
13498
08281
13743
13630
13632
07483
13684
13683
13574
13771
13520
00941
01977
01977
01977
01977
01977
01977
01977
21907
14230
14230
14187
14219
14219
03077
14233
14236
14236
14347
14392
14233
14228
14228
14228
14228
14260
14230
21901
14232
14234
14234
14224
14224
14228
14233
14233
14218
14218
14218
14218
14218
14348
14230
14230
14219
21908
14219
14219
14225
14225
14393
14155
14223
14223
15034
14225
14225
14225
14225
14415
01985
01985
01985
01985
01985
01985
01985
14414
14744
14235
14234
14234
14234
14234
15396
14231
14231
14441
14225
14225
14623
14227
14227
14227
14227
14227
14155
14226
14237
14230
14219
14223
14223
14222
14170
14230
14230
14230
14230
14261
01980
01980
01980
01980
01980
01980
01980
14232
14219
14219
14219
01985
07480
07480
07480
13069
07733
07733
03722
14588
14591
21906
07483
14682
16013
01146
10823
06919
14742
14761
07484
16012
15256
15257
15582
15584
10824
15580
15586
15587
15547
15580
15549
15545
15552
16301
15738
15461
15540
15553
02428
15633
15551
15724
15735
10831
04765
15736
15737
00254
18140
15723
15585
15583
15539
15836
15835
15536
01990
01082
15342
15832
15830
15834
15829
15828
15460
07483
07483
07483
07483
07483
07483
07483
07483
07483
07483
07483
07483
07483
15977
03712
15984
15974
15977
18968
08679
16135
16089
16138
16088
16345
16136
16140
16137
07480
07480
07480
07480
07480
07480
07480
07480
07480
07480
07480
07480
07480
07480
07480
07480
07480
07480
07480
07480
07480
07480
07480
07480
07480
07480
07480
07480
07480
07480
07480
07480
07480
07480
07480
07480
07480
07480
07480
07480
07480
07480
07480
07480
07480
07480
07480
07480
07480
07480
07480
07480
07480
07480
07480
07480
07480
07480
07480
07480
07480
07480
07480
07480
07480
07480
07480
07480
07480
07480
07480
07480
07480
07480
07480
07480
07480
07480
07480
07480
07480
07480
07480
07480
07480
07480
07480
07480
07480
07480
07480
07480
07480
07480
07480
07497
07497
07497
07497
07497
07497
07497
07497
07497
07497
07497
07497
07497
07497
07480
07480
07480
07480
07480
07480
07480
07480
07484
07484
07484
07484
07484
07484
07484
07483
07483
07484
07497
02014
09022
16052
16087
16053
10013
16066
16074
07480
07480
07480
07480
07480
07480
07480
07480
07480
07480
07480
07480
11645
16370
16322
16329
16325
16139
04014
04015
16263
16291
16264
16693
16703
16704
16711
16710
16695
19234
16692
19230
07012
16787
16786
16785
16923
16868
19956
02503
19353
11209
17247
03585
19227
12678
17713
01990
01992
05601
17686
19789
17722
17758
17759
07483
17938
07483
07483
07483
07483
07483
07483
07483
07483
07483
07483
07483
07483
07483
07483
07483
07483
07483
07483
07483
07483
07483
07483
07483
07483
07483
07483
07484
18148
18141
18142
17948
21430
03605
08156
07483
07483
07483
18326
19540
01934
18478
01671
18446
18531
18530
18691
18640
18697
18702
18765
11741
18850
18889
18862
07171
21645
18920
18899
20861
18829
20866
20881
20862
18800
18778
18831
18657
18890
18898
07484
03976
19055
07483
03526
07497
07497
07497
07497
07497
07497
07497
07497
07497
07497
18979
18997
07483
07483
07483
07483
07483
07483
07483
07483
07483
07483
07483
18988
19046
19000
19221
19222
19166
19226
19229
19235
19236
07319
19123
19163
07483
19238
19124
22444
07319
07483
07483
07483
07483
07483
07483
07483
07483
19228
22044
19125
19126
21498
07495
19159
19162
19168
19164
09951
19270
19265
01992
01992
01992
19416
19335
19267
19337
19304
19334
19302
19270
19336
19333
21637
19303
19577
19611
19688
02495
19775
19745
19777
19778
19780
00799
07497
07497
00799
06132
15777
19784
13069
07497
07484
07484
07484
07484
07484
07484
07497
07497
07497
07497
07497
07497
07497
07497
07497
07497
07497
07497
07497
07497
07497
07497
07497
07497
07497
07497
07497
07497
07497
07497
07497
07497
07497
07497
07497
07497
07497
07497
07497
07497
07497
07497
07497
07497
07497
19802
07497
07497
19803
19804
19810
19956
21636
07497
20265
19591
20542
20543
20541
21394
22111
22132
07497
09018
07480
07480
07480
07480
07480
07480
07480
07483
07483
07483
07483
07483
07483
07483
07483
07483
07483
07483
07483
07483
07483
07483
07483
07483
07483
07483
07483
07483
07483
07483
07483
07483
07483
07483
07483
07483
07483
07483
07483
07483
07483
07483
07484
07484
07484
07484
07484
07484
07484
07484
07484
07484
07484
07484
07484
07484
07484
07497
07497
07497
07497
07497
07497
07497
07497
07497
07497
07497
07497
07497
07497
07497
07497
07497
07497
07497
07497
07497
07497
07497
07497
07497
07497
07497
07497
07497
07497
00571
18148
07480
07480
07484
07484
07497
07497
07497
07497
07497
07497
07497
07497
07497
07497
07497
07497
07497
07497
07497
07497
07497
07497
07497
07497
07497
07497
07497
07497
07497
07497
07497
07497
07497
07497
01434
02040
07480
07480
07480
07480
07480
07480
07480
07480
07480
07480
07480
07480
07480
07480
07480
07480
07480
07480
07480
07480
07480
07480
07480
07480
07480
07480
07480
07480
07480
07480
07480
07480
07480
07480
07480
07480
07480
07480
07480
07480
07480
07480
07480
07480
07480
07497
07497
07497
07497
07497
07497
07497
07497
07497
07497
07497
07497
07497
07497
07497
07497
07497
07497
07497
07497
07497
07497
07497
07497
07497
07497
07497
07497
07497
07497
07497
07497
07497
07497
21029
21086
21087
21088
21089
08968
21028
21090
21449
21470
21498
21021
21090
21602
08319
21698
21695
21948
21963
21965
21990
22041
22051
21964
22131
22443
22130
22105
22104
22110
22214
15634
02257
02560
22293
13566
11206
22501