10118
10117
10562
05815
05349
02313
15534
00849
03077
10040
14231
14228
14226
14219
01708
03536
03217
04069
00789
00790
04758
04758
04759
09761
01752
01869
03284
02622
02621
06180
00615
00262
03737
10542
01783
03337
07718
03745
03797
13292
01056
10773
02529
01937
01915
01173
03382
19689
01977
01977
01977
01977
14228
17241
14219
14218
14218
14218
14229
14228
14219
06346
00616
10540
10541
10439
07720
01262
00548
09951
02025
02031
14236
18581
02032
15583
02031
02428
15342
15532
15633
01915
02529
00930
00620
01953
00145
01811
18678
00045
15738
02057
02057
01897
02004
10439
03386
07793
02564
02010
07668
01784
02510
02025
02004
07720
09700
02342
02564
02533
00854
03784
00845
02025
12373
10118
05499
10439
10440
01787
09155
00805
02056
00917
01572
02564
02050
02049
02051
11069
06897
05814
00567
02124
07793
02510
00058
03325
07035
06889
02025
07069
01480
01585
11189
06023
03803
02056
02025
06147
06902
07052
00230
07657
01639
00852
03718
00058
00059
02030
07720
07079
07793
03307
07120
01192
02025
12373
03574
01759
00784
00949
07793
02499
03177
02025
02123
02120
02118
02117
02121
00088
00939
03469
01119
02025
03436
00772
07404
07720
02025
02010
10843
01092
01835
04763
00046
01006
01409
00854
00970
03615
03614
03612
03613
03617
04767
07720
02056
09155
10440
10439
02035
11072
11071
06990
02824
03519
00626
06889
01092
02010
02806
02824
01596
01092
07343
10439
10440
02510
07346
02119
02123
02124
02122
02121
02117
02118
03574
09825
01784
01785
09705
03783
02056
02010
01619
03574
02056
03976
01092
08217
01243
00639
15986
08217
02033
02035
06196
02030
01934
06990
02025
03499
03498
09952
07052
02564
01258
01156
07491
02056
00854
06971
02050
07052
01077
07793
10560
10559
02049
02050
01885
01104
01989
01989
05832
05833
00625
13049
06147
01759
06976
01572
07793
01488
02427
09815
07793
03442
01813
02855
00616
00065
07793
09992
06201
01206
00059
03784
09942
01424
00033
02025
00974
03294
02120
02806
02010
02025
01787
02025
02025
01470
06177
03711
09815
03499
03498
02004
04488
07025
08483
02291
01575
01996
01995
01997
01955
01876
07397
01628
02529
01881
09816
00615
00097
04079
15581
13993
00611
02073
02072
02071
00995
01299
01868
03744
03402
01810
02019
01972
02337
02221
03655
03101
07056
03974
03969
15580
15582
02013
03809
13653
00873
09816
09817
06911
07238
07058
03738
00876
04487
03787
00849
02909
03628
03820
03218
03686
04043
03687
03977
06442
09769
02879
03040
02986
02948
02952
02919
03076
02876
02907
02988
02881
02933
02994
02954
02931
02895
02874
02961
02904
02878
02982
02890
02965
02886
02892
00971
07133
02003
07133
01190
03710
02012
02011
00009
10441
09988
07718
03602
03601
07080
00133
00215
01714
00215
01714
10206
01586
07107
12267
03651
02520
02916
02887
06925
00384
00703
00975
01804
02529
02064
02063
03702
00847
09163
01886
08998
00876
03596
03798
04075
01056
02897
06412
00919
03523
01163
01443
02012
07133
05970
07112
01008
07133
07133
03655
00014
02601
07106
13012
02474
01841
01939
07101
00760
03312
01126
02529
00615
01811
09955
07133
01770
00991
07736
00705
03800
07335
02057
02057
03321
00615
00615
02003
03215
01950
06167
00859
07718
01809
00566
07138
01126
03575
01805
07088
03720
05592
07335
02057
02057
10213
07137
06015
01581
01706
07088
01649
01703
01704
00052
01687
01652
04072
07095
06949
08982
08982
00432
00432
01207
10441
00826
07137
02011
00432
03098
04069
00656
03885
08602
03544
01358
03545
01051
07478
06890
07053
00057
02057
02057
03928
01960
01573
09807
07341
01810
02529
01443
01809
00362
07407
03832
01999
01997
01998
01995
01996
07133
00029
03823
01756
04486
05846
05847
00962
02956
11381
01889
01890
00765
00013
00817
01089
02501
01814
02500
11755
07133
06200
03569
03569
03569
03630
05813
07042
07037
03701
01714
07443
06956
06895
01975
13747
03716
03703
02340
01356
05808
03092
06861
09774
09769
05349
06966
03778
12297
04083
03798
02356
04568
03650
03495
03501
00824
03732
00655
01951
00928
10546
10548
10547
00334
09936
00768
02231
02233
02203
07082
09765
06131
00831
02970
07462
03584
00926
01714
09125
01338
08303
01873
03088
01883
00075
02029
04759
04758
07718
01653
00053
01649
07088
13963
00655
03654
00965
00849
01733
12524
02902
10773
00874
01625
04564
09946
03734
01751
03660
01738
03152
01626
01893
09768
09955
07574
02963
02939
11749
00099
00981
00806
02838
02357
02967
06287
06158
13832
01736
00891
01129
07738
09125
03723
03439
02355
02355
01534
02528
01091
06969
03284
03925
03438
01929
01000
03588
03590
03531
07090
04096
03733
01419
03667
02404
03587
03070
02563
03558
02343
04078
03086
01815
01845
00077
02012
02011
00036
01057
03151
04487
01735
01892
00283
00282
02437
00600
03308
02518
01995
01998
01997
01999
03282
03168
06942
03665
02836
03110
09808
09808
06208
00800
02529
06940
03086
07164
09859
07337
01928
01921
02346
09790
06153
03216
00286
01875
00763
01448
00931
00147
02016
02015
02013
06901
07007
12528
12529
12527
01733
01433
07080
09835
03424
00820
02945
00945
06178
06024
05896
07560
01783
03980
00773
11753
02834
02519
02600
09748
03555
07277
00943
07568
03551
03550
01159
03100
03664
07301
12410
06168
01491
07101
00812
07053
02372
09458
00645
00648
02160
01961
01963
01962
03521
03522
06606
01195
07391
00858
03631
06975
02011
02012
00874
09116
07240
07006
13653
00759
03525
03470
03529
03106
02959
06960
02860
00554
02884
00954
02911
02078
03685
01870
01867
01265
03625
03075
01803
00927
00134
02431
01818
00757
07456
06949
06180
06997
00761
07240
07240
02016
02015
02013
00655
05873
04066
06173
00997
00864
03781
02346
02337
01669
08963
07335
07088
03657
00836
13745
07718
02548
07080
02011
02012
02526
03572
02057
02057
07718
11927
00690
00925
07402
07402
07636
02039
02036
02038
02037
02040
10441
02529
02034
09001
07106
01740
00651
08963
01304
01486
06901
01534
00077
01921
01921
11754
00791
00945
01924
07454
09384
07406
07718
02012
00615
00052
01624
01714
00077
03684
08303
00133
00995
07406
02529
02217
02012
02011
03655
00012
07238
07406
07240
07240
07718
10194
11753
01586
00826
00067
01790
00973
00973
00067
01790
02529
04087
04088
01874
01925
02990
07090
07089
06207
01142
01914
01915
03657
11068
09775
01681
00031
01647
01940
10800
01091
12960
08963
00262
01465
01591
00762
07335
02057
02057
00605
01091
05820
00948
03324
01755
03671
02926
02906
02946
02358
02992
02950
03046
03043
02935
00347
00348
00349
00350
00351
13653
09903
04070
00868
07458
00844
01141
02835
02493
01808
01464
01926
03527
03074
03072
03210
04077
06941
01872
04096
01247
00266
00528
01952
01945
00602
01933
00764
01923
01588
04069
09141
05349
00865
01273
03671
06001
01999
03565
02996
02871
03657
14441
15987
01620
14155
02529
02529
00848
11381
00382
00627
03534
08092
01689
01686
00615
00615
01808
07090
02355
02503
01678
01677
07139
07001
00604
01462
01151
01126
01926
01358
04566
03642
02057
02057
08094
03270
01091
02057
02057
07335
01744
07727
03734
10194
10193
10192
01686
00382
00627
00163
05919
01866
01880
03928
10546
10548
10547
02529
09710
00969
03979
02899
02888
01887
03524
00640
03790
05788
02968
03424
02864
02863
02867
02601
03073
02913
00688
07150
07141
03695
01209
01198
08679
03215
02057
02057
07335
01685
01812
07088
00874
01625
02012
02011
02343
03320
09747
06187
05801
01443
07010
07043
04485
02469
02470
15922
01560
02028
16092
14230
02028
10039
14232
10040
10041
14235
02051
01983
05846
16515
01840
15773
16210
16213
03299
02062
16209
01840
01270
05845
13479
14234
01978
00850
06335
02051
02049
00087
14233
14224
10190
05350
10189
17235
17236
17234
02025
10119
10119
10118
10117
10119
16784
10119
16698
02056
02033
16783
02034
10823
10117
10118
10118
10117
10118
10117
10119
10119
10117
10119
02473
10188
10118
10119
10118
10117
10119
16906
16907
11720
16203
01985
01985
01985
01985
01985
01985
08153
16786
16787
03559
03559
10561
00895
16785
16786
16787
16924
09810
00018
02003
16905
07091
15035
11070
10540
17318
17318
17318
17318
17319
17319
17319
17319
14237
01990
02010
02029
02011
02011
02011
01990
17242
01992
01990
10541
10542
17243
00096
17716
00951
00040
10112
01897
01897
01897
01897
17320
17320
17320
17320
17319
17318
17318
02030
17073
17076
17074
02012
02010
02010
02010
01992
01992
11069
07271
07576
01990
17686
10117
02026
10117
10112
05601
01980
01980
00336
14234
14220
14223
00209
01190
03292
03292
02027
07979
00290
01843
06921
11928
17828
02823
01791
02026
14230
14230
02026
02026
02026
02026
02026
02026
02026
02026
02026
02026
02026
02026
00226
14219
14218
14225
14221
14221
14232
14237
14228
01980
14234
02027
02027
02027
14237
14225
14224
14229
14222
14227
06518
19165
06972
07979
01843
01843
17758
17759
02027
14223
14233
14233
14233
00128
14228
00537
14219
14232
01980
02027
01187
01187
02027
02027
02027
02027
02027
02027
01187
02027
02027
07814
07003
02058
07068
02058
14742
07045
03772
05799
05799
05799
05799
05799
05799
05799
00196
00004
00104
07003
06921
02338
18331
01628
01840
01996
06950
06131
06950
01945
01619
03969
07095
09160
02056
17320
12960
15532
10193
03430
07714
07003
02056
01714
00805
02564
06180
07335
01803
01624
15922
07793
10117
04095
02057
02057
03466
07566
07001
02025
02492
10118
01486
03630
01126
02026
00705
05919
10823
00772
01921
07718
11175
00068
03630
12960
02056
02058
00059
01998
09817
00615
07720
10241
02026
01625
03629
00041
02914
00615
06881
00608
00335
17992
03742
18471
21395
21395
07794
03060
18707
18682
18672
07316
18910
18910
00662
07473
03111
03111
07473
03169
06147
03111
03496
03111
03497
03496
01872
02854
03526
19002
03429
16149
19221
19180
19157
01710
01710
22451
19068
00336
19265
19265
01066
09459
19265
01785
19285
03722
19302
08217
19302
19548
00525
19689
19689
01258
07720
19802
03616
21619
19956
19955
11751
07005
07484
20276
13004
20611
20866
20866
20866
01486
00821
21071
08968
02314
14623
01493
06217
03465
07474
02316
03553
00558
02314
00558
07451
01520
00857
21636
02335
03296
21394
21394
13695
21394
21469
21562
21562
10914
21600
21948
21929
21970
22010
22024
03741
22130
22129
22024
03595
22132
21903
03892
01046
22293
22293
22293
09761
09988
00002
00334