02428
03574
14727
13653
11785
11783
11784
14949
00662
06871
01212
11263
01784
03392
02238
03392
11741
00020
00372
14048
07051
07584
00805
12503
07114
07114
07114
03316
03316
01119
01091
07552
06916
10232
09019
05349
03088
05343
05343
05979
02009
07182
07058
01079
07177
13788
15644
00065
13745
13570
01421
00652
00153
00153
09684
01586
09684
08372
03933
08372
04487
05995
09684
00876
01081
13787
01897
13950
10006
02116
01992
03436
01784
13953
02030
01962
02554
01965
01897
13979
04518
00297
00297
01191
10217
13693
00956
13668
07483
03782
04091
13639
00303
03179
13745
13640
05714
10240
01273
06168
13641
03649
01958
10543
02081
02004
02004
02004
02004
02004
02004
02503
01664
07496
07074
13930
07335
10441
10440
07131
02616
06987
00014
05375
01835
02015
10233
07778
01000
03455
00951
10006
03088
13787
13950
02056
07074
02034
09684
00318
11754
07005
00108
03767
01897
01580
02099
07228
07228
03709
01754
01087
02026
10805
00141
13573
01209
11263
17829
07407
01758
00941
13993
03574
14219
14218
14218
14232
14230
14224
04098
03296
07131
07693
01560
01560
07496
02058
02057
00493
01113
01113
01113
02484
07979
05989
06147
03574
14234
07250
00082
00141
02055
03704
03719
06133
07402
05337
04567
01104
13993
06893
01840
01426
01426
02475
07749
07068
00632
01505
03293
02057
02057
14393
02057
01992
11069
11071
01990
14233
14225
14225
14225
14225
03088
01669
06994
00299
01488
01808
02016
05375
02015
02013
00604
01644
01613
00865
12410
00567
13529
00681
01464
01265
00681
10008
01142
01727
01649
10536
01428
00826
00052
00294
00058
00053
01653
01652
06994
02434
02433
02435
01972
06966
00566
04487
03657
01951
03333
00111
00088
00088
03088
07124
04077
04078
06911
07258
00627
00162
00161
03750
00627
00162
00161
00074
01118
04042
02003
03723
02428
01689
09009
03885
00574
02003
00626
01697
01745
07131
01712
06016
01468
00362
07090
07089
01129
02316
03086
00854
00384
00059
13571
01969
13787
01505
01466
11189
05711
09879
00574
01584
00274
07001
03300
01644
12257
03569
06131
02431
01625
00874
01032
01031
06048
01953
11942
02035
02379
01752
00600
00479
00796
00305
00302
01491
02002
02000
01433
05710
01548
01547
01546
02025
02026
12308
01749
00528
07795
07006
09932
07402
07095
02035
01061
10440
07393
08987
00055
00948
04477
02529
03534
00848
00782
00046
00098
00010
03088
01915
00151
05921
09472
07010
02230
02229
06042
13540
05895
02188
02016
02013
02015
05936
00595
09956
01481
09955
07028
00763
07090
00230
01006
04069
00656
02575
00370
00371
00373
00374
03088
00574
00574
09701
06193
03321
06911
01462
00382
01919
09165
03734
00240
05710
00239
00241
07282
03088
10563
00975
00033
06975
01579
01874
01626
07241
01754
05349
10005
10008
10005
10007
11159
02355
01902
01903
01652
01858
10439
10440
10441
00648
00077
00123
00335
02379
03718
07032
02063
02064
06941
01963
02624
02051
02049
01222
00681
00036
00033
00457
00014
00525
07738
01356
03722
00836
03665
01778
00791
07080
10008
10005
10007
03565
03553
03724
05522
04047
03743
00995
03466
02003
04756
07175
12511
12510
02283
02282
02279
03088
00874
01596
11068
07101
01494
02020
02018
02017
02019
11779
00432
06223
03284
00567
01126
03702
05791
07300
03786
03701
00847
03703
06958
09762
00134
00927
01803
03075
01810
01857
02078
01761
00375
03088
01756
02003
01935
00833
01012
01430
01429
01428
03188
03189
03190
00655
00819
01972
00134
01206
00700
02026
02025
12308
01224
06199
06199
06153
11738
01744
01425
07258
03628
01060
02493
00219
05879
05878
00111
01714
01091
02342
07119
07148
01738
02529
00010
12574
01714
03465
00215
00962
02956
11753
03177
02834
09764
02519
07742
02600
09748
01881
06976
00099
01811
12308
09122
06888
03624
01754
07304
02003
01745
03524
06287
00981
02838
09903
02357
02967
02405
04096
07391
07460
03100
03100
03100
03100
02884
00554
02860
06960
02959
01881
03106
00990
04751
07654
01488
03088
01489
07335
01654
11250
01848
03088
12373
00241
00242
00239
00240
01940
07023
00772
11105
00963
03750
03637
03790
01142
02007
02008
02006
03466
04751
03320
03595
01481
05350
01649
01714
08641
03584
00806
03711
09816
09817
09815
01880
01006
01673
00363
01714
02025
02026
09702
10674
06720
00836
06718
00817
03795
07238
02224
02232
02227
03306
01628
06889
10441
10440
10439
01489
07098
00823
00135
02025
02026
01586
00481
04043
03687
05516
03695
03672
00384
02025
00626
01028
01029
01907
05337
01724
04063
03090
00156
05520
03781
00615
03885
03790
01297
03320
03110
03529
01512
10563
03685
07040
00954
03655
04079
07030
02902
00946
01921
00057
03530
01704
01703
07025
01885
07131
07098
07258
07058
01867
00600
00024
01491
00602
11175
01902
01903
01849
07321
03088
07093
01874
01876
07002
07056
03424
02528
00919
00849
00598
00507
01595
01056
02897
00948
13572
05350
09932
00274
07238
00059
02433
09807
03088
07090
07090
00216
03809
00031
06871
09763
07090
04047
01714
01007
01438
09780
06988
00052
02035
00003
01206
09955
03088
09931
03088
11177
13483
02026
02025
10439
00134
02003
00059
02034
02033
02035
01750
01586
01697
03327
10553
10552
00847
02291
03088
06443
05836
01684
01625
00874
00817
00161
00162
00627
00074
02616
07107
01576
02433
02033
01790
01845
06889
07071
03381
03823
00384
03671
03499
03499
07667
07646
07025
07089
02911
03088
00133
00928
06187
09747
01939
10843
03704
06901
01975
00831
02026
02025
02003
00705
01256
00133
03088
01256
04564
03523
01808
05522
03545
01358
01358
03544
02337
07157
00013
00817
01693
02501
02500
01496
01657
01609
01696
01695
01644
00265
00266
00059
00626
07090
05350
05349
05349
05350
11177
07402
01912
02609
02610
02611
02612
02613
03648
00528
06996
01126
01620
03521
03522
02003
02518
07302
07303
00324
00325
06994
13483
11178
11177
00274
11159
00452
01666
04073
01556
01520
01092
01772
06996
00857
02469
02470
03086
03654
03470
00558
04487
06942
00886
03527
03601
03602
02446
01676
01679
01556
00453
01624
00762
00797
06994
07653
03695
03686
03687
04043
00275
01647
01433
00121
00275
01873
00382
03783
01619
07001
07058
03704
07259
03453
06994
06996
03088
03088
03478
02624
03823
00882
02768
02769
02770
03282
00675
02340
02968
03596
03705
03686
09761
00784
01706
01707
06217
07042
01057
00036
00616
00615
02259
00662
09014
09015
05710
09013
11717
04488
01714
07058
07004
10229
01707
02478
07009
01462
00135
09959
07131
00973
01710
00064
03534
02006
02008
02007
13771
06988
04781
00612
06282
06281
00819
01662
06045
02291
00096
01823
06959
06726
10440
02529
01281
01782
00626
05349
01439
07693
07778
01278
02035
02033
02032
02033
02035
02034
06207
00239
00240
01733
01883
01893
02341
00943
03168
06877
07653
07669
03711
06980
07560
01834
02039
07776
07736
00991
02529
02011
02012
03466
06726
00852
10439
03581
01647
06994
00658
00382
01255
02233
00768
02231
03969
03517
00856
02275
02274
02276
03889
03890
03891
00766
03333
00845
03928
00655
00793
00794
01523
00765
07113
06902
01126
12583
07160
03556
06987
01744
00981
03088
04651
04652
04656
04653
04654
04655
00940
03569
03570
05515
05837
02888
02899
03979
00931
00147
00969
09710
01869
02237
01256
09807
00873
01996
01995
01998
01997
01999
02335
03579
02945
00859
04762
00375
00266
09955
06153
02358
07161
06929
08296
03547
03546
02529
00845
01624
03919
09984
01738
07140
05792
01776
03820
08714
00481
02529
07025
09992
01652
00064
02026
02025
09771
00463
09136
00375
01118
01666
04073
05713
05873
00558
07458
00626
07001
01448
07693
00121
00059
07164
01625
09861
03088
02520
02916
02887
03437
01889
01890
00074
00145
00620
00930
03402
03734
01755
08167
00655
01126
02071
02072
02073
00595
01358
01358
06996
03469
05596
06895
01885
01710
02204
03090
02564
01207
03710
00525
00526
01462
07131
03088
07020
00800
06949
03090
07727
01195
02026
02025
05982
01482
03921
00449
00448
01857
01114
03496
01061
06996
01847
01847
07588
01673
02616
00611
01478
00066
01953
00978
00491
03926
00573
02283
07321
01673
01895
03313
10773
09117
03823
01770
01883
03218
00917
01443
00845
00697
01733
03704
04077
07106
06201
03335
03338
03337
03336
00140
03111
07107
06886
01222
01626
03594
01151
03149
03154
03153
00788
03924
01673
03438
03587
01928
01929
01000
01925
03588
02563
03589
03531
05810
06997
09772
02221
01870
03101
06180
01907
08483
08999
02346
00281
00046
07025
00059
02035
03648
03810
03820
05795
06377
01817
05846
05846
05845
02034
02033
02035
01738
13483
11178
00951
02078
01785
10547
10548
10546
07119
06203
08167
00252
01061
03088
00451
03300
02025
02026
07058
01750
09456
00390
00860
00957
02051
02049
02050
02342
00626
07503
00074
02114
02112
02115
02111
02113
02109
02110
02108
00600
01104
02493
02835
02909
03628
00872
01733
09118
07177
03635
01687
04485
07067
03575
03696
00619
03525
00767
00278
01918
00333
09167
08981
00796
01633
00950
01495
03798
01494
03217
02566
03933
02025
02026
12308
05350
07552
07243
07224
01265
06988
00606
01950
02302
09981
01665
00826
02025
02026
01868
02355
00995
08256
06215
08681
01159
03550
03551
03210
03072
03074
00759
03768
06048
01586
03455
00963
05916
00639
00060
00261
00067
07043
03657
03426
03657
05595
07053
03284
03593
03117
03088
01246
00796
06966
00760
04075
07259
01507
03975
02963
02909
02913
02902
02954
02003
02335
00012
05873
03439
03885
02040
02037
02038
02036
03306
07220
00937
08884
13288
00820
12373
01640
10805
01480
01652
01207
01915
00982
01915
01915
03644
03801
07071
00163
01892
07478
02986
01872
07447
07082
00014
01736
00891
01735
02356
03625
02825
00609
01465
01956
01955
01591
00942
03060
13038
00789
04066
00604
03500
06994
01783
00088
03294
03710
00466
02032
02033
02035
06889
07396
02529
09164
00641
01740
10234
10232
01206
06200
02342
03639
01866
03568
00059
00208
03449
08296
07568
06910
06377
00854
01805
10805
11103
02342
01999
03088
00845
00010
01477
01638
07401
07107
00365
07127
01816
01608
01895
03284
02033
02035
02034
00605
02437
00600
01752
06907
06903
06988
01409
03789
06925
01775
00820
00997
00867
03431
02996
02871
06173
02879
03040
02948
02952
02919
02518
01265
00939
03076
02876
02907
02988
02881
02933
00003
01586
01887
00174
00175
05786
01555
03710
02051
02050
02049
03654
00343
00342
00341
00340
00339
00338
00337
00336
00335
00334
00333
00332
00331
00330
01126
03710
03466
08884
08884
02836
09812
09811
03797
03664
01811
02575
01719
03088
00027
03530
00790
07735
12373
05349
09458
02078
00648
00645
06911
00163
05795
05795
09799
00077
00389
07077
00127
03299
00851
09858
03284
08963
08964
09880
08967
00899
00111
00864
06044
01236
12308
07305
01924
03427
01154
01153
07043
10979
03183
02654
03704
00657
03186
03179
03182
07399
06196
00761
09705
02343
01945
01923
01952
01952
01952
07341
00457
09607
08281
00763
06891
06904
02440
00548
02035
02035
07465
07442
05337
13527
03433
03432
03116
03118
03727
09967
09967
07010
01915
01673
07093
09930
00231
01599
03684
02026
02025
01192
03294
01662
01681
00790
01338
00164
00027
02025
02026
01845
07653
07669
00299
04566
01887
01698
13542
01749
02492
01926
03088
04768
01867
00286
00764
01933
03578
09136
00989
03564
04078
02994
02954
02931
02895
02874
02961
02904
02878
02982
02890
02965
02886
02892
02926
02906
02946
02469
02470
03629
00033
02338
02313
02914
08998
03217
06346
03501
03496
03497
03671
00384
03088
03980
01858
02990
03111
02963
02939
02314
03305
01589
01588
00648
00175
06994
09136
00648
06871
03569
03652
03652
02015
02015
02013
06442
00858
03631
01937
00259
03496
05896
06024
06178
06208
00945
00655
03977
01996
02274
02529
00692
06996
03336
02026
02025
06901
03518
09793
06949
00688
00700
03671
11103
02025
02026
00925
00873
05838
01848
07588
02358
02355
02992
02950
03046
03043
02935
02864
02863
02867
02601
03073
01488
00075
02913
09767
03294
03799
00343
00342
00341
00340
00339
00338
00337
00331
00330
01104
08972
03147
00817
00425
00426
07559
01875
07152
01262
00012
12234
11212
09791
01809
01251
03924
08963
07670
07654
09927
03070
05520
03404
03892
09145
14162
04092
01934
01485
01181
01997
01998
01011
01011
05712
14234
14230
08325
01768
14229
14232
14232
14232
02027
02027
02027
02027
02027
02027
02027
02027
05847
02027
02027
02027
02027
02027
02027
02027
14220
14220
01434
02035
03811
08884
01434
07045
14232
02027
02027
00372
00135
02013
05989
14223
07407
07407
02029
07045
04110
14335
06893
14233
06945
02029
02029
02053
02010
02053
02029
02029
01739
02052
02476
07979
14347
07045
01190
07407
01179
14680
14338
00128
09461
01996
05989
03534
14337
12437
11072
02004
05343
01485
00758
02028
05708
06867
02029
01179
01179
01179
10676
03457
01934
02030
14340
03466
03897
03897
03466
02058
02056
02056
01190
00433
14267
10241
01181
14237
14237
07642
01176
14223
01992
14218
14218
05989
14227
14228
14228
09935
14231
14225
06147
10241
02058
02057
02057
00303
04517
00666
14226
00130
02056
14236
14233
06148
01990
02483
02483
00064
08676
00508
01814
01817
01992
06921
14136
14393
00965
00823
03088
06994
07693
10544
06886
02016
02035
08224
02027
14237
14237
14237
00674
01181
01181
10241
01181
01181
14670
14671
14672
14673
10117
10118
10119
01802
13993
02057
06945
02029
07116
14447
00721
14233
14166
14166
03307
01990
01980
01980
01980
01980
01980
01980
07483
01985
01985
01985
01985
01985
01985
00666
00130
14235
14235
14223
14234
14234
14228
14233
14221
14221
14228
14222
14228
14227
14237
14228
00547
01840
09472
01286
02483
11070
01515
00970
08995
06147
14260
10242
10242
10242
01183
02001
01426
02804
06147
13063
00768
01187
00666
01777
10676
01190
00130
03293
00249
00065
02554
06147
02483
02484
02030
02028
01497
01897
02058
10200
00130
00518
04749
05364
01497
00966
02028
02030
02030
01259
00128
02055
02054
00344
02058
01617
00666
07675
01966
01524
01524
07222
10823
07768
00038
03088
01621
10531
06610
01081
03457
05364
00537
06015
00505
06147
00721
14224
14224
14224
00001
01051
00104
00249
14230
14230
14230
14230
14230
01784
05794
01784
01250
01784
03719
05712
03719
05712
05794
04750
14219
01083
10240
00657
02003
10240
10240
02351
07245
01728
02803
00042
00666
14166
02057
01990
05712
01092
14229
14229
14229
06893
08295
13641
14219
14219
07284
07284
02034
12574
00074
01187
14218
00128
14222
14222
14235
01183
01426
00505
06148
06147
02056
02030
06133
00121
01802
02484
07068
06147
03111
01977
01977
01977
01977
01977
01977
07192
01607
03457
00290
13787
17241
17242
14727
14941
14225
14519
14667
14668
06919
05555
11782
14645
14949
16014
06177
03090
03090
03090
03088
03086
14652
03297
15269
11939
08316
01179
01941
01457
07496
00273
14669
10201
15067
15034
15372
15645
15509
03929
03929
03093
02032
15733
05602
15521
15526
15555
15629
02031
02031
15738
15371
01692
12510
01692
01692
01692
04093
11741
10187
15520
00459
15525
00271
14415
15771
00392
15866
15866
04093
01198
15924
15977
15977
15987
15981
18334
00594
03605
11391
01198
05606
04343
16147
16146
16147
16148
07001
07483
07483
07171
16163
16164
18958
18955
10716
05898
10716
18955
01992
01992
01992
01992
01992
01992
01992
01992
01992
16301
16218
01218
01218
03294
16217
01684
02052
02062
16329
11735
16235
01796
16232
16047
16264
09693
03893
16653
10112
10242
10241
15770
15772
10119
10118
10202
02484
02484
10543
10544
10439
10554
16652
10560
16648
02851
10119
10117
10545
10561
10559
10562
04757
10118
10117
02030
16937
15923
02035
02033
16840
16203
13327
01190
11991
16881
16937
01897
12240
16937
02028
02028
17318
17319
16841
01990
01992
10439
10440
10441
01218
15582
15581
17330
00360
07778
07778
01992
01992
01990
01990
15583
02028
17331
17329
17243
21284
17103
17329
17330
10439
17331
17320
03574
16922
01990
01992
00360
15580
15553
01990
01990
01990
01990
01990
01990
01990
01990
01990
01990
01990
01990
01990
01990
15554
10117
17326
17327
17328
17641
17640
03671
10118
10119
02529
17686
17836
04757
17763
17835
10027
01267
17829
17752
17762
00254
17947
18195
18220
17947
06148
04343
17880
07258
18058
18232
18233
18235
00138
21688
18287
07046
18353
18285
18286
01488
18369
18369
18455
18545
03574
18547
18553
18554
18554
18579
09809
18688
18687
10531
18662
18334
18334
18334
16435
02493
01971
06147
18910
09692
01214
21687
21687
09693
18917
18955
18912
18955
18928
10747
06147
01971
18929
09692
18911
18981
03741
03976
01436
01820
03526
03526
07448
16238
07452
16028
07452
19190
16024
19221
00798
00571
00571
22468
16026
16025
16027
16035
00135
19147
02802
19265
01990
01990
01990
01992
01416
19302
12952
19302
19267
19267
19270
19302
19302
01039
03929
11410
08676
16218
22322
20261
19640
19577
19577
19577
08744
22025
07315
19707
01179
19710
19668
19668
19702
01051
01728
15777
01431
01431
05996
19978
14731
12132
09796
20023
12132
12132
12132
12132
20074
12132
12132
07008
20420
20484
20483
06994
06994
06994
20628
20628
01179
22553
22553
01214
22553
01214
20814
20844
21104
21071
21071
21071
21140
00821
21147
14251
21214
22468
03636
21148
03636
03636
21251
21397
21397
21471
21481
08640
21480
21471
21471
03741
21401
21514
21600
01777
21685
10914
21744
21815
21886
21929
21929
21887
21949
22033
00936
22010
22044
22027
14274
14274
22108
22107
00467
22186
03892
22278
14441
17758
17759
22278
22270
22316
22297
22303
22297
02257
22311
22303
22306
01551
00728
00728
22463
08300
08301
07566
22491
22539