01912
01897
01118
03574
01502
07100
00799
00128
05515
01548
03575
22348
09844
00121
00602
07444
03602
02469
02469
02470
06180
10773
00799
01028
01883
00166
03385
02863
02992
00375
03629
04568
05349
03783
01589
00954
03500
05786
02520
03789
07568
01955
01878
04561
03686
03649
01546
04066
00111
01547
03648
00303
01652
07646
07667
00162
00113
00111
03497
02825
01652
01653
00609
03572
01029
03652
07456
05366
03111
00756
00426
05837
02867
06864
03043
02935
02864
01624
05788
07071
04561
02913
01596
05367
00833
01657
03550
02379
01802
00166
00575
02189
00167
08884
10563
03469
11918
00340
01596
01596
04084
01963
01697
00567
09930
07042
03601
03110
03969
03284
02493
02909
03168
01585
01673
03169
00425
01703
02004
01652
05350
05350
05350
01696
07140
02361
06346
03217
03536
02914
06888
00574
00928
00852
05879
05878
07019
01626
02884
00057
03100
00639
03798
03215
00566
00836
01876
03924
09779
06940
02066
03522
03521
00278
09858
02355
02836
09808
02913
08884
01733
02459
02456
02456
02454
02452
04079
02356
07240
00720
02197
00928
05813
07259
02887
02916
01775
09903
08301
03625
06175
08296
01495
11070
11069
03635
03408
03408
08884
01409
02492
01749
00014
01704
03977
00525
00265
07089
00525
02837
10439
10441
10440
03496
09458
00648
09458
06076
00648
05592
01892
00648
09458
02341
00526
01912
03665
02238
09812
02160
03624
08591
00648
01724
03216
07736
02557
02342
00673
00014
03100
03798
02405
02192
00077
02050
02049
01752
04070
00826
03549
01647
01647
03529
00788
01912
03979
01858
03408
05570
05569
05568
05567
05566
02051
04083
04564
04040
01811
02227
00937
02950
02355
02946
02926
02892
02886
01755
01823
00982
09786
01556
00974
04069
03565
02232
02470
07391
03111
03439
09136
06207
07093
01579
01428
00943
06898
01620
08218
03579
02970
09703
06180
06180
02676
01489
00286
03089
00548
04078
04077
00797
00012
03724
00995
01814
01693
01462
03573
02335
02948
02945
00283
02888
02335
02340
02342
02338
22349
02313
03741
02188
02575
06140
07588
02965
00088
09924
03089
01735
03657
01338
07085
07000
08884
00088
00537
03594
00773
03925
03438
01928
01000
01925
03588
01924
03589
03590
03531
09862
03584
01772
06202
09930
04043
03687
01698
06969
03820
00616
05810
05366
01480
00655
00537
03975
02231
05936
07504
09136
06042
03702
07447
02343
02337
08884
03734
00806
03701
00767
01255
07161
08884
04656
01998
03723
00575
09121
06188
02906
02427
00252
00322
02437
00605
03771
01923
01265
00995
00766
07722
06223
01247
02013
03088
01920
00950
06076
07152
02274
02276
00381
00343
00341
02618
08884
03642
02033
02653
00573
01953
00428
02049
10544
10545
03088
07390
02553
04047
07261
02899
03676
03628
01940
08972
03559
03832
03634
03306
07220
09933
07303
07302
09458
03832
01465
02667
00948
00574
03190
03188
07147
08976
00383
06911
00809
02200
02839
00036
06980
00263
06200
01951
00928
07323
02902
00554
02860
06960
02959
03924
02528
02316
03086
06910
07322
06995
10440
10441
08884
02687
07032
01804
10439
10440
07001
02050
02051
03427
07734
09927
07178
02879
00275
01975
01283
00507
01745
02435
02433
03177
06959
01468
02032
02031
02034
02033
02035
00261
06176
05592
01661
00600
03724
01689
09125
00548
01586
00382
01712
01151
00340
00339
03609
06942
01803
00927
00134
03671
01999
06442
02016
03100
00931
04773
00432
06911
04094
04096
06142
02967
02357
06199
02065
00990
03545
03544
01338
02806
06890
03665
09763
01805
01641
01464
00140
01669
02557
03088
01953
03327
02014
00075
00389
01633
00528
01915
03551
03775
02003
02945
03593
00507
02996
02871
00820
05820
01462
01929
01869
07337
09859
07238
00648
00615
03466
01006
02035
01848
07102
02986
02952
02919
02518
00939
02876
02907
02881
02933
02994
02954
02931
02895
02874
02904
02878
02982
02890
06217
00989
06173
02529
07576
01007
07560
00097
03568
01719
05801
03797
03116
02051
02049
02050
06911
01007
09807
00847
01937
01875
00052
00259
01778
09888
01935
03695
02198
01649
00800
00945
08884
05844
00768
02233
03610
01995
01918
10027
00575
06024
05516
04653
01586
01265
00033
04654
04655
03564
01433
01866
09781
03924
03408
03407
03411
06187
09747
03525
02015
03088
03320
02048
00874
00041
01685
07386
01126
05375
03499
02452
03313
01887
04773
01638
01637
05845
05846
09761
02687
00975
03281
01872
02557
01873
03088
07032
00874
01706
00764
01640
07082
00845
01868
01057
00036
00655
01278
08884
09822
09136
04046
04759
07798
01142
00705
08884
01750
06044
01236
03750
03638
03570
00330
00331
00333
00336
00338
02434
00655
00375
02355
00849
00014
08994
01933
06196
03088
03153
03106
00681
02031
00640
07401
07152
02274
02276
03824
09800
09986
00873
00962
02956
01007
03639
03637
02194
00969
00013
03640
03562
03641
06949
00428
03474
08884
09773
07738
02078
00645
02911
07040
01953
08884
03596
07662
09913
06941
01968
03631
00135
00457
00451
00809
06153
07141
07402
01919
03924
04078
01893
07001
02078
03924
02259
02195
06142
07175
03654
07113
07152
02014
00216
03117
03118
03101
06877
05589
07588
07574
09967
09967
01953
07243
03576
00145
06287
01991
03088
03595
03553
08296
03564
03686
03587
08303
05592
02669
03924
06990
01754
01736
01776
00003
09958
00978
01709
01649
00451
00457
07127
03518
07250
00507
03088
00627
08963
07004
00886
06447
02548
01996
02600
06178
03592
10979
03413
03413
03781
03885
11089
03608
01673
03601
03602
02275
02275
00362
00362
00619
01679
00266
00363
00362
01889
01962
00161
03040
10773
10773
01902
01703
01588
01883
01903
03786
02346
00794
00793
00958
00282
03046
03581
01956
02336
03724
00867
09696
09697
08884
01807
01849
03060
03841
08884
00627
03704
02283
09822
07164
03701
06204
01974
01236
01783
06971
02078
01620
03305
03632
03633
00575
02049
02050
03430
03671
01738
08483
02806
05808
07261
02665
07261
06169
03517
00428
02016
07054
03499
02035
03924
01738
02045
03320
01867
03703
00783
09710
00147
01951
03976
03585
02669
01356
02065
07462
03074
03072
03210
03737
08884
00700
03088
03566
01414
03282
01114
01512
02523
03183
02551
00800
08884
01686
09181
06999
03578
07095
03797
02654
00864
00796
02558
00384
04043
01507
00791
03089
07056
00330
00331
00332
00333
09136
09136
02445
07390
00759
06885
02669
01687
07403
00975
00133
07303
07302
03088
01256
02003
06076
00077
07058
01262
02968
05580
01714
03799
01945
01493
01462
06204
04043
02835
01613
07112
07112
03664
09807
00946
02204
03809
00681
01256
03671
06213
03408
07020
06911
03088
00865
01989
03672
01810
00164
01611
02003
07140
09122
08884
01921
01885
00873
07220
03306
00688
06891
03694
06195
00831
01480
09919
06894
02003
00817
03567
07507
01921
07107
00760
07478
06997
00765
00790
11069
01480
01845
05560
05561
05562
05563
03701
01912
04764
06213
01737
01599
01870
00788
03149
03684
01012
03147
06929
00500
03154
07019
04712
03088
00363
07277
01972
00294
00948
02897
02990
02963
02939
00847
02314
07566
07180
08884
04761
03387
07006
03088
00453
07226
00869
01597
00938
00817
00341
00339
00335
00334
06180
03630
03924
09989
01595
01520
00655
09930
01939
02502
00817
01912
00930
01295
06969
07152
02046
02047
00428
00372
06903
00156
01439
07109
02291
02433
03576
02358
02913
03073
02601
11071
03750
08987
02452
07282
00803
01575
03752
01841
00789
00640
04488
04082
04044
04047
00616
00574
03088
03790
00606
03798
02557
04760
06048
05807
03442
06950
01673
00640
01738
11085
02078
00858
01647
01756
00390
07119
02066
06925
01997
03442
00661
01358
01358
01759
03088
01056
01874
02452
01483
03744
06872
04773
01874
00567
03543
00029
06958
03767
03316
07090
00971
00344
07090
00299
00812
02838
02666
02662
02405
00806
00981
00261
10439
03101
07002
07305
05816
09136
09136
06966
07657
07657
07657
02017
00658
02457
02529
00365
01466
01091
01911
01990
01091
02462
00703
00703
00491
07074
01480
01259
12141
12140
08309
02461
12266
01695
02115
06180
07112
12308
00074
00647
00598
08964
11745
08309
01426
12267
01835
03733
00332
07031
09983
02050
02049
01921
01255
03271
03273
00942
00772
01881
01114
03980
03424
03804
03455
02065
01591
03218
03820
00859
00763
00053
01649
01649
00052
07735
09744
03088
01626
00027
00821
01894
02652
03189
00241
00240
03092
04567
02113
03412
03412
02501
03431
00684
02834
09764
02519
09748
07001
02051
02674
01448
01448
11065
01879
02552
03070
01159
02110
09811
01159
07110
03685
11175
02500
01681
02563
00762
01679
01676
03644
00342
00343
03075
00372
03705
03501
02108
03555
04075
01952
02006
02008
02007
00826
09800
09808
08169
08483
11183
02768
02114
04564
05896
04077
02078
00240
00241
00239
01652
07559
02018
02020
02111
02109
01681
00239
03569
01447
03076
02567
03407
03407
03407
03407
03407
01154
04041
02453
00479
10112
02026
09120
00963
02986
09800
02433
03787
10543
00860
02065
01283
07088
00615
06886
07568
06966
00826
09136
00033
09930
09929
02109
01338
00604
01619
02039
02036
02038
02037
02040
00940
00674
01439
01251
03770
03722
08884
01915
03885
00337
02372
00231
04763
07636
07636
07641
00631
02112
04651
00077
04565
02455
03636
08884
00030
01809
07006
05396
05396
01104
03711
04042
10026
00074
01625
01625
11072
06203
00016
03561
03561
05527
03426
00031
11896
11892
00803
00253
01061
11903
01992
05811
11749
01474
01897
07098
06883
08967
00262
07098
11927
11755
06907
04758
04751
05819
07124
05564
01439
09131
02961
00951
01297
13015
02024
01950
02483
02483
00274
09845
00694
11891
03496
01515
00059
01207
00059
00059
07124
11752
00612
06160
00059
07315
00059
06883
08967
01061
12454
12410
01061
01061
01560
07027
03711
03711
01497
07027
05934
04091
00666
05595
01201
01497
03574
06889
06889
13051
01991
02067
07001
00655
09702
02988
02460
03333
03379
08307
01473
01847
00626
11897
00626
07714
00082
11741
01081
00997
00568
11893
11903
11893
11907
11892
11891
11890
01092
11072
11905
11901
11902
11900
11901
11906
11903
00595
11895
04487
03524
01785
01785
11895
11904
11910
11717
01179
01179
11894
05946
03386
11896
01895
06168
04487
11900
01890
04755
00646
01053
00060
11753
07787
01784
03496
03496
03496
01874
11731
02237
07460
01114
01854
07098
02058
02056
02057
02057
02056
02057
11892
01322
01322
14048
00851
07025
07025
00853
12573
01784
00096
00185
03168
00054
08884
07051
07729
03321
02347
08995
01069
13288
01424
03316
01961
00799
07261
08884
00077
05343
13524
13542
15681
06287
10680
02503
00067
02503
13051
01079
00647
00647
03932
08884
05349
01886
02664
00854
12574
02517
12573
06158
00854
06969
07484
09974
01181
00243
03088
02005
01843
08995
03328
04127
15531
02005
01090
07114
00652
10441
03306
14058
13953
13963
07114
07114
07114
13811
13529
13924
03406
03406
00507
00030
06415
00797
02548
08884
07114
09804
02027
01990
01992
13503
00091
00128
01187
01198
03571
02224
00215
00611
03294
02363
01697
03657
01469
01782
01491
00077
00297
13789
02517
01491
13038
09880
01178
12339
00620
05350
00799
01791
00675
09702
00799
01235
09000
01488
01130
09935
12942
09065
00302
01515
01090
12132
00344
13979
00768
00799
00034
13993
01273
01273
08884
01273
13745
13652
08884
10974
01934
09700
01874
00024
09136
01991
03497
00412
09930
03665
08884
02066
02066
03088
07114
03559
03088
03657
01434
13993
01897
13888
02014
02004
11749
02004
02004
02004
02004
02004
03179
13950
07123
01338
11754
03793
14231
00844
13774
06409
08369
01470
13613
13614
02663
01738
13993
07277
08884
13639
13829
13292
08966
07516
14235
01843
09166
08998
01992
03801
00128
01046
07126
03309
14232
07052
05518
13963
03561
01784
01784
12137
03719
09127
01104
04750
05565
13628
02671
03088
02014
14225
14225
01784
02160
03088
01992
01990
00799
14229
08884
05847
03088
02027
14219
14230
14228
14233
14218
01992
13498
08281
08884
02004
03921
01916
04749
03088
13787
07114
06937
00058
02200
03559
00058
03605
11189
13775
13924
00058
06915
07335
03088
00640
03664
03394
03932
03088
01759
03564
00632
01224
00112
01181
13963
03892
07484
01434
07506
01174
01739
03088
02636
03657
08677
14161
03574
07117
00556
14221
06979
14219
14225
03077
14221
14224
02034
02013
14335
14232
14227
14227
14233
01739
14236
14287
00941
09461
14233
19551
03088
03088
03088
03088
03088
03088
07502
01392
01113
05559
15312
15311
14230
14228
01978
14225
14218
14220
14233
00459
00721
14228
07003
03088
03088
03088
03088
03088
03088
03088
03088
03088
03088
03088
03088
03088
03088
05687
01992
00249
01844
14234
14222
00632
01259
01198
06147
00799
01715
00337
08677
01090
01113
14237
14224
14223
14445
14441
14205
14415
14232
14232
14225
14218
14232
14223
14219
07491
09810
01992
01992
01768
14449
14220
14228
14232
14219
14228
14237
14234
00249
09990
01980
01980
01980
01980
01977
01977
01977
01977
14170
14165
00342
03978
06147
00799
02057
14448
07114
06113
01426
03413
03296
09810
00970
01075
05571
00249
01985
01985
01985
01985
01046
14219
01286
15034
01173
01768
02358
15653
01524
05606
14652
06015
14414
14226
07224
14230
00799
14218
14234
03564
00104
08191
00248
00273
00799
05889
01266
01537
03823
06147
06023
01990
01990
03406
14237
11070
11071
13292
01011
14229
06133
00185
03457
01840
00799
01436
01014
00104
01990
01178
07168
14162
00248
02003
07003
01487
02005
00799
03498
00799
02057
02057
02056
02058
01178
02650
09005
02057
02057
02056
02058
07171
16329
01524
13877
14540
06919
00184
01120
15011
15726
03086
03086
03086
03088
03088
03088
03088
03088
03088
03088
03088
03088
03088
03088
03088
03088
03088
03088
03088
03088
03088
03088
03088
03088
03088
03088
03088
03088
03088
03088
03088
03088
03088
03088
03088
03088
03088
03088
14228
14228
15512
15012
15513
01941
12454
15011
15313
15372
15257
15578
15579
04765
02405
02405
15342
02277
15546
15726
15727
01252
15554
15553
15555
15633
03929
15555
15746
15738
14415
14415
01082
15633
15582
15337
15329
02428
03560
15727
15725
15577
15469
15581
10187
15576
15342
07130
12073
14415
15778
15876
07012
15977
15987
15987
16171
15977
15987
19580
16055
16422
16091
16089
03301
07484
07484
07484
07484
07484
07484
07484
19416
16044
15772
16052
16055
03321
01218
11645
16264
15555
03699
00850
07317
01992
05349
16171
15580
13283
11960
11961
02031
11991
10440
10237
10236
10238
02067
02067
15554
15553
02025
05814
10440
05815
10823
10441
11959
11962
11963
02851
15554
01801
02009
02226
09808
00184
00184
00185
03413
10439
01992
17103
17103
17108
10439
10439
01990
11209
14980
17247
02568
17285
14219
01990
01990
01990
01990
01990
15553
15554
07012
05601
10112
17686
03672
15770
15771
17686
17675
17723
17763
17752
17752
03574
17758
17759
17763
01267
08678
17752
17763
17763
17762
17763
04757
14219
00799
00210
00588
17762
13292
00254
14259
09022
17947
15553
18013
18148
01897
07263
17763
15531
18011
18012
03742
11904
11904
18475
18475
19076
00702
01971
11529
06147
18846
10747
06147
16149
19142
07452
19176
19131
02626
09951
07061
19141
09951
19221
00798
19090
19132
08678
00571
19075
19126
07451
19147
19302
19267
19355
11209
19640
01179
19668
19710
00799
20534
06131
15777
00547
00297
01431
17722
12132
14731
08884
08884
01090
20628
20074
12132
12132
12132
12132
12132
20074
20074
20074
12132
12132
12132
12132
12132
12132
12132
12132
12132
12132
20074
20074
20497
18890
18889
20628
01179
01179
01179
01932
01214
01214
16554
20940
21071
21029
20942
21029
03636
21420
14379
21929
21949
21929
21929
22027
22044
22027
22116
05275
05275
22186
01338
01338
22303
22303
02257
01563
22396
11206
00590
22478
22445
22491
07232