16014
22213
11783
11784
22349
06941
18569
01006
01652
00123
00124
16264
01809
17329
01791
15770
01590
06978
01644
01644
07095
11177
00262
09136
11178
13483
01999
03282
02078
02529
10441
06726
00563
01491
09964
00019
05515
04127
01295
07118
07407
02913
02909
07118
03088
01265
03088
09122
09458
17829
10242
22278
22278
02026
18230
02031
02034
02035
13953
03316
01692
00059
00626
01692
00852
07052
09251
03918
05337
06910
01259
14340
00055
09733
07258
12955
01233
19302
15582
10823
18563
18564
18565
01992
02902
02291
03297
16301
11741
01966
15907
12510
01897
06889
03929
01826
02025
03929
01181
02004
02025
03891
06281
06282
04652
01826
01426
04655
01580
05759
02433
07077
06902
11741
00459
00459
10187
03782
07001
11939
06978
03088
07406
01624
03704
03088
04651
02003
03704
04654
04653
04656
07090
06048
01581
01207
09136
05548
04079
00074
10680
00156
01887
02003
05979
03101
03466
03151
02003
01940
13483
11178
11177
07402
03688
07002
06443
09879
02291
07507
01713
01840
00271
01840
00392
02013
02015
02016
00648
00658
02616
10805
08295
09461
01881
03088
02575
00363
01704
01703
00375
03088
01912
09969
00133
00928
05936
02188
05895
06042
02229
02230
02034
03088
00370
00371
00373
15977
09780
07074
03088
03931
07124
00134
01714
15733
09384
09958
02078
09707
01434
04564
01425
01579
01574
00252
01061
02053
13979
01207
03119
01114
00847
03523
07107
01935
01012
09458
02078
03823
00362
00372
02029
01733
03671
05878
05879
07090
00675
07090
11065
00481
01868
00645
06137
02529
00031
15977
00060
02954
02902
13993
07396
01804
00648
02013
02015
02015
02016
13745
03897
09458
02078
08223
03088
03100
07023
01574
00074
01749
01644
08256
09684
06976
09764
03177
12373
01782
13787
02049
02050
02051
11189
06147
01011
01092
03499
03499
00547
07114
01478
10200
03294
07653
01962
01963
00276
00241
00059
01281
01796
00626
02004
07586
13573
03727
04091
03768
01561
08167
00595
00088
03294
01523
00721
01104
16146
01785
00059
02274
06988
10563
01176
07669
07009
02351
07245
00652
00851
03299
06910
04517
01515
00854
07258
14733
00059
02342
00059
06889
06889
07004
00674
04488
00616
02274
01119
03316
03649
01934
00845
13668
06013
03891
03890
03889
00153
02342
02050
02049
02051
03294
11159
00567
07654
00666
05350
00365
13641
01466
00010
00010
02056
00508
14727
07343
14338
03090
13787
06045
00819
01104
03743
05522
03718
09684
05712
00135
01692
04477
01724
05712
15526
00548
02035
02033
02035
07442
05337
13527
13570
13571
03810
00059
01278
03298
08483
01907
01469
00626
01692
04093
00845
06147
00121
14162
08167
06910
03404
09762
05794
00567
01496
01814
01817
03153
02274
00856
00059
00121
06147
00626
00854
02025
09815
03711
01222
01488
00784
08676
02238
13787
00595
07305
03518
00845
01297
01230
01692
01965
01823
10234
02428
01934
06988
01724
05337
00121
07048
10843
13671
06201
07776
07768
15521
03325
03711
01011
07669
07653
15520
05522
00059
00852
01480
11263
02566
03307
02428
07177
12373
00027
05568
10232
07654
07670
11212
12234
06994
00626
02004
09009
00598
01784
03307
08676
01664
11105
00772
01515
06147
02067
02067
02067
02067
11779
03709
08178
13693
00845
00917
06196
00059
00626
02025
01222
14949
00567
03325
01885
10233
03090
03090
00666
08372
01262
04518
12503
03386
00033
06346
00970
08372
03593
05595
03635
07177
09118
05602
00772
06945
13640
01104
09137
01848
01784
00721
02025
00700
06147
06147
01784
02342
00058
00294
14048
01727
06945
07131
06945
07131
01885
01507
06196
00939
00867
00088
00088
03333
04093
06877
00819
07258
02056
01489
00758
01488
07654
01619
03783
11263
07304
01596
03299
01679
02446
02035
02033
02035
01278
15525
01439
02035
02033
03307
03090
03316
00027
00772
07503
00626
07588
02433
14941
07067
00619
00805
01488
01409
00241
01848
07030
10563
01426
15329
01897
05337
00666
01515
06988
01692
02052
02055
15981
01191
00626
01719
00274
01607
01104
14340
02025
07131
11071
11069
11072
00059
00219
00639
00274
07034
00853
10439
10440
01424
03929
07729
00232
13540
00845
02033
02035
06201
00374
01409
01387
00059
09705
01916
00055
06147
02025
03294
01489
03299
00058
01092
06889
19580
00594
04567
07010
01915
06188
02520
02916
02887
03437
01889
01890
00074
01738
00134
00145
00620
00930
00942
03060
13038
00789
04066
01462
00604
03500
03402
03734
01755
00655
02071
02072
02073
00768
02302
00826
01783
03799
00466
11752
00793
03811
14652
00794
00765
03820
07113
01126
01142
04567
05520
00382
03594
02013
11939
10979
02078
00375
01799
01857
10680
13950
00645
03449
03284
00612
03271
00111
00864
02440
03433
03432
02040
02037
02038
02036
03306
07220
00768
02233
01255
15371
03070
09927
00012
01273
01588
01589
03305
05982
03723
01595
01056
02897
00948
04042
06975
03790
03637
03750
00963
01434
01265
07552
05520
07006
09799
05795
05795
00163
06911
00645
00648
02078
09458
06996
15866
01129
07507
06871
01975
06901
03704
01091
07106
04077
03704
03686
03705
03596
02968
15034
05795
03569
03218
01883
01770
00991
07736
02039
07560
06980
02529
00937
05837
05515
03570
03569
00940
11754
01873
03544
01358
01358
03545
01808
03523
06886
07107
13727
01647
03581
02493
02529
10805
01969
01640
00820
13288
04092
03453
00876
11081
11082
11083
11084
03710
04078
03564
03762
00989
06891
00763
08281
00457
07735
00790
03530
05567
05566
03664
03797
09811
09812
02836
08963
01251
09791
03710
01468
01712
01586
01697
02003
00574
03885
01524
01689
03710
00627
00162
00161
00849
00965
15738
00919
02528
03424
07056
05873
03282
15977
03885
03710
02990
02963
02939
03116
02065
02066
02066
03654
01810
08963
01358
01358
03704
03088
01433
00275
01647
00831
00762
01624
00453
01556
01939
15372
01945
01923
07693
07778
01952
01952
01952
00764
01933
01733
00697
01087
01443
01624
09165
03439
15736
03885
04768
00133
01714
01531
01887
04566
14415
01845
07399
01114
03182
03179
03186
03704
03466
03183
01256
01256
00705
00826
01912
13639
00573
01799
03671
00384
03823
02341
00943
02283
07321
01895
03313
10773
09117
00133
00928
06187
09747
02343
00761
01126
07152
14166
01875
01874
07243
01876
06911
09005
02654
07175
04756
03750
00627
00162
00161
00074
02609
02610
02611
02612
02613
01118
01808
00240
00239
02469
02470
03629
02338
02313
02914
03536
08998
03217
03501
03671
00384
03088
03980
01858
15866
03088
03117
03284
07053
07006
08972
03147
02358
00817
00425
00426
07044
03781
06949
00800
07020
06878
09880
08967
06871
00164
01338
01494
07101
04043
03687
03686
03695
14267
01887
01586
00003
01733
00872
03628
02909
02835
02493
00600
02108
02110
02109
02113
02111
02115
02112
02114
00074
03578
06199
06199
05838
00873
00925
13788
05343
00688
03088
01926
02492
01749
13542
01698
01953
07006
01752
00600
02437
00605
04487
00566
06966
00330
00331
00332
00333
00334
00053
00318
00052
00826
01428
10536
01649
08691
01644
00847
01867
00286
01687
01524
04485
00333
05846
05846
05847
00950
01633
00796
04567
01495
03798
00760
04075
03975
01953
14166
08982
08982
02878
02904
02961
02874
02895
02931
02954
02994
02933
02881
02988
02907
02876
03076
01265
02518
02952
02948
02986
03040
02879
06173
02871
02996
03431
00997
00820
01775
00111
01951
03657
01849
03168
15987
00024
02000
02001
02002
00600
01867
07058
00240
00239
01876
07335
02057
02057
08224
00876
00382
06287
03524
07454
01754
03624
11068
14260
06015
00874
02279
02282
02283
12510
12511
04761
02003
01676
09019
03602
03601
00886
03527
06942
06207
02034
07778
07693
06966
00796
01246
02034
02020
03657
03426
03657
07043
03088
01462
03710
01207
00140
00099
09748
02600
07742
02519
02834
11753
09858
04762
11939
14415
00620
02160
01961
01912
01207
03701
00240
00239
07241
06959
03470
03654
03086
02470
02469
06996
01772
04343
00820
03696
01251
05606
00997
02078
01586
00648
00997
01972
02435
02434
01653
01703
01704
03530
00057
01921
03696
03525
00767
00278
01918
00337
00338
00339
00340
00341
00342
00343
00175
00174
00330
00331
00332
00337
00338
00339
00340
03975
03116
01779
02913
00075
03073
02601
02867
02863
02864
02935
03043
03046
02950
02992
02355
02358
06925
03789
04078
04077
07124
01903
01902
11175
00602
01491
00242
03088
01745
03088
10240
01126
01953
01576
05520
01805
08641
00817
01652
00648
01304
07160
06048
03762
03781
02563
01555
01462
00655
03190
03189
03188
01428
01429
01430
01358
01012
00833
01935
07667
01919
00611
00790
01681
01662
03684
01599
00231
09930
02003
06916
01236
06044
00957
00860
00390
09456
07058
06949
13529
06901
07402
01895
03781
01608
07127
01638
01477
00874
01625
00432
03335
02057
03338
03337
03336
01142
06995
07238
00823
01464
00865
01613
14447
03790
00156
00812
07224
01114
14347
03116
02379
02291
01662
01284
00981
03466
02956
00962
00215
01714
03466
00995
04047
03724
03565
10007
10006
10005
10008
07080
06168
00791
01778
03665
00836
01356
07738
06153
03919
00615
00615
13639
01546
00341
00342
00343
03799
09767
03466
03710
00946
00941
03655
00954
07040
03685
01512
03529
03110
03320
04751
00990
06133
02946
02906
02926
02892
02886
02965
02890
02982
05879
01776
01738
00528
01706
03926
07023
07058
07282
03977
00655
00945
06178
06024
05896
00259
01937
06996
00156
02440
00864
00382
03449
00208
03568
03639
11921
01673
01725
01707
11717
09013
09015
09014
02259
01915
00615
00036
01057
02347
13771
05916
00859
02945
03579
00873
09807
03897
13745
00266
01695
01696
01609
02337
06180
03101
01870
02221
09772
06997
05810
03531
03589
02563
03588
01925
01000
01929
01928
03587
03438
03925
01673
03924
01756
03149
01151
03594
01626
03704
00655
03928
00766
02276
03088
01737
06920
15977
06048
07058
03696
07089
02624
03820
03648
07734
00275
00281
02346
01114
07140
05878
02529
01761
03522
03521
01620
01126
02029
03648
00782
01647
01647
10805
02503
09771
01821
07241
08717
00451
09164
02029
01547
01548
07646
01924
09793
03704
00074
07090
00800
00627
00162
00161
03106
03790
03798
01881
02959
06960
02860
00554
02884
03100
03100
03100
03100
07460
07391
04096
02405
02967
02357
09903
02838
00252
09959
03631
00858
06442
01866
03652
02013
07568
01079
08296
03969
01628
03306
02227
02232
02230
02224
03394
05936
13541
00817
06718
00836
06720
10674
03075
01803
00927
00134
06958
03703
03701
03702
01657
02500
02501
01693
00817
00013
07157
01421
00297
00788
03154
02275
04487
02231
03547
11434
01714
03466
10229
10228
10227
00573
03517
08999
00382
00658
07071
03801
03644
01915
00982
01915
01950
00606
03088
09861
01625
07164
07778
07693
01448
03762
02069
15977
13950
00648
03086
01880
09817
09816
00806
03584
01649
07042
02503
09761
02340
02237
01869
09710
00969
00147
00931
03979
02899
02888
06929
01586
01061
01868
02355
00995
06215
08681
01159
03550
03551
03210
03072
03074
00759
03118
02000
01892
07478
02986
01872
07447
07082
00014
01736
00891
01735
03786
02356
03625
02825
00609
01465
01956
01955
01591
13063
16146
16147
16137
16163
00130
00130
00130
18958
18955
14232
03284
14232
18955
14235
01992
01992
01992
01992
01992
01992
01992
01992
01992
01992
05845
02018
02017
03294
01834
01179
01179
01977
01977
01977
01977
01977
01977
15269
02536
09117
15035
02054
14224
05349
11735
04128
03605
16301
03893
10112
05350
16783
03457
15772
15771
10202
10201
01985
01985
01985
01985
01985
01985
12955
10241
00042
02484
02484
10543
07250
16784
10440
10439
16647
02851
10544
10545
04757
00518
00128
02030
14257
02031
02032
16203
16203
14232
01426
06016
02030
02030
02030
01485
00966
16785
16786
16787
02768
02769
02770
16881
01426
11991
16137
01897
03417
08316
11785
11782
16785
14223
16925
16927
16840
16786
16787
14237
14237
14227
14225
14225
14225
14225
14221
14221
14234
14234
14234
14230
14230
14230
14230
14219
14224
14224
14237
14237
14222
05556
01426
01980
01980
01980
01980
01980
01980
02028
17686
01978
02067
11070
01990
01992
01990
10441
14229
14233
15581
01992
14220
14220
14226
01992
01992
01992
14228
01990
01990
01990
01990
14219
01983
00096
15583
00951
00265
00951
17103
01897
01897
01897
17330
17331
03574
03574
02028
14219
02028
01990
01992
17285
00360
14234
15580
09692
14228
14233
17476
14237
03671
02027
01990
01990
01990
01990
01990
01990
01990
01990
01990
01990
01990
01990
02026
01739
17686
17836
14228
14218
14224
00588
17836
06921
01739
04757
14229
14229
14229
14219
17829
02026
02026
02026
02026
02026
07284
02027
17763
03767
06921
10027
07979
01267
00529
17829
01183
01183
00661
12424
07284
14237
14230
14218
14218
14218
14223
14219
14233
14233
14231
14236
14228
14225
00128
00128
00128
17829
00537
12574
12574
17752
01183
17762
02027
02027
02027
02027
01187
01187
02027
01187
02027
01187
14228
14228
00254
02031
02032
00956
17876
02433
18220
04342
02058
04126
18063
18062
07506
18009
06148
07045
04343
07045
07068
07068
09772
17624
02342
13787
12745
12744
03809
18058
01758
07222
07258
03719
03719
00104
03719
18058
12743
03605
18232
18233
18233
18235
00138
21687
21687
21688
11068
09122
09122
13787
02003
03088
02034
04091
03687
04043
06996
07284
03575
03575
00612
03641
03088
03569
03527
03710
03466
09747
07131
00700
09137
02004
07068
04093
13529
01966
05343
06958
01495
01011
07693
11735
03090
03564
02351
07245
00789
02003
04567
03704
08372
03639
03639
02351
05712
01626
22322
03761
18353
18285
18286
14340
09958
03688
02004
03696
00135
03088
00652
00059
02003
07058
03090
06945
02274
01507
01507
02291
04656
00852
00852
02470
06045
09458
07258
03090
02274
06996
03929
01644
01114
16881
05520
00963
03088
01489
00648
02954
02291
10680
10680
03929
02004
15973
07124
03088
14519
18481
18481
18481
18481
18455
18455
18472
16237
18545
03574
18572
18582
18583
00681
00681
02001
02002
08300
08301
18536
18539
18535
18547
18553
02116
18537
18538
18568
04749
18554
18554
18562
18566
04749
09809
18688
18687
18700
12429
02493
01777
01214
21687
21687
18917
15733
18955
13611
09693
01971
18955
18847
00632
03790
10747
06147
06147
18929
18928
09692
18911
18912
05881
18476
03496
03497
03496
03496
06218
05792
03496
03497
06218
05791
03111
03111
03111
07483
07483
07483
00336
00335
03741
03976
07483
07483
01436
02483
19055
18981
03526
03526
00148
08166
06893
00273
07448
01621
08166
08166
01167
08166
01167
19190
16039
16039
19221
00798
06893
06893
06893
06893
01710
01710
19147
00571
07452
22463
00135
19265
19268
01239
01066
03722
01990
01990
01990
01990
01990
01990
19302
00020
19302
01039
12952
01785
19267
19270
19270
19302
19302
01416
01846
11410
06867
02476
18547
07155
19640
19510
16444
19577
19577
19577
19577
19577
19577
19577
08744
19710
19668
07119
01431
01079
14731
13074
09796
12132
12132
12132
20074
20074
12132
12132
12132
07008
00507
21948
00525
00525
00526
20484
20484
20483
20483
06994
06994
01139
20628
00273
00273
01179
01214
02081
07100
01214
20814
20844
20940
21071
21071
01768
21071
21140
00821
21210
21147
07100
00558
18955
02316
06217
06904
07451
00558
02314
02335
07465
18955
02315
03465
03546
18955
18955
21214
21214
21281
02335
07005
01286
01286
01286
01286
07465
03553
06907
06903
00857
01520
21302
02032
05375
02031
05375
21378
03272
01802
03636
21148
02031
03636
00249
05375
02335
05710
05710
21211
07005
02483
02483
03293
21397
03651
07258
21471
21471
21471
05364
21471
05364
21471
05364
07258
21471
21480
21401
21471
21600
00344
00344
21514
21495
10026
21600
10914
21744
10914
21744
00344
00344
00648
17484
17484
21886
21929
21929
21887
21949
22003
03741
00936
22010
22044
01816
22130
05275
05275
05275
05275
09134
03595
01816
22108
22107
03892
03892
00467
01692
22213
03892
22278
03077
12436
12242
12436
14441
17758
17759
22297
22316
01585
22306
22297
02257
22320
22297
22311
01505
01551
00590
00728
22463
07566