09160
10563
01419
15581
09811
02426
02495
04087
04088
10773
04774
03592
03568
03218
09612
00684
01902
04752
09808
03785
01305
01756
07153
00566
00031
03610
03502
00884
03723
06904
07637
07660
03314
03603
00285
08308
03813
02013
02015
02016
11733
11746
02039
07480
01185
11734
09824
09903
06177
01525
00101
00796
03555
01962
07106
09158
09861
09023
09021
09020
09018
09017
09022
10709
10710
10711
09798
07480
07480
07480
07480
07480
07480
07480
07480
09920
09921
03767
03768
03769
03770
03773
05790
02851
03732
02849
02848
02850
00713
02847
02841
02843
03274
00639
00060
03676
00640
03216
01524
03656
00053
02521
01754
01687
02562
00009
02798
02799
02800
01042
03833
00138
07274
00880
03772
03671
03672
03674
03675
03673
09806
06202
02108
07346
03071
03611
03798
09016
09024
09019
09458
09862
07038
07038
02041
01414
01284
02913
02904
03608
00847
02970
02907
02963
01876
01881
00901
00573
06176
00991
01627
01937
00748
09015
01159
09013
09773
04078
01580
09794
09807
02440
10026
00859
00163
00627
06901
00783
01297
04082
05516
05801
00681
02173
01356
03503
03100
10537
10538
00782
03644
00867
09470
04772
03801
04771
02477
05997
09014
07340
04044
02914
03536
09916
09917
03149
03154
07337
09975
01749
01061
13895
02846
06190
03183
01270
09476
09475
09812
03981
04084
02199
03431
10038
10037
10036
09893
01008
00262
08320
05779
05777
01142
06447
05526
04064
02760
02761
02759
01222
03478
07283
01868
02520
02916
01889
06073
06074
08997
01626
01007
00313
08173
08323
08321
00598
08994
00041
01425
08159
05595
09894
09895
09901
09902
10012
10011
02113
09891
10016
10017
01870
09936
09937
09927
09925
02337
09888
03562
08300
03641
02424
10009
09960
09961
09972
09946
09748
03631
08309
10001
09892
09896
10002
10003
10010
09899
09897
10112
09900
02477
08092
00835
01176
03796
00854
01879
01580
00428
00528
02446
00864
02553
02548
03591
05499
04066
03764
01739
00656
04069
01438
00930
01755
04761
00322
01776
00075
02358
02601
02867
02863
02864
02935
03150
03147
07740
05982
05787
07803
07713
01945
03827
00651
01637
00548
03324
02815
02814
02813
02812
00068
07701
07703
07792
01676
08984
07406
01584
03755
03759
03760
07771
03762
06193
01194
05881
05879
05878
05880
06942
03321
00948
00919
02494
02835
02493
07300
06197
07232
07684
07673
02575
00370
00371
00373
00374
01433
07001
02485
00963
03746
06131
10716
03832
07275
06884
01696
01657
04750
02044
02042
07126
04018
04017
04016
04013
03385
01895
02115
07053
01681
08992
03113
04062
01147
00208
09473
00823
03974
03969
03970
03973
03971
03972
02025
02026
01838
06918
08990
03721
06889
06889
06889
03607
03797
08169
07480
02796
02795
02793
02794
01752
01665
07285
03684
07180
07274
00134
07305
08369
01424
04773
00800
00912
00763
07647
09923
01358
01698
00286
07636
09768
00773
00794
00939
01772
07644
00965
01647
01185
07404
03212
01465
03711
00384
01258
01271
01262
07262
07259
00606
01265
00981
03470
01185
01185
00108
07261
01961
01673
09131
09823
09771
03148
06891
07480
07483
07480
09251
09136
01247
10708
03979
01923
07480
07480
07480
07480
07480
07480
07480
01918
07480
07480
07480
07480
07480
07480
07480
07480
06917
03316
06901
03701
03788
02314
00344
05539
03327
00631
05775
02024
07559
00040
01686
07350
07349
07348
07347
07345
07358
07357
06915
07091
01255
03828
00609
00610
01531
03485
01226
04068
02558
03841
02057
02057
02056
01507
07278
07304
07109
01119
07322
07269
03757
03926
07791
01744
07113
03098
01467
00247
00246
00245
00244
04568
06949
06925
01448
03572
03666
03665
09456
00297
05995
01695
06178
06179
00648
03168
02478
02478
01497
09810
07251
01775
01056
02492
00857
03799
02112
02114
04775
04045
04077
06048
01354
07258
09747
03694
01118
03667
01897
08289
08970
00389
08591
02221
09781
10545
10111
09760
09774
10108
10540
04759
04758
09780
10541
10542
10543
09761
10556
10557
10558
09801
10539
09125
10110
10004
09933
09857
09858
09790
05520
06188
09765
09767
10109
09914
09915
09908
09471
09472
10857
00455
09909
09910
09911
08641
09913
03750
10762
09955
02852
09710
02853
02952
02948
01613
03733
10763
01096
01652
03655
00826
07391
02529
00852
06726
03549
02111
02110
02116
06205
03718
01914
02040
02037
02038
02036
03488
02755
02756
02757
01223
07214
08163
03836
01667
05851
09999
03650
03217
02313
02338
03629
02470
00883
08194
04080
04081
07085
03482
02749
02750
03307
01138
06871
08154
01653
07686
07675
07783
07784
06901
03445
03897
03895
03896
03894
07497
01811
03312
00556
01139
03060
00942
05501
03630
00954
01710
02472
03076
09906
09907
04844
09954
02527
09904
09934
09935
07336
02017
09971
03745
03563
02967
09889
10000
02844
09800
09996
09997
09998
09159
09808
09969
09161
09791
07480
07480
01069
07480
07480
07480
07480
07480
07480
07480
07480
07480
07480
07480
07480
07480
07480
07480
07480
07480
07480
07480
07480
07480
07480
07480
03583
07480
07480
03582
07480
07480
07480
07480
07480
07480
07480
07480
07480
07497
07480
07034
04043
03686
03717
07480
02968
03527
00215
01956
01955
08277
08279
08299
08298
08297
03521
00313
03855
08368
00287
02528
00097
03771
04744
03580
01804
02099
02063
02064
01704
01703
00052
01649
05798
01653
03435
03925
03438
03587
01000
03588
02563
01924
00057
04485
03688
03977
03664
03179
00989
02946
03466
03634
07478
07307
07308
08219
04069
00656
06212
07387
00945
02945
05788
00979
06219
03633
03804
03632
00813
01893
01256
00299
07480
07140
03808
06192
01716
04770
03286
03658
01734
06929
06969
06282
06281
03620
03605
03619
03618
00425
00426
01104
01991
03704
03704
18928
11392
10823
10805
10806
10748
18138
03808
00806
01520
05807
02168
07497
03119
07497
01921
01077
07483
00891
03554
03546
03547
07657
00137
02315
03311
01187
07568
03210
03072
03074
05517
07738
00946
01095
01662
00795
03602
03151
03152
00077
07126
07484
08218
07286
03545
03544
01338
03530
06920
05800
03320
07443
00661
03577
05802
04067
00759
02343
01066
00892
03455
08223
01425
02068
02069
05838
02003
02004
01483
01608
02083
01589
01588
01883
07352
07480
07355
07688
07665
07810
07787
07497
02362
07214
02364
02013
02015
02015
08225
02016
02363
01252
08234
02339
01885
01972
11209
00537
01733
01524
00432
11179
11073
02752
02753
11074
11249
11191
11192
11183
02768
11264
10678
02484
02483
11085
10914
10440
09973
01759
03975
03584
02899
02408
02959
03586
06195
02954
02834
03185
00611
00926
01873
06180
06181
02892
02956
04046
07799
07788
07789
07664
08303
02436
02775
02774
08302
07273
00878
03593
05846
05847
05846
05845
05349
03777
05541
06518
01489
03748
02529
07148
01495
10213
09974
09979
00645
00765
00817
02501
05789
01790
01710
00963
03606
00971
03208
03207
02377
01711
03818
03819
01104
01991
07289
01494
00876
02994
02950
02879
00281
03215
07042
03181
01151
02769
02770
00882
03291
02356
07552
02897
06899
07014
07685
02200
02198
02197
02196
02195
02194
02569
02568
02574
02573
02567
02570
08276
06159
03919
03734
07676
07687
00568
00526
01126
02445
00111
00112
00113
07806
07264
01911
02549
01661
08680
02551
02552
02986
05799
06187
03625
02890
03111
07480
07480
07480
07480
07480
07480
07480
07480
07480
00975
01803
07640
04564
07560
01915
07708
00973
01791
02109
02931
02933
02988
00560
00616
03101
09815
01929
01925
00382
00797
02926
02355
02886
02982
03924
01872
00673
01753
08311
03573
08227
02529
02100
00065
01815
00626
00087
01823
00339
00338
00337
00335
00334
00331
08722
02961
02874
10679
10014
01928
09816
05594
02348
00784
00343
00342
00341
00340
07311
07312
03281
01935
00325
00324
03758
07661
06956
01679
01676
01195
02790
02791
01488
03617
03616
03615
03614
03612
03613
03305
00799
00868
01866
09001
06077
06075
06938
03683
03724
03724
07496
07390
03604
00574
00793
03327
08354
06078
01138
06871
01580
02034
02031
02032
04063
00027
08350
08349
08348
07480
02575
07119
02053
03304
03817
05876
00134
00981
03668
03778
03737
05591
00567
01420
07245
07156
02397
03073
02990
02878
02876
02345
01690
02560
00820
03704
01595
03624
03571
02887
07480
07480
07480
07480
07480
07480
07480
07480
07480
07480
07480
03581
02389
03600
06204
02621
00647
02881
00832
03551
03550
08310
07136
07821
06201
01887
03516
02401
03414
03413
03412
00575
05877
05875
03407
02557
02556
02402
01087
02255
02217
07039
03703
07689
07782
05396
02425
02405
02406
02407
02422
02423
01176
07112
07496
02410
02411
02412
02414
02415
02416
02417
02418
02419
02420
02421
07781
07458
06950
07483
05523
07127
01241
00768
02233
02231
01141
07112
07462
07588
06895
03442
06934
00615
07387
01480
08137
02742
01920
07735
02393
02906
03476
10015
06173
03043
02895
02888
04764
03557
01919
00525
00554
07711
01974
02444
02441
02439
00111
02438
00700
00133
00851
06145
06911
03825
01126
01996
01995
01998
01997
01999
01999
03089
08316
08993
04085
06133
07722
10680
00557
00563
07447
02669
06997
01424
03575
08306
03289
01581
07150
04653
04651
06281
06282
03559
03561
01760
08325
06221
04753
00655
07471
07666
03923
02622
07000
03651
01515
07238
02858
07480
00982
07184
00974
01633
03779
03780
01409
02316
03086
03649
00219
07043
01685
01812
08191
07393
06911
01752
00656
00932
03838
01754
07592
07591
00865
00042
01630
07056
07121
07460
07089
07461
03824
08303
03835
05592
05803
00962
03177
02519
02600
03473
01736
02536
02372
07480
07480
07480
00677
07480
07480
07480
07480
07480
03075
07574
02523
07724
00790
07122
07323
02067
07301
06041
03270
06199
00995
01586
06861
03092
05808
02806
06958
08485
07139
00265
00266
00885
01788
03290
01639
03326
03599
02996
02871
06916
04691
03402
03623
08301
06287
03570
03569
02160
02687
05540
00014
07566
03747
04096
01462
00604
03500
03499
02919
03594
02192
02358
02992
07237
07236
07235
07070
06158
07019
07397
01993
07007
06144
06149
00788
01599
07709
06182
03439
01638
07645
01940
02427
01486
00688
00632
07490
00831
01689
00380
00860
03446
00847
02071
03186
04655
04654
04653
04652
04651
08315
01223
03487
05796
04656
02467
02468
02466
00068
02781
08305
03743
03565
07173
02002
02001
02000
00526
03647
06191
06186
03687
03106
02860
02884
01626
05809
01752
00048
01628
02429
01818
02431
02430
06968
03566
01766
08304
01448
01407
02681
02680
08484
00145
07223
01448
00228
04033
04025
04026
01776
07480
04019
04029
04031
00029
00615
01439
06999
06957
07054
07287
01714
03567
03564
03548
02824
00761
01933
01951
00088
01892
06941
05367
07751
04755
04488
04487
01092
06889
05820
05817
05708
05709
05710
05711
00529
02057
02056
02058
05916
04751
07715
01952
00997
03474
03595
03803
03598
03597
03088
05590
06866
03214
05812
09181
00998
05811
03761
05810
03695
06966
03535
01706
00951
06872
02314
00313
00381
00390
00957
00956
05589
01814
02500
00033
06183
01770
03787
06194
03087
03495
07677
00525
00336
03531
02356
00426
03046
07480
07480
05814
00330
01738
00616
03648
06175
07678
07115
00383
03892
03893
00537
07089
07285
03704
07726
00090
08351
03826
01246
07648
03040
03775
04763
03840
06980
01223
00058
01807
05596
07095
07589
07071
03186
00764
03558
03749
01963
07090
07320
08296
00632
06076
04754
01193
07786
07797
07690
07088
01577
07749
00845
03322
03528
06203
08483
02777
00868
02045
02047
02046
02048
07639
05813
00855
07638
00688
01809
00275
04565
04564
00873
05887
00036
00873
00558
00013
05815
04567
00605
01624
06153
01737
01150
03578
01591
03169
03781
00937
03601
00940
00600
01664
04095
06141
00362
00363
02598
07048
01867
01091
01783
06223
03112
01735
00891
02507
05366
08312
04762
04083
01610
04760
06959
02170
07400
06155
00705
03556
08177
00874
07290
07058
01194
01521
02048
00850
06006
07662
02526
02854
02855
00848
01671
01813
01629
03534
02379
00123
00124
00127
02380
07058
08318
03292
03292
06207
07712
03978
02335
03752
03753
00230
03498
03182
05785
03424
03118
03117
03116
03690
00757
01061
00549
03576
01048
05834
05835
01875
01652
01652
03685
01582
02437
07679
01972
00925
03837
01878
03269
00762
00425
02299
02300
00872
03831
01921
03589
03590
02535
03070
03574
00364
02505
02682
00767
03806
03807
01682
01611
00117
00760
01579
00950
00970
01894
06206
01975
03579
05365
02014
02013
02016
02015
01845
03281
06858
00674
00990
02357
02838
06079
06080
02073
02072
03273
06222
08307
03469
02342
06904
07455
02314
00147
00931
07480
00769
03830
02346
02557
02400
07491
03271
06445
00130
02167
00067
00858
03628
03654
01058
05786
03284
03657
01778
01719
02496
02498
06871
03293
06889
03477
03475
02822
02821
03078
03079
03077
02939
03427
01153
00484
02508
02511
02510
02509
01826
00151
05921
05874
09898
00973
07642
07277
06142
03313
01002
02315
02317
00564
02344
03789
08723
02837
04065
03424
01619
00758
01839
03784
07186
01079
03720
05804
05805
07663
06143
07773
02533
07772
03532
07811
01085
03809
07243
07224
07497
07483
04477
04338
04337
04333
04335
03670
03669
02517
07146
08162
03790
03810
03980
02399
02398
02386
02387
02391
02392
02394
02395
07040
03621
00059
02078
02619
07082
00943
02341
03424
02778
02779
01207
07000
03885
10124
01129
02193
03609
07643
01775
01810
03408
00216
06200
08317
07497
03805
03386
03387
06140
01169
09477
05966
05964
01646
02018
02020
02019
05776
01784
00849
01785
01834
01626
03811
03517
03640
03646
03560
02469
00099
00928
00791
01939
07641
07107
01903
00658
00164
00240
00239
00242
00241
05522
07160
03305
01669
01546
01548
07667
03756
01835
03645
01175
03839
01886
02802
02803
02804
02564
01443
02565
02566
01953
03184
06168
06217
06189
03820
01250
07126
07126
01869
03643
02340
00969
02226
05515
05837
03642
03425
03704
03326
06909
06909
03319
01051
06910
00833
01012
00652
02169
01935
03702
03639
03638
03637
03636
03635
06890
06890
07027
01993
03722
06970
04047
07757
00656
04069
08313
08160
07085
05844
01620
00156
07459
03704
02518
03719
03553
00927
03472
01585
00789
03834
03501
03596
00703
03774
02182
02336
00853
02062
09817
02066
02065
02783
21905
07496
06039
11072
11070
11107
11203
11202
11202
11203
11071
11069
11391
11604
07659
11754
01625
04042
12265
12112
12139
12149
12113
12144
12145
12146
12111
12289
12266
11922
11991
12264
12340
12138
12299
04091
11941
12140
05984
12262
11075
05245
02784
11258
00821
01874
01890
11203
11202
11201
11065
11102
11202
08483
11189
11201
07345
01916
11175
11106
11105
02238
07862
01681
00427
02550
11103
02506
11066
11104
10973
02805
11068
10972
02390
11477
01643
11895
11895
11530
11535
11750
11474
11747
03543
11744
11742
11743
11755
11937
12974
12975
12945
12962
01460
01534
12973
13301
13288
12136
01093
11929
11745
11753
11735
12297
12290
12288
11732
11531
03426
11740
11749
12410
11736
11737
01491
12372
14230
13053
14230
05368
03275
12525
12500
13051
12961
12944
13292
12963
13014
01847
11897
11939
11685
11534
11930
03279
11607
11920
11925
11926
11752
02426
11902
11898
12143
11927
03524
11933
11934
12141
11717
11719
11924
11932
11605
07309
16345
00024
12151
01089
12152
02302
11936
11748
07347
01243
11940
11720
11938
12291
02237
00602
11534
01644
11606
13890
13892
13889
13637
12943
13256
13038
13069
13255
06879
13283
13378
13926
13788
13480
07012
05939
12368
12339
12371
15524
15548
03468
12573
15831
14064
14061
13888
14056
14055
13650
12369
12582
03272
14054
14059
14065
01782
01825
14058
14059
14052
06211
13628
07483
12507
12700
12524
04072
12957
12990
12991
12660
03297
13631
03782
13641
01792
10778
13479
13643
13634
01070
13694
07248
13938
13954
13918
13695
13497
13896
13639
13893
13894
13620
14228
14220
14220
14220
14220
14238
14237
14237
14237
14232
14221
14221
14221
14219
14229
14229
14229
14228
14233
14228
13498
08281
13635
13630
13632
13684
13683
13574
13654
13771
00941
01977
01977
01977
01977
01977
01977
01977
21907
14230
14230
14230
07250
14187
14219
14219
14219
14219
03077
14233
14236
14236
14347
14392
14233
14228
14228
14228
14228
14260
14234
21901
14232
14234
14234
14218
14224
14224
14224
14224
14224
14224
14224
14228
14233
14233
14348
14230
14230
14219
21908
14219
14225
14225
14225
14225
14225
14225
14393
14155
01934
14223
14223
14230
14230
14230
14287
15034
14415
01985
01985
01985
01985
01985
01985
01985
01985
07483
14414
14744
14235
14234
14234
14234
14234
14234
14234
14229
15396
14231
14231
14441
14225
14225
14225
14225
14225
14225
21906
14623
14226
14237
14237
14219
14223
14223
14222
14170
14230
14230
14230
14261
01980
01980
01980
01980
01980
01980
01980
14219
14219
14219
14232
14588
06919
14591
07347
07480
13009
13243
07483
14744
07483
14977
14682
16013
01146
14742
14762
14761
16012
15256
15257
15584
10824
15580
15586
15587
15547
15580
15549
15550
15545
15552
15738
15461
15554
15553
02428
15633
15551
10831
15555
15724
15722
15735
15582
04765
15736
15737
00254
15723
15835
15833
15827
15585
15828
15583
15539
16348
15836
15536
01990
01082
15834
15830
15832
15268
15829
15460
15977
03712
15984
15974
15977
18968
15922
16092
16138
16088
02503
16089
16301
07497
16136
16140
16137
07480
07483
07483
07483
07484
07497
07483
07483
07483
07480
07483
07483
02014
09022
07483
07483
07483
07483
07483
07483
07483
07483
07483
07483
07483
07483
07483
07483
07483
07483
07483
07483
07483
16052
07483
07483
07483
07483
16053
07347
16076
16076
07483
10013
16066
16074
16785
16321
16324
11645
16370
16322
16371
16329
16325
16326
16328
04014
14744
04015
16263
16291
16264
16693
16703
16704
16710
16692
16695
19234
16692
01160
16787
16786
16785
16923
16868
12678
19956
19353
11209
17247
00370
03585
17713
01990
01992
05601
07497
17680
07497
07497
07497
07497
07497
07497
17686
19789
17722
03722
01160
01160
01160
17758
17759
07483
17938
18148
03446
17948
03605
08156
07495
07495
07495
18324
18326
07495
07495
07483
11904
18471
18479
18478
18446
18531
18530
07483
07483
18691
18697
18702
18765
11741
21021
18850
18889
18862
21645
18899
20861
18841
20866
20881
20862
07319
18800
18778
18831
18831
18657
18890
18929
18918
07497
07483
07483
07483
03976
07483
03526
07497
07497
07497
07497
07497
07497
07497
07497
07497
07497
18979
18997
07483
07483
07483
07483
07483
07483
07483
07483
07483
07483
07483
07483
07483
07483
07483
07483
07483
07483
07483
07483
07483
18988
07497
07497
07497
07497
07497
07497
07497
19048
19048
19000
19227
19221
19222
19161
19166
19226
19235
19236
07495
01154
19158
07483
19160
22444
19229
19230
07483
07483
07483
07483
07483
07483
19228
07495
22044
07495
19159
19162
19168
19270
19265
01992
01992
19416
19335
19267
19337
19338
19304
19334
19302
19270
01785
19354
19336
19333
21637
19303
19577
07497
19611
19688
19775
19745
19777
19778
00799
08323
07497
06131
00799
15777
19784
07497
19802
07497
07497
07497
07497
19803
19804
19810
19956
07497
07497
07497
07497
07497
07497
07497
07497
07497
07497
07497
07126
07484
07484
07484
07484
07484
07484
07484
07484
07484
07495
07495
07495
07495
07495
07495
07495
07495
07495
21636
07483
20265
20265
19591
20542
20534
07497
20541
07483
07483
07483
07497
21394
22111
07483
22132
07497
07497
07497
07497
07480
07480
07483
07483
07483
07483
07483
07483
07483
07483
07483
07497
07497
07497
07497
07497
07497
07497
07497
07497
07497
07497
07497
07497
07497
07497
07497
07497
07497
07497
07497
21029
21085
21086
21087
21088
08968
21090
21039
21393
21395
21449
21470
21498
21498
21602
08319
21742
21698
21695
21990
22041
22051
22443
22105
22104
22110
22110
22214
03079
03078
03077
15634
22293
22302
13566
11206
22489