09160
10563
01419
01118
09811
02426
10773
09808
04485
01928
01929
01000
01925
03588
01924
07773
01733
03590
03531
03686
02535
00859
00287
05799
06195
00382
02528
03771
01611
00797
00760
04744
05801
06177
02062
00950
02064
00052
00970
06206
01649
01845
03435
01706
03215
01937
01689
01737
00390
00991
00573
06194
03553
01919
07173
03106
02860
02884
01626
05807
03469
02342
03271
01270
00931
03554
03311
03386
00773
03072
07738
01662
00077
02299
02297
07286
03545
03544
03770
04752
03577
00759
03768
07038
03644
05837
00969
03820
07042
06217
06168
03184
01443
01886
03645
01647
00658
00426
03560
03646
03641
03640
03517
01626
01834
00849
02019
07404
00833
01935
03702
03637
03722
06970
03837
05844
01495
07771
07643
03748
01489
03593
01494
03606
06212
00800
02945
06219
03804
01893
07140
03808
06192
01734
03670
02517
06179
07040
00943
03424
07000
07660
01756
07153
00566
03719
03634
07478
01875
00033
02500
01814
00817
00013
00765
01141
06901
03734
07689
03703
00995
07781
00697
03980
01887
07136
01876
03550
02560
00873
00036
08289
01354
07245
03220
03226
03607
03799
00563
01752
01665
03610
01142
00012
03746
06190
00766
07053
06178
01868
02887
00873
00793
07390
03683
06077
01866
03613
03612
07340
11733
07235
09903
09774
09158
09861
09022
09798
09802
09920
09921
09458
01387
03574
07479
03747
01462
03500
03499
02879
02952
03076
02876
02881
02994
02890
02946
03594
03772
03775
06158
07397
08312
04762
04083
01610
07659
06959
02170
07400
02441
00133
06145
06911
01749
01719
02496
02852
03628
03732
03656
02521
01754
01687
03549
03495
02108
02113
02115
02114
00820
02040
02037
02036
03650
03217
02407
00230
03571
02430
01628
02077
02806
02067
07113
03925
03589
00042
03625
03152
02315
07283
06908
01175
00241
02169
06890
04047
06950
02619
07455
06906
03790
06201
03222
03228
03229
03611
03832
01658
07687
07090
02038
02532
04751
07715
03584
03687
02043
07232
04024
07447
03673
07566
03501
02109
03536
03196
01586
09806
09862
00835
01878
01879
02798
02799
02800
00009
02562
04564
07078
08161
02403
02402
02556
02557
02401
02400
02399
02398
02386
02390
02392
03701
02314
00631
01810
00928
03324
00930
01438
00297
01739
08154
07640
00954
03655
02355
03767
06223
05366
07638
00690
00111
03654
01058
03284
03657
05851
02853
02472
05790
02851
01524
00053
01652
02111
02112
02003
03219
08177
02485
07486
02483
01414
08301
00758
07568
02343
08344
00239
01903
03632
00648
06415
09015
08484
00340
00339
00338
00337
00336
00341
00343
00342
09013
09773
08990
07124
03973
03969
03933
00245
00247
01185
07341
00783
08992
08998
09807
02440
10026
09973
09001
06075
03685
03684
08307
08316
08159
05997
09812
08993
09014
02682
08591
09916
09917
00794
07337
07058
09476
09771
07070
01664
02907
02895
02961
02904
02965
02892
07237
07236
03753
03282
02919
02913
02902
03676
02909
02401
03414
00537
03225
09893
09894
09895
09902
09979
10012
10011
09945
02431
05808
07122
03814
06911
00537
02970
09891
09937
09888
09747
09960
09961
09858
09748
10001
09892
10010
09899
09896
09897
09703
01633
01996
09768
03711
09131
02821
02420
02389
02742
06891
03116
07740
05787
03704
02035
03557
02221
02387
02397
02420
02418
02417
02416
02415
02414
02413
02408
02423
02422
04085
02793
02794
09810
02790
02791
01139
00836
09823
02759
02505
02399
02398
02387
06938
03704
07270
00842
02345
07156
03221
03227
03608
06940
06223
02897
02200
02196
01185
08483
02036
00878
02774
02773
02656
03803
06866
06186
06167
06907
04064
06197
03829
06191
03672
06080
02916
04764
06078
09786
10540
09780
10541
10542
10543
09761
09760
09801
08310
09125
03926
04078
02377
03666
02686
10004
02518
09857
09765
01894
01129
04771
07678
00951
00380
00381
00957
00956
03787
03555
01872
03230
06180
03695
01095
00795
03151
01338
04079
00031
01589
01588
07258
05515
02340
01869
01953
02565
06907
02564
01835
00240
00164
01902
00425
00652
05396
07258
00882
07148
02529
00027
07289
01991
04069
00656
03633
00813
01256
04770
03286
03658
07146
02341
03885
03723
07637
03694
03466
00971
01840
02501
08162
01159
03219
03230
03224
03797
02796
02795
07180
00134
04773
03169
06131
01695
01696
01657
01497
01096
01626
01007
01679
00325
00324
03578
01147
07014
07676
07677
02469
00525
00526
01963
06173
07320
02048
06957
07287
01951
07751
01952
03100
03596
05590
07264
07806
01056
02002
09181
00998
01962
03470
07277
00990
06966
01207
01766
01448
03581
03582
03583
02529
01586
04567
07023
01807
05596
01624
01585
03412
03230
03781
07091
01873
00609
00997
02074
03559
09912
09908
02394
02410
02409
02405
07115
00480
03110
03089
03576
03118
00075
00867
02601
02867
02863
03568
06958
06861
06041
02065
02066
06916
02871
02996
03599
07056
01409
01613
01711
00791
03218
01507
02427
00796
03310
03313
03527
00215
01525
00097
00767
01579
01918
00606
06204
00860
01770
00554
01069
00769
00147
00854
00891
03074
00946
01358
06920
03320
06187
00939
01772
03269
03801
06189
06903
03839
01669
03562
01784
01921
01012
03750
00876
00831
00945
00912
00979
00763
01716
01465
03621
00645
00059
07082
01620
00384
01246
01087
03551
02217
03225
03609
01775
01433
00963
04774
01591
00275
03616
03617
00208
01698
00568
07071
03975
02195
02047
02046
00228
00616
01923
01714
00761
01933
01092
03474
03595
00858
01627
02493
00919
00657
01915
02071
00748
00677
00806
00099
02838
02357
02967
01265
00674
00560
02836
04763
03840
01920
06997
00286
03439
02419
07799
00611
05539
01356
00651
04761
01803
02048
00850
00057
01520
00762
00989
00942
00014
00604
02986
02948
08682
00088
00116
03977
06941
00940
04487
00046
00600
03598
03597
03088
00278
03631
03664
00040
01686
07043
02835
02492
02494
00948
06942
01194
02001
03214
01788
03273
02072
02073
01881
04075
02372
02536
06142
00981
06968
03566
08311
03573
03981
06980
02437
00605
03185
01262
00058
03442
00927
01480
00789
07735
01629
03575
02416
02421
03408
02402
01255
02339
00610
01895
03316
03111
00832
03179
01776
00557
00322
01755
03764
04066
03591
03667
02553
00864
00528
07662
03216
00640
03071
03274
02843
02841
02849
02527
05501
07560
06207
01915
07708
03978
02403
02988
02933
02931
02874
02878
02982
02886
02926
02906
02992
02950
00855
01867
01783
01735
00891
04760
02444
05786
03733
01778
06904
00973
01710
01791
00826
03718
02013
02015
02015
02389
02411
02935
02834
03774
07107
07160
02030
01304
02854
06978
02388
02391
02393
02395
02396
02419
02406
00874
00383
06149
00757
03183
03690
03688
03117
05785
03182
03498
03073
02864
03150
01599
05982
01945
02687
02160
03569
03570
00135
02429
03092
03270
07323
00790
04691
03600
03086
07184
01515
03651
07000
00655
01760
03561
01999
07264
01744
04077
02356
04568
06949
03789
02003
03643
06905
00963
06991
07305
02016
02013
06908
01934
02053
00851
02954
03112
06205
02412
00549
01271
02358
03786
00261
00879
01818
07648
07121
02316
06153
00974
00982
02622
02621
04753
06221
04084
01548
01448
07278
02523
02415
02417
02418
03798
03431
02519
03177
00962
05804
00872
04043
01870
01956
01955
03580
02063
01704
01703
03438
03587
02563
03070
00163
00627
01682
01673
02110
02802
02803
02804
05809
05351
07486
03293
03210
03602
02300
05527
03530
05839
02919
04067
01185
03111
00242
06910
02028
06006
02899
07574
03075
02956
07461
03168
02013
01185
03601
02337
01407
07462
07712
02335
03040
02016
02421
03043
03046
05365
01883
06909
01889
01892
01819
02858
06213
02298
08300
07665
09909
03181
09911
03101
03669
07667
06925
03572
03665
04088
04087
01939
02990
02939
03773
03841
02558
03402
03979
03624
02600
05803
05592
08303
03824
00564
02837
01619
01839
01079
03614
03615
01809
08224
01935
01487
01420
03721
03974
07225
02015
07552
06183
06899
00925
03186
00764
03558
03749
03473
01736
08296
04754
02199
02193
03322
01885
01972
03528
06203
01738
02777
02045
00615
01439
03567
03564
00937
06213
07112
02510
07483
04080
03111
02914
02116
03671
04758
02439
06155
05835
03745
03060
03586
03674
01104
05788
01512
02911
02078
03704
05836
06223
07474
09710
03534
09703
02968
09998
09999
00857
02963
07724
02888
08722
09906
03648
09907
02313
02338
03629
02470
04080
10763
08485
08306
09889
02844
10000
09800
09997
09159
02822
09808
09960
09791
00335
00334
00331
00330
02344
03720
06223
05589
06193
03563
02959
03221
03225
10748
01185
11179
11073
11074
10974
00558
11085
10914
01961
01447
09691
00647
05815
09898
02075
09690
02529
11076
11066
11107
09475
06223
06223
06223
11604
04042
12148
12062
12149
12340
11991
05804
08964
12152
03496
11075
02784
11258
01874
01890
01916
11102
11065
11105
02745
11068
04772
02358
02805
00965
11535
11747
11903
03530
11755
12974
12962
12963
12370
01297
07251
03435
13301
06908
03812
01185
09817
08320
07644
10017
07054
11753
12297
12059
12060
11742
01491
12372
08967
05368
12067
12068
00281
12961
13292
12984
13014
03496
11605
11752
11927
11754
11717
11719
11924
03524
02302
07186
09612
08369
09960
01185
11750
01089
11940
02426
01243
11743
11749
11720
00602
11922
02051
11534
11606
05685
13287
13038
13288
06879
13285
13378
01534
13788
12410
12371
12368
12339
12573
14055
13735
03272
14058
12582
12369
12524
04072
13895
12973
03297
13888
13821
01792
13643
13634
01070
13694
13695
13637
13894
13896
13893
14228
01011
14219
14220
14220
01977
01977
01977
01977
01977
01977
01977
14237
14237
14234
14232
14229
14229
14233
14228
14228
13498
14187
13060
14233
14236
14347
14233
14260
14228
14228
14221
14221
14221
14234
14233
14234
14223
14223
14228
14218
14218
14218
14218
14218
14230
14230
14219
14225
14219
14224
14224
14224
14223
14744
14235
14234
14231
14231
14225
14225
14225
14225
07729
06919
14226
14227
14227
14227
14227
01980
01980
01980
01980
01980
01980
01980
14237
14237
14230
14222
15396
14170
11607
14229
14230
14230
14230
14232
14219
01985
01985
01985
01985
01985
01985
01985
01985
14979
14978
03307
01524
14762
01146
16013
15581
15724
10974
10823
11741
14742
16012
15256
15257
15582
15344
15346
15368
15345
15580
15580
15545
15738
01082
15536
02428
04765
15367
18138
15583
15539
08679
15977
15974
01185
00254
19734
14229
06908
06906
02014
02424
10009
19580
16066
16371
16203
13085
06909
15496
16264
16322
11734
11735
16693
16696
14232
16703
16704
16692
16710
19226
19229
19230
01160
16842
10974
16137
14236
14229
17466
17464
02503
17206
04028
17713
17205
17207
17465
01990
01992
19789
01160
03585
01185
18475
18581
18691
18697
18765
18889
18827
12994
12995
20862
18778
18890
18800
18850
03526
18984
19000
19227
19162
19228
19235
07451
19168
14225
19265
19416
19337
19334
19270
19304
19333
19270
20866
19734
19804
19803
19810
20534
20881
08968
01451
21695
21698
22041
21993
22051
22132
22105
03077
02257
09988
22488
22509
22487
22488
22505
22512
22505
22504
22506
22507
22508
22508
22509
22510
22511
22512
22507
22510
22506