09160
10563
13040
09962
09811
10773
03690
02014
02065
02066
02067
07323
06916
03218
02077
02075
14682
09808
19416
09712
02039
07114
07574
05589
07054
07814
07218
07386
09903
09862
03446
03543
07147
08309
01676
01665
01893
03453
03216
07552
03406
03832
04015
04013
08680
02549
01911
03089
03110
03406
06996
02275
02258
02276
02259
07152
03327
07400
02170
06959
04760
02297
02299
02300
07115
03744
00799
00383
03307
00147
01638
02552
03752
03750
03639
00012
02527
00060
02439
02441
03978
01048
01661
00820
02114
02113
02109
02110
02108
02116
03497
03496
03501
03495
06205
03650
03217
03536
02914
09158
09861
09921
07322
02654
05799
07001
07089
06915
09860
09922
09798
05952
09930
12297
09920
09458
03112
01735
02666
02665
02664
02663
02662
05366
01755
00930
02379
00127
00127
03406
02557
02556
03602
01662
03687
03303
00782
00975
00700
01637
03455
06186
03664
07733
08363
02106
01802
03406
05520
07091
03316
05539
03409
02314
03150
01012
02939
03327
00793
01868
02520
02916
02887
00384
00259
03719
03466
03634
07478
06199
07237
07235
00853
00404
00405
00407
00406
01420
03796
04565
03517
05526
01835
03645
03839
02356
01129
01057
03702
03617
03616
03615
02963
02686
02990
02996
02871
04691
00549
03576
00852
03406
02437
00605
03185
01934
03402
00799
00528
04752
01607
03924
04077
04078
03926
07263
03614
03612
03613
01130
03411
03406
03408
03407
03406
02884
02860
02959
03106
03474
03584
03595
03596
03803
03598
03597
03717
03313
08484
08311
03573
04761
00266
02227
01866
01845
02451
02450
06078
00950
01633
02970
02316
03086
03406
03305
03642
00822
00140
02529
04751
08084
02655
02674
02673
02672
02671
03774
01870
03980
02968
03310
01919
07263
01571
01573
05810
05807
03406
06183
06445
03469
08307
07289
02553
03610
03609
03608
03684
01104
00901
07284
01760
05805
04046
06899
07014
02575
00370
00373
00374
07347
07345
05838
04079
06187
05541
03775
07167
00451
03811
00253
07734
07287
01714
03567
03111
03701
05592
06075
03764
08352
03592
03568
08301
06287
03571
03570
03569
02909
04066
00757
01419
03667
02553
03183
03688
03116
03117
03118
03424
03070
02535
03531
03590
03589
01924
03588
01925
01929
01928
03586
03438
03925
00864
01703
01649
03654
05786
02913
02902
03630
05501
03060
07301
07391
03417
03673
03756
07136
07306
07307
07056
07121
07460
01142
06190
01696
01658
01657
07053
05896
06024
06178
03312
07589
00925
01738
06203
03529
03528
03673
03273
01119
03812
03703
01585
01611
03611
03314
03603
02824
01484
00263
02548
00241
00242
00658
01902
06140
03284
03704
00847
06176
09781
22317
07019
06158
07070
06911
05591
00346
00347
00348
00349
00350
00351
03837
04763
03981
07462
03387
03778
00111
07240
03406
09773
01704
03587
07113
03732
08475
09797
03413
03580
07175
02192
03406
01126
06949
06925
03572
03666
03665
04088
04087
00412
00413
03599
03600
01664
01975
03579
03769
03406
03841
09794
09807
09792
10026
09791
09946
01278
07178
06213
08485
06958
02806
05808
03092
06861
07122
00790
02742
02355
02568
02574
02573
02567
02570
06980
00058
08984
06204
06206
02426
02014
09125
02478
02478
08722
07090
03831
07979
01990
07107
06975
07107
06970
02020
02483
07461
00954
06223
09812
08303
07390
09915
07337
09916
09918
09939
03694
02518
06077
07088
03593
00876
01494
02676
03424
03808
03607
01256
05595
07733
03630
03924
01512
03723
04487
04488
04082
04044
04755
05844
04080
01653
01652
07552
07146
03406
03582
03583
03924
02500
01814
00817
03406
04764
02560
04651
04655
04654
04653
04652
04656
03605
03620
05922
03734
03670
03669
02897
07278
03578
02571
02570
02567
02568
02569
01439
03808
06192
03147
03148
03154
03149
03150
01876
01159
03550
05590
01724
09912
00127
02501
00166
00123
00123
00609
00615
00134
00927
01255
01061
00548
00768
01465
00287
01525
00097
01740
01270
00931
00215
00969
00796
01803
00962
01619
00758
01839
01079
01939
00600
00946
00951
01937
01689
01770
00573
01872
00928
01733
01669
00574
03439
01425
00286
01772
01620
00088
01952
00971
00012
00973
01790
01284
00857
00567
00773
00632
10536
01246
00632
01271
01462
00228
00014
03797
00057
00690
01468
01712
01745
01042
01354
01610
01008
00557
01776
00075
00311
01915
01259
01745
00053
01687
01749
01778
00344
01524
00859
00767
01415
01599
01945
00134
01938
00655
00569
01613
00791
00673
00928
03270
06041
00564
01077
01920
01150
01918
00606
00950
07751
00855
00789
03502
02313
03629
04085
03498
03498
03499
03500
00604
04096
03747
07479
07566
03071
07007
03499
01897
01607
05836
00124
00127
02380
03833
02379
03181
02415
03750
02217
02858
04083
04762
02452
02453
02454
02455
02456
02457
02458
02459
02460
02461
02462
02463
08312
06917
00867
02358
03073
02601
02867
02863
02864
02935
02950
02992
02355
02358
02946
02906
02926
02892
02886
02965
02890
02982
02878
02904
02961
02874
02895
02931
02954
02994
02933
02881
02988
02907
02876
03076
02919
02952
02948
02986
02879
02197
02196
02195
02194
02193
02198
02199
02200
03406
03639
03637
03636
03635
07792
06207
07560
05782
03406
00059
02078
03655
02521
01652
01754
06143
03656
02498
02496
01719
06202
01586
03733
03192
03557
05540
02687
00246
00246
06886
09889
09890
02237
02477
09699
09893
09894
09895
09902
09986
09926
09892
09955
09891
09937
09927
09928
09888
09747
09929
09858
09978
00243
09748
09800
09938
09897
09983
09899
09900
09749
09710
09923
09768
03711
00783
08981
09131
02338
02470
01879
01878
00123
03043
03046
01682
03786
00411
05365
03385
02346
01807
07258
02340
01056
03798
03177
03787
03601
02412
03412
06173
03169
01695
04069
00648
03168
00239
00240
01903
02341
02777
09117
02342
02836
04567
07262
02233
02231
02232
02655
02671
04337
04338
06214
01265
03581
01889
05927
00525
07259
03412
02342
00371
02343
01028
01029
00648
04068
02337
01588
01589
01572
03781
02622
01028
01029
04084
02563
02335
02112
02115
02111
00991
06194
03555
03553
03565
03563
01873
02339
05809
03720
03775
00872
03406
03575
02669
02670
00432
03113
03442
03830
06941
02656
03977
01951
00425
00426
02399
02398
02386
03415
02387
02388
02389
02390
02391
02392
02393
02394
02395
02396
02397
02406
02406
06603
02407
02422
02408
02409
02410
02411
02413
02414
02415
02416
02417
02418
02419
02420
02421
02401
02400
02404
04562
03414
03407
03408
03408
04061
04754
01710
00973
01840
02851
02851
03648
02888
02899
03979
03406
06195
02528
03771
04744
05801
03734
03628
01881
03746
03521
03522
03442
09774
06891
09136
02221
01118
03040
00575
00575
02551
02274
00970
03551
01424
04773
00219
02469
00800
02945
05788
01467
03654
08276
09810
04477
03704
03455
02372
02536
06142
07277
00981
02838
02357
02967
01265
01433
02778
02779
07034
07274
06938
08289
07004
03772
03745
01256
03406
03670
06518
03814
00390
00381
00380
00324
00325
02517
04561
07793
07794
07795
07220
05873
03718
03186
03767
04752
03320
01627
02493
02835
02492
02494
00919
03406
06183
00799
02621
07000
03651
06377
07783
08478
06193
03554
06968
07020
03566
03151
03564
06895
05596
03548
00537
03799
02169
00833
01895
03674
03641
03646
03560
03562
03683
07084
00761
02566
01953
02078
00059
00645
03621
02911
01091
08300
03704
01489
03546
03547
03769
03832
03559
03561
02336
03722
07090
04067
03973
03970
03969
03770
03530
03544
03545
03768
03269
06169
04759
04758
02647
02082
01840
05794
02168
03098
00140
07275
03721
01784
02572
07304
03498
00124
05527
07173
00346
00347
00348
00349
00350
00351
03734
03594
03594
01255
06901
00147
04043
03686
03773
01956
01955
04047
03789
03644
03801
03642
08305
05837
03643
01869
03820
06189
06217
06168
03184
03624
03072
03074
02427
03431
03075
02600
02519
02834
02956
05803
02837
03424
03317
05517
03784
04485
03533
07811
03532
02571
06901
04767
00793
03625
03631
03215
08974
08591
03671
03574
02653
02652
03806
03807
00163
00382
07740
03672
01802
07080
03657
03179
02200
02198
03772
08476
08303
03182
02160
03282
02348
03325
07089
07576
05844
00627
09973
09705
09975
09780
09786
09801
09761
09760
09857
09790
06188
09767
09913
09914
09471
09806
09909
09910
09472
10763
09859
03834
01096
09701
09458
06940
07107
03829
07712
07708
02200
07058
05851
00244
00230
00230
06886
06940
07667
06911
09907
09919
09607
03305
08998
09954
09904
09941
07336
02017
01284
01716
00995
00275
01626
01007
01756
00566
00031
00033
01647
00164
00684
00943
03797
01752
01207
01092
00640
00940
00013
00765
00979
01178
00568
00831
00945
01591
00998
01875
01804
01785
00134
00134
01690
00036
00873
01283
01083
01322
01759
00986
01921
01462
01069
01698
00937
00428
01916
00892
01772
00939
01885
03415
07568
03210
03072
03074
03924
08296
03749
03558
00764
03310
07303
09707
07114
06996
07483
07112
05595
06006
04063
06149
09933
09159
00681
01626
01077
01077
00849
01785
00297
01739
01923
00029
01887
01581
01698
01000
00052
01520
01495
00762
00989
00942
01659
00826
01581
01867
01091
01783
00891
01940
00611
00145
01595
01436
01356
01414
00931
00639
01488
00963
00067
00748
00677
00099
00806
00990
00674
00432
00030
00795
00858
00703
00688
00705
00759
00457
00681
01270
01284
01640
05995
01935
00652
01012
01322
01933
00563
01141
01736
00133
03897
00766
03100
00656
01972
01497
01761
01338
01358
01491
01886
00865
01443
00884
00059
00020
00626
00651
06916
02028
01621
00616
01810
01462
00860
01058
00982
00797
00760
00077
00948
01415
00558
01515
01775
01939
01426
00500
06113
01443
00820
03527
03101
09808
01638
01485
01183
01299
01255
01626
00554
00997
03100
00278
00560
00563
01409
00135
01915
01011
03974
13038
02482
00957
01061
07101
06177
19092
03835
06076
02405
03413
02238
07674
00974
07447
06987
08234
07114
07778
03470
00123
04564
00124
00526
03760
10805
06183
08282
02030
07010
04774
07154
03530
07673
07320
11179
11073
11074
03585
02619
06177
00666
00647
00230
07636
11211
00167
06179
01892
01883
11392
03413
02655
06911
00265
00956
10914
07640
06177
10941
10925
10926
10927
06969
10943
06180
06181
02036
07042
09940
09980
10679
03473
00647
00794
09696
09697
01095
06942
07678
07638
06153
09794
01897
03685
07114
03640
10125
06956
06876
02558
07071
03834
07118
03431
10126
01673
08992
11076
01968
08483
09001
05515
11689
02484
11107
01993
01993
06920
06039
07090
00832
07090
08085
02476
02475
07662
07659
07637
07637
07660
07660
01625
01908
07657
07693
07645
07772
07685
04042
07773
11751
06969
06969
07082
11688
12279
12266
12340
11991
00123
12281
12283
12284
12278
12287
12280
14393
11930
12152
03496
03496
08305
11075
11258
02784
01894
01890
00821
01874
10942
11065
00245
10924
10924
02342
11085
03087
01624
08316
00018
11175
07862
01448
02650
11105
03212
01983
06175
02298
03088
07738
02674
00813
02078
04075
11068
02671
07684
06447
00631
03885
00127
07647
11312
00027
11690
03503
07689
01089
05812
03543
05787
11927
11928
11755
12982
01126
07223
18928
03386
00507
09923
07000
06997
13256
08305
03446
07735
06213
01187
01187
02483
01118
00602
07787
11753
01243
15371
12282
12276
12286
02020
12410
03296
13053
06871
06871
07086
05368
12267
02018
11933
12525
00912
01533
00281
13051
06966
12961
13009
01969
18893
13292
07119
01081
03768
11754
11719
00661
03524
11717
06212
02303
02018
07157
03386
00024
11749
03496
03286
08154
07090
11720
12285
12262
11752
08359
08357
08358
13041
01250
01897
06918
02037
02038
07114
13590
08303
03321
13288
13255
06910
07148
10804
06879
07133
01130
02045
02047
02046
02048
07396
05820
03088
13788
12339
06995
01262
03310
12573
14055
13821
02523
13529
07153
07093
02081
07107
01782
14058
07001
06857
09181
06987
01825
07394
12524
04335
02477
03306
09880
12373
03500
07184
02040
05773
12942
03272
07102
00121
02014
07001
03561
07003
03782
03782
13638
01792
05772
07114
13643
13634
01070
18138
13938
03767
06219
07814
00154
03406
03808
05916
01175
07236
03406
07182
02019
02429
04072
13628
14219
14228
14228
14228
02014
14238
01113
14235
14232
14232
14232
01977
01977
01977
01977
01977
01977
01977
01977
01977
03088
14229
14229
14229
14229
14229
14229
14229
14233
14233
14233
14228
14225
14225
14225
14225
14225
14225
13498
03088
03088
03305
13954
03442
07798
08218
07234
02014
07443
13771
13766
07017
08325
00830
14153
07250
07491
03585
14220
14220
14220
14220
14220
15539
14219
14236
14236
14236
14236
05776
14228
14228
14266
14221
14221
14221
14221
14233
14233
02003
14232
19591
13590
14187
00244
14234
14234
14228
14228
14228
14233
14224
14224
14224
14224
14224
14224
14224
14218
14218
21029
02058
02057
14230
14230
00459
02010
02011
02012
14225
14237
14237
14237
14237
14237
14237
14223
14223
14223
14218
14218
14445
02005
06147
08177
14205
02304
07116
07216
06858
14170
14234
14234
14234
15011
14231
14231
14231
14260
14441
14227
14227
01524
15035
01985
01985
01985
01985
01985
01985
01985
01985
01985
14226
14226
14230
14237
14237
01978
14222
14222
15396
14219
06133
07491
14230
14230
14230
14230
14230
02013
02015
01980
01980
01980
01980
01980
01980
01980
01980
01980
14219
14219
14219
14219
14219
14219
06147
08676
14742
02057
14940
14540
07032
14652
14645
14762
01146
16013
06177
15269
15012
03500
02056
14761
07004
15034
16012
12543
15256
15257
08086
01082
15738
15633
06999
02428
04765
15723
11741
21429
15461
15460
15724
01082
08679
15977
15986
02003
12541
03320
07221
10716
00254
15984
02004
02004
12542
19736
03781
02014
02014
16089
16091
16090
16091
16088
16088
15726
16137
15726
02014
02014
10716
16053
16074
01801
02017
16371
16293
16211
00209
03299
01990
16322
01156
16294
16171
04014
04015
04014
04018
01580
08364
16263
13283
03321
01166
16786
16787
16785
06113
16872
02030
02030
02030
02030
02030
02503
02030
17247
11209
17103
17713
02029
01990
01992
01992
17686
05601
19789
03292
19745
17758
17759
18138
07814
00534
00533
21379
21363
00042
18298
18299
03742
07666
07491
07491
00138
02226
18676
18691
18765
07316
18927
20881
18800
18778
20862
18657
13040
13041
18850
18929
10747
18930
03976
03892
03526
18979
19000
18976
19226
19228
19229
19227
02030
19230
19235
19168
07451
19221
01066
01992
01992
08604
19337
19270
19302
19304
19342
19340
19341
02495
02030
19713
00992
19715
19714
00799
06132
19804
21636
08723
09796
02003
02004
20429
20455
09788
22320
01768
20755
01214
20962
08968
21218
02483
01139
21217
21405
21420
21472
21470
21470
21575
21703
21712
22051
13874
22105
22132
22185
13875
22042
03077
22292
22319
02257
02257
22318
11391
22452
00424