03429
07696
07213
07016
09022
16786
16787
14201
11442
00887
07045
07979
00054
02503
03484
01961
11754
01077
01961
03316
10208
10209
02242
03386
01421
02827
01916
00805
00625
07284
00712
00712
02116
01784
01271
13953
02217
09951
03481
00974
13853
04518
09002
04517
00958
08093
02303
00130
06131
00951
01958
07681
11535
02004
14228
14228
03366
01664
07727
00318
07800
00108
13714
12700
03709
03719
01819
07705
03293
14233
14233
14233
14232
14232
07497
05565
14229
14229
14229
06147
14224
14224
14224
06133
14237
14237
14237
14228
13628
01934
14220
14220
14220
01990
10210
14228
14225
14225
07791
14230
14219
07694
10810
02246
02236
01784
14155
07461
02341
00943
00657
06187
09747
02343
03486
01226
02818
02819
00266
00265
02073
02072
02071
03308
03928
09822
05577
07001
01951
00088
03816
06956
03387
02963
03111
02990
06942
03497
00549
01661
08680
02551
02552
02548
02250
03800
02837
05362
00208
03455
06213
06180
00858
07816
06886
08602
01867
02003
02532
01193
02445
03100
03497
03501
03495
03650
03536
02914
02313
02338
03629
02470
02469
01875
00641
09458
00648
03695
03100
03100
01810
01258
00865
00075
02016
02013
02015
02015
00526
00525
03647
09457
03305
00817
03305
05845
05846
03654
07238
02619
01665
06920
01737
10026
02768
02769
02770
00882
03976
01669
00024
06153
09768
06966
09793
09705
06890
03306
07220
02015
02015
02013
01940
01755
00260
03768
06347
05566
05567
05568
05569
05570
05571
07084
01255
03885
02939
02314
01939
07668
07652
03885
03740
03739
03367
03644
07090
03466
09014
04488
11717
09015
09013
08974
09815
03071
02073
02072
02071
02437
03785
11210
06966
08996
03664
12573
03928
03075
01689
01803
00927
00134
05311
07071
01358
09762
06958
00384
13292
06023
03701
03702
07023
02836
03070
02240
07258
09692
09693
05946
05571
05570
05569
05568
05567
05566
09936
07025
02015
02016
07457
01887
06885
00938
01597
00869
03648
07322
08094
09007
01091
00259
01754
03294
00826
06895
06895
01750
00639
02358
02355
02992
02950
07590
03046
03043
02935
02864
02863
02867
02601
03073
03091
06962
03218
11145
01883
00640
09698
04485
03696
03708
08681
06215
00375
04567
00950
01633
00796
01738
04083
03798
00760
04075
07571
02499
03328
03723
01056
02897
00948
04042
06412
09685
00919
02528
05985
03424
01874
07056
04749
11085
03574
11189
07025
07095
01776
00240
00239
00241
03703
03671
07456
02347
09888
03471
01890
01889
03437
02911
07040
00954
01126
08976
02259
03588
06207
01092
03322
11069
11070
11071
00382
00627
00162
00161
01462
12574
03499
00426
08483
06969
01945
00602
11175
01933
00764
01952
01952
01923
01589
01588
01491
05916
02826
02828
02829
03722
01893
02086
10773
05366
03700
07444
01657
01658
00766
01609
01817
01696
01695
02016
02039
02036
02038
02037
02040
00243
00928
00133
01714
00215
01775
01586
03704
01512
03311
00658
00164
02563
03797
02777
07305
07304
03466
12574
00962
02956
11753
03177
02834
02519
00287
00560
09125
03469
03475
02822
02821
03476
03502
01821
07304
03310
02621
02622
08591
07107
01681
03531
03590
03589
01925
01000
03438
03925
05020
02015
02015
07038
03800
07729
01443
11068
03593
03431
00820
01809
04047
03784
01619
00756
01839
04759
07173
01791
01104
09680
03048
01937
01624
00790
03628
02909
00857
02835
02493
07566
01104
00600
00761
02108
02110
02109
02113
02111
02115
02112
02114
00790
02372
03111
03707
00878
00788
03217
06950
05837
01921
01929
02564
01788
01639
07032
07035
03778
08981
09167
00997
01775
07315
03090
06959
03095
01754
01704
01703
00052
01649
00053
01653
01652
01687
06925
03789
01409
06158
01926
07112
03320
01193
00847
07707
07706
07813
07304
07258
06994
00059
01641
00626
06518
07078
04078
04077
00491
00763
01756
03282
03546
03547
09976
00615
01356
00364
02954
02913
03781
00872
01733
00003
00928
07778
06131
01620
01915
03713
03665
00432
03666
00791
00111
00864
02440
02443
03572
03555
06168
00175
00174
09769
03553
00995
00059
07742
02600
09748
03763
01881
00981
00806
02838
09903
02357
02967
03706
03667
01419
03733
04094
03168
04096
01902
01903
03470
02884
00554
02860
02959
00626
03106
09787
03110
03529
03685
02078
00059
00645
03621
03655
07030
02902
01783
06949
06941
03500
00604
01462
04066
13038
03060
00942
00762
01591
01955
01956
01465
00609
02824
02825
06180
03101
07104
01870
04074
02221
09772
06997
05810
03402
03631
00382
00166
00167
09699
02076
01809
01581
03756
01737
01478
07282
01118
07089
00865
00362
00363
00370
00371
00373
00374
11102
02809
02810
00033
00036
00784
00286
07124
01515
03711
04763
09763
05896
06024
06178
07775
07651
05337
03654
01424
00945
02945
03977
00057
03530
03183
00940
01736
01735
00800
06973
00294
06994
00567
02034
03190
03189
03188
03187
01428
01429
01430
08717
10254
03147
05786
01154
03427
01153
07094
03657
01972
11928
02435
02433
02434
02346
00656
04069
03893
03704
00390
00380
00381
07090
00860
01439
02342
07009
01265
07058
01104
05520
03565
09693
09692
03575
07586
01845
03564
09825
06978
07148
07035
03216
01679
06180
03698
07533
01599
01772
00231
07002
02034
04068
03451
01895
00158
07107
00016
01911
02549
08998
01610
00789
06199
06199
00616
11752
00793
00794
07139
01869
07007
01439
00824
03439
00059
02790
02791
00059
03734
00382
00627
01006
09773
00116
02755
02756
02757
01223
03524
03311
02795
00016
03710
02796
02793
07667
07646
01546
02082
01547
01548
02016
00027
01963
01962
00850
00873
01647
00031
07658
07636
02335
10563
00859
00134
01012
07738
03346
11144
01868
02520
02916
02887
03545
03544
03978
02492
02497
01749
01719
01698
01845
07120
01246
01873
03630
03570
03571
07224
07243
03118
03116
03303
00116
07552
07107
03284
01823
03652
01785
01807
02749
02750
02899
03979
06209
03550
03551
07568
00773
03210
12257
07462
00759
07560
01448
01892
01876
07478
04487
00566
03581
01872
07447
08303
00876
03624
02160
07160
02888
07584
13012
02472
01791
02809
02810
07106
09963
00123
09940
03315
04086
02016
03523
02379
02020
02018
02017
03638
03637
03750
03753
03635
03636
03752
03639
07088
03169
06901
02946
02906
02926
02892
02886
02965
02890
02982
02878
02904
02961
02874
02895
02931
02954
02994
02933
02881
02988
02907
02876
03076
00939
02518
02919
02952
02948
03040
02879
06173
02871
02996
12410
02530
00917
01635
02787
02788
01220
07119
02016
02015
08600
02015
02015
02016
07734
00077
10112
10681
10682
02012
02011
07313
00874
01625
01684
01868
00681
00854
01752
01752
03823
03778
06878
03466
01924
02529
04768
04766
01895
01938
01866
00655
00058
01126
02986
06286
04487
03151
07090
11065
00925
00259
02821
02822
03475
07146
00852
01304
01623
02073
00823
03294
01652
07104
06975
03799
06999
04041
03149
03154
03153
11476
00851
03299
00963
00937
12942
02337
01243
07015
00014
07574
00969
09710
02237
01493
02238
02340
02968
03596
03705
03687
04043
03686
02687
09761
02970
06217
07042
01489
03595
03584
01880
09773
02316
03086
06967
01151
09817
09816
07729
01575
03303
09765
00226
01740
02042
02042
02041
02044
02068
02069
05846
05845
05846
05339
05338
07704
08170
00077
03217
04564
02913
00845
02243
02244
02245
00891
00605
00282
00283
03800
01262
02356
02160
03625
03601
03602
10947
03484
00783
06889
07052
07052
07052
01990
13789
14219
03762
07474
14221
14221
14221
14221
05847
05847
00841
01187
19077
19078
02786
14225
14225
02010
00941
14223
14223
07476
14233
00244
05822
14225
14225
01977
01977
01977
01977
01977
01977
14236
14236
12373
03892
07132
14230
14230
07052
07052
04757
14228
00868
14231
14231
14222
14230
00537
14445
09145
00128
01980
01980
01980
01980
01980
01980
14205
02005
04784
01992
08255
01985
01985
01985
01985
01985
01985
01985
03307
07052
07052
09813
09814
14234
14234
14234
00459
14188
14219
14219
14218
14218
14218
01992
14227
14227
03293
01524
00128
14652
01990
06147
06133
01760
00008
13052
07145
06183
11072
07052
03436
01261
14233
14226
14226
14235
02352
05565
02304
00634
03493
11737
07729
06909
06948
14540
11749
10851
02803
02804
11936
03296
01239
02794
02428
01442
15586
15585
10211
10212
01819
03489
02538
01442
00571
07491
10850
07741
01174
06400
03215
15581
04783
15342
01834
01834
15584
15583
15519
16301
15633
03929
10824
15738
15518
15582
00122
10823
15580
03817
01114
00980
12551
04478
11693
11694
11695
12552
12553
02303
07683
03892
06147
06147
01992
01992
01992
01992
01990
01990
01990
01990
01990
03535
15587
01835
15986
15977
15975
18936
18934
15973
15975
01547
01548
02016
02015
08600
02015
02015
02016
07734
00077
10112
07132
07497
02424
10009
18935
18940
21454
16785
16264
07038
16509
16511
11733
06198
16329
16323
16169
11737
16264
02851
10010
16786
16787
16785
16925
00128
02035
11631
16786
16787
16785
16786
16787
02768
02769
02770
11632
16937
16869
11991
17716
16785
16785
16786
16787
16925
16926
16926
16898
16899
17318
17319
02029
02030
17320
02028
17216
17217
01992
01992
17472
14225
01990
01990
01990
01990
17686
01739
02171
18104
02479
01992
03366
00004
02172
21461
21462
21463
18369
02032
09809
18707
02172
02171
17319
18766
18766
05592
18672
18682
18692
18924
18925
16926
07145
17318
17320
11737
18906
18941
07171
04940
07029
18979
00949
07816
19005
19079
19081
19082
19139
19140
19138
19225
19068
19080
19084
19083
19285
01992
01992
19411
19302
19405
03574
19576
06881
19689
01258
00547
00297
21636
05770
19975
19976
19973
12132
20074
20116
20117
20118
20338
20491
20494
20490
20337
20337
20534
07282
21029
20895
21029
21064
08968
00435
21285
02031
02033
21417
21416
22044
21478
21567
21600
22043
22136
00754
22132
22135
00015
01932
22109
22116
22213
03547
22213
03078
17758
03077
03079
02257
22409
13566
22441
22441
22441