01991
10440
02029
09796
18893
01971
01971
07045
07045
01006
11741
01533
17103
18828
10111
21911
21909
02027
10237
10238
03297
02054
10439
10441
10440
10440
11961
08305
10112
16554
10009
07577
02027
02026
19092
10764
01494
07300
13582
07090
06953
03724
03282
00426
00425
02029
02029
01652
12257
06041
07265
07080
07090
07397
12658
00285
01858
07300
01581
01584
00611
00926
00883
01714
01684
02053
03335
00375
01433
06151
06152
03704
03335
00479
07734
00375
15861
00404
00405
00407
00406
02053
02593
02585
02584
00313
03522
03521
02588
02586
02596
09694
09695
14160
03411
02409
02401
02410
02417
02416
02556
02391
02412
02387
02388
02408
02392
02386
02394
02393
02415
02419
02406
02406
02406
02406
02557
10564
02390
02396
02397
06602
06601
02389
02420
02400
02421
01491
02529
01707
02029
02029
03585
03758
03758
01476
01486
06901
01486
02167
02002
02013
02015
02015
02016
02053
03885
06859
10441
05346
13482
13481
00019
00864
01265
03977
07403
02302
00372
00363
02057
02057
01920
02002
04078
04077
10441
15408
02038
02036
02039
13583
04083
06195
13821
06940
15977
02431
10552
10553
10554
01465
00762
00847
01810
00981
00459
07636
02040
02037
07301
02275
07058
07058
01812
01815
02529
10441
11177
11178
13483
00067
01790
03527
02204
07735
03790
01733
01999
03575
03529
00957
00390
02167
06193
02197
02198
00982
07716
01256
04046
00311
02002
02001
01241
09771
00817
08309
01714
03664
03060
06966
01613
00764
03558
04485
01775
02939
02963
02990
00645
02078
09458
07082
00942
02528
00097
03771
04744
11720
07091
01255
02339
06158
00940
01997
03636
01991
02259
00145
02996
02871
06929
01740
06995
01358
03544
01338
03530
00330
00331
00332
00333
00334
00337
00338
00339
07240
01524
01061
04761
03781
01919
09761
03306
11472
11473
01246
01892
02502
00765
04078
11753
01870
06178
01448
02836
00858
01118
03218
02358
03073
02601
02867
02863
02864
02935
03043
03046
02950
02992
02355
02946
02906
02926
05366
02892
02886
02965
02890
02982
02878
02904
02961
02874
02895
02931
02954
02994
02933
02881
02988
02907
02876
03076
02952
02948
03040
02879
01803
03075
01937
01627
01689
00161
00162
00627
00382
03644
12506
07708
07712
13598
13599
03666
03665
02302
00381
00528
09972
09971
09970
09969
00640
06891
12257
02291
04094
03545
00281
02437
00605
07454
03701
03642
01356
02601
01142
03723
09159
03655
03824
00820
04042
03324
03770
00766
01609
03637
03750
02057
02057
01004
03185
07088
03321
01872
13587
06204
08296
06918
08990
00950
01633
00796
04755
00413
00412
00411
03216
13639
00228
02065
02066
05820
00029
04719
02529
03704
05539
02601
02034
01999
02230
02234
02231
02232
02002
02000
01821
14083
03531
02011
02012
03704
02970
02002
00053
13888
05685
08369
03885
01779
03474
05800
03088
01915
02053
00794
01628
02034
09986
03924
04095
03088
01649
01358
09457
13503
01938
02002
02001
02000
07226
00822
01486
00874
02034
01273
06886
02313
03088
00989
03705
03687
03092
06861
09774
11719
04773
05788
06969
03437
03101
00029
03555
00990
01783
01070
02012
02012
02011
03324
03310
09165
02013
02015
02016
07080
02355
05836
02034
07406
02616
02609
02610
02611
02612
02613
02618
15866
13747
02529
09955
00788
03149
03154
03147
10126
10125
11103
06164
06165
06166
02043
01915
07795
02012
07649
10441
06606
03652
00703
01991
08281
07090
02034
00763
00790
00013
02518
06287
09862
09803
03477
10559
10560
03534
03413
03407
03408
03412
03413
07282
02034
01821
00376
07218
03734
05916
07322
14166
00406
00407
00405
00404
15861
14986
02568
02567
02570
02572
07234
06911
02448
04561
02305
02164
03186
03182
08303
01945
08223
03179
07566
00479
03215
06442
01662
06911
03602
07107
03523
09927
03568
00275
00208
01736
14652
02275
02276
07282
02034
11216
11531
10558
10556
10537
10539
10538
10441
00111
00880
01628
02057
02057
03435
01953
07302
07303
02168
02529
07007
02057
02057
05878
05879
05878
05879
06145
01953
09799
03710
03980
01867
03789
00655
06168
07042
03820
00789
03439
09760
01462
00604
06173
05592
06966
10778
00930
03978
03217
03536
02914
03446
01142
07020
10979
14977
01608
01483
02529
10441
03522
03521
06222
02034
01707
08369
05845
05846
05847
05846
14083
00315
07303
07302
02057
02057
00337
00338
00334
00333
00332
00331
00343
00342
00340
00339
00573
03408
03407
03412
12511
12510
02283
02651
02282
02279
02278
02011
02012
00098
02029
02029
07726
00013
02053
01745
02034
03704
00697
10441
05520
00404
00405
00407
00406
06188
00925
00208
01053
01815
00262
09003
03168
02016
02015
02013
01790
06978
10545
10543
03735
10235
01690
01057
00036
01915
07007
01637
07110
11073
11076
11075
11074
07289
02011
00140
02012
13772
12368
12369
12370
12371
12372
00285
07507
01053
01686
00098
02575
15784
15783
01754
01799
02029
02029
15782
15786
15785
05813
02002
10856
06915
00826
04564
00117
01354
11068
05566
05567
05569
05571
02426
11357
05366
09160
09928
00997
03100
03685
01126
00574
06959
00012
08679
03584
07093
06950
07140
03517
00278
00767
11004
11003
06980
01883
01649
05786
03703
07115
14205
11175
07180
09786
01462
06213
01752
07001
01495
01933
00937
01524
03684
01876
02621
01698
00600
07738
11752
00793
00794
03625
15987
03621
00648
04764
00340
00341
00342
00343
03524
05606
01881
09808
02337
02346
11443
02913
12573
03168
04096
08591
01465
00609
09456
07447
02435
09982
02434
00684
01961
02160
03786
08300
07478
01091
06199
01070
09768
03801
07001
03592
02527
01091
00912
03572
14083
01631
00883
03284
03549
02108
02110
02109
02109
03470
03638
00919
02523
01878
03744
01879
00615
00615
05800
09005
03704
07462
00003
14261
03821
06206
01265
03630
00322
11717
09015
09013
09014
04487
07018
09001
01866
01626
09924
01807
01091
07006
03639
03752
03753
02029
02029
05800
07716
00901
00768
02233
06938
06985
10806
09922
03702
09823
09816
09817
01198
02529
03310
06996
02517
09458
09458
02372
02227
02225
02224
02189
07090
03088
01721
03704
01653
01652
06915
00791
01079
09707
09937
04087
04088
10010
08998
01868
03829
02622
03694
02503
09919
02967
02357
09903
02838
00806
00981
11749
07277
02536
02372
00677
00748
07461
01647
03561
00573
12340
09991
01873
06076
01142
06131
01129
01887
01207
05896
06024
03116
03117
03118
01875
03787
00573
06923
03210
02469
03823
10680
00384
12989
03624
01955
03327
00954
07568
00773
07124
06167
03424
01874
02341
00943
11743
11742
01738
00259
01754
03809
04751
01915
11940
03564
07141
07402
01999
01783
01756
07002
10218
01923
01952
01952
01952
07390
07552
07552
14058
01425
02986
06915
01776
00031
09985
03657
05805
03408
07152
02687
06978
09964
02053
00137
13255
02016
14083
00315
01761
09136
02078
09807
03832
07225
02016
02015
02013
03088
10229
10228
10227
01464
03189
03188
09883
05527
00831
03431
03798
04075
03640
03641
03562
07107
03551
03550
01159
09769
09888
00615
00134
09957
00927
01623
13592
02909
03187
07726
01428
02529
12941
02034
10441
00005
06859
01625
10441
03710
00615
00620
03070
01895
01247
01894
07058
03521
03522
00074
01755
01586
00760
09812
09811
00655
00220
00817
02902
09125
02557
00788
01805
02529
03543
13653
04567
05559
05560
05561
05562
05563
05564
05936
05895
03394
06042
02229
03648
02020
02018
02019
00166
00167
09699
00382
01433
00451
03733
09973
00382
00658
00164
01902
01903
00024
06916
00240
00239
00242
09780
00057
01749
02498
01951
02221
06207
10117
07497
10562
02600
07742
02519
02834
02956
00962
00208
01716
09826
00800
00945
02945
03684
07461
07401
15977
06140
03596
04568
02356
00574
02520
02916
02887
01889
01890
09792
00404
00643
07152
00375
00384
03313
03284
04077
01939
13745
03897
15256
13483
11178
11177
02346
07090
02057
02057
03782
00123
02380
01042
03833
02034
04077
04078
03704
10255
03088
02280
03704
07118
02034
02048
02045
03549
10546
10548
10547
11927
01483
07127
00362
12308
00941
00963
06920
01737
10026
02471
13483
11178
11177
07112
02011
02012
03430
03324
03852
15552
15551
00375
14189
00973
03760
01993
06999
15975
10125
10126
15581
15580
01624
00823
00925
04079
00252
14083
02041
02044
02042
02042
06162
05774
01468
01745
01712
05846
05847
05846
05845
02431
11534
06894
08151
04080
00604
13013
01955
00955
00957
02029
02029
02048
02046
02047
02045
13766
01640
01968
01969
10557
10555
02078
09688
09689
10107
07266
09688
00606
02529
07289
06041
05367
00606
01918
01972
03631
05807
02535
03531
03590
03589
01921
06188
00075
01924
02563
03588
01925
01000
01929
01928
03587
03438
03925
05801
00297
01652
03086
00060
03654
09117
01956
00812
03704
07659
07638
06878
00286
13292
05810
00948
09959
05782
02897
01056
06891
06942
00759
01429
09984
01430
03190
01999
01996
01995
01998
01997
06999
15975
02053
01915
02275
02276
02276
06886
01915
01999
01995
01996
01997
01998
00823
02034
03695
02493
02835
08484
00928
02651
01735
00891
01962
13979
09969
05836
02002
02001
02000
01745
09975
00566
06975
13584
03413
13588
06180
03089
01939
07090
01588
01589
02919
00873
09948
08602
01665
01772
07340
00963
09795
00266
01620
14347
02034
04080
13589
01687
03088
00457
03710
02029
01126
02034
01999
01995
01996
01997
01998
00847
00099
02888
02899
03979
00931
00147
00969
09710
00783
03797
09798
08311
03594
14161
14160
01644
01704
00651
05838
07157
09791
03185
10805
04752
03320
03466
01142
08296
04762
00023
02911
03814
00795
00817
13688
00812
00822
02529
01284
00052
01696
01695
01963
11754
03671
01251
08482
01999
07124
13993
07402
13482
13481
07127
01477
06901
01486
02053
02529
02034
03534
02029
01755
15778
00978
07276
09790
03088
09930
15977
13924
03412
01684
13483
11178
11177
00694
02053
01808
09808
02012
02011
12454
15257
07124
01821
06139
06138
06137
06136
03841
00855
00615
01624
02034
01714
03186
02057
02057
02034
07090
15736
05343
00156
00014
03088
06178
11381
00658
10441
07238
03781
07006
00286
02529
07406
15977
03466
08995
03088
01512
01040
02624
00481
00457
02623
01055
00449
00448
01857
06044
00299
14980
14981
01610
15034
03919
02500
01814
02501
01693
01419
03667
01638
15012
15011
03579
05779
05778
05777
02057
00761
01839
02651
02278
02279
02280
02281
02282
02283
12510
12511
01255
12972
13896
13895
13894
13893
07261
01734
00215
10778
10773
04043
03686
03601
00832
06987
01951
09947
03284
07231
03500
03642
06153
01591
02338
07056
07460
01920
07391
01738
03809
01999
01997
01998
01995
01996
00097
05780
05781
06163
03543
03610
03609
03608
01714
03585
02300
02299
02298
02297
03088
01804
01709
00978
10979
10979
06996
00688
00975
00703
00305
00303
02970
00325
00324
00324
07010
01581
01625
07146
02073
02072
02071
00643
07278
09800
01476
03408
00126
02379
00123
02444
00111
11605
11606
02114
02112
02115
02111
02113
04066
01703
07552
01940
06941
01975
02003
06890
03823
01358
01681
02194
02195
02199
06190
03110
01778
03106
04092
02959
02860
00554
07090
02884
02029
15738
02064
02063
03089
07736
00133
01673
00868
15371
00602
03500
03799
01895
09987
01908
06997
01869
03643
02340
03501
03495
03650
03628
08973
01599
09773
06287
00014
00859
03071
07113
08304
02470
01685
10441
07043
01817
07168
01491
00305
00303
01915
01433
00605
00605
01534
02057
03306
07220
03629
03577
03585
07106
03710
00820
01443
06203
03745
07335
05373
15721
07088
00826
00979
03426
02343
09747
06187
09748
02837
03337
03335
03336
03338
13038
03688
03183
02968
06999
01438
12972
06995
07246
02034
03704
00479
03310
03704
03154
05366
03587
03657
07667
07646
01548
01547
01546
00836
01008
02529
01706
02529
02029
02029
00824
01266
03186
05836
01652
02053
02029
03098
02034
15584
10979
00817
15975
06911
03809
15977
18334
18831
06998
18335
16562
16563
16553
16561
16560
16559
16558
16557
19733
16552
16556
16555
16568
16567
16566
16565
16564
00570
14218
14226
14219
00064
00064
15269
14232
13060
02032
02029
02030
14219
14234
14225
14234
14231
14223
14223
14232
14233
14237
14221
14221
14234
14236
14225
14228
14228
14233
14218
14222
14220
14224
14224
14224
14224
01978
14230
14230
14230
01985
01985
01985
01980
01980
01980
14218
14218
14218
14227
14227
14227
01977
01977
01977
14230
14237
14233
14225
14233
01983
14228
14237
14238
14219
02014
14228
14229
14219
14229
14228
00130
00130
02358
02014
00101
07657
14235
02424
03406
00626
07258
02274
02258
16087
01258
02033
02035
11530
10439
10440
00059
02056
02031
02034
02033
02035
02056
01639
02029
04750
02428
02806
03396
02049
02050
02051
08738
00121
01092
01092
02035
02033
06934
02033
02025
03153
01847
01965
01966
01692
00046
07793
10439
10440
05499
00567
06910
16079
16079
02056
08167
02342
00135
10440
10439
06889
01607
00625
13953
16079
03406
00852
01439
00674
07025
07305
03406
00046
13641
09702
10439
02025
01916
01222
00799
18552
10440
00799
02200
02200
00799
07126
06147
00059
03635
01480
00058
03455
01092
03593
02116
01759
13628
00383
01679
06988
03406
09815
01192
00033
00799
03406
02035
02055
07025
00045
02049
02050
02050
02051
02005
02035
02033
10440
00058
01619
00854
00854
10440
10439
00854
02050
03769
07232
09705
03177
00564
00647
07305
07304
06889
07397
02056
00124
00127
07126
01578
06889
08167
01854
02033
02035
00010
02025
01784
06147
01011
02010
00625
00059
10439
02035
15582
11085
00135
01479
12373
02025
01482
01619
04477
01082
02025
10112
00851
06147
01782
00626
01784
11072
01760
03756
01478
02025
10112
02055
03478
00010
02055
02052
00135
03855
02591
02587
00059
02592
14162
06118
07098
01934
06147
01092
07126
00854
01885
00595
03560
02228
02017
09992
07304
00241
01409
01719
01507
01113
02433
09471
03406
01907
07315
00799
05816
05815
05814
00598
01560
07104
07305
05565
05568
05570
01259
00799
02433
06179
00121
09949
07126
02010
05595
07054
07258
01011
01119
03498
01496
00769
02035
07343
07161
07793
02533
01262
07032
13622
13623
07273
00639
00970
01082
02052
02055
01480
09471
02025
08738
02274
02035
02035
02033
00568
04763
04085
02619
00808
01259
02033
02035
02033
02035
00548
14162
01785
15578
15577
15576
00799
01607
02052
02055
02033
02035
02025
07273
07213
01601
02055
02052
00135
02010
01092
02025
01601
01602
03518
03406
03409
00575
01258
02033
02035
00059
14987
02569
02571
00368
04748
13953
02025
10112
00058
02025
02033
02035
10440
02033
02035
00626
08738
00830
02056
05524
00626
01958
06147
11189
02793
00867
01523
01489
03783
00758
01488
00845
06147
07027
00799
01243
07338
00799
01560
03519
02056
02033
02035
07027
01469
10440
05499
00799
02035
01039
01607
00799
02056
05568
05568
00575
03406
00046
07032
02035
02033
19164
02427
00088
00939
03743
03499
04765
01760
00799
02056
06196
00626
02067
01916
02035
02033
00548
00548
02010
00799
07120
02052
00058
02025
11071
08299
02035
02033
07393
02033
02035
00700
01835
01470
03519
03518
03406
00124
00127
00059
03711
11604
11607
00616
05833
05832
01989
01724
02004
02193
00949
06902
02342
02510
10440
00799
02025
02056
06201
02433
07304
08738
04518
00059
10563
01692
00135
01560
07025
02035
02033
02025
00799
10440
10439
02056
02033
02055
02052
02028
03455
07807
10439
02055
02052
06988
01607
10440
10439
10440
10440
03469
01560
10232
10233
10234
01474
01478
03498
02014
02052
02055
10439
00101
02056
01209
02025
02025
02056
07213
14232
14230
10716
16087
02029
00122
00104
16074
21449
00529
00529
00529
11069
01178
00087
10710
02055
07165
01048
03699
05351
02052
11069
03202
03202
09386
07346
07782
16514
00253
01069
16515
10831
02054
02054
02054
02054
02054
07482
07482
07482
07482
07482
00355
16552
10804
12262
21430
11072
11070
16165
02035
02031
02054
16329
12252
16171
05799
16348
02031
02035
03445
02062
10544
04782
03321
11959
11960
10237
10236
10190
05350
17213
10238
16783
10189
10119
10117
10118
10440
01166
01166
15555
00065
10118
00042
00042
00042
15035
02031
02033
16784
16238
15583
10823
11962
18829
10119
11963
15553
18828
13015
13015
18981
02031
02032
10191
01190
10188
00336
10236
13786
02030
02030
02030
02030
02030
02030
02030
02030
02030
02030
01239
14998
02031
02032
00128
00128
01834
00956
02030
02028
02030
14666
10565
06016
06016
02030
02030
02030
14658
00895
01467
06075
03559
10561
21564
00265
14998
01426
01487
01487
01485
00108
16871
02303
09810
09810
14661
14659
02196
16841
14657
14660
02058
17226
10439
10439
08316
02029
10440
10439
10440
10439
10440
17316
17315
17317
17227
17317
17316
17325
17322
17323
17321
10439
10439
02488
02058
10439
02010
02057
17202
17214
06218
10440
10441
02028
17103
02058
11209
11209
02028
02028
02028
02028
09972
02028
00480
10441
03457
17324
17247
00040
02028
10440
10439
10441
10439
10439
17315
10112
17203
17204
17226
02028
10112
02027
03574
17215
01990
01990
01990
11069
10112
02027
01992
01992
01897
15554
02010
11071
11070
10112
10112
10112
02027
02027
02027
10111
10112
10112
10191
10112
10112
10111
10191
10111
02026
01533
01739
10111
02054
10111
02026
10111
10111
17662
01533
17675
00102
02058
17723
01130
01130
01130
01130
17836
07684
03566
03566
00881
03566
03566
07493
07493
07493
02026
02026
02026
02026
02026
02026
02026
02026
02026
02026
02026
02026
02026
02027
02027
02027
02027
02058
00537
02027
17836
00135
01843
00661
00128
00128
00884
00128
00128
05603
12574
00254
02027
02027
02027
02027
02027
02027
02027
01187
01187
17735
16844
02031
07493
03520
14742
07064
01505
02031
02032
02031
02032
02031
02032
02031
02032
02031
02032
02031
02032
02031
02032
02031
02032
02031
02032
02031
02032
07506
07506
07506
05973
07506
17938
00433
01485
09017
06998
17947
01432
01133
00433
12540
02058
01139
01286
06148
06148
04771
00663
21449
15270
00004
03719
03719
03719
19270
00329
00356
00001
00001
07222
01286
02058
17850
00008
07782
01473
04343
07076
11747
01768
01768
01768
18277
18234
12539
21686
06140
02078
02569
01953
03521
03310
00957
00955
00820
02031
02032
07657
00330
02057
02057
02056
07335
03648
05836
03566
00812
00101
01816
04077
07088
04077
16841
03671
03149
00405
04077
02078
04078
07266
05606
06041
16566
13583
21430
18138
02351
00138
03446
18457
18480
18588
00862
00681
02477
07794
18554
18661
18676
18707
05366
18828
18829
10747
21620
18901
18910
18829
18831
18902
18910
01971
18828
01971
18893
03497
04940
14657
03194
03201
03203
03204
03196
03205
14657
03205
18829
03196
03204
03203
03201
03194
11811
04565
07389
03111
03496
00662
03497
03496
03497
07473
16898
03496
03496
07483
07483
07483
07483
07483
07483
19055
19055
03976
07495
07495
07495
07495
00334
07045
00335
00335
07050
07484
07484
07484
07484
18979
03526
16899
03497
07481
07481
07481
07481
07481
07481
01820
02483
18991
00611
18996
18996
18997
06893
07493
02032
07746
07746
07746
07746
07746
07746
07452
19092
00433
19221
01406
13581
12448
00336
00433
00798
19147
19181
19166
01710
19166
01621
01239
19191
22468
22468
22468
21498
07062
19191
01621
08678
07317
08678
01066
00020
00020
19265
01785
02031
01992
01992
07497
07497
07497
07497
19342
04771
19267
00035
19339
06867
19340
07100
19341
02031
19300
19510
00984
19577
10938
00799
00663
17686
00992
07102
19670
19686
19687
19689
19687
19687
07064
19686
19687
19713
19686
19732
17722
06132
08744
07147
19802
00632
09796
07484
02022
19733
20807
21395
00525
20431
01236
03200
03198
03197
03197
03198
03200
00304
00302
22131
21394
03195
03199
03199
03195
02056
02021
02032
03296
11529
11529
11529
03496
05836
19244
07497
11751
01214
02438
19591
20966
21054
21062
21014
01768
01768
01768
01768
01768
01768
01768
01768
01768
00821
21116
01768
01768
13877
13609
00529
06952
02314
06217
02316
00558
00857
07313
03553
03676
03791
09882
07474
01520
01185
00287
00560
03791
01185
06952
05710
02483
09806
07482
15270
00249
01271
01800
01768
01144
02335
02054
02057
02022
00108
09017
00108
00108
02022
02032
02032
02032
01784
02031
02032
02031
02032
02483
05799
05710
05710
02057
02054
07005
03651
21394
21395
21393
21393
21395
22044
21420
21405
07497
21470
21470
02483
21622
10914
21495
02493
07334
21498
21603
01451
21645
21621
22081
00344
00344
00344
00344
07334
21703
00344
21829
21829
21832
21832
21832
21948
21910
08365
21929
21929
22025
22549
22044
22044
03892
22024
05802
05802
22025
00302
00304
05275
22082
22067
08319
08319
22083
03595
22130
00015
14274
22129
07183
22104
22187
03892
22215
22217
03294
22186
22216
01687
22293
22293
22310
11991
02257
22342
22344
22343
22348
11206
00590
09123
22551
22548