02030
02409
02483
02483
02412
05515
03832
03559
07708
07712
04565
02496
01719
03559
06131
03474
02014
10979
00500
07001
00507
10563
03670
00857
03656
09915
01591
03554
07043
00266
06877
03924
00655
07019
06910
06153
01915
03320
08304
07167
05365
03587
02411
03787
00161
00163
01011
08307
02653
00859
00833
02654
11381
18146
08082
05366
01585
02417
08083
05367
00794
03811
02014
08738
00311
00252
03216
06940
01921
03690
03688
06175
09924
01284
03785
03100
01638
01637
01968
07004
07018
06916
00525
00526
01433
09765
00140
05539
09933
02670
09690
09691
03522
03521
00973
01790
00067
01028
01029
02067
02065
02066
03746
01881
03789
00333
00332
00331
00330
03075
01803
07014
03431
01695
01696
01817
06173
06996
00133
01736
00797
07391
07152
02300
02299
02298
02297
02014
02106
03179
02082
01443
01012
02410
02408
10941
03092
02422
02407
02406
02406
02397
02396
02395
02394
02393
02392
02391
02390
02389
02388
02387
03415
02386
02398
07153
00566
06891
03694
02518
00684
09919
00384
03634
07478
07320
07152
01613
06915
04760
01494
03593
07386
07386
07443
00383
07148
03775
04075
03602
09940
03592
09889
03568
08301
06287
09807
03832
02014
03758
00783
03572
00075
01714
03412
07112
07112
01442
00872
01733
01892
00765
00013
00817
09780
06178
02193
02194
02195
02197
02198
02199
02200
02200
00641
00425
00426
03449
00147
00931
01755
00145
01438
01940
01883
02426
06204
08998
01465
02356
02687
00981
00995
01945
03089
03648
09811
09812
03732
03671
03807
03594
02192
02501
01814
02500
06201
02429
00847
01192
02356
01640
04758
04759
01956
01955
03624
07462
02044
03799
00023
09973
03557
00912
00979
03703
01963
03609
03327
04066
03885
07461
07799
07788
07789
01626
04077
04078
03926
04084
00380
06996
07258
03786
03594
03543
03218
03683
09929
09930
02039
02036
02038
02037
02040
02040
10773
00822
09472
09471
07010
00901
00216
02364
01252
02361
03322
03671
00526
00525
02168
03088
03281
07507
00615
03924
02666
02665
02662
01647
02909
03655
03060
00942
00123
00127
02380
01042
03833
01008
00989
01262
09895
09888
01807
03110
03110
02339
01255
07091
03981
01952
02454
02456
02457
02459
02461
02453
00763
07345
07347
06901
00600
07738
00793
03625
00946
03777
07460
07121
07056
03925
01142
08218
09001
01866
03797
06076
03811
02275
02274
02258
02276
02259
02316
07058
09117
02970
01409
01633
08641
01873
05516
02003
06199
06886
07007
07146
07220
03306
01937
01627
01689
05589
00991
01770
06176
06997
01951
03088
03832
01584
03805
06959
03821
09920
09773
01007
10680
02527
02517
11103
02012
07649
03300
06949
07390
01241
03543
07234
01919
03978
03673
03673
07154
03823
02919
00945
02945
05788
00963
00940
06941
02656
03977
00088
01951
06915
01679
01756
00164
00382
02314
01953
03424
06077
03704
09793
01676
00528
00432
01284
00574
06975
03305
04564
07400
01724
03832
07238
06179
08300
04096
03747
03168
07566
04773
01448
06925
03601
03684
07119
03098
01662
04764
01889
08311
02996
02871
06134
01611
10914
01609
00766
01658
09807
01657
01783
01923
05560
05561
05562
05563
07301
00451
00457
03305
00453
00162
00627
09781
03098
02836
01652
04567
02167
02168
01681
01682
03412
03411
03408
03407
03413
03408
02557
02556
03407
03414
03413
02405
04562
02404
02400
02401
02421
02420
02419
02418
02416
02415
02413
02887
02916
02520
01868
00962
02956
03177
02834
02519
02600
09748
00343
00342
00341
00340
00339
00338
00337
00336
00335
00334
11073
11076
11075
11074
00135
03284
06189
07042
06217
01993
00411
00412
00413
03599
03600
00767
01588
01589
04564
07390
06966
08084
02672
02674
02655
08084
03702
02238
03559
02278
02279
02280
02282
02283
01521
03777
00101
00427
07507
06978
09005
00788
01845
07157
02558
00939
03832
03088
01507
02014
03147
00681
00053
11258
01754
01649
01703
01704
00052
00573
03666
02014
03585
03577
03667
01419
09921
01778
09790
01354
03098
02072
02071
09767
09941
01414
01738
00820
02003
02114
02112
02115
02111
02113
02109
02110
02108
00382
00627
07275
00111
05523
03664
09801
06186
03631
03705
03687
04043
08223
03088
06966
07568
00773
03210
03072
03074
07007
09768
03704
00759
05591
10536
02469
08963
04568
01972
00817
03528
02939
02963
02990
01893
07734
00452
01556
00486
01141
00858
03585
00548
00548
05820
03745
00012
00432
00864
02073
07283
01749
06999
03669
01915
02014
03746
03086
07560
02517
09167
08981
03500
00604
01462
05592
06182
08973
02337
03470
00677
02372
02536
07277
00099
00981
00806
02838
09903
02357
02967
07347
01265
00990
01439
01953
06911
03559
02452
02457
02459
02454
02460
02456
03088
00380
02018
02020
02575
00374
00373
00371
00370
02575
03752
03635
03750
03639
02668
02667
02652
05844
07107
03154
03149
03439
03282
03214
03310
02014
01738
01623
00873
01091
00927
00134
07275
02498
07727
00645
00116
05596
03305
09958
10680
03701
03435
00882
02769
02770
07267
03576
00549
03893
03088
06911
06188
06911
06200
01283
07552
01939
09937
04087
04088
02658
03594
06894
02688
00275
09165
00891
01735
01599
03501
01142
00154
09800
01879
01878
02454
01951
03118
03117
03116
01772
05782
09858
08289
10805
07107
03701
02888
02899
03979
02968
03980
01870
03101
03527
03778
02297
02298
02299
02300
04485
04079
03106
02959
02860
00554
02884
04762
00874
07799
03610
01251
01595
00789
00852
02003
00901
02621
02460
02160
03608
00982
09125
00163
07032
07386
02557
02556
07305
00285
01775
01716
02346
07118
01935
07305
07639
01737
02014
02494
00919
00948
02897
01056
06942
02358
03073
02601
02867
02863
02864
02935
03043
03046
02950
02992
02355
02946
01673
03525
01867
03761
05786
02003
01255
01887
03630
01520
07667
07646
01548
01547
00762
02906
02926
02892
02886
02965
02890
02982
02878
02904
02961
02874
02895
02931
02954
02994
02933
02881
02988
02907
02876
03076
02952
02948
02986
03040
02879
03438
03586
01928
01929
01000
03588
02563
01924
01921
03589
03590
03531
02535
03070
03744
06872
00560
00287
06195
02528
00097
03771
04744
00798
03185
03184
06968
01886
00616
06140
04761
03387
02493
00324
03088
00324
00325
00826
03809
07058
02835
02492
03611
01626
06207
06177
01908
06178
00639
03558
00764
03269
00937
03676
03545
03544
01338
03530
04564
00057
07154
06996
07223
03071
09696
09697
03724
06953
03704
00760
03215
03584
03595
03685
03100
03596
09181
06213
09902
09458
07107
01745
02078
02078
00426
00425
03088
02335
03657
06131
02913
02902
00995
00573
06194
07574
02427
03798
00796
00791
03665
03743
03688
01356
03553
03565
01872
03563
03088
01114
06911
07175
03564
03567
01714
03824
03199
03194
03196
03195
03204
03203
03205
02014
03658
02014
03559
08309
01443
00845
00950
07395
00033
03797
03644
03801
09158
07258
03642
05837
05837
03571
03570
00856
03183
00950
00606
01918
01579
01810
01690
01057
00845
00036
06980
00241
00242
00239
00240
09159
09808
03575
04079
00954
00681
00761
01507
01669
01118
01875
03832
03832
00800
00831
05836
01468
01745
01712
09710
00969
02340
03643
01869
05838
02170
02169
01754
03495
07664
03924
01687
03722
00014
01698
08994
01278
03832
03933
00077
03424
03579
06181
09975
00380
03734
09939
07336
05710
09015
09013
09014
01925
02523
08482
03111
01153
09760
03427
02016
02015
02013
03098
00574
00574
09701
00507
03088
01118
07240
03325
00384
07141
07402
03088
09125
03616
06193
04046
03088
09912
07043
06182
00263
09456
07577
09927
01752
00641
02837
11068
07290
03814
04083
02014
06445
08987
02437
00605
07340
09771
08312
09761
02487
06596
02660
02658
01920
03832
03722
03578
03654
01495
03581
03582
03583
02065
02066
02067
07323
04754
00432
09760
06969
01126
03650
03217
03536
02914
03781
03555
01993
01265
03928
05982
07386
03723
07115
07663
07641
06143
01885
09823
02014
02014
01531
07507
03088
02379
09950
02003
07156
03671
03088
07233
09981
06920
03640
03641
03646
03560
03562
07107
03549
03550
01159
01876
06158
02014
03455
01740
03695
06901
00156
02014
00697
05810
06180
05807
01902
01903
10715
00658
02657
03587
02659
02455
01962
00799
02622
03770
08307
03469
02342
02343
09747
06187
07285
03924
06287
07040
02911
00648
00645
02078
09458
01657
07082
00943
02341
02676
06906
06908
06907
06903
03561
03466
08167
03760
00124
02313
02338
03629
02470
01894
03569
00567
06958
07222
03316
00832
07090
01895
01091
02017
07661
07665
00030
07774
00666
05794
03841
01834
07637
07660
01625
01625
03561
03561
00265
04063
07052
07778
07693
07642
07657
00868
02529
02529
02529
02529
04090
00564
01525
01953
00799
09474
01259
12297
01768
10763
07102
02014
02014
00286
06997
02669
02670
01246
07735
07447
00609
06213
08483
02821
06023
02806
05808
03092
06861
09774
03270
06041
00790
11175
08984
01933
09938
01420
01420
11747
01784
01784
12251
07304
08964
07506
00575
00575
04517
00299
11178
00108
11742
11743
03496
03496
12262
04763
03733
03686
04047
01890
00970
00821
01874
11211
11085
07636
03551
03198
03497
01961
01983
08483
11183
02768
06024
01652
03529
05896
05596
02455
02453
07644
00631
02461
02462
03719
01546
06222
04565
03561
00652
00253
03711
01092
05527
01104
00031
04042
10026
01897
00820
03426
08224
07278
07122
01154
09019
02226
06905
01759
11749
09974
11811
11927
11755
02458
07126
00906
02671
02458
00228
01950
12982
08305
12526
00657
06597
06598
03446
04751
04751
00297
13069
11754
07687
03791
07687
07074
03759
01187
01187
00117
01515
01720
00459
11931
03827
07124
03088
00059
01207
00059
00059
00059
03769
00059
00059
00059
05564
01271
13053
10804
06889
06889
08967
11747
00647
01069
00748
07304
02650
07038
07502
13051
06983
07788
11719
00626
00626
09810
03568
01139
00060
01061
01081
00568
01085
03496
03574
02483
01710
11752
03417
03524
11753
00059
06168
00023
03719
00647
02237
00130
03386
01659
03762
01358
01358
11936
01476
11177
11924
02650
01089
01436
03286
00299
07090
07090
11717
07090
01444
11720
03768
00974
00602
07098
00355
06895
06895
01058
01322
00019
00675
07165
09950
09790
05685
00537
01424
00215
06183
13038
02462
02463
08234
13288
02081
00721
06867
00029
07131
05349
02664
03197
03406
03406
03406
00951
01990
03406
03406
09806
03636
07025
00090
12510
12685
12686
15539
02651
00219
13292
12511
12573
03296
03296
14058
01273
13821
01002
13529
01779
07221
08191
13934
13930
13929
13931
13932
13933
02014
13953
13815
03317
02014
07245
05524
11937
07679
01697
02414
01479
00055
12373
02014
07677
03933
03294
03294
03294
12524
01087
01782
11740
06879
00281
01491
10947
00537
01739
09880
02474
06075
07274
03568
09164
08324
01791
07216
00799
07397
09065
12979
13979
13888
05540
00297
02004
03310
13775
10778
00024
07276
03297
05973
18138
09925
13888
13888
07516
03793
02004
02004
02014
03088
02014
06147
02004
02004
02004
00795
01077
01077
00020
07346
01816
13483
02663
07017
00141
07114
07114
13816
13639
00121
01792
14228
14222
14223
14223
03088
01113
01113
03201
04750
03406
08081
14238
13628
01992
14229
07165
01977
01977
01977
01977
00799
14229
14229
14233
14228
14225
14232
14233
01070
02673
08281
01497
13633
00058
07677
11189
07486
07221
13766
00632
10918
01485
07459
07117
14232
02355
01434
02004
03585
14224
02013
14347
14287
14260
14228
14219
14221
14221
14221
14221
14233
05559
19591
06867
06992
00799
02477
01934
14234
14225
00433
14218
14218
14218
18145
07213
14348
14230
07017
11737
00003
01953
07017
02014
00059
14161
14237
14237
00941
14228
14224
14224
14224
00674
14236
14228
14228
14218
14218
14218
14218
02005
03772
03772
14205
06945
01426
07491
07491
01607
15396
14170
07346
03574
14235
14232
14232
05874
14234
14219
14234
14237
14231
14231
14441
01183
14218
06147
14227
14227
14227
14227
14225
14225
14225
14225
01524
01173
15125
01467
00508
05020
14415
14219
01978
01980
01980
01980
01980
01802
14237
14228
14233
14230
14226
14220
14220
01239
06133
14230
14230
14219
14219
14219
14162
01985
01985
01985
01985
01985
07506
03566
05499
07979
08602
00128
03628
01083
07483
14742
07165
10819
06078
00799
01729
00884
01715
08316
03699
01758
01990
03309
06977
07011
02483
02483
14645
14652
05349
14645
06919
01447
02030
00333
01969
00799
00799
01802
01447
07165
06954
18138
16013
13409
13408
15011
12340
15726
02363
06177
11939
15724
15012
04065
03293
00355
00433
17836
01992
19300
02358
14761
07215
15034
16012
11741
15726
15727
01082
15738
15773
03446
02428
15256
04765
15371
11741
16011
15725
08086
15778
15778
08679
15977
15977
15977
15977
10716
15918
15977
15987
19597
19736
03781
15977
18552
02014
07483
07483
05802
16092
16089
05886
16091
16090
16088
16088
16088
16088
19611
16089
16089
03301
16137
16137
02014
02014
02014
03321
16087
16087
16087
16053
16087
16371
01800
01992
07038
16211
02014
00209
01183
01990
02014
16087
16088
16088
00845
18321
18322
16171
16264
02025
10112
02026
02027
14219
02196
15035
17103
11209
02485
17103
17713
02028
02029
07649
07649
01990
01990
01992
01992
01992
15727
17758
17759
17837
19592
00254
18073
18139
18138
18072
03585
21449
18143
18144
21449
17850
04343
18118
18305
18294
18323
07789
18144
18143
18302
18301
18303
07260
18480
18555
18697
18844
10747
18893
20862
01971
09892
02847
18850
19033
03976
20074
03526
18979
07746
19092
08678
01992
01992
19302
04771
19302
19577
19577
19586
19585
19713
00992
12960
19696
19745
00799
06132
15777
19784
19804
19802
08992
01451
05770
21420
09796
09788
20455
20534
20525
22132
20755
20866
21071
21025
21023
08968
03892
21472
21472
21686
03741
03559
03442
03741
22318
22105
22292
22319
02257
22317
22320
13566
22478
22479
00424