12292
02028
08643
13925
01155
01215
19689
10040
01271
01390
01727
00046
02744
02745
07729
12556
04086
01104
02035
03700
02035
02056
01489
01619
00564
00867
03784
03783
03697
06286
14982
14983
03316
06196
03342
00845
00784
06183
02004
02030
02028
11144
03346
02808
02809
02810
00054
01641
06948
06147
04516
09787
02824
06201
07025
08217
03699
15051
02823
01759
02238
07052
03708
01262
00939
02240
16787
16786
02010
10563
10530
00158
04767
03574
02236
02010
01784
00033
00869
01597
00938
01823
11617
11618
03471
11041
02371
00059
02433
00059
02004
02005
00383
01835
07404
12296
07052
03574
07105
16788
07668
07652
00016
03177
01819
01819
00917
01635
02786
01220
02530
07177
09685
03698
00949
02004
01424
12296
12555
06183
01372
02795
02793
02794
13953
07052
15383
03491
02004
01281
00882
03436
07258
04488
00088
00841
12373
02795
02793
01785
07104
03498
11189
08483
01258
03492
05350
01104
03476
03493
07030
02786
01220
03498
03499
03048
03713
05362
15986
07570
03768
11209
00974
09762
02086
02821
02822
03475
06346
02248
02246
02245
02244
02243
00567
06147
06147
07729
05845
05846
01261
01784
02428
09976
01226
02817
02818
02819
03486
10823
15583
15582
07706
07052
09155
03488
02755
02756
02757
07009
05337
01784
02806
03709
03499
10947
01989
05832
05833
07816
00625
00700
09698
09705
07658
01934
00674
03693
15770
01788
01186
02025
01186
02004
02004
10041
03930
05363
12554
01990
01992
07386
02004
01834
01639
02025
02778
02779
01916
02564
06023
01092
11072
11071
11069
01176
04517
04518
10118
07586
06147
11031
01409
07052
01439
07720
03647
07052
16899
07025
09815
03294
06196
02342
01243
01515
07273
08974
03976
07533
06198
07052
07729
03475
02822
01191
09704
01206
01478
02795
02793
09815
02030
02030
02030
01938
03575
10716
02469
00876
03601
03602
13789
06442
03402
03631
03596
02531
02787
02788
00790
00954
01914
06890
03437
01512
03217
04069
01586
09760
01783
06949
02528
02003
05985
03424
02914
14260
02529
07778
02601
03073
01890
00549
00297
00962
00640
01883
11145
02003
01624
10040
10039
07462
03703
03311
02867
02863
07560
11065
02003
01870
04074
02221
06997
03531
03590
01929
01921
06187
00687
03655
01775
00997
01626
01626
07058
12267
07718
00791
03665
07124
06207
02003
01925
02563
03589
01591
00762
02029
02029
04567
03070
03977
07738
00847
01193
03484
03500
00604
04066
03060
00942
09710
00969
07574
07015
03671
09457
03789
02073
02071
02072
07718
03572
00794
14652
00793
11752
03550
01246
03284
00865
01689
16898
14540
03470
03800
00382
00627
00162
00161
03327
01465
03648
01126
04042
08602
16868
03664
01892
01687
00615
00615
02911
02913
00611
00926
01818
01628
00848
09816
09817
03740
00763
07568
02970
13292
02040
02037
02038
02036
02036
02039
01575
00075
01872
06969
03785
00014
01735
01736
00800
00891
16511
00003
00872
00690
10119
10117
07407
03524
03565
04077
04078
06878
00878
00788
16786
16787
16785
03707
00878
00788
00941
01223
01809
03308
07007
00761
01358
01999
01997
01998
01995
01996
02836
09812
09811
00789
02340
04564
06941
02959
06960
06188
09761
02687
07478
01193
02529
01695
01696
01817
01609
00766
01657
02011
02012
00965
02039
03701
07447
11754
06131
02946
02906
02926
02892
02886
02965
02890
02982
02878
02904
02961
02874
02895
02931
02954
02994
02933
02881
02988
02907
02876
03076
02518
02952
02948
03040
02879
07166
09157
02011
02011
02012
02012
04069
02759
02760
12573
03075
00859
03595
07042
02887
02916
02520
02237
00259
00259
00243
02838
09903
04094
07056
02341
00943
00286
00147
00931
06180
03101
12251
10536
13747
00797
14188
03739
03367
02440
00864
04083
03696
02939
05808
01738
02357
02967
03571
03570
16785
00995
03629
04485
01673
00948
06929
02313
02338
12267
12960
02864
02935
00262
02909
06199
06199
02884
06885
03106
03501
03744
03799
03584
03621
02078
01923
01923
01952
00764
01933
11175
00602
01945
01588
01589
01756
12308
02082
03100
08600
01772
03282
00133
01714
03650
01821
02835
02493
07566
00600
03215
02016
02015
02015
02013
06180
00134
00767
02761
02760
02759
04072
03210
00615
03217
03536
00925
01443
00773
01304
01733
07040
10773
02825
00609
01956
01955
05352
04096
03168
09790
00052
01704
00364
01126
02012
07507
06925
02003
00940
03046
03043
01878
01879
03734
06215
08681
11068
02029
00384
03218
01462
07282
07282
03710
01951
16785
16786
16787
08303
01142
03816
16169
00965
00849
02529
16264
03811
05847
02015
02015
02013
02016
08998
06178
06024
05896
07095
01776
15581
02761
00656
00005
01869
03551
00806
00981
11749
01881
01223
00820
02950
02992
02355
03763
06901
00796
11754
01495
13940
02871
02996
01223
02760
02759
02003
06959
07089
00873
00850
02337
03402
01153
01154
07341
01154
03427
03151
04487
03466
02768
02769
02770
09014
11717
09015
09013
02343
02945
01304
01867
00783
06942
01056
03723
04075
00760
03798
01939
11991
03685
03529
03110
00036
03702
10682
10681
02986
07146
03449
01091
01752
01752
02003
00566
03495
03588
01595
03086
13678
03979
00790
01265
03657
03630
07010
01926
04487
00948
00858
06180
09747
02888
02899
11753
03530
06158
01972
00975
00975
00703
01079
01810
07010
03555
03402
01887
07636
02040
02037
02038
02036
02039
00057
00963
05823
01866
00563
00688
00705
15771
15772
02529
01876
08316
08986
02761
00432
01625
00874
02746
02747
03210
03438
01000
07173
05946
00973
01790
00067
05366
07444
00826
02621
02622
08591
02057
02057
07335
00756
02968
01839
01807
01491
02470
03152
05837
01256
03545
03581
03100
07456
03310
01875
00928
00648
02078
00645
09458
02160
02372
01961
01963
01962
03625
02356
02434
02435
02837
02902
01874
02003
03523
00554
02860
02358
02440
02029
02114
02112
02115
02111
02113
02109
02108
02110
03624
07082
01924
01652
01653
00053
01754
06153
02346
00656
02761
02787
02788
16786
16787
16785
03216
01937
03324
00927
01915
01154
03427
01153
14155
15580
07461
02963
02990
01893
09861
01462
15738
00215
03431
06958
03978
03544
04047
01803
03705
03687
04043
03686
02503
07707
03439
09748
02600
07742
02519
02834
01873
01223
01889
00651
00759
03706
05592
08177
01928
00868
06173
06193
00945
06967
00615
00655
02956
07118
01868
16925
16924
16926
16926
11070
02029
17195
02029
02030
01990
10947
17318
17318
17319
17319
01992
01992
01992
01992
01992
01990
01990
01990
02011
02028
02028
03574
02028
00951
01598
17320
17320
07271
01537
02030
02030
17076
17073
17074
07260
02010
01190
07271
15923
01227
01990
01990
01990
01990
10112
17624
17686
01739
02027
00131
01467
01101
00226
03767
01791
00290
02768
02026
02026
07284
01658
17828
00537
02027
12574
12574
18220
01071
07492
02614
00004
06148
02769
02770
18104
02794
02794
18231
07052
02029
00259
18369
12295
03742
18474
00105
18581
18682
06896
18672
18692
01977
01977
01977
01977
06218
18892
18891
03790
06147
18816
03111
03111
07467
03111
07473
03497
06148
07484
07484
19002
13052
19159
05881
19157
01710
00571
12415
12293
19302
03722
12952
04771
13734
00525
07486
01992
02796
06881
01990
02796
02796
00887
07497
02538
21636
19971
10830
19972
20074
12132
20073
20112
20112
15580
02777
20107
20108
20114
20113
20113
20345
20342
18889
18890
01154
20343
20341
07052
01992
02913
07139
08987
02431
02242
16509
01421
12294
01649
01649
03574
07584
09772
02919
02913
19159
03095
07507
01154
01200
14233
14233
20344
01980
01980
01980
01980
21030
21064
01978
08968
14225
14225
14233
14224
14224
14224
14224
14224
14236
14226
14233
14219
01985
01985
01985
01985
14219
14228
14230
14235
14218
14218
14218
14218
14221
14221
00560
01493
02314
06919
14623
00558
06909
07313
01520
06191
00857
00287
02316
06919
04068
06217
07313
03553
14225
14225
02335
00571
14220
14220
14222
14234
14234
14234
14219
14219
14227
14227
14232
14232
14230
14230
14230
14231
14231
14223
14223
14219
14229
14229
14237
14237
14237
14228
14228
14228
00526
14228
14228
14229
14236
07741
21471
07497
07497
07497
07497
21567
21977
22044
03078
22278
17758
03077
03079
22441
22457