06896
15580
03798
02313
02338
01056
06942
03723
04075
00760
07171
10947
01939
11991
01835
01589
01756
12308
02082
04485
01673
00948
06929
03584
03621
02078
01923
01952
00764
01933
11175
00602
01945
01588
10682
10681
02986
01271
01990
01992
15051
08600
14226
01537
15051
14223
14223
14222
14228
14224
14224
14224
14224
14224
14224
00841
00657
14228
03498
03499
19689
12373
02795
02793
01785
07104
14234
14234
14228
14228
03293
14233
14233
02242
10040
02529
00849
00965
03816
01142
01696
01657
00766
01609
01817
01696
01695
07478
03438
01000
01776
07095
05896
06024
06178
08998
03324
01873
01937
06878
04078
04077
09765
03565
03524
07407
00690
05847
06901
00796
11754
01495
13940
02529
14260
02914
03424
05985
03216
01889
01890
02871
02996
07088
03466
00432
00927
01915
03705
03687
04043
03686
02503
03439
09748
02600
07742
02519
02834
02913
02911
01687
01892
01876
02529
00705
00688
00563
01866
05823
00963
00057
07010
01810
01733
08987
00773
01443
00925
03536
03217
00615
03210
04072
00134
06180
02913
03073
02601
03763
02528
06949
01783
09760
01586
04069
03217
01512
03437
06890
01914
00954
00790
01060
00687
06187
01921
01929
03590
03531
06997
09772
02221
03466
02768
02769
02770
07738
03977
06872
03744
03070
01626
01626
00997
01775
03655
00789
09811
09812
02836
04074
01870
02003
02956
02015
02013
02016
00655
06967
00762
01591
03589
02563
01925
06207
01624
02003
03706
00850
02337
03402
03979
13678
03086
04045
02887
02916
02520
02237
00259
00243
02838
09903
04094
07056
02341
00943
02884
06199
06199
02909
01955
01956
00609
02825
10773
07040
03799
03744
03501
07282
01462
03218
00384
02029
11068
08681
06215
03734
01879
01878
02470
03152
05837
01491
01996
01995
01998
01997
01999
01358
00761
07007
03308
01809
00941
00788
00878
03707
05592
08177
01928
00868
01265
00790
00873
01595
03588
08602
03664
12573
03075
02913
00859
07042
01839
01807
02003
01256
06173
06193
04047
01126
04042
04567
02029
02114
02112
02115
02111
02113
02109
02108
02110
08303
03710
01951
02003
03106
02358
00286
00147
00931
06180
03101
02899
02888
06885
02440
03151
04487
00969
07574
07015
00648
00928
01875
03310
07456
03100
03581
03545
07173
00656
02346
06153
01754
00053
01653
01652
02355
02992
02950
07778
02902
03470
00600
07566
02493
02835
01821
03650
01714
00133
03282
01772
03100
07560
11145
01883
00640
00962
00297
00549
00847
01193
03484
03500
00604
04066
03060
07862
03070
03076
02837
02435
02434
02356
03625
01962
01963
01961
02372
02160
09458
00645
02078
07444
05366
00067
06925
14540
12251
10536
13747
00797
02787
02788
02531
09747
00942
09710
07341
01154
01153
07074
07089
06959
02003
00858
06180
03575
06158
01972
00975
00975
00703
01079
00865
01689
06940
13653
03648
01465
03327
00161
03828
00262
02340
04564
06941
02959
06960
02945
02343
09013
09015
11717
09014
03530
02469
01740
00876
03601
03602
13789
06442
03402
03631
03596
04096
03168
09790
01649
00052
01703
01704
00364
03685
03529
11753
03110
00036
03702
01938
03657
03630
07010
01926
04487
00948
00162
00627
00382
03800
00945
03544
03978
06958
14155
01924
07082
03624
00763
12267
07718
00791
03665
07124
02040
02037
02038
02036
02036
02039
01575
00075
01872
06969
03785
00014
01735
01736
00800
00891
00003
00872
12267
12960
02864
02935
02860
00554
03523
02003
01874
02968
00756
07335
02057
02057
08591
02622
02621
00826
03427
01154
01154
03431
00215
01462
09861
01893
02990
02963
07461
15580
01803
00651
00759
02863
02867
03311
07139
07058
07568
02970
13292
00995
03629
01867
01421
00783
03703
07462
01868
11065
00864
04083
03811
03696
02939
05808
01738
02357
02967
03571
03570
02073
03789
03495
00566
01755
01940
02003
01752
01752
00940
03046
03043
01599
00820
01881
02988
02881
02933
02994
02954
02931
02895
02874
02961
02904
02878
02982
02890
02965
02886
02892
02926
02906
02946
06131
00648
03572
03555
03402
01887
07718
02072
02071
01091
03449
07146
09816
09817
03740
14188
03739
03367
02440
11749
00981
00806
09962
03551
01869
09157
07166
02879
03040
02948
02952
02919
02518
03076
02876
02907
11754
07447
01531
03701
03284
01246
03550
03811
02687
09761
06188
09457
10026
01737
06920
03671
14227
14227
14231
14231
14225
14225
14233
14233
03215
15581
14220
14220
14237
14237
14237
14230
14230
14236
14236
14235
14221
14221
14229
14229
14225
14225
14219
14219
14232
14232
14230
14234
14219
14219
01834
15583
04488
03294
00016
03177
06201
02004
07105
03708
00626
02240
05363
08978
03647
07720
01439
07052
01409
07052
09704
01206
09815
00939
01262
08152
07729
12556
09976
01261
09155
03048
07586
05845
05846
06183
01372
02795
02793
02794
07052
01424
03498
03499
03713
07052
03693
00674
01934
02243
02244
02245
02246
02248
06346
01104
12555
12296
00949
03698
09685
07177
09698
01788
02025
01639
03346
11144
03697
04767
02004
10530
06183
01992
01990
02004
02004
01281
05833
05832
02823
01759
02238
04516
07052
00882
03436
00567
01361
06286
03574
00158
07009
01989
02342
01243
01515
08974
03976
07404
02004
09787
07258
06196
07533
06198
10563
03784
03783
02004
14982
14983
00059
07584
02824
06948
11041
03471
11618
11617
01823
01104
04086
07030
01258
09815
08483
11189
03709
00054
01641
12270
12269
12268
02433
00059
02371
00938
01597
00869
00033
03700
12373
01854
02530
01220
02786
01635
00917
01819
01819
11072
11071
11069
01176
04517
04518
01784
00383
02005
02004
00867
00564
01619
01489
02056
09762
07729
01916
06196
03342
00845
00784
01092
03768
07570
05362
02086
03316
02564
06023
03930
07386
00088
02236
02428
01156
03095
07816
00625
07668
07652
00700
07025
14219
15738
00974
03767
03574
03574
03574
06147
14218
14218
14218
14218
14228
14228
14230
14229
14233
14234
05352
06147
06148
15582
02808
02809
02810
10823
06147
01200
12293
07284
00105
01186
00290
01191
01215
02614
10819
01274
00561
00571
07467
07273
10117
15986
10041
10039
10040
01390
16511
11051
16786
16787
01739
16509
01977
01977
01977
01977
16264
01978
15035
03699
16169
01223
15770
16787
16786
16785
15772
15771
16786
16787
16785
10119
10118
16788
01985
01985
01985
01985
11050
16926
02028
02030
02030
16923
08986
08316
16785
16868
16925
16898
16899
16960
16959
16958
16957
11070
01983
02029
02030
01990
17318
17319
01990
01992
01992
01990
01598
00951
03457
02028
02028
03574
02028
17320
02030
02030
17076
02029
17073
17074
10947
01190
07271
15923
01227
10112
01990
01992
17624
01980
01980
01980
01980
17686
07318
00131
01101
00226
02026
01467
01658
06518
17828
00537
02027
00661
12574
01791
12574
18220
01071
02794
07052
07052
08600
15580
01599
01696
01635
07271
02313
04074
07260
12295
03742
18474
18682
18672
18692
07316
18892
18891
03790
03497
03790
03111
05593
03502
03111
19002
13052
07498
07498
19159
19158
01710
12292
03722
12952
01992
19302
12952
04771
00525
06881
00526
02796
02796
00887
21636
19872
19971
19972
10830
20074
12132
20073
12132
20112
15580
02777
20107
20108
20114
20113
12415
12294
18889
18890
01208
21030
21064
08968
01520
03546
00287
00560
07313
06217
03553
04068
02314
00857
06191
02316
01493
02335
00091
21471
21567
21498
21977
22044
03595
22212
22278
17758
22441
00590
22457