00054
14989
04042
14988
09963
09013
09811
07284
07706
03785
06183
06183
06180
09825
06178
09861
09903
09762
03788
09153
03048
01153
02787
02788
02786
02759
01892
07305
06023
03595
02913
03075
03664
02529
03529
03488
08986
07089
06959
08303
07025
03588
02358
06885
02836
03722
06400
03710
02909
02884
06286
07004
02970
03282
03086
05337
02520
02916
02887
03151
07282
02888
07584
02899
02824
02959
06960
02860
07035
00077
03436
02440
01096
00867
09976
10773
07304
09685
03800
05833
09787
03177
09748
09747
01572
02029
02028
03346
02433
09458
09765
07718
00243
09951
09952
03284
01961
11046
09812
01258
07718
09014
09015
07124
02221
02687
07335
10563
02056
02057
02057
05845
05846
05847
03767
00648
03800
02110
02108
03544
03799
01361
04077
06442
07258
03798
07386
09710
06173
08974
01421
08591
02313
06942
03723
03584
03621
02078
03551
02946
02906
02926
02892
02886
02965
02890
02982
02878
02904
02961
02874
02895
02931
02954
02994
02933
02881
02988
02838
09761
03816
02469
03470
03168
03778
01571
05964
01571
03657
02337
02760
02343
00525
02564
07568
04564
02340
00954
03856
05350
03500
03438
01879
01878
02503
02907
02876
03076
02518
02919
02952
02948
02879
03693
02243
02244
02245
02246
02248
06217
07042
03111
04083
07284
07284
07284
02106
02601
03493
06929
07497
07483
03523
04485
03217
06346
02914
01589
03043
01034
03475
02822
02821
02335
03536
02528
06949
07258
03437
04069
02341
00525
07652
03685
07273
02747
02746
02745
02744
04516
02470
01889
02316
07272
06969
00609
01955
02768
02769
02770
00974
00537
03783
03648
02622
07462
03574
03930
10112
09760
04074
03531
03590
03589
06207
06941
02529
03402
03111
07741
06196
07473
07720
03565
07586
05808
02242
02240
04066
03700
05366
02530
02834
02519
02600
06925
06901
02078
03686
04043
03687
03705
03706
03070
03484
03625
02356
03701
02963
01963
02372
03655
03575
03471
03581
02346
02342
01624
03545
01883
03763
07560
02761
02760
04069
02817
02818
02819
02314
02470
03978
04086
02945
07146
03665
02086
06967
06158
01101
03596
02793
02794
02795
02796
07720
03703
03650
02864
02935
06193
03111
02990
03671
07456
02440
03317
02954
03713
07030
02902
06889
03427
02530
02996
02871
07729
06962
02956
03210
03647
07478
03073
02913
04078
03696
03708
03387
02967
02357
03486
07104
04068
03810
07447
03553
03550
08152
03572
03555
03402
02911
02913
06218
02986
02939
03495
03629
05340
00783
03497
02529
03740
03739
03702
02761
03979
06191
07052
06198
02238
02237
07461
03549
05592
02837
06187
07105
03530
03631
03697
06180
06180
08652
03698
02950
02992
02355
04488
07015
06948
07574
03499
03744
07040
07738
03977
07082
03624
03217
06950
06890
07095
05896
06024
08998
07139
07056
06201
03647
00059
02445
03709
03466
02867
02863
02338
01056
01588
03040
03046
01035
03424
03501
03216
00526
02755
02756
02757
04567
01956
01807
02621
00161
00162
02493
06131
02759
00526
03602
03601
04047
03060
01034
01035
02793
02794
02795
02796
01962
02160
02371
02808
02809
02810
02825
02109
02113
02111
02115
02114
09772
02121
02119
02122
02117
02118
02120
02123
02124
08659
02082
03101
02434
09704
03784
08602
02112
02563
11754
03630
01926
07816
03734
02835
07566
04096
04094
01646
03106
03710
02968
02039
04075
02435
07742
15580
10530
02005
02004
02027
01990
08234
03402
02003
01990
10254
07010
02026
02025
01992
02036
02040
03476
03491
07444
03310
07707
01223
07533
03976
07054
01493
02822
02476
01154
10947
11189
03095
06878
07009
02028
02029
02030
01990
01992
07007
01992
01990
06997
06958
03110
01961
03293
07058
07706
02037
02038
02036
02073
02071
02004
03218
09817
09816
07570
09815
09815
03704
01207
01091
01686
01812
01195
00874
00790
00789
00876
00131
01872
00655
01929
01921
01834
00226
01669
01870
01925
00845
01914
00926
00611
01478
01197
01873
01735
00014
01190
00845
01197
01191
00557
01271
01738
00604
00942
00626
00019
07173
01372
01916
00763
00384
01000
00147
00931
00615
00616
05910
00105
00864
01443
01635
00917
01819
01819
03439
01875
00059
00645
01006
01006
01424
01775
00997
01809
00847
01227
01193
01271
03100
00656
01281
01619
00757
01409
01915
00927
01937
00865
01220
01467
00760
00948
01923
01952
00764
01933
01945
01756
01104
00939
00919
00919
01518
01866
00571
00925
00286
01261
00626
01939
01760
01869
00767
00773
01810
00963
00057
01520
01788
01639
05985
01783
00949
00134
06153
01286
00969
01924
01512
01776
00761
01358
00943
01142
01515
00859
00683
01304
01759
01868
00863
00626
01897
00014
00789
00012
00432
01595
01803
01537
00046
01819
00874
01893
01197
01689
01972
00790
00067
00786
00945
01736
00383
01126
00554
00882
01185
01185
00940
01462
01081
00951
00869
01597
00938
01823
01641
00560
00287
01839
01591
00762
01426
01465
00826
00799
00791
00784
00759
00973
01790
01710
00627
00382
01727
01928
01635
00917
01819
01819
00640
00962
00616
01462
01881
00981
00806
01200
01215
01364
00005
00616
00656
03386
03431
01071
00940
00940
00135
01270
00558
01495
00796
01633
00950
00075
00948
00858
00625
00364
01821
00857
00600
00016
05966
01910
01951
00868
01938
01598
01489
00564
01092
00820
03100
00873
00850
00688
00705
00701
03367
00891
00800
01265
01207
01207
01468
01712
00603
01746
01938
01745
01479
01226
01246
01887
01876
00566
01752
01752
00995
00752
00012
00012
00963
00088
01867
01867
08483
11071
01673
03300
07668
11072
11145
03475
01874
01890
11070
11069
16786
16787
02821
09698
02475
02028
01256
11044
11031
11041
11175
07862
11045
11144
11068
02236
01658
03789
01643
07006
01625
01625
12574
00602
11717
13292
11991
01644
12267
05363
01491
12296
07729
11754
03768
03524
05362
01243
11753
04487
04487
01358
03574
07177
13734
12573
05832
01989
12554
12555
01534
13789
04072
12999
12556
12996
12998
12997
05363
01835
03342
14228
14228
13953
14222
14232
14232
14225
14225
14228
14228
14228
14228
14228
14230
14233
14233
07483
07483
14221
14221
14221
14219
14227
14227
14227
14233
14219
14225
14225
14223
14223
14260
14219
14219
14219
14219
14219
14233
14236
14236
14230
00868
14220
14220
14220
14229
14229
14229
14229
14230
14230
02030
13052
14231
14231
14982
11618
11617
14983
02005
01980
01980
01980
01980
01980
01980
01985
01985
01985
01985
01985
01985
03790
06148
14188
14745
15051
14234
14226
14235
02016
02016
02015
02015
02015
02013
02013
07533
14237
14237
14237
14237
14224
14224
14224
15051
15051
14234
14234
14234
14540
11749
15051
03324
06919
14218
14218
15771
16169
03324
03215
15581
15583
02001
02002
02428
15738
15582
10823
15986
13677
07464
12296
16509
16511
16264
03699
02000
01223
07260
02851
15770
15770
15772
11040
11040
15772
15771
16786
16787
16785
16788
16789
02072
07012
11704
10009
02424
16785
01977
14218
01977
14218
01977
14218
16926
16898
16899
08316
02029
02030
17319
17318
01992
01992
02028
17320
01977
01977
17076
17073
17074
02029
02012
02030
01992
01992
01992
01990
01990
01990
17686
12574
08177
03366
18153
15342
02004
22044
18369
03742
18474
01977
18581
18682
06896
18672
18692
01271
18892
18891
07029
19002
18979
18986
18987
19005
19119
09951
00571
19117
19118
19137
19302
04771
06881
02003
00887
07052
20483
21636
21636
11705
11706
20074
12132
20073
21349
02003
20112
02777
20107
20108
20114
20113
20342
20373
20374
20491
20492
20490
20484
20485
20487
20488
20375
01208
21064
08968
02035
02033
02034
02031
02032
00951
06148
06148
21471
21567
21828
21977
21993
00027
03078
22278
03077
03079
22457