04518
00054
00161
00162
02793
02794
02795
02796
01261
01784
02015
02015
02013
02016
01776
02003
00940
03046
03043
00790
01914
01512
01586
01783
02528
02003
02914
01424
02529
02601
03073
02913
00134
00767
01104
03210
00615
00925
01443
00773
01304
01810
01887
02040
02037
02038
02036
02039
00057
00963
00674
01866
00563
00688
00705
01876
01892
01687
00615
00615
02911
02913
01478
00611
00926
01818
02431
01628
00879
02440
00105
00864
02314
02939
02357
02967
00995
01867
01951
03218
02028
02029
00567
01879
01878
02358
02440
02030
02028
02029
01924
02963
03111
02990
01893
00215
00287
01803
00651
00759
01271
00945
01784
02956
01868
00951
02004
02003
01834
01870
01921
01639
02026
02025
02027
01186
02026
02025
02027
01060
01775
00997
03070
01990
00847
01193
00604
03060
00942
00969
00712
03070
03076
02687
01193
02529
01695
01696
01817
01609
00766
01658
01657
02011
01784
01142
01155
00849
02529
00001
02761
02761
02761
02237
02238
02240
00158
01809
01493
00761
01358
01999
01997
01998
01995
01996
02836
00789
00226
02959
02860
00554
02005
02004
00059
03152
02470
01807
01839
02968
00867
00756
01619
01489
02056
02057
02057
02622
00826
01304
02945
02343
00882
03151
01153
01281
00850
00873
02003
02004
00797
03101
00931
00147
00286
00943
02341
02838
02520
02916
02887
01759
02823
01227
00859
02913
03075
01515
01126
01772
00133
01714
00857
00657
02835
02493
00600
02015
02015
02013
01992
01595
02236
02759
02759
02759
03581
02760
02760
02760
06199
06199
02313
02338
00760
01939
01520
00948
02335
02078
01923
01952
00764
01933
01945
01588
01589
01756
02082
01785
02986
01091
02003
00566
01409
02030
00793
01246
01262
02946
02906
02926
02892
02886
02965
02890
02982
02878
02904
02961
02874
02895
02931
02954
02994
02933
02881
02988
02907
02876
03076
00939
02518
02919
02952
02948
03040
02879
02012
00656
00005
01869
00806
00981
01881
00820
02950
02992
02355
01372
00796
01495
02871
02996
01223
00432
01727
00874
00046
03210
01000
01215
01791
01791
00033
00869
01597
00938
01823
00009
03100
01875
00928
00648
02078
02371
00645
00059
02160
02372
01963
01962
02356
02434
02433
02435
02837
02902
00053
00656
01220
03048
01937
00927
01915
01153
02503
01990
01992
02600
02519
02834
01873
01223
01889
00549
00962
00640
01883
02003
01624
02030
02867
02863
01990
01992
01992
01190
00845
00560
00791
01925
02563
01591
00762
02029
00878
00788
00878
00788
02316
03086
00790
01265
00948
00858
00625
02888
02899
01972
01200
00131
00700
00975
00703
00865
01689
01390
00382
00627
01465
00525
00526
02530
01220
02531
01635
00917
01819
01819
00876
02469
00016
01155
01155
01938
00036
03110
01704
03168
01955
01956
00609
02824
03106
02884
02909
00262
01186
02003
01354
02935
02864
00003
00745
00891
00800
00014
01990
01176
01872
00075
01575
02039
02036
02036
02038
02037
02040
02970
01092
02110
02800
02793
02621
02794
02744
02745
02795
02746
02778
02779
02808
02809
02810
02817
02818
02819
03575
02111
02113
03602
02755
02798
02799
02768
05847
03282
02117
02786
02786
02787
02787
02788
02788
03698
02796
02747
02793
02794
02795
02796
01934
02821
02822
02822
03570
03686
02768
02769
02770
02806
02769
02770
02346
00841
00383
00384
01735
02756
02757
03601
00364
01541
01462
02242
06442
02109
02118
02121
02124
02123
02120
02243
02244
02245
02246
02248
02108
02119
02122
01752
01752
01754
01733
02114
02112
02115
03307
03536
00975
02340
06193
03647
03217
03217
05845
05846
03424
01736
03488
03483
03491
03491
03493
01788
02564
06180
06188
01639
07566
03484
03310
03495
01929
03216
03501
03327
03328
03284
00690
03308
01641
03500
03402
03590
03367
03531
01653
02342
03529
03709
03722
04096
03979
06187
06191
03703
03476
03475
03475
04066
03565
03294
03589
03438
01739
03664
01788
03629
00763
01649
03437
03650
04074
03700
03734
03588
06183
03763
04077
03486
03621
03550
01652
03402
03655
03596
03470
03436
03701
01738
04488
06217
06207
03799
03671
03466
03499
01626
01626
06198
04047
03687
03631
06196
03705
03630
04078
03740
03739
03707
03816
03571
03744
03530
03648
03551
03697
07729
03665
03545
03702
03798
03977
03625
03930
02337
00558
03544
03657
03523
03595
03976
03693
03978
03685
06196
03624
03706
03553
03713
03696
03708
03723
04083
06173
04042
03800
01191
06183
07273
06147
06147
06147
04567
03784
03783
02012
02010
03785
01206
02086
01056
04069
04043
01926
04068
04069
04094
06178
04564
04517
02035
03439
03177
03584
02010
03471
03311
03346
04487
06023
09013
05350
04487
04086
09811
04767
04516
03497
02016
02004
02004
03710
01990
02021
05337
05366
07729
06131
06346
05837
03095
02039
01992
01990
01992
02003
02004
06286
02529
06148
06148
06148
06148
07560
06153
00088
06158
03498
05832
05833
07030
03427
07105
00954
03492
06400
07058
07040
05896
06024
03431
07082
07173
05823
03427
06147
07124
07017
07146
06967
07052
07052
07052
07052
07052
07052
07052
07052
07052
07052
07052
07052
02073
07133
02071
07015
00872
02072
07025
01258
07166
06929
06960
06997
00297
06958
06949
07009
06885
07118
06959
06969
06878
07010
07010
07007
07095
07652
07456
07706
07707
07056
07042
07089
07282
07335
07718
07718
07720
07104
06890
07507
07313
07177
06925
06941
06948
07284
07284
06942
05985
06215
08681
07271
07533
07258
07407
07461
00974
06901
07386
09861
07462
09903
00615
07444
00783
08974
08998
06180
09014
09685
03811
08177
10682
08643
08986
08303
03498
09458
09772
00243
10041
09762
09748
09962
10118
10119
09812
10681
01992
09015
00564
10563
00290
10536
05808
03767
00794
02221
08987
01598
09747
00571
08591
06180
09761
09787
10112
10117
09760
10040
09790
02825
09704
09705
08602
03499
07473
07478
07484
09710
07497
01439
07738
07574
07482
07816
07483
00784
07584
07492
07492
07492
07492
07492
07492
07492
07742
07494
07494
07494
07494
07494
07494
07494
07494
07494
07494
07494
07494
07568
04075
07487
07486
07486
07485
07485
07485
07485
07485
07485
07485
07485
06201
07586
01226
03111
10530
07491
07491
03449
00655
03316
03402
01274
07778
00949
02004
14982
01989
00687
01821
10773
01101
01071
01176
01104
05592
01928
01154
09155
02315
11189
07282
09157
01961
03574
03572
03574
03574
10947
10039
09817
09815
09815
09976
09816
07570
11071
08483
10819
07668
11072
11145
01874
11070
11069
01890
09698
07658
01256
12251
01462
11753
11752
12292
12267
12308
11041
01916
11209
11031
11065
02614
01447
11144
11068
11175
01154
03789
01673
07636
01625
12574
01992
00602
11717
13292
13012
12267
12268
12269
12415
01491
12296
12296
12295
12294
12293
03768
07404
03524
05362
01990
01243
00661
12270
03574
12373
12373
13747
12573
12554
12555
13925
11754
13789
03574
01537
09457
04072
13953
12556
05363
01835
03342
13678
14228
14228
13940
11754
00941
14233
14233
14222
14232
14232
14225
14225
14228
14228
14228
14228
14230
14221
14221
14219
14227
14227
14225
14225
14219
14223
14223
14219
14260
14233
14155
14233
14236
14236
14230
14234
00868
14220
14220
14229
14229
14229
14230
14230
13052
14231
14231
11618
11617
14983
03324
14188
14218
14218
14218
14218
15051
02538
07729
00965
00965
14235
14226
12960
14219
14219
14237
14237
14237
14234
14540
11749
14224
14224
14224
14224
14224
19689
14234
14652
15383
10040
16169
08316
10947
03215
15581
15580
15583
02428
15738
05352
15582
10823
15986
07494
02029
02028
16511
16786
16787
16509
16214
16264
16785
03699
01223
15770
15772
15771
16786
16787
16785
16788
18830
16786
16787
02028
16786
16787
11991
16785
16785
16868
16925
02003
16924
16926
16926
16898
16899
17195
02029
02030
17319
17319
17318
17318
17716
02028
17320
17320
17076
17073
17074
02029
02030
02030
01992
15923
01990
01990
01990
01990
17624
17686
01467
17828
00537
12574
02761
07260
18369
03742
18474
18581
18682
06896
18672
18692
06218
18892
18891
03790
19002
19157
19159
01154
19158
05881
00571
19068
19302
12952
04771
06881
00887
21636
19971
19972
10830
20074
12132
20073
20112
20112
15580
02777
20107
20108
20114
20113
20113
20341
20342
20345
20486
20343
18889
18890
21030
21064
08968
21471
21567
21977
22044
03078
22278
03077
03079
22441
22457