09160
06281
06281
06282
06281
03777
05349
05845
05846
05847
05846
03639
03702
01935
02169
00652
01012
00833
03593
00878
04046
00876
01494
01991
01104
03819
03818
01711
02377
03207
03208
00971
01840
00067
01745
05836
01479
01468
02017
02018
02020
02019
05776
01784
00849
01785
01834
02013
02015
01626
10563
00134
03449
00984
02032
02031
02034
02033
02035
03704
00031
06181
00566
01756
00973
01790
03723
03885
01207
02778
02779
03424
02341
00943
02619
00059
00645
00648
03621
02911
06179
02397
02396
02395
02394
02393
02392
02391
02390
02389
02388
02387
02386
02398
02399
03980
03810
03790
03675
01465
02517
03669
03670
04336
04334
04335
04333
04337
06214
04477
01788
03307
03809
01085
05516
02508
02511
02510
02509
01826
00455
00151
00483
00484
01512
01734
03658
03286
04770
01716
03812
06192
03808
01256
00763
03310
01751
01893
00813
03632
03804
03633
06219
00979
00912
05788
02945
00945
00800
00831
06212
00656
04069
01875
03634
03466
03719
00384
00684
02518
03694
03704
00156
01620
02822
03475
03212
05844
03674
03750
04069
00656
03722
01993
03635
03636
09161
02188
03399
02191
02189
02190
03394
02007
02009
02008
03637
03638
02403
02402
02556
02557
02401
02400
03516
01887
02445
01126
00526
00525
00568
02469
03734
03919
06159
02572
02796
02795
02793
02794
01752
01665
01897
03684
03608
03609
03610
03611
03314
03603
00285
01775
01297
01194
00426
00425
03618
03619
03605
03620
01056
03321
00948
00919
02494
02835
02493
01627
02575
01433
00963
03746
00857
06131
03832
06190
01695
01696
01657
06178
04774
03168
01681
01497
01096
01591
03113
04062
01147
00208
03974
02006
02232
02231
02233
00768
01241
03503
03502
03704
00558
02421
02420
02419
02418
02417
02416
02415
02414
02413
02412
02411
02410
02409
02408
01176
02423
02422
02407
02406
02405
02425
05396
03703
00995
03834
02217
01087
00697
02560
00873
00978
01709
00971
00996
00033
00012
05789
02500
02570
02573
02574
02568
02569
02193
02194
02195
02196
02197
02198
02199
02200
02897
06183
02356
03291
00882
02769
02770
01151
01495
02529
03748
01489
00450
03969
03970
03973
03971
03972
03721
06201
01876
01159
05541
08178
00036
01690
01354
02345
03797
03799
03704
00563
01814
02501
00817
00013
00765
01141
01419
08137
03290
06041
15581
01118
03230
03555
03087
06194
00573
03787
06176
00991
05589
00860
00956
00957
00390
00381
00380
01737
01689
01937
00951
03215
00865
01706
06175
03837
01752
00048
01628
02429
01818
00879
02431
02430
03566
01766
01448
03581
03582
00330
00331
00164
11733
00135
06191
03647
00525
02000
02001
02002
03543
01919
03563
01872
03565
03553
03743
02782
02783
02781
00068
02466
02468
02467
04656
05796
04651
04652
04653
04654
04655
03221
02078
03225
06282
02742
01185
02406
07245
01150
01920
02669
01424
03439
03575
03289
01581
00146
01686
00040
01812
02020
04653
03559
03561
01760
03319
04753
00655
02621
03923
02622
03651
01515
03611
02858
00982
01633
01409
02970
02316
03086
03649
00219
01752
00656
03838
00042
01816
01608
01483
02003
05838
02069
02068
01770
01407
03583
02681
02680
02679
00560
03573
02529
01586
02100
00065
01815
00626
01823
04567
09811
02836
03981
04763
03840
01223
02437
00605
03185
01262
00058
01807
05596
03442
01624
00927
03472
01480
01585
00789
00239
00242
00241
01647
05522
01854
03305
01669
01546
01547
01548
01581
03756
01835
03645
01175
03839
01886
02802
02803
02804
02564
01443
02565
02566
03184
06168
06217
06189
03820
03776
07308
01869
03643
02340
00969
04720
02226
05515
05837
03642
03801
03644
03425
06199
03704
03326
01910
01646
05966
01169
06140
03387
03805
06200
00216
01252
02363
02361
02016
02015
02015
02013
02364
02362
01883
03768
03269
01588
01589
00926
00073
02083
00865
08351
02426
03811
03517
03640
03641
03646
03560
03562
00426
00425
01902
01903
00658
00240
03455
00892
01066
01772
00939
04079
06187
02343
00759
04067
05802
03577
05839
00661
02919
02909
03320
04752
05800
01738
03770
03530
01338
03544
01358
03545
05527
02297
02298
02299
02300
00077
03152
03151
03602
00795
01662
01095
00946
03625
05517
03074
03072
03210
00773
01187
03311
03547
03546
03554
00891
00286
01698
01908
01720
01659
03417
02688
03329
02014
00426
00425
01156
02314
00147
00931
00769
01270
02839
02346
03271
02342
03469
01069
03695
05810
06180
05807
05809
01626
02884
00554
02860
02959
03106
03687
00858
03631
06186
03664
01754
00865
00042
01630
02769
02770
02773
02774
02775
00094
02436
05520
03824
03835
05592
05803
00962
02956
03177
01466
03076
03531
05874
03414
02881
06153
10773
02834
02519
02600
01940
03075
00796
03798
02427
03624
02899
02888
02523
00790
02067
02066
02065
03270
03092
05808
02806
03814
00265
00266
01485
00885
01788
01639
03600
03599
02996
02871
04772
04691
01572
01571
01573
03780
03779
03402
03623
03568
03571
03570
03569
02160
02687
05540
03557
02926
02961
02876
04096
01462
03500
03499
02879
03040
02952
02988
02931
02895
02874
02904
02878
02982
02890
02965
02886
02892
02906
02946
03594
02192
02358
02355
02992
02950
03775
06158
00855
01977
01977
01977
01977
01977
01977
01977
03313
03717
01811
02968
01870
03101
03774
01572
01571
01573
01910
01646
01644
01643
05966
00215
01956
01955
02182
03521
03522
00313
03855
00287
01525
06195
02528
00097
03771
04744
05801
06177
03580
02336
01804
00853
02099
02062
02063
02064
01704
01703
00052
01649
05806
05798
01652
01653
03435
08154
05590
00278
03088
03597
03598
03803
03596
03100
03685
01733
00616
03831
04043
03686
06221
06222
03408
00575
01980
01980
01980
01980
01980
01980
01980
09808
06223
02907
00873
06078
06078
06078
03785
01007
01626
06074
06073
04764
01889
02887
02916
02520
01868
03781
03478
01222
03490
02759
02761
02760
04064
05526
01484
00673
01142
00262
03169
03527
03407
03498
04751
07715
05875
03406
01265
02967
02357
02838
00099
00806
00981
06142
02536
02372
00677
00748
03470
02337
01962
01582
04075
06079
01881
06080
03273
03761
05811
00998
09181
05812
03672
03214
03648
07791
03412
03413
03925
03438
03586
03587
01928
01929
01000
01925
03588
02563
01924
01921
03589
03590
02535
03070
03574
00859
00364
02505
02504
02682
00767
03806
03807
05799
00163
00627
00382
01682
02526
01611
00797
00117
00760
01673
01579
01918
00606
00950
00970
06204
06206
01975
03579
05365
02013
02016
02015
01845
03281
01129
04771
00674
00990
02110
02108
02116
03501
03495
06205
03718
01914
03549
00852
01652
00826
01687
01754
02521
00053
03769
00757
03656
01524
03671
03628
02851
01985
01985
01985
01985
01985
01985
01985
01985
05790
01791
01710
00973
07751
02046
02047
02045
00868
02777
01738
06203
03528
01972
01885
03322
00845
04754
06076
00632
01736
03473
06173
03975
01246
03826
00090
03704
03830
01879
01878
00854
01805
02529
03796
01176
00835
00880
00138
03833
01042
02798
02799
02800
00009
00101
03216
06145
00640
00057
07278
02853
02852
03293
03427
06223
02496
01719
01749
05851
06202
01778
03733
03657
03284
05786
01058
03654
05835
05834
01048
03576
00549
01061
00757
03183
03690
03688
03116
03117
05982
08680
03595
03584
03474
00997
00077
02809
02810
01952
03305
01582
03757
05916
00600
05820
00385
01092
04487
04488
04082
04044
04755
05367
00940
01892
03977
03601
00088
01951
00937
01933
00761
02824
00865
03564
03567
01714
01923
01439
00615
00616
00029
04031
04029
04030
04032
04020
04027
04028
04021
04024
04022
04023
04019
03735
03736
04026
04025
04033
01448
07173
00337
00338
00339
00340
00341
00342
00343
03415
02348
05594
02552
02551
02549
01911
00113
00112
00111
00872
01963
03749
03558
00764
01586
03186
02821
02822
03475
00615
00615
00925
00334
00335
00336
03218
09456
03477
03476
03475
02822
02821
03078
03079
03077
02990
02686
02963
02939
03773
01507
03841
03592
06218
04068
01226
02818
02819
03485
00610
00609
00611
00926
01478
00611
06169
03828
01873
02339
01255
06157
00046
00098
00851
01867
01305
00135
01154
01153
01002
02315
02317
00564
02344
03789
02837
04065
03424
01619
00758
01839
03784
03800
01079
04485
03720
05804
05805
06143
02533
04029
04031
03430
00228
02048
01420
00567
05591
03737
03668
03778
03578
02773
02775
02774
03817
03304
03823
02014
00675
02575
00027
02972
04063
03620
03618
03605
03619
01425
05595
01284
00040
00657
05846
05845
05846
05847
01935
04775
00325
00324
03758
01679
01676
01809
03617
03616
03615
03614
03612
03613
03305
00799
00868
01866
00275
06077
06075
04565
01759
03683
04564
03604
00574
00793
03327
03229
03228
03227
03226
03225
03224
03230
03222
03221
03220
03219
03071
03676
00060
00639
03274
02843
02841
02847
03280
02850
03279
03278
02840
02848
02844
02849
02527
02913
02902
03630
01520
05501
00762
00989
00942
03060
01139
00556
03655
03312
03292
01531
02775
02774
02773
02429
00852
01653
01652
01753
04081
04080
02199
02198
02197
02196
02195
02194
02193
00428
03533
03532
02470
03629
02338
02313
02914
03536
03217
03650
02036
02038
02037
02040
00820
02114
02112
02115
02111
02113
02109
03406
04085
06133
01993
06144
06149
03305
01414
00383
03710
01194
00874
07115
03324
05995
00928
01810
02024
05775
03181
03179
00631
00901
01356
03327
05539
00344
02314
01775
00832
03788
03701
03111
06148
03316
01895
03385
04013
04016
04017
04018
04750
06193
03762
03760
03759
03755
01584
01676
04084
03926
01744
04078
04077
02356
03098
00247
00246
00245
00244
04568
01613
01448
03572
00791
03666
03665
04088
04087
01939
02071
02071
02072
02072
07343
06969
00954
03118
03424
05785
03182
00632
01271
00230
03753
03752
03673
02335
03978
01915
06207
03292
03292
02380
02379
03534
00001
01629
01813
00848
02855
02854
02856
04564
06006
00850
02048
01521
07647
00847
01803
00528
02446
00864
02440
02553
02548
03667
03591
05499
04066
02909
03764
01739
01775
00005
01595
01438
00145
00930
01755
04761
00322
00557
01776
00075
00867
02358
03073
02601
02867
02863
02864
02935
03043
03046
03150
03149
03154
03148
00788
03147
01599
05787
01945
03827
00651
01638
01637
00548
07126
07126
01258
07772
07648
07773
07645
01008
04773
01424
01664
04095
03767
06141
00362
00363
02598
01867
01091
01783
03112
01735
00891
02507
05366
04762
04083
01610
04760
04758
04759
02170
06155
00705
00688
03556
02444
02441
02439
00111
00688
00703
00975
02438
00851
00700
00133
06156
06145
03825
00681
01126
01996
01995
01998
01997
01999
01999
03089
03110
07666
08278
08277
08279
07649
07774
07160
07113
07071
00884
08477
07659
06942
06899
06970
07091
07300
07156
02073
02073
07107
07119
07790
07805
07301
07229
07053
03386
03386
07708
07709
07711
09936
07685
07684
07686
07687
07150
07771
07646
06941
06889
02078
08478
08276
07026
07112
06445
06925
02039
07237
03535
07726
06871
06890
02472
06871
07320
07316
06894
06920
07275
07673
07677
00297
07106
07153
08161
08161
06916
06287
07042
07019
00615
07289
06968
06966
06980
07357
08162
07007
07040
07667
07636
07657
07637
07660
07638
07640
07662
07643
07642
07664
07641
07663
07639
07661
06861
07552
07085
06950
06949
06911
06929
02004
07236
07793
07794
07795
09824
06958
06959
07052
07056
06908
07000
06895
07406
06906
06905
07460
00932
07304
07806
06907
07507
07235
03550
06901
06901
06996
07120
02647
06918
07404
00604
06997
07090
07397
07286
07322
07014
07305
07217
07070
09903
07390
07127
06910
09158
09861
09022
07393
07277
07306
07307
09798
09802
07274
08087
07258
09920
09921
07688
08191
08088
08194
09824
09458
03772
09806
07458
07147
09862
09017
07148
07676
08483
08484
07005
06044
06890
06890
07027
02567
07783
07285
09013
09773
08998
00783
02506
01894
01051
07146
09803
09807
07258
01250
07085
10026
00840
07478
06903
07283
07038
06956
06447
07039
09001
08323
08324
08325
08289
08296
08314
07241
00974
00373
08302
08303
08303
08303
08301
08316
08317
08318
08321
08322
08315
08309
08300
08305
08159
03445
08173
08173
07048
08177
03446
05997
02492
03431
00374
08092
09014
07340
08591
07568
07738
09916
09917
07459
03924
00794
07722
07259
00014
07017
07261
02846
06518
01710
07313
07095
02919
02954
07347
07350
05515
00965
07496
00370
07348
09475
09474
09771
07038
09812
07735
07447
03587
10038
10037
10036
09893
09894
09895
09901
09902
07387
02477
10012
10011
09891
10015
10016
10017
09936
09937
09927
09888
02424
10009
09978
09748
10001
10003
00389
08970
09892
09896
08989
10002
10010
09899
09897
09900
07479
03747
03282
02986
02948
02994
07136
07269
07109
08350
08320
09923
09768
03711
08349
07058
07391
09131
00127
00371
07782
08348
00124
08990
08992
08993
08994
08997
07560
08227
08225
08476
08368
07140
06217
06891
09251
09136
01247
07700
03979
07703
07740
11084
02221
05306
07001
02478
09810
06048
09747
09823
10857
06871
08641
06182
07214
07082
06938
05964
07702
06940
06866
06884
04047
07757
08219
09774
09781
10108
09786
10111
10555
10540
09780
10541
08312
09761
09760
07803
10556
10557
10558
09801
08306
08310
08307
08308
08298
08299
07312
08354
09125
10110
10004
09933
09857
09858
07443
08311
09790
09767
10109
09914
09912
09915
09908
08682
02255
07689
07781
06518
07470
09471
07454
07264
01661
07461
07238
07262
09909
09910
09911
07122
09913
07223
07054
07287
07462
07337
07000
07387
06911
09955
09710
09712
07788
09998
09999
10441
03551
07724
08723
08722
09906
09907
06917
09953
09954
10763
09904
09994
08485
03745
09889
10000
09800
09996
09996
09997
09159
08357
08169
08167
09808
07251
07811
08297
08304
09791
00784
08218
07034
08224
07345
07346
07351
08163
08160
07491
08223
07184
00375
09477
10823
10806
10748
11209
03808
00137
13041
08234
01972
10805
03673
07566
00432
11179
11073
11250
11074
11249
00537
06858
11183
02768
02498
05964
11392
10678
01951
00847
01783
01465
07792
02484
02483
04103
07574
11085
10914
06726
09973
05936
05934
01961
09979
00281
10439
06042
02933
09815
09980
09982
10679
10014
09816
09691
05816
00647
05895
10680
07490
05814
07678
05813
05815
01671
01840
09898
11382
09817
02783
11082
11076
01119
01011
06039
11072
11070
11216
11107
11071
11069
06223
11189
11189
11391
11604
01874
11754
01625
04042
12265
07702
12147
12148
12149
00523
07804
12289
12266
12264
12340
11991
10974
11083
06995
11941
12152
11900
11081
11075
05245
02784
11258
00821
01890
11065
11102
01023
11023
11175
11105
07862
07347
00427
11103
11066
11139
11104
10973
11068
10972
07713
01545
04651
04651
07309
02805
13920
01643
11531
11903
11530
07712
11896
11892
07400
11747
06934
06871
02647
02227
06956
11749
01916
06971
06884
08359
01259
06911
07345
07347
01185
07347
07497
07497
00375
07043
07592
07121
07323
07139
06889
11755
12974
12945
12962
12963
12981
01779
01460
01534
12370
01042
07347
08195
13301
12979
13288
11929
11898
07307
11738
11753
11735
11745
12297
12290
11732
03426
08353
06146
12453
12452
12410
11736
07497
07497
07186
11737
01491
12372
13005
13053
05368
12525
12500
13051
13085
13005
12961
12944
12992
10804
13014
13292
11897
07789
11685
11930
11607
11605
11891
11893
11907
11925
11926
11752
11906
11901
11902
06957
12151
11928
11927
11903
11895
11933
06887
11719
11934
11924
03524
11744
11932
00261
11890
00024
01089
02302
11751
11748
11906
11750
11903
11940
01243
02426
11720
11938
12291
11743
02237
05984
00602
07491
11534
11534
01644
11606
13741
13890
13892
05685
13889
13637
12943
13256
03297
13038
13255
06879
13283
13284
13286
13378
13287
12972
13926
01699
13788
13795
03288
05939
06714
12368
12339
12371
02485
12686
15548
13285
12573
03468
15830
13629
14062
14055
13888
14061
13919
12582
03272
14054
09476
14064
13921
13922
01782
01825
14058
14051
06211
13628
13953
13794
13796
12700
12524
12369
04072
13895
12957
12973
13040
12660
12661
07491
06884
07483
13652
13631
03782
13638
01792
13641
10778
13643
13634
01070
13694
13821
06919
13695
13894
13896
13497
13639
13891
13893
13620
14228
14238
14237
14237
14237
14237
14221
14221
14221
14232
01983
14219
14229
14229
14229
14229
14229
14228
14233
14228
14218
13498
08281
13739
13740
13741
13632
13636
13684
13683
13654
13771
00941
14187
07250
14219
14219
14220
14220
14220
14220
14233
14233
14236
14236
14236
14347
14392
14260
14228
14228
14228
14228
14232
14233
14233
14234
14234
14224
14224
14224
14228
14218
14218
14218
14348
14230
14230
14219
14393
14225
14223
14223
01978
14224
14287
15034
01990
14744
14235
03811
14234
14231
14231
14234
14225
15396
14441
14227
14227
14227
14225
14225
14225
14225
01524
01173
15035
14226
07308
14223
14223
14237
14237
14230
14219
14222
14170
14261
14230
14230
14230
14232
14219
14219
14219
14155
14978
14979
14588
14977
07483
14682
14762
00799
01146
16013
14591
15351
15352
14587
07491
14742
12454
14761
16012
15257
15256
15582
15346
15347
15350
15368
15344
15345
15580
15580
15545
15461
15738
15539
01082
15532
02428
15633
15735
03929
15736
15737
04765
15722
15367
04093
12543
15723
15724
15833
15827
15828
15583
16347
16348
15836
15536
15540
15342
15832
15834
01713
15831
15829
15460
18138
03712
12542
12541
10716
15984
15974
15977
18968
15922
16092
16089
16345
19611
13005
07491
16137
07347
16052
12516
02495
19221
16053
07347
16076
10013
16066
16074
01801
00254
11645
16370
03299
16322
16371
16291
16165
01223
11734
04015
04014
16263
16264
16693
16703
16704
16711
16692
16695
19230
16651
18828
18816
01160
16950
16951
07491
07497
16850
16787
16786
16785
16923
16849
16370
16868
15841
17467
00371
00374
02503
17247
19697
13923
00370
07307
12678
17713
17468
17463
17465
17464
17466
01990
17473
01992
05601
17686
19789
17837
17723
17722
17758
17759
18140
03585
18015
07491
03605
17938
18325
18895
18148
18141
18142
21430
21469
08156
10538
18324
18326
11904
18446
18479
18478
18507
18522
18522
18521
18518
18504
18505
18511
18512
18513
18502
18515
18528
18527
18691
18765
18850
18889
18862
18864
21645
11741
20861
18829
20866
20881
20862
18800
18778
18831
18657
18890
07448
18918
03976
19055
03526
18984
18979
18997
18988
19048
19048
19046
19000
19227
19229
07746
19222
19166
19226
19236
00590
19124
19238
19125
19228
19126
19234
19235
19162
19168
09951
19270
19265
01992
01992
01992
01066
03722
19416
19298
19335
19353
19267
19337
19298
19304
19334
19302
19270
01785
19354
19336
19333
21637
01934
07491
19303
19611
11209
02257
19688
19745
19778
00799
06131
00799
06132
15777
19784
19802
13630
19803
21636
19804
07307
19810
07126
21638
20023
20265
20276
19591
01612
01236
20542
20534
20534
20543
20541
21394
22132
20609
01214
21029
21023
21084
21021
21085
21086
21089
08968
21090
03292
21393
21395
21470
21602
07126
21739
21740
21741
21746
21698
21695
21759
21948
21990
22041
22015
22024
22044
22025
08319
22131
14274
22130
22129
22105
22104
22110
22110
22110
22270
03079
03078
03077
03077
15634
22293
13566
11206
22488
22486
22489
22501
00424
22487
22505
22512
22506
22504
22507
22508
22509
22510
22511
22513
22514