03741
15770
05349
00790
12524
01733
00648
06894
02313
02338
03629
02914
03217
02437
00012
01251
00789
01586
08999
01950
01881
03312
13292
04562
03797
05946
03969
00347
00348
00349
00350
00351
03820
10543
10545
01874
01925
09141
11754
00013
02018
02020
02585
02586
02590
02589
02588
03320
03413
02503
00800
03410
11755
00615
04485
03147
00788
03150
03149
03154
00831
01814
05367
03564
00963
00873
03407
03413
03408
03411
03412
01703
01704
01224
07407
00965
00849
01811
05349
01815
00874
01625
09775
00820
07150
00003
03716
07139
00606
01579
09722
06982
05820
01876
07056
02398
07397
00600
00826
01657
13497
13498
01696
01695
03671
11752
00793
14652
00794
07566
01923
01869
12308
00052
07088
10778
02902
05919
07175
02422
00859
03749
00640
07001
01881
00631
01915
01163
03650
03495
03501
13832
13747
03644
01812
03801
04566
03086
07079
06346
01060
02025
03406
00575
00065
00033
00059
00058
06179
01784
03406
01192
13693
01785
02004
10118
03406
03386
07025
01258
01480
10843
06990
00548
00073
01934
02533
02592
02587
02591
03409
02806
00854
03148
00058
02806
07457
01006
14236
01893
01057
02913
03073
02601
02867
02863
02864
02935
03043
03046
02950
02992
02358
02946
02906
02926
02892
02886
02965
02890
02982
02878
02904
02961
02874
02895
02876
03076
02933
02881
02954
02994
02879
02952
02948
02986
03040
02919
02931
02907
02988
03086
03086
01512
01681
06969
01649
01975
03565
02996
02871
03657
14441
09903
04070
09122
01494
06180
03101
01889
01890
02203
03734
03594
03412
01937
09774
03092
05808
01356
02340
03703
08296
07282
00937
02435
03800
06187
09747
02343
02469
02470
02493
11065
02003
03216
00286
01875
03651
01810
01689
09695
09694
06890
00604
01462
15987
03665
00566
01804
10441
02529
10773
06942
01704
01703
01620
03517
02013
02015
02016
00057
07642
09458
00645
01573
01960
00627
00162
00161
04079
01465
11381
00147
00931
02548
03885
02909
03628
04077
03524
00036
03402
00145
00930
01940
00297
06861
01524
02434
03413
03408
03407
02057
02057
07335
07137
02377
01711
07075
01892
01735
04487
02492
02304
00955
00957
00390
01740
03154
01805
04088
04087
03584
01338
08303
05970
02521
00053
01783
01807
00549
05592
03924
00620
04486
03088
00925
03152
04066
06173
09766
00997
00796
01662
06001
07444
04047
07736
12506
01770
02355
01996
01995
01998
03074
03072
03210
01993
03215
07456
06949
01776
06180
06997
06215
08681
03527
02034
14682
00940
13993
13993
01091
09768
01809
07574
01737
01928
01921
02346
07088
10206
00655
03466
06153
08309
05845
05846
05847
05846
01012
03150
00847
07124
02003
07230
07243
01873
09013
02529
07075
01841
03151
02500
02501
01870
01299
01868
01845
01698
13542
05873
01433
06199
03737
01652
01653
00031
08307
02103
08602
03820
05788
02968
09770
03424
03218
03686
04043
03687
01997
01999
07101
02057
02057
00133
06158
01142
02835
14218
15582
02428
01491
09007
00602
06168
01756
01939
01951
03088
02003
09003
05810
01887
06940
02025
03406
06990
00784
09137
09133
01439
07025
06898
06864
02056
17319
15532
15633
04759
07391
03702
02040
02037
02038
02036
06996
07636
02039
02563
03558
00928
04078
01338
03544
01358
03545
00891
01736
01775
00611
03324
07478
01921
00995
08322
03809
09817
09816
00029
00334
04758
01693
02160
01961
01963
01962
02528
01714
00215
02410
02411
02412
02413
02389
02390
02385
02556
02557
02415
02416
02417
02418
02419
02420
02421
02401
02400
02404
04562
02405
03561
01649
09125
09005
03602
03601
02233
00768
03070
00975
00703
01207
00384
02396
02397
13626
03563
06925
02407
02406
02406
09888
02887
02916
00765
02502
03655
02221
02337
01972
07406
00627
11381
03534
07718
02372
03408
00858
03631
03925
03438
01929
01000
03588
03589
03590
03531
04096
03168
01419
03667
02387
02388
02408
02409
01448
00556
03799
06995
01886
01129
03732
01687
05349
01207
09955
00382
02231
08281
00763
05366
02066
07053
03688
02392
02392
02395
09798
00759
01956
01955
03587
02520
00641
01624
03424
03657
01872
06941
05520
01358
03778
01686
07240
09013
09014
09015
11717
09808
09808
03110
02836
01952
01588
00764
01933
11175
01945
00266
00528
00684
03694
03787
00849
04568
02356
02410
03977
06442
09769
06287
06287
02967
02357
02838
00806
00981
00099
11749
02939
15828
02963
02990
02584
00833
09789
06213
06200
00756
07462
02970
03744
06872
07238
00989
01926
07053
02529
01201
01235
03575
01867
04564
01926
01866
01880
14260
07088
00688
03524
03523
01534
05970
02529
03642
02169
01935
00982
00948
03284
01755
03695
07075
00817
02007
07082
03086
03569
03570
05515
05837
03550
01159
03100
03100
03664
07089
03596
03413
02355
02355
01647
03439
03723
04069
00876
03701
01012
00791
03060
00945
01924
03696
13643
13421
12410
00690
03630
01740
01738
02945
06178
06024
05896
00950
07560
03980
00773
00962
02956
11753
02834
02519
02600
09748
03555
06142
07277
00943
07568
03551
03809
06966
07037
07042
00134
00927
01803
03075
03625
01265
00266
02888
02899
03979
00969
09710
00767
02004
02005
03572
04069
07738
01626
07406
00573
00278
00919
06412
02897
01056
04075
03798
03470
03529
03106
02959
06960
02860
00554
02884
04061
07460
00954
07301
02078
03685
02406
01679
01560
16318
02427
00575
06023
11189
03784
01488
03769
06902
00805
02775
00853
10440
10439
02823
00059
01572
01596
02433
03409
02056
01619
07258
03469
06897
00970
07114
07114
13787
02033
02035
01181
01262
09143
02004
02004
00691
03593
04767
14415
06196
07052
02238
00625
00939
09749
06873
07257
03574
06976
06603
03518
02025
02436
07720
01813
07720
05989
01181
09942
04763
04763
03498
02067
01409
01496
00845
02025
00805
01092
03405
02025
03342
02049
02050
01885
03499
01182
10234
10233
10232
09764
01209
07657
09155
06934
07793
09815
03709
02342
01585
04488
08483
00652
02499
05337
01835
02124
02123
02120
02118
02117
02121
01077
07052
03803
03615
03614
03612
03613
03617
11530
03177
00059
07584
00974
00949
00088
02004
03574
07025
01897
02343
10559
10560
15580
15581
02594
15532
15342
00392
01209
01198
03320
08679
14219
01985
01985
14219
14221
14230
14234
14225
14237
14222
14237
14228
01533
14219
14232
14228
14234
01977
01977
14218
01980
01980
14225
14228
14229
14219
14226
14218
14234
14223
14224
14227
14228
14231
14229
14224
14237
14223
14232
14225
14220
14230
14228
14233
14233
14219
14233
14233
14230
14235
14232
10716
09022
00608
16212
02051
01218
01838
01179
16213
01179
00209
00850
05349
05350
00290
10544
15772
15771
16783
10562
16784
15583
10823
07260
10117
02851
10119
10118
10117
11720
15923
06113
10561
03559
00895
09810
02003
02003
12343
07091
06113
07282
17318
17318
17318
17318
17319
17319
17319
02065
17316
17317
17315
01992
01992
01990
01990
01990
01990
17318
00096
00951
01897
17320
07271
17320
17320
17320
17319
17320
01992
01992
01992
10112
01990
01990
01990
01990
17472
17686
10119
05601
01190
03292
01843
08194
02026
02026
02026
02026
02026
17828
00226
02027
02027
06972
07318
17758
17759
00854
01183
02027
02027
01187
02058
14742
00091
01176
21430
07003
18284
18331
00334
04720
00970
03413
08998
00655
13993
03406
08303
02768
02769
02770
03406
07720
03406
02518
01181
01744
03430
03406
02529
03406
03406
03406
03406
03406
03406
07114
00068
03406
00820
02529
07710
07714
01999
01926
03406
03615
03614
03613
03617
02004
01883
01181
15580
01897
03413
06949
07714
03574
03404
01181
10112
07240
06891
01738
07164
02584
03406
03409
01265
06881
17992
03742
04749
04749
00702
00702
18682
18707
18672
04752
07012
18785
03790
03497
03496
06147
03497
03111
00335
18979
03526
19002
16149
03429
09951
07464
19119
22451
19118
00798
03722
01992
00020
09459
04771
04771
19267
19411
01785
19405
06867
07216
00525
01179
07315
03616
21619
19956
22445
05770
12132
20276
20276
20534
06147
01179
01179
00275
01179
11529
20885
01768
00821
21071
01768
01768
01768
21071
16011
02314
02316
03553
06217
21636
02335
03465
02031
02031
18783
02383
05710
21140
03296
02483
21420
10914
21929
21977
01598
03595
03077
17758
17759
01551
09761
00728
18332