06896
15580
07444
03471
07456
01939
00948
07171
01673
04485
01271
10947
10947
06929
03621
03584
02078
02902
01890
01923
00764
11175
01952
01933
00105
03483
02946
02906
02926
02892
02886
02965
02890
02982
02878
02904
02961
02874
02895
02931
02954
02994
02933
02881
02988
02907
02876
03076
02518
02919
02952
02948
03040
02879
07166
09157
02011
02003
01940
01755
00566
03495
00602
01945
01588
01589
01756
12308
02082
10682
10681
02986
02012
01869
03551
09962
00806
00981
11749
01881
00820
03438
01000
07173
06901
07146
03449
01091
01752
01752
00796
11754
01495
13940
02871
02996
03789
02073
02071
02072
07718
03572
00794
14652
00793
11752
03550
01246
03284
03701
07447
11754
06131
00009
01599
02950
02992
02355
03763
05366
01955
01956
00609
02825
10773
07040
03799
03744
03501
12251
10536
13747
03101
00262
02935
02864
12960
12267
00872
00003
03575
01938
10441
06726
02529
03702
00036
03110
01247
01007
03529
03685
00364
12573
03664
08602
13678
03979
00790
01265
03657
03630
07010
01926
04487
00948
01256
05837
03152
02470
01304
02945
02343
09013
09015
11717
09014
02768
02769
02770
03466
04487
03151
03427
01154
07341
01153
03402
02909
06199
06199
02884
07075
06885
03106
06215
08681
11068
02029
00384
03218
01462
07282
04042
01126
01772
03282
00133
01714
03650
01821
02835
02493
07566
00600
03588
01595
03086
01358
01999
01997
01998
01995
01996
02836
09812
01491
01807
01839
02968
00756
07335
02057
02622
02057
04095
08591
02621
00826
00297
00962
00640
01883
11145
03311
02867
02863
02337
00850
00873
07089
07224
07243
03118
03116
02913
03075
01875
03216
01937
03324
00927
01915
02372
01961
01963
01962
03625
02356
02434
02435
02837
01652
01653
00053
01754
06207
02003
01925
02563
03589
01591
00762
04567
07646
07667
01546
01547
01548
00791
03665
07124
00941
00878
00788
03707
00878
00788
01223
01809
03308
07007
00761
01972
00975
00975
00703
01079
00865
01689
14540
03470
03327
03601
00876
01740
02469
02012
00965
02039
02503
03686
04043
03687
03705
01153
03427
01154
00847
01193
03484
03500
00604
04066
03060
00942
01443
00773
03977
07738
09694
09695
09761
02687
07478
01193
02529
01695
01696
01817
01609
00766
01657
07507
02011
01142
03816
02834
02519
07742
02600
09748
03439
07707
07462
03703
00928
00648
02078
00645
09458
02160
02003
01624
01223
01889
00549
07139
07058
12267
07718
01873
06153
02346
00656
09811
00789
02340
04564
02959
06960
02860
00554
03523
02003
02003
01874
00858
06180
09747
02888
02899
11753
03530
06158
01465
03648
05879
05878
02787
02788
02531
03596
03631
03402
06442
13789
03602
01879
01878
02358
02440
07461
02963
02990
01893
09861
01462
00215
01928
00868
06173
06193
00945
06967
00655
02956
01868
11065
02003
01870
02221
09772
06997
03531
03590
01929
01921
06187
00687
01060
03655
01775
01704
01703
03545
03581
03100
03310
01649
09790
03168
04096
00797
02003
06959
02237
00243
02838
09903
04094
07056
02341
00943
00286
00147
00931
06180
00891
00800
01736
01735
00014
03785
06969
01872
00075
00052
01575
02039
02036
02036
02038
02037
02040
13292
02970
07568
00763
08303
01951
03710
00859
07042
02887
02916
02520
02029
02114
02112
02115
02111
02113
02109
02108
02110
03624
07082
01924
14155
03431
06958
03978
03544
04047
01803
00651
00759
03706
05592
08177
07560
00997
01626
01626
03070
03498
00841
00657
12373
02795
02793
01785
07104
01992
03499
01409
07052
01439
07720
03647
08217
01262
10041
02030
02030
01866
01876
01892
01687
00615
00615
02911
02913
03655
03427
01154
01153
09816
09817
03740
14188
03739
03367
02440
08987
01733
03671
06920
01737
10026
09457
06188
00965
00849
02529
03565
04077
04078
06878
02761
02759
02760
01223
07133
02003
00940
03046
03043
02914
14260
02529
07778
02601
03073
02913
06180
00134
03402
01887
07636
02040
02037
02038
02036
02039
00057
00963
05823
00864
04083
03811
03696
01738
02357
02967
03571
03570
00995
03629
01867
01421
00783
01153
01154
03427
09710
00969
07574
07015
07862
03811
05847
02015
02015
02013
02016
08998
06178
06024
05896
07095
01776
03524
06925
00432
00790
00954
01914
06890
03437
01512
03217
04069
01586
02939
05808
09760
01783
06949
02528
02003
05985
03424
04072
03210
00615
03217
03536
00925
01738
01920
00563
00688
00705
02529
03071
02010
06183
01372
02795
02793
02794
13953
02035
03700
00939
11618
11617
01823
00938
01597
00869
12556
04086
02799
02800
02798
00033
19689
02371
00059
02433
11041
01854
07052
05832
05833
03486
02817
02818
02819
01226
00383
02005
02004
00059
14983
14982
06286
01361
02035
04488
07258
03436
00882
07052
10563
07570
03768
11209
07009
05337
01784
02004
01639
02025
01788
02025
01186
01989
05832
05833
07025
08483
11189
02530
01220
02786
01635
00917
01819
01819
06201
04518
04517
01176
11069
02823
01759
01835
07404
09762
02086
03709
07386
03177
04516
09787
07316
07816
00625
00016
07652
07668
07105
10439
10440
00852
07052
02824
02004
03095
02238
11071
11072
06023
02564
01916
07729
05362
00567
07584
00700
07052
01992
06198
07533
03976
08974
01515
01243
02342
06196
03294
09815
01258
03498
03499
03488
10040
02755
02756
02757
03713
07030
09155
03048
03697
03783
03784
00867
00564
01619
01489
02056
01281
02004
02004
03930
05363
12554
01990
01992
10530
03316
06196
03342
00845
00784
00158
07729
06183
02004
04767
14230
14234
01784
09976
07586
07491
07729
03491
09685
03698
15383
00949
02004
01104
06346
02248
02246
02245
02244
02243
02010
01424
12296
12555
11144
03346
02236
07052
07706
02808
02809
02810
00054
01641
06948
05845
05846
01261
11031
15051
07177
00001
03215
15581
01834
14235
14236
14236
14234
14219
14228
14229
14228
14226
14224
14224
14232
14219
14228
14225
14228
14229
14221
14218
14220
14219
15583
16301
14222
01227
12294
12295
02428
14219
03574
15738
00974
03767
13052
03574
03574
03574
06147
14223
14223
14233
14235
14231
14231
14230
14230
14233
14233
14227
14227
14225
14225
14233
14230
05352
06147
06148
15582
10823
08643
12293
06147
02030
02028
02028
07284
00001
02778
02779
01190
01739
01071
01186
00290
01191
01200
01215
01537
02614
10819
01274
00561
00897
00571
07467
07484
01156
07273
15986
01390
16511
16786
16787
16509
01977
16264
09704
01206
09815
03708
02242
02240
00088
09705
07658
16785
01934
00674
03693
07052
07729
03475
02822
03699
16169
01223
15770
01989
15772
15771
16786
16787
16785
16788
01985
02028
16786
16787
08986
08316
16785
11991
16868
16925
16924
16926
16898
16899
16960
16959
16958
16957
02030
02030
11070
17319
17319
02029
02030
01990
17318
01992
01992
01992
01990
01992
01990
01990
00951
01598
01980
02028
17320
17320
17076
02029
17073
17074
07271
10112
01990
01990
01990
01990
01990
01990
01990
01992
01992
01992
17686
02027
01467
09698
01810
07010
03555
01101
12574
00226
02026
02026
01658
06518
17828
00537
02027
12574
18220
02794
18231
01154
11031
03574
11717
02072
01246
02313
02338
06942
01056
03723
04075
01599
11031
00760
03798
12296
15580
15580
07729
01304
01756
07260
20342
20341
03742
18474
12295
18682
18672
18692
06218
18892
18891
03790
03111
03111
05593
03111
07473
03111
03497
07029
19002
19005
19159
19167
19158
05881
00571
12292
19302
12952
04771
03722
01992
06881
01990
00887
07497
00526
02796
02796
21636
19971
10830
19972
20074
12132
20073
07484
07484
20112
15580
02777
20107
20108
20114
20113
20374
20341
20342
20344
20345
12294
00525
00863
20342
20343
12415
18889
18890
21030
21064
08968
01520
06919
04068
07474
02314
00560
01493
00857
02316
06191
00287
07313
02315
06217
01160
02315
00558
03553
02335
07497
07497
07497
21471
21567
21977
22044
03595
22278
17758
22441
22457