16786
16787
01215
03293
03790
11031
15771
01104
13953
00939
03693
02243
02244
02245
02246
02248
01261
03294
09825
03476
09698
07706
15582
06948
03499
06201
07816
00625
05845
05846
06147
00016
08234
07035
01571
05966
01572
01571
01243
03709
07304
03488
02755
02756
05362
00059
01515
09787
05363
14982
14983
01092
03177
02004
07035
03436
00882
06346
01788
02025
01639
00949
03698
09685
04488
07258
03346
11144
09976
02428
15986
10530
01361
03647
10563
12999
01759
00626
07668
07652
12554
05363
02745
02744
00046
02757
03095
06023
09762
09815
04516
06286
07004
01835
02056
01489
00564
00867
02798
02799
02800
02004
07054
12996
12997
07272
09153
01258
05337
00383
00974
01081
00869
07720
00135
07258
11072
11071
11069
00027
07584
02824
02005
02004
01597
00938
01823
00054
01641
04086
03783
03784
00799
11041
00784
02086
01989
05832
05833
03930
01727
07009
09952
07305
02793
02795
03475
02822
02821
03493
10254
07025
03976
07273
03491
09963
06183
07105
03697
07491
03856
07720
05350
01197
09704
01191
07706
07586
11617
00626
03700
01372
01916
12556
00616
01635
00917
01819
01819
02530
02793
02794
02795
00059
02371
02433
01006
08483
11189
00845
02242
02240
07570
03768
11618
02236
07052
07729
07533
06198
02564
02238
07177
01478
06196
00626
02123
02121
02124
02119
02118
02122
02120
02117
01034
01939
07335
02106
02601
01923
01952
00764
01933
11175
00602
01945
01588
13677
01589
01756
03551
04072
02946
02906
02926
02892
02886
02965
02890
02982
02878
02904
02961
02874
02895
02931
02954
02994
02933
02881
02988
02907
02876
03076
02518
02919
02952
02948
03040
02879
09817
09816
01866
03043
03046
00925
00286
06878
04083
03100
08600
02313
02338
06942
01056
03723
04075
00760
03798
00948
03584
03621
02078
02015
02015
02016
02013
00761
01358
02445
04042
03466
02867
02863
09903
02838
00243
00789
00012
01893
03110
01223
07089
06959
02836
09812
09811
01893
06958
08659
03710
02082
02909
02884
02470
01689
06131
01938
03800
02057
02057
07335
02968
03657
03310
02029
06193
00009
00820
03100
00873
00850
02337
00688
00705
02529
01972
02110
02108
02109
02113
02111
02115
02112
02114
00790
01889
01890
02003
02970
03282
03086
00067
00945
02520
02916
02887
06969
03785
01736
11754
04487
15738
01462
03151
07282
02888
02899
03101
06180
02825
00609
01956
01955
02003
01126
02959
03544
03978
01807
01839
01591
00762
03648
01465
08591
02622
02621
00826
02945
07146
00791
03665
07124
07462
00759
10773
06967
00973
01790
06158
00161
00162
00627
00382
03800
01928
03431
00940
00940
03596
01869
02012
03703
03650
02864
02935
11754
01495
00796
01633
00950
00075
03788
02000
06929
00767
00773
03523
11991
01810
00963
00057
09765
04485
01673
07707
03536
07015
07574
00969
09710
02073
02071
02072
03311
07862
00943
02341
07056
07042
13292
08303
04567
00432
03630
07010
01926
04487
00948
00858
06180
05847
00364
03816
03734
01821
02835
02493
07566
00600
02469
11068
14540
03470
04096
03168
03778
04094
03300
01646
01644
01643
05964
01910
03106
03710
01951
00868
01256
02039
02036
02036
02038
02037
02040
11753
02003
06960
07006
02860
00554
00077
02768
02769
02770
00940
03217
02914
03424
05985
02528
06949
01783
09760
02950
02992
02355
00134
06153
09013
09015
11717
09014
15580
15581
03501
03744
03799
07040
07738
03977
01924
07082
03624
03217
01512
03437
06950
06890
01776
07095
05896
06024
06178
08998
03216
07139
04069
01142
01874
00859
06915
02913
03075
12573
03664
01304
02529
01868
03685
03529
00014
01595
03588
02358
01803
06885
02747
02746
00874
01625
02440
00864
01879
01878
02761
02759
02760
03979
03215
00891
00800
07058
01265
01929
01921
06187
01534
03530
03631
03402
06442
13789
03602
03601
01491
01669
01870
04074
01873
01735
00014
07718
03565
03500
00604
04066
03060
00942
01034
00019
07173
07444
05366
00763
00384
02029
01000
03438
00147
00931
00615
01443
03324
02834
02519
07742
02600
09748
03439
02503
06925
06901
14260
03655
02013
02015
02016
01775
00997
03070
01809
00847
01193
03484
03625
02356
03701
03284
02963
02990
03575
03671
07456
03100
03581
02346
00656
02440
09747
07007
00757
02954
03789
01915
00927
02902
01624
01937
03545
00868
06173
00865
01153
01154
03427
02003
02787
02788
02996
02871
06962
03218
11145
01875
01962
01963
01961
02372
02160
09458
00645
02078
00648
03686
04043
03687
03705
02434
02435
03740
14188
03739
03367
03702
00790
00789
03524
02343
00876
02221
09772
06997
03531
03590
03589
02563
01925
06207
04047
06941
05808
01738
01872
08177
08602
07568
04564
02340
02237
00655
07461
03549
05592
02837
02529
00954
01914
00926
00611
03402
07718
12267
03706
01883
00640
00962
02956
01462
03763
01881
11749
00981
00806
03210
07560
09761
02687
07478
02034
02003
00005
00656
02761
02760
02759
04069
03073
02913
06180
04077
04078
03696
03704
03387
01468
01712
01938
01745
02967
02357
09861
07447
01246
03550
03572
07727
03555
03402
01887
01876
01892
02911
02913
01421
02986
02939
03495
00566
01752
01752
00995
00012
00963
03629
01867
00783
01281
02342
01619
03317
01409
03713
07030
06889
03048
02004
01220
02786
01635
00917
01819
01819
02530
07729
00616
07260
03475
02822
02821
03647
03342
02035
02033
09815
02004
02005
07533
15051
12555
03708
03386
00603
01479
07386
01226
02817
02818
02819
03486
07104
03810
08152
08974
00752
00088
01424
02808
02809
02810
01262
03471
01271
01834
14230
16509
03699
14233
14233
14231
14231
14225
14233
14224
14224
14224
16511
01977
01977
01977
01977
01977
16264
14237
14237
14237
14228
15583
14228
14228
14234
14234
14230
14225
14220
14220
14220
14222
14219
11045
11046
16169
01223
14235
10823
05340
02851
13734
13734
15770
15772
11040
11040
11040
16786
16787
16785
11044
16788
16789
11704
14219
15035
00131
10009
02424
02028
02030
02030
14223
14223
14232
14229
14229
14236
14236
14234
14229
14218
14218
14218
14218
14218
14230
09951
01426
16785
00951
08986
16926
01985
01985
01985
01985
01985
14221
14221
14225
14228
14219
14219
14219
14219
14230
14227
14227
14227
14226
14233
14228
16898
16899
01980
01980
01980
01980
01980
08316
11070
03574
02029
02030
01990
17319
17318
01992
01992
01992
01992
01992
01990
01990
01990
01598
02028
02028
03574
01897
02028
17320
01537
17076
17073
17074
02029
10947
02030
01035
01035
01992
01992
01992
01190
01990
01990
01990
10112
17686
01101
07284
07284
12574
00226
02026
01658
03767
00537
02027
01467
12574
01071
03366
06148
18153
02794
22044
18369
00105
03742
18474
02001
02002
18581
18682
06896
18672
18692
06218
18892
18891
03111
03111
03497
07029
19002
18979
07483
07483
13052
18986
18987
19005
08652
02476
02475
14989
01710
19137
01364
14745
03722
07486
19302
04771
12998
02031
03483
06881
00526
00887
07497
07052
02796
02796
00786
21636
11705
11706
20074
12132
20073
21349
20112
02777
20107
20108
20114
20113
20342
20373
20374
00526
20375
21064
08968
00558
06191
00525
01493
04068
03553
06919
02314
00525
02316
00560
00287
01520
06217
00857
01286
02335
02032
00571
01746
07497
07497
06148
06148
21471
00863
21567
21828
21977
21993
03595
03078
22278
03077
03079
22457