01571
03392
01426
09684
01995
01998
00082
01426
01426
01436
04517
00721
03797
03564
05520
15975
06994
00951
01784
01719
00823
01560
01607
01273
05799
09819
01992
01990
01990
01990
07793
07068
13280
02413
00024
00666
00666
03574
06147
02010
11072
02055
02055
02053
02053
02054
01715
03520
01069
13626
07742
07258
01537
13640
01187
02347
01739
00301
00721
01969
01266
07192
05343
09386
00549
01534
09015
06001
07516
03386
07447
03665
07131
01933
06883
03636
00602
01895
02275
02274
02299
01915
00275
07507
00556
02034
02033
02035
00033
00036
01057
01322
03637
07301
01724
01599
03086
03979
00847
00376
03750
03734
01649
01704
00052
01006
03657
04075
00760
03798
03924
02335
01883
03218
02939
02314
02935
02864
02863
02867
02601
02913
02358
01873
03652
03572
03701
07282
01875
00820
03686
05567
05568
05570
05571
01881
00681
01628
00784
07053
07586
09927
11175
01951
01945
01515
03088
00767
02035
02034
02033
06989
01443
01438
00948
03685
09163
01733
10563
03601
02160
02356
01262
03786
03702
04042
00948
03524
03521
03522
00313
03698
00919
01295
03495
03499
03499
00261
02434
00123
00338
03885
01151
00067
01689
01889
01890
01892
00765
00013
03550
01783
00973
02687
09761
09131
05837
06215
02390
02389
02387
02412
02411
02410
02409
02408
02388
02422
02407
06603
02406
03563
03325
01486
06971
07462
07098
06973
03544
01358
03545
03518
03519
07161
07402
07141
02195
02194
02200
02198
02197
02199
00790
02114
02112
02115
02111
02113
02109
02110
02108
07217
07305
07304
03449
00973
01887
01476
01494
02397
02396
02398
02392
02392
02405
02404
02400
02401
02421
02420
02419
02385
02556
02557
02415
02416
02417
00384
00481
00449
00448
01039
01040
01857
03088
09807
01937
07107
03565
01869
09767
02517
00995
03111
02990
02050
02051
00872
01733
02034
02033
02035
02073
02072
02071
01999
03519
03518
03153
07025
01599
01772
00231
00940
01620
03088
03088
01738
03581
02274
01247
03593
09458
01480
09967
02970
01591
01754
02341
00681
02204
03555
03070
03154
00788
00788
03149
02049
11325
00075
03284
05520
02035
01687
04488
09825
09013
09014
11717
04488
07075
00525
03569
05592
01895
02016
00566
03088
02034
02035
01779
01042
03525
00606
01918
00573
06416
07053
00991
01770
07560
04043
03687
03705
02836
08223
00859
06158
01586
01996
01995
01998
01997
01999
00641
01740
00003
00133
00962
02956
00053
01653
01652
01872
08310
07284
02001
05515
02528
01008
00812
04078
04077
01845
03517
06934
09117
07037
07042
02238
02237
03723
07456
01356
03686
01939
02372
02843
02849
01858
10843
02469
00969
03072
03074
02967
02357
09903
02838
00806
00981
00099
13292
01845
01295
00823
01998
01997
01996
01995
01999
01999
01997
01998
01995
01996
01473
01474
01474
01473
00852
01687
06016
03522
03521
01711
01638
07516
02371
02035
02033
01464
01778
03885
08602
03183
05827
00230
02035
02033
02034
03088
03711
07104
00276
03498
03499
07023
01424
01515
03718
00101
03496
00088
02003
00123
00123
01473
01474
07263
00567
01681
07402
03518
03519
03918
01999
01997
01995
01998
01996
01714
05921
00151
00483
07160
03518
03519
01007
13051
06282
06281
04651
04652
04653
12234
02035
02034
07258
02510
01438
07667
00928
03151
06287
01733
01679
09122
01999
01997
01007
03100
02433
06197
07341
01586
00761
02034
02033
02035
02609
02610
02611
02612
01998
01995
01996
02049
02050
02051
02051
01999
02012
02011
01687
01493
07391
10440
06966
02160
01912
01912
02015
02015
02016
01652
07282
02034
02035
00681
11212
01915
01265
04487
01874
01874
03798
09125
00645
09458
13796
01599
03710
01533
03088
07258
07058
02000
02002
01720
04063
00612
02275
02274
02259
01867
03088
02011
02012
07075
03778
03707
02035
02033
02034
00059
01104
01520
00763
02003
01809
05593
01465
09699
00167
00166
00382
01647
03405
01534
02566
01911
02548
01661
08680
02551
02552
06901
02032
02031
02034
02035
00627
02033
00286
05710
01494
00874
03718
07027
01940
03575
00791
07082
00014
02654
03800
10439
10441
10440
01474
01473
00294
01714
07025
01652
01895
03823
03322
11358
02487
06596
02018
02020
01775
06949
02259
00077
08591
00111
01999
01997
09786
07180
02034
02033
02035
06978
01737
07058
09690
09691
08281
01754
00121
03738
00123
02380
02019
05772
05773
01733
01534
06016
01996
08483
00864
05879
05878
02440
07220
03924
11709
11708
11710
11707
03855
00760
07085
03088
01658
03924
08982
08982
02418
04763
11443
02518
02919
02952
02948
02986
03040
02879
06173
02871
01491
05808
09457
02996
10773
00705
03688
03799
03969
06044
01236
00700
01652
09764
03800
01712
01745
04567
03624
01448
02035
02034
01633
01495
00796
00950
02433
02435
02343
07056
00627
00162
00161
09129
00873
07667
00261
00324
00324
00325
00697
01438
06013
02279
02282
02283
12510
12511
02034
02033
03750
01999
08963
01251
00789
00066
01613
07027
00772
03313
11752
00793
00794
03833
07738
03531
03590
03589
01921
01924
03588
01925
01000
01929
03587
03438
03925
06045
01848
03608
03609
03610
05515
06878
06153
07027
02470
03621
03530
03437
02887
02916
02520
00604
05982
05810
06997
00997
00012
01512
00773
03117
01056
00074
01848
01849
07588
06442
01159
03086
09458
02340
02968
03980
01697
01895
03548
07240
06978
02346
04748
02448
02275
02274
01652
00658
00164
10112
00820
06213
01644
02897
07477
08309
03594
00283
01755
03727
00946
02433
06925
03789
01409
01092
02501
01814
02500
03553
06877
01465
01956
01955
00762
01972
02342
12574
03466
06187
00943
05946
03980
06199
01807
00615
00615
03455
01903
01902
00611
02492
01845
01698
03596
02499
01876
01928
10773
01750
00335
00334
03088
08999
03100
03116
02035
03075
01803
00927
00134
02600
02519
02834
03177
11753
01866
03928
03088
03427
01154
01153
01885
07729
13057
03641
03073
00681
00858
01625
03584
03783
02003
00554
01710
00681
02035
02033
02034
02035
01736
00800
01790
03664
11472
11473
03547
06915
00240
00239
00242
00241
01749
02888
02899
02909
07241
03711
01588
06941
02433
04564
00851
07090
02275
00163
01733
03924
11071
11070
11069
00600
03977
00282
02437
00605
00764
01952
01952
01952
01923
01756
00820
03424
03802
02337
01938
03629
02338
00641
01610
07568
03551
09791
01926
03631
01998
01997
01996
01995
09747
00567
03088
08976
09763
03797
02274
00975
01963
01962
06999
03092
00609
03546
07403
08256
03722
02446
03628
01652
07282
03752
06168
03265
13038
03043
03046
02950
02992
02355
02358
02946
02906
02926
02892
02886
02965
02890
02982
02878
02904
02961
02874
02895
02931
02954
02994
02933
02881
02988
02907
02876
03076
00939
01265
09773
01662
03501
02959
06960
02860
11755
03856
06208
01695
01696
01817
01609
00766
01657
02035
02033
02034
00954
02033
02034
02035
01975
06966
02835
02493
07030
03655
02033
03704
01474
01419
06920
06942
12410
03825
03527
01126
01870
03272
03271
02313
01473
01474
01703
01704
07220
03306
03789
01678
02647
03271
03273
02034
02033
02035
00626
01061
01246
05396
06888
03569
03570
07009
03671
00479
02914
03536
08998
06346
03650
07090
01677
04486
07238
06929
01714
01338
01061
00285
06167
00059
01755
01507
05831
05827
03824
03518
07152
07152
03529
00074
03624
02238
00995
00059
00330
00331
00332
00333
00337
00339
00340
00341
00342
00343
04066
01845
00826
02035
00845
03667
03106
03110
03630
09780
02039
02036
02036
02038
02037
02040
07636
07040
02911
00648
00645
00059
03625
02078
03118
00942
01462
03168
04096
00826
05896
06024
00059
04487
07090
07028
02221
02316
01129
03703
07566
07478
00989
01693
00817
07258
06178
00945
00655
03695
01101
01868
02355
03525
11749
04763
01880
03497
03088
02884
03470
07460
03638
01892
03639
01295
08972
07095
11068
05350
02945
03696
04485
02563
03101
06180
01652
01250
02523
01338
07010
01840
13993
10947
03284
02963
01470
00297
01470
02083
03892
13993
13993
03649
13810
11263
13639
01426
04750
02016
11189
03328
03709
00030
03572
13888
07502
11173
10543
00446
13735
09020
03741
06415
07222
07045
07045
01739
02004
02004
02004
01273
13787
10544
00121
01915
00368
01087
00318
11754
09458
09005
02503
02986
01916
13829
07246
01784
01759
00027
00042
01961
01961
07777
14232
14224
14219
14219
01990
14230
14238
14235
06893
07749
14220
14225
07011
02052
01983
07011
14224
14224
01455
01455
06916
00185
00318
00666
07101
09166
00058
00058
06204
08070
03217
00124
03555
05826
00632
01990
02651
05566
13766
01897
01940
00971
14228
10236
13628
14233
07045
00941
14228
05364
14229
00303
14228
07011
14232
07794
02053
14228
01977
01977
14237
14232
00130
14234
05569
05565
00015
14223
14228
14218
14231
14223
01980
01980
14441
14445
00970
02054
01992
14234
01286
14233
14218
14652
05606
15035
07795
07052
14227
14237
14219
14221
14221
14230
14230
10218
14166
06218
14219
14229
14218
14222
14225
14230
02013
14236
06147
14237
14161
14162
14233
03497
01011
09820
09818
14954
14591
14941
03743
03086
03086
02033
09022
15773
03215
14225
14219
14234
14226
14233
00104
14742
07050
15372
06998
01962
01963
06857
15521
15526
15633
02428
11741
14415
04518
02034
00148
01692
00459
15342
05828
00812
02050
02051
02033
05829
05830
15866
15977
15987
03605
15975
16147
16137
10716
16515
02052
15066
01978
03321
03699
02033
18313
02033
16264
16786
16787
15582
15583
10823
16785
02034
10238
10237
02034
02034
02033
10545
07012
02193
02054
06400
16203
16203
16203
16785
16786
16787
02003
16927
16937
16937
16937
00184
01990
01992
10439
10441
07777
01703
17686
17218
01992
17285
01992
01992
01992
01992
01992
01992
01992
01992
01992
01992
01990
01990
01990
01990
01990
01990
01990
01990
02010
17836
01497
17836
07669
17836
17836
01007
00254
03520
00124
01985
01985
18314
18682
18707
01971
01777
18815
18844
20862
16898
03496
02315
03526
18979
19046
19123
19125
08678
19221
00798
05881
00571
19189
19124
19126
09951
02277
19341
12952
01990
01990
01990
01990
01990
01990
01992
07218
06881
15856
19710
19689
05770
09796
12132
12132
12132
12132
20074
06994
06147
11529
01214
21071
21071
13075
21029
08968
21142
03636
21417
21417
21416
21417
21416
21416
21564
21700
21600
21567
21564
21929
21929
21929
22044
22010
22112
21903
22205
22187
22187
22278
02257
22311
07755
17758
17759
03469