02428
02313
15726
02242
15230
15231
02338
06180
07274
15256
15257
01835
15022
15633
01082
14228
15738
04751
03320
03832
01414
02575
02275
00789
00940
02911
03621
00648
05592
09760
15977
04758
04759
09710
00969
00134
00927
01803
00208
02600
11175
01000
02078
09458
01962
01817
01783
02902
00620
07133
00937
03820
03210
03072
03074
01869
11754
03723
07010
09769
03624
00145
03269
03415
03407
03408
02066
02065
03113
09858
13788
00925
03704
01465
03561
04077
04078
08296
03324
01599
00133
03324
07090
03924
07277
01524
01633
08591
03517
00767
02401
02535
00872
02519
02834
09748
11752
03183
03601
04773
03786
00950
02404
04562
02405
02416
02417
00566
03648
07461
02956
00979
06940
01609
02888
02899
03979
00931
00604
03524
02109
02109
02113
02111
00372
09903
03060
01866
00459
01448
02400
02115
02112
02394
10857
00790
02967
02357
03885
02421
00942
03116
01887
01007
04069
00789
00688
00134
06077
00965
00703
06168
09778
03733
04075
07007
03702
01610
00382
03800
01895
00161
00162
00627
01573
04079
02003
09781
09803
09457
01626
03558
04567
00600
03749
01657
02343
00573
01925
03628
03787
02434
14223
01870
01153
03427
01154
05837
06180
03439
09812
09811
01733
00286
00147
02304
05810
01662
02411
02410
02409
00817
14170
01586
11720
01056
02897
02669
01665
00609
03602
00641
01740
02455
02453
03667
01419
02939
01940
03530
03306
00796
02341
00928
08311
03117
03118
07568
04096
09798
02990
02963
01755
07397
01775
06950
03501
02992
02355
02836
01918
03587
02408
02388
02387
02456
04066
07058
01698
00611
01867
08973
03977
05801
01627
00794
02108
03110
04485
01673
02415
00997
03154
01924
07456
07007
03744
03657
01873
02393
09117
03555
01591
01895
09860
02469
03320
13007
00067
12452
02377
00615
00615
01709
00978
12452
02377
01711
01810
00963
11216
00990
00820
03147
12506
00958
01095
00262
01256
11927
09928
11473
03272
03274
03273
03271
02034
02396
05516
00602
00850
01952
03624
12573
02340
00948
03596
03687
04043
00013
00891
03797
01923
01952
01952
00655
06199
09979
14155
02503
01889
01890
00800
03527
02945
01714
03152
06969
01883
01740
06891
03694
00684
01295
02884
00554
02860
06960
02959
03106
02527
07164
03664
00655
06888
03412
03415
03408
01951
00278
03703
13924
05820
02227
02232
00340
00339
00338
00337
00334
00333
00332
00331
00330
06076
01151
02346
02654
02282
03407
03413
04084
01338
05807
05808
03655
01878
09116
01588
08303
04486
06886
03671
00384
00215
00343
00342
00341
14652
03734
05939
00901
13747
12511
02280
00764
07139
11755
00826
02040
02037
02038
02036
02039
01915
01649
06929
01754
01652
01653
02536
00812
00640
01892
00943
00954
03186
02386
07460
00123
00003
14261
03218
07056
02909
09761
03750
01737
03639
00413
00412
00411
03495
00793
03654
07173
03642
08307
03424
03631
00406
00407
00405
00404
01956
09804
01939
06153
02573
00376
07112
07112
02520
01868
01687
02887
02916
09131
09001
07102
03575
12141
12140
07798
07787
07002
06158
05591
13819
04487
01703
03752
03637
01736
03685
04564
07391
01462
01935
00053
07447
03650
03217
03536
02914
03695
10773
01624
01079
01875
03704
01613
03798
02687
03413
01814
02501
02841
02517
03551
00606
03407
01695
02470
06207
00573
06193
01129
02970
02652
00919
03563
03657
01738
09768
02110
00962
04744
01945
02283
03625
03581
01425
12251
00791
06131
03179
03588
02563
03564
02392
02392
03086
01845
01644
02114
03832
03641
03640
03775
00645
00428
04561
02305
03438
06886
09803
08306
01972
06442
11753
06176
00912
00930
02523
02492
01881
07113
01749
03182
03980
03550
01921
01929
07220
03306
03525
00765
09141
03924
00428
00097
03474
11927
00748
01465
00773
02356
02337
01772
01091
00266
01963
00788
00783
06204
02417
07090
03701
00766
06925
06861
03092
07001
02397
03466
01682
03634
03070
07082
00031
00024
01903
01902
00176
00174
00175
00177
01886
02221
03753
03841
01874
01772
07043
06920
07042
07301
05515
03978
09774
03270
01693
06959
04069
00858
01876
03151
03216
01433
00052
01704
03579
00428
01491
03100
01808
00759
01696
01255
00549
01975
09122
06942
02570
02572
02568
02573
02567
01613
06176
00946
00239
00240
01142
03831
01735
08982
15977
10857
02305
04561
02448
02164
03313
07089
03893
02455
02453
09944
02419
02557
02556
03760
04042
06918
08990
09136
06969
00703
01810
00161
00162
00627
00382
03644
07090
04758
04759
07240
09933
02003
06888
00995
11749
06997
07007
01153
01154
00014
01058
06187
08304
03686
01628
00833
03770
03590
03531
02003
02493
14445
00057
09765
02372
00677
03544
03569
03570
01955
02237
01834
12510
00077
00384
01012
07095
03168
02406
01845
00604
02407
06287
01872
03308
03149
06041
06178
07478
00170
00169
00171
00172
01091
02996
02871
02019
02020
02018
02933
02881
02988
02876
03076
01265
02518
00243
07234
03716
13993
06917
01008
04069
00973
01790
00067
00957
00860
02952
02948
02986
03040
02879
01928
01579
09747
00795
00615
07088
03218
09861
02358
03073
02601
02867
02863
02864
02935
03043
07089
02389
02390
02390
08289
00239
09767
02231
02233
02204
02015
02013
02016
00981
00099
11065
00075
02420
01689
06213
01953
02422
01792
04719
03427
01154
01153
00029
03636
03750
03470
07133
02946
02906
02926
02892
02886
02965
02890
02982
02878
02904
02961
02874
02895
02931
02954
02994
02456
02455
02460
02453
02950
00788
02169
09816
09817
03075
02838
00762
01937
07462
02412
01495
02528
02500
06941
06180
01756
13626
03410
03672
09913
01159
13038
00806
02654
07091
06173
15461
01879
05919
04654
04653
04656
07107
06204
13926
01993
01358
03545
03101
03431
02968
02835
01778
00859
00797
01933
06076
03427
00788
04061
06966
09792
02435
02669
03415
01960
03743
02566
00616
02454
06603
07305
02014
00058
00076
02014
02051
05844
00575
03406
07457
01585
07126
02574
08305
03316
01885
07098
06902
03469
00548
03796
06346
00974
07019
12282
02653
03177
02619
01104
01719
02077
03406
07304
07257
00652
06897
10254
00784
06039
02035
02017
15725
00366
03499
03498
04720
02014
01409
03635
02454
07272
15894
15896
15897
02033
00059
02342
09004
02067
01262
07114
07114
04517
02274
01439
08352
03593
13640
02014
02004
03711
01934
03593
11085
02843
01424
09825
07114
07114
04748
03386
02454
09118
00845
00700
03316
02004
06013
03768
14761
04488
06889
04655
04652
01535
04763
01572
02238
08077
01826
00769
01537
03769
03406
00088
02433
07126
01916
09004
11312
02004
01679
01885
00619
09155
01081
06990
00939
00939
00674
03776
02574
09815
03455
09141
03605
15778
00104
15895
15898
01784
15986
00971
02014
10716
10716
09022
16052
14227
14227
13993
06204
18682
16264
00366
14232
11645
03321
04782
02075
02847
01959
02226
14219
03559
02303
16881
02003
17218
17227
17226
01980
01980
01980
01980
01985
01985
01985
01985
17226
14226
17227
17103
11782
14224
14237
14237
14220
14220
14233
14219
14234
14234
14235
14231
14231
14219
14228
14228
14222
14229
14229
17103
08738
17716
00265
17218
17218
17218
02484
02484
01897
02484
02484
03559
17222
14218
14218
17224
00185
17225
14225
14233
14233
14230
14236
14225
14237
14224
14224
14221
14221
14230
14230
14230
14228
14219
01992
07576
17686
17675
01977
01977
01977
01977
17686
01658
05540
00537
06921
06921
01267
00290
01497
01791
12574
00254
05922
05927
00956
07003
00557
05366
18284
01207
02020
03406
08738
04084
13993
07114
07114
11927
17218
08352
03671
03406
04095
11784
11785
18285
18480
00241
17223
18691
07171
07171
18831
07171
03111
03496
06218
06218
03496
03497
09690
03526
07483
19000
19166
00336
17251
07172
19170
06320
01710
00382
22468
03892
00336
19345
19302
01990
01992
19416
07218
19640
00992
09691
00860
12137
12137
19802
07274
21636
20810
20534
07100
07100
20964
00525
00821
00018
21029
01493
03465
02316
03553
02314
02335
00526
02481
00980
01139
07097
02483
02483
21420
01420
10026
10914
21929
03741
03595
03892
03892
03892
14441
22391
17758
17759
22451