01869
03711
03711
03711
02551
01243
05936
03587
09012
00864
00161
01961
07659
01256
03501
02066
07769
02112
07300
06883
02111
02109
02109
02110
02108
02096
07444
02471
00082
05572
02031
02032
01990
02931
00962
07638
01512
00820
04077
01551
00700
09903
09931
09763
05579
09013
01682
03281
01433
00014
02990
08289
03701
03631
01733
03517
01951
03424
01693
00762
09780
03687
05578
05576
00764
01265
04043
03685
00514
05573
05577
05575
07071
03076
08999
10960
09005
08998
09835
00284
08884
03316
09775
02426
09001
05539
03465
07566
07301
01046
05567
03502
03503
02005
02004
02003
02041
02044
06876
02037
02038
02036
02027
02025
02026
06024
02004
07089
02077
02074
02075
03310
06147
03403
02042
03768
02502
07175
06147
02338
08906
08906
01814
02492
00939
01928
00800
03684
08303
01952
00075
00946
00097
06118
01358
00133
00928
00640
01061
00791
01251
00971
00979
00688
00979
06041
01008
00012
01669
02890
02294
02835
02887
08591
02221
03153
09747
08973
02049
02050
02051
04652
01480
01955
03185
01952
01624
01963
02536
07015
07447
00995
02641
02224
01144
07037
06177
01649
02469
00088
03671
01159
06942
02335
01883
03308
07019
00325
00324
08482
02639
03724
02231
03798
03592
08481
03325
07240
07222
01502
03100
00324
00384
02518
01653
03768
02706
02705
01739
01738
07568
00627
01897
03801
03584
06997
03977
00973
01710
01679
02169
00833
07079
06941
03046
03043
02968
07742
01807
06871
02600
00241
00239
00240
03292
07304
02372
02535
07277
08480
02888
02899
03177
02564
02687
00058
01925
03060
04077
04078
02114
00969
00259
02639
02113
02092
02093
06442
03588
06196
07399
01756
07266
02707
05574
05582
05581
02065
02067
00950
01669
00208
00464
00263
07190
02712
06999
06206
03980
01703
01704
02710
01191
02715
02709
03116
01056
00798
01870
02435
00609
03885
02716
00958
03798
02703
07052
07305
02722
02503
03282
02290
01835
03296
07478
03564
03525
00390
03885
03665
03499
06158
03579
03601
03602
07058
01092
02719
00799
00648
02834
05349
03686
05371
07315
07007
02635
02637
02293
02003
03168
00793
05515
02340
06199
06199
06147
02022
03820
03086
03106
02959
06217
06890
03595
06898
03154
02012
02355
04487
03438
07042
03695
02970
06168
02500
04040
07443
02232
05577
05575
03470
04518
01338
02946
02358
02992
02950
03644
02689
02690
02276
02274
02275
02838
00104
01929
03182
01448
01895
03564
06885
03610
05378
05379
05380
05381
05377
05376
05378
01665
07026
00690
03750
03638
04035
00703
03642
03696
07146
00799
05592
07304
01956
03218
02433
02337
02956
03550
02316
02115
09928
09800
06443
02528
03072
00162
03074
02097
06883
03101
03523
02967
02357
03655
01879
06207
06861
00761
02234
06966
00524
02837
04083
03723
00604
03568
03186
06940
07462
02963
02913
02095
00988
00548
00826
02230
03703
00954
07259
04487
07106
04043
02639
04079
02902
02698
01662
01754
03798
03689
01589
01735
07577
00876
04565
06966
02913
00981
00005
03789
01586
03644
06187
02717
03581
03582
03583
07313
03474
07390
00852
03651
00799
02342
03216
06872
01147
03652
10206
01738
04485
03621
00645
00655
02291
05584
05896
00966
05580
03705
01696
03113
01588
02549
02548
02552
03676
00901
01664
00817
03650
06180
02563
03469
02935
02864
02863
02867
02601
03073
02469
03625
03110
01755
07305
02669
06949
01924
02356
02160
07120
02188
03149
02916
02343
03544
03545
01714
04075
02724
03555
03702
03070
07978
02520
02470
00432
06213
03087
03924
03575
00847
06925
03111
03569
03570
03664
03551
02233
03529
07265
01991
09118
02259
00059
00991
03179
02634
03118
02697
02694
02669
01885
02884
06873
01489
08479
01892
02711
02713
02708
02699
02909
02996
02871
06173
02879
03040
02948
02952
02919
02876
02988
02881
02933
02994
02895
02874
02961
02904
02878
02982
02965
02886
02892
02926
02906
05585
03553
06864
03629
01657
02692
05837
03593
03642
02284
02285
05370
05369
05377
05376
05385
05386
05383
05382
02290
02945
02704
02714
07107
04096
02493
03608
03609
02693
03654
00128
03786
06169
03321
07456
03979
07393
01652
01607
07056
02954
07040
03217
03536
02914
06208
04773
03867
03969
03671
01845
01142
07027
02011
02010
01724
03086
04066
03926
01881
03100
01465
07052
01652
07137
02945
01470
01962
04037
04039
04038
01601
01602
06287
02986
03596
02034
03500
03183
01878
06893
02227
03531
03589
01485
00790
03437
00382
09014
06891
01661
03686
09121
00036
00003
00099
00555
01739
01619
00286
01790
00067
00652
01935
00013
01591
01866
01255
00748
00677
01923
01945
00784
01916
01654
01462
00278
01737
00891
01719
00943
00858
01647
00860
01443
03428
01911
01920
01424
01887
00767
00951
00927
00020
01759
01689
00859
00940
01734
01872
01972
00605
01937
01455
01455
06016
01725
00937
01626
01940
01000
00696
10563
03839
08983
03147
00615
03431
02078
02691
02860
01627
00031
01627
03657
03270
01784
02094
02116
01262
03075
02639
02720
06381
03530
01885
09458
03046
05337
03453
05808
06181
02005
02033
02035
02501
07088
03787
01889
03798
02313
00383
02276
02274
02275
03321
01695
02638
06978
00845
01633
00872
01868
00794
09748
08921
00783
09710
09705
09761
02825
08903
09772
03800
08641
08902
01104
00789
03797
08964
08963
01698
01437
01875
01788
00942
01409
01791
01299
01507
01749
00930
01939
01507
00616
01669
01772
01495
01817
00218
00274
00694
00116
00556
03333
00053
01358
01358
00606
01921
01609
01802
00566
00788
00858
00611
01356
01069
00765
01465
01599
00147
01414
00845
01867
05979
01776
00766
08097
00919
01915
01783
00975
00033
01687
00218
03526
03797
01778
01810
00145
00772
01092
03692
00873
01358
00681
00384
01469
00948
00705
00806
01012
05978
01740
00651
01803
00796
00215
00759
00134
00855
00052
00931
01494
00274
00773
09767
09919
03527
00600
00989
01494
03439
01736
01775
01611
01595
00228
01933
06917
07336
09970
09971
02836
09858
09958
02519
04567
01057
01585
01768
06911
02437
02939
02314
03495
01873
00218
02428
00797
01480
01876
03087
00020
06920
03189
03188
03187
03190
01430
01429
01428
01953
00609
03639
03752
02575
00367
03637
03635
00366
03086
03405
09125
02434
01802
08296
03287
02636
10773
03795
02041
11329
03386
10908
09966
09942
06042
09688
10107
09689
05895
06153
10697
01515
02703
02706
02653
02341
11175
01890
11145
01874
07738
07090
07090
01091
07657
00150
08309
07636
12073
01424
06178
02703
00812
02238
04651
04763
00518
11325
11312
02723
09969
02700
04042
01625
11472
11473
12574
00602
09880
11755
11753
12573
00507
06891
01297
01297
11752
09458
08967
13292
08300
05810
05516
09774
11532
03524
00595
11717
11959
11960
11961
11962
01952
11777
02303
03183
07460
06147
05946
00111
09457
13541
09015
13799
13789
00392
01992
07123
03666
05356
04751
13038
01491
03564
00281
05575
07242
00620
03782
00830
08226
02290
05384
11754
02286
14231
14221
14219
14230
14232
14220
01983
14219
03404
00554
01770
02044
03394
14225
14232
02013
14218
14232
14225
14233
14228
14218
14218
14225
14237
14234
14223
14331
14330
14224
14233
14227
14227
14234
00799
14226
14228
14233
14237
14236
14222
14218
14228
01978
14229
01980
01980
14441
01977
01977
00472
14518
14219
14237
14234
01524
14652
10112
14230
01985
01985
14235
00721
14230
14233
14228
14230
06133
14540
14228
06919
15383
03090
02533
03297
15226
05583
03817
15034
02428
15633
15738
01082
03839
06180
19560
08679
15918
10716
03320
15977
10716
14237
00974
05570
05568
05571
00970
01533
03321
11602
11601
11603
18814
11963
02040
02040
13693
09972
16787
16785
16786
11720
15035
17246
17108
17245
17244
01992
01992
01990
10111
07079
00254
17836
17758
17759
00537
04757
17947
07260
03742
03215
18534
18678
10747
17892
05366
03181
03789
19032
18979
19003
16149
08678
19221
19221
22468
19073
11991
05275
20024
20444
01208
20444
18889
18890
20713
01214
01214
00821
21147
21480
10026
10914
21561
21929
02257
04094
22305
11206
00275