03602
01156
00821
06900
14233
14233
14233
14231
14228
14228
14226
14224
14225
14228
14228
14227
14218
14229
14232
14224
14223
14234
00335
01611
03043
02965
02876
02888
09815
01687
00974
00797
02890
13038
02899
00833
03046
02982
03979
02996
09014
03070
02950
03076
00931
09013
17222
02878
02952
03701
09015
17226
00615
01740
02992
02904
02948
15576
01669
11717
17223
01935
02358
02355
02961
02986
02168
01924
00620
17227
01923
02874
03040
03574
00134
13256
03073
02358
02895
02879
01669
04078
00574
01921
00859
00927
01783
02601
02931
03424
09701
03589
00873
01091
02867
02946
02954
06876
04077
01953
01792
01624
01657
02906
02994
00145
03590
07390
01735
01658
02863
02933
01725
01586
00766
02864
02926
02881
06999
03111
15724
03683
04564
01609
02935
02892
02988
15578
01647
09816
02535
14682
09902
07397
02886
02907
15577
07107
02523
02871
09817
00329
00356
02313
02338
17229
00820
03639
03636
03635
03750
03637
08289
01243
07173
09760
07814
12542
12541
12543
14155
00034
00939
05366
00989
02428
07289
11927
06910
01259
06207
07112
07112
03321
00548
03181
03655
03060
03442
00014
01698
17225
08738
02204
00990
01265
02967
02357
09903
02838
00806
00981
11749
07277
06142
02536
02372
00677
00748
03470
03415
02919
14742
06149
14540
02237
02517
11085
03274
02841
02841
02847
05785
08679
03655
00973
06193
03655
01953
01784
00278
03803
03596
03100
03685
03584
03474
00997
02518
09159
00240
00239
00242
00241
00684
02337
01895
14393
07182
02342
09748
02600
02519
04517
00800
00945
02945
05788
01591
02990
02963
02939
01775
01515
03327
03112
03092
03601
05539
12574
00380
03752
03750
02302
00372
00363
00362
00362
15578
15577
15576
03547
09858
18841
18842
00817
13924
01338
03544
01358
03545
07133
09124
18828
18829
08714
08973
03775
01442
15778
12055
15342
03578
03775
02342
01491
03583
03582
03581
09768
07171
18828
18829
01129
01885
02049
02051
02050
02584
05297
03745
01939
02502
09937
04087
04088
03665
02834
03177
02956
00962
06972
00208
02033
02034
09954
06218
09919
02356
03502
02342
03503
04061
03413
07175
03564
01714
07287
01952
17224
03321
02836
04567
06959
00568
02469
00831
14170
00995
07140
09941
03703
04773
03769
00951
09928
01057
00036
00033
02035
12340
07501
12339
02548
06178
06024
05896
07053
06190
09780
01356
01424
09889
01972
03528
03529
03770
06204
01894
07028
07462
01733
00003
14261
06194
00573
03787
03168
07126
03630
07316
01156
03666
02411
02410
02409
02408
10943
10942
02422
02407
06603
06603
02406
07025
01955
18430
08306
02397
02396
02395
02394
02393
02392
02391
00928
01872
03565
03743
13924
13924
03555
05838
06987
05844
05589
01689
01627
01937
04075
01962
07283
09136
09160
06177
00382
00627
00163
08311
03839
03806
00767
05810
06180
05807
03469
01069
08307
08309
01883
01886
03768
03768
03269
01095
01940
01613
04752
07712
07708
03709
11707
11710
11708
11709
01682
01756
18850
00343
00342
00341
00340
00339
00338
00337
00334
00333
00332
00331
00330
03075
01803
03431
00796
03798
02427
07574
10764
00764
11754
01963
01695
01696
01817
06173
00133
00052
01704
01703
02621
06720
00836
06718
02492
01868
00573
17229
11720
07091
01255
02339
03702
00812
03215
18138
03585
01772
04066
01584
07642
02835
02493
08301
06287
01881
10763
09938
01933
11175
01494
03593
01874
03617
03616
03615
03614
03612
03613
10773
16092
00523
00297
09933
02016
07126
09912
07171
00963
01810
00012
17103
01649
03789
01092
15396
00640
13643
13628
00940
06941
15539
01892
17713
03977
06949
01724
06013
13288
01652
01653
00053
00266
00265
00262
15633
03071
00057
03216
17828
01866
03524
03525
01716
00647
03110
07263
07263
08316
00954
09767
00930
07090
08296
00762
00380
01524
00937
01537
10563
07071
13938
00681
02437
06969
00135
01465
01153
06218
18918
01154
03427
06997
01465
00609
02825
07447
07735
03734
01920
17758
17759
02913
02902
03630
00641
02221
00286
08998
07152
09007
00116
09966
03782
01256
09860
03684
02558
02014
03688
03690
03183
03667
01008
06917
01778
09921
03733
01419
03695
07289
11959
00058
00941
00788
01669
03406
03530
03564
07043
16053
01007
06168
07042
06189
03820
01915
02037
02038
02036
02039
07657
07636
02040
07093
03406
00012
07240
05527
01525
02528
00097
03771
04744
07102
09861
13924
04083
03644
03801
09158
00824
07258
05837
05515
03571
03570
03569
02435
02433
02434
03799
02426
00970
00950
00606
01918
01579
01595
01507
03841
00382
12573
03218
00846
03306
07115
05569
05570
05571
05567
01153
03427
01154
03924
07114
07114
03406
17229
01465
07086
09004
03088
13590
02019
09001
04085
01878
01879
03273
00655
02556
02557
02557
09859
07337
07007
00979
00942
03286
00383
02527
17218
00031
01835
00523
01142
01433
06957
15461
03648
00275
02622
01652
03980
11753
01870
03101
08305
12297
02453
02652
01934
09800
07278
09888
09895
01262
03185
18800
08300
06179
01091
07040
02911
03621
00648
00645
00059
00791
03572
01448
06925
18979
03408
03407
03414
03413
02405
04562
02404
02400
02401
02421
02420
02419
02418
02417
02416
02415
02557
02556
03406
02414
02412
09458
01657
02619
07082
00943
02341
03424
17218
03774
06950
01903
01902
01950
02033
02034
01207
00075
03308
01439
00674
14441
08303
00799
07153
00566
06181
05516
06891
03694
09928
02238
03455
00912
09791
02078
02884
00554
02860
02959
03106
01092
04485
00413
00412
00411
00817
00013
00765
00790
01992
01990
07122
07323
02067
02066
02065
07301
03270
09774
06861
05808
01104
06177
03773
04079
03407
03411
11991
01951
00088
01079
03561
03559
03832
03796
09913
01759
05820
01736
01674
07320
03831
01338
01807
01845
03415
02386
02398
01082
08312
15738
02044
03325
07154
15773
02019
02020
02018
02017
10679
07644
07665
07233
01867
07113
04084
03786
02160
01961
02687
05540
03557
00602
01945
02013
02015
02016
07225
07226
16087
00549
07133
07133
03576
03811
00826
06187
09747
02343
00688
00703
00700
00705
00975
00845
03271
03272
06041
02527
03303
01588
01589
00789
00297
09761
01919
07058
03797
02563
03588
01925
01000
01929
01928
03587
03586
03531
03438
03925
00979
07000
03610
03609
03608
03723
09808
09810
06158
00575
03412
03406
05591
07152
02014
01754
02004
02003
10804
03664
09801
06186
03711
03631
00858
03687
04043
03686
00215
01956
01955
03624
00847
04767
03671
01679
09004
00600
07738
11752
00793
07121
07460
04047
03086
09117
02970
01409
08591
01633
06153
06213
07507
06213
03746
03655
13292
05844
00134
07112
13655
06942
01056
02897
00948
02968
00783
09710
00969
00567
00147
07056
02340
03643
01869
07171
06218
00982
04752
03320
02406
07394
01873
07184
03981
04763
07018
03473
06076
00021
01823
01641
00869
00869
01597
03600
03599
07027
04764
01890
01889
02887
02916
02520
07664
03413
07814
03147
03153
03154
03149
03496
11065
03179
04042
02114
02112
02115
02111
02113
02109
02110
02108
02116
02116
03497
03496
03501
03495
06879
02217
16091
02498
01719
01749
01755
16087
02014
01173
06219
14652
00794
03625
00946
01626
02654
01737
00795
01876
03517
01159
03550
03551
03562
03560
03646
03641
03640
06920
06980
03408
12267
02387
02388
02389
02390
07568
00773
03210
03072
03074
02837
00384
03466
03634
07478
06199
01875
01790
00067
06940
09792
07391
07481
07316
07391
09806
01887
03168
04096
01462
00604
03500
03499
03498
01533
00406
00405
00404
01693
02501
01814
02500
01523
02503
03116
03117
03118
06888
06973
03089
02428
07086
03594
01602
01601
02169
02170
03704
09004
00652
01012
00865
00690
13693
07026
03657
03671
03628
02909
01599
03575
03439
02517
03324
05939
04760
02557
02556
01414
02051
00759
03217
03536
02914
03629
02470
00855
04762
00228
03978
07399
03673
01652
04761
04754
03650
02168
07566
02011
02012
02010
07114
07114
03924
15257
15256
06911
08306
07007
03324
05592
03778
02014
05559
05560
05561
05562
05563
05564
02342
01496
05516
06966
05590
03406
03408
06176
07171
03656
03585
18138
18139
00891
07497
07452
19147
19129
19159
07746
19127
19158
10026
19159
01710
01710
18918
00525
19130
07012
19128
01977
01977
19221
00336
00557
04771
03722
07497
07497
07497
07497
07497
05568
01978
14221
14221
01985
01985
19715
14237
14237
19714
00992
14225
14225
19784
08992
09796
14236
14237
01980
01980
14234
14219
14219
14219
14219
14230
14230
14230
14220
14222
14227
14232
14235
14218
14218
20881
02487
20976
21029
21071
01768
02314
03546
07313
03553
03676
01520
06217
02316
00287
00560
02335
01139
01174
00526
02483
21703
21703
10914
03595
22132
03892
22292
01505
00611
22468