21344
04771
18893
15778
07258
03616
05524
06179
02433
02236
03574
15582
02533
01092
03768
04085
01104
04488
06177
03747
06023
07657
00383
01424
00652
03386
03769
13628
03499
03498
02014
02342
02342
03593
00059
01262
02116
11689
11688
02074
03743
03560
03286
04517
01834
15738
15792
00974
15724
14221
14225
15342
00285
02474
02494
00948
03308
00991
01770
04756
07638
07659
03529
01972
05527
06190
13634
00311
02913
02902
03327
02909
03630
00945
02945
05788
02237
00404
00405
00407
00406
09926
04083
01895
07444
08973
02340
03628
03671
02622
02621
01872
02959
02860
00554
13643
04487
04082
04044
04755
04567
02836
07462
09808
01775
06911
06901
08591
03787
00573
06194
03215
01903
01902
01749
02498
01873
00940
06941
02279
02280
02283
12510
12511
02884
06949
13288
00997
01207
03703
03521
03522
02204
03281
05539
07058
01703
01704
00052
00133
06173
06158
07320
10016
10015
10017
03179
01876
02841
02527
03524
03525
07018
00824
09158
03801
03644
08169
04042
03089
02517
05591
00604
03500
03216
02169
11895
11907
11906
11893
03071
00057
03797
02108
02110
02109
02113
09823
03733
09921
01778
02434
02435
03569
03570
03571
05515
05837
09811
09812
09970
09971
09972
01918
05896
00859
00640
06923
02523
01687
03979
01419
06204
01599
04066
15580
15581
02899
02888
01783
08304
03981
03271
07460
07056
03642
06958
06861
09774
11719
03270
06041
00759
01754
07636
03183
03688
00573
00941
00919
06920
01737
07078
02492
02835
02493
07390
03186
00833
09789
02169
01935
01126
06879
14058
01633
06131
10016
01012
00208
01433
03806
06950
03106
03439
01874
09800
01494
07007
00549
00605
02437
00281
00262
00962
02897
01056
06942
00954
03110
14652
00794
03625
00946
01095
01591
00901
04077
04078
09969
03640
03641
03562
07107
01881
08311
03650
09888
13292
13821
03798
03624
03594
01955
01956
06187
00031
01465
01676
12368
12368
12369
12370
12371
12372
01803
03075
15461
06213
03070
02535
03531
03590
03589
01921
01924
00330
00331
00332
00333
00334
00337
00338
00339
00340
00341
00342
00343
01079
03723
01923
01624
00927
00134
00615
09761
03182
00761
01999
01999
01997
01995
01998
01996
10773
00528
00763
01963
08300
01091
07056
06287
07040
02911
03621
00648
00645
02078
09458
03596
03100
03685
03584
02339
01255
07091
02221
02687
01961
02160
02558
01147
11720
00655
01465
03774
03527
06287
00783
09710
00969
01945
06915
04095
03841
01256
03568
00566
01756
03623
03797
00067
02469
00831
14170
07231
03600
03599
00413
00412
00411
03282
03118
03117
03643
01869
03555
06153
03269
01883
01962
04075
07080
00928
09767
02356
01682
01867
03312
02879
03040
02986
02948
02952
02919
02518
03076
02876
02907
02988
02881
02933
02994
02954
02931
02895
02874
07084
07084
03424
07053
04760
07115
03770
02916
02887
01889
01890
04764
01776
01738
03658
09117
06999
07262
01952
07234
01951
02358
02355
02992
02950
00930
00145
01476
03046
03043
02935
02864
02863
02867
01892
03977
03666
03665
04088
04087
01939
07101
02970
03086
03648
07080
01356
00832
03702
03554
03565
02313
02338
02470
00528
01894
03673
01887
01649
02192
11892
11891
11890
11902
11901
11900
11903
11898
11897
11896
03561
03832
10679
01495
08301
02337
03578
02039
01807
11074
11075
11076
11073
04485
01775
02291
01733
00003
03564
07175
00942
03060
07391
06916
00382
00658
00164
02111
02115
02112
02114
07726
14392
09384
02011
02012
01647
09159
00240
00239
00242
00024
07396
06975
07133
08303
01937
03315
09794
07226
06207
02834
02519
02600
09748
06178
06024
06180
05807
03657
03500
11175
11753
01870
03101
13038
01999
03694
03704
09005
04761
03655
02012
01915
00989
02939
02963
02686
02990
09007
01662
00795
03602
01745
05836
03799
06966
02520
01868
01338
03544
01358
03545
00982
09765
01714
07287
02003
02956
03310
00053
01653
01652
09861
01875
07478
03634
03466
00384
03686
04043
03687
01772
03705
00858
03631
00215
06186
00075
07075
07223
02036
02038
02037
02040
01524
03431
00796
09747
02343
06925
01448
03572
00791
01933
10763
00950
00963
01810
03557
00602
01159
03550
03551
03654
03154
03149
01811
02563
03588
01925
01000
03587
03586
03438
03925
03781
01878
01879
03273
00655
07043
02528
03771
04744
07102
07659
07638
01886
03610
03609
03608
03701
00275
00428
07566
01589
01588
07568
00773
03210
03072
03074
06168
07042
06189
03820
13892
13889
13890
13891
01266
13051
08307
00793
11752
07738
00600
01866
09001
02996
02871
03592
09889
06999
00609
07447
07735
00788
01845
06200
13795
13796
07795
01251
00789
02517
00762
01142
08218
00641
01584
02003
03116
01814
00790
07323
04754
02066
02065
04096
01462
06997
00820
12267
03701
01129
05366
01586
06202
07399
03978
01698
04084
07152
07133
03655
02961
02904
02878
02982
02890
02965
02886
02892
02926
02906
09760
02073
02072
02071
02946
02601
03073
03501
03495
02503
03217
08998
03536
02914
01755
01950
01950
04751
06182
01142
03088
07799
07788
07789
03474
05559
05560
05561
05562
05563
05564
03424
02341
00943
07082
06980
09801
03664
01007
03594
02837
03744
06872
09903
02357
02967
01265
00990
03611
00764
03558
03749
11754
00382
00627
00163
01491
01414
07152
01996
01995
01998
01997
00286
01999
04564
03601
00912
09791
00979
03980
02968
01940
00029
03312
08195
05589
01689
01627
02011
09773
03437
10255
03470
00748
00677
02372
02536
06142
07277
11749
00099
00981
00806
13926
01993
03530
01740
03218
12573
07090
02838
00368
05832
05833
01439
00674
12942
07126
02010
00241
00135
02010
02428
01011
10563
08483
11189
02821
02004
04763
00970
03153
03469
01885
00856
01525
01479
07126
07126
02238
01989
00101
00088
01297
01409
05595
09806
02014
07120
07793
00799
01719
01507
00939
11085
02843
03177
03711
02427
02004
01077
13041
13040
02067
00058
07126
15977
14235
02358
14232
16087
21449
14230
14230
01270
15583
16201
03699
01069
16165
10823
12262
01977
01977
01977
00568
16199
16200
16202
14229
14236
14218
14218
14218
05825
14233
14233
02032
01980
01980
01980
14231
14227
14227
14227
14228
14228
14223
14230
14219
14219
14219
14233
14237
14220
14220
14226
14224
14234
10014
10014
02075
11991
16203
09810
14219
14228
14222
03559
17713
07794
01985
01985
01985
14237
14228
14234
14225
01990
00951
01990
01992
17686
18291
05540
00128
00821
00254
11928
14742
03366
01485
00249
21449
21449
21449
21449
21449
00523
18118
18292
18289
02806
10023
01999
03686
07126
07126
07126
00135
02073
07126
21345
02554
11904
11904
11904
00681
02351
18850
18778
02847
00526
07278
03111
03169
03646
03502
03503
03111
03111
03497
03496
00335
03526
01185
06020
07574
04772
01710
22468
07012
00336
03722
01992
19302
19416
06867
19713
19713
00992
08744
19804
08992
00525
21029
00558
00558
01520
00558
02314
06217
03676
00558
00558
02316
03553
00560
00287
06223
06919
01139
02335
11690
01420
10026
00344
21929
03442
03595
00097
22132
22292
22278
11206
00611