01869
10563
09160
09761
01419
01118
02426
10773
02931
06131
01271
03503
04077
00700
09903
09824
09967
09967
07090
09158
09861
09860
09921
09930
12297
09929
02116
09458
09013
09015
03406
06219
01951
03424
03530
03687
00764
01265
04043
03685
00297
00341
00342
00343
00340
00338
00783
09007
08998
09792
09004
08984
09774
09780
09791
08973
09001
08982
08307
08303
08301
08306
03684
02890
03407
00575
02835
09781
09014
02887
08714
08591
09912
00794
09748
02221
03574
02536
07277
01439
03308
02283
02669
01586
06969
03110
04654
02108
03215
03650
03217
06949
04761
07114
01755
03628
03637
02015
03498
02453
00766
03076
03111
03648
03688
03667
06168
02004
03579
03438
01953
01649
06177
06907
04562
03466
07071
06173
03705
01876
07403
05591
07642
02837
04485
03106
00382
03615
01881
02502
03694
03177
04773
03545
03544
02945
00033
01885
07053
07028
03386
07738
02557
02406
02391
02390
03415
01256
03151
07320
01754
03442
03553
04079
03644
01868
01711
01709
00978
00820
00175
03086
01588
04759
05590
00380
03630
02017
00404
02500
04066
04656
04652
01142
05844
07173
08289
03179
03495
07814
00549
07711
06076
03575
03153
03147
06207
00134
04748
04084
01870
03306
03070
03596
02400
01963
00332
03502
03309
03469
02342
03578
04770
02238
00412
01448
01895
07182
03723
01007
07462
02342
00372
03455
02394
07175
01262
01845
02558
03778
03569
03787
03470
02314
00795
00793
02406
03841
03320
03274
03296
05820
03555
03606
00523
00174
03702
07089
01649
06966
02018
02020
00266
02169
03654
01835
06957
06167
02115
03501
03695
02338
07576
02584
01652
07114
03657
00548
03656
07303
04564
02454
02358
02355
03701
03427
01153
02621
01056
07112
01673
02340
07001
02036
03587
02563
01652
01653
03100
02421
03407
03412
01704
00331
00335
00336
00337
07001
07712
00411
00163
06972
00362
06190
01962
03072
00303
06180
01679
02654
02412
01873
00012
02483
07274
07566
03406
02049
02051
05297
03673
04754
05564
05563
05562
00342
02968
09889
07058
07679
07715
02111
02879
02653
03773
02016
07090
07090
01889
02470
02013
03043
01879
00655
01892
03406
00339
01601
01533
07076
02033
02034
04047
07568
02168
02407
00116
00954
05366
06213
02517
02455
03046
06980
01883
07497
07497
00847
02069
01652
07243
01658
03768
01539
01992
03601
03664
07091
03719
07394
01601
08300
06148
00330
00854
02035
05341
02051
03406
03386
00001
09895
09933
09937
09888
09924
09928
09747
03316
05838
09923
05561
00340
05560
09768
03711
03722
09117
06891
09136
00970
01674
02014
01807
02434
02433
05515
07258
02280
00526
02316
01919
02501
07089
03406
03406
05592
02041
05780
03655
00135
01624
03453
00525
00836
02038
02040
03406
00690
01703
01696
03798
03431
02204
05577
07093
01956
01092
00627
01129
06193
01682
00362
02469
01902
00382
04083
07787
01589
03734
00609
02168
02019
06987
02335
07399
03168
00836
00974
01657
03040
01878
03406
00928
02343
02037
00648
01695
00333
01955
02337
01903
02556
06999
00135
07814
03320
02112
07478
03631
03686
03517
03551
03593
03572
03665
02600
03703
03609
06158
01627
03269
04075
05810
07234
03672
02498
01154
07497
03406
00334
03612
02051
02517
03152
00406
03550
03639
04096
02601
02867
02950
02992
02906
02982
02878
02933
02948
02986
03733
06189
00963
01092
04763
03474
02419
03562
06861
07115
02357
02392
03831
04744
03310
03089
03497
03496
03576
03629
03978
03924
06219
03924
07007
03149
03750
00604
06176
00797
06175
02863
02926
02874
02988
02493
06901
05540
02687
03473
02871
06217
03820
02527
06187
07636
02003
03531
01928
01929
01925
03588
03683
06949
03621
00645
00059
07082
03595
02401
02404
02405
07552
03624
03641
06920
07708
07664
06213
07301
02065
02066
03809
03773
03613
03614
03616
03617
04088
04087
03770
06181
03322
00208
03092
05539
03453
06178
02838
02967
01207
02034
02033
03074
01433
03327
03839
03806
02416
02556
02410
02409
02396
03218
02841
03585
01714
03185
03799
05837
00824
03801
07102
03771
02528
07056
07240
03599
04568
02356
02049
01465
06997
00405
03118
06888
06911
05516
04655
01433
06164
06163
05781
06162
02313
00383
03499
03500
07391
00833
02886
03979
06942
03980
00826
07657
01924
03590
02535
06941
03977
00058
06179
02836
00384
09710
09801
08312
08311
09767
09760
09822
09913
02548
09806
09954
09700
09906
09919
06917
09902
11753
01602
01159
03560
04752
03646
03709
01095
03775
05808
07323
07122
02410
06153
07735
07447
02492
03183
00147
00975
00817
03768
00790
00817
01814
01523
01657
00573
08100
08100
01710
02397
02395
02393
03088
02050
07722
01470
02970
01633
02437
07497
07483
07483
07497
03704
00134
03892
05838
03406
07238
07107
02902
02913
08316
03525
03216
03071
03676
00265
02503
03116
03117
06973
02170
03098
03406
02014
02051
04651
04653
03811
06197
07483
07497
02043
02044
02042
06166
06165
05774
07233
07727
02422
02527
03060
03181
02114
02113
02109
02110
07727
03536
02914
00567
03774
01737
03406
03625
06186
02417
02415
03406
02414
02413
02411
02408
02422
06603
06603
00983
08309
07052
06995
07153
07461
02518
02834
02956
07183
00363
03750
03752
03610
03608
02031
02032
05788
02483
00537
09796
00413
02389
02388
03415
03745
02044
07301
01356
01424
06204
07000
05589
02919
02372
06142
00981
01768
00799
03775
03210
04751
00304
01515
02939
02963
02990
05807
09858
03704
06925
03666
07114
00759
01719
07289
02909
03671
03154
03636
03635
07560
07112
02217
01975
07302
00329
00356
02452
02456
02457
02458
02459
02460
02461
02462
02463
01611
07397
03073
02864
02935
02358
02946
02892
02965
02904
02961
02895
02954
02994
02881
02907
02876
02952
02523
02888
02899
04078
02556
02557
02557
02622
02556
02557
02897
03690
03734
01602
03557
02160
03786
07113
07018
02019
02996
07042
03643
03101
03271
04760
09808
07114
09810
03561
03559
02435
03570
03571
04764
02916
02520
02237
07121
07460
07043
06149
03769
02282
02279
03600
07027
02339
02387
02386
02398
02399
04751
02406
07184
06287
07265
02557
07107
03564
02519
04567
09159
01934
07152
07233
07283
02556
02557
03563
03565
03743
03769
00901
03411
01057
02356
07259
07574
03075
07390
03789
01724
02453
02454
02959
02860
02884
03981
06903
06908
06906
06905
01104
01091
07040
02911
02078
02619
02341
03408
03803
03584
00997
02418
02420
03413
03414
03408
04061
03413
03408
03634
06199
06718
06720
02039
05527
03406
03925
03586
03406
03589
00341
05559
00240
00239
00242
00241
02427
03640
03602
02302
10680
00765
00013
01008
01494
01933
00791
01939
00566
00031
00684
00962
01756
00995
01358
01338
00568
00831
00210
00800
00945
01591
00951
00036
01972
01733
00003
00573
01689
01937
00748
00677
00806
00990
00674
00075
00773
01915
01775
00767
01950
01626
00946
00600
00681
01507
00982
01595
01579
01918
00606
00950
01867
01759
01736
01338
01952
00928
01872
01920
00088
01079
00097
01525
00573
00971
01790
00681
00021
01823
01641
01597
01255
00569
03797
00696
01915
01409
00789
01920
00286
00641
01772
00134
00937
00762
00930
01840
01520
01716
01866
00057
01693
01012
00652
00275
00939
01669
01735
00891
00942
00979
06183
00855
00228
01725
01414
01749
01599
00788
00014
01698
01259
00557
01462
01887
01496
00615
00927
00873
01935
01923
01783
01091
01609
01581
00931
00145
00275
00948
01778
01945
00969
01058
06041
00845
00705
00703
00688
01915
01000
00560
00287
01921
00859
01687
01810
00012
00640
00940
06013
03424
00053
00554
00943
00278
01875
07026
00865
00052
00133
01817
00796
01803
00858
00215
01613
01940
01886
01069
00912
00979
03270
14682
06177
08296
01601
09938
10943
09815
10679
09816
00647
09817
03640
02067
10764
01465
01993
01890
10763
00812
11749
12340
07112
12267
08305
03649
01874
10942
02342
02342
11085
11175
01983
11068
01961
03524
11707
11710
11927
00302
13292
10804
00620
13256
03439
03496
04042
12452
01537
00305
05516
01243
11754
01647
11717
11719
01654
06001
11720
12262
00602
11708
11709
11752
17686
01420
06076
13590
01491
01491
13993
13038
13288
03594
13622
12339
12510
12511
12573
12262
14059
10941
03564
06879
06950
03272
13652
13643
03796
03605
13938
00262
01792
00941
14228
14228
14225
14225
14237
14237
01977
01977
01977
14234
03088
14229
14229
14233
14228
14232
14228
05789
13771
05939
14220
14233
04748
14221
14221
13628
14223
14155
14232
14236
14224
14224
14234
14218
14218
14218
14230
14219
14225
14393
14231
02533
14170
14235
14218
14441
14227
14227
14227
01173
06177
01524
15035
01978
14230
14237
14222
14230
14219
14233
09004
01980
01980
01980
14261
14226
14219
01985
01985
01985
14540
03324
06919
14652
15726
12340
07213
01941
01457
14742
15034
15724
15725
15256
15257
15633
02050
15738
02428
15576
15727
15726
15577
15461
15578
15778
08679
12541
12542
15984
12543
07798
06518
16092
15726
15726
08982
07483
16052
03320
10716
16074
13283
16264
16264
01990
03321
13693
11991
02003
17226
17227
08738
17713
17218
17218
17103
17222
17223
17224
17225
01990
03671
01992
00821
01533
17828
07263
07263
18138
05922
05927
01286
00523
01791
18800
02847
00846
18850
10747
18979
10026
19221
04771
01992
19715
19714
00992
19810
20881
20977
21029
21071
20978
22252
13075
01139
21703
21703
21703
22081
22132
22082
22083
22067
22292
17758
17759
00611
22468