01897
05964
05966
00969
06287
06346
06158
01419
01992
01990
03694
00684
02006
02887
02916
02520
04652
03650
01733
01493
00639
03737
03100
01270
02013
02015
02016
06201
06173
02004
00876
00849
03820
04061
03088
02232
03695
03748
02420
02421
02401
02400
02806
03977
03499
03498
03088
01883
00075
01735
01889
02422
00803
02064
02063
01990
03547
03546
03466
00763
03928
01488
02035
03558
03642
04759
02030
01465
02007
02622
01802
00991
03399
04069
00844
03215
03823
03394
03629
02338
03671
01056
03737
03074
03072
03210
01588
02601
03671
02013
02015
02016
02230
02013
02015
02358
02946
02906
02926
02892
02886
02965
03465
03654
00526
02564
01623
00525
03980
01007
01808
03312
01153
02011
02012
02033
02034
02031
02032
02035
00266
03654
00849
03784
01992
01992
01990
02003
00657
02434
02433
02435
03924
01962
01963
02160
00645
00648
03497
03496
00074
02189
02013
03687
04043
03686
00575
03412
02003
02004
00099
02838
02357
02967
01926
02890
02982
02878
02904
02961
02874
02895
02931
02954
02994
02933
02881
02988
02907
02876
03076
02919
02952
02948
03040
02879
01126
02313
02470
01880
01895
02372
01928
03495
03617
03613
01006
02871
02996
03565
06183
03553
06178
02959
02860
02884
01990
03308
02042
02042
02041
04078
02355
02056
02057
02057
03744
01126
02407
02406
02406
00134
03409
03529
03628
02909
02003
02004
01439
00008
01182
00111
02062
00603
01154
03405
01512
06208
02035
07107
02418
01752
01662
04562
04562
01736
01992
00384
01626
01752
02051
02050
03924
02355
02469
03574
01255
04773
05837
02346
02356
03630
02004
02003
02004
01677
01678
02523
03470
06187
00895
03800
03644
01867
03408
00858
02188
00761
00283
00282
02437
01646
02335
00859
01807
03523
03625
02314
00842
03544
02939
02963
03111
02990
02124
02120
02118
02117
01990
03820
02968
02030
01448
00970
00432
01897
02899
02888
02003
03550
01159
03596
03595
03070
01990
03551
03775
01890
02986
02057
02057
02056
03833
02427
02343
02563
01768
00655
01744
02342
03424
03696
03110
04488
03602
02945
02518
03106
00057
01998
04566
04568
01992
02031
02032
02902
01934
00020
02406
02392
02392
03701
03601
02911
02078
03685
02956
02950
02992
02355
02031
02034
02033
02033
02034
02031
02032
02806
02528
03177
02834
02519
02600
01581
03439
04077
02013
02015
02016
02013
00325
03925
03438
01929
03589
03590
03531
04763
04096
03168
03667
02387
02388
02408
02409
02410
02411
02412
02413
03075
06217
03310
03451
02032
02033
02027
02410
03723
03631
03100
04088
04087
00919
02897
02316
03086
03569
03570
02044
03702
01147
02121
01892
03218
01776
03664
03100
01733
02405
02404
01091
06213
03424
01153
03665
02035
02419
02417
02416
02415
02557
02556
02385
02390
02389
02337
04485
03709
03407
03413
01756
01643
01644
03545
03743
03311
05366
04758
01992
03437
03152
04070
03501
04083
03151
03469
03978
03655
02343
03555
03734
03101
02033
02034
02031
02032
00111
03800
01990
01990
01992
01992
02190
00657
01835
01119
01992
03086
03424
03588
02396
02397
03563
02016
02015
01999
01996
01995
01997
02191
02231
02233
02227
03217
03536
02914
03092
00842
03046
03043
02935
02864
02863
02867
02601
03073
02913
00027
02970
03703
04079
02493
02835
04066
05367
01992
03612
02010
04651
02008
02016
03710
03527
02058
01992
07459
03408
02011
02010
03406
03406
06153
06147
06147
06147
06147
06147
06147
06147
06147
06147
06147
06147
06147
06147
06147
06147
06147
06147
06147
06147
06147
06147
06147
06147
06147
06147
06147
06147
06147
06147
06147
06147
06147
07035
03427
00954
03406
03406
05896
06024
07335
05878
03427
06147
06147
06147
07065
07075
07090
07075
03406
03406
06940
06889
06861
07114
07114
06412
07216
01258
06889
07460
07240
07243
06942
06915
06889
07095
07082
07084
06867
03386
06972
06973
07456
06990
07053
07282
06960
06889
07112
03657
03657
06949
06949
08659
07230
07118
07101
07164
07507
07315
06215
06940
06941
05879
09810
07096
07154
07154
06867
07133
06872
07005
06872
06950
07112
06956
07023
07003
07003
07003
07056
07318
07397
07010
06925
07407
07023
07001
07037
06894
07043
07042
07058
06603
06997
07277
06901
07025
07115
07258
07052
09805
07462
07052
07391
07052
09798
09903
09766
09797
09005
09803
09803
10773
08998
08974
09775
09761
08963
09013
08307
08303
08303
08978
09747
08986
09765
09951
09946
09952
09888
08988
09749
01338
09128
09769
09768
09014
06891
01841
02221
09458
03798
09748
01620
01938
00625
01468
00791
00130
01304
01885
00865
00567
01667
00016
01925
00528
00773
01619
01478
01745
00059
00790
01923
00899
00566
01866
00768
00554
00611
00925
01689
01887
01893
00261
00762
01846
00962
01520
01924
00945
01868
01775
00939
01668
01322
01803
01933
01945
05515
01952
00615
01785
01873
01952
00973
01710
00791
01006
01910
01972
00703
01876
00018
00605
00382
00604
01872
01358
00759
00800
01834
00927
01951
01265
01142
01784
00997
00864
01489
00975
01591
01354
00756
01761
00849
06968
06180
09973
09710
10540
10541
10542
09123
09790
09770
08602
03568
07473
07474
07478
09795
07738
07736
04075
07726
00784
07568
07576
09125
02621
07089
01897
02574
10843
01881
04835
01000
11189
05788
10947
08483
03614
01770
01875
01869
00981
00806
01921
00705
01358
00764
00688
00891
01008
00789
00926
01042
01409
00873
00995
01810
01783
00943
01712
01870
00088
00600
01937
00948
01750
03615
01259
01961
01759
02499
03587
09816
05934
05895
06042
09817
09815
05936
02340
09691
09690
03497
01874
06976
11749
01462
01802
06179
11104
11175
11068
01163
03497
01186
02824
11707
11710
00602
06872
13292
03499
12267
12410
06959
06969
03499
11753
06168
03524
09774
01243
11717
01950
09807
11708
11709
07126
11754
03584
07240
08309
13049
12343
03571
01835
09459
02217
01206
01262
00995
00995
19002
01491
12942
14224
13895
00608
14236
14228
14234
14230
14225
14233
14228
14219
14218
14218
03404
02224
13653
13626
14233
02383
14220
14228
00128
06218
01768
14237
07052
14222
00868
14233
14231
01977
01977
14223
14235
14221
13993
09808
09808
01985
01985
01980
01980
14232
14219
14224
14223
15045
14219
14229
14230
14219
14233
14238
04720
14232
14234
14228
01002
14227
14225
14234
14229
14232
03979
03324
14237
14218
14226
14230
14228
03060
03086
02428
10823
10823
15581
15582
15583
03518
09797
10716
16053
16210
16785
03299
00850
11645
05350
02027
16784
13893
16783
02034
02031
07260
18828
13893
11720
16786
16787
16786
16787
16785
16785
16785
16785
16785
16786
16787
16786
16787
16786
16787
16786
16787
16786
16787
16786
16787
16785
16926
02226
02009
16926
16786
16787
16785
16926
16926
16926
16785
07091
01978
15035
01990
01992
17686
05601
01207
17828
02823
11753
01267
00209
04749
09022
06881
18682
18707
07171
07316
07171
06147
03526
19157
19221
07172
19137
01154
19158
19157
19268
01990
01990
01992
19411
19405
19350
19689
10672
19997
00100
00974
20344
20345
20344
20345
01214
00874
04486
13832
01628
16149
01207
01759
00336
01534
03616
13292
03929
04069
07444
03294
03294
06142
07216
18672
07043
09769
09803
09803
07584
04487
00077
13695
03568
13653
07979
12146
02584
07566
03214
02533
14742
05592
06179
06180
06180
03789
14441
03686
03733
03722
06147
06147
06147
06147
02049
15580
03284
03498
04758
02453
03406
03406
03406
03406
03406
03406
03406
03406
03406
03406
03406
03406
03406
03406
02398
09951
01154
01154
06218
07473
07473
07473
07473
19158
02395
02415
05919
01768
01843
10797
03430
05946
02851
02035
02009
16926
16926
16926
02004
01992
21636
21469
10670
21576
21498
10672
10671
21577
21929
21993
22132
21903
09761
17758
17759
00590
00590