04518
03455
03287
04047
00507
01428
01893
02536
02970
02959
00645
00655
03636
03637
00134
01696
01661
01338
02902
01866
00942
03189
00720
03149
00133
01925
02006
02008
02009
02007
00773
02906
02926
02892
02886
02314
02965
01951
02890
02982
02878
02904
02961
02874
06024
03570
03569
03686
03168
01507
03070
02040
00928
01585
02563
01104
01933
03100
01724
02954
01945
01883
00762
01756
02003
02703
02224
02493
02706
02706
02714
02720
02720
02722
02288
02289
03575
06346
05896
06442
01142
02535
02372
00677
02078
00367
02434
02050
02699
02696
02719
02694
02697
02939
02895
02931
02994
02933
02881
02988
02876
03076
00939
02518
02919
02952
02948
03040
02879
02871
02996
02909
02653
02340
03980
03684
02669
01693
02986
02835
02899
02888
02712
00950
00765
02502
01433
02026
02700
03074
03072
00162
01935
00799
02227
00937
01814
01251
01953
02355
02096
00946
01783
03183
00759
01448
02838
03087
00940
02048
02046
02047
00003
00606
00817
01191
03073
00925
02662
02663
02664
02666
02601
02867
02863
02864
02935
00030
02338
01870
01955
03088
00748
01425
03217
02914
02313
00991
00966
03086
01711
03046
03046
03043
02003
02004
02005
02470
00791
01147
01689
02528
01012
00012
02652
02650
02650
02650
01465
01889
01682
00324
00324
00325
01838
01609
01424
00705
01940
02055
01810
02689
02690
00860
01768
03185
01778
01262
03090
00860
03424
06180
06206
06207
03474
01091
02636
02653
03428
00748
01929
03495
03501
03216
00278
01069
01963
02639
01092
01657
01462
02437
01997
01952
00764
00793
02357
02967
02045
00208
00147
02011
00767
00766
02232
02692
00835
02005
01255
02950
02992
02355
02358
02946
01358
01586
00806
00761
01991
02003
00615
01448
02634
02040
02037
02038
02036
01803
00008
01000
00789
01430
01733
00656
02433
02691
00548
03186
01878
00390
00099
03218
00958
02887
02916
01687
00600
00259
00981
03088
00057
01995
00931
01443
01869
01872
02717
00688
02860
02519
01358
02710
01057
01619
00549
03075
01802
02231
02034
00611
02343
01876
00005
00943
02913
02963
02074
02034
02097
01770
01791
00826
00097
02945
00161
02276
02274
02275
02549
00969
01414
02500
02968
01867
02033
02956
01996
03106
01835
00215
02285
02284
02290
02286
02287
02290
02290
00833
02600
00788
02641
00286
01714
01911
03639
03312
01647
04066
00058
02687
02065
01429
00275
03147
00392
00800
02658
01599
00605
01633
01956
00703
00147
01007
02188
01937
01881
00790
00688
01735
02635
02637
02035
03154
02702
01494
01887
03087
02723
00927
01817
02698
00873
00648
00640
00013
00053
00566
00677
01972
00858
00684
00382
02640
01999
00891
01895
02049
00859
02230
01154
01153
01920
01703
00798
02031
02032
03110
02837
01784
01772
00145
00067
01952
03118
02094
00088
02093
02092
01879
00962
02548
01868
03453
00809
01755
00075
01924
00231
01624
02115
01591
03179
03100
00822
01698
01515
01265
01669
02108
02110
02109
02109
02113
02111
01695
02031
02032
02716
01790
00973
01710
01775
01776
01736
00616
02654
01845
00858
02639
03087
00919
01409
01885
01358
02012
01921
02112
02114
02836
02897
01939
03190
00036
01998
02669
00218
00033
00700
00696
01007
01139
01588
00014
00989
02027
01733
01704
00820
01928
01589
02033
01807
00995
01595
00855
02911
02990
00772
00384
01892
01990
00975
02356
02160
02006
00627
01897
02884
01495
01962
02316
00652
02233
02335
00366
03188
03187
00284
02469
00091
02004
03116
02709
02715
01823
00930
02007
01061
00847
00008
00027
02066
02035
00826
01658
01992
03111
02010
00845
01923
00059
01873
01602
01601
00796
02435
02704
02718
01465
01679
02501
02707
02708
02713
02711
02025
00948
02095
01875
00609
02291
02693
00901
01915
00052
00383
00554
02469
02520
02234
00104
02834
02705
03531
01653
03101
03801
01626
03608
03609
01662
02377
00524
03789
06187
03610
03703
03750
03549
03405
03403
01738
01738
03689
03664
04759
03629
01649
01649
03438
03437
03650
03588
03651
03977
05349
04759
03621
03551
03550
01652
01652
02703
02703
03596
03469
03470
03701
03517
04488
06217
06960
03635
00135
03676
02259
03828
03867
03687
03705
03630
03568
03778
03924
03711
03711
03711
03529
01737
02552
04083
04043
03787
01749
04078
03786
04035
03587
03564
02116
03625
03561
03798
02337
03655
02337
03544
03296
03702
03695
03657
03525
03644
03523
03595
06181
03926
03593
03545
03979
06196
03671
03555
03696
03553
03654
04077
01159
03723
06173
04487
04773
04079
01788
04077
03584
02639
02639
00240
04751
03802
03644
02551
03820
03841
03928
05979
03500
03797
03797
00425
00426
03559
00464
01056
04038
04039
04040
03885
05936
00604
03292
02030
03798
03060
03798
03798
00239
03695
04069
04567
04094
03182
03273
03439
04037
03177
00507
03546
02503
03321
07106
04487
07496
04096
04564
04485
03589
07496
04758
09181
03856
06208
09811
03499
01081
03572
05579
05572
03768
01488
05810
03657
05578
05576
06147
05515
00873
05574
05582
07566
03527
05580
02426
07462
04043
00344
04564
05837
02658
02657
02659
05581
05577
05575
05575
05575
05575
05573
05583
05585
05584
05577
05577
05595
06153
02657
02660
02659
02657
02660
02487
02659
03526
02428
06148
06160
06169
06147
06147
06223
00228
00954
05566
06971
02471
03427
05567
07114
07089
07089
07090
07075
07013
06287
06381
07015
00872
06861
06980
07216
02724
07460
07124
06991
06942
07636
07093
06890
06966
07071
07079
07079
07456
06915
06915
07259
07282
07300
07101
07234
06949
07399
06873
07447
07315
07019
06941
07304
03924
07028
11720
06999
07131
06872
06864
06898
02484
07088
07242
07769
07056
06920
06940
00602
07000
07391
07042
03642
07305
07007
06997
06901
00974
07025
01485
07013
07013
06883
06883
06883
07443
06888
09903
03530
07090
06223
07395
01934
00695
07052
07052
07052
07390
04042
07462
09763
08699
08696
08696
09013
07496
01669
00514
03686
03592
06168
03722
03547
01092
07277
03969
01090
01090
04043
00763
03564
08999
10960
09005
08963
08994
08998
09748
08884
08884
08884
09777
09774
09775
09001
08906
09761
00845
02293
02294
00507
09014
01436
07088
08218
02221
03306
02492
03153
08482
08481
08480
05371
04757
03564
00721
02483
04035
09928
09942
09800
03652
10206
09812
02077
09131
09118
08226
02238
06045
08479
06891
09121
10563
10773
10536
01768
08983
09458
00794
08591
09747
03431
08972
09710
09705
02217
02825
08903
09772
08697
08698
03800
08641
08902
09767
09919
09935
07336
09807
03296
07742
07738
00241
00784
09015
07978
07496
07496
07496
07496
07496
07496
07568
04075
01802
02415
03795
03969
02008
11332
01961
11329
03386
09966
06042
06042
05895
08884
08884
10697
07496
02341
01890
11145
01874
01256
07263
00150
11356
07657
08309
08300
08304
12251
11754
12073
01424
06183
00812
11175
11325
11473
06596
02660
02658
01625
11472
06596
12574
11755
11753
13292
04758
06872
12573
01297
01916
11752
01491
03574
03282
05516
03496
09458
03524
11532
11950
11952
02067
00595
00595
11953
11954
11957
11955
11956
11717
11958
11959
11960
11961
11962
11781
11521
11520
11527
05516
11951
01977
02303
01952
02643
11777
11780
01985
07259
07013
08481
21904
07182
02474
08296
13282
09780
13542
13541
13799
07313
03636
03666
01469
13038
09457
19003
00281
06891
00801
00620
10206
13993
05356
14231
14237
14221
13789
13821
14228
14232
14232
00986
14228
14230
14225
02016
13628
14220
14228
04072
03404
03394
14219
14233
14233
14225
14233
14234
14234
14218
14228
14331
14330
14224
14234
14228
14237
14236
14222
14218
01978
14229
14219
14219
14218
01980
14441
06945
07491
14518
14232
01524
15035
14237
14227
14235
14225
14230
14226
14230
01537
14233
01011
14223
09816
06133
00082
14540
14605
14652
07319
02533
03215
15226
06118
07496
15578
01082
15633
15579
02428
16011
15577
15576
08679
09012
03320
03320
07491
03671
03498
10716
10716
05570
00974
05569
03699
05571
05568
01533
11602
11601
11603
11963
02851
01156
16787
16785
01983
14219
16786
16915
16881
11720
02028
17246
17108
17244
17245
17218
01992
10112
01990
01990
10112
00254
17758
17759
07263
17836
09022
04047
07260
03742
03183
18534
18678
07316
05946
00986
17892
18814
01665
19032
18979
16149
00986
08678
19221
00986
00986
01621
19221
00986
12952
11991
07315
12132
20074
18889
18890
21071
00821
21231
21147
21471
21480
21480
10914
21703
10026
21600
21561
21903
21929
22044
22205
03547
02257
03181
22305
01551
11206
00590
00728