01992
04517
02241
02428
07213
05739
03484
02503
06395
02663
01537
11754
05934
05979
01119
01273
09766
07777
02304
02027
07057
05808
05364
00625
01784
02823
03386
00805
01421
03154
09776
01534
07216
02027
01992
07051
02315
02103
13789
01897
01191
11203
02057
04720
00821
08982
08982
15771
07105
09127
10907
14228
00096
02004
02004
00949
02004
02004
07979
07079
00603
03483
02009
00951
01625
02798
13993
16849
00805
05847
10189
01761
02057
00634
07407
00091
03480
01426
07650
14232
03491
14237
14237
14233
14234
00065
00854
03093
07723
14224
14224
14220
14220
14220
01190
14235
03406
00966
14228
01983
14219
00970
10190
02358
01449
14230
14232
14225
00059
02529
02035
02033
02034
02031
02032
01677
01678
09703
07112
00384
00845
01246
00943
09770
02341
01478
07056
06284
06373
06374
01874
03424
02528
03593
03615
03614
03612
03613
03617
01624
03628
02909
00857
02493
02835
07238
07566
01808
00761
01493
01791
00790
00259
06381
06283
03569
02392
02392
02395
02372
03980
07138
05810
02773
02774
02775
01684
00058
01625
02793
02795
02796
00058
01625
00033
03498
03499
01805
00854
01812
00040
00874
01686
01235
01060
02025
02026
05349
01207
01443
02313
02338
03629
07009
02470
02469
01653
00053
01649
01703
01704
00052
01687
01652
11752
00793
00794
03100
01875
09118
02343
09747
06187
06199
06199
06317
02899
07216
08982
03924
03744
00385
04488
06872
07444
02016
02015
02013
02224
02232
11175
00602
01945
01776
06409
03150
02760
02761
02759
03657
01972
02435
02433
02434
01448
00989
07095
00788
00878
00878
01996
01995
01998
01997
01999
03545
01358
03544
01338
03978
02108
02110
02109
02113
02111
02115
02112
02114
01950
02050
02049
02051
06213
07133
01854
01710
00973
00067
01790
06915
07095
03322
09000
03803
02601
00963
00940
06864
06898
03523
08999
01873
04758
04759
02006
02008
02007
07722
03216
02346
02003
03547
03546
09825
00016
02227
02231
02233
03795
06042
02188
03399
02191
03394
05936
02189
05895
02492
01749
13542
01698
01845
02007
02008
02006
00031
06871
06871
02003
07088
03737
03406
02026
07718
07335
03710
01489
01839
00756
03406
02777
01681
01579
01918
00606
07442
02529
03148
00789
03581
02398
02396
02397
03563
02406
06223
01953
06603
02407
02422
02773
02774
02775
03406
03070
02836
06959
00611
00926
06925
03789
01409
06158
02556
02557
01926
07813
00528
00266
03660
07150
04078
04077
00088
01951
06901
01588
01923
01952
01952
01952
00764
01933
02529
02026
00215
01714
00133
01915
01305
06934
10439
10543
10543
10545
10544
00283
00282
02437
00605
03800
00382
00850
02822
03475
01624
05366
02069
03088
01869
06434
02760
02761
02759
01222
00009
07090
02529
02035
02033
02034
02031
02032
01192
05350
09816
09817
09815
02076
01928
08384
03438
03925
06942
03151
04487
03644
03801
00382
07456
08303
09888
01890
01889
03437
02887
02916
02520
01736
01868
04083
03704
12410
01939
07137
07240
07240
02120
02118
02117
02122
02119
02121
02124
02123
02824
06871
13292
01439
01809
03784
03086
02316
01129
03075
01689
01803
00927
00134
05311
03092
01512
09825
10773
05337
00876
00135
00058
01808
00615
00616
02314
02939
09762
06958
04477
00075
00566
03975
04069
04759
04758
04758
02013
02015
02016
01012
06897
03979
00969
09710
01953
07258
02237
01885
00826
02238
02340
02968
06012
06385
03596
00847
01193
00616
00853
01804
10439
10440
10441
06923
02026
02025
10188
00849
07088
01625
07406
01815
10194
10193
00634
04773
04564
03088
02335
00859
08309
00763
02035
06207
07053
06287
03630
03569
03570
03571
05515
03610
03609
03608
05837
01734
08301
09457
02888
07584
06969
00762
01591
01465
00609
02825
06180
03101
09000
03282
03088
01448
03885
01834
01755
01940
01955
01956
00930
00620
00145
00528
00266
02347
01531
00567
04072
07455
07729
01695
01696
01817
01609
00766
01658
01657
01761
00772
08963
01628
04061
02035
02033
02034
01887
01921
06423
06387
06310
00919
06436
04769
07533
03723
01056
00948
04042
06412
09685
01924
02769
02770
00882
02963
03111
02990
03802
13282
03497
03496
03497
03501
03495
03650
06346
03217
08998
03536
02914
04070
06180
07478
06889
06333
06334
00548
00688
01810
04655
04654
04653
04656
04652
04651
01649
07088
07107
00873
00850
02337
01187
09749
02405
03411
03410
03408
03407
03412
04562
02404
02400
02401
02421
02420
02419
02418
03413
02417
02416
02415
02385
01883
00640
09698
01881
01770
00991
04485
03322
03696
03708
00027
02355
08483
11202
00525
09251
06206
01737
00950
00796
01495
04567
03624
02390
02389
02413
02412
02411
02409
02408
01870
04074
02221
09772
06997
00865
02647
06398
00057
08591
03977
06385
02039
02036
02038
02037
02040
07636
07658
07738
03091
03091
06383
03531
03590
03589
00790
02563
03588
01925
01000
01929
11931
01937
04486
00058
03797
00872
01733
00003
06209
03294
04488
11717
09014
09013
03716
01866
00783
00790
07668
02456
02654
02662
02664
00891
01151
00931
00147
03786
01262
02356
06390
06391
06392
06393
06394
06396
06397
03625
01491
03601
03602
01662
06442
00858
03402
03631
06399
07699
01515
06384
04763
07258
06379
03091
09165
06405
06406
06407
00820
03431
00655
00177
02388
02387
03706
03667
01419
03168
04096
03470
07460
01867
07391
02884
00554
02860
06960
02959
03106
09787
03110
03529
06416
08681
06215
01012
04751
01915
03685
06295
03525
01938
03798
00760
04075
06382
09706
01448
04487
01738
09458
02078
00059
00645
02371
00648
03621
02911
07040
00925
00954
03655
07030
02902
01783
06949
06941
03500
06973
09729
00604
01462
04066
13038
03060
00942
09777
01778
01975
02071
02072
02073
00847
01193
01193
02529
07571
06381
03530
02499
01744
02548
03734
13626
10192
00874
01812
00040
00033
00851
02444
04069
00845
04477
06023
03524
03703
03701
03702
03797
09811
09812
02647
10112
01586
02897
05520
06153
06317
06426
00033
00036
01752
01752
08602
01735
03856
00800
00175
00174
00176
00929
00263
00929
01448
00384
06200
02996
02871
06173
05896
06024
07258
06178
00797
01480
03787
00260
06208
00945
00655
01611
00575
06168
03555
03572
00791
03666
00286
03469
06413
01756
00812
07053
06416
09769
03565
03553
00995
03466
02879
03040
02986
02948
02952
02919
02518
01265
00939
03076
02876
02988
02881
02933
02994
02954
02931
02895
02874
02961
02904
02878
02982
02890
02965
02886
02892
02926
02906
02946
02358
02355
02992
02950
07590
03046
03043
02935
02864
02863
02867
02601
03073
02913
03091
06962
03218
11145
00928
01520
00962
02956
11753
03177
02834
02519
07742
02600
09748
03763
00099
00981
00806
02838
09903
02357
02967
02564
06196
03665
06929
07090
07090
01738
03408
05879
05878
00111
00864
02440
02443
00600
11755
02500
01814
02501
01693
00817
00013
00765
02502
00641
01740
01159
03550
03551
06381
07568
00773
03210
06871
03072
03074
03688
07462
00759
07560
02003
01892
01876
03671
01872
07447
03711
12574
07082
08303
05515
03091
07015
00014
02652
02669
02653
03147
00615
00615
05946
01775
00997
09764
10979
01992
03705
03687
04043
03686
02687
09761
07166
09157
07089
02970
09117
06438
06217
07037
07042
00901
03595
01619
03584
01880
09773
01006
12573
03664
01304
04518
07720
00941
01990
07112
01921
01571
02806
02529
14225
14225
02027
14233
14230
14230
00615
00963
03086
00058
02768
02768
01181
01436
14225
14223
07011
02945
03527
14234
14233
03798
01582
14218
01182
14415
04078
14228
01992
03711
01990
14223
03483
14228
07720
10907
00970
05919
02056
14230
14231
14231
14222
01992
00674
14236
14236
01980
01980
01980
01980
14441
02803
02804
02794
01838
01985
01985
01985
14234
14219
14219
01449
00003
01524
14652
15035
03741
01978
01977
01977
01977
01977
06402
01990
02003
06183
02414
06311
01784
01624
14219
00965
14237
14237
14232
14224
11189
14229
14221
14221
01155
00965
14229
14229
14219
06147
10122
07770
02769
14228
14226
14218
14233
06378
07052
07053
01971
01537
10231
06296
02039
06871
07001
07088
12960
10121
10120
14540
11749
14742
03324
03215
15342
15771
15524
15633
22305
00971
15532
07130
02594
15778
03320
15986
15987
07464
01985
07705
05846
03299
05845
01223
03436
16329
16328
15770
02851
02068
02025
02025
16786
16787
16785
06297
16788
16789
02031
15772
15772
15770
10119
10117
02009
16898
16950
16951
16850
16881
11991
10974
16899
00196
17318
17319
10823
02029
17734
06881
02028
17320
17312
17313
17311
02030
01992
01990
01990
01990
05601
17686
17758
17759
17828
17836
17734
02107
09022
02799
02800
17992
13010
07076
07076
18331
00334
18431
18429
18430
01156
18332
03742
19076
08744
18672
18707
18682
07171
05342
07012
04940
06147
02315
03526
18979
00783
07464
19141
19142
19115
09951
19221
19076
19114
07061
00571
05881
07061
00354
19116
01990
01567
14086
04771
19405
19411
19302
01181
03616
19955
21619
20074
12132
18889
21636
18890
20885
20885
01208
08968
22044
21471
10914
22010
21600
21947
21929
21898
21903
22132
00015
03077
22268
01585