09127
07407
02409
02488
01975
03406
02343
02337
01873
07238
02411
00170
02836
06001
00111
01515
02189
06042
00333
10773
00171
00794
07560
03624
00954
02338
00175
03787
01878
01879
01876
03783
03500
03040
07455
05515
02967
00169
03499
09014
00925
03406
02864
02428
02484
03587
02421
01034
04075
03177
02032
02034
00179
00180
08369
02007
02033
02035
03470
01610
09002
02032
02031
02390
01953
00604
02188
01489
03110
03168
07566
02469
02470
00350
02026
02025
00349
03572
05350
02556
02963
02406
03525
02405
02913
03625
07089
07456
00820
02401
02400
01845
00525
01883
04096
01733
07447
07568
03763
02335
00575
03666
09116
03409
01419
02416
01159
03427
03614
03613
03667
06223
03617
03070
01586
05823
01889
06942
01153
00012
00973
01790
00067
01572
02341
03086
02316
02996
02871
02899
07584
02888
08223
00847
02406
04069
03734
09747
01151
05566
02238
09748
06995
00773
02825
03431
02493
02939
03411
04562
02404
06196
00384
11070
11071
11069
00797
01611
07150
07042
07037
06217
03412
01791
03979
00969
05979
00940
01933
01945
11175
00764
07043
06871
06178
00806
00981
05896
01951
03306
00548
00297
09740
00928
03564
00973
05815
05814
05813
09155
01304
02529
07406
06024
03609
01872
00790
02355
02385
02557
02415
03308
00606
02013
09775
03518
03518
01868
01581
03501
03650
03150
00336
06864
03980
03616
01918
00962
02026
00616
00945
03977
02914
03536
08998
03217
00919
01867
03442
02398
02396
02397
01752
01752
00172
00337
00331
00332
00266
07141
06897
00640
01738
01923
01952
01952
01952
07095
01737
03498
03499
01803
00927
00134
03590
03531
02652
02838
06013
07335
03555
03615
06990
09007
02563
00226
03601
02600
02313
01903
06603
01874
01624
04567
01588
02392
01892
02408
00282
00294
02388
02422
06442
00864
06921
01893
07088
00261
00283
04763
07095
00573
07053
06179
00873
02520
02916
02887
00943
02420
02419
03413
03408
03407
03924
03588
02434
02433
02950
02992
02355
02358
02946
02906
02926
02892
02886
02965
02890
02982
02878
02904
02961
02874
02895
07636
00756
00759
02038
02037
02040
02956
01881
00796
03928
02049
02050
02051
02413
03529
06346
01915
05810
09760
03569
03569
02393
02386
00882
00600
00820
01443
00768
03399
02191
05936
05895
02492
01749
01698
02008
02006
03147
00850
01012
01921
01126
00639
01744
06885
09892
01776
09762
07738
02035
02033
02034
07015
03628
00761
02835
02669
00791
07001
01929
01926
03046
03043
02935
00973
02314
07457
01734
01299
04066
03704
07056
03800
01579
05808
02114
02115
02113
02109
02110
02108
01262
07313
02387
04043
04061
00566
00760
05982
07139
09710
03612
07301
06989
03517
00767
09458
02372
02371
03523
00645
03521
07053
01928
01000
02394
03610
00266
00528
00852
00845
04070
02340
00995
03553
07444
09137
06199
00783
02687
09125
02111
01756
02484
01358
02566
07003
03796
00849
03530
00891
09815
09817
09816
06901
01870
06966
02392
03621
02911
07040
07240
03306
07220
00991
00926
00975
01619
03664
02435
03563
03803
07030
01662
01875
08963
01869
09761
01465
01591
06959
03408
03544
01409
04087
04088
05837
02990
03111
03073
02601
02867
02863
08974
00287
00351
00347
03522
00075
09749
02078
06997
02221
00858
02039
01849
07023
10110
01305
09013
03465
03074
03072
03210
06925
01338
03978
01887
02834
02407
06941
06949
03631
01972
06973
03218
01783
04068
02406
03685
03798
06153
01468
06287
03630
03797
09764
03596
01925
04094
02528
00975
03565
10112
02909
07571
00335
00334
01885
02342
07175
09903
09117
01808
01356
02031
09825
00857
01926
05569
05570
05571
05566
05567
05568
00342
07462
04083
01938
00261
02078
01939
09698
01890
07090
07090
00812
00615
02968
00789
03665
00876
08301
01251
01493
00177
01745
09125
03696
07095
03284
06941
06416
08999
00655
03151
06894
08602
07478
01006
00948
02897
00860
03701
01689
11751
02443
03820
11752
07105
02884
00554
02860
06960
02959
03106
02064
02063
00611
02025
02039
02036
07240
03698
01775
02902
01866
03075
02931
02954
02994
02933
02881
02988
02907
02876
00939
01265
02518
02919
02952
02948
02986
02879
03545
03101
01915
09141
01191
02026
02025
08591
01791
01424
02025
03088
02529
01937
04486
02357
07220
03306
05567
03595
01921
03686
03687
03705
03060
00942
09777
00174
00929
00929
06200
01464
03424
03550
01924
00057
03439
02654
00688
03100
00099
02016
02015
00793
04488
09013
04077
04078
11145
03568
03592
03413
02356
02231
02233
02232
02227
00817
03495
00382
06206
06158
03593
09770
01462
05592
06142
06861
01439
03438
01486
02034
02033
03703
02437
04759
04758
02653
06958
00696
01810
00859
03702
02035
03723
07067
08681
06215
01848
01571
02519
09125
01902
07085
00133
01778
01714
00215
00674
00928
00763
00605
06969
01439
01712
00176
03744
00177
07588
00175
06173
02410
04485
00174
02112
02389
02417
00826
03551
00876
00088
00762
03783
06180
11068
03657
02412
00176
03076
02446
01056
00901
03655
02805
06929
02003
00965
04042
02824
01154
01809
11749
01950
07075
07277
01207
01628
07442
01770
01155
01768
13057
00060
11072
03795
00059
07315
01784
12410
01187
07027
07027
07027
03711
13292
00965
02478
06889
06948
00626
00602
06168
03524
11753
05946
03654
02483
11717
01243
02237
04757
01916
01710
01092
00703
02418
04767
07025
09138
09765
00951
09766
01784
03711
01990
01840
11754
07397
06183
07133
01200
12960
00784
03653
00634
13542
03410
09942
00971
00248
02009
08978
00058
09934
03406
09000
01012
05934
03696
03696
05337
03312
07335
03406
00348
00805
09711
02217
00980
01990
07979
05575
05568
07025
01077
03386
00949
01491
07003
09457
00575
09009
02503
12573
08982
13038
01990
03406
00634
02057
07033
13787
00603
01784
14415
13993
02057
00950
01844
00768
00091
00608
14219
07052
14228
14228
01983
14228
14233
06921
14233
08281
04749
03394
13626
14228
14234
14223
14236
14233
00974
00303
03574
05919
03527
02945
14234
14228
14224
14227
14227
01710
14155
01990
01985
01985
01985
01985
14226
02056
14237
14237
14225
14225
14231
14221
14221
14224
14230
14441
01980
01980
01980
01980
14235
14234
14219
14229
07705
14652
06881
01884
15035
02304
14230
00602
07003
14219
14223
14218
14218
14222
14220
14220
14219
14232
14232
14232
14218
14218
14225
14237
14540
07242
14645
03091
14219
14230
14229
00015
15342
15635
02032
01035
00812
02031
02032
15987
15987
10108
10716
16786
00335
16264
16370
18014
16329
02026
02031
16785
02026
02027
16787
10109
02025
02025
16203
02030
18682
19689
02028
02030
01978
17316
01992
02029
17317
17315
01990
01992
00334
15024
01992
05569
01977
01977
01977
01977
05601
01992
01992
01992
01992
10112
10112
01990
01990
01990
02499
17686
01155
17758
17759
17828
02823
17998
17997
17999
18013
17898
17899
03146
18011
18012
17992
03742
02488
18707
18785
06147
04940
06147
01872
02851
03526
16149
07464
19141
19142
19076
19091
09951
19139
19221
19138
19115
19114
07012
19140
07016
19143
07061
19116
21400
01843
18890
18889
20885
01214
11529
21009
21012
21071
21011
21071
08968
21636
21219
21399
21600
01176
21672
21947
21929
03564
19802
07456
22205
03469
06993
00571