05559
10217
07733
14682
15864
18928
02224
18923
00906
03760
01907
00626
06958
04751
00567
07090
07090
01104
00666
05794
00703
00799
07304
00575
11930
03496
03496
00060
12262
07516
16087
01759
01759
00228
03286
07454
11749
00262
01897
11927
00244
05563
05564
06182
05571
05569
05568
05567
01991
00012
01993
02066
02065
02067
07238
00930
08296
00982
03568
07715
07711
01881
08311
06134
04763
03806
01596
07001
07262
00179
00180
05560
05561
05562
01876
02654
02653
02652
03106
00826
00566
09928
01869
03657
06966
01993
03821
00023
01658
00766
01609
09800
03308
04090
00263
02275
02274
02258
02276
02259
03654
02996
03413
03407
03408
03411
03412
11250
00261
07402
01483
01477
07127
00873
03797
07738
00600
03592
09889
03831
07147
01626
02346
00798
01872
02337
04565
01126
03303
00782
09181
01772
03705
00858
03631
06186
01956
01955
03624
02427
03798
00796
03431
01803
03075
00330
00331
00332
00333
00334
00335
00336
00337
00338
00339
00340
00341
00342
00343
06903
06999
04488
09015
09013
09014
07560
01740
00375
06969
02003
03088
03530
09117
07139
01810
00995
03608
03609
03610
04083
06959
09181
00975
02438
00700
00845
07647
03746
03503
03424
02067
02065
02066
00937
06985
03555
05952
02342
03469
08307
03775
03564
01356
03703
01207
00997
03474
03584
03595
03685
03100
03596
03803
03598
03597
03088
00278
09458
02078
00059
00645
00648
03217
08998
03536
02914
00558
07458
03694
06891
03704
02913
02902
03630
01520
00031
02355
00404
00405
00406
09926
07576
09792
01507
00525
04760
04079
03704
01995
01996
01999
01997
01998
09989
06941
01586
00957
02343
09747
06187
00411
00412
00413
03599
03600
07239
02014
03701
00241
00242
00240
02356
03554
07340
00230
02837
04062
01679
02647
00865
07088
07088
07795
07552
07240
06899
02471
06217
07042
06189
03820
01878
01879
03273
00655
01724
09774
06041
03455
02653
02453
10806
07649
07774
02012
07120
05802
07043
06177
06969
01241
09749
11065
03799
00604
01462
04096
03747
03169
04047
04761
07306
02040
02037
02038
02036
02044
06999
09954
01995
01997
01998
01999
01996
02065
02066
02067
04754
07323
07122
00790
06140
00765
00013
11073
11076
11075
11074
00817
01693
02501
01814
00963
01972
03529
00674
02670
01439
07320
04044
04082
04488
00640
09933
01975
01770
00991
06990
04069
03723
03284
02276
01246
01626
02003
01008
06917
00688
04485
03789
07638
06190
09780
05527
03769
03522
01816
01608
03734
06158
01433
01750
00928
03320
04752
07391
07552
01995
01996
01998
02500
01496
01523
03116
03117
03118
01903
01902
01783
01091
01657
03424
03630
11189
00018
07080
03821
01673
06995
01968
01640
06938
04033
06871
03310
02518
07112
06920
10026
03640
03641
03560
03562
07107
00145
01866
01776
00864
00111
01637
02553
02871
09007
09701
00574
07152
03089
00951
02483
02483
04103
03496
06076
00346
00347
00348
00349
00350
00351
03655
03181
03179
01591
03182
00252
03521
03522
00375
00135
07080
07240
07240
03530
03575
07157
03186
01998
01997
07007
03499
08483
02821
02313
02338
02470
03427
01154
01153
01338
07259
01586
06202
05366
02662
02665
02666
00891
01735
01129
00266
03786
01419
03667
07088
04762
00957
00390
01999
00548
03717
08994
00948
01867
02045
02047
02046
02048
07086
00075
00135
05548
03672
07218
00376
00381
03455
06445
00760
00761
02003
01142
00762
08309
01754
06023
02806
05808
03092
06861
03565
03553
03743
01095
00946
08303
03688
01887
03673
03746
04719
00362
00363
07552
02575
00372
03821
03086
00602
02316
02970
01409
08591
01633
04763
00147
02340
03643
00600
01951
06997
05782
00375
03169
03111
03657
07001
01738
07649
07112
01996
01995
01998
01997
01999
03549
01919
01920
07043
02434
02433
02435
03569
03570
03571
05515
05837
03642
07258
09158
03801
03644
03656
07727
03698
03799
07301
03426
00031
02548
03453
03821
01006
01649
05916
05772
02616
07141
07402
03495
03501
03497
02108
02110
02109
02113
02111
02115
02112
02114
03690
03183
09883
09882
07657
07636
06915
00563
07028
03585
07160
03566
01752
07862
00639
06876
02020
02018
06966
06001
05540
12410
01638
03215
01714
01890
01889
01868
10764
00764
02945
00831
02469
04043
03686
01883
02824
10804
03711
01963
01695
01696
00133
00052
01736
03628
01703
03424
00383
01358
03545
07180
00767
01733
00003
01951
00088
00370
00208
03695
01676
01007
01895
01940
03980
00528
01933
00606
01256
01652
00053
01255
01873
00123
00382
00658
00164
01647
00240
00239
01338
03544
02394
02622
02621
02400
01995
01998
02412
08714
06180
03621
08300
03702
00832
05559
00748
05595
03578
01845
01669
00609
01465
03885
02232
00973
02335
08301
03551
00789
01251
01428
00285
01589
01491
00163
00627
00382
01952
00605
02198
02567
00989
00281
00939
03601
04564
10773
00641
04066
01599
03650
03701
03040
03076
02931
02982
02886
02906
02358
02355
02992
03046
03043
02863
02867
02601
12573
01939
03665
03977
01892
06941
01962
07568
00773
03072
03074
01756
00620
03070
03531
03590
01924
02563
03588
01925
01000
01929
01928
03587
03438
02558
02527
03147
01886
01847
01687
13292
00820
04042
00681
03110
10563
00948
06942
01915
07712
02314
06907
02342
02342
00626
11719
07659
09810
07075
01710
06168
00568
03496
11717
04487
03719
05712
07213
00042
03458
03458
04487
07307
02017
04755
01895
01874
11753
11752
01895
07814
01950
03496
00974
01092
00627
00162
00161
07462
09808
09928
02238
06949
06013
02909
05541
07039
06940
09858
01681
01682
02016
00677
02372
02536
06142
07277
00099
00981
00806
02838
09903
02357
02967
01265
00990
00772
06207
01338
03688
07644
02342
06950
00067
00285
03841
00161
00162
00627
04078
04077
07649
02492
02835
02493
07390
01755
08082
08083
01595
01749
01719
02496
02498
01945
03557
02071
02072
02073
03185
01262
07102
04744
03771
00097
02528
01142
07001
07267
06871
01414
01923
03744
01908
00931
03979
02899
02888
01512
03593
01494
01584
00287
00560
01091
09919
00384
03466
03634
07478
01875
09007
01662
00795
03602
03527
03774
03101
01870
01448
06925
03745
01667
05805
08303
00901
02051
07006
01989
05832
05833
01885
02003
02291
09861
03437
03470
00449
01624
00873
00246
00245
00927
00134
00615
00855
09761
02613
02612
02611
02610
02609
01912
00074
02616
01997
01995
01998
01996
02039
01807
03750
07399
03978
01698
02169
01012
03216
00057
03071
03676
11472
11473
00324
00324
00325
06968
05813
02523
00325
00324
00311
07107
01937
01627
01689
05589
07115
03306
01495
00208
05592
03704
07053
01867
05896
06024
06178
09748
02600
02519
02834
03177
02956
00962
06204
02050
02049
07234
09122
07032
09794
09941
00791
03572
11175
03500
00507
01737
00928
02342
04046
03581
03582
03583
00134
03325
03088
07089
00012
04567
02836
02474
02517
02460
04748
02034
03738
02557
02404
03612
03427
02887
02520
03787
12339
00817
03687
03768
06173
01704
01652
05524
03671
01953
00595
02503
02003
02660
02487
06596
01991
02667
05549
03615
03614
06950
02658
02659
06287
09136
01912
11690
11689
11688
03271
02004
02004
09950
07646
03498
02033
09931
11312
05564
05563
05560
00626
03722
02342
02305
02164
02342
02655
08084
03207
06603
10943
04562
06138
00800
01998
09932
03655
01997
01999
02457
02462
01448
06985
02671
02414
09005
02571
07126
07814
01996
04090
01154
01953
05685
00023
01079
00432
02227
03321
03321
07216
13288
06183
02116
01424
00215
03821
05810
06153
01147
00014
03814
06213
07735
00286
06997
02669
00523
06879
01613
06895
05596
02015
00768
06966
02204
06287
03550
03733
01778
02517
06915
01159
04084
00793
03189
01669
08303
01775
07566
01588
00942
02437
00979
00912
02557
02556
03616
03615
04773
03439
03149
08218
01673
03498
03499
03500
00797
01953
06911
03111
02879
02986
02948
02952
02876
02988
02881
02933
02994
02954
02874
02878
02890
02965
02926
02946
02950
02935
02864
03218
04087
04088
00940
03975
02535
01921
01465
07056
02160
02687
01525
07054
07667
03594
02034
02035
03310
03327
00275
00925
00954
00919
02897
01056
01462
01894
03517
07708
00859
06923
08304
02939
13926
06218
00901
02200
02196
05548
03192
02342
07444
02016
07665
07644
01784
08973
03561
08963
00799
01497
01075
02503
01534
05946
01996
01995
01998
01999
02014
05818
02200
03795
06179
03639
00943
07082
03750
02453
02454
09786
07175
02012
02011
00684
04561
07234
03664
00371
02575
03770
09773
00626
00432
02283
01918
01653
01649
03809
00554
02884
11720
02407
05591
01999
09799
06916
01476
10017
02421
02396
02393
02392
02391
02390
02388
02401
01999
02409
02410
02416
13482
03386
07012
00029
01961
02664
09806
01061
00557
01069
03574
13038
13953
13628
12508
11754
03406
03406
03406
03406
03406
03406
14059
00805
00059
07684
07216
14058
00253
01470
03772
11085
06147
06147
06147
06857
02010
02055
02055
02053
13668
05782
01674
03711
09826
09947
02004
02004
02004
02004
02004
08738
03342
00625
05934
13888
03328
01782
07794
07274
01487
13821
07038
02069
00329
00356
02203
00956
01791
07397
07357
02663
07025
01515
13979
06867
07003
07005
07065
09124
12340
07276
00114
00121
00955
13643
03782
02379
10800
02004
03427
02014
01792
10680
00407
02276
13481
07501
02280
01420
02614
07276
18138
05799
14218
14218
00970
03793
06938
13766
03719
03719
11712
01420
01537
08305
10854
10856
01912
05783
01995
07341
07270
02570
00297
00128
01835
01840
01187
00104
00042
00042
00632
01897
01897
01130
01130
00666
00666
00988
02054
02052
02058
02057
02057
02056
02030
02029
02077
02075
02074
09810
02455
02463
02650
07684
02487
02481
02423
00344
07749
05570
02005
02005
07168
07182
07182
10942
00758
02461
09165
02676
02674
05773
09922
02670
07793
02459
07473
02051
02672
00446
01617
00480
04112
04113
04114
07675
11711
07675
01153
00029
18929
07537
01977
01977
01977
01977
14232
14229
01983
14393
14233
18929
14228
14162
14228
14228
14232
01669
01070
09959
04061
02415
02418
02398
02399
09005
04767
06871
09801
01821
03533
03088
01154
03559
03561
02403
03415
03415
03665
11942
09937
02656
02557
03394
03586
09888
02192
00782
01154
03478
09862
02686
03832
02657
01791
02668
00127
03795
01791
04651
04656
04653
03187
06955
03427
02342
02568
02574
02573
03154
07216
02004
03607
03614
03612
03613
02805
10012
02502
03666
03752
03753
02227
02225
05936
06042
02188
02013
02231
02233
01791
03328
04075
03717
03210
06195
03589
03925
07460
06077
00856
00655
00573
01895
06199
02003
07588
05834
09915
03832
03559
00428
02986
04759
00948
07552
02380
03427
01153
03387
09811
09812
02494
06929
03524
03525
03981
02963
02990
06940
07000
05786
00788
07447
02825
02221
01628
00123
01118
03611
02919
02518
02907
02895
02961
02904
02892
03073
01996
01998
01997
01995
10778
07114
07114
13635
02279
12510
12511
09966
03532
07811
05562
03098
08984
03816
02458
09159
03472
00373
09913
00124
00573
01578
03407
03414
13634
00265
02189
03558
03749
01817
02959
02860
07091
02339
03637
03617
03413
02402
00024
02050
07689
09781
02014
00077
00978
01709
12452
01652
01710
02406
02422
02408
02411
02413
02417
02419
02420
02397
02395
02389
02387
02386
02556
02405
01996
00174
00175
01912
03617
03616
03613
06181
07287
03924
03087
06194
04764
02916
05788
03269
01779
05820
01653
00074
01995
01997
01999
05550
05784
07001
00023
05807
10763
00950
09808
06139
02049
01153
03427
11105
02014
09791
01996
01998
01999
06911
07178
01259
03924
02911
07040
07056
01091
01104
05561
09760
01997
01998
01995
01996
01999
06193
02341
06980
03744
06872
03635
03636
03753
02456
07093
00242
00241
03710
01644
08224
10015
10016
03564
02448
02569
07058
09801
07673
00374
02575
02033
07305
09767
02968
13626
02652
13771
03458
13766
00632
07673
03060
02199
02197
02195
02194
02193
02569
02572
00847
06221
07090
06910
01965
03688
02851
01790
00969
09710
00783
01997
09921
07301
06442
02014
01854
07395
07018
04655
00794
03625
04652
04654
03190
01430
01429
03188
03926
06886
07787
07644
07798
00941
00941
14236
14233
14230
07250
14229
14218
14220
14220
14233
14232
14287
14233
14260
14221
14221
13525
13993
04110
14228
04108
04109
14234
00446
07538
10914
07497
14219
14225
14393
14155
14160
14237
14219
14230
14230
14224
14224
14445
14237
04115
07538
07539
02533
01985
01985
01985
01985
03406
14235
04517
14267
14234
14231
14225
14441
14225
14225
15371
01966
02358
01524
04085
14652
01654
18360
18362
18363
18363
18362
18361
14219
01011
14237
14218
14218
14218
14218
14237
14227
14227
14227
14227
14222
14161
15546
14228
14228
04107
01011
14223
05565
01980
01980
01980
01980
01210
14219
14219
14170
18893
14234
14540
07483
02617
14226
06919
03324
04771
01969
18928
15011
03086
00146
15512
00249
03321
15012
15513
06020
14228
14761
14742
15054
15034
12055
02031
15773
02428
15634
01082
15633
15738
15539
15724
01026
16011
15725
15461
08685
08086
15778
15342
01082
02032
14415
15866
01692
08679
01233
07798
01739
02303
16092
16090
07239
15725
07665
07644
01534
03320
02028
16066
16242
16243
07038
16165
01801
16244
16246
05797
02617
16264
16245
16249
01978
03699
03699
10216
16171
07278
11959
11960
11961
02473
16692
02031
02032
01997
11962
11963
02847
10014
18355
18358
18357
18359
18356
18361
00831
02226
02003
11991
14393
17713
02303
13485
00988
17226
17227
11209
08738
08738
17247
15035
17716
08992
17103
17226
07576
01990
01990
01990
01990
01992
01992
01992
01992
17686
03672
01533
17865
19745
07263
00254
07263
18139
18138
18005
00436
03585
10855
18007
18006
21430
18366
18364
18365
18366
18365
18364
00141
00138
18480
18480
07316
18829
18778
18828
18831
10747
07665
07484
07484
07484
03526
18979
09951
19159
19123
19157
19157
19158
19159
19158
19124
19068
19125
19126
19046
07317
07448
19221
01066
19344
19416
01992
01992
19342
19345
04771
19339
19340
19341
17686
00992
12960
07666
07645
00799
06131
15777
19804
09796
20035
20035
20036
20074
12132
20444
20534
11751
21053
21071
21029
00821
00821
01139
03636
03741
21405
21405
21405
21420
21470
21563
21495
21498
01451
21703
21563
01451
07062
21645
08685
19591
21929
22132
22112
02257
07755
00611
22348
11206
00590
22452
22468
22491
22515