03588
06881
09022
09785
15772
07241
18445
00254
02554
18335
16793
15771
05815
15770
16792
07096
10238
10237
05825
00483
05824
02428
02056
07052
09004
01602
01601
02446
03405
01848
09137
02653
04517
03856
07182
04767
04518
02056
02017
00616
01262
00974
07214
05350
02025
03153
01719
02303
00595
02303
03574
01823
06990
01011
09981
03386
09251
06990
00970
15635
06346
01885
01715
03784
13640
03738
04063
01011
06183
01848
01409
06877
00059
00854
03929
01835
01515
00567
05595
03469
00059
01480
06883
01537
01077
05814
04488
02004
02025
00619
00058
13641
04767
02033
02035
07586
09763
06857
00939
02428
07025
07131
02030
03498
03499
16329
01104
02533
03455
01854
02549
00294
00639
07077
05815
00065
06945
07131
02035
02033
07025
01724
10563
09697
09696
05830
01619
00845
01006
00374
02433
01992
09825
01854
02033
02035
00548
07442
00852
00027
08352
01515
00564
02200
06196
00088
02051
02050
02049
02033
02035
01439
02025
04073
01259
02824
07588
00368
07114
07114
03709
00059
03593
01916
12503
00046
03769
01934
01507
02238
00666
01934
07025
01092
01719
01607
01585
02035
02033
02010
11069
11071
11072
00830
01679
00626
09764
03783
03711
02123
02124
02121
02119
02122
02117
02118
02120
09002
02446
02025
00241
03177
07030
01692
09972
02851
01784
02342
02433
01489
07012
01696
01695
09129
00823
09117
00261
00261
00809
06381
00942
03060
13038
03402
01951
07173
00948
02897
01056
01921
03798
03551
00606
06180
01129
09458
02078
09775
01491
03625
01961
02160
02356
02275
02956
00962
03521
03522
02347
03737
01740
04083
01883
07516
03688
01996
02458
02672
03787
05813
02016
02016
02013
02015
02016
03088
00937
01524
00645
00648
02911
07040
01476
04773
06969
03798
04043
03687
05516
03695
13993
13993
07228
00343
00342
00341
00340
00339
00338
00337
00334
00333
00332
00331
00330
02528
03723
01304
07150
02435
01875
03281
06208
00318
02470
03579
05606
13853
03118
08296
02012
02011
01625
00874
02034
07010
01586
01443
03046
01628
02064
02063
06958
00812
03101
05946
00946
00817
01693
02501
01912
01589
01588
07086
03975
06915
00605
02437
00282
00283
11753
03086
00928
07101
00024
01902
01903
04485
03696
01880
00133
06442
01886
13766
02520
02916
03116
04042
13292
09793
00259
12410
00872
02968
01866
02199
02198
02197
02195
02194
07552
06878
00820
07406
07133
02034
00140
01912
01999
01997
01998
01995
01996
01821
01666
02902
00773
00208
06916
01839
01462
00604
00384
02836
00790
07738
01494
02502
00765
00556
00826
09790
04561
02305
07322
03924
02426
01740
00641
02013
02015
02016
07088
09761
02687
01255
00566
02040
02037
02038
02036
03629
02654
06941
03575
06929
05828
05829
05827
05826
01655
03186
02935
02864
02863
02867
02601
03073
02913
02358
00297
01247
04486
02887
04564
07277
06997
04074
03665
01512
00060
01273
07160
08963
03547
03980
01895
06969
03701
04094
02500
11755
03424
00240
00239
00242
01611
02996
02871
01937
06923
09005
09005
00943
04075
04761
04096
01938
01754
03151
03075
02888
02899
03979
00969
09710
01918
02669
01624
00756
01963
01962
02950
02992
02355
02358
02946
02906
02926
02892
02886
02965
02890
02982
02878
02904
02961
02874
02895
02931
02954
02994
02933
02881
02988
02907
02876
03076
01419
03667
02379
03116
03925
03438
03587
01929
01000
01925
02563
01924
00075
03589
03590
03531
01159
07112
02291
01669
07042
00901
03624
04567
01849
06199
00794
05810
07015
02652
02669
02434
01933
03969
02341
02057
02057
03183
07107
00766
01657
01662
05813
02616
01868
03216
03655
03320
02313
02338
01689
00873
01591
00762
00057
00175
00174
02343
00930
05520
15342
00864
00111
00965
07080
02057
02057
03564
01807
01874
03797
09812
05808
09811
07090
09786
07180
07099
03565
09769
01595
00014
00031
01147
08602
06176
03703
01887
01928
00459
02440
01624
01783
00855
01624
05979
00615
05592
03750
14645
01265
02518
02919
02952
02948
02986
03040
02879
01926
02523
01756
01923
01952
01952
01952
00764
00600
03631
01640
06187
09747
01698
14652
00793
11752
09748
02600
02519
12257
07001
01609
01814
07462
01873
02029
00688
14441
06942
06287
03570
03571
05515
03610
08976
04751
03705
01775
04066
00950
07571
03671
03621
07058
00147
00931
05831
00185
06925
07736
00919
07152
07238
02835
01299
04077
04078
03437
01810
01610
02275
15408
09939
03734
04069
06206
03310
03431
07568
06213
03106
02959
06960
02860
00554
02884
01752
06973
03529
03664
00759
00759
08999
02503
01817
02355
03924
01007
11068
02492
00789
01776
06966
03738
07456
00948
02034
06173
02011
02012
00620
00145
00611
08591
01649
01649
00053
01653
01652
00384
08084
08084
07075
07075
01867
01703
01704
00052
01687
05837
03523
00134
00927
02834
07107
12573
00859
08591
15342
03324
00954
00602
03650
10773
01881
00945
00800
04487
09816
01996
01999
01998
01997
01995
02914
03536
08998
03217
02493
06861
03110
03611
03657
09165
09163
05979
02027
03608
03609
00991
06153
03686
03704
03801
03644
00382
00627
00167
00166
00783
03524
00973
01939
09125
00760
06178
00259
09808
02939
01295
11717
08982
02003
05813
09015
09014
09013
01637
01872
07447
07082
01956
01755
01940
00382
00658
01845
00162
00161
14267
01803
10255
07560
01714
05921
01999
01997
01995
01998
01996
01912
02609
02610
02611
02612
02618
00303
01638
03928
11472
11473
01733
00003
03820
03154
04768
02034
08224
05772
05773
03636
03738
00847
07164
13993
14155
03439
03168
07460
03182
03977
09940
00997
01735
00891
01736
02662
03525
07397
01448
07001
03100
00782
01895
01895
01895
03070
00705
00074
03655
01805
10545
10544
10543
01356
02963
02990
00325
00324
00324
07391
03470
00796
01633
00940
00163
00627
08223
08972
00164
15866
03550
03218
01495
06207
07478
03385
15876
03702
00820
02039
01975
03569
02372
03043
06888
00767
03517
00278
03594
01622
03733
01673
02575
02575
00373
00371
00370
04758
04759
03885
01869
02945
01734
01434
00975
00703
05539
03527
13789
03639
01770
03637
14415
03926
02469
03786
03530
00655
05982
01809
01647
11754
02034
01996
01995
02967
02357
09903
02838
00981
00099
11749
00286
03500
06416
03624
00763
03544
01358
03545
01955
01579
03179
01599
01772
00231
15372
00849
01738
03775
03704
03787
11754
01749
02337
01889
01890
00850
07056
01126
02237
10236
03501
03495
00457
01999
01997
01998
00481
10218
16515
01998
01997
01999
01915
03555
03572
02553
01433
07080
07080
00761
06168
03752
01338
01465
00609
02825
07090
03592
03568
02340
01755
01999
01997
01996
01995
01998
03282
00876
00791
02909
07403
03596
01752
01681
01999
01997
01995
01998
01996
03654
01338
00252
06024
07566
11175
01945
14393
00797
01611
03466
06142
07335
01972
00013
02020
02018
01892
01876
01893
08681
01534
06215
03628
01870
03642
01151
01338
02529
00941
08369
03147
03149
03154
00788
02304
00390
07090
00958
02224
02233
00768
02188
06042
03394
05936
02189
02227
00817
02232
00019
02274
09810
11720
01985
01985
03584
18682
00265
00951
00151
10027
14221
14236
02003
14219
02193
07091
11070
00184
17222
17222
17223
17223
14230
01978
17227
07649
17316
10823
01990
01983
15878
17317
14228
17315
01992
01992
14233
14220
14225
14225
01990
08738
14228
14225
14225
15583
17218
17224
17226
01897
01897
01897
01897
14237
14219
15879
17225
14222
01980
01980
14223
14223
02010
14232
14233
01992
15864
10112
01990
01990
03298
07576
14219
17686
01533
02650
01977
05814
07318
00226
14224
14233
14218
14232
14228
14228
14219
14235
14235
00104
03741
01090
03296
06415
00971
14229
14224
14237
14230
00632
03296
00344
02026
02026
02026
02026
02026
01739
00249
01658
00446
00446
01791
00104
00329
00356
00020
02614
00344
12574
14229
14224
14237
13282
02027
14233
17758
17759
14218
14230
14234
14218
00128
00015
01069
01187
02027
02027
01187
14218
14231
14232
14228
14226
14227
14234
14234
01977
00663
02058
07814
14749
11782
22490
07076
07658
06966
05350
03733
01897
09769
07080
00059
01997
01998
04763
05813
18285
11785
11783
02554
00249
00949
03742
21757
06980
00681
05521
00335
00336
13993
05896
02052
18707
18672
18928
00632
00632
00590
18929
03111
03497
03496
03496
03497
10217
03111
03497
07128
00446
01872
00335
03526
09951
02663
02664
19046
16149
06992
19123
19138
19221
00798
19091
00484
19140
00102
19124
19125
19126
09951
01990
01992
01992
12944
19033
00525
00525
19689
19689
07064
05710
09796
20074
12132
12132
01208
05715
00525
20486
18890
18889
02666
20810
11529
11751
20896
21029
00526
02316
00857
06217
03465
02314
03546
03553
21142
02335
00526
02483
22044
21563
21600
21600
21567
10914
10914
21817
03215
21947
21929
21929
22136
01463
00754
03595
21903
03892
03892
22205
00467
22187
02257
11206
22492
00590
22502
22491