03424
02027
02397
02396
01624
01880
01885
02427
02523
03060
02405
02404
02400
02401
02421
02420
02419
02418
02417
02416
02415
02557
02556
02385
02390
02389
00266
00969
02899
02888
01006
02970
02355
02435
02313
02338
02469
01890
02410
01488
02835
00526
01571
01572
02314
02939
02963
03111
02990
02027
02025
02026
01883
03088
02518
02335
03218
03092
02493
01596
02062
02063
02064
01881
03100
02946
02906
02926
02892
02886
02965
02890
02982
02878
02904
02961
02874
02895
02931
02954
02994
02933
02881
02988
02876
03076
02919
02952
02948
03040
02879
00813
02913
03073
02601
02867
02863
02864
02935
03043
03046
02950
02992
01448
02909
02945
00859
02056
02057
02057
01937
02986
02030
02030
02056
02057
02057
02528
00943
02902
00919
02897
03070
03168
02387
02388
02408
02409
02410
02411
02412
03072
03074
03106
00858
03152
02355
01810
01057
01768
02316
03086
02481
02343
02563
02356
03075
01914
03151
02383
02836
03110
01869
02919
00939
00099
00806
02838
02357
02967
01893
01807
01867
01892
02342
01875
02406
01147
02911
02078
01689
00997
01887
01866
01868
01265
02887
02916
02520
02406
02406
02407
01992
01990
02956
02834
02519
02600
02959
02860
02884
02422
03217
02914
02395
02392
02392
02004
02004
02003
01889
03101
02441
01876
02343
02470
00525
03087
01872
02433
02434
02996
02871
00757
01873
01358
02117
02117
00057
01934
03570
03569
02806
02806
00384
01462
02118
02118
02121
02121
02124
02123
02123
02120
02120
02122
02340
03980
03575
00575
03310
03495
01929
03501
03408
03409
03497
03310
03424
04066
03590
00995
03529
03820
01662
03525
06187
03703
03565
03589
03438
03412
03977
03629
00763
04087
04088
03650
03588
03695
03551
03550
03655
03469
03702
03701
03531
04488
03671
03466
03596
03687
03631
06196
04079
04078
04763
03778
04043
03465
03787
03625
03563
03798
02337
03624
03544
03628
03523
03547
03595
03685
06213
03694
03925
03555
03546
03744
03775
03654
03553
04077
01159
03723
03496
04773
03499
03820
02413
06173
02035
03928
03642
03784
01243
03797
01056
03308
04096
04487
04487
03439
03177
04562
04061
03734
04562
03696
04568
04566
03451
04485
03709
03545
05366
03656
03499
03572
03527
03737
02058
01870
07257
03406
03406
03406
03406
05837
03408
01977
01977
01980
01980
06346
02428
07037
06223
03407
00954
07460
05896
06024
07082
07335
07107
03413
07052
02073
07164
00868
02071
02072
07033
07025
07035
03100
07243
07004
06976
06960
06959
06972
07003
07001
07095
03386
07056
07042
07301
03657
06861
07230
07101
06867
06867
06872
07507
01802
06925
06941
09810
06942
07258
03773
00974
07277
07462
09903
06179
09005
08974
09013
02221
09748
08988
09749
09768
09770
09014
00925
05515
06180
06178
09775
09761
10112
10540
10541
10542
09766
01372
09795
09710
07736
00784
04075
00604
00820
08309
00790
01126
00948
00600
00033
01924
00945
00931
00036
00927
00895
00791
00528
00789
00554
00759
10843
11189
10773
03587
09816
09817
09815
01783
01874
00567
01091
11749
01493
00962
01358
00761
04047
01775
11068
01972
01338
01776
01625
12506
00844
11707
11710
00940
00075
01925
11072
12267
13292
03499
08307
11753
09774
01803
01950
00147
11708
11709
11071
11754
00615
03524
03571
00625
01142
01834
07566
01619
03311
06142
00655
00949
03558
10540
00981
09761
01262
01491
00995
09808
01409
01897
06168
01928
01000
14234
14230
14225
14233
14233
14233
14218
13626
14219
14236
14220
14228
11069
14219
11070
14222
14237
14233
14231
14223
14235
14218
14228
14218
14232
09808
14224
14224
14229
14230
14219
14226
14223
14219
14219
14232
14234
14228
14227
14225
14234
14229
14232
14230
14228
14237
03324
14221
14237
14228
02428
07025
00970
00850
16783
16784
07260
01835
07091
11720
06881
18707
18682
00849
03526
17686
11751
01921
21929
01520