03392
07058
03924
00121
07246
10218
07300
09796
02026
07250
03518
00446
00951
08309
00703
01358
11752
05827
11930
03569
05815
09015
11717
08256
00945
00655
03695
01644
01926
03631
09747
00615
00615
01807
00324
00324
00325
03797
09763
06153
02341
01754
01591
00556
08681
06215
04042
00948
03521
03522
00313
03789
03925
03438
03587
01338
02523
06180
03101
04485
03696
02945
03639
01892
03638
07460
03470
02884
03497
01880
04763
00259
01595
03525
02355
01868
01101
00566
03637
03624
02417
02416
02415
02557
02556
02385
02419
02420
02421
02401
02400
02404
02405
02392
00697
04488
09014
09013
09825
02342
01761
03149
00788
00788
03154
07443
03070
02440
07152
01714
01042
02316
01129
03703
07566
07478
00989
01666
04073
00483
01999
01997
01998
01995
01996
01999
01997
01995
01998
01999
00526
00525
07282
02899
02888
05837
00088
01531
03686
00760
02275
02274
04486
00882
09122
01465
01520
00928
03151
01915
01265
02879
03040
02986
02948
02952
02919
02518
00939
03076
02876
02907
02988
02881
02933
02994
02931
02895
02874
02961
02878
02982
02890
02965
02886
02892
02926
02906
02946
02355
02992
02950
03046
03043
02967
02357
09903
02838
00981
00099
02283
02282
07010
02035
02032
02238
00995
03153
00123
00275
07391
08602
03183
06910
01711
00483
00059
02392
02396
02397
03563
02380
01007
01007
01996
01995
01929
01000
01925
03588
01924
00075
01921
03589
03531
07738
03671
00847
03655
02902
02493
02835
06966
01975
00954
01657
01658
00766
01609
01817
01696
01695
06208
03856
02860
02959
06446
07107
06346
08998
03536
02914
01870
00265
03320
03555
02342
01895
02492
01845
01698
01495
02510
05592
01042
10112
02026
02025
01895
00033
00036
01057
01997
00059
01338
03088
06986
01693
00817
06178
01474
00602
05827
11755
01779
06994
02911
04751
00301
01720
11072
12234
01560
11749
12410
05711
03711
07027
07027
09684
00823
09818
13292
07240
02276
07218
13038
00611
13057
02904
01473
03496
03524
01485
04487
04487
01840
05946
03654
06168
11779
03743
00052
03786
01262
02356
02160
03601
01126
08369
01999
01997
01995
01996
02390
02389
02387
02412
02410
02409
02408
02388
03738
03975
01915
07152
01710
02237
11753
01950
02510
00826
02035
05896
06024
02836
03705
03687
04043
01681
07402
03519
07141
08591
07030
10441
02008
02006
07669
03088
03550
00013
00765
01892
01890
01889
01689
01687
01589
01588
00031
03074
03072
00969
02469
02517
01858
02843
02372
01939
03686
01356
07456
03723
02238
02358
02913
03073
02601
02867
02863
02864
02935
02314
02939
03527
00067
01151
03572
02035
02033
02034
02025
01007
02160
01912
01649
03392
00042
03117
00773
01512
00012
00997
06997
05810
00940
00330
00331
00332
00333
00337
00339
00340
00341
00342
00343
06969
06920
06942
01902
01903
00525
03106
03110
03630
09780
02039
02036
02036
03893
01480
01845
03523
07160
10440
03518
03519
01007
01007
00606
01918
01092
06878
01638
01637
01295
01744
00123
02434
00261
03499
03499
08223
07507
03088
03652
01873
03798
09125
07093
00645
09458
03572
03555
02275
02274
02433
01809
00382
00793
00794
03833
06888
01255
11069
11070
11071
03593
01480
09967
01428
01429
01430
02970
03707
00973
01887
01494
02275
02274
01652
00658
00164
02035
02033
02034
01874
07552
03702
01915
01915
01848
09760
01647
03405
03800
07150
07240
02011
02012
01640
03564
06213
00926
03519
03518
00767
03517
00784
00681
01881
01783
09131
06864
00962
02956
00053
01653
01652
07667
07636
04096
03168
01419
03667
00845
00826
01845
05396
04066
01462
00942
03118
02078
03625
00059
00645
00648
07040
03534
02026
11472
11473
03547
06915
02003
03798
01031
03657
01006
03546
07403
04773
09773
07670
01662
03501
02033
07042
07037
00479
01601
02025
02026
02437
02437
03522
03521
03388
03389
03390
07477
03594
00283
01755
03644
03801
00946
02433
06925
03789
01409
02501
01814
08976
05982
00604
02520
02916
02887
03437
03530
02470
00772
02340
02968
03980
03596
02499
01876
03665
01933
06883
03624
04567
02038
02037
02040
02035
02034
02033
03980
07104
02221
09703
02034
02033
02035
04656
03676
04655
04654
04653
04652
04651
06281
06282
01620
01724
01999
11212
01652
07783
01740
01938
02051
00059
01686
00789
01251
08963
03750
00845
01928
03641
09710
00763
00525
02996
02871
06173
09764
01652
01885
01733
10563
03885
03608
03609
03610
05515
00705
00700
07009
03570
03569
02034
02033
00101
09117
04077
04078
00812
01008
02528
00919
00851
00950
00796
01633
01126
05813
07058
06901
01661
02548
01911
07258
03088
02035
04564
02433
06941
09121
07238
02049
02050
00240
00239
00242
00241
03722
02446
03628
09761
02687
00973
03265
03752
01652
01649
00133
00003
00641
07028
00681
07090
07090
01733
08223
00549
09157
02016
06167
01669
00948
03685
09137
06199
03116
00231
01772
01599
01821
02049
02051
02050
03498
03499
07023
00111
07107
01867
05571
05570
05569
05568
05567
05566
06966
02897
02291
03928
02313
07586
11175
01951
01945
01486
06971
07462
07098
06973
03544
03545
03518
02259
06949
01775
01652
00376
02500
03553
03783
03584
01625
00858
00943
06187
03466
02342
01972
00762
01955
01956
01465
06287
01611
00797
02035
02003
00554
02035
01736
00800
01790
03664
03519
07161
07402
07141
02195
02194
02200
02198
02197
02199
00790
02114
02112
02115
02111
02113
02109
02110
02108
01937
03565
01869
00995
02963
03111
02990
00872
01733
02034
02035
00975
01963
01962
00609
03086
02406
03413
03407
02407
02422
02020
02018
03322
02051
00762
08680
02551
03218
01883
02335
03924
00852
02274
02275
01895
00626
03629
02338
07568
03551
09791
03455
01872
07447
02337
03424
00820
01756
01923
01952
01952
01952
00764
00605
02437
00282
03977
00600
03750
03979
03086
01586
06158
00859
07560
01770
00991
07053
00873
09129
00161
00162
00627
03701
01875
03529
09807
03088
05589
02433
02435
05350
02343
07056
03153
00761
02035
02033
02034
02035
00820
01443
09001
07106
06877
03688
03799
03969
01866
03177
02834
02519
02600
00134
00927
01803
03075
02035
03116
03100
08999
00334
00335
01750
03086
01159
06442
07588
01849
01056
12339
01494
00874
00286
01940
03575
00791
07082
00014
02654
09786
07180
01507
01599
02279
04063
03518
01961
00549
02347
05520
07657
02414
09386
00059
05343
02503
02503
13626
07182
07263
07516
03386
00806
00024
07131
01489
07401
00520
07053
07152
02909
06416
12574
03802
12510
14236
04488
05826
01439
01599
04488
01455
12511
03709
01087
13953
05515
01534
03406
03406
03406
10027
06415
03406
03406
09684
01470
02004
02004
00971
00297
01104
02411
00109
01491
01571
04517
09457
12941
03855
09164
10439
01515
09000
03727
07234
05831
05708
03602
07089
10441
13993
01992
01715
05794
01187
06960
02025
02027
00104
07258
01426
07742
09458
01652
02053
02054
02055
01962
01963
00446
07282
01090
03088
08980
00185
13810
07675
01897
13640
00027
09127
06001
11754
01273
01434
01749
02027
00721
03527
13993
02035
00446
01845
13993
07777
00338
06889
01990
01582
01447
01273
01784
00058
03271
02031
13993
02058
02056
02057
02057
00666
01777
09820
09819
03409
03574
01992
01990
00864
07192
02010
07045
03520
01998
07045
03718
03741
00666
05710
07005
00446
02566
13787
11754
08982
08310
08323
13953
02437
13829
01961
00121
07092
11069
14224
14232
14230
14220
14225
07011
02052
14393
14233
06603
00215
00318
08982
01996
00058
03217
01029
03800
02035
00124
09005
13051
13628
14234
14225
14225
00941
14228
03892
00303
07011
14232
14228
14237
15764
14218
14236
01985
01980
01977
14222
14234
05565
00015
14223
14234
14233
14228
14221
14231
14224
14233
14441
00970
04518
14205
14219
14219
14218
15035
06147
14652
05606
08316
14227
14237
14219
14162
14166
14219
14218
14235
14228
14238
14233
14230
14237
01011
01524
14941
01480
14232
14219
03086
02033
00249
03215
15598
02034
14728
07050
15342
15521
15526
15633
15763
02050
02428
01692
14415
00123
15762
15780
05828
00812
02552
05829
05830
03298
15761
15987
18334
00254
18013
03605
15975
09458
16147
02358
15760
00483
16785
16786
16787
01684
01684
16264
16515
03699
02033
15581
15582
15583
10823
05898
05814
15580
01704
15599
07012
15765
16203
16785
16786
16787
02007
16923
07402
16927
02193
00184
17316
17317
17315
07777
01703
05714
17218
17285
01992
01992
01992
01992
01992
01990
01990
01990
01990
01990
01990
14226
14228
15582
17686
17867
17836
14259
09022
03520
14742
00124
03520
15856
07046
18382
02554
18682
21672
20862
02315
03526
18979
19088
07464
19075
19141
19142
19091
16238
09951
07061
08678
19221
00798
07016
19076
19090
01990
19342
19341
06881
19710
19689
03417
19784
00547
00297
11779
12132
21567
12132
20074
15358
11529
20896
21071
21029
08968
21071
21142
03636
21417
21416
21417
21416
05364
21703
21600
21567
21929
21929
12955
22044
22010
22205
14274
22187
22187
02257
17758
17759
03469
11206
22552