14230
18334
03560
05349
15975
14232
14230
01438
01126
03088
03088
03088
03088
03088
07506
07506
07506
07979
03892
03111
05589
03589
03574
08738
02834
07045
04771
14218
01835
01178
01524
14652
03767
01990
09810
00344
00114
01183
05817
02477
02477
00940
03088
04565
00826
02838
07277
04744
03771
03559
03562
03832
01669
07082
07447
03624
00995
01792
06287
01295
02535
00274
00950
00773
03210
03072
01190
03296
03296
03307
02274
13015
06147
01729
01854
00951
01322
07305
02902
02888
02899
00567
00274
00817
00384
01878
01879
09774
06861
03092
05808
06958
11085
00942
03060
04066
03530
01494
02517
02536
03602
02523
09767
03424
01874
01201
06941
08191
03274
00847
04042
00937
02259
00286
02884
03470
02624
01809
00507
03543
00620
00163
01710
00012
03818
02049
02050
01952
01104
00059
04078
04077
08995
02014
01620
08296
00720
13640
03686
05522
04043
02663
02662
02652
02653
03524
00767
01873
07214
00790
07106
03100
01803
00927
00134
05847
05846
05845
09939
03634
03088
07146
00549
02274
03272
00694
07220
03306
00748
00074
00705
03770
02014
02040
07636
03088
09930
00852
05340
00013
00817
01693
02501
02500
01814
03116
00975
00605
02437
00282
00283
00558
01635
01951
06969
07341
03781
00059
02939
02963
02990
01056
02897
00948
00919
13993
03695
02493
02835
10747
02014
04755
03980
07259
03644
05807
01783
03592
03568
02909
02315
00963
03723
02434
00058
09117
00794
03625
03841
08092
01991
03797
03771
03698
01736
01462
00604
03500
03183
01735
05794
03118
03117
11068
09825
03572
00945
03704
08972
02003
02004
02004
03709
00849
00965
02856
00782
07729
00848
01709
00978
12452
01735
01652
01710
09808
03799
02200
02198
03088
01689
06996
06187
07090
09922
07302
07303
07154
00384
03885
11177
07058
01283
09131
06997
00384
08996
09764
00088
09748
02600
02519
02879
03040
02986
02948
02952
02919
02518
01265
00939
03076
02876
02907
02988
02881
03074
02276
02274
02275
07152
00185
01247
00720
02004
02004
03789
00600
01775
06996
08218
02314
03495
08978
01273
09903
02357
02967
02996
02871
02004
00789
10778
01251
11755
00765
01817
01609
02520
01448
01872
03565
02469
00864
00111
02440
00432
03704
09915
09164
00845
01711
02377
01443
02433
00688
01621
00925
12992
02004
01491
00859
11175
01933
01845
04564
00615
01808
07025
00033
00036
01057
00845
08776
02238
03215
03525
01784
07027
01887
01255
03664
02453
02456
02456
01712
02549
03820
02836
06929
07478
03437
03088
06442
00858
12373
02081
00820
07305
07304
02529
07667
01738
07386
06988
01193
00847
01869
01151
03168
04096
00648
14441
09862
01095
08591
00057
03110
01042
11752
00793
00857
00766
01903
01902
05606
00114
00034
01184
00008
00008
00276
01191
01607
01990
03307
00459
15035
07117
00433
07045
01090
04063
03307
04749
03719
03892
02065
02477
01802
06893
14221
06960
14233
01599
12573
02346
02533
02316
00912
02527
03704
00606
01918
13038
01579
00428
09992
03088
00681
01295
01893
06942
03177
10804
02003
02004
01807
11891
11892
11893
11893
11901
11900
11903
11902
11897
11896
11895
11907
02035
09001
03555
02492
01749
10773
07089
02557
02556
02337
01962
07052
06950
09992
02385
02406
00380
00053
01653
01652
01687
01704
01703
00052
01649
01784
01895
11102
01662
07336
03925
03438
03587
07090
01928
09800
03179
04518
01338
03636
03635
07114
01092
06045
03527
03631
03562
03559
03832
03641
03640
01955
01956
00363
06889
11381
06888
06173
03523
03294
03294
00788
07148
01961
03710
03893
09936
07458
00567
01247
10778
09990
03919
00481
10680
00384
01488
06199
07006
09931
03652
03649
09958
03497
02283
03200
01520
01952
01945
03322
01755
00123
06180
13292
09888
02863
02864
02935
03043
03046
03832
00574
00059
09458
01222
01658
02356
01512
00759
13979
03601
03431
04762
09004
02335
07568
09778
00261
00995
01744
01676
06136
06137
06138
06139
10254
09458
02005
02003
03711
04079
03579
02959
06960
02860
00554
03199
04773
05788
07107
08281
00806
00981
00099
11749
01042
03316
01434
13789
01515
03704
02347
03153
01647
06950
02014
01061
04487
00566
01681
01206
07304
07106
01811
09936
02986
03642
07693
07778
01754
03446
04517
01061
03856
01695
01696
03088
03111
06202
05810
08976
03543
02275
02274
02299
00406
00412
00886
07001
01810
00036
07058
02195
02194
03976
02197
03147
02529
07640
07662
07799
07788
07789
07662
02453
02078
03657
03294
09166
00645
02031
07001
07460
07004
01195
03273
02435
02433
00322
03977
03722
03270
03685
03100
03100
03100
07289
03218
03088
01737
03724
03088
01419
03667
00616
03446
03575
10773
03086
07007
03736
03735
01114
08177
01953
01858
09457
06999
02407
02422
00046
01737
01737
01495
13292
03701
03101
01870
05873
07566
02341
07025
07025
03075
00943
02014
01246
02536
02564
02529
03672
06996
01187
01051
03534
01804
01805
07443
01444
09190
02014
01012
00274
09780
01126
00957
00390
07141
03088
01591
03642
00941
03154
13483
11178
11177
03654
06215
08681
02275
02274
02276
07018
01750
01754
02033
02034
01681
02035
02553
00286
01470
04094
06142
03596
08307
03564
09949
07726
00677
02372
00059
01866
02970
00661
01921
01521
01972
00791
01465
00609
05970
02825
00796
09760
02078
09458
03327
07019
03621
02911
07040
02503
09924
03594
02356
05349
12373
01876
01892
07789
07788
07799
01889
01890
03584
00075
02018
02020
01733
00872
02034
02237
13953
03886
00412
00135
03328
00972
02160
01262
07098
00265
03402
00145
00930
00821
00611
01940
01755
00619
02013
00526
00525
00156
03271
00973
01710
01790
06959
03088
00548
00548
03543
07336
02283
03195
03204
03201
03195
03204
01488
01206
00231
01772
01760
01673
01673
08994
02003
00997
06024
06178
07304
11927
03088
00989
07713
06978
03405
07507
03593
03705
03687
03686
09761
09780
00641
01191
01620
01206
10979
01638
07147
02654
00330
00332
00333
00334
00335
00336
00337
00339
00340
00341
00342
00343
02110
02108
04567
09769
03529
01923
03558
02082
02081
07220
03306
07734
02945
01752
07391
03628
01596
03534
01738
02529
00469
05349
09704
03535
01042
09950
02003
02004
06201
03466
06153
01754
12574
00674
00033
01733
03106
03978
08178
02304
01443
01812
00851
06898
06864
01815
00874
01625
03342
01191
07407
09969
01114
03077
00853
12308
01730
03098
03523
09706
02003
06901
01950
03752
03070
03733
04763
07095
02033
03671
04757
03744
00820
06223
01462
01147
00274
07124
02945
09992
03551
11261
00788
10563
01939
01883
01409
01548
01547
01546
07667
07646
07646
01711
03650
06346
03217
08998
03536
02914
03282
08963
00762
07052
03701
06872
08995
01354
11085
07152
01657
02275
05946
01497
03655
02867
02601
03073
02913
05350
00946
07056
09958
12339
00003
01466
07127
00365
00135
01236
06044
05343
01626
01569
00432
03782
00831
03801
00658
09126
01589
01588
00891
03088
01929
01000
01925
03588
02563
01924
03590
03531
06925
04047
00208
01448
07114
03789
01613
00133
01875
00602
01129
03186
01756
10536
12251
02626
01915
01206
03702
07148
01091
02005
01356
02387
02388
02408
02409
02410
02411
02412
02389
02390
02415
02417
02418
02419
02420
02421
02401
02400
02405
02416
03585
08323
07214
03534
01206
01206
12308
09803
01784
04487
04488
13628
04082
04044
00384
03734
03182
00338
01733
01338
03544
01358
03545
03696
00990
04751
03320
00331
06996
00031
00116
00240
00239
00241
02417
02391
02392
02393
02394
02395
02398
02396
02397
01181
02956
00962
01061
07071
02065
02066
02291
02005
07462
09804
12454
06168
08999
00800
01619
00760
03325
03284
09125
01273
00067
01785
02529
01051
02003
02004
07407
02564
04103
01011
03637
03750
06920
01433
10026
01273
02032
06207
06966
01187
06158
07052
01595
02429
00318
00294
03791
03446
01507
01952
01868
10907
02669
00077
03797
02338
03550
01194
01187
00854
00117
01816
00767
00278
03517
02313
07456
01698
07006
00382
03293
01714
00215
00928
00133
07738
07027
03571
03570
03569
00259
13599
03595
07042
06217
02968
05515
05837
09807
08301
02429
01262
13832
14234
03088
07506
07506
07506
05799
00164
03317
03783
00876
00655
09928
00763
07729
00809
00756
01489
03724
05522
05365
01881
06041
01885
01770
00991
04075
03798
01061
06978
02340
09747
02343
01586
07104
00603
03088
08309
02004
02004
09474
02014
01187
02529
01205
13979
03497
02283
03195
03204
03199
00507
07640
07662
02529
02933
02994
02954
02931
02895
02874
02961
02904
00059
03553
00954
00812
00979
03797
05366
11753
06167
06980
00772
01778
01297
02558
00655
07403
00060
00639
01424
07386
01091
03270
07305
01816
01811
00819
01991
01497
03703
07054
03294
00703
02528
01159
03149
00873
07058
05896
01867
09807
03639
01937
01627
03564
03088
02887
02916
02470
07010
03501
03496
03497
03530
07090
03701
08482
07023
02878
02982
02890
02965
02886
02892
02926
02906
02946
02358
02355
02992
02950
01118
02114
02112
02115
02111
02113
02109
02109
03665
03666
03446
03979
00969
00558
12308
09710
00783
07458
00558
01963
11754
00655
14220
14230
14228
00065
14228
14236
14227
14237
14232
14234
14218
14232
07011
14219
01259
01259
01259
00956
00091
00433
01271
00114
01176
00764
00344
00820
02303
01198
00148
05989
03457
14225
14234
14977
14225
10027
01190
01198
00108
01392
01301
03307
03307
01897
02031
02032
14652
01183
01465
15383
15726
03088
03088
03088
03088
03297
03767
14237
13021
14233
07491
01992
14742
14233
02277
15547
15549
15738
15532
15633
04093
15727
15725
15727
15725
06180
04765
02428
15973
07267
06998
15977
15923
15977
02358
16137
15726
16147
16090
16090
16137
16137
16137
02083
07705
14189
16371
01983
01069
07038
05817
16264
01978
00970
16267
14224
02067
14237
14226
14219
14228
14219
14223
14229
14233
14229
14222
14222
14228
14224
14219
01985
14235
01980
01977
14225
14218
14231
14223
14219
14219
07046
11991
16840
01719
00184
17103
17108
10439
01992
17247
10439
00392
17228
01992
01992
04084
01990
01990
17836
17837
17836
17758
17759
17828
07315
17947
18139
11785
18333
03742
11904
00505
00505
18300
18299
18298
18828
18829
01971
18929
18928
00594
03526
01820
18979
16149
00986
16238
19221
00571
19265
04771
19267
19270
00947
00947
01066
19577
03446
19689
19710
08744
00547
00297
18151
21619
12132
12132
20074
12132
19969
20542
18890
18889
20543
01214
01214
11529
16554
21065
21029
08968
21147
21349
03636
21470
07334
21575
21929
21929
21929
22024
22044
22136
00754
05275
05275
22129
02257
03469