04518
01755
01940
00930
00145
01531
00567
02035
02033
02034
01887
01775
00997
01990
00820
00655
00929
00263
00263
01448
01142
00878
00788
01992
01990
02996
02871
02879
03040
02986
02948
02952
02919
02518
01265
00939
03076
02876
02988
02881
02933
02994
02954
01921
00919
00948
01924
02769
02770
00882
01937
00648
00925
00625
02902
00949
01783
00604
01462
03060
00942
01778
00762
02823
01591
01465
03101
03147
03150
01695
01696
02652
02669
02654
02653
02664
01817
01609
00766
01658
01657
01628
01870
01667
01304
00057
02039
02036
02038
02037
02040
03091
03091
02563
01925
01000
01928
03205
00260
01775
01848
01849
01892
01876
00566
01872
03091
00014
02963
03111
02990
03217
02914
01992
01448
00566
02548
01834
02115
02110
02663
00891
01151
00931
00147
01262
02356
03151
00382
01889
02887
02916
02520
02007
01868
03170
01439
01809
03086
02316
01129
03075
01689
01803
00927
00134
03092
01512
00876
01610
00548
00688
01810
00873
00850
00075
01990
02013
02015
02016
01042
01008
01012
02034
02033
01784
00849
01812
00033
02444
00845
01586
02897
00111
00864
02440
02443
01548
01547
01546
02945
00600
02500
01814
02501
01693
00817
00013
00765
01992
03091
03218
01883
00640
01881
01770
00991
00027
02355
00525
00950
00796
01495
01759
01938
00760
00060
02027
02111
02113
03602
00858
01515
03091
00797
01480
00174
00175
00177
00260
00945
00655
02945
01611
00791
00286
01756
00995
00928
01520
00962
02956
02834
02519
02600
00099
00981
00806
02838
02357
02967
02405
02404
02400
02401
02421
02420
02419
02417
02416
02415
02389
02413
02412
02411
02410
02409
02408
02388
02387
03168
01867
02884
00554
02860
02959
03106
03110
02078
00059
00645
02371
06287
03570
03569
03686
03581
01776
00059
00616
02346
00384
00384
01776
02372
03499
01712
00603
01468
02056
02057
02057
01489
01839
02803
02804
02777
01681
00789
02398
02396
02397
02406
02407
02422
03070
02836
01478
00611
00926
01409
02556
02557
01715
00248
00074
00626
00266
00088
01951
01588
01923
01933
01945
01776
02760
02759
01972
02435
02433
02434
00989
01885
00826
02238
02968
02687
00175
00174
02970
01424
00901
01619
01880
01006
01126
00036
00845
03601
00800
01012
01992
00773
03210
03072
03074
00759
00951
02004
00609
02822
02502
00966
00929
01735
06442
03536
02313
02338
01187
02470
02469
00053
01703
01704
00052
01687
03100
01875
02343
00059
02033
01677
01678
00382
02437
00845
01246
00943
02341
01478
02528
03093
01624
02909
00857
02493
02835
01808
00761
01493
01791
00790
00259
02395
02773
02774
02775
00627
00615
02793
02794
00033
00852
01586
01207
00104
02033
01443
01207
02006
02008
02007
02004
00266
01358
01338
01950
02050
02049
02051
01304
02392
02392
02390
00001
01034
01035
01843
01844
00963
00940
01873
02027
02026
01838
01952
01952
00764
01744
01956
01955
01953
01915
00674
00215
01714
00133
01305
01745
01990
01992
03088
02335
00859
02418
02760
02759
01222
02799
02800
02798
00009
02035
02033
02034
02031
02032
01179
02076
02015
02013
02232
02227
02231
02233
02109
00031
01438
01990
02931
02895
02874
02961
02904
02878
02982
02890
02965
02886
02892
02926
02906
02946
02358
02355
02992
02950
03046
03043
02935
02864
02863
02867
02601
03073
02913
01734
02888
02899
00969
02237
00058
00865
00003
00556
01866
00790
01939
01840
00059
01992
01992
01990
02314
02939
03322
02108
01752
01752
01733
00283
00282
02437
00605
03088
01869
02761
02114
02112
02650
02662
02340
03980
02358
03271
01848
05919
09761
03424
06158
01736
03306
03483
03483
01737
02564
06206
03688
06207
03411
00575
00575
03495
03495
01929
03407
03216
03413
03408
03408
03408
03408
03410
03292
03501
03088
00627
03667
00648
03402
03590
03531
01653
03801
03406
03529
04096
03609
01662
02601
02601
03979
06187
03610
03703
03475
03406
03478
04066
03565
03294
03438
03664
04759
06200
03629
01649
01739
03437
03666
03650
03975
00198
03588
03977
03810
01740
03412
03763
04077
03621
01788
03550
01652
03665
03521
03596
03469
03470
03436
03701
01738
01738
04488
06217
07045
06434
03799
06295
06296
03671
03466
03522
01626
03496
06373
03687
03631
03608
06196
03705
03630
03530
06311
03924
03716
04655
03744
04043
04654
06421
06423
06426
03594
03704
04763
04078
04074
03786
03551
03545
03798
06310
04477
04477
03789
03660
03625
03563
06418
02337
03624
03544
03655
03628
03702
03925
04656
03657
03525
03564
03737
03787
03644
03523
03547
03595
03978
03685
03593
01190
03555
03696
03553
03706
03546
03497
00174
00177
01159
03708
03723
04083
06173
04487
04773
02385
03800
03802
03741
02069
04070
02414
06183
02034
02034
02031
02031
02032
02032
03833
06180
05979
01201
01201
01187
04567
00179
00180
03500
03784
04069
04653
04652
03797
04069
01056
03885
00337
03581
01926
03111
02035
06209
02035
02035
02035
03177
06297
03734
07699
04562
03584
06023
03589
07258
04485
09811
05366
05350
09013
02529
04487
03924
02031
03856
06208
07106
03497
04758
04486
03572
04769
06012
06019
00772
00701
01582
06148
06148
06148
06148
06148
06148
06148
06148
02009
05810
03710
04758
01992
01990
03527
02003
02004
02003
01992
01990
01992
01992
01990
06153
05896
02529
06317
05311
01992
03604
05520
01620
05337
02068
01449
03406
00338
05837
02499
00333
01977
01985
01985
01985
01985
01980
01980
01980
01980
06391
06390
05946
06374
01977
01977
01977
06409
03671
06436
06334
06333
07560
05878
06438
06346
05739
05515
06384
06399
06397
06396
06395
06394
06393
06392
00331
06284
03407
00954
07460
03406
03406
03406
03406
03406
06381
06405
06385
06406
06402
06283
06382
06024
02483
06313
06387
06385
06378
06379
06398
03413
03427
06383
06726
06962
07090
06967
07075
10231
07015
06889
00872
07107
07137
07138
06714
06407
06412
07216
06413
06416
01258
07646
01975
07175
06969
08384
07090
06942
07076
07076
07076
07095
07095
07082
07777
07220
07160
07105
07652
03386
03386
07079
06973
07456
07636
07706
07063
06878
07053
07282
06960
07335
07098
07301
07112
04076
07237
07718
07720
07717
07719
06949
07646
07442
07450
09729
05879
06941
07447
06897
07238
07150
07009
07030
06864
06898
07088
06215
07088
08681
07533
07056
00602
07057
06934
07010
06925
07037
04517
07403
07042
07007
06603
06997
07001
07321
06871
06871
06871
06871
06871
06901
07027
07061
07258
07391
09903
07052
07052
03431
07462
09762
09766
01992
09155
07038
04759
06168
09706
08999
01081
01119
08963
10543
09000
08998
09776
09001
05995
01419
09685
08982
08982
08303
08315
10439
09787
08591
09748
08303
09384
09812
09769
03571
09127
09117
09133
03711
08972
09825
09770
09014
10773
02221
00970
09747
03498
01266
00783
09710
10546
10112
09773
10547
10548
09764
09749
02825
09772
08602
08641
00648
03568
02503
02241
07478
09165
01952
07590
07738
07722
07723
07727
07584
07742
07571
07496
07566
07568
04075
07576
04759
07588
02016
13038
00528
00528
00763
09458
01154
10441
10440
10439
11189
03688
01874
10441
10440
09816
09817
09815
09696
09697
03798
07462
08483
03148
07668
03569
00174
00176
03797
01571
11145
06958
07090
00821
01104
00812
00812
07704
07705
12137
12141
08301
02761
02614
01912
06183
02283
11175
02315
01571
04564
03412
04651
00639
00965
04042
02824
12574
01890
11755
06013
12960
01779
00790
12410
12410
06871
13292
07258
13019
01897
07658
03524
12139
12140
11717
11753
07213
01572
07053
13282
02347
06416
12373
08309
12573
12511
00805
03154
00805
01534
11754
02217
02224
01537
12510
01537
01491
09457
00620
13789
00040
11261
15771
09698
14228
13993
07720
09251
01426
14232
14237
14233
00965
01622
14224
14224
14235
14220
14220
14220
14219
14228
14230
14232
14225
00634
13626
06929
00941
14225
14225
14233
14230
14230
14225
14223
14228
14233
05364
14218
14218
00974
14236
14236
04078
14223
14226
14228
14224
10907
00015
14230
07236
14222
04720
14231
14231
14441
07235
14234
03406
14227
14219
14219
00003
01524
15035
14234
14237
14237
14232
14229
14221
14221
14219
14229
14229
14228
07075
14233
14218
14234
03501
14540
11749
03086
03088
03088
00756
02428
06177
02806
14742
03324
03215
15342
14415
15580
15581
15580
15580
01178
15582
07130
02594
15778
15986
15987
07464
07464
01849
14237
01223
16329
00851
18014
15580
16328
02851
16785
02032
02025
16786
16787
10118
16785
10119
10119
10118
16788
10823
16789
16786
16787
15583
02031
15772
10117
13015
15770
07012
16928
16898
16881
02009
11991
02003
02003
00196
16899
17241
10439
10823
02029
17734
17242
06881
01992
01992
01992
01990
17243
02028
17312
17313
17311
02030
02796
01990
01990
05601
17686
17758
17759
17865
17828
17752
17763
02027
17762
17734
02171
09022
18013
17898
17899
17992
02172
21469
18011
18012
18331
00334
18332
03742
19076
08744
18672
22305
18640
18707
18682
07171
05342
06147
04940
03790
06147
01872
03526
18979
00783
19141
19142
19091
19221
19221
09951
19091
19143
19090
05881
19075
00354
01990
01990
01567
01992
14086
01992
04771
19405
19302
19411
21400
07001
15830
19814
19955
21619
20074
12132
21636
18890
18889
20885
20885
01208
08968
21416
21417
21417
22044
21416
21405
21399
21471
21576
21577
10914
21600
10671
21672
21947
21929
21947
21993
21903
07456
22278
01585
00797