02026
06287
09761
05825
06180
08352
03530
03711
03711
03711
05936
04042
01465
00609
03568
02340
00252
02653
03856
01945
01611
03466
01151
03565
03500
00286
02838
02357
02967
02435
01883
04083
03529
03664
03523
03667
02033
03405
03593
02687
00958
02035
03154
03149
03147
03559
00019
01996
02600
01893
01876
01892
02018
02020
00013
01681
01489
01752
03596
02016
02015
02013
00059
03709
00681
00641
02033
01338
02050
02049
02051
01056
02005
01999
05831
03609
01848
03070
01409
02316
03655
02122
02119
02121
03980
03547
03797
01807
03564
02057
02056
03752
03572
03555
01999
01997
01998
01995
01996
00655
03786
02469
03926
03100
01448
03525
02662
02664
03977
02968
02199
02198
02197
02195
02194
06196
03657
03784
05979
03701
04094
02500
03424
00240
00239
00242
01990
02996
05826
05827
00241
00265
02314
03455
03695
03687
04043
03798
02355
03924
01719
03631
03703
03469
03521
01740
02029
03499
03570
01990
01992
00117
00384
00384
00390
01649
01649
01638
01662
01647
01752
01754
01734
01733
01738
01749
01735
01736
01736
03182
06208
03116
03118
02010
01653
01652
01997
01703
01704
01902
01903
01880
02520
02887
04564
01679
03783
04074
03665
02433
01897
01996
01784
00231
03179
01955
03544
03624
03282
00161
00151
00483
01999
01997
01996
02614
01912
02618
02612
02611
02610
02609
02026
02025
02027
03594
00632
00847
00135
02003
02004
02884
02860
02959
03106
01849
01848
00901
06217
02335
06213
00793
03628
03925
03438
03587
01929
02563
03589
03590
03531
01159
01695
01696
03465
02056
03625
02160
02356
02275
02956
00962
01992
04767
05539
02650
03650
00162
02030
03787
03775
06199
04486
06176
04567
02275
02824
03218
03550
01956
04078
03629
02036
02038
02037
02040
02913
03073
02601
02867
02863
02990
02963
02939
03801
03177
02935
02864
00325
00324
00324
03470
03686
02945
02456
06183
02039
02836
04761
04096
03595
01881
03750
00343
00342
00341
00340
00339
00338
00337
00336
00335
00334
00333
00332
00331
00330
02528
03168
04066
03705
03320
03216
03101
02902
03639
02233
02188
03394
02189
02227
03787
03497
00526
00525
03088
02016
02013
02015
02016
03292
01998
01995
01998
02063
02064
01628
03046
03043
02372
03569
03553
02025
02003
01658
01657
03183
02057
02057
02343
02027
02026
09013
09015
02026
02025
07494
09811
03551
03798
01129
02078
00648
02911
02501
03110
04767
04768
03217
01995
01996
02035
02033
02034
03820
01589
01588
02437
00282
00283
03086
02027
02004
05772
05710
03402
03060
00809
00639
02470
02897
06187
03439
04063
02012
02011
06173
02034
02035
01585
02523
01926
02879
03040
03702
03575
03186
02835
02343
00174
00175
01889
03497
03496
03501
03495
02313
02338
02434
02669
05810
05773
02986
02948
02952
02919
02518
03076
02876
02907
02988
02881
02933
02994
02954
02931
02895
02874
02961
02904
02878
02982
02890
02965
02886
02892
02926
02906
02946
02358
02358
02992
02950
03310
03928
06206
04069
03621
03671
00185
01963
01624
02669
03979
02899
02888
03637
03151
02058
03704
03704
03437
02654
03111
03644
00167
00166
06178
02337
02502
00525
04751
02224
02232
02025
02291
03292
03517
03734
03624
03522
03608
02120
02118
02117
02124
02123
03546
02663
03527
02200
02446
03672
04773
04487
04488
03741
01655
06153
01187
03975
04485
03696
01995
01997
03545
01995
01998
01997
01999
01055
01620
04077
02355
02652
00797
03723
02834
05520
01740
00104
00852
02454
02455
06346
05837
02238
05715
05350
07560
02553
05595
02428
07120
05982
06857
00954
07460
06024
07335
07173
07114
07090
07075
07015
00872
06861
07107
07442
06415
06416
07090
06969
07214
06990
06990
07025
06942
07182
07076
07076
07082
06966
04719
07107
07228
07160
06878
06960
06973
07128
07456
07025
08681
07026
07447
07397
07180
06215
06941
07304
07090
07080
09812
07238
07096
07152
07040
07133
07133
07133
07030
07213
06915
06877
07088
07164
07023
07056
07057
07086
00602
03769
14237
14232
14218
03574
07407
07391
07042
07058
07444
00974
06997
07277
06888
07061
07150
07403
06883
07052
06925
07462
07052
09903
09763
01992
10773
03592
03969
08999
09005
00783
08998
09793
00782
09775
01419
08982
08982
09137
09785
08224
09786
02519
08963
08591
09939
02492
01247
09747
05515
01147
09769
09127
08972
08369
09014
02426
09129
10563
03536
01962
09458
00794
08980
09748
08976
09710
10112
09764
05520
06381
02825
08602
06442
09759
00648
07478
09165
03296
07738
09163
09125
07742
07571
07568
07576
08223
07566
07588
10255
02616
01953
01006
00344
01719
00366
00788
00626
00099
00981
00823
01875
01854
01304
00134
00927
00970
00859
01845
01803
00058
01714
00278
00767
00937
00554
00014
00616
01262
01000
01925
01924
00075
01972
01338
00016
01480
00259
00796
01633
00940
00627
01934
00991
00919
01869
00344
00790
01518
01494
00765
00556
00826
00633
00615
01783
00459
01928
01887
01092
01817
01775
01434
01338
00975
00703
00768
00817
01077
01443
00065
01669
01823
01190
01187
10027
00820
00931
00147
00001
00930
00850
01507
01689
00873
01933
01835
00297
01839
00604
00773
00208
00845
00164
00658
00382
01940
01755
01938
01610
01810
01299
00566
01255
00020
00382
00627
00973
01939
00760
01609
01814
01873
00688
01613
01104
01619
00145
00053
01867
00052
01687
01895
01895
01895
00705
00074
01895
00761
01791
01433
01915
01809
00891
00997
01866
01897
00259
01611
01897
01937
01476
01007
01607
01756
01923
01952
01952
00764
00600
01640
01273
00948
01951
00942
00567
00058
00261
00261
00294
01921
01090
01698
01303
00943
00759
00759
01262
00948
01776
01187
01265
00939
01295
01533
01055
00057
00762
01591
00950
00758
01918
00969
01770
01724
01073
01259
01975
01091
01856
01872
01637
00766
01090
01868
01495
03738
00619
01409
00606
00059
00645
00946
00817
01693
00088
01885
01897
00800
00945
01090
00003
00104
01436
00605
01515
00564
00928
00133
01886
00626
01512
00060
00791
00876
00849
01772
01599
00046
00248
01579
01012
01358
00763
00548
01595
05934
02304
09940
06042
03116
09981
09696
09697
05813
03594
04763
11105
03561
07586
01890
02666
00666
05946
06969
01462
11754
01625
14393
01916
02237
03075
10819
11068
04075
00812
11473
11717
00031
11472
12574
11755
13292
00620
06958
11071
11069
01515
12410
12257
13016
13019
00611
05516
11752
11072
02303
03524
02303
00595
11753
02493
03654
01952
01243
03431
01874
05947
02549
00027
08296
09000
11754
02347
13281
01534
13038
03636
02503
12503
03655
01491
00318
12573
05921
07104
13853
01934
13640
00024
01961
13789
13993
06168
03588
07099
09251
07516
14228
14234
01622
14228
14220
14229
14228
03571
14228
14233
14233
13641
00632
00666
12944
14221
14234
14224
00830
14225
11070
00941
07075
14228
01977
01977
14223
14218
14224
14225
14230
00446
00965
14219
14236
06881
14222
14224
14223
14231
14237
01980
01980
14219
14219
14219
14232
14441
09808
14225
14225
01524
02017
14234
01985
01985
14227
14230
14230
14237
01537
14218
14233
14233
14229
14155
14232
01011
01011
09816
09817
09815
09002
16329
00015
14226
14652
09022
02533
17758
17759
06142
03297
14235
00184
03611
03929
02342
15342
15408
11175
15635
18672
06929
02428
01069
01692
14415
05824
05828
05829
05830
03298
15772
15866
05606
18445
07001
00254
07494
16793
19117
15771
05813
15770
16792
08084
10238
10237
02034
03738
09972
02027
10236
02274
09810
02193
07091
11720
13993
17225
17686
17223
17223
17227
17316
10823
15878
17317
17315
08738
15583
17218
17222
17224
17226
17222
15879
07649
01992
01990
01990
10112
01192
18682
11749
00249
00356
00329
13282
00951
00303
18335
19033
07736
08884
00874
11782
22490
08591
07001
07025
07063
07101
03584
01999
07658
07814
06966
18285
11785
11783
02529
00102
03153
00949
03742
19139
06980
02433
05592
05808
01992
19076
13993
13993
03154
05896
06916
02052
18707
07012
18929
18928
03790
01872
00820
00754
03526
09951
16149
07464
07464
19142
19119
19138
07448
19141
19221
00798
19091
00484
19140
19091
07016
09951
19118
07317
03498
01992
02483
07080
08982
09117
19686
19687
19689
19689
13015
09796
12132
12132
01208
20074
18890
18889
20810
11529
11751
20896
00971
21029
21142
22044
21600
21600
21567
07062
10914
03215
21947
21929
21929
22136
01463
21903
22205
00467
22187
01870
02257
00789
00590
22492
00590
22502
22491