18923
02226
18979
07012
17230
03297
03585
18138
03321
07464
11741
19124
02409
02408
02410
02411
02412
00382
14261
00003
06133
06959
07040
02911
03621
00645
00059
02078
09458
02619
07082
00943
00648
02341
02676
03424
03808
06192
03407
03406
03408
03410
00575
03411
03412
03406
03408
03412
00575
03413
03407
03413
03406
03406
03112
02557
02556
10941
08482
08481
08481
03580
01515
07657
07636
03306
07220
05788
02945
00945
03406
00800
03802
03406
03413
06147
07282
02415
02416
02417
02418
02419
02420
02421
02401
02400
02404
01960
03498
03499
09801
03613
03612
03614
03615
03616
03617
03803
07646
01548
01547
01546
03924
07243
03112
09947
07338
02453
02669
02386
03415
00575
02387
04562
02405
03413
02388
02389
02390
02391
02392
02393
02394
02395
02396
02397
03414
03407
00791
03666
03665
04088
04087
09937
03412
02502
01939
02556
03406
02557
03408
02414
04061
02399
02398
03117
03116
07301
06920
01737
00970
00606
01918
01579
06039
00703
00036
01810
07227
02456
01091
03924
03089
01079
00428
02118
02653
02652
01895
02342
07182
14393
01733
09011
03098
02356
04568
07098
00705
07180
09786
01465
01596
00859
02654
00426
00425
15738
07267
06902
05350
02413
08930
16147
02014
18829
09691
03111
00254
07491
07491
02358
05350
02014
07316
04065
00568
14230
01977
01977
01977
01090
01659
01980
01980
01980
13992
08930
08927
08927
08926
01840
01069
01990
03563
00928
01872
03565
01975
03743
06995
00568
09889
07462
02003
02005
06980
05527
03310
02422
06603
02407
06603
02406
04758
04759
00640
02591
06949
07089
03325
00651
00768
03427
01154
01153
00278
03088
03597
03598
03803
03596
03100
03685
03584
03474
07574
01835
04079
00939
09920
13643
07320
03545
01358
03839
03655
07341
01940
04485
04652
04651
02017
06188
03618
06282
06281
03269
08223
03608
03609
03610
12262
03284
07114
08218
15987
15257
15256
00937
01524
01585
14682
02667
01251
00297
00759
00772
13283
01070
06957
00573
16299
03544
01338
03530
03770
03521
03522
07114
00831
03406
03749
03558
00764
10764
04078
04077
13993
03656
01159
03550
11472
11473
07568
11927
03524
07043
01153
01154
03427
07733
04764
01890
01889
02887
02916
02520
01868
01662
01601
01602
02503
06187
09747
02343
00930
13038
03630
06915
03977
01892
15539
02656
06941
00940
07093
03803
02596
02592
02587
00990
01265
02967
02357
09903
02838
00806
00981
00099
11749
07277
06142
02536
02372
00677
00748
03470
02652
00766
01609
10914
07397
01611
06134
11473
02871
02996
03820
02558
03186
05939
08311
08484
01491
05951
02569
05591
03529
03528
01972
03782
02471
00975
07457
15342
09127
01676
09915
14441
03527
03525
00796
03814
05366
09781
07552
03813
04078
16092
00768
02233
02238
09928
09808
07091
01256
04762
00826
00982
01792
04748
03551
01772
01060
07302
07303
01626
00240
00239
00241
03925
03152
03797
03071
00057
03216
07712
07708
01915
03585
03585
04748
01595
02588
02586
02591
02593
00688
09969
10716
01754
10563
01912
01953
04561
07659
04653
04654
04655
07726
07153
00566
06049
06990
08309
13256
02621
00031
03704
06891
03694
00383
00845
07278
09800
02517
01649
03631
07095
06929
00411
00950
07114
02406
01790
01709
00978
00432
00528
00958
01147
00208
02033
02034
01419
01953
02020
06889
07397
00573
05820
01736
12340
07019
01674
03752
04080
01012
00652
02170
02169
01935
03624
01955
01956
02119
02123
02124
02121
02117
02118
02120
05794
02528
00616
05564
05563
05562
05561
05560
05559
02355
13590
01673
07152
03737
03789
02433
02435
03569
03570
03571
05515
05837
08305
03642
07258
09158
03801
01885
00773
13993
00077
14218
14218
14218
01156
02227
05936
13796
13795
05895
02455
13541
00655
03394
06042
03273
01879
01878
05805
02338
02313
03657
02945
01647
02662
02665
02666
00891
01735
00266
02670
02670
02453
00658
00164
01414
03182
09803
06871
07491
03695
04761
02044
07139
08303
06076
00765
13590
03670
03669
06190
09780
03769
00058
14170
00817
04517
02039
02585
15790
02671
02672
02673
02674
02655
01638
03548
06076
06193
04085
02302
05795
05795
02451
06213
06985
02448
03969
06147
07673
03701
02841
01920
03734
03832
07735
07447
02825
00609
01465
02670
02669
01588
00973
02462
01790
00067
00567
04763
09767
03981
03555
00411
00412
00413
03599
03600
03575
05592
03618
00858
03705
03687
04043
03686
00215
08307
00033
09791
15342
09015
09013
09014
06996
07113
03926
04084
03786
02160
01961
02687
01156
03557
00602
00677
01945
07102
04744
04758
04758
04759
07034
01142
08226
03644
01823
01601
08926
08927
08926
08927
08929
08928
08926
08927
11335
11334
11333
01589
03060
00942
00989
02428
06997
00286
02221
09131
09792
00762
07265
08963
06923
11753
05365
03386
03578
01874
01903
01902
01950
04751
05807
02906
02926
02892
02886
02965
02890
02982
02878
02904
02961
02874
02895
02931
02954
02994
02933
02881
02988
02907
02876
03076
02919
02952
02948
02986
03040
02879
00974
04748
01601
01807
02569
02568
02574
02573
02567
02570
07673
01953
14225
11754
01963
01695
01696
01817
06173
08086
00133
00052
01704
01703
01875
12262
02004
02004
02003
02005
03711
06186
09801
03308
03431
03798
02427
00384
09919
00684
02518
09790
09710
03640
03641
03560
03562
07107
02217
09457
01255
11720
03424
09912
06142
09794
15987
03734
07028
05539
00605
02437
00282
11065
00283
00901
09811
09812
03110
13924
00954
02454
03536
08998
15396
01092
02406
02551
02552
03776
01207
00760
09748
02600
02519
02834
03177
02956
00962
11074
11075
11076
11073
01663
03737
03615
03614
03612
03613
03617
02641
03753
03500
00604
07031
03271
07282
13668
06949
13288
01633
08591
01409
02970
09117
03086
07001
03650
07726
03406
01759
09933
06911
03593
01719
01749
03217
09862
06966
07001
03655
01154
03427
03664
01803
03075
00330
00331
00332
00333
00334
00337
00338
00339
16300
03406
06946
02839
07262
11068
03745
03711
06281
06282
04567
02014
04774
07305
01613
03639
02012
02011
02010
02474
02837
04773
01091
06179
08300
06986
01104
02655
08084
02671
02556
02557
02536
01438
07054
06131
01755
08083
07052
02355
06910
06041
03270
11719
01572
01571
01573
05367
03628
03671
03732
08312
00029
03554
08679
09815
02077
02017
02018
02020
02019
02019
07278
09800
11717
04080
11898
13623
13622
01666
01647
07126
06147
02039
03406
01091
01591
00963
11179
11180
11181
07235
07236
07237
11179
02224
06001
03406
07395
01425
13634
00380
00381
00390
11903
04765
15034
06149
02004
07491
03672
05838
04075
01962
12251
09858
09116
00595
03576
00549
09765
02224
02189
02013
02015
02231
00548
02232
02228
02004
02003
07234
11179
03704
17229
03782
03688
03690
03183
03667
00969
02040
02036
02038
02037
02040
02040
00688
00625
00925
00208
00147
02340
03643
01869
03696
03771
00097
05586
05588
01512
03809
10763
01933
11175
04083
06024
05896
01867
07053
03406
05341
00847
00696
03561
03832
11179
03320
02007
06915
07722
11337
09846
13789
09845
09844
02291
03581
03582
03583
07075
07114
01624
00873
00927
00134
00615
00789
03406
07117
07733
13017
01462
04096
03747
03168
07566
00574
02225
06987
03611
06199
15383
01523
01496
01814
01693
03304
00029
03499
03498
00931
03979
02899
06180
05810
03567
01462
03797
01919
00322
10773
03978
03637
01507
03185
01262
09895
09888
02584
03617
03616
03615
03614
03612
03613
09801
12297
00382
00850
00627
00163
01356
09941
01991
02472
02594
02595
02597
03769
03544
06178
07478
03634
03466
03704
11900
11901
11902
11906
11893
11892
11891
11890
00620
03070
02535
03531
03590
03589
01921
00075
01924
02563
03588
01925
01000
01929
03587
03586
03438
03925
07056
07121
07460
03777
02116
03501
03495
03924
14267
00674
01439
06940
03271
03702
00812
06942
01092
07126
01434
00228
01783
01091
01657
01873
07454
07458
03703
02461
02460
02459
02458
02457
02456
03427
01154
07043
01338
01599
02069
03439
03149
03154
00975
00700
09768
03635
02470
12141
12140
00797
03620
06281
06282
01775
07178
01649
00655
01928
01776
12267
01887
04066
08296
03561
11085
00912
00979
14393
01495
00053
01653
01652
01881
01716
02339
03799
02305
02227
03404
03405
07115
06189
07042
06168
04069
04754
09973
02055
03683
07390
01953
04564
07184
06894
12073
03307
08303
01681
01756
07787
07798
01494
09125
02040
02037
02038
02036
02039
09700
06897
01006
02196
02195
02194
02193
02200
02200
02199
02198
02197
05844
03101
01870
00817
00013
00765
00790
07122
07323
02067
02066
02065
01720
01779
00783
06287
08301
03568
02040
03406
03413
03407
03406
03408
03406
03408
00575
03411
03412
03592
09701
00574
13745
03592
03568
03841
07304
04069
01908
01845
00788
00941
00145
15724
01866
00014
01698
01665
05516
00340
04656
00341
00342
00343
01714
07287
06282
06281
11312
00721
03517
01081
08307
03469
02342
01937
01627
01689
05589
00104
02939
02963
15342
01525
06195
04562
08310
01876
00600
07738
11752
00793
14652
00794
03625
00946
09918
00406
00405
00404
05570
05571
05566
05567
05568
00342
00337
00331
00332
00333
02990
03567
03564
07175
12339
02415
03412
03406
03411
00575
03408
03407
03413
03723
07491
06207
07560
01883
03189
03188
03187
01428
01429
01430
03190
03768
03406
03272
03406
02527
07182
00688
03654
02469
00831
09921
03733
00179
00180
01912
01912
01911
04036
13991
03428
01586
04037
01778
03403
04039
04038
11336
04040
10960
03579
07491
00873
03648
03980
02968
05847
13292
03787
00573
06194
03087
04487
13819
02597
00925
13788
03651
01770
06176
06969
03701
03218
12573
00325
00324
00324
09773
01669
06153
09160
03316
02040
07001
01058
05569
05570
05571
05567
03758
01478
03312
09774
06861
03092
05808
02806
06023
06958
02821
11189
08483
06213
03183
02078
00647
03601
03406
00088
01951
10680
11105
09913
11907
11895
11896
11897
03616
03615
03614
03612
03613
07461
07491
05569
02337
07058
07285
00767
03806
00569
00569
07285
13626
00615
01007
03673
00615
01601
03210
03072
03074
10804
02004
02517
13643
00640
00991
00860
02117
02121
02124
01687
03118
07261
02123
02120
00275
01637
02553
00906
06925
03106
07259
00855
01448
00820
03617
03572
01894
06204
02548
01661
02450
02067
01575
09817
09816
09823
01737
02902
02913
00703
07157
13628
01886
02426
03814
02668
00981
00394
00395
09761
02487
06596
02660
02659
02658
02657
01923
08305
03655
03179
03673
07225
02493
02835
02492
00919
00948
02897
01056
06076
00012
02358
03073
02601
02867
02863
02864
02935
03043
03046
02950
02992
02355
02946
02888
02523
03406
05838
13924
03642
03636
03750
03638
04042
03775
02114
02112
02115
02111
02113
02109
02110
02108
02003
02004
02434
00023
00626
03821
07088
03561
03832
02016
02020
02018
03147
00688
06158
07391
09806
04752
03320
00797
16012
16013
02959
02860
00554
02884
01141
03215
00975
15633
00833
07660
07637
07316
01156
06916
03602
00795
09007
08680
06203
01740
01784
09159
00240
00239
00242
00241
02622
01952
11179
01057
04653
14223
14233
14228
14231
11959
11960
02473
11961
07684
14228
14237
14221
14233
14219
14224
02031
02032
14218
14229
14226
14219
14232
14232
14237
14234
14234
01985
01985
01985
14227
14227
14227
14218
14219
14237
14222
14232
01983
14233
14228
14228
14228
14220
14225
14225
14230
14223
14236
14234
14235
14229
14219
14230
14224
14234
14233
01978
11962
18828
11963
07012
05845
05846
01959
04034
04034
02030
05587
02008
02226
16915
09810
02009
11991
03559
03559
10027
00265
14742
03574
02006
16885
16886
02003
16887
02778
02779
03417
08316
17226
17227
00184
01992
00185
17229
17713
17218
17218
17103
03559
00951
17222
17224
01897
01897
17229
17223
17230
01992
03574
02066
01990
01990
01992
01990
01990
05601
00821
01533
03671
00226
05540
07684
01791
03892
07263
07263
17763
01658
17838
17758
17759
00018
17762
17752
03734
17752
17838
18138
00436
17938
07814
03719
07814
07814
07814
07814
07814
07003
18148
18138
15669
00329
00356
18007
02614
18143
18144
03585
16011
03605
03605
03605
00523
03407
08927
08927
08927
03802
03116
07090
02653
02652
03711
02768
08483
11183
08927
08927
03414
11179
00703
01674
04077
07638
07126
11179
02909
00950
02016
17229
01993
03642
03286
15724
03112
03529
08927
08927
03499
01953
07114
07114
00768
07315
07814
03406
03924
01259
02071
07814
07001
03532
08084
01652
03406
03798
00846
06985
03466
09816
01934
05337
04062
00018
04764
18301
11912
11912
02488
11904
11913
18480
05521
00681
02664
02663
09796
08744
18707
03427
07171
07172
06218
06218
18829
07171
20862
18778
07316
09892
07171
18800
02847
18828
07339
07171
18843
07171
18841
10747
07171
12058
12060
12061
12062
12063
12067
12068
12071
12070
12056
12072
12057
03169
03646
05792
18841
03496
03496
05791
05792
05793
03111
18842
07473
18829
12057
12072
12056
03497
03496
07724
07724
03496
08722
07483
07483
07483
19055
00335
03526
18997
19046
19158
19175
19168
09951
19123
07448
19170
07448
04772
04772
07061
19123
19126
07171
06992
16291
01865
00590
07012
19157
00571
19171
01710
07319
22452
22452
01621
09951
19124
01139
22468
22468
00336
19125
19126
19125
19046
19076
09951
00020
03722
04771
01992
14086
07497
07497
19416
18240
19302
09690
09690
09690
20074
07216
07216
21308
00525
07645
02650
02650
17686
19713
00992
12960
19664
19687
19696
07666
09691
00995
03616
19810
21636
20074
11751
21420
20074
12132
20074
00507
20444
20444
20444
09691
11529
20881
01214
01214
02014
14088
21071
20978
01768
01768
21025
21029
21024
20977
00526
21231
02335
09882
09882
06919
01520
03676
06919
09882
03553
00287
06217
02316
06919
02314
00560
06919
01185
01139
02481
14089
14090
21307
21309
05710
07005
02483
14091
05364
21470
21498
01420
01420
07334
21498
21495
21563
10026
21703
21563
21694
00344
21929
22010
03741
05802
03741
22132
03595
22205
22292
22300
00611
03181
22405
01337
11206
03389
00424