06180
02871
02996
02528
02836
00609
02283
03602
01710
01652
01653
01790
00973
03183
00805
00528
02013
02015
02015
02548
03043
03046
00088
00858
02939
02963
03111
02990
02902
02913
02954
02358
03070
02033
02034
03601
02031
02032
03536
03684
01736
02313
02338
02470
02469
01840
00382
01589
01588
00067
01929
01990
01889
02887
02916
02520
02519
02600
02437
00874
03079
03496
03497
03531
03801
00655
01662
03078
02897
02355
02992
02950
00526
01142
00793
02341
00943
03168
02283
02935
02864
02863
02867
02601
02549
02314
02566
03313
01892
00162
00970
03631
06187
02834
02335
02340
02619
02343
01719
03217
00567
03703
01626
03629
03664
03975
03977
03588
03551
03550
03655
03469
03702
03701
02493
02108
02110
02109
02113
02111
02115
02112
03596
03799
02259
02114
02956
00962
02435
02433
00796
00950
01633
02911
01997
01998
01995
01996
03110
02946
01754
02906
02926
02892
02886
02965
02890
02982
02878
02904
02961
02874
02895
02931
02994
02933
02881
02988
02876
03076
00939
02518
02919
02952
02948
03040
02879
01262
03101
02483
00658
01255
03086
02470
02469
01873
01870
02888
02899
03106
02959
02860
02884
03100
02967
02357
02838
00981
02835
02434
01808
01657
02237
02986
02356
01956
01955
03060
00971
02040
02037
02038
02036
01883
03218
03424
03118
03116
01883
02909
03075
02945
02316
02968
03074
03072
03210
00163
00645
00648
02078
02276
02274
02275
02563
01925
03438
04763
06207
03593
04077
06131
03648
01749
04078
03786
02116
03798
02337
03466
03624
03544
03628
03657
03644
03523
03595
03685
03696
03744
03925
03553
04043
01159
03723
02551
03709
03587
03890
01056
03783
03979
03465
04047
03891
02016
02016
04096
03889
02552
03177
01664
03584
04092
01992
04566
04487
01999
09009
02003
02004
01990
01992
02035
01990
09811
05710
03527
00525
06173
07459
03704
01980
01985
01977
06153
06148
06148
00872
07460
00954
07082
07156
07245
02351
07107
06942
06960
07442
07447
07399
07177
06215
07284
06999
07009
08681
07258
06925
07042
07048
07386
08194
07391
03431
09903
09762
03687
09761
09013
02492
09458
01802
09812
00867
09118
09014
00794
10546
09760
10547
10548
09772
04042
07738
07736
04075
09125
01918
00088
01951
00099
01937
01923
01661
01911
01809
01840
00820
00919
01409
00760
01495
00800
00790
00057
01921
00382
01775
01775
00033
01520
01358
01358
00940
00969
00554
01142
00003
01733
00566
01972
01916
01256
01869
01872
00014
00891
01735
01465
01591
00942
00789
00604
01783
01887
00036
01810
00616
00615
00059
01462
01057
01507
01803
00927
00134
00859
00873
01129
00806
00951
01868
01915
00606
01265
01924
01928
01000
00845
01885
00826
00053
01687
00948
01881
01866
00549
01507
00773
00791
00995
00989
00763
00600
00605
01834
01867
00133
00928
00075
00764
01933
01945
01875
01845
01698
01772
01599
00762
01142
00286
01876
01689
01494
00627
01756
01939
01952
01952
05516
03885
00161
03733
03589
10563
11175
04564
03530
00602
12506
06980
11754
13288
07250
03282
03524
11752
01952
01874
01890
03496
09015
11753
06346
00281
15521
12511
03657
03657
01491
08281
11263
13640
00254
01958
14221
14221
14221
12503
14232
14230
14224
14224
14224
14225
14225
14224
14232
13787
14218
14233
11601
14235
14231
14231
14231
14164
14223
14234
14225
14230
14233
14226
14222
14234
14237
14237
14229
14228
02484
14228
14219
01515
02858
01497
15035
11603
14232
14230
14223
14228
14234
14218
14219
14219
14237
14227
14229
14236
14218
01011
14233
14228
14233
14220
14228
02428
12510
01091
08372
18955
18955
04517
12574
16264
11602
16783
16784
16925
11991
16870
16785
16786
16787
15580
14219
17686
17883
06221
18369
08300
08301
03574
01990
01992
03526
06168
00571
19710
12132
12132
20074
21471
05364
22010
00936
03077
02257
00728