02313
02909
02835
01808
02864
02935
02057
02057
02056
02341
00943
01046
02015
02015
02015
02967
00625
02013
02015
02338
02470
02469
02343
03106
01153
01154
01154
01154
00760
01875
00287
01091
00761
01866
02003
03070
01972
01883
03218
03110
01867
00858
01803
01689
00850
00873
03043
03046
00948
02040
02037
02038
02036
02039
02956
02902
02899
02888
00942
01938
02520
02916
02887
02946
02906
02926
02892
02886
02965
02890
02982
02878
02904
02961
02874
02895
02931
02954
02994
02933
02881
02988
02876
03076
00939
02115
02110
02111
02111
03187
03188
03189
03190
00057
02346
00384
03075
01462
00969
06442
03536
01265
02518
02919
02952
02948
03040
02879
01873
02970
01887
00927
01139
01937
01892
01876
00432
02356
01151
02968
03101
01507
02600
02519
02834
00876
02911
00945
00655
01338
03086
02015
02015
01914
00995
01893
00758
01872
01869
00997
02015
02015
00566
01870
01409
00789
03151
01428
01429
01430
02013
01881
01783
01889
00604
02622
02621
00925
00759
01880
02316
02986
02078
01255
00981
02838
02357
02015
02015
02358
02355
02992
02950
01840
01489
01262
02913
01868
02863
02867
02434
02433
02314
02939
02963
03111
02990
02884
00554
02959
02996
02871
02601
01619
00615
03168
00857
01624
03048
01885
02528
02914
02113
02113
02109
02108
02114
02112
02112
03217
03424
03495
03216
03501
00131
03529
06187
03648
03703
03438
03437
03664
03650
03700
03977
03695
03763
03621
03551
03550
03702
02340
03596
03705
03545
03798
02337
03466
00558
03624
03743
03657
03595
03978
03685
03925
03686
03553
04043
02503
06173
04567
03784
01056
04488
06213
03439
03177
03979
06023
03744
06148
06131
06147
03427
07030
07043
05896
06024
03701
03427
06967
06885
06910
06959
06878
07027
07056
07042
06949
06941
06948
07304
06942
05985
07447
09903
09762
08591
09769
09747
10563
00783
04075
00919
06180
09761
09787
08602
07478
07497
07584
07493
11189
09976
00763
02335
06179
02315
03471
03346
11072
11717
03530
13292
01874
12257
01916
01243
03687
01890
11753
03625
07316
03789
01491
12573
14233
14228
14224
14232
14225
01537
14221
14228
11070
14233
01980
01980
14218
14219
14220
14230
01978
14231
01985
01985
14236
14237
14229
14234
14219
11069
01977
01977
14225
11071
14226
01983
14230
14230
14223
08602
14227
14235
14229
14228
14222
14219
12574
14540
15383
15581
15582
15460
15580
15633
15583
03671
12574
16786
16785
16787
10823
15035
01992
01990
17686
18682
18692
01992
03584
01156
06881
20074
12132
20265
21064
14238