14233
14233
09796
18923
12066
00632
02226
00950
01894
01809
01809
00970
10109
06204
19416
06206
09910
03579
07001
05365
01682
16962
04752
02012
02011
02034
02344
01338
03789
08303
03824
03981
03624
07574
03798
00796
03431
03075
09748
02600
02519
02834
02956
00962
05803
01150
03630
01845
15724
01866
07259
10910
16961
06941
15539
01892
11753
01870
03101
03774
03527
07106
09001
01207
02478
01626
14187
08309
03720
03210
03072
03074
15396
13643
04487
04082
04044
04755
07751
00940
02837
05590
03311
02836
04567
03573
08311
08484
13292
14170
05809
05807
06180
05810
03695
08303
03554
07636
02040
01524
00937
02037
02038
02036
02039
04761
01638
01637
07568
00773
03977
03601
01951
01252
02363
02361
00216
02016
02015
02015
02013
02362
03310
00285
10253
07702
07700
01573
01910
01646
01644
01643
05964
09964
03437
07137
03717
02968
03980
02402
02403
00638
00638
02010
12373
02033
16013
08720
02342
02427
03177
02035
00564
11065
07154
15460
07657
06201
03386
00088
07034
01572
01571
05966
05524
14683
11069
10117
16012
12543
01092
04488
13628
12531
12530
12532
00974
10110
07491
11741
12942
15835
01881
02909
02919
10939
18136
02672
09768
06175
02556
02557
10909
10916
10911
10912
03631
11991
03664
09801
00858
03687
02671
06186
01840
01662
00795
03151
03602
10108
01840
04043
03686
02655
08084
01952
08483
02784
01639
08086
01759
03613
03612
03614
03615
03616
03617
02806
01104
01782
04774
07052
06910
11085
02238
01989
05832
05833
00652
11689
11688
07343
00219
01424
07305
00569
01489
06179
02200
07338
03451
01222
03478
09815
00241
01835
10540
10541
07793
10943
10942
06603
01439
00127
00124
06857
02030
02030
05812
03406
02005
02004
03406
00575
00575
03286
01885
12373
03406
10563
12984
01679
01785
02004
06970
02004
06183
03406
07025
01387
06177
01760
02571
06212
07263
07772
07343
00135
03442
02806
01788
03560
03768
04067
03406
03406
02665
03406
08992
02446
13283
07640
03317
08305
02549
08680
02552
01488
02619
00059
01719
02193
03718
01262
03148
03711
00647
02414
04085
03406
03548
03406
01409
03087
02033
02824
03406
03406
11751
09806
03406
03406
11069
11069
11071
11072
03796
11392
05844
07167
05814
05815
05816
07186
03784
00758
01619
03317
01243
02035
01119
04763
02653
01515
03704
02450
04765
03803
01934
00058
06177
09022
02067
03406
01507
07304
02004
01119
02348
07019
09898
10914
07004
00244
00245
00247
01826
11105
01082
02463
02454
02441
03406
06149
03747
03499
03498
06377
02116
03498
00230
00383
03835
03924
12266
05916
03704
03778
00364
11927
00969
02016
02015
02015
02013
09956
00925
03078
03477
01667
09954
05570
05568
05565
01525
08476
08475
08478
09998
03757
03406
02014
06445
02342
03299
00851
02004
01176
03406
00867
03406
07283
03409
03406
03469
00674
03406
00101
12279
12280
12281
12282
12283
12284
12276
12278
10925
10924
10926
10927
12285
12286
12287
00769
02342
07182
00380
03316
00548
01478
00567
00830
02564
03406
09702
07491
00882
01081
05794
14761
06934
02010
01011
00616
07120
00058
03406
03406
03406
03406
03406
03326
03307
02569
02428
03406
02010
00626
02017
10000
01515
03406
01784
02004
05994
01480
09749
03406
00575
01724
01585
01907
13636
00639
08234
04477
00033
07227
00657
03769
13590
03406
02798
02799
02800
03810
03406
02858
03756
02035
02033
03406
03406
03743
01571
01572
07263
03406
07258
01674
12961
00700
09909
08974
08676
03784
06078
02014
06177
10440
00852
02843
00884
00939
03635
03593
15582
07393
01580
03748
00027
07126
01479
03442
07305
03406
03406
02342
07182
03406
03406
01226
03606
07258
11179
12542
07497
07497
03111
07497
12541
07497
07497
15984
09607
07114
07114
03406
03317
03320
01258
07792
01916
02821
03476
01176
15986
01146
09691
12340
19736
03150
03149
00788
03147
06199
00014
00228
00133
03473
15461
09906
01736
07320
02401
02421
02420
02419
02418
02417
02416
02415
01754
01878
01879
00835
04080
02470
03629
02338
02313
02914
03536
03217
03650
06205
07287
01714
03567
03564
03809
09938
01627
02493
02835
02492
02494
00919
02521
00053
03656
02034
03412
03408
03543
03446
01299
03310
14058
14055
09792
09926
00406
00407
00405
03797
03607
03808
06987
03308
02346
05952
03734
00351
00350
00349
00348
00347
00346
05527
07286
08218
03088
07157
05517
00077
03152
01766
02426
08304
14682
03581
03582
05813
02444
06878
02529
07240
02355
04485
01079
01839
03424
09861
03310
03648
01151
01733
00872
12524
02553
07773
07648
07139
00266
00266
03415
01955
01956
00215
03070
02535
03531
03590
03589
01924
02563
03588
01925
01000
01929
01928
03587
03586
03438
00382
00627
00163
07462
03981
03840
03806
00767
02652
02654
00859
03837
03651
09920
03272
00982
07220
03306
07184
02451
01689
01937
03215
07678
00997
03474
03584
03685
03100
03596
03598
03597
03088
00278
09159
06980
03185
09895
09888
01807
01653
01652
01649
00052
01703
01704
11720
07091
01255
02339
01873
03580
07175
00611
00609
00610
00655
00790
07122
07323
02066
02065
07301
06041
03270
11719
09774
06861
02063
02064
03186
02558
03841
09800
07278
07109
02003
09950
00860
00957
05591
07269
03773
02879
03040
02986
02948
02952
02919
03076
02876
02907
02988
02881
02965
02886
02892
02926
02906
02946
03218
12573
07014
01939
13051
03775
07070
06158
00855
06447
00673
14441
01867
01091
01783
03112
01735
00891
00930
00145
01438
01595
00640
00057
03071
04568
00246
02356
04077
04078
01803
02553
02548
03667
01419
04066
02909
00029
03764
01744
07791
04084
14393
09125
03060
03655
07638
07659
04760
06959
02170
07400
08312
02462
02461
02460
02459
02458
02457
02456
02455
02453
01776
14645
00322
03089
09811
09812
03110
08993
04047
05834
08985
01698
03424
02439
02415
03181
03179
00631
01356
03327
00428
03118
03117
03116
03688
03690
03183
09760
07007
06144
02217
07566
01588
01589
07479
04096
01462
00604
03500
11068
09896
03673
07391
01652
11258
00826
01687
03495
03501
02108
02110
02109
02113
02111
02115
02112
02114
04042
01825
07115
01414
03657
05786
03654
02013
02016
02015
07106
11191
11192
00404
03271
08307
04751
13727
04075
01962
02337
03470
00748
00677
02372
02536
06142
07277
11749
00099
00981
00806
02838
09903
02357
02967
01265
00990
01095
00946
03625
00794
14652
00793
03583
09918
07234
02227
07090
09862
02621
02622
07000
11752
07738
00147
00931
11926
11750
06901
01690
06145
03557
02687
01961
02160
03786
01895
05820
01524
03732
03671
03628
15633
14445
01613
06949
13288
06925
01448
03572
00791
03666
03665
04088
04087
05539
00381
00390
00928
13009
03701
00963
07080
03402
00024
03758
02523
02888
02899
03979
06195
02528
00097
03771
04744
05801
13895
13894
13893
06996
00975
08325
00111
00112
00113
00648
03672
09999
05805
00892
05592
01147
02040
06876
09891
00847
05787
01945
00602
03765
09939
01625
02003
06076
07275
07262
03182
05368
00998
00075
03524
02358
03073
02601
02867
02863
02864
02935
03043
03046
07740
03426
01599
03832
03561
02016
02015
02013
07140
01465
03212
09781
09937
03745
07235
07236
07237
02950
02992
02355
02192
03594
02990
02686
02963
02939
01775
01810
09823
06911
09913
03303
03569
03570
03571
06287
08301
03568
09893
13529
15977
09897
05775
02024
01626
08306
03575
03439
01425
09131
02221
00286
06997
02669
02670
01866
07447
07735
01920
09761
13821
00275
03412
03411
03408
03408
03098
09803
06996
03098
09962
03823
03098
02048
07341
02769
02770
02768
11183
03435
03547
03281
07667
03116
06193
00324
00325
09917
03113
01921
11925
09712
02011
02012
03430
00823
05306
06140
03282
01938
12267
01495
03750
00615
02442
06967
10679
07112
07112
03484
01193
00847
00111
01752
07685
07674
02572
02570
02567
02568
07783
02012
02011
03821
00023
03074
03072
07783
00873
07647
11930
01734
08281
00901
03658
00021
02018
02020
02232
09915
09802
00864
02440
09997
03924
01620
11927
08682
03834
07160
00012
02003
10804
08984
06213
04078
04077
00928
06720
00836
06718
00500
07397
00134
00425
00426
01753
01442
00060
05523
15536
00036
01057
07396
00865
02647
07226
03704
02444
03415
01638
09773
01007
03675
10680
00009
02562
07090
07118
01581
00154
03407
03413
02034
03760
06957
02040
02037
02038
02036
02048
02046
02047
02045
03565
01872
00928
03563
01573
01919
07173
03106
02959
02860
00554
02884
04691
09908
06916
02871
02996
03321
01918
00281
02437
00600
00605
01868
02520
02916
02887
07726
14540
03549
03737
07646
13896
03321
13639
00763
00411
00412
00413
03599
03600
07460
07121
07056
00760
01673
03556
00688
00705
11903
07136
07088
14445
07093
07862
07152
00457
00451
06969
01512
09972
09971
09970
09969
02304
10026
06920
07080
15736
01462
05571
05569
05567
03312
06975
01669
01354
11901
11900
11905
11896
11895
11906
11893
11892
11907
11909
11910
11891
11911
06726
10441
02529
03811
00757
01126
02445
10126
03578
04046
03800
01669
03413
03407
03413
00948
01056
06942
02406
02406
02397
02396
02395
02394
02393
02392
02391
02390
02389
02388
02387
03415
02386
02398
02399
09860
09973
06182
00761
01933
11175
00989
00762
02560
02517
05501
13038
03630
02902
02913
00954
11211
02527
03274
01711
02078
12995
01150
06966
02742
00789
00615
03472
00927
01624
06895
05596
09807
00873
00820
03086
09117
02970
08591
01633
00950
06153
05589
00991
01770
06176
03787
00573
06194
03555
12339
02472
00640
00640
01912
05946
01972
05838
07071
07095
07401
04079
03639
03638
03637
03636
01534
00757
01874
00876
07289
07566
03410
02044
15580
15581
00765
00013
00817
01089
02501
01814
02500
11755
06181
00031
03704
06891
03694
07085
00384
01923
01745
01712
01468
05836
06956
00768
02233
02231
05526
06073
06074
11107
02469
07146
00832
00941
01893
01737
01752
03837
01665
01676
06918
08990
03721
03790
11939
01775
14445
03413
01993
06879
15723
02073
02072
02071
03273
03485
02818
02819
03632
03804
03633
06219
00600
03644
03801
09158
03642
05837
05515
00783
09710
02340
03643
01869
03820
06189
07042
06168
03184
01738
06203
03528
01154
03427
01772
03305
01953
02565
01443
01886
06173
01963
11754
03749
03558
00764
07084
03683
10773
03702
02768
02769
02770
07039
03517
03640
03641
06076
06076
03088
09790
00759
02343
09747
06187
06940
09160
01738
05800
10805
09914
07443
00134
00979
09791
00912
09928
09808
09808
03723
13788
00925
09899
05541
07039
03634
07478
01875
00833
01012
02169
01935
03799
09701
00574
01756
07153
00566
00892
10126
00981
07107
01491
00831
15257
15256
01876
01695
01696
13498
00766
01657
07053
06178
14260
01129
03684
07285
01433
04773
09916
09901
02356
02336
07689
03703
00995
03828
01889
01890
04764
08289
07088
01141
08300
04072
00133
03315
06899
09904
07014
04564
04754
02199
03291
07231
09947
02760
02761
02759
03669
03670
04759
04758
09817
09816
01902
01903
00658
00164
00240
00239
00242
01647
09977
03645
03839
09824
07639
07661
05952
10542
07795
01908
02413
02412
02411
02410
02409
02408
10941
02422
02407
02406
02406
02406
07223
09911
04770
01716
03812
15738
12297
15371
01256
00243
01626
09767
12410
00123
02379
05772
05773
03752
03750
03327
03832
03561
03561
01126
01223
03782
02003
00426
00425
09922
09900
03717
05577
09822
03781
01575
01652
00849
00965
01993
00651
02656
07043
09941
13747
00836
03313
02003
07552
02897
07679
06213
06938
05777
05778
05779
03308
06131
01246
03970
03969
03974
18552
07407
07811
03532
06190
10806
09780
00549
03576
05798
03533
00703
00975
03168
00800
00684
02518
03808
06192
09857
01153
03092
05808
06958
06213
03592
09889
00885
01443
07733
03630
06946
07733
01669
11202
11203
02933
02994
02954
02931
02895
02874
02961
02904
02878
02982
02890
03562
07107
00426
00425
03551
03550
01159
01883
03269
09858
07090
01142
00656
04069
09161
07180
09786
02666
02662
05366
04761
00382
01940
03885
07000
07337
09859
03603
03314
03611
03466
00259
13634
06169
01591
05788
02945
00945
02237
03770
03530
01338
03544
01358
03545
10125
12525
00297
09892
00850
06006
04564
03216
07113
07821
09902
03610
03609
03608
09948
05782
01911
01661
02551
02452
04762
04083
01610
07560
07058
06207
01915
07708
07712
00134
01792
00563
03415
15545
00873
03308
03424
02341
00943
07082
09458
02078
00645
00648
03621
02911
07040
03733
09921
01778
01586
06202
05851
01749
02496
02498
09894
03978
02198
02197
02196
02195
02194
03408
03408
03412
03407
03414
03413
02405
04562
02404
02400
08296
09907
01887
07552
16089
16092
10929
07491
07491
02358
10928
10023
14231
14231
02014
03553
00526
03321
02028
14234
14234
14234
14234
14225
14225
14237
14237
16087
14230
16087
14232
14232
16053
16087
14219
10024
10022
10025
16074
10716
14230
00956
01800
00568
11748
10948
16171
10952
11018
01270
03668
15583
03972
16345
10940
07394
10954
01980
01980
01980
01980
01980
01980
01980
13746
11747
02062
16317
00209
03299
01659
01139
02480
01183
10953
01069
01990
01977
01977
01977
01977
01977
01977
01977
08154
12982
06858
02769
12262
12262
01048
07812
11201
11202
11203
10913
10673
05799
10961
03566
10823
16263
04771
00537
10937
10966
10935
10934
10965
10964
10933
10963
10932
10962
10931
10930
10919
10920
14742
10923
19226
19227
14218
14218
14218
14221
14221
14221
14221
14221
14235
14224
14224
14224
14224
14233
14233
14233
14219
14219
14219
14219
14219
14219
14219
14226
14227
14227
14236
14236
14234
14225
14225
14225
14225
14225
14225
14220
14220
14220
14220
14230
14228
14228
14228
14228
14228
14222
14222
14222
14232
14234
14237
14237
14229
14229
11894
10936
14230
14230
14230
14230
01190
15583
10823
01985
01985
01985
01985
01985
01985
01985
01985
14223
19229
19228
02768
19230
10111
05499
03719
02778
02779
00557
00128
02303
07467
16963
02030
02030
09810
08316
03559
03604
01420
02803
02804
14228
14228
14231
04778
13246
10915
12237
10921
06604
10123
10922
11908
10918
03077
01186
06218
07662
11070
03417
01802
02030
02030
02030
02503
10439
12064
11209
01664
03574
01582
01897
00265
00265
00951
01897
17713
19092
02029
02029
01990
01992
01992
07576
00813
11069
01739
17686
01533
19789
02822
03475
06518
08485
13638
07459
19745
01658
11928
01791
00254
02477
06518
03767
05540
00209
17758
17759
00018
01183
00661
00632
01497
03892
18218
12062
01046
01096
13010
07481
21379
02031
02032
02031
02032
07483
07483
07483
07483
07483
07483
12069
02809
02810
06900
03973
07645
04343
07814
18009
03719
03585
18138
03772
17948
07090
01175
07390
01575
11903
11903
00942
03758
02014
20949
20962
02483
21498
07481
07467
00138
07181
20977
11904
18446
11904
18454
11904
00681
00681
18589
07794
18676
18675
18640
18765
18691
02847
09690
18893
18800
18778
20862
18657
18824
06218
12057
12072
12056
10747
18930
03111
12070
12071
03502
12068
12067
03502
03503
12065
12063
12061
12060
12058
18893
09797
03674
05785
03746
08722
03169
07389
04565
03646
03496
03496
03497
07473
18923
03497
02650
03976
01872
03526
02663
18990
18989
18979
02664
19000
07746
02482
19157
02777
00571
22468
19236
07451
19221
14681
01066
03722
03722
01992
01992
07497
10917
08604
00020
19337
19302
22042
19334
06867
02475
02031
02476
21606
02529
19693
19694
07666
01258
19804
07274
19810
21636
08723
20264
20263
09788
20455
19591
01214
01200
20922
20947
20920
20963
20988
16554
20954
20953
20955
20956
20957
20958
20960
20959
20961
20966
20921
20978
20918
20945
20946
20948
20950
20951
20952
21029
00821
21217
00971
20919
08968
00424
02495
20964
20965
21218
09882
06223
06217
02314
00287
00857
06866
02316
04068
03546
01493
00558
00560
02335
00525
02032
21405
21420
11690
21470
00344
07334
21606
21712
19285
21936
06212
22132
03595
22105
03079
11391