00595
01081
02483
02495
00830
10109
05799
09796
07726
02462
13747
07659
09607
06212
11928
01874
00567
06958
02619
03316
07090
00832
01840
01840
01807
03767
03477
00027
01104
01104
07090
05794
00265
00265
12264
00703
12265
11751
12279
11688
01079
12266
11922
12340
03533
01784
01420
11085
10925
12281
03834
12283
12284
06970
01270
12278
12277
12280
07304
07304
01096
00575
14393
12267
01659
11930
00821
03768
00108
03148
01485
01835
03496
02237
00615
03496
00029
07090
00970
01961
08356
08355
11690
11689
03711
11892
03636
11897
11899
11896
11896
00652
11747
11903
01759
01759
03530
11927
01759
11755
00228
03286
07343
07126
07126
02458
02671
00569
12991
01664
00835
10912
10913
10915
10916
03446
02001
02001
12982
01424
11209
06076
07793
06934
11753
11072
12282
12276
12285
12286
07787
12297
11750
12410
08485
11927
02824
01491
00823
10126
10125
00564
05368
02455
00748
11933
05595
05595
01897
09810
03072
07459
12525
07258
12373
01739
02478
01533
13051
01139
13062
07270
12961
13009
00247
00244
13292
02954
13256
03406
03406
10804
00951
07005
00626
04772
07637
00130
03760
01048
00060
11745
11069
02017
11894
03574
01710
11905
11901
03768
11926
11906
11752
11754
01069
11907
04487
11903
11902
11891
11892
11893
03472
11717
11719
00661
00661
06168
11895
11904
11910
03524
11906
11907
11891
11893
06205
03650
03217
08998
03536
02914
02313
02338
03629
02470
04080
02278
02280
02282
02283
07660
01879
01878
03722
06181
00031
03704
06891
03694
02518
00684
06077
00800
03168
00975
07772
06219
03633
03804
03632
01876
01159
03550
03551
00425
00426
07107
03562
03560
03646
03641
03640
03517
02016
02015
02015
02013
07039
01911
02549
01661
08680
02551
02552
08722
01129
03770
03530
01338
03544
03545
10125
10126
03684
07285
01433
09907
01887
04759
04758
09815
09817
09816
01902
01903
01223
09794
00111
02444
00864
02440
03325
09927
02429
00880
00865
03781
03778
00528
06967
02001
03719
03719
03719
03719
03719
00891
01119
07552
02897
00526
00525
03647
06191
05997
09014
09013
09015
02426
03451
01419
03667
02548
02553
09892
02446
01803
00850
07662
07640
04564
03216
07113
01744
01478
00926
00611
00609
00610
04084
11105
01679
05820
02342
01895
03786
02160
02687
03557
01945
05787
09891
01599
03426
07740
03046
03043
02935
02864
02863
05805
00892
01938
00605
00600
02437
03327
01867
01753
06910
03543
06871
02388
02389
02390
02391
02392
02393
02394
02395
02396
02397
02406
02406
02406
06603
02407
02422
10941
10942
10943
02408
02409
02410
02411
02412
02413
02415
02416
02417
02418
02419
02420
02421
02401
02400
02404
04562
02405
03413
03414
03407
03412
03408
03408
02193
02194
02195
02650
03764
02909
04066
03113
01921
09181
07160
02003
05515
08984
06076
03386
06193
03834
06942
01056
00948
00919
02494
02492
02835
02493
01627
06182
09973
01885
09458
00059
00647
07107
01745
02078
02078
09860
02399
02386
03415
02387
03790
03721
08990
06918
01676
01665
03837
01752
01737
01893
02342
00831
03674
07085
03313
02003
09962
03565
03442
00860
00957
02348
07269
03773
02879
03040
02986
02948
02952
02919
03076
02876
02907
02988
02881
02933
02994
02931
02895
02874
02961
02904
02878
02982
02890
02965
02886
02892
02926
02906
02946
02358
02355
02014
03561
03561
03559
03832
09939
09815
09817
09816
03672
00648
07112
07112
04068
02232
02020
02018
00324
00325
09917
01358
09918
03583
03582
03581
08304
02426
00077
05517
08218
07286
05527
00346
00347
00348
00349
00350
00351
03734
05952
02346
03654
03308
03644
03801
07258
03642
05837
05515
00783
09710
02340
03643
01869
03820
06189
07042
06217
03184
04764
09964
05952
00950
07589
01495
07001
01889
03578
02992
02950
07237
07236
07235
03745
03775
07070
06158
07019
09898
00855
10914
06447
00673
07004
01867
01091
01783
06223
03112
01735
02666
02665
02662
05366
04761
00382
01940
00930
00145
01438
01595
11900
11900
11901
11748
11991
00024
04755
08289
11911
01089
01652
11258
00826
01687
01754
04042
02114
02112
02115
02111
02113
02109
02110
02108
03497
03501
03495
03497
09749
10125
00275
05541
07039
03611
03314
03603
03593
00876
07289
08300
06179
07040
02911
03621
00648
00645
00059
02078
09458
07082
00943
02341
03424
03308
00873
03415
09786
07180
09161
04069
00656
01142
01354
04067
02013
00568
03746
00892
00566
07153
01756
03799
01935
02169
01012
00833
01875
07478
03733
09921
01778
01586
06202
05851
01749
01719
02496
02498
03182
03628
03671
03732
09125
03654
05786
00681
11065
03657
09930
07552
01262
03150
03149
03154
00788
03147
06199
00014
07566
01588
01589
07479
03747
02016
02015
03642
03387
00432
07443
09914
10805
05800
01738
09948
00874
01625
07639
07661
01751
02167
02002
06718
00836
06720
00928
01920
04773
03169
07234
07014
09904
06899
03315
00133
00873
00820
01740
03086
02316
09117
02970
01409
08591
01633
00950
06153
02450
07184
03306
07220
00982
09920
03651
07000
02622
02621
09908
06916
02871
02996
00411
00412
00413
03599
03600
07460
07121
07056
03438
03586
03587
01928
01929
01000
01925
03588
02563
01924
03589
03590
03531
02535
03070
00404
00405
00406
09926
09792
03796
11071
01766
02199
02198
04013
03385
02469
00525
00526
11107
00995
03703
07689
02336
02356
09901
06178
07053
01657
01658
00766
01696
01695
07403
06969
06177
03308
02867
02601
00867
00075
00998
01776
00322
03327
01356
00901
00631
03179
03181
02415
02441
02439
03089
09811
09812
03110
08993
00134
03924
09909
03825
03830
02108
02110
02109
02113
02111
02115
02112
02114
01442
07267
11070
11069
00127
00123
02379
05772
05773
03752
03750
03327
07173
01919
01572
01573
03563
00928
01872
02536
03553
03743
03555
06194
00573
03787
06176
01770
00991
05589
01689
01937
03215
07678
00997
03474
03584
03595
03685
03100
03596
03803
03598
03597
03750
01495
03704
02013
02014
02016
02015
07798
06193
03826
11749
07320
03665
03608
03609
03610
09902
01736
09906
00647
03473
00133
06173
01963
03749
03558
00764
10253
07647
01734
03776
02013
02015
02015
02016
00788
00878
03707
00364
02013
02015
02015
02016
02014
01586
00925
05592
02040
01493
01258
02342
05591
03437
07137
04719
00372
00362
00363
02575
03435
02768
11183
00882
02769
02770
03498
00230
02521
00053
03656
02035
02033
02034
00383
07115
01414
03718
06149
02217
06144
07007
09760
03183
03690
03688
03116
03117
03118
03424
01698
02335
03978
09894
00285
03576
00549
09780
06190
00817
05779
05777
06938
02002
00384
00658
00164
00240
00239
00242
00241
01647
09977
03645
03839
01886
01443
02565
01953
05785
03305
01772
00939
04079
07401
07095
07071
05838
07340
01972
03528
06203
01738
02784
08483
02777
02406
02406
07223
01439
07287
01714
03567
03564
05775
10108
07862
06949
07152
08974
03556
00688
00705
00700
03784
06078
02040
02037
02038
02036
03924
10111
02355
04485
03784
01839
01619
03424
02837
03789
02344
03824
08303
05803
00962
02956
03177
02834
02519
02600
09748
03075
03431
00796
03798
02427
03624
07259
01866
09802
09915
07461
04046
02275
02274
02258
02276
02259
09954
01626
03499
03498
05306
03430
02012
02011
00851
00033
05995
06145
01752
03111
10924
10926
10927
03569
03570
03571
06287
08301
03568
07175
03580
06177
07080
03402
02523
02888
02899
03979
00287
01525
06195
02528
00097
03771
04744
05801
01704
01703
00052
01649
01652
01653
06969
01512
11179
09972
09971
09970
09969
09767
01626
01007
00243
11392
03808
03607
03797
01256
03812
01716
04770
09911
01845
02035
02033
02034
02031
02032
02011
02012
04752
09910
01682
07001
05365
03579
06206
06204
00950
01890
00606
01918
01673
00760
00382
00627
00163
03806
00767
02652
02653
02654
00859
00859
09862
02884
00554
02860
02959
03106
09712
04477
00639
03658
06996
00615
00616
02278
02279
02280
02282
02283
02196
02197
02198
02199
02200
01991
01956
01955
02227
00266
00266
07139
07648
07773
02553
00872
01733
06866
01151
03648
03310
09861
05590
03311
03840
04763
03981
07462
02836
04567
03573
02002
09998
09999
09997
10000
07107
08303
03312
07023
03088
00278
09159
06980
03185
09895
09888
01807
09807
05596
03442
01624
00615
00789
02013
02016
02015
02188
06042
02189
02190
05936
02227
02225
02742
09761
01920
07735
07447
02670
02669
06997
00286
02221
09131
01425
07119
05916
03281
07093
09923
00023
03821
02569
02568
02567
02570
02572
07674
07685
03326
07574
07712
07708
01915
06207
07058
07560
01610
04083
04762
02452
02453
02454
02456
02457
02459
02460
02461
08312
07400
02170
06959
04760
07638
03655
03060
00942
01439
00616
03704
00989
00762
02517
05501
01923
01745
01712
01468
05836
06377
01868
02520
02916
02887
09900
00154
01585
01480
01625
00874
02342
03548
03809
09938
00761
01933
11175
03271
06445
02342
03469
08307
04075
01962
02337
03470
00677
02372
02536
06142
07277
00099
00981
00806
02838
09903
02357
02967
01265
00990
06175
09768
02909
01881
10108
10110
06213
07300
02003
02044
01637
01638
00135
01465
07140
00969
02013
06177
07552
05844
05813
05814
05815
05816
01126
03675
09773
01007
07089
03088
02858
02035
02033
02034
07118
07275
00975
02042
02042
02041
02044
01126
02806
02768
02769
02770
01809
07727
07792
06950
07088
06975
10112
05350
02529
03303
00101
07146
09794
06911
09913
07088
07136
09897
02564
03312
07157
03088
07167
01669
09701
00574
10680
03074
03072
02003
01724
00500
01907
00926
00451
00457
02031
02032
06726
10441
10440
10439
00852
02529
04564
07390
07396
07084
03683
10773
03613
03612
03614
03615
03616
03617
03702
03639
03638
03637
03635
07393
00925
09899
01989
03634
03466
00259
06169
01591
05788
02945
00945
00979
09791
00912
02238
09928
09808
09808
03723
03885
07000
07337
09859
00757
03673
10680
03098
04096
01462
00604
03500
03499
03498
11068
06377
09896
03673
07391
08311
08484
00560
03717
02968
03980
01870
03101
03774
03527
07106
09001
01207
01626
08309
03720
05809
05807
06180
05810
03695
07261
08303
03554
07657
07636
02040
00937
02037
02038
02036
02039
06201
04761
06897
01126
02445
01669
06876
07178
03546
03547
03829
01939
00558
03658
03439
03575
08306
07091
01255
02339
01873
03828
09893
01478
00611
00609
00610
09022
00655
00790
07122
07323
02067
02066
02065
07301
06041
03270
09774
06861
03092
05808
02806
06213
03592
09889
02063
02064
03119
01760
00865
01809
00507
11065
11065
01620
03924
00428
00428
00362
00363
07568
00773
03210
03072
03074
04488
04082
04044
07751
00940
06941
01892
03977
03601
00088
01951
07034
03310
07576
00655
07112
03664
09801
06186
03631
00858
03687
04043
03686
02655
08084
02672
01952
03469
03630
00651
02656
07043
09941
03825
00426
00425
06074
06073
05526
08602
02231
02233
00768
09912
01141
01489
03186
02558
03841
09800
07278
07109
02003
09950
09790
00759
02343
09747
06187
06188
06940
09160
03451
00563
00134
07305
09916
06131
01246
03969
03974
07811
03532
02571
00857
01883
03269
09858
02500
01814
02501
00817
00013
00765
03630
02902
02913
10563
02843
02527
11211
02849
00954
02560
03274
00640
00057
03071
01627
03270
00979
06041
00973
01790
00067
04078
04077
07507
01667
03413
03823
00549
01299
03310
03310
01993
00036
01057
00033
07795
07814
00600
01226
02818
02819
03485
03273
02071
02072
02073
06966
06968
07020
03151
02557
02556
07090
07090
04751
01243
04754
06076
03088
08296
09947
07338
07231
02200
03602
00795
01662
01095
00946
03625
00794
00793
07738
00147
00931
00769
06901
06987
07234
07240
02015
02016
03561
03832
07227
07226
03415
03769
06987
02821
03475
02822
01638
03704
10974
08717
00375
00134
02356
00246
00245
04568
01613
06949
06925
01448
03572
00791
03666
03665
04088
04087
09937
01939
03218
02990
02963
02939
02314
01775
01810
09823
05539
00380
00381
00390
00548
00928
03701
00963
01908
10026
06920
06920
01153
03427
01154
02283
02282
02280
02279
02278
00042
01894
08682
00884
11720
12287
00602
00974
01092
03073
08305
02024
05778
01150
01322
07025
03087
07025
00537
02000
02000
02000
02769
01897
02768
00956
09806
13590
13746
00215
03321
13038
13288
02463
02116
08234
13283
00297
00407
07794
07394
06147
13652
07263
07263
05540
03386
13788
11069
07270
11202
11203
03487
14161
06183
06183
06006
02664
12512
12513
12515
01989
12515
02651
00557
03406
00219
12573
12511
03973
12262
08310
12510
14055
13628
15524
11312
02062
03585
09158
13529
00793
03406
03406
00758
01779
03406
03406
03406
03406
03406
03406
03406
03406
03406
03406
03406
03406
03406
03406
03406
03406
03406
03406
03406
03406
03317
02451
08154
11925
01825
14054
14058
01916
01571
01826
01799
01782
01534
05524
07274
07274
02414
06956
06956
01479
12373
04774
04691
12524
08992
03668
00632
00632
02477
02663
04072
06879
13895
04085
00281
06895
06895
12510
05798
12510
08092
12511
12512
12373
02778
02779
12511
02069
12514
06518
10910
10911
01147
10909
07343
08280
05834
01524
01488
05812
01515
07397
03970
12942
03272
01515
13652
06857
06887
13638
13639
01130
02004
01792
07114
07114
07114
07114
03297
05934
13643
00927
13634
13821
13938
02004
10112
07186
02004
02004
02004
03317
03317
01077
01130
02651
13745
03772
01580
13894
13896
07182
07182
07182
13893
14218
14228
14235
14235
14228
14228
14228
14228
03933
04750
03078
02651
12514
04018
14228
14237
14237
14237
14237
14232
14232
14232
01977
01977
01977
01977
01977
01977
01977
01977
01983
14228
14228
14228
14228
14228
14228
14228
14228
14229
14229
14229
14162
14225
14225
14225
14225
14225
14225
14225
14225
01070
13954
13636
13498
03417
00124
00121
00058
00058
13653
02224
07486
13771
03394
10917
10918
10921
10922
00941
01011
02279
08325
03296
14220
14220
14220
14220
14220
16962
02010
02010
14233
14233
14233
14233
14236
14236
14236
14236
14236
14236
14236
14236
14221
14221
14221
14221
14221
14221
14233
14233
07003
05499
07791
14187
14237
14234
12513
01176
06015
06946
14218
14218
14218
14230
14230
14230
14230
11198
11199
11200
14219
14225
14225
14225
01934
14223
14223
14223
14223
14223
14224
14224
14224
00674
14233
14445
14445
03077
09935
06604
00344
02442
00799
03972
10123
06858
01183
00018
14219
02475
14445
03307
03406
01046
14234
14234
14234
14234
14234
03604
01802
14231
14231
14260
15371
04333
01175
06147
01638
10806
03566
03074
02022
03748
02398
06148
00128
00971
07263
08720
03296
06147
01524
16961
07733
14683
15035
01985
01985
01985
01985
01985
01985
01985
01985
01985
01985
07404
14226
14226
02304
14230
00021
01800
01978
14222
14222
14222
14222
14222
15396
14155
03409
14227
14230
14230
14230
14230
06133
01980
01980
01980
01980
01980
01980
01980
01980
14219
14219
14219
14219
14219
14219
14219
14219
14170
00813
00020
01992
08985
11203
07814
13053
03296
01130
02476
11201
11202
01182
07733
14231
14231
05834
06957
14742
02483
02030
02529
08316
03699
14540
00638
00638
14652
02803
02804
02803
02804
03566
02358
01146
16013
03087
02031
02032
15600
15598
15771
10823
02031
02032
11018
01990
03892
03817
10961
02482
06177
14761
14681
14682
02022
02480
15034
07283
01497
16012
12543
15256
15257
12543
08086
15580
15545
15738
15633
02428
15582
04765
15723
21429
15461
15460
15724
15583
15599
15581
15539
18136
15851
15851
15850
15536
01082
03298
15268
12542
12541
10716
16087
15984
03320
15986
19736
15977
16052
16089
16092
16091
16137
10023
02014
10716
16052
02028
16087
03320
10716
16087
10024
10022
10025
03321
16171
08344
07038
16317
00209
07979
16785
04015
04014
16263
15580
15770
02027
02025
19226
16692
16637
15583
10823
19227
19228
19230
02847
02026
15772
16963
16786
16787
16924
15851
15851
02303
14234
17317
17316
02030
02503
17315
02226
17713
19092
10112
02029
02029
01990
01992
01992
05601
17686
19789
03574
19745
00254
00209
18218
17315
03585
18138
20962
00138
18446
18507
18555
18589
18527
18676
18675
18765
18691
18515
20862
18800
18778
18515
18657
18850
03790
10747
18930
18893
03976
01872
03526
18990
18989
18979
19000
07746
07452
19147
19229
19236
19221
01992
19302
08604
19416
19337
02803
02804
22042
01785
19577
11209
19693
19694
01258
00799
19804
19802
19810
21636
08723
18521
20117
20118
09788
20455
20534
19591
20525
01208
01214
00701
01200
20955
20955
20956
20959
20966
20964
21029
21217
20919
08968
07181
20964
20965
21218
21394
21393
21395
21405
21420
21470
21602
21606
19285
21936
06212
22132
22105
22110
22187
03079
02257
03469
11391
00424