03437
04755
03496
02472
03317
01989
03636
03637
03638
03972
03974
03602
07478
00344
06287
02282
00648
02414
03571
03570
03569
03686
02357
02838
00806
00981
00099
02536
02372
00677
00748
01962
01069
10563
03500
03601
03498
03498
02342
02081
02529
03326
02529
00859
00850
02356
00640
00057
03071
01613
01448
00791
01939
03218
01091
01867
00673
00855
02950
02992
02355
02358
01784
01803
01826
02446
02548
02909
01739
01595
01438
00145
00930
01940
02662
02663
02664
03106
02959
02860
00554
02884
02653
02652
02650
00767
00163
00627
00382
00760
01673
01918
00606
00950
00970
01682
00865
02012
02011
02010
02032
02031
02034
02033
02035
00564
01845
01866
02427
00796
03075
02600
02519
02834
02956
00962
02344
02837
03317
01619
00758
01839
01079
02355
02279
02283
01784
00849
01785
02529
00111
02444
00864
02440
00674
03152
00077
03088
00346
00347
00348
00349
01495
00616
00615
01626
03286
02276
02258
02274
02275
01840
03313
02048
02046
02047
02045
00364
02570
02568
02569
01639
01443
00626
00023
03074
03072
01939
01485
01322
03303
01626
00216
02361
02016
03311
03310
01151
01733
00265
00266
00265
00266
02227
01955
01956
00215
03070
02535
01924
02563
01925
01000
01928
02996
02871
02621
02622
01515
00982
03306
01633
01409
02970
02316
03086
02798
02799
02800
00009
00820
00873
01653
01652
01897
01649
00052
01703
01704
00097
02528
01525
00287
02899
02888
02523
03402
00655
00790
02067
02066
02065
03092
02806
02062
02063
02064
03186
02558
01507
00860
00956
00957
01119
02879
03040
02986
02948
02952
03076
02876
02002
02907
02988
00130
02881
02167
02933
02994
02954
02931
02895
02874
02961
02904
02878
02982
02890
02965
02886
02892
02926
01667
02821
02822
01462
01866
03683
03720
03684
03687
00033
01057
00036
01993
03310
01299
00655
02574
02573
01512
01659
03417
02444
01126
01800
00457
01119
00651
02231
02233
00768
01141
01923
01058
00027
00384
00831
01580
03313
02897
03308
01760
01246
02571
00857
01883
01190
02024
01809
02768
02769
02770
02806
02769
02768
01192
00757
03212
00901
02858
01096
03291
00016
00639
00060
02406
02665
02666
00891
01735
01783
02990
02686
02963
02939
02314
01775
01810
03409
00380
00381
00390
03316
00548
01147
00925
03424
03424
02437
00600
00605
02769
02770
00882
00873
00975
01938
00892
01081
01182
02004
01921
03113
00901
06206
03717
03980
03532
03533
02079
06188
03269
02500
01814
02501
00817
00013
00765
00892
00566
01756
00574
01935
02169
00652
01012
00833
01875
00259
04752
03688
06207
02032
02031
01591
02945
00945
00873
03308
02778
02779
02341
00943
02619
02078
00059
00645
00648
02911
01104
00876
02198
03385
03473
03474
00766
00133
03169
00219
01424
00134
01738
01911
02549
01661
02552
02000
01007
00111
00112
00113
00154
00852
02529
02283
03319
00633
02015
02015
02013
00021
01734
02040
03485
02342
03271
01933
00761
02824
01714
01439
02406
02406
02406
02407
02422
02408
02409
02410
02411
02412
02413
02415
02416
02417
02418
02419
02420
02421
02401
02400
02404
02405
02193
02194
02195
02196
02197
02198
02199
02200
03088
00632
01736
00133
01963
00764
00759
02343
01759
00563
01153
01582
00757
00912
00979
00656
01142
00031
02518
00800
00975
00703
00154
01876
02654
02656
02279
02280
02280
00549
00925
01187
03314
02342
01893
01737
01752
01676
02282
02283
01046
01480
01585
01889
00763
00569
01489
01745
01712
01479
01468
01868
02520
02916
02887
01929
02906
02946
00012
01791
01104
01991
03274
02560
02843
02527
02913
02902
02517
00762
00989
02032
02031
00942
03060
01139
00556
02170
02463
02462
02461
02460
02459
02458
02457
02456
02455
02454
02453
02452
01610
01915
02335
01698
03118
03117
03116
03183
03182
01524
03150
03149
03154
00788
03147
00230
00632
01878
01879
00835
02470
02338
02313
02562
03495
01207
03101
01870
03501
01419
01497
03497
03310
03639
02968
00560
02836
00350
00351
02346
01881
02909
00990
01265
02967
00058
01807
03185
00278
03088
03100
00997
03215
00951
01937
01689
00991
01770
00573
03087
01872
00928
01573
01572
01919
03667
03668
03536
03628
03111
03590
02914
03217
02116
02108
02110
02109
02113
02111
02115
02112
02114
02029
01754
01687
00826
01652
00604
01462
01589
01588
00014
02521
00053
02031
02032
02035
02033
02034
01690
00851
00383
01414
02498
02496
01719
01586
01778
01048
01752
00823
02012
02010
02011
03317
00020
02015
02016
02013
01465
02022
02040
02037
02038
02036
01354
01669
01674
00134
03110
03089
02439
02441
02415
03181
03179
00631
01356
00322
00557
01776
00998
00075
00867
02358
03073
02601
02867
02863
02864
02935
03043
03046
01599
01945
02687
02160
01895
02342
01744
03216
01497
01908
02199
01620
01130
00627
01461
01176
00874
00065
02355
00428
02442
00528
00549
02003
02004
02004
02013
02016
02015
02744
02747
02746
02745
02082
02081
01222
01686
00040
01812
00874
02821
00065
01784
02031
02032
02034
02033
02035
00275
01305
02032
02031
03312
03312
02564
01920
00567
01183
01581
00868
00688
00705
00700
01304
00135
02529
02033
02034
02031
02032
02529
03424
03531
03442
03414
03407
03408
03408
03408
03407
03411
00575
00575
00575
03412
03413
03415
03415
03415
03415
03413
02469
00568
00525
00526
00995
02336
02356
01657
01658
01695
01696
01759
03756
03760
03769
03773
03502
03609
03610
00325
00324
02017
02018
02020
02232
00813
00648
00363
00362
03412
00363
00362
00372
01176
02445
01126
03326
01724
00500
01488
00161
00162
00311
01775
00059
00020
00140
00626
00253
01640
03387
01809
01802
01493
01969
03645
06178
06187
02822
03475
03477
03406
03406
03406
03406
03556
03703
06181
06193
03750
03476
03475
03077
03078
03079
03478
06195
04744
04066
03565
03553
04760
03832
03611
03603
03606
03607
03589
03629
03412
03568
03690
03806
04759
03438
04087
04088
03666
03650
03562
01295
01662
01637
01638
02039
02036
02038
02037
00937
02040
01626
03435
03588
03651
03977
03810
03770
05820
03327
00793
02379
00123
00124
00127
01716
01256
03621
03551
03550
01626
03665
03654
03521
03522
03596
03469
03470
03472
03517
06186
03675
03676
03702
03701
03674
03732
03604
03613
03614
03612
03615
03634
04488
06217
03745
03672
03616
03617
03771
03635
02065
01129
01338
01358
02078
01745
00059
01897
01433
01887
01902
01903
00658
00164
01647
01835
01175
01886
02803
02804
01443
02565
01953
03305
01772
00939
01972
01738
02777
02406
02406
02397
02396
02395
02394
02393
02392
02391
02390
02389
02388
02387
02386
02398
01885
01627
02493
02835
02494
00919
00948
03184
01869
02340
00600
01226
02818
02819
03273
03151
02557
02556
00795
01095
00946
00793
00147
00931
00769
01270
01952
02655
02075
02077
00858
00285
01951
00088
01892
00940
03210
00773
01092
03074
03072
03799
03466
04080
03598
03597
03747
06199
03718
03296
01176
03811
02671
03767
03632
03633
06377
04044
03631
02259
00928
00963
00610
00609
00611
01478
01873
02339
01255
02760
02761
02759
01222
01425
00286
02669
02670
01920
00789
00615
00927
01624
03640
03641
03646
03608
03503
06203
04079
03749
03630
03299
03451
03528
03801
06131
03778
03606
04763
03579
03316
04083
04043
03582
03583
03581
01788
01749
03574
03573
03572
03648
03768
04477
03832
03840
03325
03772
04078
03664
03815
03786
07729
03587
03586
03600
03599
03592
03558
03564
03548
03764
03790
03789
06149
03625
03561
03554
03563
03924
03644
06041
02337
06202
03733
06194
06204
03559
02672
03308
02651
03656
03658
03657
03545
03547
03695
03812
03787
06205
04085
03673
03704
03704
03704
03557
03567
03824
03825
03544
03595
03978
03685
06201
04082
03746
06190
06213
03593
03594
03837
03798
03671
03555
03694
03721
03499
03744
06147
03643
03624
03578
03546
03775
06219
03580
03765
01159
04077
03774
03575
03576
03584
03568
03723
03834
03835
04013
00425
00426
04487
03829
04773
04774
04770
03704
06177
03820
01056
00245
00244
04084
01118
04751
03839
00411
00412
00405
00407
00406
04762
02069
02551
01420
04764
06179
03828
03757
00241
03981
03841
06183
06173
06180
03177
04754
04761
03804
04567
03781
03784
03750
04075
03892
03796
03797
04067
03752
03719
03543
06176
04750
04046
02030
02030
02005
03803
03931
03837
03826
00247
00413
05812
03566
03969
03973
04047
03885
00242
00239
04068
00240
00404
03560
03642
04069
04565
04761
00246
02035
03439
03406
06147
05539
01664
01665
02044
02040
05800
07552
03734
02399
03970
04562
04778
05540
03924
04096
04782
09811
04485
03406
04564
04568
04691
03321
04088
04087
04758
05805
02003
02004
02003
02003
02004
02058
01999
05801
02426
00885
09181
05365
02014
05366
04077
03722
07712
07106
05916
05524
03270
05589
05527
06189
02014
05773
03784
02066
02067
06006
02014
02030
02030
05838
02004
05809
05807
05810
05837
05785
05787
03530
03821
05803
05592
05794
03743
01993
03497
05772
05517
05788
05541
05526
05515
04564
02014
07459
03413
03406
03406
03406
03406
03406
03406
03406
03406
03406
03406
03406
03406
01130
05590
03406
03406
03406
03406
05501
03168
02001
06175
06177
05844
05499
05786
05777
05778
05779
05350
05808
05851
02217
05799
03281
06145
05836
06078
06076
06140
06144
05591
06158
06074
06073
06168
05775
05595
00684
08154
07560
03406
03406
03406
03406
03406
03406
03406
06153
05596
02742
02553
02553
03527
05595
02348
03098
00108
02192
06142
05832
05833
02483
06906
06148
06148
03430
06169
07090
06223
07751
06857
03406
06445
00954
07460
03406
08680
07173
00228
06604
09808
07034
06447
03427
06858
06726
07115
02071
07121
07122
07638
07090
06967
06968
07014
03406
03406
06940
02072
07014
06918
07107
00836
07343
00872
07107
06969
06861
07114
07107
07137
07139
06980
02647
06910
06959
07216
07212
06970
07772
07648
07773
07647
07019
07090
07674
07175
07167
01258
06969
07685
07675
07686
07644
07665
07240
07160
00375
07113
06942
06878
07277
00884
02475
02476
06949
07109
06987
06987
07118
00121
07182
07182
07093
07095
03386
03386
07070
07640
07662
06966
07071
02073
06920
07227
07300
07301
07301
07234
07114
07114
07114
07053
06911
07112
06975
07684
07112
07236
07237
07235
03119
06949
07231
07708
03408
06925
07058
07274
07180
07400
00297
03654
07679
07283
07304
07140
07000
07285
07286
07340
06941
07186
07220
07223
07020
07153
01581
07080
07080
06867
07154
07154
07184
07226
07263
07152
07042
07005
06876
06899
07043
06871
07039
07039
06866
07040
07084
07085
06916
07269
07088
07126
07157
07154
07793
07794
07795
07056
07278
07259
07003
07004
07320
06934
07313
07396
07397
07001
07287
06908
07407
07023
06895
07000
07407
06905
07391
07461
07261
06907
07784
03296
07447
07305
00974
07007
03808
06603
06996
07119
07002
06871
06871
06997
07659
07507
03673
06996
07678
07114
07258
07323
07014
07443
07389
07657
07091
09903
09774
09921
07401
07304
01654
07393
07394
09862
09861
09860
07390
05952
09930
09964
08084
05952
09802
10961
09920
07462
01387
09806
08483
08484
02567
09781
03315
03592
03722
03451
09773
08990
06938
09797
00782
00783
08478
08992
08974
09807
09792
08984
10026
09973
09001
08307
08289
07338
08296
08302
08303
08303
08300
08301
08309
02478
05515
03499
08722
03446
02492
03298
09812
03431
03315
03406
07689
03559
03832
06958
08993
03809
07337
09915
09916
09917
08591
09918
00794
07343
03498
01061
09768
08218
09890
00965
00797
09893
09894
09895
09900
09901
09902
09954
09926
09948
09891
09937
09928
09888
09747
09950
09972
09858
09941
09977
00243
09748
09962
09892
09999
08989
09899
09896
09897
02477
09749
09710
09923
03711
09131
03455
09117
01262
08475
08476
10117
06891
10773
00647
03979
05306
02221
08720
09810
03924
01183
06182
00830
10111
09786
10123
10109
10108
10108
10540
09780
10541
10542
08312
09761
09760
09767
09801
08306
09125
10110
08311
09790
09914
09908
09909
09910
09911
09913
09859
09701
08602
09458
09998
10441
09906
09907
09971
08485
03406
07566
09889
09970
10000
09997
07798
07792
07791
07783
09808
07568
07735
07738
07740
07574
09969
07811
01150
09800
09947
09791
08304
07479
07814
07576
07552
07566
07787
10805
10680
10253
08234
00123
05834
00537
01461
01461
00134
00969
01638
00507
09158
11179
11191
11192
11183
02768
07636
11211
11392
03719
10806
10912
06177
10939
10941
10440
10925
10926
10927
10910
10909
01961
10911
10913
10914
10943
10439
09815
09938
10679
09816
05816
00647
13747
05814
05813
05815
09817
09898
10125
10126
02280
02282
02279
02278
10125
03892
11072
03561
11070
04771
06212
11107
11928
11071
11069
01907
07090
00832
03926
07090
07090
01625
01625
01625
04042
12264
12265
12112
06903
06956
06901
11991
07497
00950
03561
03561
00029
03112
09022
09159
03406
06076
06076
09160
06213
09161
09909
06077
03310
02482
09922
00451
07289
09904
07702
07783
11927
03561
03585
03307
08714
07461
06213
03760
07182
07814
07126
04078
02024
01590
12062
12063
12113
11751
12065
07082
12279
11688
12266
06969
12266
12340
10974
11018
10948
12281
12283
12284
12278
12277
12280
12237
14393
11930
02237
03496
08305
11258
02784
01890
01894
00821
01874
10942
10921
10917
10918
10924
10922
10924
11209
10953
11085
11201
11202
11203
11202
11203
11175
00018
07862
02238
00058
08316
01247
11068
11104
02078
02480
11312
03719
11690
11689
11893
11894
11902
11896
03748
12061
07263
03426
11747
03746
11927
11755
02226
12984
12532
12530
01297
12982
01916
02024
11753
01515
12267
12282
12276
12285
12286
12059
12060
12056
12072
12057
12058
12410
12064
12066
12067
01491
05368
12068
11933
01533
12525
03655
07258
12373
13051
12961
13009
13292
10804
03406
03406
07025
03406
06518
02342
02855
07688
05798
07661
07639
03148
11069
11890
11892
11891
11752
00965
11897
11898
11899
11900
11926
12111
11906
11903
11754
11719
00661
00661
03524
11895
02304
02303
02303
11901
11748
00024
11750
01089
01766
11749
11907
01243
02303
07444
08682
11720
12287
12262
00602
13590
14761
13895
13746
13637
13038
13288
06879
13283
12373
13652
13788
14161
12512
12513
12515
15533
02651
12573
12511
08310
12510
14055
13628
01571
13529
12511
12510
03272
01825
14058
01782
12531
01534
07274
13246
12373
03574
12524
12511
12510
04072
00281
12514
12942
03782
13638
13639
01792
08281
13643
13634
13821
13894
13894
13895
01011
14228
14232
14232
01977
01977
01977
01977
01977
14232
01977
01977
01977
01977
14228
14228
14228
14228
14228
14228
14228
14233
14233
14229
14229
14229
18929
14162
14233
14233
01070
13954
13498
13771
13653
13766
08325
14235
14235
14220
14220
14220
14220
00941
16962
10112
14236
14236
14236
14236
14219
14221
14221
14221
14221
14221
14221
14232
14187
02363
14234
14234
14224
14224
14224
14224
14228
14233
14237
14218
14230
14230
14230
14218
14155
14219
14225
01934
14237
14237
14237
14445
14445
01173
14225
14225
14225
14225
14225
14225
14225
14219
14234
14234
14234
14234
02003
02483
14231
14231
14231
14260
14441
14227
14227
14227
08985
15045
01524
16961
14683
01985
01985
01985
01985
01985
01985
01985
01985
01985
01985
14226
14226
14230
14237
14222
14222
15396
14230
14230
14230
14230
14230
14218
14218
14218
01980
01980
01980
01980
01980
01980
01980
01980
01980
14219
14219
14219
14219
14219
14219
14170
06957
14742
14540
03324
14652
00638
14681
18928
01146
16013
15371
03321
10823
03500
19049
03817
17836
14682
16012
12543
12543
15256
15257
08086
12237
04787
15580
15578
15545
01252
15738
15633
15773
15736
02428
04765
15723
21429
15461
15460
15724
15577
15835
15581
15583
15582
15539
18136
07183
15576
15536
01082
01713
15268
12542
12541
12542
10716
15984
03320
15986
19736
19736
15977
16092
10023
02014
10716
16052
03321
03320
10716
16087
16052
10024
10022
10025
16074
16371
16171
16345
16317
00209
01990
05349
10924
03299
16785
08722
14445
02651
02572
16137
04015
04014
16263
13893
02027
02025
19226
19227
16692
15583
10823
14228
14223
14223
14223
14223
19228
19230
13893
02026
16963
02030
16786
16787
16924
14223
14222
14225
14233
02030
02030
17317
14228
14231
14220
14224
14229
14218
14237
14233
14228
17316
02503
16922
07639
17315
17713
17230
19092
10112
07645
01990
01992
01992
11069
05601
17686
19789
17763
02030
19745
00254
00209
17758
17759
17836
17762
17752
18218
07483
03585
18138
17948
19049
16554
20962
01791
00138
18446
18454
18480
11904
18555
18581
18676
18675
18765
18691
20862
18800
18778
18657
03790
10747
18930
18893
03976
01872
03526
18990
18989
18979
19000
07746
19092
01154
22468
19229
19236
19221
01992
01992
19333
19302
08604
19416
19337
22042
19334
19693
19694
01258
07666
00799
06132
19804
19810
21636
08723
09796
12132
09788
20455
18890
18889
19591
01214
01200
20920
20920
20988
16554
20954
20955
20956
20957
20959
20961
20978
20918
20988
20950
21029
21217
20919
20962
20977
08968
07181
02495
20964
20965
21218
21405
21420
21470
21645
21606
21712
19285
21936
06212
22051
22132
22105
02257
11391
00424