06881
06962
09140
00971
01897
02030
01897
00970
01533
07341
02619
08310
02836
01665
07566
03228
03227
03226
03223
03222
03644
00382
03070
01613
03424
03562
03559
03641
03640
01776
01619
00789
09703
08223
09792
03564
02035
02033
02034
03306
07220
02031
02032
06178
01834
04487
13819
03524
05837
02946
02355
02992
02950
00655
00945
00981
00806
01939
03596
00380
01770
00790
07114
07114
01507
07099
13421
01465
00610
00609
03438
03587
01928
01448
00033
06879
09858
06173
03669
03670
01921
03116
03500
03716
02687
01673
03523
07478
11928
06207
07576
06959
03092
03496
01868
03583
03582
03581
01698
01756
03834
03834
01867
03702
00556
03559
03561
00773
03210
00573
03455
04079
00351
01950
03575
06999
00058
01991
11065
04568
02356
01241
03723
01872
06193
03321
00615
01599
00231
03696
02806
02806
01520
01963
04564
04485
03685
12992
01790
01709
00978
00325
00324
00324
00813
09014
09013
09015
11717
00605
02437
00282
00283
00350
00349
00348
00347
02313
07098
03574
00012
01491
03734
03629
02338
03664
00783
00997
02078
00059
00645
00648
06187
07277
06142
02536
08680
00627
00162
00161
06997
01845
09800
01953
02066
02065
07735
02996
02871
06168
04565
01972
03630
03665
06167
01647
10026
06920
00939
03319
07126
01782
08301
02911
03621
09778
00748
03431
00820
03834
03547
03546
03110
01903
01902
06902
00873
03701
00864
01929
01921
00800
00891
01735
09005
01873
03310
03310
05571
05570
05569
05568
05567
00677
02372
02535
03820
02528
07258
02337
07783
01892
01876
03216
03671
07146
01890
00940
00940
06861
01627
00950
01299
01775
11720
07091
04075
03798
00962
02956
02909
02835
02493
03106
02959
00554
03470
00942
03060
01874
02902
07386
00322
01638
01637
06960
07560
06180
03565
02621
02492
01893
01151
03980
02986
07710
05808
03584
08998
00525
00526
01596
03569
03545
01358
03544
01265
03439
01810
04763
00793
06076
02434
02433
02435
07071
01534
07101
03631
03471
08974
06173
05595
00845
01714
00215
03581
02316
03224
02417
02417
03219
03977
00259
03529
01875
03705
03687
04043
01297
00389
02335
00859
03628
03979
02899
02888
00088
00602
01951
01265
09761
00796
00425
00426
03800
00075
03625
06901
02954
02919
02914
03536
03310
00995
00948
02897
01056
02990
02963
02939
03274
03272
01484
06447
03797
05896
06024
03498
11710
03593
03301
12257
07462
03797
01885
00995
00558
03711
03301
03301
00927
08681
06215
02342
03978
06925
00263
01887
03497
03168
00673
01295
03695
00364
04058
03230
03229
06942
11753
03177
02834
02519
02600
02945
00928
03311
01783
02356
02160
01961
06966
03787
12267
01993
07301
06041
00031
00912
03271
00549
00549
06180
03437
06969
03101
06204
07738
06966
01092
03523
00228
09815
09817
09816
07133
00384
01681
00857
06158
01126
00111
06940
03703
01868
02520
02916
02887
01889
06179
02841
03169
11069
11070
06941
04047
01953
11903
08296
02314
03495
03800
03218
00240
00239
00241
03650
10773
03550
01159
02843
00972
00057
04487
07263
06888
06213
01626
06920
01962
03885
00566
11942
00166
00167
09699
05916
01476
06969
07322
04561
02300
01866
01807
08999
08602
04078
04077
03555
04066
04567
02573
01883
01909
09458
09710
00969
01915
00791
03111
03926
02563
03588
02299
02298
02297
01356
09760
07175
07007
01486
06915
01442
01870
03100
00865
00763
08281
09131
01925
01000
00507
07056
06076
00767
04077
02015
02013
03308
03593
05592
07124
07037
02343
09747
08483
06023
02238
06153
03466
03686
02970
01129
01338
06966
02049
02518
02358
03073
02601
02867
02863
02864
02935
03043
03046
00616
02121
02441
00784
03733
01495
00931
00147
00286
01772
07164
00600
01358
01778
03282
00831
01754
13775
03327
00626
01720
00134
02879
03040
02948
02952
03076
02876
02988
02881
02933
02994
02931
02895
02874
02961
02904
02878
02982
02890
02117
02118
02120
02123
02124
01679
02342
03563
01633
00208
00876
09807
01246
10778
03781
02965
02886
02892
02926
02906
00604
00508
13789
02662
13979
03832
03308
03551
07568
03111
01255
00133
01654
01955
02340
07056
00384
00164
00658
00382
03585
00135
03657
13821
04078
04077
03498
03499
03386
01689
06949
03437
03572
01262
07636
03924
00688
05343
00700
01251
02313
03217
01104
02470
02469
00943
02341
02552
02551
02551
01661
02548
02549
01911
03183
07042
02339
12573
01869
09930
01736
03648
02454
02453
00346
01126
00140
02967
02357
09903
02838
06978
02968
06180
01479
01468
01712
01745
06910
11752
01895
02527
01752
06889
00794
07058
05845
05846
03744
00979
01937
07447
05844
03086
03722
00705
00405
00404
01512
02221
03553
03496
01641
01823
00054
01597
00938
00869
02108
02110
02109
02113
02111
02115
02112
02114
00036
01057
06182
01409
02913
09808
01697
00697
00639
00060
01462
03075
01803
03601
03602
00858
06287
13789
00034
07278
11071
00630
01881
18682
13832
01408
00213
06013
14415
06972
01658
03768
01079
10206
14223
14227
14229
14219
02050
01934
11754
00970
13017
13015
05847
02884
03296
14228
14219
14233
01784
14164
14228
02051
07497
01829
07052
01715
03417
01659
01802
14237
14224
02426
01760
01069
14231
14222
14228
14441
14230
14228
14233
14225
13288
01924
01977
01977
09810
00632
01980
01980
01985
01985
14234
14220
14218
14237
00895
06889
02622
07714
02455
02636
02116
14230
11072
05565
11189
11189
05939
14233
14230
14228
14219
14234
14234
14232
14219
14225
14218
14236
00949
02427
14226
06919
06198
03215
14652
07658
15738
01840
02428
15371
12073
08679
15987
15977
15987
16147
07497
07497
07497
16052
00024
11645
03699
01992
15894
03834
02067
11707
11709
11708
17103
04084
14221
14232
17686
17506
18139
18138
03742
18554
18707
07171
07171
14235
03825
18979
19055
19157
11991
00798
04771
01990
01992
19405
19411
19713
19689
01843
12132
20074
20265
01214
21636
22136
00754
02257
01534
17758
17759