13797
01419
04487
02313
03203
03204
03195
03196
03205
02493
02950
02992
02355
02358
03073
02601
02867
02863
02864
02935
02435
03641
03686
03657
00339
00340
00341
00342
00343
02197
00335
02520
00338
03650
00384
00648
03621
02911
02066
02065
00099
03568
01719
02335
03495
03980
03801
01952
02038
02884
01613
03553
00799
02343
03089
02338
06173
00413
00412
01892
03787
03106
02372
02945
03439
02194
06204
03977
03470
03204
02067
03551
03550
03424
00332
00331
00330
01929
00329
00356
03168
02011
06195
01589
04763
00655
02968
02371
03199
06187
01919
03667
02078
03465
04066
00411
02469
03523
01902
01903
02970
03496
03497
00241
00242
02115
03592
03704
03694
03685
03594
03455
03798
01299
03569
03587
04079
04487
01056
04764
03474
02996
02871
02427
03072
02528
04096
01681
03071
02342
02470
03466
03558
00793
01889
02888
02899
03707
02276
01159
03589
01092
02356
02860
03564
03629
01955
03086
03060
01588
03182
03179
02519
02600
00384
01497
01647
01749
04485
04566
03572
02838
02357
02967
03210
00616
03186
00333
03664
03111
02337
02963
02939
03628
03770
02959
02523
03687
02341
03655
03926
04088
04087
03702
03199
02916
02887
02909
03671
03110
04488
04082
03100
00609
02012
02956
01952
03701
01928
04043
02913
03688
00344
02258
03218
03294
02445
03630
02022
02858
03624
02111
02879
03040
02948
02952
03076
02876
02988
02881
02933
02994
02954
02931
02895
02874
02961
02904
02878
02982
02890
02965
02886
02892
02926
02906
02946
02358
01956
02446
01840
01409
01129
03531
00240
01095
00334
00425
00426
03595
03733
03676
03101
03544
03545
02563
02518
02195
02919
02316
00568
02314
03630
00919
02340
02036
06213
02040
01494
02986
02902
03644
03183
03588
02193
06179
00161
02108
02110
02109
02259
01965
00239
03118
03402
02028
03075
00162
03596
01679
03642
02433
02434
01883
03116
03703
01879
01878
00337
00336
03438
03590
02897
03185
03593
00859
03684
03555
00525
02914
02037
02112
02114
00526
03584
03695
06207
02198
03074
03217
03625
03978
02835
02275
02274
03469
04077
04078
03762
05524
03530
05807
04564
02113
05837
04044
03198
05569
03201
03527
06134
03684
06906
06147
06147
05568
05571
05568
05567
06180
00954
06400
00228
02834
06168
06985
06287
07018
06980
02109
06904
06942
03386
06890
07447
06999
07152
06867
06137
07146
07088
06905
07461
07042
06908
07058
06903
07277
03201
03201
03201
07258
07052
07391
07390
09903
07462
09458
01591
06900
09706
09773
10773
08973
08591
00794
02221
10563
09985
09991
09987
05515
03652
09747
09710
08311
09760
09761
08738
04042
09808
09810
07501
14218
14233
14230
02453
04075
07552
03640
00970
01875
01945
00948
01255
01869
00208
00088
01803
01921
00789
01698
01265
01951
00762
01465
01520
00930
01338
01358
01920
00382
01939
00215
00615
01887
01876
01870
01885
00942
00134
01873
01937
00995
00029
01689
01924
00981
00806
00820
00075
00658
00012
00059
00939
01006
01783
00674
00773
00382
01714
01972
01885
01756
01439
01867
01881
00997
00791
01925
01872
00604
00645
00858
00287
00962
01760
00133
00928
01868
01142
01262
00554
01923
01933
01599
00600
01000
00764
01866
00275
00901
00927
00627
00940
01772
00795
00790
01778
00943
09816
00566
01507
00643
00164
01915
09815
09817
07716
05527
02200
01874
03203
01578
05568
12340
08300
01462
00821
01890
11175
02488
00031
00602
00057
11754
07552
00812
01620
01491
16264
13292
11752
05788
01620
03524
11753
03310
00024
12262
03310
08316
12506
11749
13821
01091
02010
13628
03088
01966
03979
15383
05540
15371
11741
15633
11741
15270
00254
03526
11645
13941
14998
00096
17103
14237
14232
14224
14229
14222
14227
01980
14231
14219
14228
14230
14220
07263
12574
18588
18587
18707
15035
06147
16898
18990
18989
16899
00986
00986
00986
04771
00821
00949
01297
02990
03070
03762
09159
06194
14225
14223
14235
14221
01985
14234
01977
01978
06903
14228
14219
14228
14228
14234
14236
14219
14237
14226
14219
14228
14225
14233
14233
14230
21929
02257