01736
03496
01039
03585
01358
01338
01069
02342
00299
02459
02460
02461
02453
00763
01462
00600
00793
00946
01546
01547
01548
01928
01000
02563
01924
01921
02535
03070
00035
01176
01251
01595
00789
00852
02050
02049
02051
02004
00901
00560
00287
01525
02528
00097
03185
02437
00605
00833
01192
02660
02659
02658
02657
01920
00951
02343
02911
00648
00645
00059
02078
01657
02341
02676
02688
07734
02658
01939
01356
02888
02899
02968
01870
03101
02297
02298
02299
02300
01235
01812
00631
02529
01591
00857
01495
02065
02066
02067
00865
01126
03217
02914
00064
00141
00627
01620
01154
00981
01758
02454
02623
02493
00453
03088
00674
02529
00548
00486
01556
02200
02199
02198
02197
02196
03088
01684
01631
01897
02404
02418
02415
02414
02407
02397
02395
02386
02398
01142
02529
02195
00822
02673
02672
00285
03088
03154
00036
00661
03636
03637
03638
01284
01637
00253
00839
00681
02433
01433
00549
01687
00481
00864
02440
00111
02444
00449
00448
01857
01055
01607
02624
02169
00059
02170
00652
01012
03179
01883
01465
01051
00568
02356
01092
00759
00023
01448
00135
01915
01915
02379
02769
02770
03074
03072
03210
00773
00761
00681
01271
03110
01889
01876
01114
01586
02233
00768
02231
03201
03201
03201
03201
02227
02224
03197
01087
00697
01902
01903
02668
02667
02652
02653
02654
03149
03214
00957
00380
00381
01623
00873
00927
00134
02020
02018
02017
00615
02666
02665
02664
02663
02662
02909
01708
01706
01707
01139
03060
00942
00989
01271
01262
01807
00788
01845
00817
02558
00939
01507
03147
00681
00053
00052
01704
01703
00573
02527
02517
00029
01919
02168
00130
01443
02529
02460
02459
02458
02457
02456
02455
02454
02453
00033
03183
01778
01354
01194
03088
00982
00163
01775
00285
02556
02557
01784
01854
03086
02517
00604
01462
03168
03089
00031
01633
01409
02970
02316
02276
02258
02274
02275
01866
01142
00762
01520
01887
01585
00797
01255
02003
01867
01476
00943
00014
00380
01698
00383
03602
08307
01802
00858
01141
01673
01893
02990
02963
02939
00817
01972
02469
01712
01479
01745
01468
00831
00800
01875
02195
01521
02622
01937
01689
00991
01770
00573
02427
00796
00791
01356
01872
01714
00883
00854
01805
01448
00970
00950
00606
01918
01579
01810
00075
00128
01892
00765
00013
00817
02501
01814
00058
01640
00215
01956
01955
02836
01681
01682
02557
02556
02405
02416
02413
02410
02408
03092
02422
02406
02396
02394
02393
02392
02391
02390
02389
02388
02387
00566
02518
00684
02656
02575
03226
00372
03225
03227
03229
03230
01790
01114
00764
00937
00030
01053
02461
02462
02463
00703
00700
00705
00162
00161
00457
00451
01923
01783
01657
01153
01658
01609
02871
02996
01945
02687
02160
00627
00382
02003
00820
01759
01414
01716
01091
01935
01800
01697
01711
01790
00067
01028
01029
00311
02067
02065
02066
01881
01728
01728
01873
02339
01255
01952
02455
02456
02457
02458
01977
01977
02890
02982
02878
02904
02961
02874
02895
02931
02954
02994
02933
02881
02988
02907
02876
03076
02952
02948
02986
03040
02879
00799
00219
00639
02048
02046
02047
02045
03219
03222
02111
02113
01198
00526
00525
01674
00059
02335
02913
02902
01142
01895
02429
00851
01879
01878
02454
03118
03117
01985
01985
01980
01980
03282
00969
03116
01772
01805
00390
02313
02338
02470
00266
00265
00832
00101
00874
01493
00700
02529
01815
00065
00500
01915
02498
02496
01719
03071
00057
00156
01921
00978
01724
03223
00995
01104
00979
00912
00036
00845
01057
01690
00019
01007
01951
00088
03571
03570
03569
00963
02945
00945
02919
02193
02194
02114
01077
02340
01869
00567
00123
01885
01834
02523
01925
00609
01246
02670
02669
00286
00380
01933
00790
03092
02806
00275
00891
01735
01599
02837
02356
03686
06287
02197
03317
02500
03320
00384
00362
02198
02199
02200
00641
00147
00931
01755
00145
01438
01940
02452
02674
02650
02650
02650
01968
10563
02887
02916
02520
01868
01187
03199
03198
03194
03196
03195
03204
03203
03205
02655
02674
02671
01589
01588
00767
00962
02956
02834
02519
02600
03075
01803
01963
01695
01696
01817
00133
00090
01613
01494
03316
03601
04564
00363
02014
03269
03293
00973
01710
01611
00859
01179
00882
00060
00433
00766
02109
02108
02110
01673
02346
01886
00616
01259
00826
02835
02494
00919
00948
02897
02358
03073
02601
02867
02863
02864
02935
03043
03046
02950
02992
02355
02358
02946
02906
02926
02892
02886
02965
01209
01785
03106
02959
02860
00554
02884
03224
03228
00140
00020
03088
03100
03215
01207
00760
00626
00263
00574
00547
01962
00748
00677
02372
02536
00099
00981
00806
02838
02357
02967
02412
01265
00990
02420
01439
01953
00569
02621
01284
00432
00528
01676
00252
02417
01953
02314
01669
00868
00382
02421
00658
00164
01756
01679
02419
02411
00012
02409
00847
00548
02401
03218
02400
02039
02036
02038
02037
02040
02040
01673
01715
03322
01752
01754
01733
02112
02115
05847
03305
03307
06193
03683
03684
01638
03687
02429
03535
03296
01184
03424
03306
01737
03455
03688
03980
06207
03474
02484
03500
03411
00575
00575
00575
09761
01929
03501
03216
03300
03327
03415
03408
03408
03408
03408
01419
03292
03088
03534
03424
03310
03639
01647
01740
03560
03667
03536
00645
00648
03284
03669
03670
03628
03111
03590
03531
03387
03495
03417
03407
03407
03407
03412
03412
03412
03413
03414
03413
01627
03528
03529
03502
03609
01649
06178
00940
06187
03610
03406
01659
01113
03556
03703
06204
03750
06195
04744
04066
03549
03565
03762
03832
03294
03760
03611
03589
03438
03412
03412
01739
03690
04759
06200
03629
01652
04087
04088
03666
03650
03562
01662
03435
03588
03648
03695
03770
04077
03521
03550
00986
03665
04063
03522
03596
03469
03470
03673
03977
03702
03701
03732
01738
01738
03634
03745
03672
03771
03635
03799
03676
03654
04760
03747
03811
01626
01626
03631
02259
03641
03608
03705
03503
04079
03630
03801
00537
06131
03777
03924
04763
00384
03701
01283
04083
04043
03761
03582
03583
03581
01749
03594
03579
01811
03781
04078
03979
07481
03664
03814
03786
04034
03587
03586
03600
03599
03558
03551
02462
02463
07729
03406
03406
03406
00340
00341
03790
03789
03625
03561
03554
03563
03642
00342
06041
02337
03733
06194
03544
03559
03655
06213
03656
03657
03545
03543
03296
03525
05874
03925
03743
03787
03644
03704
03704
03704
03557
03567
03564
03724
03305
03595
03978
03685
06201
06181
03926
03593
03594
03798
03671
03555
03694
06147
03643
03624
03553
03578
03744
03775
03497
03466
01159
03572
03575
03576
03584
03592
03568
03723
03824
00426
00426
00426
00426
00338
04773
03735
03736
03823
03823
01056
04751
04762
01420
04764
06179
00241
03981
03841
06183
06173
06180
03177
04754
04761
01201
04567
00242
04075
03797
03797
03220
00330
03719
00339
03791
01206
01206
06176
04750
00425
00425
00425
00425
02005
04046
03559
00332
00333
00334
00336
00337
03781
04047
00343
03885
00239
04127
00240
04565
04564
04517
00117
00117
03439
01991
06147
06147
01153
03750
06213
00411
00413
02044
03724
03734
00335
04562
05539
00412
04793
05540
03924
04096
00331
03775
05349
09811
04485
04568
05520
04758
02004
03752
02012
01118
01118
06023
02670
09181
05365
02014
05367
05782
03722
07712
05524
03270
05349
05589
05563
05564
06189
02014
02014
05562
05710
05366
02014
02014
02014
05559
02021
05807
05810
05838
05837
03530
03821
05561
05560
05592
02004
02004
01990
01992
02014
06153
03710
02426
05788
05515
02014
02014
02014
02049
05516
05874
05874
01002
03413
06175
05844
05786
10773
05349
06143
05808
06158
03281
05836
06075
06076
06140
05591
06168
03200
03594
07560
06134
06137
06138
06139
02553
03527
02348
03098
00108
06136
05874
05874
05874
05874
05874
05874
05874
05874
05874
02554
06148
06598
07011
03427
05982
00799
06445
00954
07460
03406
05896
06024
06977
02487
06596
06597
04084
05875
00228
09808
07290
07124
03427
07115
07017
07017
07018
02071
07121
07660
06978
07090
06968
06940
02072
07636
06983
07107
06861
07114
07657
07637
02647
06959
07216
07217
07165
03924
00872
07646
07667
01975
07091
07175
06969
07649
07774
06915
07093
07277
06966
07117
06942
03386
07082
07220
06966
07107
07183
02073
07071
07114
07114
07102
06910
07090
07122
06889
06975
06977
06884
00003
03119
06949
07233
06988
03640
07708
07126
03768
07315
07058
07275
07276
07178
07400
07019
00297
07152
07283
07447
06217
07141
07285
07340
06940
06941
07221
02014
06980
07152
07304
07238
06867
06867
07153
06999
07148
07131
06872
06876
07043
07043
07040
07641
07663
07267
06877
07146
07088
03807
06955
07127
06911
07157
07058
07056
06920
07278
07004
07004
07095
06911
06911
00297
07320
07397
07323
06895
07043
06906
06905
07391
07007
07782
07042
06907
06908
06903
06893
06893
00974
07305
07007
06901
06901
06997
07001
07010
07119
07025
07147
06222
06996
06894
07038
07258
06886
03772
03772
07386
07461
07052
01434
09903
06925
01247
07393
07052
08083
08082
09921
09922
07390
07402
08084
08084
09920
07462
08191
09888
09458
03673
09013
09015
01444
09781
03088
03722
00845
03646
02014
01179
07481
07481
00302
00720
00701
01187
03098
07497
07497
03630
07497
00453
09992
00799
09014
09773
00783
09005
09007
09973
08998
09003
09793
08963
09779
09780
09001
08973
08323
08289
09939
05794
08301
08300
08309
05986
03309
01239
01934
00274
02014
07506
02014
01236
06044
00059
07346
07346
07347
01184
04065
02485
00950
00799
01058
06077
06186
04761
07979
00432
04564
03431
07386
07386
07443
03832
01802
07386
02492
03446
01190
01768
06953
00574
06954
00507
03616
02200
01061
02014
01081
00452
03832
02169
02510
00799
06958
02821
01728
00641
01467
00845
06287
00459
01187
01263
01126
01256
04079
01198
01209
03559
06131
00058
01179
01179
01179
07497
07497
03671
00587
05343
00507
03496
00655
02364
07497
03098
09812
01497
00799
01436
04751
04565
07270
03688
05970
07093
01218
01779
08081
03098
01485
03184
00128
00118
01515
01424
03809
01512
00344
06178
01488
08224
01754
09915
09912
00794
04100
09975
04101
09748
03088
08482
09768
01278
09889
06916
03832
05527
00683
03449
00799
03284
03446
03543
03585
03832
03791
02192
00995
03793
09771
01014
03286
03286
07221
07221
05341
07390
02014
07275
00564
07386
01829
00721
00508
02483
07693
02004
03832
00077
03671
00647
00655
09895
09933
09799
09955
09948
09937
03561
09924
09858
09747
09959
09800
09807
03652
04093
09704
03711
09117
02237
03406
02479
03574
03296
08995
03406
03496
06884
08369
09774
06891
08989
08987
10715
09810
08981
09823
08218
07326
03294
06182
09705
01273
07483
08311
09801
09760
08312
07497
09767
01447
09790
09471
09806
01224
01224
08641
08738
09701
10026
09919
00666
01426
09902
07336
08305
07478
09167
09159
01951
05970
01198
01209
00040
01053
01181
01190
01181
06131
03294
03328
07502
07504
07735
07738
07574
05522
01198
00064
05889
09164
09125
09710
08151
07577
07568
07814
07552
07566
09125
08139
10220
01808
00798
02238
08234
07778
10805
03396
02529
09065
00432
10763
11073
11177
11074
01154
10947
07799
10979
10914
10804
10941
03785
09940
09941
09938
09691
09980
00647
01992
09696
09697
01990
08307
06182
10819
09690
11076
05596
03746
11177
10747
01894
03205
11189
01091
04090
01625
12297
12262
12262
11747
11754
12251
08964
11927
11749
12308
11075
01197
11258
00821
01874
01890
11103
11211
10954
01447
11085
11177
11175
11068
11178
08483
01961
08316
08483
11183
02768
11068
02078
01040
05973
00856
03719
05349
04042
00820
03426
09019
11755
00906
12979
12982
12526
09807
01093
09474
06996
13053
11178
08967
11747
13051
13483
11719
11924
01916
02483
11752
11902
03524
00626
00023
02303
02304
10680
00355
03568
11475
09158
01089
11717
11720
02302
11753
05984
00602
02003
13815
13038
02232
12686
07497
07497
13288
13292
12573
14058
13821
13529
07497
01322
13934
13930
13929
13931
13932
13933
12256
12373
12524
01782
06879
00281
01491
02474
09880
13979
00121
00121
07483
00955
13639
01156
13775
00024
03297
03809
01070
07516
00795
13483
07497
13656
13657
13662
13522
13663
13816
03782
13993
01792
00941
14228
14223
14223
14228
01011
14225
13628
14229
14228
14228
14233
14225
14232
14233
13455
13924
13652
13664
13665
13659
13658
13660
13661
13766
00632
00472
14224
02013
14218
14218
14347
14287
14260
14266
14226
14234
14218
14218
14232
14230
14229
11737
14224
14224
02014
14161
14393
14237
14233
14231
14219
14236
14228
14228
14205
14415
06945
14170
03574
14235
14232
14221
14221
14219
14237
14234
14441
14237
14227
14227
14225
14225
01524
01173
14623
15125
06919
15035
14234
14219
01051
01978
14222
01083
10218
16238
14233
14230
14220
06133
14218
14230
14219
14219
14162
07823
14266
02083
14742
07497
03699
14652
14645
01969
19092
16013
18138
15011
12340
06177
18377
15396
15726
15012
17836
14761
15034
16012
15727
01082
15539
15629
03929
03929
15738
02428
04765
01834
15725
15371
11741
16011
15724
08086
18335
15270
15778
15778
01713
08679
01091
07221
10716
15974
15977
15987
18334
19736
15923
03781
02014
05802
16092
07481
07481
07481
07497
07497
07497
07497
07481
07481
07481
07481
07481
07481
07481
07481
07481
07481
07481
07481
07481
07481
07481
07497
07483
07483
07483
10954
07483
07483
07497
07497
05886
16091
16090
16088
16088
16147
03301
02014
10716
03321
16087
07316
16137
07038
16211
01992
02014
00209
16514
05349
14645
01061
01061
16211
16088
16088
02014
14645
05349
16171
12262
16264
02027
02025
10112
05825
02026
05845
05846
02226
13485
02196
17103
17247
11209
18139
17103
17713
01990
01990
01992
01992
09788
17758
17759
17752
17762
17763
00254
18138
03585
21449
07788
17850
18240
18118
07789
18336
18376
18383
07046
18373
18374
18378
18379
18380
18381
07260
18375
00138
18457
18480
03462
16235
05521
18697
14266
03568
19048
02847
01971
03427
18879
18827
18786
03328
18893
20862
07316
09892
18954
18850
01971
19033
03976
20074
03526
18979
19048
19048
07746
07452
19147
19163
00571
19164
19221
19335
08646
08646
01066
19267
19302
04771
19302
19336
19577
19577
19586
19585
20755
00992
12960
19696
19668
19668
00799
22292
19784
06131
06132
15777
19804
19802
08992
05770
09796
21420
12132
20444
20455
21929
20429
20444
20325
20327
20326
20328
20534
20628
22132
20755
01214
01214
20866
13877
21071
21061
21062
21023
13877
21025
08968
12658
21472
21472
21405
21686
21498
21929
03442
22318
22105
13874
22067
08994
22252
22319
01337
17758
02257
22317
22320
13566
22478
22479
00424