02650
02650
02650
02650
02650
02650
01736
03496
07734
01897
01255
02498
03602
02338
02470
01591
00832
02160
01012
03179
03106
00791
00796
02427
01687
02517
02527
02959
02860
00554
02884
01265
01439
01953
01356
01872
01414
01873
02339
01255
00820
00797
01585
01887
01520
00762
01142
01866
00059
02837
00605
00833
01962
01923
01657
01658
00766
01609
01271
03210
03072
03074
00970
00950
01918
01810
02600
02519
02834
02956
00962
01710
00973
01790
00067
02558
01681
01682
01154
01803
03075
01139
02314
00852
00788
00789
02050
02067
02066
02065
01867
02316
02970
01409
01633
01939
00134
00940
03118
03117
03116
01772
01716
00943
01933
01697
01711
00014
01802
00645
00059
02078
01657
01868
02520
02916
02887
01889
01448
01494
03154
03149
01928
01000
02563
01924
01921
02535
03070
01885
01623
03185
00097
01192
00285
01775
00573
00382
00627
01673
03168
00604
00116
00600
00793
00946
00029
00681
01465
01883
01940
01438
00145
01755
00931
00147
00631
00748
00677
02372
02536
00099
00981
00806
02838
01690
01057
00845
00036
00912
00763
02335
00215
01955
02836
02453
02459
02460
02461
02667
02671
02671
02672
02672
02673
02673
02674
02674
02674
02655
02655
01925
02946
02906
02926
02892
02886
02965
02890
02982
02878
02904
02961
02874
02895
02931
02954
02994
02933
02988
02907
02876
03076
02952
02948
02986
03040
02879
01358
01338
00525
00526
02902
02913
00799
02622
01937
01689
00991
00311
02067
02065
02066
00951
01599
00891
00275
01886
02048
02046
02047
02045
02517
03086
02621
02170
00652
01613
00133
01817
01695
02300
02299
02298
02297
02523
01759
03092
00790
01952
01919
00566
02518
00684
02529
01443
01963
01354
01778
03183
02454
02455
02456
02111
02113
02494
02835
01589
01588
00423
03089
00031
00266
00265
00286
01153
01154
01154
01154
03217
02914
03194
03197
03198
03199
03200
03201
03203
03204
03195
03196
03205
03111
02457
02458
03282
02014
00380
00957
03060
00942
00989
01259
02493
02909
02996
02871
01611
00382
00658
00390
03571
03570
03569
02114
03686
03775
06287
03320
00384
10563
10563
01735
02313
01053
03601
00012
00847
03169
02496
01719
00057
02343
02911
00648
03269
01462
02109
02108
02110
01433
01915
01676
01876
00528
00432
01834
03110
01657
01658
00278
00767
01142
00615
01284
00764
01920
01879
01878
01945
01495
03218
00826
01262
03169
02169
02040
02037
02038
02039
02528
01525
02342
01069
01507
01869
02340
00969
02356
00058
02500
01814
02501
00817
00013
00765
01892
00609
03088
03100
01895
00111
02440
00864
00549
01104
00979
01845
01698
00995
00800
00831
00287
00560
01207
03215
00052
01704
01703
03101
02899
02888
02945
02919
02193
02194
02195
02197
02198
02199
02200
00568
01092
01935
00859
01903
01902
02469
02939
02963
02990
01893
00075
02967
00573
00937
00030
00567
01724
02358
02355
02992
03046
03043
02935
02863
02601
03073
02358
02897
00948
00919
02652
02656
02658
02659
02660
02666
02665
02664
02663
02662
02669
02670
02676
02654
01754
01733
02112
02115
03305
03683
03720
03684
02429
03168
03424
01737
03455
03688
03980
03474
01046
01929
03216
02352
03327
03328
03284
03424
01647
03560
03667
03536
03670
03111
03111
03111
03590
03387
03495
03417
03528
03529
03760
03609
01649
03977
06178
06187
03610
03703
06195
04744
04066
03549
03438
03832
03294
03611
03589
01739
03690
04759
03629
01652
04087
04088
03666
03650
03562
03588
03695
03550
03665
03521
03522
03596
03470
03469
03702
03701
03732
01738
01738
03770
03745
03771
03799
03676
03466
03654
03585
03747
06199
03687
03631
02259
03641
03608
03705
04079
03630
03801
04078
06131
03777
03924
04077
04763
04043
03582
03583
03581
01749
03579
03664
03814
03587
03586
03600
03599
03592
03558
03551
02462
02463
00340
00341
03789
03625
03561
03554
03642
00342
03733
03655
03656
03545
03525
03925
03743
03787
03657
03644
03704
03557
03567
03564
03544
03595
03978
03685
06201
06213
03926
03594
03798
03671
03555
03694
03624
03553
03497
03572
03575
07733
03761
03584
03568
03723
00338
04773
01056
00411
00412
04751
04771
04764
06179
00241
03981
06183
06173
01185
01185
01185
07273
06180
03177
04754
04761
01206
04567
04095
04075
03797
03797
01179
01179
00330
00339
03500
01206
03559
00332
00333
00334
00336
00413
04047
00343
00242
00239
00240
04517
03439
01991
06147
03734
00335
05539
04096
00331
09811
04485
04564
04568
04758
06023
05367
03722
07712
05916
05524
03270
05349
05589
06189
05710
05366
02014
02014
02014
05807
05810
05838
05837
03530
02014
05592
02426
05788
05515
04564
05516
10773
05808
06158
06076
06168
03673
03527
01980
01985
01977
01980
01977
01985
06598
01476
03427
03427
03427
07063
00954
07460
07058
07040
07043
07043
06024
07082
07091
02487
06596
06597
07107
03427
07115
07152
07018
02071
07121
07122
07146
06968
02072
00872
07090
02049
07649
07774
06997
06916
06958
03704
07277
06889
06988
06983
06978
07117
06910
06959
06999
06969
07011
07001
06966
06980
02073
07071
07259
07233
03386
07153
07056
07042
07088
07148
06861
06894
06907
06907
06908
06908
06906
06906
06949
06905
06905
06903
06903
03559
07112
07112
07102
07708
06867
06920
03768
07275
07276
07400
00297
06940
06940
06925
06941
07283
07447
06041
06217
07285
07221
06942
07304
07340
07636
07657
07637
07660
07278
06919
06919
07323
07346
07391
00974
07305
03643
07347
07344
07344
07345
07258
07386
09903
09805
08083
08082
09921
09922
07390
08084
08084
09920
07462
09888
06194
09458
09013
03640
03646
09014
09773
00783
09005
09007
08998
09803
09803
08963
09001
03322
05794
08301
08300
03309
01934
00950
06077
06186
00432
03772
03431
00760
01870
01951
00088
00945
00641
02492
01768
03616
02200
07221
01081
03832
02821
00641
01467
00845
03559
03496
01497
08081
03184
01515
01424
03809
00794
08973
09912
08218
09889
03832
05527
08084
03832
02192
03807
04084
03793
03286
00721
03832
09812
03671
00647
09938
09895
09799
09937
03561
09924
09939
09941
09945
09748
09960
09961
10715
04093
03711
03574
00558
03111
09117
02237
06891
01247
09747
09823
03294
09774
08311
09801
08312
09761
09760
09765
09806
09704
09919
07336
08305
08309
07473
09159
01951
09810
09710
09808
07505
07735
07738
07574
09164
07726
05889
07467
07498
09015
07496
07568
07566
00963
02302
01821
01912
02238
00901
09065
06223
03497
10763
09807
07799
10805
10914
09691
01992
01990
09696
09697
09690
03746
11189
01625
12251
08964
11927
11749
12308
12262
09158
04083
10026
01950
11258
00821
01890
11103
11211
01447
11085
11175
08483
06223
11068
05349
04042
00023
11755
12979
12982
12526
08967
11719
11924
11754
03496
11752
03524
11753
07175
01089
11717
11720
00602
02474
13815
13038
12686
13288
13292
12373
12524
06879
00281
01491
09880
13979
13979
00955
00024
00795
13656
13660
13662
13816
13993
01792
14219
14230
14223
14223
14229
14229
14225
13628
14228
14229
14225
14228
14233
14228
14232
13657
13661
13651
13655
00941
14224
14232
14233
14233
14218
14234
14228
14230
14393
14237
14231
14224
14237
14236
14228
14205
14170
03574
14235
14232
14234
14221
14219
14234
14225
14225
14227
14227
01524
15125
15125
15125
15035
14219
14226
14237
14218
14218
14222
14233
14220
06133
14230
14219
14742
19696
06919
03699
14652
18138
13409
13408
15011
12340
15396
15012
12055
15738
02428
04765
16011
15724
15539
08086
15778
08679
11004
10716
15974
05886
16090
03301
02014
01185
09961
09960
16053
11003
16264
14218
02025
10112
02026
02027
18918
02196
17103
17713
01990
01992
13979
13979
21449
13622
07789
07788
07260
21430
18480
18697
02847
18829
07171
09892
18850
07171
07062
19033
07746
19157
00571
00571
08678
19267
19302
04771
00992
12960
19668
00873
00163
01783
01807
00164
01679
01007
01961
00209
14260
00053
01714
00674
01626
03786
01696
00820
02437
00337
15371
01082
00381
02078
01756
02337
02341
00939
01956
00254
22292
08992
19804
01251
21420
20266
09788
20527
20533
20531
20532
20533
20532
20528
20529
20534
20531
20628
22132
21071
21025
08968
00927
02968
21449
03782
18240
01874
01875
01881
01579
05365
03669
13659
01077
01627
06153
03147
01662
03517
08281
00858
00606
00228
06134
01770
03526
02668
20074
03797
01419
18831
06204
03628
02950
02864
02867
02881
00773
14058
12573
03563
08316
03501
12297
02687
07320
03979
02357
03593
02356
03071
07390
03673
01972
05896
03531
03648
01141
01159
05982
02012
02036
09800
02653
02657
01153
01153
07316
19092
17758
17759
01185
01185
03578
07478
07496
03294
03300
03316
03634
13663
06207
06889
06977
21498
07334
21495
02334
02334
02334
03442
22318
05275
22252
22319
02257
22317
22320
00590
22478