08307
10563
09761
01419
09811
02426
10773
07122
04100
00342
06178
06182
01356
06176
06183
06179
01338
06178
07340
07386
06180
09903
00768
00263
07043
04046
03775
06193
01975
00574
00574
06954
00507
03088
03616
00547
01962
02337
03470
00748
00677
02372
02536
07277
00099
00981
00806
02838
02357
02967
07346
07347
07346
00990
01439
01953
02014
01434
03594
02621
03543
03688
03690
01921
00077
07729
03832
01698
01173
00380
00014
03781
06867
05539
07660
07637
09933
00943
01476
01867
05786
03088
01255
03179
01012
00652
00059
01633
00647
06867
00036
06213
09181
00525
00526
03671
00449
00448
01857
01055
01607
02624
01609
07178
01887
03630
01520
00721
01247
03719
00285
01775
00564
02071
02072
02073
07275
00627
00382
04093
02005
00820
01759
07233
03497
03496
00762
01142
08218
09001
01866
01687
03832
03561
03559
03559
03474
06131
03841
00832
02014
00703
03219
03228
03224
03223
03222
03229
03230
03225
03226
03227
03220
07481
04771
07071
03671
02003
02004
02004
06877
07502
00265
09922
03596
03100
03685
03595
03584
01768
06955
06876
01207
00760
03704
06953
03724
07577
00626
00266
01815
01815
02529
07095
07095
00700
05343
07391
04751
00797
01585
03495
01754
02169
00059
02170
03670
00857
03656
01591
02529
00631
00500
03098
01179
01179
01179
08151
05782
04754
07323
02067
02066
02065
05889
00851
03292
02429
03534
09920
00101
00587
00874
00286
06044
00705
01236
00700
09888
02454
09458
02529
03710
01190
03793
00950
02485
04065
00033
03642
08305
01184
05837
05515
03571
03570
03569
00432
01284
01284
03088
06975
03305
05349
03307
07093
01810
01918
00606
00950
00970
09007
01448
07481
00800
00831
07147
05836
01468
01745
01479
01712
02469
04568
01972
03528
03529
02939
02963
02990
01893
07734
01673
00452
01556
00486
01141
01081
00858
03824
01802
01715
01673
07221
02040
02040
02037
02038
02036
02039
03683
03074
03072
03210
00773
07568
00761
00954
04079
03750
03977
02656
06941
00940
03634
03466
00384
02518
00566
03770
02460
03671
03673
03071
03611
02453
03594
03446
01662
03664
06186
03631
03705
03687
04043
03686
00868
04517
04761
06147
06966
00382
00658
07038
00164
01756
01679
00432
03772
00012
03745
02529
02429
00548
00548
03218
00641
03832
01875
01118
03294
03294
00058
02200
02200
02198
02197
02195
02194
00335
02456
02455
00847
01595
01251
01014
00035
00297
03070
02535
03531
03590
03589
01921
01924
03588
01000
01929
01928
03587
03586
03438
03925
07056
07121
07460
03777
07646
01548
01547
01546
00946
03625
00794
00793
07738
00600
02014
02483
02484
01919
03978
03673
02168
07497
00974
01443
09013
09014
01159
08981
09781
09773
00783
08963
09973
09793
02313
02338
03629
02470
07052
00425
03316
02557
02556
07305
09779
09780
03644
00681
03801
07979
09812
03177
03551
03669
06181
09915
09912
03149
00426
09975
04101
09748
03088
00338
00330
00666
09768
01278
09889
09771
03981
04084
02199
09895
09799
02358
01805
09955
09948
09937
09924
02821
09858
09747
09800
09807
03652
09704
01358
03711
01271
01262
09117
09774
06891
02687
02014
01738
01623
00873
03781
07341
01153
01154
01154
03427
01153
03427
01154
08289
06977
03610
03609
03608
03760
07552
02879
03040
02986
02948
02952
03076
02876
02907
02988
02881
03807
01945
00995
03557
02160
03926
04066
03327
04773
08081
07566
03168
02650
03747
04096
01462
00604
03500
01497
03823
02517
07560
03086
01990
01992
02014
02623
03184
03185
04744
03771
00097
02528
06195
01525
00287
00560
06872
03744
00901
02004
03119
02051
02049
02050
03317
00852
05540
00789
10715
00648
03544
09810
03799
04077
02933
02994
07258
03694
02954
02931
02895
02874
02961
02904
02878
02982
02890
02965
02886
02892
02926
02906
02946
02358
02355
02992
02950
03046
02935
02864
02863
02867
02601
03073
06942
01056
02897
00948
00919
02494
02492
02835
03638
01512
07058
03809
01424
00826
00325
00324
00324
01515
02493
03386
03387
04761
06140
00616
07304
03676
07657
07636
00937
03269
00764
03558
01114
00060
02045
02047
02046
02048
00639
03286
00344
00219
01886
06968
00118
00128
03798
07386
09823
09705
06173
06175
01259
08973
01749
09801
09760
06199
09767
01447
03797
09822
03525
09790
09765
01265
00568
02563
03559
03561
02238
00240
00239
00242
00241
06980
00036
00845
01057
01690
01058
00799
01676
06147
00528
01414
09471
02110
02109
02113
02111
02112
02114
09806
02115
02108
01579
02193
00683
06024
05896
05527
02529
03823
02919
00945
02945
05788
00963
00088
05577
03717
03406
03322
01007
03574
00019
03821
06959
00075
00128
00872
01733
01420
01892
00765
00013
00817
02501
02500
00995
03703
01104
00979
00912
01465
00337
01283
00927
03101
03787
08641
00331
00332
00333
00334
08738
00336
09701
01652
03786
01939
01284
02654
09919
03568
02527
09902
09941
09167
09159
09808
09164
09125
09710
09015
01951
09125
08234
01808
07461
00798
10805
09065
00432
10763
11074
07799
08282
10914
03522
03521
01710
00973
01790
00067
01028
01029
00311
02067
02065
02066
03789
08309
01728
01873
02339
01255
07091
04763
01952
02457
02458
02459
02461
02462
02463
03811
02014
07011
06287
07040
02911
00645
00059
02078
01657
07082
02341
10804
03089
03648
03732
03628
07278
00655
01081
02526
00549
00299
03576
00297
07664
01433
08224
03424
00839
01968
00253
07004
07018
06916
01879
01878
02454
01951
03118
03117
03116
01772
07043
03554
01235
05970
08323
01198
01209
00040
01812
01181
01181
08191
03098
00508
03581
03582
03583
04565
04565
07712
07708
03320
04751
01915
06153
00001
06910
07019
00655
03496
07088
07154
05847
00507
07001
06222
07119
03579
00064
01198
01895
01142
01113
01113
03501
02902
02913
07045
06131
03657
03294
06076
00058
03797
01495
06075
03761
06969
05794
01126
03650
03217
03536
02914
10941
00134
05844
00274
00817
03556
03556
01845
01599
01735
00891
00275
08989
07782
03293
00425
00426
06213
06958
06023
02806
05808
03092
06861
03270
06041
00790
08984
01933
07102
02237
01209
01785
03106
00459
02959
02860
00554
02884
04762
00799
03695
02231
02233
01586
02510
03455
02014
02014
02014
06158
04079
01915
00651
03785
03639
03637
03636
03635
02343
06187
03043
00052
07285
03924
00537
01462
07390
06949
05341
03300
07221
07774
07649
02012
06893
07221
00029
00788
09005
01807
01934
00989
00942
03060
01139
03655
01239
02909
01647
05366
02662
02663
02664
02665
02666
03924
07114
07114
03309
00615
02483
02017
02018
02020
05986
09940
06908
06907
06903
03791
03502
03654
04047
03578
06139
06138
06137
06136
00951
05365
03722
03832
01920
02657
02658
02659
02660
06597
06598
03790
07114
01444
06201
01192
01206
00845
00833
08312
00605
02437
01467
08987
06445
04083
03814
02389
02390
02391
02392
02393
02394
02396
02397
02837
00641
01739
00003
01752
01206
00140
00020
03088
09938
07153
03406
02398
02386
03415
02387
02388
00343
00341
00340
00339
01803
07124
06886
03431
01963
01695
01696
01817
00133
00090
01736
07320
07152
01613
06915
04760
01061
01494
03593
07386
07443
00383
00285
07148
03775
01077
04075
03602
03592
08301
06287
03832
07093
00969
02340
03643
01869
05838
01802
03154
03439
03282
03214
01263
00957
00380
00381
00390
09691
02520
03702
02655
02674
02673
02672
02671
08084
06966
07390
04564
01589
01588
00767
00962
02956
02834
02519
02600
01626
00030
03545
03530
01069
03469
02342
03111
00001
06200
06911
06911
05982
01834
00575
03408
03406
03407
03723
07115
01885
03704
06077
03424
00252
00799
01953
02314
01669
02014
00001
00567
03088
05592
02553
07274
00859
02653
02650
00865
02652
04095
02667
02668
01903
01902
05807
05810
00697
01087
02014
06901
07107
03701
02888
02899
03979
02968
03980
01870
03527
02297
02298
02299
02300
03555
04485
02676
02688
03417
01659
01126
03594
05516
02658
04088
04087
01256
02517
00573
01703
01704
01649
01754
01738
01716
02346
01091
01935
01737
01800
02670
01697
01758
00053
03147
07506
02014
01507
00939
02558
07157
00799
03768
06207
09980
00647
02406
02407
02422
03092
00648
02408
02409
02410
02411
02412
02413
02414
02415
02416
02417
02418
02419
02420
02421
02401
02400
02404
04562
02405
03413
03414
03407
03296
03296
00425
03449
06978
00147
01755
00145
01438
01940
01883
06204
08998
03736
01184
02356
02044
01092
04564
05591
00759
00799
03704
07007
00023
03572
01448
06925
03601
03684
07667
03600
03599
00413
00412
00411
00799
06168
06217
07042
06189
03284
00135
03446
03543
01915
07010
01915
02379
00822
07814
03585
03435
00882
02769
02770
07267
07483
07497
04564
02556
02557
03496
03408
03413
03407
05874
05874
05874
05874
05874
08307
03411
03412
01682
01681
01897
04567
02836
07462
03624
01956
00215
04759
04758
01640
02356
08139
01805
01811
01631
01684
00883
05524
01714
03567
03564
07175
06911
03563
01872
03565
03553
01356
03688
03743
03665
03666
00791
00796
02427
07574
06194
00573
01770
00991
05589
01689
01627
01937
02622
03306
07220
08369
06148
04034
02169
03088
02195
02196
02197
02198
02199
02200
01876
03550
03549
07107
03562
03560
03646
03641
03640
06895
06920
06905
06906
00428
01090
07400
01724
03832
08300
07146
03772
07007
06884
03752
03750
01271
01992
09696
09697
01990
05874
03408
03406
00575
01485
02348
03183
03667
03733
09921
01778
01354
03098
07283
08083
08082
06999
01179
03284
06983
01620
01657
01783
01923
03791
05559
05560
05561
05562
05563
05564
00451
00457
03305
00453
00161
00162
00162
02498
02496
01719
07270
07025
05349
01409
02970
07058
02316
01829
02259
02276
02258
02274
02275
08311
02996
02871
06134
01611
00766
01658
01436
00057
00156
02481
03216
01868
00854
00031
01740
03430
05710
07117
05520
06997
02669
02670
01246
07735
07447
00609
04063
01925
02523
06940
06940
00228
02335
00163
07315
07276
00982
01053
01626
04078
03885
06182
00302
03110
03575
03098
03328
01991
04764
01889
02887
02916
10819
09690
11076
03746
07641
01814
01894
06223
11189
04090
01625
12262
12297
12251
11754
08964
11749
11927
12308
11900
11902
11075
01197
11258
00821
01874
01890
11103
11211
01447
11085
11175
11068
08483
01961
08316
08483
11183
02768
11068
02078
05973
00856
03719
05349
04042
06596
03426
11896
09019
11755
12979
12982
12526
01093
11898
07275
07010
10026
10680
09474
11937
08967
11747
00627
00428
01091
11890
03396
01919
00820
11747
00684
03724
07238
07183
06996
09158
01224
06131
02647
02014
11896
11897
11924
01916
11903
11936
11901
11890
11892
11906
11931
11907
11907
11891
11892
11935
11891
11752
11901
11902
11897
03524
11903
00626
11895
11895
11893
00023
11893
02304
11719
11900
11894
01089
11717
11720
12262
02302
11753
00602
01114
02003
02474
13815
13038
13924
01990
12686
13288
13292
12573
14058
13821
13529
13472
12373
12524
01782
06879
13408
13409
00281
01491
09880
13979
00121
00955
01070
01322
13639
03288
00024
07516
00795
13656
13657
13662
13522
13663
13816
01792
01011
13628
18335
13664
13665
13658
13659
13660
13661
13766
00632
03585
02013
14347
14287
14260
14266
11737
14393
14161
14205
14170
03574
00941
14441
01524
07464
08677
01083
10218
06133
14162
07823
14742
07497
03699
14652
14645
01969
16013
18138
13409
15011
13408
12340
15726
18377
18380
06177
15396
15012
17836
14761
15034
16012
15342
01082
15539
03929
15738
02428
04765
15371
11741
16011
03286
14224
15727
15724
08086
15778
15778
08679
15977
10716
15974
15987
18334
03781
02014
05802
16092
05886
16091
16147
03301
02083
02014
10716
03321
07481
07481
07481
07481
01992
07038
16211
01992
00209
16514
05349
01273
13993
16088
01992
05349
16171
07038
12262
16264
02027
02025
10112
05825
07012
02026
05845
05846
02226
13485
02196
17103
17247
11209
17103
17713
01990
01990
01992
01992
17758
17759
20444
00254
17733
07788
18138
18195
15270
07497
17947
21449
17850
18240
07789
18336
18376
18383
07046
18373
18374
18378
18379
18381
07260
18294
18295
18296
18375
18457
11904
11904
03462
18480
16235
18697
14266
14266
02847
10747
18786
03328
18893
20862
07316
09892
01971
18876
18850
19033
03976
20074
07481
07481
03526
19048
07481
07481
07481
07481
07481
07481
07481
07481
07481
07481
07481
07481
07481
07481
07481
07481
07481
07481
07481
07481
18979
19048
19048
07746
19118
19119
09951
19092
00571
19117
07448
19164
19221
08646
19267
19302
04771
19302
19577
01728
00799
00992
12960
19696
19668
07645
22292
15777
19784
19804
19802
08992
01051
05770
14234
14230
14223
14227
14227
09796
01977
01977
14225
14225
14225
14234
14228
14228
14228
14228
14228
14237
14237
14233
14233
14233
14233
14218
14231
14220
14230
01985
01985
14219
14219
14219
14219
14219
14223
14230
14224
14224
14218
14218
14218
14218
14222
01980
01980
14225
14234
14235
14232
14232
14232
14226
14229
14229
14228
14237
14221
14221
14236
20444
00931
00674
01190
01194
06132
01955
01881
02529
03215
03075
03722
03412
02395
07478
07481
20455
20429
09788
20534
20628
22132
01214
01214
20866
21071
21061
21062
21023
13877
21025
08968
12658
07497
07497
07497
07497
07497
07497
07497
07497
07497
07497
07497
07497
07497
07497
21472
21472
21420
21498
07334
21686
21929
22003
03442
22318
22105
13874
08994
22319
01337
17758
02257
22317
22320
13566
22478
22479
00424