05349
03307
01810
01579
01918
00606
00950
00970
01448
00800
00831
05836
01468
01745
01479
01712
02469
04568
01972
03528
03529
02939
02963
02990
01893
01673
01556
00486
01141
03824
01715
01673
02040
02040
02037
02038
02036
02039
03683
02200
02200
02199
02198
02197
02194
02193
03823
00945
02945
05788
00963
00088
01951
05577
03322
01007
00019
03821
00075
00128
01733
01892
00765
00013
00817
02501
01814
02500
00995
03703
01104
00979
00912
06178
03559
03561
00240
06024
05896
00239
00242
00241
00036
00845
01057
01690
01676
06147
00528
00432
03088
03305
08307
00806
02838
02357
02967
01265
00990
00674
01439
01953
02014
01434
03594
02621
03543
01662
03414
03407
00426
00147
00931
01755
00145
01438
01940
01883
06204
01465
03736
01051
01184
00568
02356
02044
01092
04564
05591
00759
03704
03799
00023
03572
03601
03684
03600
03599
00413
00412
00411
00799
06168
06217
06189
03284
00135
01915
01915
02379
00822
03585
03435
01920
03790
06201
01192
01206
00833
00605
02437
04083
02837
01739
01752
00140
00020
03088
03596
03100
03685
03595
03584
03215
01207
00760
03704
03724
00626
00263
04046
06193
00574
00507
03616
00547
01990
01962
02337
03470
00748
00677
02372
02536
00099
00981
10563
00882
02769
02770
04564
02556
02557
03408
03413
03407
09761
01419
03074
03072
03210
00773
00761
05539
03525
00943
01476
01867
05786
03088
01255
03179
01012
00652
00059
00036
06213
09181
00525
00526
00449
00448
01857
01055
01607
02624
01887
03630
01520
00857
03656
01591
02529
00631
00500
03098
04754
03690
01921
00077
01698
01173
00380
03722
03781
01283
03979
07481
06041
01118
02067
02066
02065
00851
03292
02429
03534
01284
06175
03688
03497
03496
00762
01142
01945
03557
02687
02160
09811
01679
00012
02529
02429
00847
00548
00548
03218
00641
01875
03294
03294
00058
03664
03631
03705
03687
04043
03686
00868
04517
06147
00382
00658
00164
01756
01081
06597
02660
02659
02658
02657
02426
00575
10773
02313
00059
02170
03670
03412
03408
03406
03407
00052
00053
03147
02014
01507
00939
02558
00799
06207
01626
03611
00030
03545
01358
03544
01338
03530
03770
01069
03469
02342
03639
03637
03636
03635
02343
06187
03924
01462
03300
00029
00788
01807
01262
01271
00989
00942
03060
01139
03655
02909
01647
05366
02662
02663
02664
02665
02666
03924
00615
02017
02018
02020
00134
05844
01845
01599
01735
00891
00275
03293
00425
00426
06213
02821
06023
02806
05808
03092
03270
00790
00339
00338
00337
00336
00335
00342
00343
00793
00600
02014
02483
02484
01919
01919
03978
03673
01443
02529
03710
04065
00033
01933
01209
01785
03106
00459
02959
02860
00554
02884
04762
03695
00768
02233
01586
03455
02014
02014
06158
00252
01953
02314
01669
00001
01992
02014
00426
00425
03316
00567
05592
00859
02654
02653
02650
02652
04095
02667
02557
02556
03719
00285
01775
06183
00627
00382
02108
02110
02109
02113
02115
02111
02112
02114
02005
00820
01759
01738
01414
01716
02346
01091
01935
01737
01800
02670
01697
01758
03522
03521
01710
00973
01790
00067
02668
01903
01902
05807
06180
05810
00697
01087
02014
02888
02899
02968
03980
01870
03101
03527
02297
02298
02299
02300
03555
01114
01876
01159
03550
03549
03551
03562
03560
03641
03640
03791
03654
04047
03578
06139
06137
06136
00951
05365
03722
03676
00937
03269
00764
01114
00060
02045
02047
02046
02048
00639
06178
00219
01886
02623
03184
03185
04744
03771
00097
02528
06195
01525
00287
00560
03744
00901
02004
00852
05540
00789
01595
01251
00035
03070
02535
03531
03590
01921
01924
02563
03588
01000
01929
01928
03587
03586
03438
03925
03777
01548
01547
01546
00946
01915
00651
01740
05710
00286
02669
02670
01246
00609
04063
01925
02523
03111
06200
01834
03723
01885
03704
06077
03424
03625
02338
03629
02470
03832
03559
03474
06131
03841
00832
02014
00101
00874
03671
04771
03220
03227
03226
03225
03230
03229
03222
03223
03224
03228
03219
00703
00700
00705
02003
02004
00265
00266
02529
00700
04751
00797
01585
01448
03495
02169
00380
00390
00381
02014
04084
03926
04066
03327
04773
03168
02650
03747
04096
01462
00604
03500
01497
03823
02517
03086
03200
03201
00558
02461
02462
02463
02453
03811
02014
00648
00645
00059
02078
01657
02341
02676
02688
03417
01659
03594
05516
02658
04088
04087
01939
02517
02527
00573
01649
01704
06598
00681
04079
03977
02656
00940
06199
03634
03466
00384
00684
01738
01623
00927
03781
01356
01153
03427
01153
03427
01154
03694
02518
00566
03406
02398
02386
03415
02387
02388
02389
02390
02391
02392
02393
02394
02395
02396
02397
02406
02407
02422
03092
00648
02408
02409
02410
02411
02412
02413
02414
02415
02416
02417
02418
02419
02420
02421
00341
00340
05982
00799
02195
02197
02198
02199
02200
00428
01724
06179
03752
03750
01271
03110
03575
03098
03328
01991
04764
01889
02887
02916
02520
01868
03702
02655
02673
02672
02671
04564
01589
01588
00767
00962
02956
03177
02834
02519
02600
00334
00333
00332
00331
00330
03075
01803
02933
02954
02931
02895
02874
02961
02904
02878
02982
02890
02965
02886
02926
02906
02358
02355
02950
03046
03043
02935
02864
02863
02867
02601
03073
02358
01056
02897
00948
00919
02494
02835
03638
01512
00826
00325
00324
00324
01515
02493
03387
04761
06140
00616
00872
03797
03644
03801
03642
05837
05515
03571
03569
02348
03183
03667
03733
01778
01354
01749
03669
01194
03284
01620
01657
01783
01923
05559
05560
05561
05563
05562
05564
00451
00457
03305
00453
00161
00162
00162
02498
02496
01719
03430
01963
01695
01696
01817
06173
00133
00090
01736
04760
01494
03593
00285
03775
01077
04075
03602
03592
03568
03154
03149
06287
02340
03643
01869
05838
03439
03282
03214
00957
05349
01633
01409
02316
01028
01029
00311
02067
02065
02066
01881
03789
01728
01873
02339
01255
04763
03981
01952
02454
02455
02456
02457
02458
02459
02460
02401
02400
02404
02405
04562
03413
07018
03610
03609
03608
03760
02879
03040
02986
02952
03076
02876
02907
02988
02881
02071
03320
05874
05874
05874
05874
05874
05874
03408
00575
03411
03412
01682
01681
01897
02836
03624
01955
01956
04759
04758
01640
02356
01805
00854
01811
01631
00883
05524
03567
03564
03563
01872
03565
03553
01356
03743
03665
03666
00791
03798
02072
02427
06194
00573
03787
06176
01770
00991
05589
01689
01627
01937
02622
03306
06148
04034
03088
06969
00954
07107
00549
00299
03576
01433
03424
00839
01968
00253
01879
01878
02454
03118
03117
03116
01772
03554
01805
01235
00040
01812
00508
03581
03582
03583
04565
04565
01915
06153
11745
02259
02276
02258
02274
02275
03594
02996
02871
06134
01611
01609
00766
01658
00031
03071
00057
00156
02481
03216
01687
00228
02335
01129
05847
06181
03579
00064
01895
01142
01113
01113
03501
02913
06131
03657
03294
06076
03797
01495
03761
00865
01126
03650
03217
03536
07649
07071
07175
06966
07117
06999
03386
06942
02073
07107
02231
07102
07708
00982
01053
01626
04077
04078
03885
03089
03648
03732
03671
03628
02526
03119
07646
07233
07082
07157
07178
07114
07320
07258
00297
06886
07042
06867
06966
07007
07340
06977
06872
06876
07667
07637
07660
07664
07007
06861
06955
06949
06911
06911
06911
06920
06959
00297
06908
07305
03768
07001
06906
06905
07460
07304
06907
07497
06903
07277
07114
03772
03772
07267
09903
01247
09922
04567
07391
02192
08084
09920
08191
09888
09458
09013
09014
01444
09781
07114
03646
02014
02510
07481
00302
08084
07636
07657
07285
07011
09773
00783
09005
09007
09973
08963
09793
09779
09780
07483
09001
08973
08323
08289
05794
08301
08300
08309
05986
03309
01934
07506
01652
01703
01236
06044
07004
07346
07346
07347
02485
00950
06975
00799
01058
06186
04761
07979
00432
03431
07386
07443
03832
01802
07274
02553
03088
07115
02492
03446
07148
01206
01190
01768
06953
07577
07043
01975
00574
06954
03088
07221
01081
00452
03832
02169
06997
06958
07782
00641
01467
00845
06287
07040
01263
01126
01256
04079
01198
01209
07735
07153
07052
03559
00058
01179
01179
01179
07502
06877
00587
00507
03496
00655
07386
06901
06893
07566
07323
07400
06978
06925
07568
07124
07043
07447
07390
07560
01436
09812
07025
07220
02674
07019
04751
07270
07574
03688
01714
06910
07093
08081
06983
01179
08082
08083
07283
03098
01485
00128
00118
06968
01424
00344
07088
06916
07119
08224
01754
00799
09915
09912
00794
04101
09748
03088
09768
01278
09889
07058
07058
00014
00666
06940
07004
07146
03832
00683
03449
00799
03446
07814
01239
03832
03791
03807
07276
03793
00974
07738
09771
07038
07121
07056
01014
07221
07774
07221
05341
07390
07275
00564
07386
01829
00721
02004
07131
03832
07729
03671
00647
07315
09895
09799
09955
09948
09937
03561
09924
09858
09747
09800
09807
03652
04093
09704
03711
02237
03406
03574
01728
09117
03496
07478
06941
06884
01090
03717
07462
09774
06891
08989
08987
10715
09810
08981
00873
09823
08218
07154
09705
06182
01273
09801
09760
08311
09767
01447
09822
09790
09765
09471
09806
08641
08738
09919
09902
09941
08305
09167
09933
09159
01951
05970
01181
01181
07122
07152
09808
05889
07147
09164
09125
07278
09710
09015
02238
09125
08139
01808
07461
00798
06222
10805
09065
10763
11074
07799
08282
10914
10804
10941
03785
09940
09938
09691
09980
00647
08307
01992
09696
09697
01990
10819
07712
11076
07458
03746
10747
07641
01894
06223
11189
04090
12297
12262
12251
11754
08964
11749
11927
12308
11900
11902
01197
11258
00821
01874
01890
11103
11211
01447
11085
05522
11175
11068
08483
01961
08316
08483
11183
02768
11068
02078
05973
00856
03719
05349
04042
03426
11896
09019
08369
11755
12979
07095
02014
12982
12526
01093
11898
09474
11937
08967
11896
11897
11924
01916
11903
11936
11901
11890
11892
11906
11931
11907
11907
11891
11892
00432
11935
11891
11752
11901
11902
11897
11900
03524
11903
00626
11895
11895
11893
00023
02304
11719
01089
00428
00627
02911
07275
08984
04485
10026
03814
10680
03745
05527
03750
06996
06915
01091
07341
11890
02992
03809
07497
00820
09921
01198
10220
11717
11720
12262
02302
11753
00602
02003
11892
02474
13815
13038
13924
12686
13288
13292
12573
14058
13821
13529
12373
12524
01782
06879
13408
13409
00281
01491
09880
13979
00121
00955
01070
01322
13639
03288
00024
03809
07516
00795
13656
13657
13662
13522
13663
13816
01792
14230
14228
14223
14223
01011
14225
13628
01977
01977
14229
14228
14233
14225
14228
14232
14233
18335
13664
13665
13658
13659
13660
13661
13766
00632
03585
14224
02013
14218
14218
14347
14287
14260
14266
14226
14234
14218
14218
02994
14232
14230
14229
11737
14224
14224
14393
14161
14237
14231
14236
14228
14205
14170
03574
14235
14232
00941
14221
14221
14219
14234
14441
14237
14227
14227
14225
14225
01524
07464
08677
14234
14219
14222
01083
10218
14237
14233
14220
06133
01980
01980
14218
14230
14219
14219
14162
07823
01985
01985
14742
07497
03699
14652
14645
01969
07497
16013
18138
13409
15011
13408
12340
15726
18377
18380
06177
15396
15012
17836
14761
15034
16012
15342
01082
15539
15738
02428
04765
15371
11741
16011
03286
15727
15724
08086
15778
15778
08679
15977
10716
15974
18334
03781
02014
05802
16092
05886
07497
07497
07497
07497
07497
07497
16091
16147
03301
02014
10716
03321
01992
16211
01992
00209
16514
05349
13993
01992
05349
16171
12262
16264
02027
02025
10112
05825
07012
02026
05845
05846
02226
02196
14230
17103
11209
17103
17713
01990
01990
01992
01992
17758
17759
20444
00254
17733
02529
07788
14266
18138
01126
18195
15270
07481
07481
07497
07497
07497
07481
07481
07481
21449
17850
18240
07789
18336
18376
18383
07046
18373
18374
18378
18379
18381
07260
18294
18295
18296
18375
18457
11904
11904
03462
18480
16235
18697
14266
02847
18786
03328
18893
20862
07316
09892
18876
18850
19033
20074
07481
07481
07481
07481
07481
03526
18979
19048
19048
19118
19119
19163
09951
19092
00571
19117
07448
19221
08646
19267
19302
04771
19302
19577
00799
12960
19696
19668
07666
07645
22292
15777
15777
19784
19804
19802
08992
05770
09796
02946
02948
03556
06980
03570
03701
11075
07091
01990
11747
03543
03929
17247
03317
06138
06867
20444
20455
20429
00163
00425
00995
00969
00796
11475
06075
01420
02970
02892
02914
03976
03589
09788
20534
20628
22132
01214
20866
01214
21071
21061
21062
21023
13877
21025
12658
21472
21472
21420
21498
07334
21686
21929
22003
03442
22318
22105
13874
08994
22319
01337
17758
02257
22317
22320
13566
22478
22479
00424