01658
16301
19092
10014
03297
13060
13060
16371
00130
08723
21029
01990
00971
16013
13409
13408
12340
03750
06871
02003
06131
03832
10806
06190
07275
01695
01696
13498
00766
01657
07053
06178
03168
13634
01681
01591
03113
06200
01147
10773
01804
10537
03547
00847
03554
00891
00147
00931
11926
11750
02346
03734
00351
00350
00349
00348
00347
00346
03271
02029
02029
15974
03543
03446
03214
03230
04058
03224
03225
03226
03228
03229
03219
03220
03222
03223
06186
03631
00858
03687
01647
00242
00239
00240
00164
00658
01903
01902
00425
00426
03562
13745
03897
02013
02015
02015
02016
00963
00963
11755
02500
01814
02501
01089
00817
00013
00765
02057
07507
03737
14058
15580
14054
01775
03414
03413
03412
05877
03408
03407
02557
02556
02402
01531
07507
05876
05876
01093
00031
06181
12152
07306
02430
02057
02057
00880
01676
01265
01713
03893
05879
05878
01808
03555
06194
00573
03787
06176
01770
00991
05589
00860
00957
02302
00390
00381
01737
10026
01689
01937
07678
01129
16012
00989
00762
05501
13038
03630
00954
02527
02841
03274
00060
03831
04043
03686
03313
03717
11753
01870
03101
03774
03527
00215
01956
01955
06195
02528
00097
06871
02079
02747
02746
02082
01673
02452
02453
12531
12530
00831
00800
00945
02945
00912
00979
06219
03633
03804
03632
01893
00763
07644
06942
01056
00948
00919
02494
02492
02835
02493
01627
03321
02053
08162
03790
03980
11017
11016
01887
09907
15257
03290
00885
07223
00228
09768
00029
02568
02567
02572
07685
07038
06871
02011
02012
06957
01923
07287
01714
03567
03564
10763
01883
03269
01588
01589
07058
01521
07290
00874
11103
12372
12371
12370
12369
12368
07783
12975
01745
01712
01738
00759
02016
02015
02015
02013
02529
10545
10543
01805
03119
02895
02931
02954
02994
02933
02881
02988
02876
03076
02952
02948
02986
03040
02879
03282
03500
00604
01462
04096
07479
07566
00014
02401
02421
02419
02417
02416
02408
02409
02410
02411
02412
02399
02386
02387
02388
02389
02390
02391
02392
02393
02394
02396
02397
01993
11927
05541
07262
03777
05873
02041
12963
03800
01626
09773
01007
19298
10218
01803
00528
00864
02440
02553
02548
03667
02063
02064
11925
03291
01704
01703
00052
01649
05798
01652
01653
03435
03925
03438
03586
03587
01928
01929
01000
01925
02680
02681
03583
01407
03582
03581
14682
01448
08304
02426
01766
06968
01146
06966
06879
15723
06929
11940
06969
02372
00645
11901
11900
11893
11907
04487
03611
03314
03603
00285
07552
06911
09786
07180
01792
00134
08281
04773
01008
08320
01142
01433
09858
00012
04072
15580
15581
09901
05800
01738
11938
06920
12500
02237
03770
01338
03544
01358
03545
05527
07286
08218
02297
02298
02299
02300
09767
00077
03152
03151
00795
05997
09014
09013
09015
11717
02426
00873
03327
00793
00981
01491
00761
01933
11175
02036
02038
02037
00937
01524
06213
04046
00823
00375
07799
07788
07789
07642
07664
09946
08303
00941
01951
03601
07088
03977
01892
15539
11910
11891
11911
11911
02057
00299
15553
15554
06901
12974
02057
02057
02687
14392
01961
02160
03786
01662
01095
00946
03625
00794
11752
07738
03074
03072
03210
00773
07568
08682
03311
02040
07636
06901
02029
02029
02039
02036
02038
02037
02040
00820
04042
02114
02112
02115
02111
02113
02109
02108
03501
03495
00705
07400
02170
04759
06959
04760
07659
07638
01610
04083
04762
08312
05366
12288
07862
07043
15125
02529
04075
15034
06079
01881
02073
02072
02071
03273
06222
08307
01070
01495
07148
10542
01874
00876
01494
07289
13255
10539
10538
14347
01809
08224
15545
01935
03281
02529
01241
01652
01653
14055
00325
00324
03758
07661
06915
07397
00855
15551
15552
06153
07184
00982
03272
09920
03651
07000
02622
03923
02621
00655
03641
03640
03517
03811
01626
00849
00965
05776
02019
02020
02018
08317
01141
01940
09912
00566
07153
01756
07637
12410
09808
09808
03723
03885
07000
01207
07251
07337
00014
03424
02341
00943
07082
09458
00645
00648
03621
07040
08300
01465
02846
11744
07146
08368
15724
03281
01845
02015
02016
02013
05365
03579
01975
06206
06204
01894
00950
00606
01918
01579
01673
00760
14588
00797
01611
09910
01682
00382
00627
00163
03807
03806
00767
02682
02504
02505
00364
00859
11720
07639
01299
04775
03578
01118
00007
09978
03778
00998
05811
03695
05810
06180
05807
05809
14170
14187
02884
00554
02860
03106
07173
01919
01872
03565
00864
00615
00615
03782
15536
02337
14393
01895
09798
15633
03071
00057
00640
03216
10778
03219
03220
03222
03230
03224
03225
03226
03228
03229
07112
11102
02406
02406
02406
02407
02422
02415
02405
02556
02557
02529
14445
02044
02042
02042
05845
05845
05846
05847
05846
03759
01584
03781
03834
00574
04564
07390
03683
10680
03760
06077
09001
00275
01866
00868
03305
02656
06941
00940
07751
04755
04044
04082
04487
13643
15396
05820
00600
05916
04751
01950
07715
07711
01952
11991
07106
00997
03474
03584
03685
03100
03596
03569
03570
03571
06287
08301
03568
15548
03468
09889
03592
15536
06140
02818
02819
03485
00610
00609
06958
03092
06861
09774
11719
03270
06041
07301
02065
02066
07323
07122
00790
06006
00850
02048
02020
03319
03771
04744
05801
11900
11903
11897
11896
11895
11907
03580
02336
02455
02456
02459
02460
02461
02465
07396
01586
02529
05939
08227
03573
08311
08484
13292
01256
07140
12297
15738
03808
06192
09857
09458
01716
04770
09911
03658
01734
15256
07136
01876
08310
01159
03550
03551
09816
09817
02560
00873
00036
01625
11743
11742
07285
03684
03609
03610
09160
02003
10804
05838
07340
09973
08223
00892
02377
01711
12452
01709
00978
01772
04079
06187
09747
02343
00759
05802
03577
07443
09914
10805
03320
04752
08160
03833
01042
02380
00123
00123
02379
04564
14762
02562
00009
04691
09908
06916
02871
01879
01878
01246
03826
00835
07085
04081
04080
01754
02470
03629
02338
02313
03217
03650
06158
03775
07235
07236
02950
02992
02355
02358
03594
02946
02906
02926
02892
02886
02890
02982
02878
02874
08325
03561
12511
12510
02283
02282
02280
02279
02278
02016
02400
02400
00833
01012
02169
01935
03702
03639
03637
06890
02167
02168
03815
11537
07803
07407
02532
11606
11605
08308
01868
02520
02887
01889
01890
06073
00432
06074
07806
10012
10011
13014
07264
12962
10713
15342
15125
07246
02529
10441
11934
11939
04047
10036
10037
07091
01255
02339
01873
03828
09893
00611
02034
02043
06166
06165
06164
06163
05781
05780
06162
05774
06167
09979
03824
08303
05592
05803
00962
11895
11906
11893
11892
11907
11909
01419
03591
04066
03764
12525
00297
02444
03556
00688
03588
02563
01924
01921
03589
03590
03531
02535
13301
03070
15977
08191
01812
00041
01685
06175
00990
01265
02967
02357
09903
02838
00099
00806
00981
11749
07277
06142
02536
02372
00677
00748
03470
02337
01962
11891
11910
11896
11895
11906
11905
11911
08591
01633
12289
12290
02507
00891
01735
03112
01783
01091
01867
02302
02598
00363
00362
06141
05349
15547
15549
07396
03664
03086
15634
12545
03585
05374
04785
02083
11896
07497
07497
07497
07497
07497
07497
18446
18139
18138
03181
03179
00631
00901
01356
09823
05539
01775
00832
03701
03534
00848
02854
02856
03897
11901
11900
11893
11892
11903
11907
01223
07014
06899
07552
13896
13895
03607
03797
03799
07345
07347
07345
08169
11066
06956
07038
10192
10195
10194
10193
01815
02000
02001
02002
03839
01886
02802
02803
02804
01443
02565
01953
03184
06168
07042
06189
03820
10001
10003
10002
10004
01869
03643
02340
00969
09710
00783
05515
05837
03642
03642
03801
03644
06199
03431
09748
02600
02519
02834
11905
11900
11901
11903
05775
02024
13256
01810
00928
11017
11016
00906
01637
01638
00651
00602
01945
09891
05982
01599
03426
07740
03147
00788
03149
03150
03046
03043
03753
03752
03673
03978
09894
07712
07708
01915
11202
11203
08483
11189
11201
08321
10555
10557
10556
10558
11531
11216
01051
02344
03789
02837
03424
00605
02437
00281
11068
06980
07663
07641
06143
03840
03981
07462
02836
04567
13655
11073
11076
11075
11074
03212
09996
02015
02015
02013
09999
09997
01620
00156
11933
03809
11737
07689
03703
00995
03710
15721
04786
05373
07345
07679
07688
07090
07261
01736
07320
08296
06076
04754
02199
02198
02197
02196
02195
02194
03744
06193
11897
11898
11891
11892
11893
11903
11900
11901
07347
07345
11907
11896
11895
11902
02853
12582
02805
00973
02472
05790
03628
03671
03732
01524
03656
07345
07347
00053
02521
01754
01687
00826
01652
07391
09897
02057
02057
01776
05796
04084
07791
01744
07113
04077
02356
00246
04568
01613
06949
13288
06925
01581
10441
02016
08306
03575
03439
09923
01425
09131
02221
00286
06997
02669
10536
12251
13894
13893
13694
01686
02356
03835
01807
02057
02768
11183
02769
02770
02529
09933
07178
12973
00563
05921
05921
00455
02509
02511
01752
01665
08289
05591
09918
09900
01354
02217
07156
02401
02400
03516
03337
03335
03338
03336
00140
08996
06894
13788
00925
09899
09161
14260
00330
00331
13378
00334
00337
00338
00339
00340
00341
00342
00343
01690
05594
02935
02864
02863
02867
02601
02358
03524
00075
01825
05368
03182
01698
03424
03118
03117
03688
03690
03183
09760
06200
00757
01061
00549
03576
07088
01126
05813
02013
02015
02016
07225
00297
05795
05795
08276
02469
07677
07687
07676
07676
09475
03974
03969
06918
08990
03721
11065
07347
03808
03598
03597
03088
00278
05590
03648
01304
07160
01669
01546
01547
01548
07646
07667
03645
03490
02759
02761
02760
06199
06199
10716
07241
08717
03190
03189
03188
03187
01428
01429
01430
02034
02996
03599
03600
00266
07139
07648
03814
07460
07121
07056
06911
02990
02939
07269
03773
07322
07109
07278
09800
03841
02558
03402
00024
02523
02888
03979
07643
07259
03624
03798
00796
06207
07058
07560
03312
03655
00556
00942
01972
01839
01079
04485
06211
08309
03720
05804
05805
07773
12524
00872
01733
09861
15771
15772
01224
12308
02024
08191
09824
13888
05685
06891
03694
00684
00384
03466
03634
07478
01875
08219
04069
07270
00656
09136
00350
11738
01425
07243
07230
02003
11935
11931
11936
11937
07300
07673
00840
00673
06447
01484
05526
01468
05836
09975
00648
00648
00720
02012
02011
07306
14261
03322
11535
09962
01972
03528
06203
01738
13888
05685
14155
12339
02045
02047
02046
02048
00322
04761
00382
03832
12537
12536
01755
00930
00145
01438
01595
00111
00688
00703
00975
02478
13735
00133
06155
06145
06911
01624
09988
10441
07007
06144
00262
15984
01414
07115
02647
00865
06205
01914
03924
03549
06726
01448
03572
00791
03666
03665
04088
04087
01939
13771
12573
03218
09456
11202
07447
07735
01920
09761
01150
02742
00789
07387
00615
03472
00927
01624
06895
09807
05596
01807
09888
09895
03185
07347
01151
11733
02016
02015
02013
02073
02072
03837
11534
07085
02399
02398
02386
02387
02388
02389
02390
02391
02392
02393
02394
02395
02396
02397
02057
02057
02421
02419
02418
02417
02416
02415
02413
02412
02411
02410
02409
02408
01247
02422
02407
02406
02405
02425
02424
10009
10010
13821
07243
07224
02551
01661
01911
05349
05367
07095
07071
10017
10015
10016
03186
00764
03558
03749
11754
01963
03975
06173
03473
01779
15461
09906
01996
01995
01998
01997
01999
03089
09811
09812
03110
01534
09125
00113
00112
00111
01126
05834
05835
03654
01058
05786
03284
03657
03733
09921
01778
06202
05851
01749
02496
02498
19734
19734
07491
07491
07491
07491
07491
07491
07491
07491
07491
07491
07491
07491
07491
07491
07491
07491
07491
07491
07491
07491
07491
07491
07491
07491
07491
07491
07491
07491
07491
07491
07491
07491
07491
07491
07491
07491
07491
07491
07491
07491
07491
07491
07491
07491
07491
07491
07491
07491
07491
07491
07491
07491
11892
11903
16152
16135
14230
14230
14228
14218
14227
01728
14229
16089
05372
16092
16088
02030
14220
14220
14220
16089
14230
14230
14230
14231
14231
14234
16137
14234
02014
14218
14218
14237
14237
14237
02014
14229
14229
14229
14229
14219
14233
14234
14234
14232
14233
14228
14222
14223
14223
14223
14224
14224
14224
14224
14224
14219
14219
14233
14230
14225
14226
02014
02014
14238
14221
14221
14219
14228
14228
14228
14225
14221
01977
01977
01977
01977
01977
01977
01980
01980
01980
01980
01980
01980
01985
01985
01985
01985
01985
01985
14237
14237
14228
01985
00526
01409
03560
00033
00575
03776
02056
02014
03087
00380
04765
01243
14235
07491
12512
07404
00652
03635
11607
11604
05595
02025
03451
10440
00598
03406
02035
02035
01760
12515
02033
12514
02025
12513
01760
07227
05794
00247
00245
00244
10439
10440
02014
02428
13637
00058
00135
00854
02056
00882
06147
02795
02793
02794
01826
00010
02510
01259
06147
00010
00564
03317
04763
09998
10000
04093
02025
06147
06147
01782
02200
02193
08305
02852
02851
02056
02446
07491
00647
00059
01641
07305
01424
15582
03386
02116
09909
11179
03767
07347
14979
14978
02414
01011
01759
02821
00851
00046
00867
03498
05816
05815
05814
10563
12984
02843
00639
00616
07034
01525
02744
02745
02454
01424
02238
11085
01607
07665
06889
04477
03810
06201
01788
01639
02569
02010
01439
11021
00799
13628
04488
01092
03803
11021
11021
00135
01226
09022
02806
02067
07054
03548
03768
02004
00854
14225
14225
14225
16087
06147
06147
01258
12942
03406
08978
01835
03478
02033
02035
12961
07393
06889
01119
01082
07304
01507
02427
03499
03747
07709
08997
00657
02052
00088
00852
01619
03316
02056
11209
01607
07640
01222
10914
07019
00974
02858
01515
01785
01784
07052
02017
02056
02056
00101
07660
01258
02619
00059
06179
00970
03718
00852
01585
03442
00058
01934
01262
07258
01619
02056
02414
02552
13283
06177
03286
07343
09815
08305
11751
03455
00939
04067
06039
00127
00124
01176
02549
08680
06970
03475
00647
04085
01719
01629
01813
02855
07052
06183
01619
00758
00758
03784
07186
15770
02441
00674
08234
02005
02004
04774
08992
03613
03612
03614
03615
03616
03617
00853
07657
00769
06445
00219
02025
03469
02342
00121
10540
10541
03748
00027
01489
03593
01679
02050
01077
00567
11021
07792
07792
07283
01730
03647
03711
12373
02564
02566
07258
03177
00548
13641
03148
06212
02004
02004
01479
07126
02010
07307
07308
00845
01885
08483
03307
07114
00700
00851
10439
10440
06149
00383
03743
07308
07307
00484
04065
10108
10109
10110
03111
16053
14219
14232
14232
14236
14236
14233
14233
16078
07347
16074
04753
06887
06887
06887
00956
07346
07346
07346
11736
00568
02485
01834
07675
07675
01270
01271
04055
13000
00884
09476
15583
02031
02031
11906
08566
13002
08961
02464
06221
06221
01139
01069
03892
16210
06858
00209
02051
16321
02054
02055
01840
01840
16345
01739
20542
12341
11009
13001
08599
04057
07771
13053
12532
12532
16515
16516
05874
10831
04053
15540
11747
11748
04049
01048
04784
03299
02099
02054
16322
11734
05799
16234
03566
02062
10823
16263
16264
10544
11959
00537
11960
12342
16693
02071
14742
00090
03574
03896
16704
08598
11894
00065
00065
01190
08351
02484
05812
00483
07274
19230
11961
10111
07662
11962
11963
12453
02058
01096
01664
04772
02081
05499
03719
03973
05540
02055
02778
02779
02849
15460
00557
02030
01593
04056
09810
04781
08302
03559
08313
00151
01420
00951
01485
00108
16868
04059
04051
04052
04060
19227
03772
16842
00523
04783
00008
18334
06075
02503
17202
02058
17206
17210
17209
10439
17247
03457
04091
07713
00265
03668
01897
12678
10038
00040
03604
01897
17713
08316
17203
17204
17205
15555
02028
17207
17208
12342
01990
05601
01992
07245
00813
10112
10111
10112
07497
07497
17686
02027
02027
02495
10111
10111
19229
19789
01138
02778
06518
00839
01187
07459
01791
02026
02026
02026
02026
02058
02477
02027
00632
01731
02027
05603
17758
17759
00344
00254
01497
00632
01120
11928
01187
17733
02032
01138
07483
07486
06867
06867
03585
18138
03719
01185
01175
05396
02357
02032
05874
05875
02483
06867
02058
02058
02058
07483
04771
17948
18335
18288
21908
07483
16087
06918
01119
07574
08169
02802
02803
02804
13641
11734
11734
07491
11904
12573
02412
00647
03212
16345
12524
00656
07491
03321
11017
06957
01256
02004
18138
02313
03582
04072
01338
02439
07277
03446
03219
17202
03695
01626
01626
07491
02507
00974
07491
07091
00833
07491
11927
08997
03327
02053
02053
03229
04487
05820
18290
18292
18324
18326
03293
11904
11904
11904
11893
11904
11904
11891
11904
11892
11906
18475
18475
11901
11902
00681
00335
18691
18697
18765
11741
18850
18889
09798
15125
20862
18800
18778
18657
18890
18843
03553
05791
05792
05792
05793
03895
03894
03894
07480
08722
05785
03169
03746
03497
04054
10748
07128
07128
03646
04565
03497
03497
07493
07493
07493
07493
07493
07493
07493
07493
07493
07493
07493
07493
07493
07493
07493
07493
07493
07493
07493
07493
07497
03496
07483
07483
07483
07483
07483
07483
07497
07497
03976
03526
07497
18979
18988
07483
07452
19129
19221
19162
19222
19236
19147
04771
19127
19226
01710
02777
07012
19130
19228
01406
19128
19168
00336
19270
19265
01992
01992
07497
03722
03722
01138
07497
07497
19267
19337
19334
19270
19302
19304
19333
00525
19303
19577
06415
02796
19775
19745
19778
00799
07147
19837
15777
19802
19803
19804
19810
15540
07263
21636
07686
20268
20264
00526
19591
22443
22132
02438
20885
20866
20881
21021
22025
21086
21087
08968
00821
20968
02335
06217
14059
06223
14744
00857
00525
06866
06217
03546
04068
01520
06223
02314
02316
02316
00287
06919
00560
09882
00050
00525
09983
13695
21470
21470
21698
21936
21948
13638
22015
22051
22130
03595
22105
22131
22110
22110
03079
22444
03077
22278
03077
02257
11391
00590
07319