# Empirical Bayesian Rates
# Rate in each gamma category: category 1, Rate= 0.6463622 category 2, Rate= 2.70199 category 3, Rate= 8.568418 
# Posterior probability for each category, and each position is given.
POS	Rate	Categ 1	Categ 2	Categ 3	
1	6.02303	0.0001478135	0.433691	0.5661612	
2	1.499383	0.5851571	0.414799	4.396436e-05	
3	5.271397	0.200099	0.2918004	0.5081007	
4	4.95401	0.05429111	0.5428023	0.4029066	
5	5.186931	0.162072	0.3575503	0.4803777	
6	4.292962	0.005523808	0.721341	0.2731351	
7	5.016474	0.1182545	0.4457781	0.4359674	
8	0.9149663	0.8694202	0.130549	3.079112e-05	
9	1.65084	0.511814	0.4880241	0.0001619019	
10	0.6476915	0.9993533	0.0006466631	2.309664e-11	
11	0.8576395	0.8972393	0.1027539	6.774755e-06	
12	2.836185	0.292211	0.5825216	0.1252674	
13	2.739371	0.4832994	0.3409778	0.1757228	
14	2.64809	0.1166975	0.8515988	0.03170366	
15	1.331461	0.6694836	0.3295481	0.0009683335	
16	3.181773	0.01496932	0.8980007	0.08702995	
17	0.8120787	0.9214996	0.07775903	0.000741335	
18	0.7644746	0.9425628	0.05742986	7.321296e-06	
19	3.325799	0.4160773	0.3317916	0.2521311	
20	1.053275	0.8020539	0.1979444	1.676089e-06	
21	7.905387	0.002213562	0.1100321	0.8877543	
22	0.7816609	0.9341818	0.06581799	1.837941e-07	
23	5.030342	0.2050512	0.3262035	0.4687454	
24	5.285248	0.06791671	0.4679389	0.4641444	
25	7.491643	0.01103741	0.1686437	0.8203189	
26	0.8827623	0.9000091	0.09473119	0.005259755	
27	3.325799	0.4160773	0.3317916	0.2521311	
28	3.664573	0.09599934	0.7062786	0.1977221	
29	0.984885	0.8355187	0.1644113	6.998984e-05	
30	0.7706624	0.93955	0.06044365	6.389777e-06	
31	0.9664768	0.8449745	0.15478	0.0002454695	
32	6.892209	0.04009209	0.2315885	0.7283195	
33	0.6559015	0.9953594	0.004640578	1.961533e-09	
34	1.663878	0.5848653	0.3871528	0.02798188	
35	4.342491	0.02725856	0.6835477	0.2891938	
36	3.325799	0.4160773	0.3317916	0.2521311	
37	0.791095	0.9295922	0.07040762	1.294547e-07	
38	4.566366	0.01683789	0.6594577	0.3237044	
39	7.185217	0.03858084	0.1836828	0.7777364	
40	2.903702	0.1639541	0.7442114	0.09183456	
41	1.138902	0.760418	0.2395738	8.238088e-06	
42	5.940362	0.1149302	0.2927799	0.5922899	
43	5.723013	0.05625361	0.4090667	0.5346797	
44	0.9006998	0.8901475	0.1049907	0.004861853	
45	1.689798	0.6020778	0.3594906	0.03843161	
46	4.178925	0.2238087	0.446007	0.3301843	
47	0.6739459	0.9866315	0.01335093	1.756396e-05	
48	7.692472	0.01923086	0.1233456	0.8574236	
49	0.6483511	0.9990325	0.0009675303	3.403824e-09	
50	3.325799	0.4160773	0.3317916	0.2521311	
51	0.8827623	0.9000091	0.09473119	0.005259755	
52	4.794616	0.2023717	0.3700041	0.4276242	
53	1.926207	0.4243559	0.5591886	0.01645551	
54	7.880808	0.01148232	0.1017053	0.8868124	
55	4.379764	0.2933601	0.3178491	0.3887907	
56	1.349937	0.6624433	0.335906	0.001650706	
57	1.795532	0.5534609	0.4071196	0.03941955	
58	1.795532	0.5534609	0.4071196	0.03941955	
59	3.325799	0.4160773	0.3317916	0.2521311	
60	2.628185	0.4194211	0.4461922	0.1343866	
61	4.330361	0.2105949	0.438037	0.3513681	
62	6.294054	0.1037885	0.247535	0.6486766	
63	0.8618217	0.8971373	0.1021788	0.0006839232	
64	0.7150597	0.9676913	0.03191957	0.0003891453	
65	0.7150597	0.9676913	0.03191957	0.0003891453	
66	4.233567	0.1227879	0.5731115	0.3041005	
67	3.749241	0.3571946	0.3391266	0.3036789	
68	5.263384	0.1749236	0.3271632	0.4979132	
69	0.6509072	0.997789	0.002211028	9.139345e-11	
70	2.883332	0.06529803	0.8809093	0.05379267	
71	3.492746	0.220764	0.5670857	0.2121503	
72	4.216063	0.2199976	0.4448229	0.3351796	
73	2.790202	0.4453916	0.3835039	0.1711045	
74	0.9262754	0.8638904	0.1360887	2.089588e-05	
75	5.316046	0.192648	0.2942511	0.5131008	
76	0.6780404	0.9845896	0.01541041	1.28159e-08	
77	2.739371	0.4832994	0.3409778	0.1757228	
78	7.12496	0.02131537	0.2172697	0.761415	
79	1.467278	0.650737	0.3317121	0.01755094	
80	1.961184	0.3858547	0.6052185	0.008926753	
81	1.459506	0.6102387	0.387726	0.002035299	
82	1.459506	0.6102387	0.387726	0.002035299	
83	0.9975998	0.8516876	0.1404094	0.007903029	
84	1.002153	0.84363	0.1505143	0.005855717	
85	4.922171	0.2298867	0.3111045	0.4590089	
86	4.922171	0.2298867	0.3111045	0.4590089	
87	5.727944	0.1365289	0.299822	0.5636491	
88	5.727944	0.1365289	0.299822	0.5636491	
89	5.727944	0.1365289	0.299822	0.5636491	
90	5.727944	0.1365289	0.299822	0.5636491	
91	1.293291	0.6945066	0.3022635	0.003229912	
92	1.293291	0.6945066	0.3022635	0.003229912	
93	1.248413	0.7188731	0.2770087	0.004118195	
94	1.248413	0.7188731	0.2770087	0.004118195	
95	4.892412	0.1500785	0.4239507	0.4259709	
96	4.794616	0.2023717	0.3700041	0.4276242	
97	2.014996	0.3345777	0.6652905	0.0001318499	
98	3.612037	0.3496947	0.3726425	0.2776628	
99	5.520119	0.1225311	0.3541509	0.523318	
100	0.6645618	0.9911464	0.008853557	1.932997e-09	
101	1.552906	0.635364	0.3378756	0.02676037	
102	2.22429	0.2346849	0.7645097	0.0008054649	
103	0.8827623	0.9000091	0.09473119	0.005259755	
104	1.689798	0.6020778	0.3594906	0.03843161	
105	4.598683	0.09094467	0.5538748	0.3551806	
106	0.7317839	0.9584713	0.04151953	9.214395e-06	
107	0.7317839	0.9584713	0.04151953	9.214395e-06	
108	0.9098368	0.8722238	0.1276374	0.0001388303	
109	0.8827623	0.9000091	0.09473119	0.005259755	
110	1.95553	0.3635726	0.6362723	0.0001550934	
111	0.9503916	0.8593146	0.138157	0.002528382	
112	0.9503916	0.8593146	0.138157	0.002528382	
113	1.689798	0.6020778	0.3594906	0.03843161	
114	3.355036	0.2619212	0.534981	0.2030978	
115	3.325799	0.4160773	0.3317916	0.2521311	
116	3.325799	0.4160773	0.3317916	0.2521311	
117	3.325799	0.4160773	0.3317916	0.2521311	
118	1.122539	0.7819429	0.2132957	0.004761387	
119	4.359597	0.02080799	0.6893425	0.2898495	
120	3.613047	0.3176532	0.4157391	0.2666076	
121	1.570902	0.550929	0.4488294	0.0002416172	
122	2.739371	0.4832994	0.3409778	0.1757228	
123	1.224258	0.7227721	0.2758611	0.001366793	
124	0.7123673	0.9678913	0.03210843	2.768632e-07	
125	3.325799	0.4160773	0.3317916	0.2521311	
126	0.8797498	0.8922112	0.105775	0.002013825	
127	5.830985	0.144933	0.2709085	0.5841585	
128	1.981463	0.3605214	0.6359721	0.003506517	
129	1.019829	0.8246682	0.1731073	0.002224477	
130	4.093074	0.2506652	0.4243742	0.3249606	
131	4.093074	0.2506652	0.4243742	0.3249606	
132	0.9006998	0.8901475	0.1049907	0.004861853	
133	0.6655989	0.9906419	0.009358091	2.247074e-09	
134	0.6474008	0.9994947	0.0005052787	1.088394e-11	
135	1.248413	0.7188731	0.2770087	0.004118195	
136	4.222365	0.2583946	0.3918971	0.3497082	
137	2.585509	0.06134192	0.937019	0.001639118	
138	2.624874	0.4717761	0.3760562	0.1521677	
139	3.325799	0.4160773	0.3317916	0.2521311	
140	3.325799	0.4160773	0.3317916	0.2521311	
141	3.325799	0.4160773	0.3317916	0.2521311	
142	3.325799	0.4160773	0.3317916	0.2521311	
143	3.325799	0.4160773	0.3317916	0.2521311	
144	3.988134	0.2673151	0.4197782	0.3129067	
145	0.8827623	0.9000091	0.09473119	0.005259755	
146	0.8485471	0.9071027	0.09098432	0.001913025	
147	0.9698685	0.8498544	0.147612	0.00253356	
148	1.308618	0.6882513	0.308098	0.003650681	
149	1.308618	0.6882513	0.308098	0.003650681	
150	3.332847	0.2900795	0.5007382	0.2091823	
151	3.332847	0.2900795	0.5007382	0.2091823	
152	1.181025	0.7550537	0.2396375	0.005308856	
153	1.724378	0.5725748	0.3934371	0.03398808	
154	0.9948781	0.8403001	0.1562511	0.003448849	
155	1.308618	0.6882513	0.308098	0.003650681	
156	1.308618	0.6882513	0.308098	0.003650681	
157	1.308618	0.6882513	0.308098	0.003650681	
158	1.308618	0.6882513	0.308098	0.003650681	
159	1.308618	0.6882513	0.308098	0.003650681	
160	1.308618	0.6882513	0.308098	0.003650681	
161	1.308618	0.6882513	0.308098	0.003650681	
162	4.074652	0.2962656	0.3659354	0.337799	
163	3.325799	0.4160773	0.3317916	0.2521311	
164	0.9006998	0.8901475	0.1049907	0.004861853	
165	0.9006998	0.8901475	0.1049907	0.004861853	
166	1.674258	0.5026747	0.496374	0.0009512893	
167	5.037774	0.1894018	0.3460696	0.4645287	
168	4.694949	0.2180896	0.3657679	0.4161425	
169	1.233208	0.7508259	0.2364514	0.01272273	
170	1.233208	0.7508259	0.2364514	0.01272273	
171	2.989828	0.4029926	0.4067313	0.1902761	
172	1.332596	0.6884961	0.30368	0.007823886	
173	4.319893	0.2756749	0.3519371	0.3723881	
174	0.9006998	0.8901475	0.1049907	0.004861853	
175	0.9006998	0.8901475	0.1049907	0.004861853	
176	0.6892951	0.9791145	0.02088544	3.472117e-08	
177	0.8779833	0.8874878	0.1124546	5.760217e-05	
178	5.844465	0.1055095	0.3218485	0.572642	
179	1.203795	0.74083	0.2549638	0.004206259	
180	5.727944	0.1365289	0.299822	0.5636491	
181	4.794616	0.2023717	0.3700041	0.4276242	
182	4.794616	0.2023717	0.3700041	0.4276242	
183	0.7890467	0.9305889	0.06941091	1.972283e-07	
184	0.7890467	0.9305889	0.06941091	1.972283e-07	
185	2.493735	0.1068805	0.8911674	0.001952072	
186	4.074652	0.2962656	0.3659354	0.337799	
187	3.325799	0.4160773	0.3317916	0.2521311	
188	3.325799	0.4160773	0.3317916	0.2521311	
189	3.805604	0.3595307	0.3263641	0.3141052	
190	3.325799	0.4160773	0.3317916	0.2521311	
191	3.325799	0.4160773	0.3317916	0.2521311	
192	4.31118	0.2115796	0.4399767	0.3484436	
193	4.074652	0.2962656	0.3659354	0.337799	
194	3.325799	0.4160773	0.3317916	0.2521311	
195	1.925703	0.5544192	0.3836363	0.06194445	
196	3.325799	0.4160773	0.3317916	0.2521311	
197	7.308307	0.01622867	0.1928851	0.7908863	
198	4.31118	0.2115796	0.4399767	0.3484436	
199	4.074652	0.2962656	0.3659354	0.337799	
200	3.325799	0.4160773	0.3317916	0.2521311	
201	3.325799	0.4160773	0.3317916	0.2521311	
202	3.805604	0.3595307	0.3263641	0.3141052	
203	0.6476887	0.9993547	0.0006453258	1.937098e-11	
204	0.7193714	0.9644833	0.03551664	3.042316e-08	
205	6.436293	0.05090048	0.2947089	0.6543906	
206	1.571536	0.5607693	0.435433	0.003797732	
207	7.692472	0.01923086	0.1233456	0.8574236	
208	5.037774	0.1894018	0.3460696	0.4645287	
209	4.794616	0.2023717	0.3700041	0.4276242	
210	4.794616	0.2023717	0.3700041	0.4276242	
211	8.021829	0.002067389	0.09038058	0.907552	
212	1.539045	0.5856838	0.4073268	0.006989396	
213	1.213218	0.724282	0.2757039	1.411344e-05	
214	2.313352	0.2825371	0.6847081	0.03275483	
215	0.6518429	0.9973338	0.0026662	3.297725e-10	
216	5.399721	0.1755392	0.3030918	0.521369	
217	1.579574	0.5477131	0.4516939	0.0005929977	
218	1.948231	0.3696165	0.6293548	0.00102873	
219	0.6475295	0.9994322	0.0005678439	9.052751e-12	
220	0.8827623	0.9000091	0.09473119	0.005259755	
221	3.325799	0.4160773	0.3317916	0.2521311	
222	4.366181	0.2612196	0.3635673	0.3752131	
223	3.49781	0.1481999	0.6642134	0.1875868	
224	0.6473507	0.9995191	0.0004809007	5.010075e-12	
225	0.6473468	0.999521	0.0004790064	6.024054e-12	
226	2.585433	0.3795605	0.507308	0.1131315	
227	0.9589571	0.8488533	0.1508239	0.0003227821	
228	0.7389986	0.9550026	0.0449738	2.360611e-05	
229	0.6465712	0.9998983	0.0001016684	2.776623e-13	
230	1.522902	0.5947079	0.3978922	0.007399854	
231	0.7381118	0.9553677	0.04463192	3.811705e-07	
232	4.694949	0.2180896	0.3657679	0.4161425	
233	0.6629485	0.9919313	0.00806874	1.161211e-09	
234	0.6994212	0.9741887	0.02581113	1.199848e-07	
235	5.083813	0.1248105	0.4254461	0.4497434	
236	3.561929	0.08163163	0.7431777	0.1751907	
237	0.7043799	0.9717778	0.0282216	5.819086e-07	
238	2.094579	0.3247212	0.6650348	0.01024396	
239	0.9638049	0.8457071	0.1542462	4.669543e-05	
240	0.8827623	0.9000091	0.09473119	0.005259755	
241	0.9006998	0.8901475	0.1049907	0.004861853	
242	4.781133	0.02615783	0.6102625	0.3635797	
243	1.576131	0.5659559	0.4276456	0.006398515	
244	0.787387	0.9313977	0.0686016	6.972134e-07	
245	4.319893	0.2756749	0.3519371	0.3723881	
246	0.6483284	0.9990435	0.0009565168	3.506761e-11	
247	0.8827623	0.9000091	0.09473119	0.005259755	
248	0.6483284	0.9990435	0.0009565168	3.506761e-11	
249	2.84263	0.001437982	0.9740843	0.02447771	
250	0.6933763	0.9771349	0.02286313	2.020324e-06	
251	0.6465822	0.9998929	0.0001070552	2.711118e-13	
252	2.450879	0.1231847	0.8764554	0.0003599687	
253	2.544457	0.2107627	0.7422382	0.04699909	
254	1.471034	0.6269358	0.3632131	0.009851148	
255	0.8827623	0.9000091	0.09473119	0.005259755	
256	2.633697	0.03711624	0.9615193	0.001364429	
257	0.7067042	0.9707013	0.02927907	1.958342e-05	
258	1.030732	0.823584	0.1727129	0.003703162	
259	0.8038507	0.9251057	0.07429188	0.0006023867	
260	1.055784	0.8008342	0.1991639	1.902141e-06	
261	6.561094	0.0906848	0.2197101	0.6896051	
262	8.15617	0.001672249	0.06801427	0.9303135	
263	2.593459	0.1565551	0.8070875	0.03635739	
264	4.074652	0.2962656	0.3659354	0.337799	
265	6.51211	0.0231935	0.3192007	0.6576058	
266	5.594723	0.02766133	0.4695463	0.5027923	
267	1.018453	0.8190238	0.1809639	1.221821e-05	
268	2.544738	0.07894087	0.9202031	0.0008560483	
269	0.6995175	0.9741476	0.02585027	2.120794e-06	
270	4.366181	0.2612196	0.3635673	0.3752131	
271	2.643634	0.2770598	0.6358044	0.08713582	
272	4.694949	0.2180896	0.3657679	0.4161425	
273	0.7067042	0.9707013	0.02927907	1.958342e-05	
274	3.856076	0.03702857	0.7532692	0.2097022	
275	2.654379	0.2156065	0.7169597	0.06743387	
276	1.795532	0.5534609	0.4071196	0.03941955	
277	0.6465829	0.9998926	0.0001073607	3.23378e-13	
278	0.6466646	0.9998529	0.000147115	8.293004e-13	
279	0.6474883	0.9994522	0.0005478134	7.426542e-12	
280	0.6512671	0.9976139	0.002386095	1.58514e-10	
281	1.65084	0.511814	0.4880241	0.0001619019	
282	2.929449	0.007567983	0.951007	0.04142501	
283	0.8899131	0.8816366	0.1183225	4.088599e-05	
284	1.456993	0.6138377	0.3832942	0.002868105	
285	0.9503916	0.8593146	0.138157	0.002528382	
286	0.6466448	0.9998625	0.0001375042	1.025538e-12	
287	0.6790705	0.9840884	0.01591154	1.38743e-08	
288	0.6690003	0.9889876	0.01101225	1.308137e-07	
289	0.6959151	0.9758946	0.02410516	2.141677e-07	
290	1.452963	0.650825	0.3340335	0.01514155	
291	0.6486156	0.9989038	0.001096236	6.933623e-10	
292	1.373735	0.6854621	0.3007645	0.01377332	
293	2.041992	0.3901844	0.585597	0.0242186	
294	0.8827623	0.9000091	0.09473119	0.005259755	
295	0.6672637	0.9898321	0.01016789	1.154422e-08	
296	3.325799	0.4160773	0.3317916	0.2521311	
297	1.680361	0.5012637	0.4972391	0.001497154	
298	1.548209	0.5771848	0.4172419	0.005573394	
299	1.689798	0.6020778	0.3594906	0.03843161	
300	1.65084	0.511814	0.4880241	0.0001619019	
301	4.222365	0.2583946	0.3918971	0.3497082	
302	0.6465829	0.9998926	0.0001073607	3.23378e-13	
303	0.9262754	0.8638904	0.1360887	2.089588e-05	
304	3.325799	0.4160773	0.3317916	0.2521311	
305	7.933423	0.00257918	0.1047593	0.8926615	
306	4.831255	0.2150454	0.3466439	0.4383107	
307	0.6512317	0.9976311	0.002368864	1.322056e-10	
308	1.979592	0.3518224	0.648038	0.0001395416	
309	2.058938	0.5787227	0.3281052	0.09317204	
310	0.7126624	0.9677694	0.03222268	7.874009e-06	
311	3.465495	0.2223845	0.5695425	0.208073	
312	4.319893	0.2756749	0.3519371	0.3723881	
313	4.686988	0.224403	0.3585994	0.4169977	
314	4.330361	0.2105949	0.438037	0.3513681	
315	1.20975	0.7287207	0.270301	0.0009782465	
316	5.520119	0.1225311	0.3541509	0.523318	
317	0.6533564	0.9965975	0.003402475	3.974066e-10	
318	1.92419	0.3784381	0.6215401	2.179344e-05	
319	3.381672	0.128062	0.7112048	0.1607332	
320	0.6509872	0.99775	0.002249952	1.606096e-10	
321	1.07544	0.7912707	0.2087279	1.412787e-06	
322	1.914767	0.3836742	0.6160754	0.0002503335	
323	0.7715252	0.9391131	0.06088657	3.628783e-07	
324	1.904084	0.4820942	0.4849896	0.0329162	
325	2.649349	0.1187037	0.8486751	0.03262123	
326	3.696808	0.2040531	0.5548675	0.2410794	
327	4.794616	0.2023717	0.3700041	0.4276242	
328	0.9752704	0.8399991	0.1599998	1.045236e-06	
329	0.6466104	0.9998792	0.000120762	3.499623e-13	
330	1.459949	0.6184374	0.376579	0.004983592	
331	6.977897	0.03429234	0.2248139	0.7408938	
332	2.101066	0.2926839	0.7071924	0.0001236792	
333	1.005928	0.825086	0.1749126	1.389104e-06	
334	0.812505	0.9191914	0.08080342	5.187239e-06	
335	0.7842127	0.9329404	0.0670595	1.472806e-07	
336	0.9664768	0.8449745	0.15478	0.0002454695	
337	0.9824517	0.8365076	0.1634906	1.735276e-06	
338	0.647496	0.9994484	0.0005515771	8.490354e-12	
339	2.618537	0.0453919	0.952928	0.001680113	
340	0.9738897	0.8406711	0.1593278	1.125413e-06	
341	2.100846	0.2931177	0.706644	0.0002382541	
342	6.085231	0.02572922	0.3885429	0.5857279	
343	6.7775	0.05748886	0.2276493	0.7148619	
344	5.830985	0.144933	0.2709085	0.5841585	
345	0.8945448	0.8793017	0.1206861	1.224534e-05	
346	7.05719	0.02198693	0.2279149	0.7500982	
347	1.689798	0.6020778	0.3594906	0.03843161	
348	1.689798	0.6020778	0.3594906	0.03843161	
349	2.288702	0.4996451	0.3957263	0.1046286	
350	1.347284	0.6672643	0.329848	0.002887761	
351	0.6785601	0.9843368	0.01566318	3.698654e-08	
352	1.689798	0.6020778	0.3594906	0.03843161	
353	2.715546	0.3145347	0.5729398	0.1125255	
354	4.629023	0.1912163	0.4132956	0.3954881	
355	1.653272	0.5593195	0.4234579	0.01722256	
356	0.7067042	0.9707013	0.02927907	1.958342e-05	
357	6.965475	0.05169056	0.2034368	0.7448727	
358	0.6552756	0.9956639	0.004336088	1.622056e-09	
359	0.6475866	0.9994044	0.0005956444	8.7245e-12	
360	3.168642	0.1045455	0.7792749	0.1161796	
361	0.6509072	0.997789	0.002211028	9.139345e-11	
362	4.781133	0.02615783	0.6102625	0.3635797	
363	0.9262754	0.8638904	0.1360887	2.089588e-05	
364	0.6780404	0.9845896	0.01541041	1.28159e-08	
365	1.689798	0.6020778	0.3594906	0.03843161	
366	0.9664768	0.8449745	0.15478	0.0002454695	
367	0.8133214	0.9187805	0.08121914	3.666309e-07	
368	0.6509063	0.9977894	0.002210565	1.196479e-10	
369	0.6465712	0.9998983	0.0001016684	2.776623e-13	
370	0.6488681	0.9987809	0.001219067	9.406217e-11	
371	0.6480977	0.9991557	0.000844296	2.987146e-11	
372	0.7110127	0.9685719	0.03142023	7.856475e-06	
373	2.528041	0.1027869	0.8908476	0.006365493	
374	0.7523727	0.9484392	0.0515573	3.527857e-06	
375	0.6466646	0.9998529	0.000147115	8.293004e-13	
376	0.646568	0.9998999	0.0001001173	2.295558e-13	
377	3.325799	0.4160773	0.3317916	0.2521311	
378	2.777162	0.2677479	0.6256179	0.1066342	
379	1.683135	0.5948658	0.3703655	0.03476873	
380	3.037025	0.3152116	0.5172261	0.1675624	
381	0.6474633	0.9994643	0.0005356499	2.746186e-10	
382	0.6468229	0.9997759	0.0002241367	3.110759e-12	
383	0.8086791	0.9210392	0.07896033	4.993802e-07	
384	2.686936	0.128661	0.8288215	0.04251748	
385	4.694949	0.2180896	0.3657679	0.4161425	
386	0.6793544	0.9839503	0.01604969	7.704022e-09	
387	0.6516125	0.9974459	0.002554128	6.904639e-10	
388	2.681022	0.02891523	0.9645268	0.006557939	
389	4.990207	0.06863373	0.5172637	0.4141026	
390	0.7067042	0.9707013	0.02927907	1.958342e-05	
391	2.925451	0.01782876	0.9378323	0.0443389	
392	5.969889	0.1105482	0.2936641	0.5957877	
393	0.7340809	0.9573396	0.04265611	4.241281e-06	
394	3.325799	0.4160773	0.3317916	0.2521311	
395	0.6470296	0.9996753	0.0003246579	3.835979e-12	
396	0.6557731	0.9954219	0.004578141	9.201654e-10	
397	1.689798	0.6020778	0.3594906	0.03843161	
398	3.325799	0.4160773	0.3317916	0.2521311	
399	3.325799	0.4160773	0.3317916	0.2521311	
400	2.922179	0.1343564	0.7810306	0.08461296	
401	1.414028	0.6646508	0.3219998	0.01334937	
402	1.10706	0.7785348	0.2205366	0.00092859	
403	1.728316	0.644268	0.2959508	0.05978112	
404	0.6575051	0.9945797	0.00542022	1.165234e-07	
405	3.889527	0.2182183	0.5028874	0.2788942	
406	2.739371	0.4832994	0.3409778	0.1757228	
407	2.739371	0.4832994	0.3409778	0.1757228	
408	7.414086	0.02555102	0.1622649	0.812184	
409	7.414086	0.02555102	0.1622649	0.812184	
410	2.987622	0.4422043	0.3541556	0.2036401	
411	2.987622	0.4422043	0.3541556	0.2036401	
412	1.532404	0.5906466	0.4017571	0.007596349	
413	2.521187	0.4537289	0.4181019	0.1281692	
414	4.935918	0.1093668	0.4715117	0.4191215	
415	3.325799	0.4160773	0.3317916	0.2521311	
416	2.089767	0.4089582	0.5521009	0.03894085	
417	1.452963	0.650825	0.3340335	0.01514155	
418	4.835914	0.1679833	0.4094026	0.4226141	
419	0.8827623	0.9000091	0.09473119	0.005259755	
420	0.9375042	0.8757237	0.1181949	0.006081429	
421	2.146354	0.5324877	0.3756402	0.09187212	
422	1.870255	0.4176512	0.5777803	0.004568551	
423	3.325799	0.4160773	0.3317916	0.2521311	
424	2.772815	0.1052338	0.8458188	0.04894742	
425	0.7986753	0.9259745	0.07400093	2.458844e-05	
426	6.64911	0.01993312	0.3002503	0.6798165	
427	1.21601	0.7450682	0.2471582	0.007773588	
428	4.074652	0.2962656	0.3659354	0.337799	
429	3.492746	0.220764	0.5670857	0.2121503	
430	4.322892	0.1095168	0.5758065	0.3146767	
431	2.880159	0.2297573	0.6593636	0.1108791	
432	1.605911	0.5365619	0.4622631	0.001175017	
433	0.7776919	0.9361128	0.06388693	2.547033e-07	
434	3.439638	0.2820938	0.4933185	0.2245877	
435	0.9750767	0.8443505	0.1541568	0.00149274	
436	2.001816	0.5285015	0.4056614	0.06583712	
437	1.132921	0.7646041	0.2349403	0.0004556344	
438	2.739371	0.4832994	0.3409778	0.1757228	
439	3.325799	0.4160773	0.3317916	0.2521311	
440	2.338473	0.198094	0.7944585	0.007447522	
441	5.894915	0.1410478	0.2652575	0.5936947	
442	0.6842087	0.9815888	0.01841114	1.451844e-08	
443	2.571809	0.1276314	0.8498367	0.02253189	
444	6.221754	0.08556204	0.2844724	0.6299655	
445	0.9348474	0.8673987	0.1298899	0.002711415	
446	2.958192	0.06037144	0.8748014	0.0648272	
447	4.074652	0.2962656	0.3659354	0.337799	
448	4.894229	0.02422715	0.5935912	0.3821817	
449	6.627479	0.08266609	0.2192226	0.6981113	
450	2.753271	0.1922017	0.7317084	0.07608994	
451	2.695853	0.0118813	0.9850014	0.003117261	
452	2.467876	0.1157894	0.8835446	0.0006659661	
453	3.028792	0.003338191	0.9397848	0.05687701	
454	0.8827623	0.9000091	0.09473119	0.005259755	
455	6.931028	0.01019416	0.2653456	0.7244602	
456	5.384744	0.08188676	0.4321134	0.4859998	
457	7.59333	0.01237077	0.1495093	0.8381199	
458	7.655576	0.003020277	0.1515257	0.845454	
459	7.349612	0.03622988	0.1588345	0.8049356	
460	5.520119	0.1225311	0.3541509	0.523318	
461	1.668797	0.5161237	0.4791434	0.004732971	
462	4.585284	0.003127025	0.6747481	0.3221248	
463	3.26893	0.1330907	0.7236322	0.1432772	
464	4.162312	0.2640651	0.3944763	0.3414585	
465	4.074652	0.2962656	0.3659354	0.337799	
466	2.668987	0.4450757	0.4045932	0.1503312	
467	7.145641	0.04030496	0.1881006	0.7715944	
468	7.110204	0.0556901	0.1733651	0.7709448	
469	4.549699	0.1048673	0.5434234	0.3517093	
470	1.973194	0.3551391	0.6446498	0.0002110894	
471	2.643939	0.08560935	0.894288	0.02010267	
472	7.756446	0.003260371	0.1340072	0.8627324	
473	4.074652	0.2962656	0.3659354	0.337799	
474	3.881653	0.322601	0.3632708	0.3141282	
475	2.716844	0.06378797	0.9113283	0.02488368	
476	1.522269	0.6410969	0.3353562	0.02354685	
477	0.6497855	0.9983347	0.001665322	1.092248e-10	
478	5.113524	0.06374321	0.5028471	0.4334097	
479	1.552906	0.635364	0.3378756	0.02676037	
480	0.7431814	0.9529589	0.04702067	2.047645e-05	
481	1.298073	0.6830519	0.3169168	3.129486e-05	
482	3.299363	0.1063606	0.7545409	0.1390985	
483	1.770126	0.456092	0.5429378	0.0009702224	
484	0.6477369	0.9993312	0.0006687693	9.265573e-12	
485	2.414479	0.2172202	0.7556743	0.02710556	
486	6.814599	0.0198079	0.2722099	0.7079822	
487	3.429015	0.3891862	0.3505111	0.2603027	
488	3.429015	0.3891862	0.3505111	0.2603027	
489	3.429015	0.3891862	0.3505111	0.2603027	
490	1.275452	0.7047123	0.2915224	0.003765284	
491	7.093021	0.04694254	0.188107	0.7649505	
492	2.199972	0.4200513	0.5183353	0.06161343	
493	0.6492498	0.9985953	0.001404747	2.547568e-10	
494	2.669651	0.03528993	0.9578568	0.006853288	
495	0.6510171	0.9977355	0.002264481	2.430275e-10	
496	2.43748	0.2478785	0.7103521	0.04176931	
497	0.6929342	0.9773445	0.02265537	1.318798e-07	
498	4.129953	0.2340663	0.4405029	0.3254308	
499	4.620936	0.2323831	0.3590822	0.4085346	
500	5.727944	0.1365289	0.299822	0.5636491	
501	1.689798	0.6020778	0.3594906	0.03843161	
502	7.454105	0.0435604	0.1311232	0.8253164	
503	0.6465712	0.9998983	0.0001016684	2.776623e-13	
504	6.722224	0.05717438	0.2374963	0.7053293	
505	3.767449	0.2267382	0.5121919	0.26107	
506	2.072585	0.379783	0.5944282	0.02578875	
507	7.498351	0.01082947	0.1677811	0.8213895	
508	6.713613	0.07890881	0.209614	0.7114772	
509	3.325799	0.4160773	0.3317916	0.2521311	
510	4.786228	0.05383613	0.572017	0.3741469	
511	4.249315	0.2450151	0.405371	0.349614	
512	2.142501	0.3735615	0.5909118	0.03552669	
513	4.452342	0.1949749	0.4383372	0.3666879	
514	1.728316	0.644268	0.2959508	0.05978112	
515	5.769912	0.02393552	0.4447149	0.5313496	
516	3.330405	0.01888262	0.8673801	0.1137372	
517	6.97334	0.03512561	0.2244656	0.7404088	
518	2.592685	0.05689015	0.9418074	0.001302422	
519	2.032584	0.3257973	0.6741494	5.328245e-05	
520	0.7379123	0.9554648	0.04453485	3.930655e-07	
521	0.9608308	0.8540295	0.1435146	0.002455931	
522	0.658989	0.9938575	0.006142475	1.964765e-08	
523	4.568952	0.07625913	0.5787742	0.3449667	
524	0.8732641	0.8974472	0.09980977	0.002743003	
525	5.969889	0.1105482	0.2936641	0.5957877	
526	4.620936	0.2323831	0.3590822	0.4085346	
527	0.7770764	0.9364129	0.06358666	4.6679e-07	
528	0.6823123	0.9825115	0.01748849	3.502331e-08	
529	0.6466074	0.9998807	0.0001193025	3.801071e-13	
530	3.696808	0.2040531	0.5548675	0.2410794	
531	5.461705	0.07216519	0.4321226	0.4957123	
532	0.7365021	0.9561501	0.0438497	1.57893e-07	
533	0.8827623	0.9000091	0.09473119	0.005259755	
534	2.774293	0.01998039	0.9606933	0.01932626	
535	3.325799	0.4160773	0.3317916	0.2521311	
536	3.325799	0.4160773	0.3317916	0.2521311	
537	4.053823	0.06395726	0.6831962	0.2528465	
538	3.325799	0.4160773	0.3317916	0.2521311	
539	4.074652	0.2962656	0.3659354	0.337799	
540	7.093608	0.04121746	0.1957379	0.7630446	
541	7.562836	0.01419353	0.152246	0.8335605	
542	6.203108	0.0645558	0.3160177	0.6194265	
543	7.38215	0.0458991	0.1402306	0.8138703	
544	1.870239	0.4435334	0.5428317	0.01363494	
545	3.325799	0.4160773	0.3317916	0.2521311	
546	7.065812	0.01338967	0.238055	0.7485554	
547	1.043331	0.8081769	0.1913709	0.0004521361	
548	5.764495	0.01407714	0.4589511	0.5269718	
549	2.432328	0.4361987	0.4569219	0.1068794	
550	4.622295	0.1373018	0.4872489	0.3754493	
551	0.8827623	0.9000091	0.09473119	0.005259755	
552	0.8993235	0.8773877	0.1224562	0.0001561517	
553	0.6645618	0.9911464	0.008853557	1.932997e-09	
554	0.6473468	0.999521	0.0004790064	6.024054e-12	
555	0.8014317	0.9245688	0.07542929	1.89515e-06	
556	6.772147	0.05137298	0.2368207	0.7118063	
557	4.794616	0.2023717	0.3700041	0.4276242	
558	1.581027	0.5540189	0.442931	0.003050134	
559	0.9664768	0.8449745	0.15478	0.0002454695	
560	3.506571	0.3154244	0.436899	0.2476766	
561	1.435241	0.620417	0.3781173	0.00146561	
562	5.892263	0.003777096	0.4510808	0.5451421	
563	1.690385	0.6508196	0.2935693	0.05561109	
564	2.704036	0.02717695	0.9629513	0.009871777	
565	2.458007	0.1269142	0.870204	0.002881764	
566	1.050916	0.8235172	0.1693624	0.007120367	
567	4.978539	0.1816141	0.3666833	0.4517025	
568	0.972148	0.8416287	0.1583315	3.979553e-05	
569	4.366181	0.2612196	0.3635673	0.3752131	
570	2.584605	0.05820895	0.9414038	0.0003872472	
571	0.9543576	0.8508687	0.1488863	0.0002449587	
572	2.464667	0.1709609	0.8095879	0.01945126	
573	4.380403	0.1889017	0.4588014	0.3522969	
574	0.6694265	0.9887799	0.01122009	3.121641e-09	
575	2.278668	0.2206366	0.7742113	0.005152168	
576	1.038181	0.811694	0.1874994	0.0008066105	
577	0.75592	0.9467869	0.05318389	2.922898e-05	
578	2.446133	0.2347787	0.7265673	0.03865398	
579	8.079464	0.004588307	0.07715167	0.91826	
580	3.397317	0.2134746	0.5931962	0.1933291	
581	5.830985	0.144933	0.2709085	0.5841585	
582	0.9975054	0.829329	0.1706186	5.239005e-05	
583	7.406364	0.03410284	0.1520328	0.8138643	
584	1.723114	0.6454491	0.2952427	0.05930817	
585	1.908806	0.5883788	0.3406573	0.07096388	
586	3.63071	0.1074092	0.6966429	0.1959479	
587	2.739371	0.4832994	0.3409778	0.1757228	
588	0.9664768	0.8449745	0.15478	0.0002454695	
589	5.514038	0.0003705481	0.5201537	0.4794757	
590	4.452461	0.0005801332	0.7008287	0.2985912	
591	5.514038	0.0003705481	0.5201537	0.4794757	
592	1.061538	0.7983543	0.201532	0.0001137012	
593	0.7662812	0.9416862	0.05830567	8.117525e-06	
594	0.84328	0.9042069	0.09579255	5.135066e-07	
595	0.7706624	0.93955	0.06044365	6.389777e-06	
596	4.81774	0.1120218	0.4880713	0.3999069	
597	1.296388	0.6843662	0.3154292	0.0002045421	
598	3.354803	0.08375893	0.775612	0.140629	
599	5.316046	0.192648	0.2942511	0.5131008	
600	2.51688	0.1000426	0.896456	0.003501345	
601	0.7204085	0.9639791	0.03602077	1.306426e-07	
602	1.910374	0.3950347	0.6014831	0.003482265	
603	1.192973	0.7356017	0.2638688	0.0005295539	
604	7.692472	0.01923086	0.1233456	0.8574236	
605	6.689186	0.01394149	0.30151	0.6845485	
606	4.366181	0.2612196	0.3635673	0.3752131	
607	3.696808	0.2040531	0.5548675	0.2410794	
608	0.9142718	0.869762	0.1302058	3.220323e-05	
609	4.818433	0.01575914	0.6179466	0.3662942	
610	0.8797498	0.8922112	0.105775	0.002013825	
611	5.083813	0.1248105	0.4254461	0.4497434	
612	5.083813	0.1248105	0.4254461	0.4497434	
613	1.690769	0.4929915	0.5066358	0.0003727336	
614	1.893718	0.4008943	0.5964093	0.002696373	
615	0.8732641	0.8974472	0.09980977	0.002743003	
616	5.830985	0.144933	0.2709085	0.5841585	
617	6.773613	0.023855	0.2737311	0.7024139	
618	2.978046	0.02552991	0.9184674	0.05600273	
619	0.984885	0.8355187	0.1644113	6.998984e-05	
620	0.8827623	0.9000091	0.09473119	0.005259755	
621	4.409148	0.2648752	0.3513065	0.3838183	
622	3.379575	0.02680956	0.848294	0.1248965	
623	1.662582	0.5057537	0.4942065	3.986318e-05	
624	1.119768	0.7697164	0.2302787	4.925593e-06	
625	2.882807	0.4373009	0.3786443	0.1840549	
626	0.7431814	0.9529589	0.04702067	2.047645e-05	
627	7.225281	0.04049967	0.1742621	0.7852382	
628	0.7706624	0.93955	0.06044365	6.389777e-06	
629	0.7706624	0.93955	0.06044365	6.389777e-06	
630	3.278561	0.2396071	0.5781501	0.1822428	
631	4.074652	0.2962656	0.3659354	0.337799	
632	4.094772	0.1696326	0.5335115	0.2968559	
633	5.48729	0.05591025	0.4497121	0.4943776	
634	0.6965999	0.9755609	0.02443903	2.739451e-08	
635	1.280031	0.7204351	0.2695097	0.01005516	
636	2.121392	0.3448563	0.6332738	0.02186991	
637	3.325799	0.4160773	0.3317916	0.2521311	
638	0.6645618	0.9911464	0.008853557	1.932997e-09	
639	4.164828	0.1724672	0.5177418	0.309791	
640	0.8827623	0.9000091	0.09473119	0.005259755	
641	0.9098368	0.8722238	0.1276374	0.0001388303	
642	4.697744	0.2414461	0.3337506	0.4248033	
643	3.325799	0.4160773	0.3317916	0.2521311	
644	4.379764	0.2933601	0.3178491	0.3887907	
645	4.074652	0.2962656	0.3659354	0.337799	
646	3.325799	0.4160773	0.3317916	0.2521311	
647	0.7479368	0.9505872	0.04941272	5.612842e-08	
648	2.398216	0.2004849	0.7810459	0.01846922	
649	1.21698	0.722451	0.2775352	1.376726e-05	
650	0.6519951	0.9972598	0.002740244	1.016122e-09	
651	0.7683713	0.9407231	0.05925004	2.689905e-05	
652	0.674261	0.9864281	0.01357191	5.710919e-09	
653	2.465699	0.195052	0.7768792	0.02806879	
654	3.500577	0.04995453	0.7964127	0.1536328	
655	0.899949	0.8767115	0.1232626	2.584803e-05	
656	2.277087	0.2613865	0.7194519	0.01916165	
657	4.366181	0.2612196	0.3635673	0.3752131	
658	0.7431814	0.9529589	0.04702067	2.047645e-05	
659	6.748705	0.05936255	0.2300275	0.71061	
660	0.7362357	0.9562794	0.04372056	3.773289e-08	
661	1.133323	0.790948	0.1992968	0.009755184	
662	1.270184	0.6971482	0.3026351	0.0002167685	
663	0.78352	0.9332776	0.06672212	2.495683e-07	
664	5.295064	0.1695061	0.3290788	0.5014151	
665	1.055712	0.8012539	0.1986095	0.0001366101	
666	1.280866	0.6914087	0.3085648	2.648519e-05	
667	4.499153	0.2246772	0.3902477	0.3850751	
668	4.319893	0.2756749	0.3519371	0.3723881	
669	0.7138898	0.9671584	0.03283866	2.973698e-06	
670	6.761183	0.0722054	0.2105574	0.7172372	
671	2.213357	0.2390111	0.7605311	0.0004577871	
672	0.6472769	0.999555	0.0004449775	4.262856e-12	
673	1.686434	0.4941181	0.5058534	2.851827e-05	
674	3.578179	0.02456006	0.8174774	0.1579625	
675	0.8827623	0.9000091	0.09473119	0.005259755	
676	0.6465883	0.99989	0.0001099833	3.221259e-13	
677	0.6474027	0.9994938	0.0005061681	8.803564e-12	
678	5.520119	0.1225311	0.3541509	0.523318	
679	2.881569	0.02358242	0.9375428	0.0388748	
680	0.7983109	0.926082	0.07391783	1.49505e-07	
681	2.281274	0.2049465	0.7949549	9.852914e-05	
682	3.623429	0.29192	0.4487197	0.2593603	
683	3.325799	0.4160773	0.3317916	0.2521311	
684	3.325799	0.4160773	0.3317916	0.2521311	
685	5.673409	0.1385907	0.3063339	0.5550754	
686	3.485086	0.1011784	0.7298805	0.1689412	
687	4.447864	0.005266442	0.6952839	0.2994497	
688	0.9200835	0.8668535	0.1331428	3.704855e-06	
689	1.508245	0.5839059	0.4149778	0.001116271	
690	0.7288868	0.9598545	0.04014545	6.543557e-08	
691	3.174304	0.03351148	0.8742345	0.09225405	
692	6.405143	0.01984885	0.3419511	0.6382001	
693	1.65084	0.511814	0.4880241	0.0001619019	
694	4.50893	0.03552526	0.6440128	0.3204619	
695	5.437062	0.1325035	0.3548422	0.5126543	
696	2.704036	0.02717695	0.9629513	0.009871777	
697	3.531518	0.04788924	0.7939274	0.1581834	
698	7.673422	0.02060836	0.1247327	0.8546589	
699	1.937325	0.3754066	0.6233949	0.001198536	
700	0.8731359	0.8896908	0.110306	3.242292e-06	
701	1.723114	0.6454491	0.2952427	0.05930817	
702	4.31118	0.2115796	0.4399767	0.3484436	
703	0.6710274	0.9880011	0.01199885	4.499401e-09	
704	0.6512027	0.9976452	0.002354761	1.716004e-10	
705	2.860837	0.05375937	0.9003258	0.04591488	
706	2.511661	0.1599773	0.8164095	0.02361321	
707	2.911825	0.1556838	0.7539949	0.09032126	
708	5.520119	0.1225311	0.3541509	0.523318	
709	2.3464	0.3123702	0.6387881	0.04884179	
710	4.499153	0.2246772	0.3902477	0.3850751	
711	0.7431814	0.9529589	0.04702067	2.047645e-05	
712	5.172119	0.1797082	0.3362592	0.4840326	
713	4.852023	0.04191097	0.5769053	0.3811837	
714	3.325799	0.4160773	0.3317916	0.2521311	
715	3.705055	0.005782864	0.8212068	0.1730103	
716	3.325799	0.4160773	0.3317916	0.2521311	
717	3.325799	0.4160773	0.3317916	0.2521311	
718	7.140299	0.04911191	0.1771183	0.7737698	
719	0.6625019	0.9921485	0.007851455	9.379349e-09	
720	0.6625019	0.9921485	0.007851455	9.379349e-09	
721	1.766302	0.4833445	0.5067876	0.009867871	
722	4.366181	0.2612196	0.3635673	0.3752131	
723	0.6504157	0.9980281	0.001971829	2.121345e-08	
724	0.9919354	0.8328324	0.166837	0.0003305271	
725	0.6608128	0.9929702	0.007029793	2.704882e-09	
726	2.373426	0.2257599	0.7511401	0.02310005	
727	0.703024	0.9724427	0.0275549	2.426951e-06	
728	0.7229512	0.9627676	0.03722331	9.063558e-06	
729	0.9690898	0.8434808	0.1563517	0.0001674912	
730	3.988134	0.2673151	0.4197782	0.3129067	
731	3.325799	0.4160773	0.3317916	0.2521311	
732	5.316046	0.192648	0.2942511	0.5131008	
733	7.147867	4.282801e-05	0.2420914	0.7578657	
734	2.51688	0.1000426	0.896456	0.003501345	
735	5.827864	0.03671654	0.4175766	0.5457069	
736	2.635302	0.04982276	0.9440867	0.006090529	
737	0.64746	0.999466	0.0005340308	7.119989e-12	
738	0.6795774	0.983842	0.01615794	6.422785e-08	
739	0.7389986	0.9550026	0.0449738	2.360611e-05	
740	2.543755	0.08654622	0.9101005	0.003353314	
741	0.8827623	0.9000091	0.09473119	0.005259755	
742	0.6473468	0.999521	0.0004790064	6.024054e-12	
743	0.6473468	0.999521	0.0004790064	6.024054e-12	
744	0.6495122	0.9984676	0.001532394	8.600762e-11	
745	0.6636536	0.9915886	0.008411233	1.335439e-07	
746	0.6465822	0.9998929	0.0001070552	2.711118e-13	
747	0.6715913	0.987727	0.012273	4.816853e-08	
748	0.78352	0.9332776	0.06672212	2.495683e-07	
749	5.727944	0.1365289	0.299822	0.5636491	
750	0.6473468	0.999521	0.0004790064	6.024054e-12	
751	1.474221	0.6056631	0.3913967	0.002940232	
752	0.6465643	0.9999017	9.830344e-05	2.450971e-13	
753	0.6473468	0.999521	0.0004790064	6.024054e-12	
754	1.992258	0.3454441	0.6544924	6.348989e-05	
755	5.237431	0.005714208	0.5600884	0.4341974	
756	2.31059	0.5142305	0.372299	0.1134705	
757	1.594301	0.6020605	0.3757926	0.02214692	
758	1.07177	0.7930599	0.2069373	2.783271e-06	
759	0.6891073	0.979206	0.02079397	5.70012e-08	
760	0.6891073	0.979206	0.02079397	5.70012e-08	
761	4.526631	0.1227412	0.5232187	0.3540402	
762	3.325799	0.4160773	0.3317916	0.2521311	
763	3.325799	0.4160773	0.3317916	0.2521311	
764	2.739371	0.4832994	0.3409778	0.1757228	
765	6.027683	0.1294938	0.2582284	0.6122778	
766	7.321112	0.02667449	0.1765962	0.7967293	
767	6.040046	0.05933096	0.3508691	0.5897999	
768	0.9606945	0.8471038	0.1528903	5.90173e-06	
769	3.325799	0.4160773	0.3317916	0.2521311	
770	0.8939391	0.8805016	0.1191689	0.0003294782	
771	0.8827623	0.9000091	0.09473119	0.005259755	
772	3.00732	0.1357788	0.7645965	0.09962467	
773	3.655464	0.2840096	0.4539414	0.262049	
774	3.281907	0.07991307	0.7932315	0.1268555	
775	4.912379	0.1249801	0.45444	0.4205799	
776	3.325799	0.4160773	0.3317916	0.2521311	
777	2.987622	0.4422043	0.3541556	0.2036401	
778	3.116929	0.1225512	0.7637749	0.1136738	
779	3.325799	0.4160773	0.3317916	0.2521311	
780	3.542327	0.06600213	0.7676252	0.1663727	
781	2.384732	0.2431554	0.7257219	0.03112269	
782	4.694949	0.2180896	0.3657679	0.4161425	
783	3.325799	0.4160773	0.3317916	0.2521311	
784	4.063018	0.2024793	0.4945679	0.3029528	
785	2.288415	0.256504	0.7241141	0.01938184	
786	3.290524	0.09691391	0.7688045	0.1342816	
787	1.142837	0.7601426	0.2392748	0.0005825633	
788	2.077551	0.4379913	0.5149769	0.04703181	
789	2.790202	0.4453916	0.3835039	0.1711045	
790	2.867166	0.3795838	0.4592519	0.1611643	
791	2.867166	0.3795838	0.4592519	0.1611643	
792	2.867166	0.3795838	0.4592519	0.1611643	
793	6.335353	0.0917171	0.2567963	0.6514866	
794	4.330361	0.2105949	0.438037	0.3513681	
795	4.330361	0.2105949	0.438037	0.3513681	
796	1.134328	0.8097129	0.1737853	0.01650173	
797	2.790202	0.4453916	0.3835039	0.1711045	
798	2.979035	0.2729686	0.5841563	0.1428752	
799	3.325799	0.4160773	0.3317916	0.2521311	
800	0.8827623	0.9000091	0.09473119	0.005259755	
801	0.6473781	0.9995058	0.0004942119	4.741522e-12	
802	1.689798	0.6020778	0.3594906	0.03843161	
803	1.689798	0.6020778	0.3594906	0.03843161	
804	2.399246	0.3067846	0.6373225	0.05589285	
805	0.8827623	0.9000091	0.09473119	0.005259755	
806	1.552906	0.635364	0.3378756	0.02676037	
807	1.689798	0.6020778	0.3594906	0.03843161	
808	2.976876	0.01959152	0.9266859	0.05372255	
809	0.6891073	0.979206	0.02079397	5.70012e-08	
810	1.963079	0.4316313	0.5430785	0.02529018	
811	0.6676268	0.9896554	0.01034456	1.764864e-09	
812	1.689798	0.6020778	0.3594906	0.03843161	
813	0.6660797	0.9904081	0.009591888	1.775965e-08	
814	0.6660797	0.9904081	0.009591888	1.775965e-08	
815	0.6660797	0.9904081	0.009591888	1.775965e-08	
816	1.010809	0.8228423	0.1771105	4.718438e-05	
817	1.795532	0.5534609	0.4071196	0.03941955	
818	0.8827623	0.9000091	0.09473119	0.005259755	
819	1.625878	0.5794296	0.4009708	0.01959964	
820	3.325799	0.4160773	0.3317916	0.2521311	
821	1.689798	0.6020778	0.3594906	0.03843161	
822	1.404062	0.6594583	0.3307108	0.009830933	
823	6.948795	0.04441656	0.2161029	0.7394805	
824	6.496678	0.01473971	0.3332472	0.6520131	
825	0.7431814	0.9529589	0.04702067	2.047645e-05	
826	0.6466045	0.9998821	0.0001178755	4.117006e-13	
827	1.689798	0.6020778	0.3594906	0.03843161	
828	0.8827623	0.9000091	0.09473119	0.005259755	
829	1.65084	0.511814	0.4880241	0.0001619019	
830	1.65084	0.511814	0.4880241	0.0001619019	
831	6.816482	0.004116743	0.2930784	0.7028049	
832	5.81217	0.09499901	0.3415469	0.5634541	
833	4.31118	0.2115796	0.4399767	0.3484436	
834	0.7067042	0.9707013	0.02927907	1.958342e-05	
835	0.6739459	0.9866315	0.01335093	1.756396e-05	
836	0.7067042	0.9707013	0.02927907	1.958342e-05	
837	0.7804658	0.936222	0.06326659	0.0005113675	
838	0.7067042	0.9707013	0.02927907	1.958342e-05	
839	1.432921	0.6174282	0.3825489	2.288034e-05	
840	2.792067	0.2088792	0.7025738	0.08854707	
841	2.372439	0.1858613	0.8051877	0.008951061	
842	2.792067	0.2088792	0.7025738	0.08854707	
843	7.692472	0.01923086	0.1233456	0.8574236	
844	1.689798	0.6020778	0.3594906	0.03843161	
845	0.6624293	0.9921839	0.007816143	2.054197e-09	
846	0.8732641	0.8974472	0.09980977	0.002743003	
847	0.8732641	0.8974472	0.09980977	0.002743003	
848	5.727944	0.1365289	0.299822	0.5636491	
849	5.302604	0.1518153	0.3516834	0.4965014	
850	5.727944	0.1365289	0.299822	0.5636491	
851	5.727944	0.1365289	0.299822	0.5636491	
852	5.830985	0.144933	0.2709085	0.5841585	
853	5.830985	0.144933	0.2709085	0.5841585	
854	5.830985	0.144933	0.2709085	0.5841585	
855	5.830985	0.144933	0.2709085	0.5841585	
856	5.830985	0.144933	0.2709085	0.5841585	
857	6.050507	0.09367579	0.3027065	0.6036177	
858	5.830985	0.144933	0.2709085	0.5841585	
859	5.830985	0.144933	0.2709085	0.5841585	
860	0.9590099	0.8481138	0.1518136	7.26575e-05	
861	4.929991	0.206994	0.3406858	0.4523202	
862	8.446298	0.0009198516	0.0195746	0.9795055	
863	8.091303	0.00691365	0.07199351	0.9210928	
864	7.600942	0.03026922	0.1240417	0.845689	
865	7.600942	0.03026922	0.1240417	0.845689	
866	8.317105	5.899215e-05	0.04275956	0.9571814	
867	8.317105	5.899215e-05	0.04275956	0.9571814	
868	7.387943	0.01886425	0.1757512	0.8053846	
869	7.387943	0.01886425	0.1757512	0.8053846	
870	2.952327	0.004316272	0.9514984	0.04418538	
871	2.837227	0.005661308	0.9693021	0.02503656	
872	1.333861	0.6659898	0.3338572	0.0001530588	
873	4.074652	0.2962656	0.3659354	0.337799	
874	4.074652	0.2962656	0.3659354	0.337799	
875	4.074652	0.2962656	0.3659354	0.337799	
876	0.8803885	0.8861578	0.1138407	1.546455e-06	
877	0.9255272	0.864209	0.135786	4.996994e-06	
878	0.9255272	0.864209	0.135786	4.996994e-06	
879	4.074652	0.2962656	0.3659354	0.337799	
880	7.284468	0.01235727	0.2021766	0.7854661	
881	5.257126	0.1090581	0.417175	0.4737669	
882	3.570478	0.03625517	0.802997	0.1607479	
883	2.39198	0.1550912	0.8434088	0.001500031	
884	2.181382	0.4625279	0.4641435	0.07332861	
885	2.181382	0.4625279	0.4641435	0.07332861	
886	2.776048	0.05361171	0.9149783	0.03140996	
887	6.229279	0.002413001	0.3954745	0.6021125	
888	4.265871	0.01962785	0.7069128	0.2734593	
889	6.047302	0.1292497	0.2552136	0.6155367	
890	7.110204	0.0556901	0.1733651	0.7709448	
891	7.110204	0.0556901	0.1733651	0.7709448	
892	4.031746	0.2133254	0.4852521	0.3014225	
893	4.031746	0.2133254	0.4852521	0.3014225	
894	1.866866	0.4068223	0.5929815	0.0001962262	
895	1.866866	0.4068223	0.5929815	0.0001962262	
896	1.838098	0.4207268	0.5791084	0.0001647331	
897	1.131873	0.7638624	0.2361206	1.696318e-05	
898	3.017146	0.0190903	0.9204983	0.06041141	
899	3.383586	0.03805351	0.8324264	0.12952	
900	3.383586	0.03805351	0.8324264	0.12952	
901	2.785849	0.3536792	0.5080949	0.1382258	
902	1.26076	0.7067495	0.2912758	0.001974658	
903	1.26076	0.7067495	0.2912758	0.001974658	
904	2.459639	0.1904255	0.7841598	0.02541463	
905	2.484927	0.12043	0.8743716	0.005198461	
906	2.484927	0.12043	0.8743716	0.005198461	
907	7.779739	0.003812723	0.1292906	0.8668966	
908	7.974445	0.01579257	0.07992317	0.9042843	
909	6.078781	0.04788572	0.359722	0.5923923	
910	7.779739	0.003812723	0.1292906	0.8668966	
911	5.492487	0.1681035	0.2973199	0.5345766	
912	2.032518	0.4633877	0.488358	0.04825431	
913	2.348697	0.3353871	0.6073143	0.05729862	
914	3.909948	0.01730014	0.7707275	0.2119724	
915	3.909948	0.01730014	0.7707275	0.2119724	
916	0.7209596	0.9637122	0.03628729	5.42659e-07	
917	4.074652	0.2962656	0.3659354	0.337799	
918	4.074652	0.2962656	0.3659354	0.337799	
919	4.074652	0.2962656	0.3659354	0.337799	
920	4.074652	0.2962656	0.3659354	0.337799	
921	1.742832	0.4670159	0.5328387	0.0001453962	
922	1.690689	0.588585	0.3775595	0.03385545	
923	0.6465883	0.99989	0.0001099833	3.221259e-13	
924	0.6465883	0.99989	0.0001099833	3.221259e-13	
925	0.7893464	0.9306026	0.06934127	5.609733e-05	
926	0.6468229	0.9997759	0.0002241367	3.110759e-12	
927	2.559196	0.09469815	0.8964599	0.008841938	
928	3.532271	0.2104992	0.5742097	0.2152911	
929	6.036577	0.03199519	0.3883749	0.5796299	
930	1.913869	0.6049215	0.317455	0.07762352	
931	0.6921984	0.9777061	0.02229249	1.403577e-06	
932	2.770613	0.07995737	0.8803275	0.03971509	
933	0.6493673	0.9985381	0.001461882	3.775508e-09	
934	1.233624	0.7164571	0.2827923	0.0007506403	
935	1.307271	0.6787531	0.3211541	9.28193e-05	
936	2.790202	0.4453916	0.3835039	0.1711045	
937	0.7150597	0.9676913	0.03191957	0.0003891453	
938	0.8827623	0.9000091	0.09473119	0.005259755	
939	0.8950689	0.8834923	0.1149377	0.001570016	
940	0.6956823	0.9760092	0.02399014	6.70504e-07	
941	1.689798	0.6020778	0.3594906	0.03843161	
942	0.8827623	0.9000091	0.09473119	0.005259755	
943	0.9137492	0.8718903	0.1274209	0.0006888681	
944	0.7917466	0.930307	0.06933134	0.0003616565	
945	0.7067042	0.9707013	0.02927907	1.958342e-05	
946	0.9750767	0.8443505	0.1541568	0.00149274	
947	0.8732641	0.8974472	0.09980977	0.002743003	
948	0.8614116	0.9007815	0.09732749	0.001890971	
949	0.7804658	0.936222	0.06326659	0.0005113675	
950	4.843659	0.1868059	0.3826641	0.43053	
951	5.673409	0.1385907	0.3063339	0.5550754	
952	5.653358	0.09562064	0.3677788	0.5366006	
953	5.673409	0.1385907	0.3063339	0.5550754	
954	4.827253	0.1553184	0.4279817	0.4167	
955	5.016474	0.1182545	0.4457781	0.4359674	
956	3.849361	0.1945727	0.5416654	0.2637619	
957	3.671967	0.1428906	0.641696	0.2154134	
958	3.849361	0.1945727	0.5416654	0.2637619	
959	4.074652	0.2962656	0.3659354	0.337799	
960	2.598329	0.4158004	0.456171	0.1280286	
961	6.142959	0.08605579	0.2972371	0.6167071	
962	6.481474	0.1020573	0.2179248	0.6800179	
963	0.7893464	0.9306026	0.06934127	5.609733e-05	
964	3.325799	0.4160773	0.3317916	0.2521311	
965	1.951886	0.4200414	0.5606377	0.01932089	
966	4.794616	0.2023717	0.3700041	0.4276242	
967	4.794616	0.2023717	0.3700041	0.4276242	
968	4.794616	0.2023717	0.3700041	0.4276242	
969	2.384732	0.2431554	0.7257219	0.03112269	
970	4.912379	0.1249801	0.45444	0.4205799	
971	4.694949	0.2180896	0.3657679	0.4161425	
972	3.300196	0.3868594	0.3756119	0.2375287	
973	4.694949	0.2180896	0.3657679	0.4161425	
974	4.697744	0.2414461	0.3337506	0.4248033	
975	1.722458	0.4843086	0.5129595	0.002731858	
976	4.129953	0.2340663	0.4405029	0.3254308	
977	7.236639	0.04947462	0.1602062	0.7903192	
978	0.6484821	0.9989687	0.00103126	6.443704e-11	
979	3.325799	0.4160773	0.3317916	0.2521311	
980	2.739899	0.2790835	0.6166621	0.1042544	
981	0.8827623	0.9000091	0.09473119	0.005259755	
982	0.8797498	0.8922112	0.105775	0.002013825	
983	0.6739459	0.9866315	0.01335093	1.756396e-05	
984	4.631863	0.003709682	0.6660214	0.330269	
985	6.66465	0.03249915	0.2806321	0.6868687	
986	0.64956	0.9984444	0.001555631	9.277744e-11	
987	1.399193	0.6350025	0.364566	0.0004315129	
988	0.6466944	0.9998384	0.000161618	9.248784e-13	
989	0.723184	0.962668	0.03731819	1.38219e-05	
990	0.6483511	0.9990325	0.0009675303	3.403824e-09	
991	0.6483511	0.9990325	0.0009675303	3.403824e-09	
992	3.345006	0.08124208	0.7806807	0.1380772	
993	2.347557	0.3883803	0.5359463	0.07567341	
994	0.6516125	0.9974459	0.002554128	6.904639e-10	
995	1.187099	0.7457431	0.251175	0.003081894	
996	1.010107	0.8236372	0.1761568	0.0002060147	
997	1.087397	0.8245203	0.1617893	0.01369037	
998	1.010107	0.8236372	0.1761568	0.0002060147	
999	0.9589571	0.8488533	0.1508239	0.0003227821	
1000	0.64956	0.9984444	0.001555631	9.277744e-11	
1001	0.8827623	0.9000091	0.09473119	0.005259755	
1002	5.443459	0.0008514031	0.5315354	0.4676132	
1003	6.228329	0.02474065	0.3654851	0.6097743	
1004	2.519121	0.3342357	0.5798184	0.0859459	
1005	1.510078	0.5806329	0.4190853	0.0002817958	
1006	5.083813	0.1248105	0.4254461	0.4497434	
1007	3.08569	0.01830557	0.9098738	0.07182059	
1008	0.7337958	0.9575952	0.04235961	4.519816e-05	
1009	1.010107	0.8236372	0.1761568	0.0002060147	
1010	1.059688	0.8008138	0.198526	0.0006602172	
1011	0.8732641	0.8974472	0.09980977	0.002743003	
1012	0.6876252	0.9799341	0.02006336	2.548362e-06	
1013	1.689798	0.6020778	0.3594906	0.03843161	
1014	1.366878	0.64972	0.3501998	8.024059e-05	
1015	5.588548	0.06791709	0.4162375	0.5158454	
1016	5.588548	0.06791709	0.4162375	0.5158454	
1017	2.86895	0.09792249	0.8393047	0.0627728	
1018	3.696808	0.2040531	0.5548675	0.2410794	
1019	2.45931	0.1753494	0.8045748	0.02007583	
1020	2.09976	0.309736	0.6843878	0.00587614	
1021	2.133392	0.3030086	0.6877396	0.009251787	
1022	0.6609635	0.9928985	0.007100948	5.52734e-07	
1023	0.6739459	0.9866315	0.01335093	1.756396e-05	
1024	3.696808	0.2040531	0.5548675	0.2410794	
1025	4.074652	0.2962656	0.3659354	0.337799	
1026	2.431381	0.1344706	0.8645386	0.0009908653	
1027	0.8933701	0.8814852	0.1179376	0.00057713	
1028	1.723114	0.6454491	0.2952427	0.05930817	
1029	6.7775	0.05748886	0.2276493	0.7148619	
1030	0.7579553	0.9457148	0.05428465	5.152863e-07	
1031	3.325799	0.4160773	0.3317916	0.2521311	
1032	1.599781	0.5363678	0.4635702	6.204538e-05	
1033	1.452963	0.650825	0.3340335	0.01514155	
1034	0.7150597	0.9676913	0.03191957	0.0003891453	
1035	6.091302	0.0243349	0.3893908	0.5862743	
1036	3.325799	0.4160773	0.3317916	0.2521311	
1037	3.325799	0.4160773	0.3317916	0.2521311	
1038	7.779739	0.003812723	0.1292906	0.8668966	
1039	7.779739	0.003812723	0.1292906	0.8668966	
1040	7.779739	0.003812723	0.1292906	0.8668966	
1041	7.779739	0.003812723	0.1292906	0.8668966	
1042	3.696808	0.2040531	0.5548675	0.2410794	
1043	4.065005	0.111146	0.6175662	0.2712878	
1044	6.098277	0.03213007	0.3776753	0.5901946	
1045	6.098277	0.03213007	0.3776753	0.5901946	
1046	6.911792	0.01737647	0.2589256	0.723698	
1047	5.366845	0.02762844	0.5084353	0.4639363	
1048	5.037774	0.1894018	0.3460696	0.4645287	
1049	3.806812	0.01956533	0.7852493	0.1951854	
1050	0.6484527	0.998983	0.001016965	5.634364e-11	
1051	0.6692649	0.9888585	0.01114145	4.359749e-09	
1052	2.450879	0.1231847	0.8764554	0.0003599687	
1053	1.780219	0.4487298	0.5511593	0.0001108843	
1054	7.692472	0.01923086	0.1233456	0.8574236	
1055	0.646568	0.9998999	0.0001001173	2.295558e-13	
1056	5.6462	0.1413083	0.3073022	0.5513895	
1057	3.150341	0.3682019	0.4263516	0.2054465	
1058	3.805604	0.3595307	0.3263641	0.3141052	
1059	5.536646	0.1205228	0.3540458	0.5254314	
1060	5.779101	0.1621011	0.2565689	0.58133	
1061	2.80546	0.01587954	0.9609185	0.02320199	
1062	0.6561836	0.9952222	0.004777822	1.148198e-09	
1063	3.955944	0.1253321	0.617	0.2576679	
1064	2.495972	0.1234767	0.8683744	0.008148904	
1065	3.776511	0.1718219	0.5848063	0.2433718	
1066	3.300196	0.3868594	0.3756119	0.2375287	
1067	3.325799	0.4160773	0.3317916	0.2521311	
1068	3.806004	0.05094235	0.7430153	0.2060423	
1069	3.325799	0.4160773	0.3317916	0.2521311	
1070	0.9272094	0.8805834	0.1133872	0.006029424	
1071	3.325799	0.4160773	0.3317916	0.2521311	
1072	5.586945	0.1615902	0.290014	0.5483958	
1073	6.677776	0.08325766	0.20985	0.7068923	
1074	3.325799	0.4160773	0.3317916	0.2521311	
1075	7.236639	0.04947462	0.1602062	0.7903192	
1076	4.694949	0.2180896	0.3657679	0.4161425	
1077	3.370438	0.3298565	0.4406153	0.2295282	
1078	2.219984	0.3002528	0.6767004	0.02304679	
1079	6.03976	0.1216453	0.2667684	0.6115863	
1080	6.03976	0.1216453	0.2667684	0.6115863	
1081	5.532629	0.1667356	0.2923243	0.5409401	
1082	6.055906	0.1032931	0.288799	0.6079079	
1083	6.926645	0.05561188	0.2047604	0.7396277	
1084	2.60592	0.327882	0.5736026	0.09851542	
1085	0.8827623	0.9000091	0.09473119	0.005259755	
1086	1.689798	0.6020778	0.3594906	0.03843161	
1087	3.325799	0.4160773	0.3317916	0.2521311	
1088	1.690689	0.588585	0.3775595	0.03385545	
1089	5.79975	0.1063703	0.3283081	0.5653216	
1090	1.7922	0.6322236	0.3013259	0.06645048	
1091	3.325799	0.4160773	0.3317916	0.2521311	
1092	3.325799	0.4160773	0.3317916	0.2521311	
1093	4.074652	0.2962656	0.3659354	0.337799	
1094	3.325799	0.4160773	0.3317916	0.2521311	
1095	3.325799	0.4160773	0.3317916	0.2521311	
1096	3.325799	0.4160773	0.3317916	0.2521311	
1097	1.295383	0.6869585	0.3121	0.0009415763	
1098	4.694949	0.2180896	0.3657679	0.4161425	
1099	3.325799	0.4160773	0.3317916	0.2521311	
1100	2.551059	0.332282	0.5770126	0.09070545	
1101	6.265064	0.04215721	0.3357038	0.622139	
1102	6.265064	0.04215721	0.3357038	0.622139	
1103	6.103147	0.0369103	0.3703899	0.5926998	
1104	6.265064	0.04215721	0.3357038	0.622139	
1105	7.692472	0.01923086	0.1233456	0.8574236	
1106	7.692472	0.01923086	0.1233456	0.8574236	
1107	5.830985	0.144933	0.2709085	0.5841585	
1108	3.613131	0.3020234	0.4368316	0.261145	
1109	3.613131	0.3020234	0.4368316	0.261145	
1110	3.325799	0.4160773	0.3317916	0.2521311	
1111	3.325799	0.4160773	0.3317916	0.2521311	
1112	5.698755	0.1401924	0.2998505	0.5599571	
1113	2.799628	0.1091245	0.8359941	0.05488134	
1114	5.083813	0.1248105	0.4254461	0.4497434	
1115	0.8827623	0.9000091	0.09473119	0.005259755	
1116	4.892412	0.1500785	0.4239507	0.4259709	
1117	7.003782	1.438229e-05	0.2666907	0.7332949	
1118	5.158092	9.558746e-05	0.5812001	0.4187043	
1119	8.169118	4.55191e-06	0.0680591	0.9319363	
1120	6.027083	0.04880787	0.3672893	0.5839028	
1121	2.79872	0.3293373	0.5387725	0.1318903	
1122	3.325799	0.4160773	0.3317916	0.2521311	
1123	4.31118	0.2115796	0.4399767	0.3484436	
1124	4.912379	0.1249801	0.45444	0.4205799	
1125	2.88232	0.2164344	0.6769865	0.1065791	
1126	2.327521	0.4227783	0.4929104	0.08431134	
1127	7.849846	0.0001972727	0.1222225	0.8775803	
1128	5.514038	0.0003705481	0.5201537	0.4794757	
1129	4.352046	0.1928408	0.4583157	0.3488435	
1130	6.775566	0.07223279	0.2080686	0.7196986	
1131	6.079451	0.06067404	0.3423383	0.5969876	
1132	2.333436	0.4216183	0.4934686	0.08491305	
1133	4.794616	0.2023717	0.3700041	0.4276242	
1134	3.300196	0.3868594	0.3756119	0.2375287	
1135	0.75592	0.9467869	0.05318389	2.922898e-05	
1136	2.711599	0.2656515	0.6396249	0.09472363	
1137	3.805604	0.3595307	0.3263641	0.3141052	
1138	5.037774	0.1894018	0.3460696	0.4645287	
1139	5.037774	0.1894018	0.3460696	0.4645287	
1140	5.037774	0.1894018	0.3460696	0.4645287	
1141	0.6480977	0.9991557	0.000844296	2.987146e-11	
1142	0.8827623	0.9000091	0.09473119	0.005259755	
1143	2.335444	0.391328	0.5340304	0.07464157	
1144	3.325799	0.4160773	0.3317916	0.2521311	
1145	4.620936	0.2323831	0.3590822	0.4085346	
1146	4.620936	0.2323831	0.3590822	0.4085346	
1147	0.6781018	0.9845597	0.01544034	7.127703e-09	
1148	3.613131	0.3020234	0.4368316	0.261145	
1149	3.613131	0.3020234	0.4368316	0.261145	
1150	3.613131	0.3020234	0.4368316	0.261145	
1151	3.613131	0.3020234	0.4368316	0.261145	
1152	6.545999	0.04389873	0.2854634	0.6706379	
1153	5.07624	0.1202268	0.4329269	0.4468463	
1154	0.6483511	0.9990325	0.0009675303	3.403824e-09	
1155	4.074652	0.2962656	0.3659354	0.337799	
1156	4.942419	0.1312438	0.4408609	0.4278953	
1157	1.689798	0.6020778	0.3594906	0.03843161	
1158	2.059335	0.494669	0.4415442	0.06378684	
1159	3.439638	0.2820938	0.4933185	0.2245877	
1160	1.690689	0.588585	0.3775595	0.03385545	
1161	1.690689	0.588585	0.3775595	0.03385545	
1162	2.35496	0.5378332	0.3328623	0.1293045	
1163	3.325799	0.4160773	0.3317916	0.2521311	
1164	4.452342	0.1949749	0.4383372	0.3666879	
1165	4.074652	0.2962656	0.3659354	0.337799	
1166	5.727944	0.1365289	0.299822	0.5636491	
1167	5.727944	0.1365289	0.299822	0.5636491	
1168	2.826897	0.005929704	0.9707007	0.02336963	
1169	2.333436	0.4216183	0.4934686	0.08491305	
1170	0.8827623	0.9000091	0.09473119	0.005259755	
1171	0.8627877	0.8947228	0.1052746	2.54082e-06	
1172	6.175619	0.07325554	0.3089554	0.617789	
1173	5.527568	0.02226929	0.4882753	0.4894554	
1174	0.9708253	0.8431717	0.1564733	0.0003550125	
1175	0.6480977	0.9991557	0.000844296	2.987146e-11	
1176	0.8209076	0.9150897	0.08491005	2.516837e-07	
1177	2.851933	0.3576432	0.4914772	0.1508797	
1178	3.325799	0.4160773	0.3317916	0.2521311	
1179	3.525895	0.2186298	0.564317	0.2170532	
1180	0.7893464	0.9306026	0.06934127	5.609733e-05	
1181	7.027025	0.04454013	0.2026009	0.752859	
1182	1.354298	0.6615403	0.336382	0.002077745	
1183	3.325799	0.4160773	0.3317916	0.2521311	
1184	6.900128	0.04854761	0.2188203	0.7326321	
1185	2.662139	0.02559776	0.9722256	0.002176668	
1186	2.645247	0.38787	0.4858907	0.1262393	
1187	3.325799	0.4160773	0.3317916	0.2521311	
1188	7.662619	0.01135551	0.1390693	0.8495751	
1189	4.074652	0.2962656	0.3659354	0.337799	
1190	5.083813	0.1248105	0.4254461	0.4497434	
1191	0.6746525	0.9862376	0.01376238	4.675771e-09	
1192	4.273542	0.2245202	0.4289177	0.3465621	
1193	8.099492	0.00160855	0.07776154	0.9206299	
1194	3.98763	0.158693	0.5665481	0.2747589	
1195	1.689798	0.6020778	0.3594906	0.03843161	
1196	0.8827623	0.9000091	0.09473119	0.005259755	
1197	4.311177	0.1087967	0.578776	0.3124273	
1198	5.348843	0.06400885	0.4623756	0.4736155	
1199	2.294006	0.4138702	0.510653	0.07547681	
1200	5.29473	0.1054259	0.41567	0.4789041	
1201	7.617788	0.00422504	0.1563402	0.8394347	
1202	0.8827623	0.9000091	0.09473119	0.005259755	
1203	1.012533	0.8221004	0.1778185	8.111513e-05	
1204	2.598329	0.4158004	0.456171	0.1280286	
1205	1.552906	0.635364	0.3378756	0.02676037	
1206	2.577228	0.08005273	0.9131635	0.006783818	
1207	4.074652	0.2962656	0.3659354	0.337799	
1208	0.6466646	0.9998529	0.000147115	8.293004e-13	
1209	1.913869	0.6049215	0.317455	0.07762352	
1210	1.689798	0.6020778	0.3594906	0.03843161	
1211	1.689798	0.6020778	0.3594906	0.03843161	
1212	0.8827623	0.9000091	0.09473119	0.005259755	
1213	0.883349	0.8847792	0.1151976	2.316172e-05	
1214	3.325799	0.4160773	0.3317916	0.2521311	
1215	6.019997	0.03368865	0.3889142	0.5773971	
1216	4.32198	0.2575886	0.3760052	0.3664063	
1217	4.32198	0.2575886	0.3760052	0.3664063	
1218	4.074652	0.2962656	0.3659354	0.337799	
1219	1.617954	0.5964312	0.3793625	0.02420627	
1220	1.47792	0.6011597	0.3968475	0.001992767	
1221	5.745907	0.04615625	0.4187997	0.5350441	
1222	3.492746	0.220764	0.5670857	0.2121503	
1223	1.905471	0.5259474	0.4255337	0.04851893	
1224	1.689798	0.6020778	0.3594906	0.03843161	
1225	1.129672	0.7980921	0.1902719	0.01163604	
1226	0.8827623	0.9000091	0.09473119	0.005259755	
1227	1.143806	0.7691228	0.2269828	0.003894366	
1228	3.696808	0.2040531	0.5548675	0.2410794	
1229	6.220211	0.08592337	0.2842475	0.6298291	
1230	5.29473	0.1054259	0.41567	0.4789041	
1231	3.525895	0.2186298	0.564317	0.2170532	
1232	1.226762	0.7292977	0.266622	0.004080286	
1233	1.689798	0.6020778	0.3594906	0.03843161	
1234	5.918889	0.07391166	0.3518319	0.5742564	
1235	5.673409	0.1385907	0.3063339	0.5550754	
1236	1.689798	0.6020778	0.3594906	0.03843161	
1237	6.450738	0.07201059	0.2637394	0.66425	
1238	6.450738	0.07201059	0.2637394	0.66425	
1239	6.450738	0.07201059	0.2637394	0.66425	
1240	0.6625019	0.9921485	0.007851455	9.379349e-09	
1241	4.720603	0.09128788	0.5326286	0.3760835	
1242	6.802388	0.01394234	0.2822122	0.7038454	
1243	3.059336	0.240201	0.6147174	0.1450816	
1244	2.232608	0.4933577	0.4137785	0.09286374	
1245	6.098277	0.03213007	0.3776753	0.5901946	
1246	4.074652	0.2962656	0.3659354	0.337799	
1247	3.492746	0.220764	0.5670857	0.2121503	
1248	1.689798	0.6020778	0.3594906	0.03843161	
1249	2.586692	0.2730512	0.6509241	0.07602476	
1250	4.620936	0.2323831	0.3590822	0.4085346	
1251	2.288702	0.4996451	0.3957263	0.1046286	
1252	2.599911	0.4404669	0.4225917	0.1369414	
1253	2.739371	0.4832994	0.3409778	0.1757228	
1254	4.074652	0.2962656	0.3659354	0.337799	
1255	4.074652	0.2962656	0.3659354	0.337799	
1256	2.739371	0.4832994	0.3409778	0.1757228	
1257	0.7596944	0.9448719	0.05512655	1.588302e-06	
1258	6.502382	0.01162185	0.3364853	0.6518929	
1259	2.857502	0.4313604	0.3909797	0.1776599	
1260	5.520119	0.1225311	0.3541509	0.523318	
1261	5.995466	0.04959902	0.3716103	0.5787907	
1262	6.027083	0.04880787	0.3672893	0.5839028	
1263	7.05719	0.02198693	0.2279149	0.7500982	
1264	7.584976	0.00846715	0.1562048	0.835328	
1265	1.303377	0.681719	0.3178127	0.0004683082	
1266	6.027083	0.04880787	0.3672893	0.5839028	
1267	6.027083	0.04880787	0.3672893	0.5839028	
1268	3.696808	0.2040531	0.5548675	0.2410794	
1269	2.352513	0.3425728	0.5969602	0.06046701	
1270	0.6483284	0.9990435	0.0009565168	3.506761e-11	
1271	5.520119	0.1225311	0.3541509	0.523318	
1272	5.520119	0.1225311	0.3541509	0.523318	
1273	6.265064	0.04215721	0.3357038	0.622139	
1274	0.8827623	0.9000091	0.09473119	0.005259755	
1275	4.727259	0.1756248	0.4176049	0.4067703	
1276	7.05719	0.02198693	0.2279149	0.7500982	
1277	3.538826	0.2163843	0.5651451	0.2184706	
1278	0.7893464	0.9306026	0.06934127	5.609733e-05	
1279	4.922171	0.2298867	0.3111045	0.4590089	
1280	4.694949	0.2180896	0.3657679	0.4161425	
1281	7.991372	0.002005506	0.09565594	0.9023386	
1282	3.325799	0.4160773	0.3317916	0.2521311	
1283	3.414444	0.1825668	0.6320149	0.1854183	
1284	3.325799	0.4160773	0.3317916	0.2521311	
1285	5.536646	0.1205228	0.3540458	0.5254314	
1286	1.134328	0.8097129	0.1737853	0.01650173	
1287	4.952105	0.1700699	0.3867787	0.4431513	
1288	3.525895	0.2186298	0.564317	0.2170532	
1289	4.330361	0.2105949	0.438037	0.3513681	
1290	1.7922	0.6322236	0.3013259	0.06645048	
1291	0.9708253	0.8431717	0.1564733	0.0003550125	
1292	6.965239	0.06038248	0.1917395	0.747878	
1293	4.720603	0.09128788	0.5326286	0.3760835	
1294	3.72759	0.2396961	0.5014878	0.2588161	
1295	3.459548	0.3408134	0.4106294	0.2485573	
1296	6.633978	0.02983718	0.2894553	0.6807075	
1297	1.689798	0.6020778	0.3594906	0.03843161	
1298	3.397317	0.2134746	0.5931962	0.1933291	
1299	2.35496	0.5378332	0.3328623	0.1293045	
1300	5.723013	0.05625361	0.4090667	0.5346797	
1301	6.265064	0.04215721	0.3357038	0.622139	
1302	6.126851	0.07678551	0.3125015	0.6107129	
1303	3.325799	0.4160773	0.3317916	0.2521311	
1304	4.074652	0.2962656	0.3659354	0.337799	
1305	4.074652	0.2962656	0.3659354	0.337799	
1306	3.325799	0.4160773	0.3317916	0.2521311	
1307	3.325799	0.4160773	0.3317916	0.2521311	
1308	3.325799	0.4160773	0.3317916	0.2521311	
1309	6.805771	0.07514577	0.1989862	0.725868	
1310	7.797107	0.01394894	0.112642	0.873409	
1311	7.797107	0.01394894	0.112642	0.873409	
1312	0.6520248	0.9972453	0.002754686	2.214336e-10	
1313	4.379764	0.2933601	0.3178491	0.3887907	
1314	4.379764	0.2933601	0.3178491	0.3887907	
1315	4.794616	0.2023717	0.3700041	0.4276242	
1316	4.794616	0.2023717	0.3700041	0.4276242	
1317	5.995466	0.04959902	0.3716103	0.5787907	
1318	5.995466	0.04959902	0.3716103	0.5787907	
1319	4.074652	0.2962656	0.3659354	0.337799	
1320	4.074652	0.2962656	0.3659354	0.337799	
1321	4.074652	0.2962656	0.3659354	0.337799	
1322	6.265064	0.04215721	0.3357038	0.622139	
1323	6.265064	0.04215721	0.3357038	0.622139	
1324	6.265064	0.04215721	0.3357038	0.622139	
1325	6.7775	0.05748886	0.2276493	0.7148619	
1326	1.689798	0.6020778	0.3594906	0.03843161	
1327	4.794616	0.2023717	0.3700041	0.4276242	
1328	2.288702	0.4996451	0.3957263	0.1046286	
1329	6.265064	0.04215721	0.3357038	0.622139	
1330	3.325799	0.4160773	0.3317916	0.2521311	
1331	3.596942	0.2481437	0.5123504	0.2395058	
1332	5.520119	0.1225311	0.3541509	0.523318	
1333	0.8827623	0.9000091	0.09473119	0.005259755	
1334	4.074652	0.2962656	0.3659354	0.337799	
1335	3.325799	0.4160773	0.3317916	0.2521311	
1336	6.187972	0.1053723	0.263479	0.6311487	
1337	3.82088	0.309968	0.39069	0.299342	
1338	3.358069	0.3752822	0.3813807	0.2433371	
1339	4.162312	0.2640651	0.3944763	0.3414585	
1340	2.115918	0.395811	0.5653973	0.0387917	
1341	4.794616	0.2023717	0.3700041	0.4276242	
1342	2.658921	0.02419558	0.9746676	0.001136803	
1343	3.325799	0.4160773	0.3317916	0.2521311	
1344	3.439638	0.2820938	0.4933185	0.2245877	
1345	0.6659076	0.990492	0.009507909	8.629166e-08	
1346	2.292064	0.28657	0.6828908	0.03053915	
1347	2.333436	0.4216183	0.4934686	0.08491305	
1348	4.794616	0.2023717	0.3700041	0.4276242	
1349	2.333436	0.4216183	0.4934686	0.08491305	
1350	2.333436	0.4216183	0.4934686	0.08491305	
1351	0.7212267	0.9635808	0.03641915	4.072617e-08	
1352	7.613171	0.009267051	0.1503186	0.8404143	
1353	6.265064	0.04215721	0.3357038	0.622139	
1354	1.594301	0.6020605	0.3757926	0.02214692	
1355	3.325799	0.4160773	0.3317916	0.2521311	
1356	3.325799	0.4160773	0.3317916	0.2521311	
1357	3.325799	0.4160773	0.3317916	0.2521311	
1358	3.325799	0.4160773	0.3317916	0.2521311	
1359	3.325799	0.4160773	0.3317916	0.2521311	
1360	0.8827623	0.9000091	0.09473119	0.005259755	
1361	5.70983	0.0008975243	0.4860671	0.5130354	
1362	0.8827623	0.9000091	0.09473119	0.005259755	
1363	6.80189	0.04820239	0.2360321	0.7157655	
1364	3.325799	0.4160773	0.3317916	0.2521311	
1365	3.879999	0.002106673	0.7963499	0.2015434	
1366	5.673409	0.1385907	0.3063339	0.5550754	
1367	5.673409	0.1385907	0.3063339	0.5550754	
1368	5.673409	0.1385907	0.3063339	0.5550754	
1369	4.694949	0.2180896	0.3657679	0.4161425	
1370	2.333436	0.4216183	0.4934686	0.08491305	
1371	2.255239	0.405175	0.5290033	0.06582168	
1372	1.689798	0.6020778	0.3594906	0.03843161	
1373	6.392928	0.09806934	0.2384039	0.6635267	
1374	7.692472	0.01923086	0.1233456	0.8574236	
1375	7.692472	0.01923086	0.1233456	0.8574236	
1376	7.745354	0.01338038	0.1222318	0.8643878	
1377	1.689798	0.6020778	0.3594906	0.03843161	
1378	3.325799	0.4160773	0.3317916	0.2521311	
1379	3.525895	0.2186298	0.564317	0.2170532	
1380	6.098277	0.03213007	0.3776753	0.5901946	
1381	3.55151	0.3223246	0.4199207	0.2577547	
1382	3.525895	0.2186298	0.564317	0.2170532	
1383	1.689798	0.6020778	0.3594906	0.03843161	
1384	1.689798	0.6020778	0.3594906	0.03843161	
1385	3.696808	0.2040531	0.5548675	0.2410794	
1386	0.8827623	0.9000091	0.09473119	0.005259755	
1387	3.325799	0.4160773	0.3317916	0.2521311	
1388	4.568351	0.2336006	0.3664017	0.3999977	
1389	4.319893	0.2756749	0.3519371	0.3723881	
1390	4.319893	0.2756749	0.3519371	0.3723881	
1391	4.319893	0.2756749	0.3519371	0.3723881	
1392	4.074652	0.2962656	0.3659354	0.337799	
1393	0.6492381	0.998601	0.001399048	1.290698e-10	
1394	5.520119	0.1225311	0.3541509	0.523318	
1395	6.514552	0.07478785	0.2491111	0.6761011	
1396	3.325799	0.4160773	0.3317916	0.2521311	
1397	3.325799	0.4160773	0.3317916	0.2521311	
1398	3.325799	0.4160773	0.3317916	0.2521311	
1399	3.439638	0.2820938	0.4933185	0.2245877	
1400	5.883219	0.03643327	0.4085234	0.5550434	
1401	7.387943	0.01886425	0.1757512	0.8053846	
1402	5.830985	0.144933	0.2709085	0.5841585	
1403	5.037774	0.1894018	0.3460696	0.4645287	
1404	6.761183	0.0722054	0.2105574	0.7172372	
1405	1.237638	0.758947	0.2247295	0.01632345	
1406	5.830985	0.144933	0.2709085	0.5841585	
1407	6.265064	0.04215721	0.3357038	0.622139	
1408	6.265064	0.04215721	0.3357038	0.622139	
1409	3.325799	0.4160773	0.3317916	0.2521311	
1410	3.325799	0.4160773	0.3317916	0.2521311	
1411	4.379764	0.2933601	0.3178491	0.3887907	
1412	2.327521	0.4227783	0.4929104	0.08431134	
1413	1.689798	0.6020778	0.3594906	0.03843161	
1414	3.358069	0.3752822	0.3813807	0.2433371	
1415	2.552509	0.2877097	0.6369559	0.07533436	
1416	1.347572	0.6716163	0.3239218	0.004461921	
1417	4.162312	0.2640651	0.3944763	0.3414585	
1418	3.325799	0.4160773	0.3317916	0.2521311	
1419	5.293606	0.1499671	0.3557128	0.4943201	
1420	2.675761	0.2588657	0.6548974	0.08623689	
1421	1.248413	0.7188731	0.2770087	0.004118195	
1422	3.325799	0.4160773	0.3317916	0.2521311	
1423	4.074652	0.2962656	0.3659354	0.337799	
1424	3.325799	0.4160773	0.3317916	0.2521311	
1425	3.325799	0.4160773	0.3317916	0.2521311	
1426	3.325799	0.4160773	0.3317916	0.2521311	
1427	3.325799	0.4160773	0.3317916	0.2521311	
1428	3.325799	0.4160773	0.3317916	0.2521311	
1429	3.325799	0.4160773	0.3317916	0.2521311	
1430	2.288702	0.4996451	0.3957263	0.1046286	
1431	1.216465	0.7436548	0.2489894	0.007355871	
1432	0.678806	0.9842172	0.01578274	4.628776e-08	
1433	5.727944	0.1365289	0.299822	0.5636491	
1434	4.885404	0.03271648	0.5836315	0.383652	
1435	4.162312	0.2640651	0.3944763	0.3414585	
1436	4.074652	0.2962656	0.3659354	0.337799	
1437	3.325799	0.4160773	0.3317916	0.2521311	
1438	7.225281	0.04049967	0.1742621	0.7852382	
1439	7.225281	0.04049967	0.1742621	0.7852382	
1440	7.225281	0.04049967	0.1742621	0.7852382	
1441	7.061471	0.03822428	0.2052582	0.7565175	
1442	7.225281	0.04049967	0.1742621	0.7852382	
1443	3.325799	0.4160773	0.3317916	0.2521311	
1444	3.325799	0.4160773	0.3317916	0.2521311	
1445	3.325799	0.4160773	0.3317916	0.2521311	
1446	3.325799	0.4160773	0.3317916	0.2521311	
1447	1.913869	0.6049215	0.317455	0.07762352	
1448	3.16315	0.2254647	0.6169212	0.1576141	
1449	4.694949	0.2180896	0.3657679	0.4161425	
1450	5.031565	0.03573466	0.5546409	0.4096245	
1451	7.592908	0.002705522	0.1626333	0.8346612	
1452	1.764515	0.4560854	0.5439031	1.151231e-05	
1453	0.7902618	0.9312268	0.0683424	0.0004308341	
1454	1.689798	0.6020778	0.3594906	0.03843161	
1455	0.7893464	0.9306026	0.06934127	5.609733e-05	
1456	1.079171	0.8020044	0.193597	0.00439859	
1457	3.325799	0.4160773	0.3317916	0.2521311	
1458	3.325799	0.4160773	0.3317916	0.2521311	
1459	4.978539	0.1816141	0.3666833	0.4517025	
1460	2.35496	0.5378332	0.3328623	0.1293045	
1461	4.074652	0.2962656	0.3659354	0.337799	
1462	0.9108792	0.8716478	0.1282376	0.0001146583	
1463	4.929991	0.206994	0.3406858	0.4523202	
1464	1.045149	0.8061189	0.1938402	4.088853e-05	
1465	0.8827623	0.9000091	0.09473119	0.005259755	
1466	4.000075	0.3169623	0.3506989	0.3323389	
1467	5.727944	0.1365289	0.299822	0.5636491	
1468	3.370438	0.3298565	0.4406153	0.2295282	
1469	1.219694	0.7789218	0.2008141	0.02026408	
1470	4.074652	0.2962656	0.3659354	0.337799	
1471	4.074652	0.2962656	0.3659354	0.337799	
1472	4.074652	0.2962656	0.3659354	0.337799	
1473	0.9581677	0.848865	0.1509427	0.0001923289	
1474	1.689798	0.6020778	0.3594906	0.03843161	
1475	4.720603	0.09128788	0.5326286	0.3760835	
1476	7.027025	0.04454013	0.2026009	0.752859	
1477	5.399721	0.1755392	0.3030918	0.521369	
1478	1.7922	0.6322236	0.3013259	0.06645048	
1479	1.626675	0.6426254	0.3154949	0.04187969	
1480	3.325799	0.4160773	0.3317916	0.2521311	
1481	3.325799	0.4160773	0.3317916	0.2521311	
1482	4.379764	0.2933601	0.3178491	0.3887907	
1483	2.066338	0.420324	0.5407464	0.03892967	
1484	3.330063	0.3417062	0.4314959	0.2267979	
1485	3.330063	0.3417062	0.4314959	0.2267979	
1486	3.330063	0.3417062	0.4314959	0.2267979	
1487	5.969889	0.1105482	0.2936641	0.5957877	
1488	3.330063	0.3417062	0.4314959	0.2267979	
1489	5.969889	0.1105482	0.2936641	0.5957877	
1490	5.969889	0.1105482	0.2936641	0.5957877	
1491	3.330063	0.3417062	0.4314959	0.2267979	
1492	3.330063	0.3417062	0.4314959	0.2267979	
1493	5.884454	0.1025073	0.319086	0.5784067	
1494	5.29473	0.1054259	0.41567	0.4789041	
1495	3.358069	0.3752822	0.3813807	0.2433371	
1496	4.074652	0.2962656	0.3659354	0.337799	
1497	4.074652	0.2962656	0.3659354	0.337799	
1498	1.689798	0.6020778	0.3594906	0.03843161	
1499	1.77891	0.6273507	0.3101718	0.06247753	
1500	2.288702	0.4996451	0.3957263	0.1046286	
1501	4.694949	0.2180896	0.3657679	0.4161425	
1502	3.805604	0.3595307	0.3263641	0.3141052	
1503	4.074652	0.2962656	0.3659354	0.337799	
1504	5.520119	0.1225311	0.3541509	0.523318	
1505	6.761183	0.0722054	0.2105574	0.7172372	
1506	7.110997	0.01589183	0.2269738	0.7571344	
1507	6.265064	0.04215721	0.3357038	0.622139	
1508	2.598329	0.4158004	0.456171	0.1280286	
1509	1.795532	0.5534609	0.4071196	0.03941955	
1510	7.321112	0.02667449	0.1765962	0.7967293	
1511	6.761183	0.0722054	0.2105574	0.7172372	
1512	4.074652	0.2962656	0.3659354	0.337799	
1513	5.037774	0.1894018	0.3460696	0.4645287	
1514	5.673409	0.1385907	0.3063339	0.5550754	
1515	4.074652	0.2962656	0.3659354	0.337799	
1516	5.520119	0.1225311	0.3541509	0.523318	
1517	5.520119	0.1225311	0.3541509	0.523318	
1518	5.844465	0.1055095	0.3218485	0.572642	
1519	5.844465	0.1055095	0.3218485	0.572642	
1520	1.329072	0.6747736	0.3228118	0.002414635	
1521	5.830985	0.144933	0.2709085	0.5841585	
1522	4.074652	0.2962656	0.3659354	0.337799	
1523	4.074652	0.2962656	0.3659354	0.337799	
1524	3.95238	0.2641713	0.4301184	0.3057104	
1525	3.325799	0.4160773	0.3317916	0.2521311	
1526	4.074652	0.2962656	0.3659354	0.337799	
1527	5.673409	0.1385907	0.3063339	0.5550754	
1528	6.220351	0.09506367	0.2718805	0.6330558	
1529	6.220351	0.09506367	0.2718805	0.6330558	
1530	6.220351	0.09506367	0.2718805	0.6330558	
1531	6.220351	0.09506367	0.2718805	0.6330558	
1532	5.673409	0.1385907	0.3063339	0.5550754	
1533	4.694949	0.2180896	0.3657679	0.4161425	
1534	4.694949	0.2180896	0.3657679	0.4161425	
1535	0.6558548	0.9953821	0.00461788	1.125298e-09	
1536	5.520119	0.1225311	0.3541509	0.523318	
1537	4.216063	0.2199976	0.4448229	0.3351796	
1538	6.425539	0.06193069	0.2816468	0.6564225	
1539	1.514865	0.5779156	0.4219388	0.00014562	
1540	2.757586	0.03344706	0.9453559	0.02119706	
1541	5.673409	0.1385907	0.3063339	0.5550754	
1542	4.074652	0.2962656	0.3659354	0.337799	
1543	4.366181	0.2612196	0.3635673	0.3752131	
1544	4.694949	0.2180896	0.3657679	0.4161425	
1545	4.694949	0.2180896	0.3657679	0.4161425	
1546	3.325799	0.4160773	0.3317916	0.2521311	
1547	3.325799	0.4160773	0.3317916	0.2521311	
1548	3.325799	0.4160773	0.3317916	0.2521311	
1549	3.325799	0.4160773	0.3317916	0.2521311	
1550	3.325799	0.4160773	0.3317916	0.2521311	
1551	4.499153	0.2246772	0.3902477	0.3850751	
1552	4.499153	0.2246772	0.3902477	0.3850751	
1553	4.499153	0.2246772	0.3902477	0.3850751	
1554	4.499153	0.2246772	0.3902477	0.3850751	
1555	3.325799	0.4160773	0.3317916	0.2521311	
1556	3.300196	0.3868594	0.3756119	0.2375287	
1557	4.929991	0.206994	0.3406858	0.4523202	
1558	5.115473	0.1577683	0.375543	0.4666887	
1559	4.499153	0.2246772	0.3902477	0.3850751	
1560	3.330063	0.3417062	0.4314959	0.2267979	
1561	2.333436	0.4216183	0.4934686	0.08491305	
1562	3.325799	0.4160773	0.3317916	0.2521311	
1563	3.325799	0.4160773	0.3317916	0.2521311	
1564	3.325799	0.4160773	0.3317916	0.2521311	
1565	5.969889	0.1105482	0.2936641	0.5957877	
1566	5.969889	0.1105482	0.2936641	0.5957877	
1567	5.969889	0.1105482	0.2936641	0.5957877	
1568	5.969889	0.1105482	0.2936641	0.5957877	
1569	7.321112	0.02667449	0.1765962	0.7967293	
1570	3.325799	0.4160773	0.3317916	0.2521311	
1571	5.492487	0.1681035	0.2973199	0.5345766	
1572	3.696808	0.2040531	0.5548675	0.2410794	
1573	7.321112	0.02667449	0.1765962	0.7967293	
1574	7.675056	0.02620771	0.1168928	0.8568995	
1575	5.673409	0.1385907	0.3063339	0.5550754	
1576	4.074652	0.2962656	0.3659354	0.337799	
1577	1.689798	0.6020778	0.3594906	0.03843161	
1578	5.673409	0.1385907	0.3063339	0.5550754	
1579	5.894915	0.1410478	0.2652575	0.5936947	
1580	1.945524	0.4478244	0.5242037	0.02797185	
1581	5.520119	0.1225311	0.3541509	0.523318	
1582	0.8827623	0.9000091	0.09473119	0.005259755	
1583	7.144011	0.04691437	0.1794532	0.7736325	
1584	0.9664768	0.8449745	0.15478	0.0002454695	
1585	0.7893464	0.9306026	0.06934127	5.609733e-05	
1586	6.03976	0.1216453	0.2667684	0.6115863	
1587	1.25779	0.7100313	0.2873504	0.002618345	
1588	1.689798	0.6020778	0.3594906	0.03843161	
1589	3.325799	0.4160773	0.3317916	0.2521311	
1590	5.817442	0.07736265	0.3644645	0.5581729	
1591	5.172119	0.1797082	0.3362592	0.4840326	
1592	4.074652	0.2962656	0.3659354	0.337799	
1593	4.074652	0.2962656	0.3659354	0.337799	
1594	3.325799	0.4160773	0.3317916	0.2521311	
1595	3.325799	0.4160773	0.3317916	0.2521311	
1596	0.7359388	0.956424	0.0435759	9.686573e-08	
1597	6.761183	0.0722054	0.2105574	0.7172372	
1598	4.129953	0.2340663	0.4405029	0.3254308	
1599	4.074652	0.2962656	0.3659354	0.337799	
1600	4.074652	0.2962656	0.3659354	0.337799	
1601	4.074652	0.2962656	0.3659354	0.337799	
1602	4.074652	0.2962656	0.3659354	0.337799	
1603	4.074652	0.2962656	0.3659354	0.337799	
1604	3.325799	0.4160773	0.3317916	0.2521311	
1605	5.673409	0.1385907	0.3063339	0.5550754	
1606	5.830985	0.144933	0.2709085	0.5841585	
1607	5.05791	0.08585134	0.4824722	0.4316765	
1608	3.325799	0.4160773	0.3317916	0.2521311	
1609	1.689798	0.6020778	0.3594906	0.03843161	
1610	3.325799	0.4160773	0.3317916	0.2521311	
1611	2.371959	0.2102997	0.7722677	0.01743263	
1612	0.8827623	0.9000091	0.09473119	0.005259755	
1613	5.399721	0.1755392	0.3030918	0.521369	
1614	3.439638	0.2820938	0.4933185	0.2245877	
1615	6.907928	0.06600086	0.1939217	0.7400774	
1616	5.673409	0.1385907	0.3063339	0.5550754	
1617	6.175619	0.07325554	0.3089554	0.617789	
1618	6.175619	0.07325554	0.3089554	0.617789	
1619	6.849604	0.03860711	0.2408563	0.7205366	
1620	7.637924	0.02895435	0.1195132	0.8515324	
1621	7.637924	0.02895435	0.1195132	0.8515324	
1622	4.074652	0.2962656	0.3659354	0.337799	
1623	4.129953	0.2340663	0.4405029	0.3254308	
1624	4.129953	0.2340663	0.4405029	0.3254308	
1625	3.325799	0.4160773	0.3317916	0.2521311	
1626	3.325799	0.4160773	0.3317916	0.2521311	
1627	3.325799	0.4160773	0.3317916	0.2521311	
1628	3.325799	0.4160773	0.3317916	0.2521311	
1629	4.694949	0.2180896	0.3657679	0.4161425	
1630	3.325799	0.4160773	0.3317916	0.2521311	
1631	3.330063	0.3417062	0.4314959	0.2267979	
1632	6.464733	0.1002087	0.2232749	0.6765164	
1633	3.696808	0.2040531	0.5548675	0.2410794	
1634	0.8827623	0.9000091	0.09473119	0.005259755	
1635	3.161158	0.2598429	0.5708362	0.1693209	
1636	0.8827623	0.9000091	0.09473119	0.005259755	
1637	4.074652	0.2962656	0.3659354	0.337799	
1638	7.439766	0.01333983	0.1743775	0.8122827	
1639	1.358279	0.6583486	0.3400134	0.001637928	
1640	5.894915	0.1410478	0.2652575	0.5936947	
1641	4.319893	0.2756749	0.3519371	0.3723881	
1642	6.201233	0.1151581	0.2480037	0.6368381	
1643	3.325799	0.4160773	0.3317916	0.2521311	
1644	3.325799	0.4160773	0.3317916	0.2521311	
1645	5.426241	0.1087602	0.3887498	0.50249	
1646	2.692127	0.1946929	0.7387669	0.06654021	
1647	6.201233	0.1151581	0.2480037	0.6368381	
1648	5.304877	0.04065702	0.5014045	0.4579384	
1649	3.325799	0.4160773	0.3317916	0.2521311	
1650	5.727944	0.1365289	0.299822	0.5636491	
1651	3.325799	0.4160773	0.3317916	0.2521311	
1652	4.074652	0.2962656	0.3659354	0.337799	
1653	2.31059	0.5142305	0.372299	0.1134705	
1654	6.319392	0.107983	0.2375515	0.6544655	
1655	5.037774	0.1894018	0.3460696	0.4645287	
1656	5.520119	0.1225311	0.3541509	0.523318	
1657	3.325799	0.4160773	0.3317916	0.2521311	
1658	5.030342	0.2050512	0.3262035	0.4687454	
1659	0.6519655	0.9972742	0.002725823	1.606512e-10	
1660	5.083612	0.1309778	0.4171521	0.4518701	
1661	5.894915	0.1410478	0.2652575	0.5936947	
1662	6.201233	0.1151581	0.2480037	0.6368381	
1663	5.870402	0.1133836	0.3067939	0.5798225	
1664	4.074652	0.2962656	0.3659354	0.337799	
1665	4.093074	0.2506652	0.4243742	0.3249606	
1666	7.387943	0.01886425	0.1757512	0.8053846	
1667	4.694949	0.2180896	0.3657679	0.4161425	
1668	3.506571	0.3154244	0.436899	0.2476766	
1669	5.727944	0.1365289	0.299822	0.5636491	
1670	4.074652	0.2962656	0.3659354	0.337799	
1671	4.803498	0.008529416	0.6302557	0.3612149	
1672	7.387943	0.01886425	0.1757512	0.8053846	
1673	4.074652	0.2962656	0.3659354	0.337799	
1674	5.673409	0.1385907	0.3063339	0.5550754	
1675	3.325799	0.4160773	0.3317916	0.2521311	
1676	3.325799	0.4160773	0.3317916	0.2521311	
1677	5.459732	0.1749781	0.2936198	0.5314021	
1678	3.330063	0.3417062	0.4314959	0.2267979	
1679	3.459548	0.3408134	0.4106294	0.2485573	
1680	3.459548	0.3408134	0.4106294	0.2485573	
1681	5.830985	0.144933	0.2709085	0.5841585	
1682	5.830985	0.144933	0.2709085	0.5841585	
1683	5.293606	0.1499671	0.3557128	0.4943201	
1684	5.969889	0.1105482	0.2936641	0.5957877	
