POS	exp01	exp10
1	5.057	5.611
2	2.249	1.076
3	2.764	3.26
4	7.203	2.468
5	10.48	9.266
6	1.212	0.8723
7	3.026	4.862
8	7.203	2.468
9	2.132	5.803
10	2.888	4.999
11	8.977	9.387
12	2.795	5.958
13	11.1	7.615
14	8.058	12.12
15	4.654	6.028
16	8.034	5.58
17	1.449	3.133
18	10.73	10.94
19	8.909	1.775
20	5.057	5.611
21	3.363	6.646
22	4.916	5.761
23	4.916	5.761
24	1.449	3.133
25	1.223	0.2304
26	1.437	1.226
27	1.509	4.558
28	1.499	5.163
29	9.449	1.284
30	2.536	2.465
31	1.695	1.369
32	9.179	4.242
33	1.223	0.2304
34	2.883	2.921
35	2.924	1.6
36	9.449	1.284
37	2.536	2.465
38	8.387	7.222
39	1.212	0.8723
40	5.464	7.104
41	1.223	0.2304
42	2.553	0.8734
43	10.89	10.43
44	10.43	8.069
45	2.764	3.26
46	8.425	8.517
47	1.223	0.2304
48	1.695	1.369
49	8.387	7.222
50	1.5	3.288
51	5.105	5.364
52	5.105	5.364
53	11.7	10.87
54	5.057	5.611
55	8.387	7.222
56	1.223	0.2304
57	1.437	1.226
58	1.223	0.2304
59	6.993	2.433
60	8.69	7.44
61	7.698	6.731
62	1.223	0.2304
63	1.797	4.889
64	1.63	4.172
65	8.637	2.265
66	4.786	4.731
67	2.249	1.076
68	1.223	0.2304
69	1.223	0.2304
70	3.221	1.704
71	10.5	10.87
72	5.951	7.058
73	4.628	0.907
74	15.42	17.68
75	1.212	0.8723
76	2.071	2.27
77	8.001	6.08
78	4.754	1.349
79	11.84	15.08
80	7.784	7.167
81	1.465	3.79
82	5.483	1.963
83	8.799	9.341
84	9.171	10.4
85	11.01	12.7
86	1.777	1.336
87	10.48	6.645
88	2.999	2.908
89	7.13	5.683
90	15.42	17.68
91	7.203	2.468
92	6.422	7.423
93	5.145	1.091
94	10.08	10.09
95	10.08	10.09
96	2.482	2.815
97	7.604	9.097
98	5.26	4.88
99	5.093	7.301
100	10.93	10.18
101	2.199	3.078
102	3.651	1.616
103	4.339	5.187
104	1.223	0.2304
105	1.676	3.345
106	3.828	2.156
107	10.39	5.777
108	1.561	2.214
109	15.04	14.04
110	8.081	7.711
111	8.909	9.982
112	7.366	1.782
113	7.366	1.782
114	9.166	5.434
115	2.764	3.26
116	8.178	8.551
117	7.526	2.654
118	1.854	0.9331
119	1.854	0.9331
120	4.339	5.187
121	9.181	8.374
122	2.883	2.921
123	1.5	3.288
124	9.063	5.618
125	1.198	0.684
126	1.744	0.9116
127	3.273	0.922
128	4.339	5.187
129	2.071	2.27
130	5.404	1.746
131	8.187	7.36
132	11.1	7.615
133	12.31	11.88
134	1.707	1.566
135	9.37	8.034
136	5.145	1.091
137	10.08	10.09
138	5.624	1.941
139	12.99	12.65
140	8.387	7.222
141	8.387	7.222
142	1.195	1.221
143	1.195	1.221
144	2.464	2.048
145	13.49	14.71
146	2.482	2.815
147	9.012	9.051
148	6.55	4.692
149	7.593	9.157
150	10.1	5.997
151	2.413	2.708
152	9.166	5.434
153	8.047	3.097
154	2.413	2.708
155	11.32	11.49
156	7.622	5.219
157	10.67	7.046
158	5.879	8.687
159	5.879	8.687
160	10.37	9.465
161	8.113	8.465
162	4.847	3.975
163	2.482	2.815
164	1.223	0.2304
165	1.223	0.2304
166	1.223	0.2304
167	1.223	0.2304
168	1.223	0.2304
169	8.826	7.864
170	13.02	12.47
171	1.223	0.2304
172	8.404	9.323
173	3.837	5.887
174	4.96	2.018
175	2.471	1.547
176	2.482	2.815
177	14.43	17.21
178	10.37	9.465
179	15.48	14.63
180	2.413	2.708
181	1.223	0.2304
182	4.757	2.024
183	2.482	2.815
184	14.86	15.44
185	5.751	5.848
186	3.224	5.06
187	8.918	8.827
188	1.722	1.923
189	3.273	0.922
190	7.397	8.958
191	2.482	2.815
192	5.258	1.324
193	8.409	1.764
194	5.258	1.324
195	1.223	0.2304
196	4.754	1.349
197	1.509	4.558
198	1.223	0.2304
199	11.23	13.03
200	0.4427	1.062
201	0.4427	1.062
202	0.4427	1.062
203	0.4427	1.062
204	1.223	0.2304
205	1.223	0.2304
206	1.223	0.2304
207	1.223	0.2304
208	5.318	7.41
209	5.401	3.32
210	2.423	4.583
211	5.342	7.818
212	2.471	1.547
213	9.736	8.967
214	2.674	5.459
215	9.838	6.511
216	3.03	4.868
217	2.513	3.102
218	10.67	7.046
219	7.909	5.796
220	3.962	1.519
221	8.561	6.972
222	10.52	2.323
223	7.155	8.976
224	2.547	3.944
225	1.212	0.8723
226	9.417	9.331
227	2.88	1.446
228	8.235	5.819
229	8.637	2.265
230	3.38	1.278
231	6.723	5.869
232	1.437	1.226
233	6.723	5.869
234	6.723	5.869
235	4.904	3.318
236	2.883	2.921
237	6.697	8.304
238	7.917	4.552
239	8.909	9.982
240	5.624	1.941
241	2.699	2.793
242	2.071	2.27
243	1.212	0.8723
244	1.223	0.2304
245	9.125	9.299
246	13.77	11.62
247	2.413	2.708
248	3.411	1.898
249	2.424	1.878
250	8.387	7.222
251	2.22	0.99
252	4.754	1.349
253	2.22	0.99
254	1.223	0.2304
255	9.56	8.171
256	6.89	0.7044
257	9.069	2.618
258	8.864	6.334
259	3.327	1.24
260	1.223	0.2304
261	2.553	0.8734
262	2.157	1.831
263	10.48	9.266
264	5.751	5.848
265	2.482	2.815
266	4.169	1.705
267	5.58	8.189
268	3.608	3.189
269	6.868	3.165
270	6.868	3.165
271	9.544	5.694
272	3.67	9.475
273	8.909	9.982
274	2.071	2.27
275	17.75	16.17
276	10.23	6.698
277	5.847	5.716
278	1.223	0.2304
279	4.754	1.349
280	1.223	0.2304
281	2.683	3.093
282	1.437	1.226
283	3.563	3.661
284	7.108	7.017
285	7.108	7.017
286	10.46	8.432
287	5.833	6.866
288	14.04	13.88
289	16.18	17.07
290	10.87	1.945
291	2.482	2.815
292	2.071	2.27
293	8.251	4.218
294	10.93	4.941
295	4.06	5.377
296	2.071	2.27
297	4.063	3.142
298	6.941	5.599
299	8.113	8.465
300	8.113	8.465
301	10.93	10.18
302	10.93	10.18
303	8.909	9.982
304	6.411	8.991
305	6.411	8.991
306	1.498	2.148
307	8.139	5.858
308	6.381	4.562
309	8.387	7.222
310	4.754	1.349
311	2.683	3.093
312	2.362	2.38
313	10.93	4.941
314	12.03	11.89
315	4.348	2.174
316	15.26	15.3
317	7.495	10.05
318	5.752	9.546
319	4.978	2.58
320	6.868	3.165
321	8.709	7.959
322	4.113	9.449
323	8.526	9.16
324	3.263	2.563
325	9.191	4.477
326	6.429	5.98
327	5.474	1.355
328	8.709	7.959
329	2.249	1.076
330	8.709	7.959
331	8.709	7.959
332	1.223	0.2304
333	4.674	1.589
334	2.764	3.26
335	9.118	11.39
336	6.292	3.328
337	4.339	5.187
338	4.339	5.187
339	4.339	5.187
340	2.471	1.547
341	2.274	3.241
342	7.908	8.231
343	7.908	8.231
344	16.05	15.93
345	3.058	2.773
346	6.231	7.296
347	2.482	2.815
348	8.171	9.984
349	2.482	2.815
350	2.482	2.815
351	2.482	2.815
352	2.471	1.547
353	1.212	0.8723
354	14.15	15.93
355	6.485	3.039
356	12.65	14.67
357	3.167	8.842
358	16.58	15.4
359	5.808	8.282
360	1.223	0.2304
361	1.223	0.2304
362	10.59	12.97
363	7.746	9.099
364	9.484	5.866
365	9.484	5.866
366	1.996	1.369
367	7.64	9.971
368	5.496	3.447
369	2.471	1.547
370	2.764	3.26
371	2.071	2.27
372	2.071	2.27
373	15.48	14.63
374	8.526	9.16
375	2.482	2.815
376	11.99	11.92
377	2.683	3.093
378	12.31	11.88
379	6.208	6.392
380	2.482	2.815
381	3.123	5.594
382	1.296	4.175
383	3.067	3.243
384	2.883	2.921
385	6.664	9.441
386	7.622	5.219
387	7.622	5.219
388	5.45	4.849
389	4.97	1.841
390	1.223	0.2304
391	7.835	9.277
392	4.339	5.187
393	2.482	2.815
394	10.75	10.14
395	2.482	2.815
396	5.145	1.091
397	8.113	8.465
398	5.234	7.27
399	2.482	2.815
400	10.08	10.09
401	10.08	10.09
402	7.64	7.6
403	1.872	4.427
404	2.413	2.708
405	12.91	14.42
406	8.113	8.465
407	3.718	0.9018
408	3.718	0.9018
409	3.718	0.9018
410	3.718	0.9018
411	1.223	0.2304
412	2.63	1.839
413	7.805	5.793
414	2.229	1.999
415	5.135	5.341
416	8.187	7.36
417	9.469	9.27
418	5.794	3.762
419	13.43	12.77
420	1.402	1.235
421	6.723	5.869
422	8.637	2.265
423	6.723	5.869
424	1.223	0.2304
425	1.223	0.2304
426	6.723	5.869
427	6.723	5.869
428	6.723	5.869
429	17.64	15.18
430	1.212	0.8723
431	2.482	2.815
432	8.902	1.222
433	8.902	1.222
434	2.482	2.815
435	2.482	2.815
436	9.224	3.143
437	14.81	12.81
438	10.1	3.865
439	4.919	5.488
440	9.767	6.974
441	4.063	3.142
442	11.91	11.83
443	2.809	2.985
444	9.544	5.694
445	13.63	14.01
446	1.223	0.2304
447	7.118	7.86
448	10.03	10.69
449	8.911	9.494
450	5.496	3.447
451	15.07	15.63
452	2.274	3.241
453	1.223	0.2304
454	7.054	4.349
455	5.215	1.216
456	5.234	7.27
457	1.223	0.2304
458	1.223	0.2304
459	14.22	13.25
460	13.63	14.01
461	1.223	0.2304
462	4.649	5.438
463	8.014	9.77
464	7.707	1.689
465	1.492	2.051
466	13.11	13.25
467	1.492	2.051
468	10.26	2.59
469	2.761	3.232
470	10.65	4.823
471	3.068	1.425
472	0.6833	2.005
473	7.604	3.591
474	1.223	0.2304
475	6.337	7.074
476	9.551	5.793
477	5.751	5.848
478	2.695	3.099
479	4.529	2.033
480	8.001	8.173
481	8.419	8.242
482	8.419	8.242
483	8.419	8.242
484	8.001	8.173
485	2.699	2.793
486	1.067	0.2262
487	1.223	0.2304
488	5.088	2.13
489	8.637	2.265
490	1.435	2.239
491	1.278	1.229
492	1.695	1.369
493	2.341	0.8433
494	2.826	5.3
495	1.223	0.2304
496	8.387	7.222
497	4.754	1.349
498	2.683	3.093
499	2.683	3.093
500	8.326	8.416
501	1.223	0.2304
502	1.723	2.879
503	11.96	8.355
504	4.06	5.377
505	7.612	7.869
506	10.26	2.59
507	10.26	2.59
508	8.859	9.727
509	10.31	6.864
510	3.837	5.887
511	6.422	6.586
512	8.802	10.22
513	11.71	10.76
514	7.64	7.6
515	11.71	10.76
516	14.43	17.21
517	12.37	12.3
518	6.91	3.558
519	6.91	3.558
520	6.91	3.558
521	8.419	8.242
522	6.216	1.592
523	9.271	4.587
524	1.486	3.059
525	9.271	4.587
526	1.695	1.369
527	14.16	14.88
528	2.683	3.093
529	9.224	3.143
530	8.268	1.755
531	2.695	3.099
532	3.828	2.156
533	5.522	1.739
534	1.223	0.2304
535	5.483	1.963
536	11.17	7.155
537	5.522	1.739
538	8.637	2.265
539	1.695	1.369
540	1.223	0.2304
541	1.088	1.204
542	1.088	1.204
543	3.833	4.229
544	13.9	13.76
545	11.8	11.54
546	9.73	10.18
547	8.643	9.118
548	6.176	2.874
549	2.482	2.815
550	6.176	2.874
551	15.23	14.85
552	5.879	8.687
553	2.547	3.944
554	4.957	5.744
555	7.788	8.76
556	2.482	2.815
557	4.96	2.018
558	2.883	2.921
559	7.837	4.875
560	10.23	6.698
561	9.767	6.974
562	3.067	3.243
563	3.067	3.243
564	6.406	1.339
565	2.482	2.815
566	2.482	2.815
567	1.212	0.8723
568	2.482	2.815
569	7.629	3.732
570	3.837	5.887
571	1.989	1.586
572	1.989	1.586
573	1.989	1.586
574	1.989	1.586
575	1.989	1.586
576	12.87	13.46
577	7.366	1.782
578	7.366	1.782
579	2.683	3.093
580	2.683	3.093
581	8.419	8.242
582	2.683	3.093
583	4.688	5.791
584	11.84	15.08
585	11.29	5.801
586	9.838	6.511
587	2.482	2.815
588	7.108	7.017
589	8.326	8.416
590	2.482	2.815
591	2.482	2.815
592	5.145	1.091
593	10.08	10.09
594	2.482	2.815
595	14.43	17.21
596	5.751	5.848
597	5.751	5.848
598	2.482	2.815
599	14.43	17.21
600	8.404	9.323
601	6.608	8.571
602	2.482	2.815
603	8.251	4.218
604	2.471	1.547
605	3.852	4.793
606	15.26	13.66
607	8.099	3.7
608	2.471	1.547
609	11.18	14.62
610	1.223	0.2304
611	1.195	1.221
612	7.402	2.673
613	11.95	12.61
614	4.628	0.907
615	4.411	2.053
616	10.14	9.03
617	3.342	2.849
618	17.64	15.18
619	1.212	0.8723
620	12.25	13.28
621	5.624	1.941
622	4.919	5.488
623	12.31	11.88
624	17.05	15.3
625	5.751	5.848
626	4.26	4.886
627	11.84	15.08
628	1.872	4.427
629	4.139	4.381
630	5.696	5.092
631	7.21	4.787
632	5.496	3.447
633	15.34	16.9
634	4.254	4.87
635	12.17	10.51
636	4.171	5.28
637	6.993	3.844
638	2.482	2.815
639	2.482	2.815
640	2.362	2.38
641	14.1	14.78
642	3.707	2.902
643	3.707	2.902
644	1.223	0.2304
645	7.513	1.454
646	5.624	1.941
647	6.435	0.889
648	1.223	0.2304
649	10.63	12.4
650	10.63	12.4
651	4.06	5.377
652	3.833	4.229
653	13.42	14.95
654	7.667	6.139
655	7.399	4.81
656	1.223	0.2304
657	5.216	0.9722
658	1.437	1.226
659	4.026	4.351
660	14.31	16.09
661	7.7	9.614
662	9.508	11.5
663	2.482	2.815
664	1.223	0.2304
665	6.723	5.869
666	6.723	5.869
667	3.256	5.595
668	8.357	10.4
669	3.711	5.865
670	8.774	9.101
671	9.425	6.021
672	9.838	8.212
673	6.917	5.866
674	8.637	2.265
675	7.258	8.627
676	9.918	11.8
677	9.919	8.892
678	8.326	8.416
679	2.482	2.815
680	5.404	1.746
681	4.434	0.9361
682	5.464	7.104
683	3.263	2.563
684	5.349	7.823
685	5.174	1.68
686	4.411	2.053
687	2.482	2.815
688	10.38	9.043
689	7.707	1.689
690	11.49	12.84
691	3.664	5.518
692	3.664	5.518
693	10.75	10.14
694	9.224	3.143
695	1.223	0.2304
696	1.223	0.2304
697	1.223	0.2304
698	4.39	3.414
699	8.637	2.265
700	3.38	1.278
701	2.883	2.921
702	1.695	1.369
703	17.05	17.95
704	8.643	9.118
705	8.001	8.173
706	15.04	14.04
707	2.413	2.708
708	2.547	3.944
709	8.802	10.22
710	5.483	1.963
711	4.755	4.916
712	3.608	3.189
713	13.63	12.98
714	13.63	12.98
715	12.44	13.61
716	1.854	0.9331
717	1.854	0.9331
718	5.145	1.368
719	7.422	1.096
720	5.621	2.028
721	9.329	6.264
722	3.933	7.844
723	4.878	0.9044
724	10.19	4.908
725	11.57	9.906
726	2.164	1.425
727	6.89	8.446
728	15.46	17.74
729	2.471	1.547
730	15.46	17.74
731	4.919	5.488
732	4.919	5.488
733	1.212	0.8723
734	1.212	0.8723
735	11.01	12.7
736	8.909	9.982
737	11.84	10.56
738	9.362	6.874
739	4.171	5.28
740	2.482	2.815
741	13.06	14.55
742	8.643	9.118
743	5.316	2.064
744	7.21	4.787
745	7.21	4.787
746	4.654	6.028
747	9.822	10.7
748	2.471	1.547
749	5.751	5.848
750	8.067	9.407
751	4.649	5.438
752	15.84	17.55
753	5.404	1.746
754	2.683	3.093
755	7.092	9.478
756	6.327	8.165
757	6.327	8.165
758	2.482	2.815
759	4.06	5.377
760	1.223	0.2304
761	1.962	3.356
762	4.579	0.8655
763	5.658	6.214
764	8.368	9.003
765	13.78	12.47
766	6.797	4.862
767	4.674	1.589
768	10.81	3.772
769	6.337	7.074
770	1.212	0.8723
771	8.144	2.625
772	8.38	2.143
773	1.492	2.051
774	7.707	1.689
775	2.883	2.921
776	8.709	7.959
777	9.191	4.477
778	4.649	5.438
779	9.505	8.849
780	8.387	7.222
781	4.754	1.349
782	3.722	3.541
783	9.425	6.021
784	5.52	5.166
785	1.995	2.853
786	7.997	5.01
787	1.223	0.2304
788	5.276	7.317
789	2.436	2.342
790	7.406	8.054
791	9.838	8.212
792	10.31	7.843
793	6.723	5.869
794	13.59	14.07
795	2.699	2.793
796	13.39	13.74
797	10.34	11.02
798	14.17	13.84
799	11.64	10.96
800	7.366	1.782
801	7.366	1.782
802	8.385	10.75
803	9.941	11.43
804	13.14	15.08
805	7.698	6.731
806	2.482	2.815
807	2.482	2.815
808	1.695	1.369
809	1.695	1.369
810	2.146	6.203
811	1.212	0.8723
812	5.483	1.963
813	3.608	3.189
814	2.362	2.38
815	9.551	5.793
816	2.482	2.815
817	2.683	3.093
818	2.683	3.093
819	2.683	3.093
820	2.883	2.921
821	8.637	2.265
822	9.425	6.021
823	7.45	7.549
824	2.471	1.547
825	13.33	9.771
826	1.067	0.2262
827	12.17	10.51
828	8.909	9.982
829	2.413	2.708
830	2.482	2.815
831	1.195	1.221
832	7.179	8.22
833	4.026	4.351
834	4.026	4.351
835	11.99	15.52
836	1.223	0.2304
837	9.656	10.8
838	1.223	0.2304
839	2.481	2.14
840	2.481	2.14
841	2.481	2.14
842	9.656	10.8
843	4.03	5.238
844	9.656	10.8
845	9.656	10.8
846	2.481	2.14
847	3.745	1.241
848	3.837	5.887
849	7.929	3.907
850	1.15	0.849
851	2.482	2.815
852	2.482	2.815
853	6.485	3.039
854	1.212	0.8723
855	1.976	8.445
856	3.837	5.887
857	1.989	1.586
858	1.989	1.586
859	7.985	2.212
860	4.545	1.129
861	1.957	1.892
862	3.122	1.37
863	11.53	11.65
864	3.097	5.391
865	6.429	5.98
866	12.03	11.89
867	1.067	0.2262
868	2.482	2.815
869	8.109	10.55
870	8.637	2.265
871	3.334	2.044
872	1.195	1.221
873	6.723	5.869
874	8.387	7.222
875	4.397	0.9426
876	6.723	5.869
877	6.723	5.869
878	4.397	0.9426
879	6.917	5.866
880	2.369	1.032
881	5.132	0.6855
882	8.637	2.265
883	13.06	14.55
884	2.883	2.921
885	9.506	5.074
886	10.4	2.604
887	10.81	3.772
888	8.387	9.113
889	7.87	7.927
890	6.868	3.165
891	10.65	10.73
892	1.695	1.369
893	3.769	1.48
894	9.806	10.53
895	1.223	0.2304
896	7.788	8.76
897	9.425	6.021
898	9.838	8.212
899	2.883	2.921
900	1.923	3.134
901	7.738	3.809
902	4.065	2.794
903	8.719	6.208
904	8.701	8.647
905	9.806	10.53
906	2.482	2.815
907	1.212	0.8723
908	8.363	1.12
909	1.15	0.849
910	1.15	0.849
911	1.15	0.849
912	2.071	2.27
913	5.751	5.848
914	2.695	3.099
915	2.482	2.815
916	7.925	7.991
917	13.22	13.2
918	14.14	14.54
919	10.61	11.25
920	3.718	0.9018
921	3.718	0.9018
922	1.223	0.2304
923	4.885	3.94
924	5.777	1.616
925	2.22	0.99
926	2.764	3.26
927	1.067	0.2262
928	6.608	8.571
929	8.067	9.407
930	8.067	9.407
931	3.985	5.29
932	8.144	7.129
933	15.84	17.55
934	14.5	17.32
935	1.449	3.133
936	2.482	2.815
937	2.883	2.921
938	2.482	2.815
939	2.482	2.815
940	10.52	7.293
941	9.316	1.744
942	14.44	12.97
943	2.482	2.815
944	2.13	1.534
945	7.654	6.579
946	2.513	3.102
947	9.425	6.021
948	9.425	6.021
949	1.24	8.05
950	9.425	6.021
951	1.24	8.05
952	5.406	3.568
953	1.649	1.904
954	2.362	2.38
955	4.754	1.349
956	2.883	2.921
957	7.636	1.996
958	8.637	2.265
959	1.695	1.369
960	2.424	1.878
961	8.387	7.222
962	6.723	5.869
963	4.904	4.291
964	8.387	7.222
965	6.723	5.869
966	14.16	14.88
967	2.482	2.815
968	10.87	1.945
969	7.788	8.76
970	2.883	2.921
971	2.883	2.921
972	2.883	2.921
973	2.883	2.921
974	11.01	12.76
975	7.124	8.506
976	9.838	8.212
977	6.723	5.869
978	6.723	5.869
979	14.13	14.37
980	7.963	8.175
981	10.03	10.69
982	2.482	2.815
983	6.838	10.99
984	4.757	2.024
985	6.292	3.328
986	10.55	10.44
987	5.145	1.368
988	1.032	2.166
989	9.984	7.806
990	2.482	2.815
991	15.23	16.44
992	15.05	16
993	10.76	10.93
994	4.649	5.438
995	7.622	5.219
996	16.27	16.68
997	7.667	6.139
998	14.93	15.03
999	8.326	8.416
1000	2.413	2.708
1001	7.593	7.591
1002	15.04	14.04
1003	7.277	6.997
1004	5.522	1.739
1005	9.425	6.021
1006	10.31	7.843
1007	2.482	2.815
1008	2.482	2.815
1009	2.482	2.815
1010	2.482	2.815
1011	7.698	6.731
1012	7.925	7.991
1013	2.883	2.921
1014	9.767	6.974
1015	2.482	2.815
1016	2.482	2.815
1017	2.482	2.815
1018	2.471	1.547
1019	10.03	10.69
1020	8.973	5.967
1021	2.482	2.815
1022	12.91	14.42
1023	14.21	13.9
1024	12.99	12.65
1025	11.01	12.7
1026	7.835	9.277
1027	14.36	17.14
1028	8.774	9.101
1029	9.425	6.021
1030	11.1	7.615
1031	13.44	13.66
1032	13.44	13.66
1033	1.492	2.051
1034	4.755	4.916
1035	5.689	5.825
1036	5.689	5.825
1037	2.883	2.921
1038	3.953	1.312
1039	4.026	4.351
1040	4.06	5.377
1041	2.699	2.793
1042	5.752	9.546
1043	4.649	5.438
1044	7.925	7.991
1045	4.171	5.28
1046	10.03	10.69
1047	16.89	16.16
1048	1.996	1.369
1049	7.622	5.219
1050	3.202	5.062
1051	3.202	5.062
1052	3.202	5.062
1053	2.816	1.17
1054	5.06	7.172
1055	5.35	7.826
1056	5.35	7.826
1057	9.316	1.744
1058	1.695	1.369
1059	2.683	3.093
1060	6.337	7.074
1061	2.482	2.815
1062	11.71	10.76
1063	12.94	13.09
1064	2.482	2.815
1065	10.48	9.266
1066	2.482	2.815
1067	8.909	9.982
1068	6.13	5.966
1069	6.608	8.571
1070	6.608	8.571
1071	3.378	5.724
1072	15.74	15.48
1073	2.071	2.27
1074	4.113	9.449
1075	5.164	9.542
1076	1.695	1.369
1077	7.397	8.958
1078	1.074	0.1466
1079	8.637	2.265
1080	6.381	4.562
1081	10.87	1.945
1082	2.413	2.708
1083	3.467	8.389
1084	1.766	5.168
1085	1.259	1.957
1086	10.52	7.224
1087	6.485	3.039
1088	12.65	14.67
1089	10.98	9.889
1090	1.223	0.2304
1091	1.223	0.2304
1092	7.629	3.732
1093	7.629	3.732
1094	7.629	3.732
1095	9.425	6.021
1096	4.289	8.671
1097	7.054	4.349
1098	9.089	10.29
1099	6.327	8.165
1100	1.199	0.9191
1101	2.22	0.99
1102	3.492	3.258
1103	1.223	0.2304
1104	1.212	0.8723
1105	8.109	10.55
1106	7.614	7.223
1107	12.75	14.77
1108	3.675	7.991
1109	12.37	12.3
1110	1.223	0.2304
1111	7.094	7.705
1112	1.223	0.2304
1113	3.859	4.299
1114	5.503	9.425
1115	5.057	5.611
1116	4.654	6.028
1117	1.356	2.038
1118	4.026	4.351
1119	2.978	7.604
1120	4.735	5.788
1121	2.883	2.921
1122	2.683	3.093
1123	2.683	3.093
1124	2.683	3.093
1125	8.326	8.416
1126	5.847	5.716
1127	6.89	0.7044
1128	13.82	12.73
1129	2.482	2.815
1130	2.725	4.768
1131	2.683	3.093
1132	2.683	3.093
1133	2.683	3.093
1134	2.146	6.203
1135	6.868	3.165
1136	2.482	2.815
1137	11.1	7.615
1138	11.78	14.53
1139	7.925	7.991
1140	2.482	2.815
1141	9.64	6.636
1142	2.436	2.342
1143	1.223	0.2304
1144	2.482	2.815
1145	10.82	12
1146	17.64	15.18
1147	8.326	8.416
1148	8.419	8.242
1149	13.49	15.37
1150	8.909	9.982
1151	13.82	12.73
1152	2.003	3.207
1153	8.909	9.982
1154	6.202	2.088
1155	11.3	10.81
1156	1.303	1.388
1157	1.223	0.2304
1158	3.273	0.922
1159	11.1	7.615
1160	2.482	2.815
1161	11.29	11.88
1162	4.26	4.886
1163	9.179	4.242
1164	1.223	0.2304
1165	10.26	2.59
1166	11.03	7.322
1167	9.941	11.43
1168	2.071	2.27
1169	1.223	0.2304
1170	2.513	2.059
1171	6.73	2.904
1172	6.13	5.966
1173	2.362	2.38
1174	4.494	4.798
1175	5.847	5.716
1176	3.055	3.183
1177	4.649	5.438
1178	2.45	1.129
1179	1.437	1.226
1180	3.707	2.902
1181	1.223	0.2304
1182	9.121	1.592
1183	6.13	5.966
1184	7.203	2.468
1185	8.318	1.538
1186	14.5	17.32
1187	9.838	8.212
1188	5.757	8.796
1189	13.02	11.62
1190	5.258	1.324
1191	5.258	1.324
1192	8.067	9.407
1193	9.221	1.903
1194	2.059	2.08
1195	2.883	2.921
1196	2.883	2.921
1197	2.883	2.921
1198	2.699	2.793
1199	12.99	12.65
1200	4.063	3.142
1201	3.057	4.892
1202	3.057	4.892
1203	1.989	1.586
1204	1.707	1.566
1205	7.963	8.175
1206	11.57	9.906
1207	0.9247	9.229
1208	2.482	2.815
1209	2.482	2.815
1210	5.45	4.849
1211	4.649	5.438
1212	2.751	3.889
1213	2.482	2.815
1214	5.953	5.614
1215	9.918	11.8
1216	0.6833	2.005
1217	5.318	7.41
1218	11.71	10.76
1219	12.94	13.09
1220	2.482	2.815
1221	2.482	2.815
1222	12.99	12.65
1223	2.482	2.815
1224	5.467	1.757
1225	2.13	1.534
1226	1.223	0.2304
1227	1.223	0.2304
1228	1.223	0.2304
1229	4.726	5.029
1230	8.887	5.465
1231	5.598	5.671
1232	4.372	2.028
1233	9.767	6.974
1234	1.212	0.8723
1235	10.57	11.07
1236	5.722	4.562
1237	6.13	5.966
1238	3.219	1.778
1239	6.095	5.914
1240	8.02	6.841
1241	8.709	7.959
1242	8.709	7.959
1243	8.709	7.959
1244	14.99	15.27
1245	10.88	13.48
1246	10.26	2.59
1247	15.5	14.96
1248	1.067	0.2262
1249	5.216	0.9722
1250	10.48	11.61
1251	10.48	11.61
1252	3.833	4.229
1253	9.767	6.974
1254	2.194	1.148
1255	4.755	4.916
1256	5.847	5.716
1257	1.212	0.8723
1258	6.327	8.165
1259	8.909	9.982
1260	6.176	2.874
1261	6.176	2.874
1262	2.482	2.815
1263	15.74	15.48
1264	3.664	5.518
1265	2.482	2.815
1266	5.26	4.88
1267	11.7	14.73
1268	3.608	3.189
1269	2.034	1.052
1270	1.402	1.235
1271	1.223	0.2304
1272	11.4	12.13
1273	8.637	2.265
1274	7.383	4.536
1275	5.847	5.716
1276	2.331	0.9047
1277	2.331	0.9047
1278	8.001	8.173
1279	4.26	4.886
1280	2.883	2.921
1281	3.812	4.478
1282	5.471	8.55
1283	6.337	7.074
1284	6.337	7.074
1285	2.482	2.815
1286	2.482	2.815
1287	2.883	2.921
1288	9.121	1.592
1289	8.521	7.721
1290	7.629	3.732
1291	7.629	3.732
1292	2.362	2.38
1293	9.838	8.212
1294	5.406	3.568
1295	9.316	1.744
1296	10.26	2.59
1297	8.818	2.158
1298	8.818	2.158
1299	7.546	1.973
1300	9.374	9.957
1301	2.573	3.227
1302	3.966	2.345
1303	1.92	0.8017
1304	1.92	0.8017
1305	1.761	4.327
1306	8.977	9.387
1307	2.482	2.815
1308	2.482	2.815
1309	5.258	1.324
1310	7.53	1.721
1311	10.69	5.594
1312	10.69	5.594
1313	1.212	0.8723
1314	11.1	7.615
1315	8.387	7.222
1316	6.381	4.562
1317	4.06	5.377
1318	9.838	8.212
1319	9.838	8.212
1320	2.699	2.793
1321	10.03	10.69
1322	2.482	2.815
1323	4.139	4.381
1324	4.649	5.438
1325	7.287	4.451
1326	1.223	0.2304
1327	8.623	10.31
1328	2.764	3.26
1329	5.45	4.849
1330	8.419	8.242
1331	2.482	2.815
1332	2.883	2.921
1333	6.993	2.433
1334	8.419	8.242
1335	10.55	10.44
1336	2.482	2.815
1337	11.3	10.81
1338	1.223	0.2304
1339	4.114	1.023
1340	1.223	0.2304
1341	1.074	0.1466
1342	2.281	3.539
1343	1.223	0.2304
1344	1.223	0.2304
1345	1.223	0.2304
1346	1.223	0.2304
1347	1.223	0.2304
1348	1.223	0.2304
1349	1.223	0.2304
1350	1.223	0.2304
1351	1.223	0.2304
1352	1.223	0.2304
1353	1.223	0.2304
1354	1.223	0.2304
1355	3.961	3.972
1356	2.883	2.921
1357	2.482	2.815
1358	2.162	6.56
1359	2.482	2.815
1360	14.28	13.4
1361	8.904	8.219
1362	1.695	1.369
1363	15.37	14.04
1364	1.925	7.764
1365	5.349	7.823
1366	2.482	2.815
1367	2.471	1.547
1368	0.9315	1.177
1369	9.166	5.434
1370	1.652	1.82
1371	5.483	1.963
1372	11.3	10.81
1373	1.6	9.554
1374	2.908	2.61
1375	2.482	2.815
1376	2.471	1.547
1377	2.547	3.944
1378	8.882	9.655
1379	8.909	9.982
1380	4.339	5.187
1381	4.494	4.798
1382	1.212	0.8723
1383	8.318	1.538
1384	8.318	1.538
1385	5.036	1.329
1386	12.99	12.65
1387	11.96	8.355
1388	1.837	1.882
1389	1.837	1.882
1390	2.547	3.944
1391	4.06	5.377
1392	8.526	9.16
1393	10.55	10.44
1394	2.805	7.279
1395	9.838	8.212
1396	2.482	2.815
1397	1.223	0.2304
1398	2.725	4.768
1399	7.729	7.129
1400	4.726	5.029
1401	2.482	2.815
1402	7.809	4.573
1403	8.318	1.538
1404	2.547	3.944
1405	2.547	3.944
1406	5.503	9.425
1407	5.503	9.425
1408	11.8	11.54
1409	2.883	2.921
1410	3.859	4.299
1411	2.482	2.815
1412	2.471	1.547
1413	4.494	4.798
1414	8.318	1.538
1415	4.06	5.377
1416	2.33	2.919
1417	2.071	2.27
1418	1.761	4.327
1419	8.419	8.242
1420	13.99	16.68
1421	2.482	2.815
1422	4.649	5.438
1423	8.29	8.865
1424	9.786	8.731
1425	1.989	1.586
1426	10.66	4.507
1427	10.26	2.59
1428	2.313	6.924
1429	2.27	9.764
1430	2.683	3.093
1431	8.909	9.982
1432	5.318	7.41
1433	8.171	9.984
1434	2.164	1.425
1435	2.482	2.815
1436	2.482	2.815
1437	12.94	13.09
1438	3.03	4.868
1439	8.701	8.647
1440	1.449	3.133
1441	12.32	13.51
1442	2.103	3.229
1443	2.413	2.708
1444	4.975	1.499
1445	2.883	2.921
1446	2.883	2.921
1447	5.406	3.568
1448	3.664	5.518
1449	6.13	5.966
1450	2.482	2.815
1451	6.36	8.143
1452	1.435	2.239
1453	2.398	4.988
1454	8.29	8.865
1455	15.26	15.3
1456	2.547	3.944
1457	4.885	3.94
1458	1.356	2.038
1459	6.13	5.966
1460	9.956	3.921
1461	10.57	11.07
1462	8.977	9.387
1463	2.482	2.815
1464	13.62	15.4
1465	3.057	4.892
1466	1.198	0.684
1467	4.445	5.134
1468	5.401	3.32
1469	5.401	3.32
1470	4.735	5.788
1471	4.735	5.788
1472	2.471	1.547
1473	6.13	5.966
1474	1.223	0.2304
1475	1.435	2.239
1476	1.854	0.9331
1477	5.036	1.329
1478	2.699	2.793
1479	3.613	5.046
1480	8.234	10.94
1481	11.53	11.65
1482	6.13	5.966
1483	13.63	12.98
1484	2.194	1.148
1485	1.223	0.2304
1486	1.223	0.2304
1487	2.482	2.815
1488	2.482	2.815
1489	4.026	4.351
1490	4.026	4.351
1491	1.223	0.2304
1492	1.223	0.2304
1493	4.037	5.441
1494	7.349	1.783
1495	8.936	7.106
1496	2.481	2.14
1497	10.03	10.69
1498	4.171	5.28
1499	2.482	2.815
1500	1.232	1.227
1501	9.656	10.8
1502	2.816	1.17
1503	8.904	8.219
1504	4.037	5.441
1505	1.435	2.239
1506	1.435	2.239
1507	3.485	3.508
1508	15.37	14.04
1509	4.411	2.053
1510	11.35	12.45
1511	10.49	3.31
1512	5.752	9.546
1513	3.378	5.724
1514	2.249	1.076
1515	3.664	5.518
1516	3.664	5.518
1517	15.3	14.64
1518	7.691	3.453
1519	4.348	2.174
1520	1.223	0.2304
1521	10.48	11.61
1522	8.005	10.72
1523	8.846	6.773
1524	9.801	12.01
1525	4.329	7.236
1526	14.86	15.44
1527	1.637	1.392
1528	9.224	3.143
1529	4.6	1.815
1530	4.411	2.053
1531	10.14	9.03
1532	2.482	2.815
1533	2.482	2.815
1534	5.658	6.214
1535	1.695	1.369
1536	8.318	1.538
1537	8.318	1.538
1538	9.224	3.143
1539	10.93	10.18
1540	10.93	10.18
1541	7.47	8.396
1542	16.89	16.7
1543	8.409	1.764
1544	1.435	2.239
1545	8.419	8.242
1546	9.316	1.744
1547	3.891	3.297
1548	3.664	5.518
1549	5.503	9.425
1550	5.503	9.425
1551	8.909	9.982
1552	2.573	3.227
1553	2.114	0.2454
1554	1.645	0.8868
1555	12.98	13.31
1556	2.699	2.793
1557	1.223	0.2304
1558	1.223	0.2304
1559	4.6	1.815
1560	1.223	0.2304
1561	4.6	1.815
1562	2.071	2.27
1563	1.223	0.2304
1564	4.6	1.815
1565	1.722	1.506
1566	2.331	0.9047
1567	1.223	0.2304
1568	1.435	2.239
1569	3.068	1.425
1570	1.223	0.2304
1571	2.331	0.9047
1572	4.6	1.815
1573	1.223	0.2304
1574	4.026	4.351
1575	8.977	9.387
1576	2.331	0.9047
1577	1.435	2.239
1578	14.35	13.98
1579	2.331	0.9047
1580	11.56	11.56
1581	1.223	0.2304
1582	11.47	9.74
1583	8.001	8.173
1584	1.761	4.327
1585	10.75	10
1586	5.258	1.324
1587	10.26	2.59
1588	1.761	4.327
1589	2.331	0.9047
1590	2.331	0.9047
1591	4.339	5.187
1592	7.203	2.468
1593	7.203	2.468
1594	2.482	2.815
1595	4.735	5.788
1596	4.735	5.788
1597	3.741	2.623
1598	4.411	2.053
1599	10.14	9.03
1600	4.411	2.053
1601	1.943	1.392
1602	2.482	2.815
1603	2.471	1.547
1604	6.13	5.966
1605	2.471	1.547
1606	6.13	5.966
1607	2.471	1.547
1608	2.471	1.547
1609	2.471	1.547
1610	6.13	5.966
1611	2.471	1.547
1612	6.13	5.966
1613	2.471	1.547
1614	2.471	1.547
1615	6.13	5.966
1616	11.71	10.76
1617	2.482	2.815
1618	3.03	4.868
1619	13.48	12.17
1620	1.223	0.2304
1621	1.223	0.2304
1622	8.709	7.959
1623	9.191	4.477
1624	5.752	9.546
1625	5.057	5.611
1626	8.001	8.173
1627	7.391	7.702
1628	7.391	7.702
1629	7.391	7.702
1630	6.868	3.165
1631	2.471	1.547
1632	2.471	1.547
1633	3.485	3.508
1634	3.485	3.508
1635	3.485	3.508
1636	3.485	3.508
1637	11.8	11.54
1638	8.826	7.864
1639	2.761	3.232
1640	3.342	2.849
1641	6.868	3.165
1642	2.482	2.815
1643	2.482	2.815
1644	2.482	2.815
1645	8.909	9.982
1646	2.482	2.815
1647	2.482	2.815
1648	2.071	2.27
1649	2.482	2.815
1650	2.071	2.27
1651	8.235	5.819
1652	7.917	4.552
1653	11.91	11.83
1654	2.547	3.944
1655	10.5	10.87
1656	7.837	4.875
1657	3.067	3.243
1658	9.767	6.974
1659	9.767	6.974
1660	9.767	6.974
1661	11.1	7.615
1662	4.97	1.841
1663	4.411	2.053
1664	1.223	0.2304
1665	4.6	1.815
1666	4.411	2.053
1667	10.14	9.03
1668	4.411	2.053
1669	4.411	2.053
1670	10.14	9.03
1671	4.411	2.053
1672	4.411	2.053
1673	10.14	9.03
1674	4.411	2.053
1675	1.223	0.2304
1676	4.6	1.815
1677	4.411	2.053
1678	10.14	9.03
1679	4.411	2.053
1680	4.411	2.053
1681	10.14	9.03
1682	8.887	5.465
1683	15.34	16.9
1684	9.146	1.411
1685	3.229	1.182
1686	3.229	1.182
1687	1.212	0.8723
1688	9.146	1.411
1689	9.146	1.411
1690	11.1	7.615
1691	1.198	0.684
1692	1.223	0.2304
1693	2.482	2.815
1694	5.258	1.324
1695	5.258	1.324
1696	9.118	11.39
1697	8.909	9.982
1698	10.93	10.18
1699	7.622	5.219
1700	8.326	8.416
1701	2.482	2.815
1702	2.466	7.308
1703	8.318	1.538
1704	8.318	1.538
1705	9.224	3.143
1706	8.318	1.538
1707	2.331	0.9047
1708	1.695	1.369
1709	2.114	0.2454
1710	9.956	3.921
1711	7.21	4.787
1712	2.883	2.921
1713	8.001	8.173
1714	1.761	4.327
1715	1.761	4.327
1716	5.808	8.282
1717	5.808	8.282
1718	9.838	8.212
1719	2.883	2.921
1720	3.068	1.425
1721	2.331	0.9047
1722	5.096	7.676
1723	2.727	6.823
1724	2.482	2.815
1725	3.981	2.965
1726	4.545	1.129
1727	2.286	1.145
1728	2.011	5.887
1729	3.496	6.83
1730	4.604	6.678
1731	5.057	5.611
1732	5.376	1.536
1733	1.223	0.2304
1734	2.482	2.815
1735	8.615	7.024
1736	6.608	8.571
1737	2.482	2.815
1738	2.413	2.708
1739	6.993	3.844
1740	2.949	6.432
1741	2.949	6.432
1742	4.678	5.29
1743	9.491	8.257
1744	10.01	8.57
1745	8.313	9.02
1746	6.868	3.165
1747	6.868	3.165
1748	8.909	9.982
1749	8.909	9.982
1750	2.883	2.921
1751	2.482	2.815
1752	4.171	5.28
1753	2.482	2.815
1754	8.909	9.982
1755	1.6	9.554
1756	8.171	9.984
1757	5.752	9.546
1758	2.482	2.815
1759	2.482	2.815
1760	2.471	1.547
1761	4.037	5.441
1762	5.441	7.942
1763	1.722	1.923
1764	4.649	5.438
1765	8.075	7.919
1766	8.075	7.919
1767	4.171	5.28
1768	4.171	5.28
1769	2.883	2.921
1770	7.809	4.573
1771	2.482	2.815
1772	8.171	9.984
1773	8.171	9.984
1774	5.057	5.611
1775	2.471	1.547
1776	1.872	4.427
1777	4.494	4.798
1778	1.212	0.8723
1779	1.212	0.8723
1780	4.26	4.886
1781	4.26	4.886
1782	8.419	8.242
1783	12.99	12.65
1784	8.519	4.184
1785	13.58	15.66
1786	2.779	8.683
1787	15.38	14.64
1788	1.695	1.369
1789	2.471	1.547
1790	13.33	9.771
1791	1.223	0.2304
1792	1.223	0.2304
1793	2.471	1.547
1794	12.99	12.65
1795	2.699	2.793
1796	6.13	5.966
1797	9.736	8.967
1798	10.5	10.08
1799	6.614	9.665
1800	11.4	13.79
1801	1.212	0.8723
1802	1.198	0.684
1803	1.198	0.684
1804	9.079	7.079
1805	2.482	2.815
1806	2.482	2.815
1807	2.883	2.921
1808	1.124	2.048
1809	1.223	0.2304
1810	1.223	0.2304
1811	1.223	0.2304
1812	5.919	1.169
1813	2.211	3.111
1814	1.223	0.2304
1815	9.102	2.278
1816	2.927	1.31
1817	1.637	1.392
1818	4.999	2.749
1819	1.637	1.392
1820	2.56	1.329
1821	4.199	7.261
1822	1.223	0.2304
1823	10.02	9.821
1824	10.02	9.821
1825	0.9631	0.6342
1826	5.752	9.546
1827	5.752	9.546
1828	0.343	1.028
1829	4.044	6.529
1830	2.883	2.921
1831	2.482	2.815
1832	2.482	2.815
1833	2.482	2.815
1834	3.63	1.228
1835	13.63	13.41
1836	1.695	1.369
1837	2.883	2.921
1838	2.025	4.938
1839	2.413	2.708
1840	2.413	2.708
1841	1.797	4.889
1842	1.797	4.889
1843	2.071	2.27
1844	7.857	7.279
1845	13.83	15.44
1846	3.563	3.661
1847	4.339	5.187
1848	7.281	8.928
1849	3.985	5.29
1850	2.482	2.815
1851	2.482	2.815
1852	2.315	6.529
1853	7.729	7.129
1854	3.496	6.83
1855	4.604	6.678
1856	2.727	6.823
1857	2.011	5.887
1858	9.491	8.257
1859	5.204	8.413
1860	5.503	9.425
1861	0.9631	0.6342
1862	0.9631	0.6342
1863	8.754	8.813
1864	8.113	8.465
1865	8.113	8.465
1866	8.113	8.465
1867	5.752	9.546
1868	0.343	1.028
1869	8.419	8.242
1870	8.977	9.387
1871	3.613	5.046
1872	8.001	8.173
1873	1.761	4.327
1874	1.761	4.327
1875	1.761	4.327
1876	8.977	9.387
1877	8.977	9.387
1878	8.001	8.173
1879	1.761	4.327
1880	11.78	14.53
1881	16.05	15.93
1882	3.256	5.595
1883	12.65	14.67
1884	3.563	3.661
1885	9.984	7.806
1886	10.81	3.772
1887	2.413	2.708
1888	5.441	7.942
1889	4.445	5.134
1890	7.87	7.927
1891	5.376	1.536
1892	8.419	8.242
1893	11.1	7.615
1894	1.707	1.566
1895	2.883	2.921
1896	3.933	7.844
1897	14.16	14.88
1898	14.16	14.88
1899	8.058	12.12
1900	8.058	12.12
1901	7.908	8.231
1902	8.419	8.242
1903	11.1	7.615
1904	8.419	8.242
1905	8.419	8.242
1906	8.419	8.242
1907	8.001	8.173
1908	8.001	8.173
1909	10.55	10.44
1910	10.55	10.44
1911	10.55	10.44
1912	1.212	0.8723
1913	10.48	11.61
1914	5.808	8.282
1915	3.167	8.842
1916	8.001	8.173
1917	16.58	15.4
1918	2.779	8.683
1919	2.999	2.908
1920	9.402	7.909
1921	1.223	0.2304
1922	6.111	11.21
1923	12.98	13.31
1924	8.977	9.387
1925	8.419	8.242
1926	8.001	8.173
1927	1.761	4.327
1928	8.419	8.242
1929	4.649	5.438
1930	2.413	2.708
1931	0.9247	9.229
1932	4.978	2.58
1933	1.223	0.2304
1934	1.223	0.2304
1935	1.223	0.2304
1936	2.883	2.921
1937	1.645	0.8868
1938	1.645	0.8868
1939	1.645	0.8868
1940	11.01	12.7
1941	10.81	3.772
1942	10.4	2.604
1943	7.092	9.478
1944	9.089	10.29
1945	8.001	8.173
1946	17.05	15.3
1947	2.883	2.921
1948	1.971	2.049
1949	6.208	6.392
1950	9.506	5.074
1951	3.711	5.865
1952	12.65	14.67
1953	12.75	14.77
1954	3.675	7.991
1955	12.32	13.51
1956	10.48	11.61
1957	2.883	2.921
1958	7.593	7.591
1959	6.337	7.074
1960	4.26	4.886
1961	11.01	12.76
1962	8.357	10.4
1963	1.761	4.327
1964	2.274	3.241
1965	2.274	3.241
1966	2.274	3.241
1967	2.362	2.38
1968	11.8	11.54
1969	2.413	2.708
1970	2.413	2.708
1971	2.413	2.708
1972	8.904	8.219
1973	8.909	9.982
1974	6.13	5.966
1975	6.13	5.966
1976	4.26	4.886
1977	1.223	0.2304
1978	6.032	4.573
1979	8.821	7.755
1980	2.482	2.815
1981	4.885	3.94
1982	4.885	3.94
1983	4.885	3.94
1984	2.482	2.815
1985	7.729	7.129
1986	9.375	9.923
1987	4.026	4.351
1988	2.949	6.432
1989	2.362	2.38
1990	7.707	1.689
1991	9.218	10.35
1992	2.482	2.815
1993	2.883	2.921
1994	1.203	4.482
1995	8.234	10.94
1996	3.67	9.475
1997	4.649	5.438
1998	5.234	7.27
1999	5.234	7.27
2000	5.234	7.27
2001	5.234	7.27
2002	5.752	9.546
2003	5.752	9.546
2004	5.752	9.546
2005	4.649	5.438
2006	2.482	2.815
2007	1.212	0.8723
2008	9.53	11.66
2009	1.212	0.8723
2010	5.276	7.317
2011	5.276	7.317
2012	9.146	1.411
2013	7.707	1.689
2014	7.707	1.689
2015	1.695	1.369
2016	6.868	3.165
2017	6.868	3.165
2018	10.56	7.197
2019	6.13	5.966
2020	2.482	2.815
2021	4.654	6.028
2022	2.764	3.26
2023	2.764	3.26
2024	14.4	17.17
2025	8.799	9.341
2026	2.482	2.815
2027	2.482	2.815
2028	2.883	2.921
2029	2.883	2.921
2030	1.212	0.8723
2031	1.212	0.8723
2032	1.212	0.8723
2033	2.883	2.921
2034	2.883	2.921
2035	1.212	0.8723
2036	1.212	0.8723
2037	1.212	0.8723
2038	1.212	0.8723
2039	8.178	8.551
2040	8.178	8.551
2041	2.482	2.815
2042	2.883	2.921
2043	2.883	2.921
2044	2.883	2.921
2045	2.883	2.921
2046	5.751	5.848
2047	2.883	2.921
2048	2.883	2.921
2049	2.883	2.921
2050	2.883	2.921
2051	2.883	2.921
2052	2.883	2.921
2053	2.883	2.921
2054	4.044	6.529
2055	4.044	6.529
2056	1.989	1.586
2057	1.212	0.8723
2058	1.212	0.8723
2059	2.883	2.921
2060	2.883	2.921
2061	2.883	2.921
2062	1.212	0.8723
2063	1.212	0.8723
2064	2.883	2.921
2065	2.883	2.921
2066	1.212	0.8723
2067	1.212	0.8723
2068	1.212	0.8723
2069	1.212	0.8723
2070	2.883	2.921
2071	2.883	2.921
2072	1.212	0.8723
2073	6.868	3.165
2074	1.212	0.8723
2075	1.212	0.8723
2076	12.77	11.11
2077	8.385	10.75
2078	6.614	9.665
2079	6.55	4.692
2080	14.4	17.17
2081	11.99	11.92
2082	2.071	2.27
2083	3.613	5.046
2084	1.765	3.619
2085	2.482	2.815
2086	2.482	2.815
2087	2.482	2.815
2088	11.17	7.155
2089	4.03	5.238
2090	2.683	3.093
2091	4.312	2.719
2092	2.436	2.342
2093	2.482	2.815
2094	14.18	16.45
2095	2.482	2.815
2096	11.7	14.44
2097	6.415	8.268
2098	5.021	7.631
2099	10.29	4.952
2100	1.212	0.8723
2101	4.726	5.029
2102	4.726	5.029
2103	1.695	1.369
2104	8.29	8.865
2105	6.993	3.844
2106	11.53	11.65
2107	1.198	0.684
2108	5.843	8.826
2109	8.409	1.764
2110	0.4427	1.062
2111	6.749	9.093
2112	14.47	15.51
2113	7.629	3.732
2114	8.637	2.265
2115	7.729	7.129
2116	6.13	5.966
2117	11.37	14.43
2118	10.86	11.91
2119	6.91	3.558
2120	2.482	2.815
2121	6.327	8.165
2122	6.327	8.165
2123	11.3	10.81
2124	11.3	10.81
2125	5.751	5.848
2126	5.751	5.848
2127	1.989	1.586
2128	3.837	5.887
2129	1.989	1.586
2130	5.751	5.848
2131	5.751	5.848
2132	5.751	5.848
2133	2.482	2.815
2134	11.57	9.906
2135	2.683	3.093
2136	4.878	3.079
2137	1.435	2.239
2138	0.9631	0.6342
2139	2.482	2.815
2140	4.06	5.377
2141	2.482	2.815
2142	6.627	8.533
2143	5.234	7.27
2144	2.482	2.815
2145	9.313	11.56
2146	9.313	11.56
2147	5.471	8.55
2148	7.925	7.991
2149	2.482	2.815
2150	2.482	2.815
2151	4.06	5.377
2152	7.925	7.991
2153	2.233	3.304
2154	7.703	2.135
2155	1.223	0.2304
2156	2.805	7.279
2157	8.113	8.465
2158	2.883	2.921
2159	13.63	12.98
2160	13.63	12.98
2161	13.63	12.98
2162	13.63	12.98
2163	13.63	12.98
2164	13.63	12.98
2165	6.763	3.276
2166	4.975	1.499
2167	4.975	1.499
2168	3.745	1.241
2169	3.852	4.793
2170	5.483	1.963
2171	13.63	14.01
2172	2.821	1.215
2173	11.23	13.03
2174	1.223	0.2304
2175	2.471	1.547
2176	9.902	12.31
2177	8.234	10.94
2178	1.212	0.8723
2179	8.234	10.94
2180	3.224	5.06
2181	7.278	10.84
2182	4.411	2.053
2183	1.223	0.2304
2184	4.411	2.053
2185	1.859	2.506
2186	5.406	3.568
2187	5.406	3.568
2188	1.859	2.506
2189	7.561	8.552
2190	7.561	8.552
2191	3.496	6.83
2192	5.712	7.269
2193	8.681	9.512
2194	8.681	9.512
2195	8.171	9.984
2196	8.001	8.173
2197	8.977	9.387
2198	8.977	9.387
2199	2.683	3.093
2200	15.34	16.9
2201	4.289	6.153
2202	4.289	6.153
2203	14.43	17.21
2204	2.699	2.793
2205	1.989	1.586
2206	1.989	1.586
2207	6.13	5.966
2208	2.471	1.547
2209	2.471	1.547
2210	6.13	5.966
2211	2.471	1.547
2212	2.471	1.547
2213	6.13	5.966
2214	2.471	1.547
2215	2.471	1.547
2216	11.53	11.65
2217	2.471	1.547
2218	2.883	2.921
2219	2.883	2.921
2220	2.883	2.921
2221	2.471	1.547
2222	2.883	2.921
2223	2.482	2.815
2224	2.482	2.815
2225	9.271	4.587
2226	2.071	2.27
2227	9.089	10.29
2228	2.471	1.547
2229	2.071	2.27
2230	5.751	5.848
2231	2.471	1.547
2232	6.13	5.966
2233	2.471	1.547
2234	2.471	1.547
2235	2.482	2.815
2236	2.482	2.815
2237	2.482	2.815
2238	2.482	2.815
2239	2.482	2.815
2240	2.482	2.815
2241	2.482	2.815
2242	2.482	2.815
2243	2.482	2.815
2244	2.482	2.815
2245	2.482	2.815
2246	1.212	0.8723
2247	1.212	0.8723
2248	5.234	7.27
2249	15.34	16.9
2250	8.909	9.982
2251	2.33	2.919
2252	2.33	2.919
2253	10.04	7.347
2254	9.644	9.42
2255	2.482	2.815
2256	7.513	1.454
2257	0.343	1.028
2258	1.223	0.2304
2259	8.532	5.601
2260	3.67	9.475
2261	10.31	7.843
2262	3.058	2.773
2263	2.883	2.921
2264	14.5	17.32
2265	4.339	5.187
2266	8.476	6.524
2267	3.058	2.773
2268	1.223	0.2304
2269	6.723	5.869
2270	6.917	5.866
2271	2.482	2.815
2272	2.341	0.8433
2273	2.341	0.8433
2274	2.482	2.815
2275	1.278	1.229
2276	1.088	1.204
2277	2.341	0.8433
2278	2.482	2.815
2279	5.44	11.11
2280	3.67	9.475
2281	3.67	9.475
2282	3.67	9.475
2283	3.67	9.475
2284	15.34	16.9
2285	2.883	2.921
2286	2.883	2.921
2287	2.883	2.921
2288	1.212	0.8723
2289	6.868	3.165
2290	2.883	2.921
2291	2.883	2.921
2292	2.883	2.921
2293	2.883	2.921
2294	3.67	9.475
2295	3.67	9.475
2296	6.868	3.165
2297	6.868	3.165
2298	2.883	2.921
2299	2.883	2.921
2300	2.883	2.921
2301	2.883	2.921
2302	2.482	2.815
2303	2.482	2.815
2304	2.482	2.815
2305	2.146	6.203
2306	4.312	2.719
2307	4.312	2.719
2308	2.481	2.14
2309	2.481	2.14
2310	9.425	6.021
2311	13.99	16.68
2312	5.751	5.848
2313	2.883	2.921
2314	2.883	2.921
2315	3.538	7.311
2316	1.212	0.8723
2317	1.212	0.8723
2318	2.413	2.708
2319	2.883	2.921
2320	5.483	1.963
2321	5.483	1.963
2322	2.883	2.921
2323	2.071	2.27
2324	7.544	9.812
2325	6.868	3.165
2326	6.868	3.165
2327	5.285	7.325
2328	2.071	2.27
2329	3.613	5.046
2330	7.976	6.977
2331	8.38	2.143
2332	2.071	2.27
2333	1.605	2.493
2334	8.368	9.003
2335	8.368	9.003
2336	4.199	7.261
2337	13.87	14.36
2338	1.971	2.049
2339	1.971	2.049
2340	8.193	10.91
2341	11.91	11.83
2342	2.883	2.921
2343	5.847	5.716
2344	1.402	1.235
2345	7.203	2.468
2346	9.484	5.866
2347	0.343	1.028
2348	2.482	2.815
2349	2.482	2.815
2350	2.883	2.921
2351	1.869	2.003
2352	2.482	2.815
2353	11.01	8.489
2354	11.01	8.489
2355	8.034	5.58
2356	1.212	0.8723
2357	9.146	1.411
2358	11.56	11.56
2359	1.212	0.8723
2360	6.052	7.161
2361	8.664	7.339
2362	1.212	0.8723
2363	2.471	1.547
2364	2.471	1.547
2365	3.722	3.541
2366	2.683	3.093
2367	8.664	7.339
2368	2.482	2.815
2369	2.482	2.815
2370	2.482	2.815
2371	7.925	7.991
2372	2.482	2.815
2373	3.815	4.19
2374	3.815	4.19
2375	3.815	4.19
2376	6.044	8.497
2377	1.212	0.8723
2378	9.417	9.331
2379	1.223	0.2304
2380	14.28	13.4
2381	1.498	2.148
2382	1.498	2.148
2383	2.482	2.815
2384	2.071	2.27
2385	15.34	14.65
2386	2.229	1.999
2387	10.46	8.432
2388	2.482	2.815
2389	1.212	0.8723
2390	1.212	0.8723
2391	1.212	0.8723
2392	2.482	2.815
2393	2.758	6.613
2394	0.9631	0.6342
2395	3.055	3.183
2396	2.413	2.708
2397	2.071	2.27
2398	8.977	9.387
2399	9.535	6.43
2400	11.91	11.83
2401	1.223	0.2304
2402	1.996	1.369
2403	2.22	0.99
2404	1.996	1.369
2405	1.996	1.369
2406	1.996	1.369
2407	1.996	1.369
2408	9.341	5.104
2409	7.947	5.246
2410	2.883	2.921
2411	2.883	2.921
2412	2.883	2.921
2413	2.883	2.921
2414	2.883	2.921
2415	1.212	0.8723
2416	2.883	2.921
2417	2.883	2.921
2418	2.883	2.921
2419	2.883	2.921
2420	2.883	2.921
2421	2.883	2.921
2422	2.883	2.921
2423	2.482	2.815
2424	8.385	10.75
2425	2.482	2.815
2426	1.695	1.369
2427	2.883	2.921
2428	2.471	1.547
2429	5.234	7.27
2430	8.035	5.701
2431	10.13	11.77
2432	3.985	5.29
2433	3.234	2.104
2434	3.654	3.905
2435	5.349	7.921
2436	2.274	3.241
2437	2.274	3.241
2438	2.45	1.129
2439	9.491	8.257
2440	9.491	8.257
2441	4.654	6.028
2442	1.212	0.8723
2443	4.885	3.94
2444	11.79	14.79
2445	2.482	2.815
2446	2.482	2.815
2447	2.482	2.815
2448	7.391	7.702
2449	5.951	7.058
2450	4.22	4.243
2451	1.15	0.849
2452	2.482	2.815
2453	9.567	11.17
2454	7.391	7.702
2455	7.391	7.702
2456	7.391	7.702
2457	1.303	1.388
2458	2.482	2.815
2459	7.391	7.702
2460	12.33	12.68
2461	2.274	3.241
2462	4.156	3.037
2463	5.906	3.61
2464	9.341	5.104
2465	9.146	1.411
2466	9.146	1.411
2467	2.883	2.921
2468	2.883	2.921
2469	4.22	4.243
2470	4.655	7.195
2471	2.237	0.4261
2472	2.331	0.9047
2473	2.331	0.9047
2474	2.331	0.9047
2475	2.331	0.9047
2476	4.999	2.749
2477	4.999	2.749
2478	9.339	9.852
2479	2.56	1.329
2480	9.339	9.852
2481	1.212	0.8723
2482	1.212	0.8723
2483	8.075	7.919
2484	1.212	0.8723
2485	11.37	14.43
2486	4.06	5.377
2487	4.649	5.438
2488	1.303	1.388
2489	7.781	3.84
2490	2.699	2.793
2491	4.649	5.438
2492	10.03	10.69
2493	4.649	5.438
2494	4.649	5.438
2495	1.303	1.388
2496	1.303	1.388
2497	2.699	2.793
2498	1.605	2.493
2499	2.482	2.815
2500	2.883	2.921
2501	5.285	7.325
2502	5.285	7.325
2503	2.683	3.093
2504	5.471	8.55
2505	5.471	8.55
2506	5.471	8.55
2507	5.471	8.55
2508	12.37	12.3
2509	2.883	2.921
2510	2.883	2.921
2511	2.883	2.921
2512	7.349	1.783
2513	2.883	2.921
2514	6.763	3.276
2515	3.492	3.258
2516	5.471	8.55
2517	10.65	10.73
2518	1.934	2.079
2519	6.763	3.276
2520	2.883	2.921
2521	11.1	7.615
2522	11.1	7.615
2523	11.1	7.615
2524	9.224	3.143
2525	4.06	5.377
2526	2.482	2.815
2527	10.03	10.69
2528	2.233	3.304
2529	2.233	3.304
2530	5.318	7.41
2531	5.318	7.41
2532	10.43	8.069
2533	2.699	2.793
2534	4.654	6.028
2535	4.411	2.053
2536	1.223	0.2304
2537	4.6	1.815
2538	10.14	9.03
2539	4.411	2.053
2540	1.223	0.2304
2541	4.6	1.815
2542	10.14	9.03
2543	2.883	2.921
2544	4.372	2.028
2545	6.052	7.161
2546	8.47	9.393
2547	4.654	6.028
2548	1.695	1.369
2549	5.401	3.32
2550	10.65	10.96
2551	3.588	6.232
2552	6.216	1.592
2553	8.318	1.538
2554	2.482	2.815
2555	11.53	11.65
2556	2.699	2.793
2557	2.413	2.708
2558	1.303	1.388
2559	9.53	11.66
2560	9.53	11.66
2561	2.699	2.793
2562	1.303	1.388
2563	3.865	4.359
2564	2.482	2.815
2565	9.53	11.66
2566	14.94	15.66
2567	14.18	16.45
2568	4.6	1.815
2569	0.9315	1.177
2570	7.399	4.81
2571	6.412	2.48
2572	7.925	7.991
2573	9.425	6.021
2574	8.113	8.465
2575	4.909	4.902
2576	3.896	1.039
2577	1.303	1.388
2578	3.467	2.619
2579	3.467	2.619
2580	2.883	2.921
2581	9.268	5.136
2582	9.268	5.136
2583	9.736	8.967
2584	2.071	2.27
2585	1.695	1.369
2586	2.699	2.793
2587	2.883	2.921
2588	2.883	2.921
2589	2.883	2.921
2590	13.69	12.18
2591	1.874	0.5539
2592	4.339	5.187
2593	3.815	4.19
2594	10.34	11.02
2595	4.026	4.351
2596	4.145	1.032
2597	2.482	2.815
2598	2.883	2.921
2599	8.671	10.38
2600	2.883	2.921
2601	1.486	3.059
2602	11.03	11.13
2603	2.883	2.921
2604	6.485	3.039
2605	1.605	2.493
2606	2.883	2.921
2607	2.683	3.093
2608	5.847	5.716
2609	3.815	4.19
2610	2.482	2.815
2611	2.482	2.815
2612	7.957	6.086
2613	13.14	15.08
2614	4.434	0.9361
2615	4.098	5.473
2616	4.098	5.473
2617	0.343	1.028
2618	0.343	1.028
2619	0.343	1.028
2620	1.223	0.2304
2621	1.099	4.249
2622	1.099	4.249
2623	1.099	4.249
2624	2.452	3.936
2625	2.452	3.936
2626	2.452	3.936
2627	2.683	3.093
2628	1.605	2.493
2629	1.605	2.493
2630	1.303	1.388
2631	3.967	5.273
2632	1.303	1.388
2633	2.883	2.921
2634	2.883	2.921
2635	16.5	15.87
2636	4.411	2.053
2637	5.722	4.562
2638	15.07	15.63
2639	1.223	0.2304
2640	15.07	15.63
2641	4.06	5.377
2642	9.079	7.079
2643	4.06	5.377
2644	1.695	1.369
2645	5.555	8.665
2646	2.482	2.815
2647	2.482	2.815
2648	2.482	2.815
2649	3.967	5.273
2650	3.055	3.183
2651	6.868	3.165
2652	2.482	2.815
2653	2.482	2.815
2654	3.774	0.7201
2655	3.378	5.724
2656	4.26	4.886
2657	2.683	3.093
2658	1.223	0.2304
2659	10.2	10.18
2660	12.69	12.48
2661	12.69	12.48
2662	2.683	3.093
2663	15.34	16.9
2664	8.977	9.387
2665	11.57	9.906
2666	13.41	14.91
2667	2.114	0.2454
2668	1.067	0.2262
2669	1.695	1.369
2670	1.695	1.369
2671	0.343	1.028
2672	13.84	14.65
2673	2.683	3.093
2674	4.254	4.87
2675	2.683	3.093
2676	1.212	0.8723
2677	4.289	6.153
2678	1.695	1.369
2679	6.485	3.039
2680	7.186	7.904
2681	2.883	2.921
2682	2.883	2.921
2683	10.84	8.601
2684	4.098	5.473
2685	1.223	0.2304
2686	1.223	0.2304
2687	4.06	5.377
2688	2.482	2.815
2689	2.482	2.815
2690	2.695	3.099
2691	6.664	9.441
2692	1.212	0.8723
2693	13.63	12.98
2694	13.63	12.98
2695	12.94	13.09
2696	2.482	2.815
2697	2.482	2.815
2698	2.482	2.815
2699	4.037	5.441
2700	2.482	2.815
2701	2.482	2.815
2702	1.212	0.8723
2703	1.223	0.2304
2704	2.482	2.815
2705	2.482	2.815
2706	4.26	4.886
2707	9.735	3.976
2708	17.75	16.17
2709	2.883	2.921
2710	2.883	2.921
2711	9.735	3.976
2712	2.785	5.703
2713	4.026	4.351
2714	3.833	4.229
2715	4.037	5.441
2716	3.378	5.724
2717	2.883	2.921
2718	7.205	1.855
2719	6.66	5.705
2720	10.1	3.865
2721	9.257	5.468
2722	3.654	3.905
2723	7.561	8.552
2724	5.234	7.27
2725	6.04	11.15
2726	8.272	10.22
2727	6.04	11.15
2728	14.35	13.98
2729	4.678	5.29
2730	4.098	5.473
2731	8.385	10.75
2732	1.212	0.8723
2733	5.579	4.031
2734	8.501	8.674
2735	4.06	5.377
2736	4.06	5.377
2737	1.707	1.566
2738	1.707	1.566
2739	1.707	1.566
2740	1.695	1.369
2741	6.568	3.505
2742	3.654	3.905
2743	6.343	7.635
2744	4.481	4.724
2745	8.387	9.113
2746	2.482	2.815
2747	9.089	10.29
2748	9.089	10.29
2749	10.26	10.86
2750	3.467	8.389
2751	2.883	2.921
2752	5.722	4.562
2753	8.977	9.387
2754	8.977	9.387
2755	1.223	0.2304
2756	1.437	1.226
2757	7.711	5.263
2758	9.37	8.034
2759	8.234	10.94
2760	7.513	1.454
2761	2.482	2.815
2762	2.482	2.815
2763	9.341	5.104
2764	4.254	4.87
2765	4.254	4.87
2766	4.254	4.87
2767	1.652	1.82
2768	1.652	1.82
2769	2.482	2.815
2770	2.482	2.815
2771	6.216	1.592
2772	10.65	10.96
2773	2.482	2.815
2774	2.482	2.815
2775	2.482	2.815
2776	2.482	2.815
2777	2.274	3.241
2778	2.482	2.815
2779	2.764	3.26
2780	2.764	3.26
2781	1.695	1.369
2782	1.223	0.2304
2783	1.223	0.2304
2784	1.15	0.849
2785	2.482	2.815
2786	2.482	2.815
2787	5.362	7.91
2788	4.254	4.87
2789	1.923	3.134
2790	1.923	3.134
2791	1.637	1.392
2792	1.637	1.392
2793	1.637	1.392
2794	2.883	2.921
2795	10.36	2.184
2796	10.36	2.184
2797	10.36	2.184
2798	2.482	2.815
2799	2.274	3.241
2800	8.472	5.395
2801	11.81	15.04
2802	2.482	2.815
2803	2.482	2.815
2804	2.482	2.815
2805	2.482	2.815
2806	2.482	2.815
2807	2.482	2.815
2808	1.695	1.369
2809	3.831	2.861
2810	3.967	5.273
2811	3.833	4.229
2812	3.833	4.229
2813	3.485	3.508
2814	3.967	5.273
2815	3.831	2.861
2816	3.831	2.861
2817	3.831	2.861
2818	3.831	2.861
2819	2.413	2.708
2820	2.59	0.8723
2821	9.639	10.82
2822	4.786	4.731
2823	2.413	2.708
2824	5.445	8.357
2825	5.445	8.357
2826	2.883	2.921
2827	2.883	2.921
2828	2.883	2.921
2829	5.349	7.823
2830	5.349	7.823
2831	8.234	10.94
2832	8.234	10.94
2833	11.83	11.27
2834	11.83	11.27
2835	2.883	2.921
2836	2.883	2.921
2837	2.071	2.27
2838	3.718	0.9018
2839	12.65	14.67
2840	11.83	11.27
2841	2.482	2.815
2842	2.471	1.547
2843	11.83	11.27
2844	2.482	2.815
2845	2.482	2.815
2846	2.883	2.921
2847	2.883	2.921
2848	2.883	2.921
2849	7.711	5.263
2850	7.711	5.263
2851	11.69	14.44
2852	2.481	2.14
2853	8.387	7.222
2854	8.387	7.222
2855	2.369	1.032
2856	1.212	0.8723
2857	4.06	5.377
2858	2.071	2.27
2859	8.911	9.494
2860	2.482	2.815
2861	1.303	1.388
