6.110000000000000000e+02
1.782800000000000000e+04
6.928000000000000000e+03
6.928000000000000000e+03
1.628000000000000000e+03
5.800000000000000000e+01
1.577800000000000000e+04
1.577800000000000000e+04
1.577800000000000000e+04
1.577800000000000000e+04
1.449000000000000000e+03
1.961000000000000000e+03
1.961000000000000000e+03
1.970000000000000000e+02
1.970000000000000000e+02
1.970000000000000000e+02
3.000000000000000000e+01
1.354200000000000000e+04
1.354200000000000000e+04
1.696000000000000000e+03
1.696000000000000000e+03
1.696000000000000000e+03
1.817000000000000000e+03
1.609000000000000000e+03
7.660000000000000000e+02
1.658000000000000000e+03
1.658000000000000000e+03
1.657000000000000000e+03
1.657000000000000000e+03
9.630000000000000000e+02
2.372000000000000000e+03
2.372000000000000000e+03
2.372000000000000000e+03
2.372000000000000000e+03
2.372000000000000000e+03
2.372000000000000000e+03
2.372000000000000000e+03
2.372000000000000000e+03
2.372000000000000000e+03
2.372000000000000000e+03
7.940000000000000000e+02
7.930000000000000000e+02
1.175200000000000000e+04
1.175200000000000000e+04
1.230000000000000000e+02
1.230000000000000000e+02
1.873000000000000000e+03
1.677000000000000000e+03
1.678000000000000000e+03
1.008000000000000000e+03
1.588000000000000000e+03
1.756000000000000000e+03
1.756000000000000000e+03
1.923000000000000000e+03
7.640000000000000000e+02
1.933000000000000000e+03
6.020000000000000000e+02
6.020000000000000000e+02
1.945000000000000000e+03
1.300000000000000000e+01
1.300000000000000000e+01
1.300000000000000000e+01
1.693000000000000000e+03
2.501000000000000000e+03
1.814000000000000000e+03
2.500000000000000000e+03
1.175500000000000000e+04
1.175500000000000000e+04
3.340000000000000000e+02
6.215000000000000000e+03
8.681000000000000000e+03
1.875000000000000000e+03
1.875000000000000000e+03
9.650000000000000000e+02
1.020600000000000000e+04
8.050000000000000000e+02
2.338000000000000000e+03
2.338000000000000000e+03
2.338000000000000000e+03
2.338000000000000000e+03
5.200000000000000000e+01
5.200000000000000000e+01
5.200000000000000000e+01
4.069000000000000000e+03
8.260000000000000000e+02
8.260000000000000000e+02
8.260000000000000000e+02
8.260000000000000000e+02
1.687000000000000000e+03
1.687000000000000000e+03
1.687000000000000000e+03
1.652000000000000000e+03
1.652000000000000000e+03
1.652000000000000000e+03
1.652000000000000000e+03
1.652000000000000000e+03
1.652000000000000000e+03
1.652000000000000000e+03
1.653000000000000000e+03
1.653000000000000000e+03
1.653000000000000000e+03
1.653000000000000000e+03
1.653000000000000000e+03
1.653000000000000000e+03
1.653000000000000000e+03
5.300000000000000000e+01
5.300000000000000000e+01
5.300000000000000000e+01
5.300000000000000000e+01
5.300000000000000000e+01
5.300000000000000000e+01
1.649000000000000000e+03
1.703000000000000000e+03
1.703000000000000000e+03
1.703000000000000000e+03
1.703000000000000000e+03
1.703000000000000000e+03
1.703000000000000000e+03
1.703000000000000000e+03
1.703000000000000000e+03
1.703000000000000000e+03
1.703000000000000000e+03
1.703000000000000000e+03
1.704000000000000000e+03
1.704000000000000000e+03
1.704000000000000000e+03
1.704000000000000000e+03
1.704000000000000000e+03
1.649000000000000000e+03
3.431000000000000000e+03
8.200000000000000000e+02
9.730000000000000000e+02
1.790000000000000000e+03
1.710000000000000000e+03
5.490000000000000000e+02
5.490000000000000000e+02
8.800000000000000000e+01
8.800000000000000000e+01
6.550000000000000000e+02
6.550000000000000000e+02
9.450000000000000000e+02
9.450000000000000000e+02
9.450000000000000000e+02
8.000000000000000000e+02
3.856000000000000000e+03
8.170000000000000000e+02
8.170000000000000000e+02
8.170000000000000000e+02
1.695000000000000000e+03
1.695000000000000000e+03
1.695000000000000000e+03
8.730000000000000000e+02
8.730000000000000000e+02
8.730000000000000000e+02
8.730000000000000000e+02
8.730000000000000000e+02
5.250000000000000000e+02
5.250000000000000000e+02
5.250000000000000000e+02
5.250000000000000000e+02
1.515000000000000000e+03
7.030000000000000000e+02
6.150000000000000000e+02
6.150000000000000000e+02
6.150000000000000000e+02
6.150000000000000000e+02
6.150000000000000000e+02
6.150000000000000000e+02
6.150000000000000000e+02
6.150000000000000000e+02
1.448000000000000000e+03
1.776000000000000000e+03
3.390000000000000000e+03
3.390000000000000000e+03
3.390000000000000000e+03
3.390000000000000000e+03
3.390000000000000000e+03
8.120000000000000000e+02
8.120000000000000000e+02
8.120000000000000000e+02
8.120000000000000000e+02
8.120000000000000000e+02
8.120000000000000000e+02
8.120000000000000000e+02
1.778000000000000000e+03
1.770000000000000000e+02
1.750000000000000000e+02
1.750000000000000000e+02
1.740000000000000000e+02
1.740000000000000000e+02
1.760000000000000000e+02
8.520000000000000000e+02
8.520000000000000000e+02
2.080000000000000000e+02
2.080000000000000000e+02
2.080000000000000000e+02
2.080000000000000000e+02
2.080000000000000000e+02
2.080000000000000000e+02
2.080000000000000000e+02
2.080000000000000000e+02
2.080000000000000000e+02
2.080000000000000000e+02
2.080000000000000000e+02
2.080000000000000000e+02
2.080000000000000000e+02
2.080000000000000000e+02
2.080000000000000000e+02
2.080000000000000000e+02
2.080000000000000000e+02
2.080000000000000000e+02
2.080000000000000000e+02
3.750000000000000000e+03
3.750000000000000000e+03
3.637000000000000000e+03
3.940000000000000000e+02
3.940000000000000000e+02
3.940000000000000000e+02
5.950000000000000000e+02
5.936000000000000000e+03
5.936000000000000000e+03
2.189000000000000000e+03
5.895000000000000000e+03
5.895000000000000000e+03
6.042000000000000000e+03
6.042000000000000000e+03
3.621000000000000000e+03
3.621000000000000000e+03
1.775000000000000000e+03
9.970000000000000000e+02
6.897000000000000000e+03
1.512000000000000000e+03
1.512000000000000000e+03
1.512000000000000000e+03
1.912000000000000000e+03
1.869000000000000000e+03
3.040000000000000000e+03
3.040000000000000000e+03
3.040000000000000000e+03
3.040000000000000000e+03
9.420000000000000000e+02
9.420000000000000000e+02
1.175300000000000000e+04
1.175300000000000000e+04
1.868000000000000000e+03
1.438000000000000000e+03
1.438000000000000000e+03
1.876000000000000000e+03
1.892000000000000000e+03
7.680000000000000000e+02
1.866000000000000000e+03
8.500000000000000000e+02
8.500000000000000000e+02
8.500000000000000000e+02
8.500000000000000000e+02
8.500000000000000000e+02
8.500000000000000000e+02
1.889000000000000000e+03
1.890000000000000000e+03
8.580000000000000000e+02
1.662000000000000000e+03
5.540000000000000000e+02
9.251000000000000000e+03
1.872000000000000000e+03
1.887000000000000000e+03
1.937000000000000000e+03
1.937000000000000000e+03
1.624000000000000000e+03
1.624000000000000000e+03
1.624000000000000000e+03
1.624000000000000000e+03
6.160000000000000000e+02
2.493000000000000000e+03
7.566000000000000000e+03
1.808000000000000000e+03
1.808000000000000000e+03
6.000000000000000000e+02
6.000000000000000000e+02
1.493000000000000000e+03
6.480000000000000000e+02
6.450000000000000000e+02
6.450000000000000000e+02
5.900000000000000000e+01
5.900000000000000000e+01
5.900000000000000000e+01
5.900000000000000000e+01
5.900000000000000000e+01
5.900000000000000000e+01
5.900000000000000000e+01
5.900000000000000000e+01
5.900000000000000000e+01
5.900000000000000000e+01
5.900000000000000000e+01
5.900000000000000000e+01
9.458000000000000000e+03
9.458000000000000000e+03
9.458000000000000000e+03
9.458000000000000000e+03
9.458000000000000000e+03
9.458000000000000000e+03
9.458000000000000000e+03
9.458000000000000000e+03
9.458000000000000000e+03
9.458000000000000000e+03
7.720000000000000000e+02
8.963000000000000000e+03
1.251000000000000000e+03
1.251000000000000000e+03
3.738000000000000000e+03
8.450000000000000000e+02
8.450000000000000000e+02
8.450000000000000000e+02
1.755000000000000000e+03
1.940000000000000000e+03
9.300000000000000000e+02
6.200000000000000000e+02
6.200000000000000000e+02
1.450000000000000000e+02
1.935000000000000000e+03
6.153000000000000000e+03
1.895000000000000000e+03
1.895000000000000000e+03
1.895000000000000000e+03
1.895000000000000000e+03
1.895000000000000000e+03
2.342000000000000000e+03
2.342000000000000000e+03
2.342000000000000000e+03
2.342000000000000000e+03
1.895000000000000000e+03
1.895000000000000000e+03
1.895000000000000000e+03
1.895000000000000000e+03
1.895000000000000000e+03
1.895000000000000000e+03
1.895000000000000000e+03
1.895000000000000000e+03
1.895000000000000000e+03
1.895000000000000000e+03
1.783000000000000000e+03
8.550000000000000000e+02
1.601000000000000000e+03
1.601000000000000000e+03
1.952000000000000000e+03
1.952000000000000000e+03
5.700000000000000000e+01
5.700000000000000000e+01
1.087000000000000000e+03
6.970000000000000000e+02
3.046000000000000000e+03
3.046000000000000000e+03
3.046000000000000000e+03
3.046000000000000000e+03
3.043000000000000000e+03
3.043000000000000000e+03
3.043000000000000000e+03
3.043000000000000000e+03
4.068000000000000000e+03
3.060000000000000000e+03
3.060000000000000000e+03
3.060000000000000000e+03
3.060000000000000000e+03
6.040000000000000000e+02
3.000000000000000000e+00
3.000000000000000000e+00
8.720000000000000000e+02
9.280000000000000000e+02
7.600000000000000000e+02
7.600000000000000000e+02
7.600000000000000000e+02
7.600000000000000000e+02
7.600000000000000000e+02
7.600000000000000000e+02
7.600000000000000000e+02
1.951000000000000000e+03
1.951000000000000000e+03
1.951000000000000000e+03
4.069000000000000000e+03
1.340000000000000000e+02
1.129000000000000000e+03
1.007000000000000000e+03
1.879000000000000000e+03
1.878000000000000000e+03
3.738000000000000000e+03
8.591000000000000000e+03
8.591000000000000000e+03
1.938000000000000000e+03
9.400000000000000000e+02
9.400000000000000000e+02
9.400000000000000000e+02
9.400000000000000000e+02
9.400000000000000000e+02
9.400000000000000000e+02
9.400000000000000000e+02
9.400000000000000000e+02
9.400000000000000000e+02
9.400000000000000000e+02
9.400000000000000000e+02
9.400000000000000000e+02
9.400000000000000000e+02
9.400000000000000000e+02
4.075000000000000000e+03
7.650000000000000000e+02
1.733000000000000000e+03
1.733000000000000000e+03
9.540000000000000000e+02
1.489000000000000000e+03
1.489000000000000000e+03
1.489000000000000000e+03
3.186000000000000000e+03
3.186000000000000000e+03
3.186000000000000000e+03
3.186000000000000000e+03
3.186000000000000000e+03
3.186000000000000000e+03
7.880000000000000000e+02
7.880000000000000000e+02
3.147000000000000000e+03
9.460000000000000000e+02
1.409000000000000000e+03
3.350000000000000000e+02
3.340000000000000000e+02
1.738000000000000000e+03
1.738000000000000000e+03
1.738000000000000000e+03
1.912000000000000000e+03
2.860000000000000000e+02
2.860000000000000000e+02
2.860000000000000000e+02
2.860000000000000000e+02
1.870000000000000000e+03
8.590000000000000000e+02
2.335000000000000000e+03
2.335000000000000000e+03
2.335000000000000000e+03
2.335000000000000000e+03
3.525000000000000000e+03
3.525000000000000000e+03
3.525000000000000000e+03
3.524000000000000000e+03
3.524000000000000000e+03
7.670000000000000000e+02
2.780000000000000000e+02
2.780000000000000000e+02
3.517000000000000000e+03
1.579000000000000000e+03
1.918000000000000000e+03
1.330000000000000000e+02
1.714000000000000000e+03
4.069000000000000000e+03
2.825000000000000000e+03
6.090000000000000000e+02
1.465000000000000000e+03
1.956000000000000000e+03
1.956000000000000000e+03
1.956000000000000000e+03
1.956000000000000000e+03
1.956000000000000000e+03
1.955000000000000000e+03
1.955000000000000000e+03
1.955000000000000000e+03
1.955000000000000000e+03
1.955000000000000000e+03
1.591000000000000000e+03
7.620000000000000000e+02
2.650000000000000000e+02
2.650000000000000000e+02
2.650000000000000000e+02
1.915000000000000000e+03
6.281000000000000000e+03
6.282000000000000000e+03
9.390000000000000000e+02
9.390000000000000000e+02
9.390000000000000000e+02
1.744000000000000000e+03
3.150000000000000000e+03
1.012000000000000000e+03
3.380000000000000000e+02
1.845000000000000000e+03
1.698000000000000000e+03
1.400000000000000000e+01
1.736000000000000000e+03
8.910000000000000000e+02
1.735000000000000000e+03
3.786000000000000000e+03
1.042000000000000000e+03
2.338000000000000000e+03
2.338000000000000000e+03
2.338000000000000000e+03
2.338000000000000000e+03
7.900000000000000000e+02
7.500000000000000000e+01
7.500000000000000000e+01
1.924000000000000000e+03
2.563000000000000000e+03
2.563000000000000000e+03
1.925000000000000000e+03
1.000000000000000000e+03
1.000000000000000000e+03
1.929000000000000000e+03
1.929000000000000000e+03
1.928000000000000000e+03
2.340000000000000000e+03
2.340000000000000000e+03
2.340000000000000000e+03
2.340000000000000000e+03
6.700000000000000000e+01
1.600000000000000000e+01
1.600000000000000000e+01
1.600000000000000000e+01
3.639000000000000000e+03
1.912000000000000000e+03
6.060000000000000000e+02
7.970000000000000000e+02
7.970000000000000000e+02
7.970000000000000000e+02
7.960000000000000000e+02
7.960000000000000000e+02
3.388000000000000000e+03
3.388000000000000000e+03
3.388000000000000000e+03
3.388000000000000000e+03
3.388000000000000000e+03
1.915000000000000000e+03
3.385000000000000000e+03
3.856000000000000000e+03
1.912000000000000000e+03
2.700000000000000000e+01
2.232000000000000000e+03
9.310000000000000000e+02
1.470000000000000000e+02
1.448000000000000000e+03
9.690000000000000000e+02
9.690000000000000000e+02
1.439000000000000000e+03
4.486000000000000000e+03
2.626000000000000000e+03
7.970000000000000000e+02
7.970000000000000000e+02
7.970000000000000000e+02
1.480000000000000000e+03
5.660000000000000000e+02
1.749000000000000000e+03
2.492000000000000000e+03
7.730000000000000000e+02
7.730000000000000000e+02
9.480000000000000000e+02
4.042000000000000000e+03
4.042000000000000000e+03
1.118100000000000000e+04
1.118100000000000000e+04
1.118100000000000000e+04
1.118000000000000000e+04
1.118000000000000000e+04
1.118000000000000000e+04
9.190000000000000000e+02
2.528000000000000000e+03
1.874000000000000000e+03
1.874000000000000000e+03
2.341000000000000000e+03
2.341000000000000000e+03
2.341000000000000000e+03
2.341000000000000000e+03
9.430000000000000000e+02
9.430000000000000000e+02
1.760000000000000000e+02
1.750000000000000000e+02
1.750000000000000000e+02
1.250600000000000000e+04
1.250600000000000000e+04
6.400000000000000000e+02
1.883000000000000000e+03
3.465000000000000000e+03
3.146000000000000000e+03
1.448000000000000000e+03
7.890000000000000000e+02
7.890000000000000000e+02
3.940000000000000000e+02
3.940000000000000000e+02
3.940000000000000000e+02
1.972000000000000000e+03
2.435000000000000000e+03
2.435000000000000000e+03
2.433000000000000000e+03
2.433000000000000000e+03
2.434000000000000000e+03
2.434000000000000000e+03
4.487000000000000000e+03
4.487000000000000000e+03
4.487000000000000000e+03
3.517000000000000000e+03
1.962000000000000000e+03
1.962000000000000000e+03
6.208000000000000000e+03
1.867000000000000000e+03
1.586000000000000000e+03
6.966000000000000000e+03
6.966000000000000000e+03
1.689000000000000000e+03
1.803000000000000000e+03
9.270000000000000000e+02
1.340000000000000000e+02
1.810000000000000000e+03
1.810000000000000000e+03
1.810000000000000000e+03
2.230000000000000000e+03
4.567000000000000000e+03
1.520000000000000000e+03
1.520000000000000000e+03
9.620000000000000000e+02
9.620000000000000000e+02
9.620000000000000000e+02
9.620000000000000000e+02
1.921000000000000000e+03
1.619000000000000000e+03
3.840000000000000000e+02
3.840000000000000000e+02
3.840000000000000000e+02
7.910000000000000000e+02
1.783000000000000000e+03
6.949000000000000000e+03
6.949000000000000000e+03
7.560000000000000000e+02
7.560000000000000000e+02
7.560000000000000000e+02
7.560000000000000000e+02
1.839000000000000000e+03
1.839000000000000000e+03
3.388000000000000000e+03
3.388000000000000000e+03
3.388000000000000000e+03
3.388000000000000000e+03
3.388000000000000000e+03
3.389000000000000000e+03
3.389000000000000000e+03
3.389000000000000000e+03
3.389000000000000000e+03
3.389000000000000000e+03
1.740000000000000000e+02
1.740000000000000000e+02
2.343000000000000000e+03
2.343000000000000000e+03
2.343000000000000000e+03
2.343000000000000000e+03
1.939000000000000000e+03
3.405000000000000000e+03
1.147300000000000000e+04
1.733000000000000000e+03
1.733000000000000000e+03
6.168000000000000000e+03
6.168000000000000000e+03
6.168000000000000000e+03
9.903000000000000000e+03
8.060000000000000000e+02
9.810000000000000000e+02
9.900000000000000000e+01
1.881000000000000000e+03
1.737000000000000000e+03
1.737000000000000000e+03
6.920000000000000000e+03
1.495000000000000000e+03
1.495000000000000000e+03
1.495000000000000000e+03
1.495000000000000000e+03
3.787000000000000000e+03
3.787000000000000000e+03
3.787000000000000000e+03
3.787000000000000000e+03
3.787000000000000000e+03
3.787000000000000000e+03
3.787000000000000000e+03
3.787000000000000000e+03
3.787000000000000000e+03
3.787000000000000000e+03
3.787000000000000000e+03
3.787000000000000000e+03
3.787000000000000000e+03
3.179000000000000000e+03
3.179000000000000000e+03
3.182000000000000000e+03
3.182000000000000000e+03
3.183000000000000000e+03
3.183000000000000000e+03
3.183000000000000000e+03
3.183000000000000000e+03
3.183000000000000000e+03
1.611000000000000000e+03
2.233000000000000000e+03
2.233000000000000000e+03
2.227000000000000000e+03
2.227000000000000000e+03
7.053000000000000000e+03
7.053000000000000000e+03
2.224000000000000000e+03
2.224000000000000000e+03
1.378900000000000000e+04
1.378900000000000000e+04
1.378900000000000000e+04
5.934000000000000000e+03
5.934000000000000000e+03
1.571000000000000000e+03
6.281000000000000000e+03
1.491000000000000000e+03
1.491000000000000000e+03
1.791000000000000000e+03
1.303800000000000000e+04
1.303800000000000000e+04
1.885000000000000000e+03
3.388000000000000000e+03
3.388000000000000000e+03
3.388000000000000000e+03
3.388000000000000000e+03
3.388000000000000000e+03
2.970000000000000000e+02
2.970000000000000000e+02
3.950000000000000000e+02
3.950000000000000000e+02
3.950000000000000000e+02
2.224000000000000000e+03
2.224000000000000000e+03
4.720000000000000000e+03
8.210000000000000000e+02
8.210000000000000000e+02
1.126100000000000000e+04
1.126100000000000000e+04
1.126100000000000000e+04
8.097000000000000000e+03
1.940000000000000000e+02
1.940000000000000000e+02
1.940000000000000000e+02
9.580000000000000000e+02
9.580000000000000000e+02
6.160000000000000000e+02
1.079000000000000000e+03
1.175400000000000000e+04
1.175400000000000000e+04
1.175400000000000000e+04
3.290000000000000000e+02
9.510000000000000000e+02
1.394000000000000000e+04
1.394000000000000000e+04
6.520000000000000000e+02
6.520000000000000000e+02
1.770000000000000000e+02
6.150000000000000000e+02
6.150000000000000000e+02
6.150000000000000000e+02
6.150000000000000000e+02
1.784000000000000000e+03
1.784000000000000000e+03
1.897000000000000000e+03
1.934000000000000000e+03
1.395300000000000000e+04
1.395300000000000000e+04
1.395300000000000000e+04
1.395300000000000000e+04
1.395300000000000000e+04
1.395300000000000000e+04
1.395300000000000000e+04
1.395300000000000000e+04
1.395300000000000000e+04
1.395300000000000000e+04
1.395300000000000000e+04
1.395300000000000000e+04
1.622000000000000000e+03
1.622000000000000000e+03
1.622000000000000000e+03
1.622000000000000000e+03
1.622000000000000000e+03
1.916000000000000000e+03
2.150000000000000000e+02
2.150000000000000000e+02
3.394000000000000000e+03
3.394000000000000000e+03
4.517000000000000000e+03
1.040000000000000000e+02
3.404000000000000000e+03
1.412800000000000000e+04
1.412800000000000000e+04
1.412700000000000000e+04
1.412700000000000000e+04
1.412700000000000000e+04
1.412600000000000000e+04
1.412600000000000000e+04
3.527000000000000000e+03
3.527000000000000000e+03
5.299000000000000000e+03
1.444100000000000000e+04
2.304000000000000000e+03
2.304000000000000000e+03
4.518000000000000000e+03
4.518000000000000000e+03
1.449000000000000000e+03
2.337000000000000000e+03
2.337000000000000000e+03
2.337000000000000000e+03
2.337000000000000000e+03
1.296000000000000000e+04
1.524000000000000000e+03
1.502300000000000000e+04
1.502300000000000000e+04
1.465200000000000000e+04
1.465200000000000000e+04
9.022000000000000000e+03
9.022000000000000000e+03
1.381800000000000000e+04
9.740000000000000000e+02
9.740000000000000000e+02
9.740000000000000000e+02
9.740000000000000000e+02
1.413800000000000000e+04
1.413800000000000000e+04
2.428000000000000000e+03
2.428000000000000000e+03
2.428000000000000000e+03
2.428000000000000000e+03
2.428000000000000000e+03
2.428000000000000000e+03
1.549700000000000000e+04
1.563500000000000000e+04
1.563500000000000000e+04
1.601100000000000000e+04
1.601100000000000000e+04
2.594000000000000000e+03
1.587600000000000000e+04
2.851000000000000000e+03
3.390000000000000000e+03
3.390000000000000000e+03
3.390000000000000000e+03
3.390000000000000000e+03
3.390000000000000000e+03
1.980000000000000000e+02
1.980000000000000000e+02
3.360000000000000000e+02
1.199100000000000000e+04
3.360000000000000000e+02
1.703000000000000000e+03
1.703000000000000000e+03
1.703000000000000000e+03
1.703000000000000000e+03
1.703000000000000000e+03
1.703000000000000000e+03
1.703000000000000000e+03
1.703000000000000000e+03
1.703000000000000000e+03
1.703000000000000000e+03
1.703000000000000000e+03
1.704000000000000000e+03
1.704000000000000000e+03
1.704000000000000000e+03
1.704000000000000000e+03
1.704000000000000000e+03
5.601000000000000000e+03
1.768600000000000000e+04
5.299000000000000000e+03
1.240000000000000000e+02
3.146000000000000000e+03
1.178500000000000000e+04
1.178200000000000000e+04
1.828500000000000000e+04
1.178400000000000000e+04
3.742000000000000000e+03
1.870700000000000000e+04
1.622000000000000000e+03
1.622000000000000000e+03
1.622000000000000000e+03
1.622000000000000000e+03
1.622000000000000000e+03
1.614900000000000000e+04
1.665000000000000000e+03
3.429000000000000000e+03
3.429000000000000000e+03
3.526000000000000000e+03
3.526000000000000000e+03
1.614900000000000000e+04
1.922100000000000000e+04
1.922100000000000000e+04
1.922100000000000000e+04
1.940500000000000000e+04
1.930200000000000000e+04
6.881000000000000000e+03
6.881000000000000000e+03
1.971000000000000000e+04
1.971000000000000000e+04
2.163600000000000000e+04
2.163600000000000000e+04
2.163600000000000000e+04
2.163600000000000000e+04
2.163600000000000000e+04
2.163600000000000000e+04
2.163600000000000000e+04
2.163600000000000000e+04
2.107100000000000000e+04
2.107100000000000000e+04
2.107100000000000000e+04
2.107100000000000000e+04
2.107100000000000000e+04
2.102900000000000000e+04
2.147800000000000000e+04
1.002600000000000000e+04
1.905000000000000000e+03
1.905000000000000000e+03
2.222400000000000000e+04
2.222400000000000000e+04
2.257000000000000000e+03
2.226000000000000000e+03
2.226000000000000000e+03
1.412700000000000000e+04
1.412700000000000000e+04
1.412700000000000000e+04
