2.428000000000000000e+03
2.428000000000000000e+03
2.428000000000000000e+03
2.428000000000000000e+03
2.428000000000000000e+03
2.428000000000000000e+03
1.782800000000000000e+04
1.784000000000000000e+03
1.784000000000000000e+03
1.250300000000000000e+04
6.168000000000000000e+03
6.168000000000000000e+03
6.168000000000000000e+03
1.835000000000000000e+03
1.835000000000000000e+03
1.835000000000000000e+03
1.186000000000000000e+03
1.175400000000000000e+04
1.175400000000000000e+04
1.175400000000000000e+04
1.897000000000000000e+03
8.860000000000000000e+02
8.860000000000000000e+02
6.060000000000000000e+02
1.915000000000000000e+03
1.915000000000000000e+03
6.580000000000000000e+02
6.580000000000000000e+02
6.580000000000000000e+02
3.820000000000000000e+02
3.820000000000000000e+02
3.820000000000000000e+02
3.820000000000000000e+02
3.820000000000000000e+02
3.820000000000000000e+02
1.255000000000000000e+03
1.255000000000000000e+03
8.650000000000000000e+02
2.342000000000000000e+03
2.342000000000000000e+03
2.342000000000000000e+03
2.342000000000000000e+03
1.626000000000000000e+03
2.342000000000000000e+03
2.342000000000000000e+03
2.342000000000000000e+03
2.342000000000000000e+03
8.570000000000000000e+02
8.570000000000000000e+02
8.570000000000000000e+02
9.190000000000000000e+02
2.777000000000000000e+03
2.777000000000000000e+03
2.777000000000000000e+03
2.777000000000000000e+03
2.777000000000000000e+03
2.777000000000000000e+03
2.803000000000000000e+03
2.804000000000000000e+03
2.528000000000000000e+03
1.874000000000000000e+03
1.874000000000000000e+03
3.750000000000000000e+03
1.809000000000000000e+03
6.550000000000000000e+02
6.550000000000000000e+02
1.588000000000000000e+03
1.681000000000000000e+03
1.681000000000000000e+03
1.681000000000000000e+03
1.662000000000000000e+03
1.236000000000000000e+03
1.236000000000000000e+03
6.044000000000000000e+03
6.044000000000000000e+03
1.175300000000000000e+04
1.175300000000000000e+04
9.620000000000000000e+02
9.620000000000000000e+02
9.620000000000000000e+02
9.620000000000000000e+02
9.950000000000000000e+02
3.743000000000000000e+03
7.910000000000000000e+02
1.928000000000000000e+03
1.929000000000000000e+03
1.929000000000000000e+03
3.385000000000000000e+03
1.808000000000000000e+03
1.808000000000000000e+03
3.527000000000000000e+03
3.527000000000000000e+03
8.470000000000000000e+02
8.470000000000000000e+02
8.470000000000000000e+02
1.689000000000000000e+03
9.480000000000000000e+02
4.042000000000000000e+03
4.042000000000000000e+03
1.000000000000000000e+03
1.000000000000000000e+03
1.925000000000000000e+03
2.563000000000000000e+03
2.563000000000000000e+03
1.924000000000000000e+03
2.337000000000000000e+03
2.337000000000000000e+03
2.337000000000000000e+03
2.337000000000000000e+03
1.880000000000000000e+03
1.129000000000000000e+03
1.004000000000000000e+03
1.630000000000000000e+02
1.630000000000000000e+02
1.630000000000000000e+02
1.630000000000000000e+02
1.237300000000000000e+04
1.237300000000000000e+04
1.237300000000000000e+04
1.752000000000000000e+03
1.752000000000000000e+03
1.868000000000000000e+03
9.950000000000000000e+02
8.256000000000000000e+03
7.590000000000000000e+02
7.590000000000000000e+02
7.590000000000000000e+02
1.892000000000000000e+03
6.390000000000000000e+02
6.000000000000000000e+01
2.343000000000000000e+03
2.343000000000000000e+03
2.343000000000000000e+03
2.343000000000000000e+03
1.883000000000000000e+03
1.770000000000000000e+03
9.910000000000000000e+02
1.834000000000000000e+03
9.510000000000000000e+02
9.400000000000000000e+02
9.400000000000000000e+02
9.400000000000000000e+02
9.400000000000000000e+02
9.400000000000000000e+02
9.400000000000000000e+02
9.400000000000000000e+02
9.400000000000000000e+02
9.400000000000000000e+02
9.400000000000000000e+02
9.400000000000000000e+02
9.400000000000000000e+02
9.400000000000000000e+02
9.400000000000000000e+02
5.879000000000000000e+03
5.540000000000000000e+02
9.903000000000000000e+03
9.810000000000000000e+02
9.900000000000000000e+01
1.881000000000000000e+03
1.647000000000000000e+03
3.801000000000000000e+03
3.801000000000000000e+03
3.644000000000000000e+03
3.644000000000000000e+03
3.100000000000000000e+01
3.100000000000000000e+01
3.100000000000000000e+01
1.600000000000000000e+01
1.600000000000000000e+01
1.600000000000000000e+01
2.509000000000000000e+03
2.509000000000000000e+03
7.308000000000000000e+03
1.738000000000000000e+03
1.738000000000000000e+03
1.738000000000000000e+03
1.679000000000000000e+03
8.800000000000000000e+01
8.800000000000000000e+01
2.342000000000000000e+03
2.342000000000000000e+03
2.342000000000000000e+03
2.342000000000000000e+03
8.800000000000000000e+01
8.800000000000000000e+01
1.409000000000000000e+03
2.400000000000000000e+02
2.390000000000000000e+02
2.410000000000000000e+02
1.775000000000000000e+03
8.200000000000000000e+02
8.670000000000000000e+02
8.670000000000000000e+02
8.670000000000000000e+02
3.431000000000000000e+03
8.860000000000000000e+02
8.860000000000000000e+02
3.040000000000000000e+03
3.040000000000000000e+03
3.040000000000000000e+03
3.040000000000000000e+03
8.298000000000000000e+03
8.298000000000000000e+03
9.390000000000000000e+02
9.390000000000000000e+02
9.390000000000000000e+02
1.092000000000000000e+03
1.092000000000000000e+03
1.092000000000000000e+03
1.873000000000000000e+03
1.870000000000000000e+03
3.046000000000000000e+03
3.046000000000000000e+03
3.046000000000000000e+03
3.046000000000000000e+03
3.043000000000000000e+03
3.043000000000000000e+03
3.043000000000000000e+03
3.043000000000000000e+03
8.760000000000000000e+02
8.760000000000000000e+02
8.760000000000000000e+02
8.760000000000000000e+02
8.760000000000000000e+02
8.760000000000000000e+02
8.760000000000000000e+02
8.760000000000000000e+02
8.760000000000000000e+02
8.760000000000000000e+02
8.760000000000000000e+02
8.760000000000000000e+02
8.760000000000000000e+02
8.760000000000000000e+02
8.760000000000000000e+02
8.760000000000000000e+02
8.760000000000000000e+02
8.760000000000000000e+02
8.760000000000000000e+02
1.488000000000000000e+03
1.488000000000000000e+03
7.500000000000000000e+01
7.500000000000000000e+01
5.280000000000000000e+02
1.091000000000000000e+03
7.307000000000000000e+03
7.306000000000000000e+03
6.966000000000000000e+03
6.966000000000000000e+03
3.783000000000000000e+03
3.783000000000000000e+03
3.783000000000000000e+03
3.783000000000000000e+03
3.783000000000000000e+03
3.783000000000000000e+03
3.783000000000000000e+03
3.783000000000000000e+03
3.783000000000000000e+03
3.783000000000000000e+03
3.783000000000000000e+03
3.783000000000000000e+03
3.426000000000000000e+03
3.426000000000000000e+03
3.426000000000000000e+03
2.870000000000000000e+02
2.870000000000000000e+02
2.870000000000000000e+02
2.870000000000000000e+02
2.870000000000000000e+02
2.870000000000000000e+02
2.870000000000000000e+02
5.600000000000000000e+02
1.972000000000000000e+03
6.131000000000000000e+03
2.435000000000000000e+03
2.435000000000000000e+03
2.433000000000000000e+03
2.433000000000000000e+03
2.434000000000000000e+03
2.434000000000000000e+03
2.700000000000000000e+01
1.744000000000000000e+03
6.560000000000000000e+02
6.560000000000000000e+02
4.069000000000000000e+03
1.812000000000000000e+03
1.812000000000000000e+03
8.740000000000000000e+02
1.625000000000000000e+03
1.625000000000000000e+03
1.686000000000000000e+03
4.000000000000000000e+01
1.619000000000000000e+03
1.489000000000000000e+03
1.489000000000000000e+03
1.489000000000000000e+03
1.491000000000000000e+03
1.491000000000000000e+03
6.000000000000000000e+02
6.000000000000000000e+02
1.433000000000000000e+03
7.880000000000000000e+02
7.880000000000000000e+02
8.780000000000000000e+02
2.400000000000000000e+01
2.400000000000000000e+01
1.810000000000000000e+03
1.810000000000000000e+03
1.810000000000000000e+03
8.500000000000000000e+02
8.500000000000000000e+02
8.500000000000000000e+02
8.500000000000000000e+02
8.500000000000000000e+02
8.500000000000000000e+02
1.902000000000000000e+03
1.902000000000000000e+03
1.903000000000000000e+03
1.903000000000000000e+03
1.951000000000000000e+03
1.951000000000000000e+03
1.951000000000000000e+03
1.378800000000000000e+04
1.378800000000000000e+04
9.250000000000000000e+02
9.250000000000000000e+02
1.867000000000000000e+03
7.050000000000000000e+02
1.256000000000000000e+03
1.256000000000000000e+03
1.808000000000000000e+03
1.808000000000000000e+03
6.400000000000000000e+02
1.394000000000000000e+04
1.394000000000000000e+04
1.885000000000000000e+03
1.858000000000000000e+03
1.624000000000000000e+03
1.624000000000000000e+03
1.624000000000000000e+03
1.624000000000000000e+03
1.596000000000000000e+03
1.596000000000000000e+03
1.923000000000000000e+03
2.620000000000000000e+02
9.690000000000000000e+02
9.690000000000000000e+02
4.250000000000000000e+02
4.260000000000000000e+02
9.540000000000000000e+02
1.736000000000000000e+03
9.420000000000000000e+02
9.420000000000000000e+02
3.060000000000000000e+03
3.060000000000000000e+03
3.060000000000000000e+03
3.060000000000000000e+03
1.303800000000000000e+04
1.303800000000000000e+04
7.890000000000000000e+02
7.890000000000000000e+02
6.040000000000000000e+02
1.783000000000000000e+03
1.126000000000000000e+03
1.126000000000000000e+03
1.710000000000000000e+03
6.700000000000000000e+01
1.790000000000000000e+03
9.730000000000000000e+02
7.173000000000000000e+03
8.580000000000000000e+02
1.866000000000000000e+03
1.890000000000000000e+03
1.889000000000000000e+03
1.714000000000000000e+03
8.060000000000000000e+02
3.250000000000000000e+02
3.240000000000000000e+02
3.840000000000000000e+02
3.840000000000000000e+02
3.840000000000000000e+02
5.250000000000000000e+02
5.250000000000000000e+02
5.250000000000000000e+02
5.250000000000000000e+02
5.260000000000000000e+02
5.260000000000000000e+02
5.260000000000000000e+02
5.260000000000000000e+02
3.785000000000000000e+03
1.494000000000000000e+03
1.494000000000000000e+03
1.237300000000000000e+04
1.237300000000000000e+04
1.237300000000000000e+04
2.340000000000000000e+03
2.340000000000000000e+03
2.340000000000000000e+03
2.340000000000000000e+03
1.869000000000000000e+03
3.784000000000000000e+03
3.784000000000000000e+03
3.784000000000000000e+03
3.784000000000000000e+03
3.784000000000000000e+03
3.784000000000000000e+03
3.784000000000000000e+03
3.784000000000000000e+03
3.784000000000000000e+03
3.784000000000000000e+03
3.784000000000000000e+03
3.784000000000000000e+03
4.567000000000000000e+03
6.090000000000000000e+02
9.460000000000000000e+02
1.921000000000000000e+03
7.900000000000000000e+02
1.366800000000000000e+04
1.366800000000000000e+04
1.006000000000000000e+03
4.075000000000000000e+03
1.495000000000000000e+03
1.495000000000000000e+03
1.495000000000000000e+03
1.495000000000000000e+03
7.960000000000000000e+02
7.960000000000000000e+02
1.256000000000000000e+03
1.256000000000000000e+03
9.450000000000000000e+02
9.450000000000000000e+02
9.450000000000000000e+02
6.150000000000000000e+02
6.150000000000000000e+02
6.150000000000000000e+02
6.150000000000000000e+02
1.803000000000000000e+03
9.270000000000000000e+02
1.340000000000000000e+02
2.341000000000000000e+03
2.341000000000000000e+03
2.341000000000000000e+03
2.341000000000000000e+03
9.430000000000000000e+02
9.430000000000000000e+02
4.069000000000000000e+03
8.520000000000000000e+02
8.520000000000000000e+02
2.338000000000000000e+03
2.338000000000000000e+03
2.338000000000000000e+03
2.338000000000000000e+03
8.470000000000000000e+02
8.470000000000000000e+02
8.470000000000000000e+02
1.210000000000000000e+02
1.210000000000000000e+02
1.210000000000000000e+02
1.210000000000000000e+02
1.210000000000000000e+02
1.210000000000000000e+02
1.210000000000000000e+02
1.210000000000000000e+02
1.210000000000000000e+02
1.210000000000000000e+02
1.210000000000000000e+02
1.210000000000000000e+02
1.210000000000000000e+02
3.335000000000000000e+03
3.335000000000000000e+03
1.000000000000000000e+01
1.000000000000000000e+01
6.160000000000000000e+02
3.338000000000000000e+03
3.337000000000000000e+03
3.336000000000000000e+03
1.400000000000000000e+02
1.400000000000000000e+02
1.400000000000000000e+02
1.400000000000000000e+02
8.450000000000000000e+02
8.450000000000000000e+02
8.450000000000000000e+02
8.590000000000000000e+02
2.335000000000000000e+03
2.335000000000000000e+03
2.335000000000000000e+03
2.335000000000000000e+03
8.730000000000000000e+02
8.730000000000000000e+02
8.730000000000000000e+02
8.730000000000000000e+02
8.730000000000000000e+02
1.357100000000000000e+04
6.153000000000000000e+03
1.400000000000000000e+01
9.750000000000000000e+02
1.171700000000000000e+04
1.171700000000000000e+04
5.710000000000000000e+03
5.710000000000000000e+03
7.610000000000000000e+02
1.875000000000000000e+03
1.875000000000000000e+03
7.730000000000000000e+02
7.730000000000000000e+02
7.620000000000000000e+02
1.591000000000000000e+03
1.955000000000000000e+03
1.955000000000000000e+03
1.955000000000000000e+03
1.955000000000000000e+03
1.955000000000000000e+03
1.465000000000000000e+03
1.876000000000000000e+03
1.872000000000000000e+03
1.916000000000000000e+03
1.382900000000000000e+04
1.382900000000000000e+04
1.378700000000000000e+04
1.378700000000000000e+04
1.378700000000000000e+04
1.918000000000000000e+03
1.579000000000000000e+03
4.567000000000000000e+03
8.640000000000000000e+02
8.760000000000000000e+02
8.760000000000000000e+02
8.760000000000000000e+02
8.760000000000000000e+02
8.760000000000000000e+02
8.760000000000000000e+02
8.760000000000000000e+02
8.760000000000000000e+02
8.760000000000000000e+02
8.760000000000000000e+02
8.760000000000000000e+02
8.760000000000000000e+02
8.760000000000000000e+02
8.760000000000000000e+02
8.760000000000000000e+02
8.760000000000000000e+02
8.760000000000000000e+02
8.760000000000000000e+02
8.760000000000000000e+02
1.130000000000000000e+02
1.120000000000000000e+02
1.110000000000000000e+02
1.885000000000000000e+03
1.776000000000000000e+03
7.630000000000000000e+02
5.881000000000000000e+03
1.772000000000000000e+03
1.772000000000000000e+03
8.681000000000000000e+03
6.215000000000000000e+03
2.548000000000000000e+03
2.548000000000000000e+03
2.548000000000000000e+03
1.911000000000000000e+03
1.661000000000000000e+03
2.549000000000000000e+03
2.551000000000000000e+03
2.552000000000000000e+03
3.183000000000000000e+03
3.183000000000000000e+03
3.183000000000000000e+03
3.183000000000000000e+03
3.183000000000000000e+03
3.300000000000000000e+02
3.310000000000000000e+02
3.320000000000000000e+02
3.330000000000000000e+02
3.340000000000000000e+02
3.350000000000000000e+02
3.360000000000000000e+02
3.370000000000000000e+02
3.380000000000000000e+02
3.390000000000000000e+02
3.400000000000000000e+02
3.410000000000000000e+02
3.420000000000000000e+02
3.430000000000000000e+02
8.050000000000000000e+02
6.949000000000000000e+03
6.949000000000000000e+03
8.000000000000000000e+02
8.450000000000000000e+02
8.450000000000000000e+02
8.450000000000000000e+02
1.788000000000000000e+03
2.564000000000000000e+03
1.443000000000000000e+03
8.490000000000000000e+02
1.940000000000000000e+03
1.755000000000000000e+03
1.756000000000000000e+03
1.756000000000000000e+03
1.939000000000000000e+03
8.800000000000000000e+01
8.800000000000000000e+01
1.640000000000000000e+02
1.640000000000000000e+02
1.640000000000000000e+02
1.640000000000000000e+02
1.640000000000000000e+02
1.126000000000000000e+03
1.126000000000000000e+03
1.887000000000000000e+03
8.720000000000000000e+02
2.493000000000000000e+03
7.000000000000000000e+02
5.343000000000000000e+03
5.343000000000000000e+03
5.343000000000000000e+03
5.343000000000000000e+03
6.880000000000000000e+02
7.053000000000000000e+03
7.053000000000000000e+03
3.637000000000000000e+03
3.750000000000000000e+03
3.639000000000000000e+03
5.364000000000000000e+03
5.640000000000000000e+02
1.081000000000000000e+03
1.081000000000000000e+03
1.081000000000000000e+03
1.081000000000000000e+03
1.081000000000000000e+03
1.081000000000000000e+03
1.081000000000000000e+03
1.081000000000000000e+03
1.081000000000000000e+03
1.081000000000000000e+03
1.081000000000000000e+03
1.081000000000000000e+03
1.081000000000000000e+03
9.410000000000000000e+02
9.410000000000000000e+02
1.524000000000000000e+03
1.190000000000000000e+03
1.190000000000000000e+03
1.190000000000000000e+03
1.190000000000000000e+03
1.190000000000000000e+03
8.950000000000000000e+02
8.950000000000000000e+02
1.187000000000000000e+03
1.187000000000000000e+03
1.187000000000000000e+03
1.187000000000000000e+03
1.187000000000000000e+03
2.803000000000000000e+03
8.630000000000000000e+02
8.630000000000000000e+02
1.897000000000000000e+03
1.768000000000000000e+03
1.768000000000000000e+03
7.580000000000000000e+02
7.580000000000000000e+02
7.580000000000000000e+02
7.580000000000000000e+02
9.650000000000000000e+02
1.305900000000000000e+04
1.840000000000000000e+03
1.587600000000000000e+04
1.614800000000000000e+04
1.614800000000000000e+04
1.614700000000000000e+04
2.851000000000000000e+03
1.768600000000000000e+04
6.221000000000000000e+03
5.363000000000000000e+03
1.214000000000000000e+03
1.214000000000000000e+03
3.526000000000000000e+03
3.526000000000000000e+03
1.214000000000000000e+03
1.214000000000000000e+03
2.102900000000000000e+04
8.210000000000000000e+02
8.210000000000000000e+02
2.163600000000000000e+04
2.163600000000000000e+04
2.163600000000000000e+04
2.163600000000000000e+04
3.077000000000000000e+03
7.566000000000000000e+03
