5.349000000000000000e+03
5.349000000000000000e+03
5.349000000000000000e+03
5.349000000000000000e+03
5.349000000000000000e+03
5.349000000000000000e+03
5.349000000000000000e+03
5.349000000000000000e+03
5.349000000000000000e+03
5.349000000000000000e+03
5.586000000000000000e+03
1.659000000000000000e+03
1.179000000000000000e+03
1.179000000000000000e+03
1.179000000000000000e+03
1.897000000000000000e+03
3.743000000000000000e+03
1.745000000000000000e+03
4.127000000000000000e+03
3.600000000000000000e+01
3.600000000000000000e+01
3.600000000000000000e+01
9.400000000000000000e+02
9.400000000000000000e+02
9.400000000000000000e+02
9.400000000000000000e+02
9.400000000000000000e+02
9.400000000000000000e+02
9.400000000000000000e+02
9.400000000000000000e+02
9.400000000000000000e+02
9.400000000000000000e+02
9.400000000000000000e+02
9.400000000000000000e+02
9.400000000000000000e+02
9.400000000000000000e+02
7.404000000000000000e+03
1.395300000000000000e+04
1.395300000000000000e+04
1.395300000000000000e+04
1.395300000000000000e+04
1.395300000000000000e+04
1.395300000000000000e+04
1.395300000000000000e+04
1.395300000000000000e+04
1.395300000000000000e+04
1.395300000000000000e+04
1.395300000000000000e+04
1.395300000000000000e+04
3.524000000000000000e+03
3.524000000000000000e+03
1.873000000000000000e+03
3.000000000000000000e+00
3.000000000000000000e+00
2.410000000000000000e+02
2.400000000000000000e+02
1.110000000000000000e+02
8.640000000000000000e+02
1.736000000000000000e+03
1.040000000000000000e+03
1.040000000000000000e+03
1.039000000000000000e+03
1.039000000000000000e+03
2.940000000000000000e+02
2.940000000000000000e+02
2.940000000000000000e+02
2.940000000000000000e+02
2.940000000000000000e+02
2.940000000000000000e+02
2.446000000000000000e+03
2.446000000000000000e+03
2.472000000000000000e+03
1.791000000000000000e+03
3.040000000000000000e+03
3.040000000000000000e+03
3.040000000000000000e+03
3.040000000000000000e+03
3.300000000000000000e+02
3.370000000000000000e+02
3.390000000000000000e+02
3.410000000000000000e+02
3.420000000000000000e+02
3.430000000000000000e+02
8.470000000000000000e+02
8.470000000000000000e+02
8.470000000000000000e+02
1.928000000000000000e+03
9.620000000000000000e+02
9.620000000000000000e+02
9.620000000000000000e+02
9.620000000000000000e+02
1.881000000000000000e+03
1.869000000000000000e+03
1.470000000000000000e+03
1.330000000000000000e+02
9.280000000000000000e+02
4.068000000000000000e+03
1.619000000000000000e+03
1.803000000000000000e+03
3.820000000000000000e+02
3.820000000000000000e+02
3.820000000000000000e+02
3.820000000000000000e+02
3.820000000000000000e+02
3.820000000000000000e+02
8.510000000000000000e+02
8.200000000000000000e+02
1.866000000000000000e+03
1.916000000000000000e+03
5.873000000000000000e+03
5.873000000000000000e+03
1.784000000000000000e+03
1.784000000000000000e+03
8.690000000000000000e+02
6.981000000000000000e+03
1.129000000000000000e+03
1.251000000000000000e+03
1.251000000000000000e+03
8.560000000000000000e+02
8.963000000000000000e+03
1.912000000000000000e+03
2.434000000000000000e+03
2.434000000000000000e+03
3.183000000000000000e+03
3.183000000000000000e+03
3.183000000000000000e+03
3.183000000000000000e+03
3.183000000000000000e+03
1.468000000000000000e+03
8.540000000000000000e+02
1.060000000000000000e+03
5.349000000000000000e+03
5.349000000000000000e+03
5.349000000000000000e+03
5.349000000000000000e+03
5.349000000000000000e+03
5.349000000000000000e+03
5.349000000000000000e+03
5.349000000000000000e+03
5.349000000000000000e+03
5.349000000000000000e+03
1.889000000000000000e+03
1.890000000000000000e+03
3.787000000000000000e+03
3.787000000000000000e+03
3.787000000000000000e+03
3.787000000000000000e+03
3.787000000000000000e+03
3.787000000000000000e+03
3.787000000000000000e+03
3.787000000000000000e+03
3.787000000000000000e+03
3.787000000000000000e+03
3.787000000000000000e+03
3.787000000000000000e+03
3.787000000000000000e+03
1.649000000000000000e+03
1.703000000000000000e+03
1.703000000000000000e+03
1.703000000000000000e+03
1.703000000000000000e+03
1.703000000000000000e+03
1.703000000000000000e+03
1.703000000000000000e+03
1.703000000000000000e+03
1.703000000000000000e+03
1.703000000000000000e+03
1.703000000000000000e+03
5.827000000000000000e+03
3.300000000000000000e+02
3.310000000000000000e+02
3.320000000000000000e+02
3.330000000000000000e+02
3.340000000000000000e+02
3.350000000000000000e+02
3.360000000000000000e+02
3.370000000000000000e+02
3.380000000000000000e+02
3.390000000000000000e+02
3.400000000000000000e+02
3.410000000000000000e+02
3.420000000000000000e+02
3.430000000000000000e+02
1.881000000000000000e+03
8.800000000000000000e+01
8.800000000000000000e+01
1.784000000000000000e+03
1.784000000000000000e+03
1.600000000000000000e+01
1.600000000000000000e+01
1.600000000000000000e+01
1.187000000000000000e+03
1.187000000000000000e+03
1.187000000000000000e+03
1.187000000000000000e+03
1.187000000000000000e+03
2.650000000000000000e+02
2.650000000000000000e+02
2.650000000000000000e+02
2.880000000000000000e+02
2.880000000000000000e+02
2.880000000000000000e+02
2.860000000000000000e+02
2.860000000000000000e+02
2.860000000000000000e+02
2.860000000000000000e+02
1.415500000000000000e+04
1.415500000000000000e+04
1.415500000000000000e+04
1.415500000000000000e+04
8.200000000000000000e+02
1.752000000000000000e+03
1.752000000000000000e+03
1.834000000000000000e+03
3.738000000000000000e+03
4.068000000000000000e+03
1.101000000000000000e+03
3.030000000000000000e+02
9.510000000000000000e+02
3.750000000000000000e+03
7.566000000000000000e+03
9.970000000000000000e+02
5.280000000000000000e+02
1.937000000000000000e+03
1.937000000000000000e+03
1.689000000000000000e+03
3.639000000000000000e+03
1.951000000000000000e+03
1.951000000000000000e+03
1.951000000000000000e+03
3.816000000000000000e+03
3.816000000000000000e+03
1.328200000000000000e+04
1.237300000000000000e+04
1.237300000000000000e+04
1.237300000000000000e+04
1.610000000000000000e+03
3.738000000000000000e+03
2.523000000000000000e+03
4.487000000000000000e+03
4.487000000000000000e+03
4.487000000000000000e+03
5.660000000000000000e+02
1.138900000000000000e+04
8.490000000000000000e+02
6.443000000000000000e+03
6.443000000000000000e+03
6.443000000000000000e+03
6.443000000000000000e+03
6.443000000000000000e+03
1.057000000000000000e+03
1.804000000000000000e+03
2.563000000000000000e+03
2.563000000000000000e+03
1.924000000000000000e+03
7.500000000000000000e+01
7.500000000000000000e+01
1.921000000000000000e+03
5.250000000000000000e+02
5.250000000000000000e+02
5.250000000000000000e+02
5.250000000000000000e+02
1.875000000000000000e+03
1.875000000000000000e+03
7.053000000000000000e+03
7.053000000000000000e+03
1.523000000000000000e+03
1.175500000000000000e+04
1.175500000000000000e+04
2.500000000000000000e+03
1.814000000000000000e+03
2.501000000000000000e+03
8.170000000000000000e+02
8.170000000000000000e+02
8.170000000000000000e+02
1.300000000000000000e+01
1.300000000000000000e+01
1.300000000000000000e+01
7.650000000000000000e+02
5.800000000000000000e+01
1.808000000000000000e+03
1.808000000000000000e+03
4.019000000000000000e+03
3.735000000000000000e+03
3.736000000000000000e+03
4.032000000000000000e+03
1.756000000000000000e+03
1.756000000000000000e+03
1.783000000000000000e+03
9.540000000000000000e+02
1.175400000000000000e+04
1.175400000000000000e+04
1.175400000000000000e+04
1.586000000000000000e+03
6.020000000000000000e+02
6.020000000000000000e+02
1.972000000000000000e+03
2.259000000000000000e+03
1.733000000000000000e+03
1.733000000000000000e+03
6.700000000000000000e+01
1.654000000000000000e+03
1.654000000000000000e+03
9.830000000000000000e+02
9.830000000000000000e+02
1.654000000000000000e+03
1.654000000000000000e+03
5.800000000000000000e+01
9.490000000000000000e+02
5.606000000000000000e+03
5.606000000000000000e+03
5.588000000000000000e+03
8.591000000000000000e+03
8.591000000000000000e+03
1.340000000000000000e+02
8.450000000000000000e+02
8.450000000000000000e+02
8.450000000000000000e+02
8.230000000000000000e+02
8.230000000000000000e+02
1.754000000000000000e+03
1.754000000000000000e+03
1.126000000000000000e+03
1.126000000000000000e+03
9.650000000000000000e+02
2.291000000000000000e+03
2.291000000000000000e+03
2.291000000000000000e+03
2.291000000000000000e+03
3.370000000000000000e+02
3.400000000000000000e+02
2.400000000000000000e+02
2.390000000000000000e+02
2.420000000000000000e+02
2.410000000000000000e+02
8.310000000000000000e+02
8.310000000000000000e+02
1.761000000000000000e+03
1.761000000000000000e+03
5.900000000000000000e+01
5.900000000000000000e+01
5.900000000000000000e+01
5.900000000000000000e+01
5.900000000000000000e+01
5.900000000000000000e+01
5.900000000000000000e+01
5.900000000000000000e+01
5.900000000000000000e+01
5.900000000000000000e+01
5.900000000000000000e+01
5.900000000000000000e+01
6.550000000000000000e+02
6.550000000000000000e+02
1.676000000000000000e+03
1.676000000000000000e+03
9.903000000000000000e+03
2.276000000000000000e+03
2.274000000000000000e+03
5.350000000000000000e+03
5.350000000000000000e+03
5.350000000000000000e+03
5.350000000000000000e+03
5.350000000000000000e+03
5.350000000000000000e+03
5.350000000000000000e+03
5.350000000000000000e+03
5.350000000000000000e+03
5.350000000000000000e+03
3.405000000000000000e+03
8.520000000000000000e+02
8.520000000000000000e+02
6.726000000000000000e+03
1.488000000000000000e+03
1.488000000000000000e+03
3.787000000000000000e+03
3.787000000000000000e+03
3.787000000000000000e+03
3.787000000000000000e+03
3.787000000000000000e+03
3.787000000000000000e+03
3.787000000000000000e+03
3.787000000000000000e+03
3.787000000000000000e+03
3.787000000000000000e+03
3.787000000000000000e+03
3.787000000000000000e+03
3.787000000000000000e+03
3.519000000000000000e+03
3.518000000000000000e+03
3.519000000000000000e+03
3.518000000000000000e+03
8.530000000000000000e+02
8.530000000000000000e+02
3.637000000000000000e+03
5.900000000000000000e+01
5.900000000000000000e+01
5.900000000000000000e+01
5.900000000000000000e+01
5.900000000000000000e+01
5.900000000000000000e+01
5.900000000000000000e+01
5.900000000000000000e+01
5.900000000000000000e+01
5.900000000000000000e+01
5.900000000000000000e+01
5.900000000000000000e+01
5.396000000000000000e+03
5.979000000000000000e+03
4.250000000000000000e+02
4.260000000000000000e+02
1.834000000000000000e+03
2.434000000000000000e+03
2.434000000000000000e+03
2.548000000000000000e+03
2.548000000000000000e+03
2.548000000000000000e+03
1.572000000000000000e+03
1.092000000000000000e+03
1.092000000000000000e+03
1.092000000000000000e+03
1.695000000000000000e+03
1.695000000000000000e+03
1.695000000000000000e+03
1.696000000000000000e+03
1.696000000000000000e+03
1.696000000000000000e+03
1.817000000000000000e+03
1.609000000000000000e+03
7.660000000000000000e+02
1.658000000000000000e+03
1.658000000000000000e+03
1.657000000000000000e+03
1.657000000000000000e+03
3.594000000000000000e+03
1.921000000000000000e+03
2.610000000000000000e+02
2.610000000000000000e+02
2.377000000000000000e+03
6.966000000000000000e+03
6.966000000000000000e+03
8.570000000000000000e+02
8.570000000000000000e+02
8.570000000000000000e+02
7.600000000000000000e+02
7.600000000000000000e+02
7.600000000000000000e+02
7.600000000000000000e+02
7.600000000000000000e+02
7.600000000000000000e+02
7.600000000000000000e+02
1.006000000000000000e+03
1.610000000000000000e+02
1.610000000000000000e+02
1.610000000000000000e+02
1.610000000000000000e+02
6.270000000000000000e+02
6.270000000000000000e+02
9.010000000000000000e+02
1.223400000000000000e+04
1.223400000000000000e+04
1.121200000000000000e+04
1.252900000000000000e+04
7.141000000000000000e+03
8.260000000000000000e+02
8.260000000000000000e+02
8.260000000000000000e+02
8.260000000000000000e+02
1.870000000000000000e+03
7.560000000000000000e+02
7.560000000000000000e+02
7.560000000000000000e+02
7.560000000000000000e+02
1.929000000000000000e+03
1.929000000000000000e+03
1.000000000000000000e+03
1.000000000000000000e+03
1.925000000000000000e+03
1.712000000000000000e+03
1.520000000000000000e+03
1.520000000000000000e+03
9.750000000000000000e+02
3.385000000000000000e+03
6.700000000000000000e+01
9.730000000000000000e+02
1.710000000000000000e+03
1.790000000000000000e+03
3.786000000000000000e+03
2.528000000000000000e+03
1.444100000000000000e+04
1.738000000000000000e+03
1.738000000000000000e+03
1.738000000000000000e+03
6.400000000000000000e+02
3.100000000000000000e+01
3.100000000000000000e+01
3.100000000000000000e+01
1.635000000000000000e+03
8.200000000000000000e+02
1.874000000000000000e+03
1.874000000000000000e+03
1.303800000000000000e+04
1.303800000000000000e+04
3.525000000000000000e+03
3.525000000000000000e+03
3.525000000000000000e+03
5.480000000000000000e+02
5.480000000000000000e+02
1.042000000000000000e+03
1.409000000000000000e+03
1.858000000000000000e+03
1.681000000000000000e+03
1.681000000000000000e+03
1.681000000000000000e+03
1.647000000000000000e+03
9.310000000000000000e+02
1.470000000000000000e+02
5.831000000000000000e+03
5.831000000000000000e+03
5.827000000000000000e+03
1.755000000000000000e+03
6.040000000000000000e+02
7.700000000000000000e+01
7.910000000000000000e+02
8.860000000000000000e+02
8.860000000000000000e+02
7.050000000000000000e+02
7.030000000000000000e+02
1.784000000000000000e+03
1.784000000000000000e+03
4.069000000000000000e+03
1.230800000000000000e+04
6.168000000000000000e+03
6.168000000000000000e+03
6.168000000000000000e+03
4.567000000000000000e+03
3.752000000000000000e+03
1.230000000000000000e+02
3.180000000000000000e+02
2.548000000000000000e+03
2.548000000000000000e+03
2.548000000000000000e+03
3.750000000000000000e+03
3.750000000000000000e+03
8.591000000000000000e+03
8.591000000000000000e+03
1.760000000000000000e+02
1.740000000000000000e+02
1.740000000000000000e+02
1.750000000000000000e+02
1.750000000000000000e+02
1.770000000000000000e+02
1.776000000000000000e+03
1.733000000000000000e+03
1.733000000000000000e+03
1.940000000000000000e+03
9.480000000000000000e+02
1.876000000000000000e+03
1.849000000000000000e+03
7.970000000000000000e+02
7.970000000000000000e+02
7.970000000000000000e+02
1.611000000000000000e+03
1.448000000000000000e+03
7.406000000000000000e+03
7.406000000000000000e+03
7.406000000000000000e+03
7.406000000000000000e+03
7.406000000000000000e+03
7.406000000000000000e+03
7.406000000000000000e+03
7.406000000000000000e+03
7.406000000000000000e+03
7.406000000000000000e+03
7.406000000000000000e+03
7.406000000000000000e+03
6.390000000000000000e+02
9.420000000000000000e+02
9.420000000000000000e+02
2.335000000000000000e+03
2.335000000000000000e+03
2.335000000000000000e+03
2.335000000000000000e+03
2.340000000000000000e+03
2.340000000000000000e+03
2.340000000000000000e+03
2.340000000000000000e+03
3.787000000000000000e+03
3.787000000000000000e+03
3.787000000000000000e+03
3.787000000000000000e+03
3.787000000000000000e+03
3.787000000000000000e+03
3.787000000000000000e+03
3.787000000000000000e+03
3.787000000000000000e+03
3.787000000000000000e+03
3.787000000000000000e+03
3.787000000000000000e+03
3.787000000000000000e+03
1.883000000000000000e+03
1.515000000000000000e+03
1.720000000000000000e+03
1.734000000000000000e+03
1.733000000000000000e+03
1.733000000000000000e+03
8.720000000000000000e+02
2.548000000000000000e+03
2.548000000000000000e+03
2.548000000000000000e+03
6.880000000000000000e+02
1.805000000000000000e+03
1.805000000000000000e+03
6.810000000000000000e+02
6.810000000000000000e+02
6.810000000000000000e+02
6.810000000000000000e+02
6.810000000000000000e+02
6.810000000000000000e+02
6.810000000000000000e+02
6.810000000000000000e+02
1.915000000000000000e+03
6.153000000000000000e+03
1.775000000000000000e+03
9.690000000000000000e+02
9.690000000000000000e+02
1.887000000000000000e+03
9.270000000000000000e+02
2.548000000000000000e+03
2.548000000000000000e+03
2.548000000000000000e+03
9.730000000000000000e+02
2.433000000000000000e+03
2.433000000000000000e+03
2.435000000000000000e+03
2.435000000000000000e+03
1.687000000000000000e+03
1.687000000000000000e+03
1.687000000000000000e+03
1.652000000000000000e+03
1.652000000000000000e+03
1.652000000000000000e+03
1.652000000000000000e+03
1.652000000000000000e+03
1.652000000000000000e+03
1.652000000000000000e+03
1.653000000000000000e+03
1.653000000000000000e+03
1.653000000000000000e+03
1.653000000000000000e+03
1.653000000000000000e+03
1.653000000000000000e+03
1.653000000000000000e+03
5.300000000000000000e+01
5.300000000000000000e+01
5.300000000000000000e+01
5.300000000000000000e+01
5.300000000000000000e+01
5.300000000000000000e+01
1.649000000000000000e+03
1.703000000000000000e+03
1.703000000000000000e+03
1.703000000000000000e+03
1.703000000000000000e+03
1.703000000000000000e+03
1.703000000000000000e+03
1.703000000000000000e+03
1.703000000000000000e+03
1.703000000000000000e+03
1.703000000000000000e+03
1.703000000000000000e+03
1.704000000000000000e+03
1.704000000000000000e+03
1.704000000000000000e+03
1.704000000000000000e+03
1.704000000000000000e+03
1.649000000000000000e+03
5.200000000000000000e+01
5.200000000000000000e+01
5.200000000000000000e+01
8.260000000000000000e+02
8.260000000000000000e+02
8.260000000000000000e+02
8.260000000000000000e+02
4.518000000000000000e+03
4.518000000000000000e+03
9.810000000000000000e+02
8.060000000000000000e+02
7.720000000000000000e+02
1.624000000000000000e+03
1.624000000000000000e+03
1.624000000000000000e+03
1.624000000000000000e+03
1.599000000000000000e+03
1.599000000000000000e+03
3.405000000000000000e+03
1.710000000000000000e+03
3.621000000000000000e+03
3.621000000000000000e+03
1.916000000000000000e+03
1.001200000000000000e+04
1.823000000000000000e+03
1.378700000000000000e+04
1.378700000000000000e+04
1.378700000000000000e+04
1.629000000000000000e+03
1.629000000000000000e+03
1.902000000000000000e+03
1.902000000000000000e+03
1.903000000000000000e+03
1.903000000000000000e+03
1.939000000000000000e+03
5.343000000000000000e+03
5.343000000000000000e+03
5.343000000000000000e+03
5.343000000000000000e+03
8.591000000000000000e+03
8.591000000000000000e+03
4.517000000000000000e+03
8.000000000000000000e+02
1.400000000000000000e+01
1.230000000000000000e+02
1.885000000000000000e+03
1.620000000000000000e+03
1.620000000000000000e+03
3.783000000000000000e+03
3.783000000000000000e+03
3.783000000000000000e+03
3.783000000000000000e+03
3.783000000000000000e+03
3.783000000000000000e+03
3.783000000000000000e+03
3.783000000000000000e+03
3.783000000000000000e+03
3.783000000000000000e+03
3.783000000000000000e+03
3.783000000000000000e+03
9.950000000000000000e+02
1.711000000000000000e+03
3.043000000000000000e+03
3.043000000000000000e+03
3.043000000000000000e+03
3.043000000000000000e+03
9.390000000000000000e+02
9.390000000000000000e+02
9.390000000000000000e+02
5.710000000000000000e+03
5.710000000000000000e+03
1.171700000000000000e+04
1.171700000000000000e+04
8.470000000000000000e+02
8.470000000000000000e+02
8.470000000000000000e+02
1.381000000000000000e+04
1.381000000000000000e+04
1.381000000000000000e+04
1.381000000000000000e+04
1.808000000000000000e+03
1.808000000000000000e+03
6.150000000000000000e+02
6.150000000000000000e+02
6.150000000000000000e+02
6.150000000000000000e+02
6.110000000000000000e+02
8.190000000000000000e+02
8.730000000000000000e+02
8.730000000000000000e+02
8.730000000000000000e+02
8.730000000000000000e+02
8.730000000000000000e+02
1.011000000000000000e+03
1.011000000000000000e+03
1.011000000000000000e+03
1.750000000000000000e+02
1.750000000000000000e+02
1.740000000000000000e+02
1.740000000000000000e+02
3.380000000000000000e+02
3.310000000000000000e+02
7.600000000000000000e+02
7.600000000000000000e+02
7.600000000000000000e+02
7.600000000000000000e+02
7.600000000000000000e+02
7.600000000000000000e+02
7.600000000000000000e+02
1.622000000000000000e+03
1.622000000000000000e+03
1.622000000000000000e+03
1.622000000000000000e+03
1.622000000000000000e+03
1.834000000000000000e+03
1.488000000000000000e+03
1.488000000000000000e+03
3.594000000000000000e+03
2.338000000000000000e+03
2.338000000000000000e+03
2.338000000000000000e+03
2.338000000000000000e+03
2.517000000000000000e+03
1.200000000000000000e+01
1.011000000000000000e+03
1.011000000000000000e+03
1.011000000000000000e+03
7.630000000000000000e+02
5.540000000000000000e+02
7.890000000000000000e+02
7.890000000000000000e+02
2.260000000000000000e+02
3.737000000000000000e+03
3.737000000000000000e+03
2.341000000000000000e+03
2.341000000000000000e+03
2.341000000000000000e+03
2.341000000000000000e+03
1.848000000000000000e+03
6.949000000000000000e+03
6.949000000000000000e+03
1.175300000000000000e+04
1.175300000000000000e+04
9.450000000000000000e+02
9.450000000000000000e+02
9.450000000000000000e+02
3.046000000000000000e+03
3.046000000000000000e+03
3.046000000000000000e+03
3.046000000000000000e+03
3.800000000000000000e+03
3.800000000000000000e+03
3.800000000000000000e+03
8.760000000000000000e+02
8.760000000000000000e+02
8.760000000000000000e+02
8.760000000000000000e+02
8.760000000000000000e+02
8.760000000000000000e+02
8.760000000000000000e+02
8.760000000000000000e+02
8.760000000000000000e+02
8.760000000000000000e+02
8.760000000000000000e+02
8.760000000000000000e+02
8.760000000000000000e+02
8.760000000000000000e+02
8.760000000000000000e+02
8.760000000000000000e+02
8.760000000000000000e+02
8.760000000000000000e+02
8.760000000000000000e+02
7.900000000000000000e+02
1.222000000000000000e+03
1.222000000000000000e+03
1.222000000000000000e+03
5.350000000000000000e+03
5.350000000000000000e+03
5.350000000000000000e+03
5.350000000000000000e+03
5.350000000000000000e+03
5.350000000000000000e+03
5.350000000000000000e+03
5.350000000000000000e+03
5.350000000000000000e+03
5.350000000000000000e+03
1.494000000000000000e+03
1.494000000000000000e+03
1.091000000000000000e+03
8.760000000000000000e+02
8.760000000000000000e+02
8.760000000000000000e+02
8.760000000000000000e+02
8.760000000000000000e+02
8.760000000000000000e+02
8.760000000000000000e+02
8.760000000000000000e+02
8.760000000000000000e+02
8.760000000000000000e+02
8.760000000000000000e+02
8.760000000000000000e+02
8.760000000000000000e+02
8.760000000000000000e+02
8.760000000000000000e+02
8.760000000000000000e+02
8.760000000000000000e+02
8.760000000000000000e+02
8.760000000000000000e+02
3.639000000000000000e+03
7.610000000000000000e+02
1.733000000000000000e+03
1.733000000000000000e+03
1.597000000000000000e+03
1.512000000000000000e+03
1.512000000000000000e+03
1.512000000000000000e+03
7.031000000000000000e+03
3.273000000000000000e+03
3.273000000000000000e+03
1.953000000000000000e+03
5.400000000000000000e+01
3.300000000000000000e+01
3.300000000000000000e+01
6.215000000000000000e+03
8.681000000000000000e+03
9.430000000000000000e+02
9.430000000000000000e+02
2.337000000000000000e+03
2.337000000000000000e+03
2.337000000000000000e+03
2.337000000000000000e+03
8.500000000000000000e+02
8.500000000000000000e+02
8.500000000000000000e+02
8.500000000000000000e+02
8.500000000000000000e+02
8.500000000000000000e+02
6.208000000000000000e+03
3.856000000000000000e+03
1.464000000000000000e+03
1.464000000000000000e+03
1.464000000000000000e+03
8.580000000000000000e+02
7.590000000000000000e+02
7.590000000000000000e+02
7.590000000000000000e+02
1.489000000000000000e+03
1.489000000000000000e+03
1.489000000000000000e+03
4.042000000000000000e+03
4.042000000000000000e+03
1.416400000000000000e+04
7.406000000000000000e+03
7.406000000000000000e+03
7.406000000000000000e+03
7.406000000000000000e+03
7.406000000000000000e+03
7.406000000000000000e+03
7.406000000000000000e+03
7.406000000000000000e+03
7.406000000000000000e+03
7.406000000000000000e+03
7.406000000000000000e+03
7.406000000000000000e+03
7.406000000000000000e+03
7.406000000000000000e+03
7.406000000000000000e+03
7.406000000000000000e+03
7.406000000000000000e+03
7.406000000000000000e+03
7.406000000000000000e+03
7.406000000000000000e+03
7.406000000000000000e+03
7.406000000000000000e+03
7.406000000000000000e+03
7.406000000000000000e+03
4.075000000000000000e+03
6.001000000000000000e+03
6.001000000000000000e+03
6.001000000000000000e+03
2.300000000000000000e+02
1.867000000000000000e+03
1.886000000000000000e+03
1.868000000000000000e+03
1.486000000000000000e+03
9.260000000000000000e+02
9.260000000000000000e+02
2.343000000000000000e+03
2.343000000000000000e+03
2.343000000000000000e+03
2.343000000000000000e+03
1.008000000000000000e+03
2.493000000000000000e+03
6.260000000000000000e+02
6.260000000000000000e+02
1.740000000000000000e+03
1.740000000000000000e+03
6.510000000000000000e+02
6.133000000000000000e+03
5.349000000000000000e+03
5.349000000000000000e+03
5.349000000000000000e+03
5.349000000000000000e+03
5.349000000000000000e+03
5.349000000000000000e+03
5.349000000000000000e+03
5.349000000000000000e+03
5.349000000000000000e+03
5.349000000000000000e+03
6.966000000000000000e+03
6.966000000000000000e+03
9.600000000000000000e+01
9.600000000000000000e+01
1.892000000000000000e+03
7.053000000000000000e+03
7.053000000000000000e+03
3.350000000000000000e+02
3.340000000000000000e+02
1.953000000000000000e+03
1.190000000000000000e+03
1.190000000000000000e+03
1.190000000000000000e+03
1.190000000000000000e+03
1.190000000000000000e+03
1.002700000000000000e+04
1.002700000000000000e+04
1.002700000000000000e+04
1.002700000000000000e+04
1.002700000000000000e+04
7.406000000000000000e+03
7.406000000000000000e+03
7.406000000000000000e+03
7.406000000000000000e+03
7.406000000000000000e+03
7.406000000000000000e+03
7.406000000000000000e+03
7.406000000000000000e+03
7.406000000000000000e+03
7.406000000000000000e+03
7.406000000000000000e+03
7.406000000000000000e+03
8.200000000000000000e+02
1.007000000000000000e+03
2.437000000000000000e+03
2.820000000000000000e+02
2.820000000000000000e+02
2.830000000000000000e+02
2.830000000000000000e+02
1.255000000000000000e+03
1.255000000000000000e+03
1.872000000000000000e+03
1.020600000000000000e+04
1.230800000000000000e+04
3.738000000000000000e+03
3.840000000000000000e+02
3.840000000000000000e+02
3.840000000000000000e+02
1.078000000000000000e+04
1.078000000000000000e+04
1.078000000000000000e+04
1.078000000000000000e+04
1.078000000000000000e+04
1.078000000000000000e+04
1.078000000000000000e+04
1.078000000000000000e+04
7.407000000000000000e+03
7.407000000000000000e+03
7.407000000000000000e+03
7.407000000000000000e+03
7.407000000000000000e+03
7.407000000000000000e+03
7.407000000000000000e+03
7.407000000000000000e+03
7.407000000000000000e+03
7.407000000000000000e+03
7.407000000000000000e+03
7.407000000000000000e+03
3.644000000000000000e+03
3.644000000000000000e+03
1.366800000000000000e+04
1.366800000000000000e+04
1.230800000000000000e+04
3.420000000000000000e+02
1.632900000000000000e+04
9.740000000000000000e+02
9.740000000000000000e+02
9.740000000000000000e+02
9.740000000000000000e+02
1.494100000000000000e+04
1.768000000000000000e+03
1.768000000000000000e+03
1.198000000000000000e+03
1.838000000000000000e+03
1.838000000000000000e+03
1.734000000000000000e+03
3.290000000000000000e+02
2.275000000000000000e+03
3.271000000000000000e+03
3.271000000000000000e+03
3.271000000000000000e+03
1.599000000000000000e+03
1.599000000000000000e+03
1.399000000000000000e+04
1.399000000000000000e+04
1.399000000000000000e+04
1.382900000000000000e+04
1.382900000000000000e+04
1.459700000000000000e+04
1.459700000000000000e+04
1.337800000000000000e+04
7.210000000000000000e+02
3.340000000000000000e+02
1.897000000000000000e+03
1.693000000000000000e+03
1.843000000000000000e+03
6.550000000000000000e+02
6.550000000000000000e+02
7.600000000000000000e+02
7.600000000000000000e+02
7.600000000000000000e+02
7.600000000000000000e+02
7.600000000000000000e+02
7.600000000000000000e+02
7.600000000000000000e+02
1.459700000000000000e+04
1.459700000000000000e+04
5.587000000000000000e+03
1.500000000000000000e+01
1.500000000000000000e+01
1.207000000000000000e+03
1.207000000000000000e+03
1.207000000000000000e+03
1.207000000000000000e+03
1.207000000000000000e+03
8.590000000000000000e+02
6.000000000000000000e+02
6.000000000000000000e+02
1.733000000000000000e+03
1.733000000000000000e+03
7.141000000000000000e+03
3.417000000000000000e+03
1.537200000000000000e+04
1.537200000000000000e+04
6.857000000000000000e+03
5.824000000000000000e+03
5.824000000000000000e+03
5.824000000000000000e+03
1.591600000000000000e+04
1.591600000000000000e+04
1.591600000000000000e+04
1.591600000000000000e+04
2.428000000000000000e+03
2.428000000000000000e+03
2.428000000000000000e+03
2.428000000000000000e+03
2.428000000000000000e+03
2.428000000000000000e+03
9.710000000000000000e+02
5.828000000000000000e+03
5.828000000000000000e+03
5.829000000000000000e+03
5.829000000000000000e+03
5.830000000000000000e+03
5.830000000000000000e+03
1.587600000000000000e+04
1.782800000000000000e+04
9.022000000000000000e+03
9.022000000000000000e+03
1.637100000000000000e+04
1.783600000000000000e+04
1.621300000000000000e+04
1.621300000000000000e+04
1.641000000000000000e+03
1.632800000000000000e+04
1.252800000000000000e+04
5.825000000000000000e+03
1.301500000000000000e+04
1.693700000000000000e+04
1.704000000000000000e+03
1.704000000000000000e+03
1.704000000000000000e+03
1.704000000000000000e+03
1.704000000000000000e+03
1.768600000000000000e+04
1.721800000000000000e+04
1.586400000000000000e+04
1.586400000000000000e+04
1.586400000000000000e+04
1.794700000000000000e+04
4.360000000000000000e+02
4.360000000000000000e+02
1.485000000000000000e+03
1.485000000000000000e+03
1.485000000000000000e+03
2.420000000000000000e+02
7.020000000000000000e+02
1.870700000000000000e+04
9.065000000000000000e+03
7.980000000000000000e+02
7.980000000000000000e+02
7.980000000000000000e+02
6.881000000000000000e+03
6.881000000000000000e+03
5.470000000000000000e+02
2.970000000000000000e+02
2.970000000000000000e+02
1.473100000000000000e+04
1.473100000000000000e+04
1.473100000000000000e+04
1.473100000000000000e+04
1.473100000000000000e+04
1.208000000000000000e+03
1.208000000000000000e+03
1.208000000000000000e+03
3.332000000000000000e+03
1.214000000000000000e+03
1.214000000000000000e+03
1.179000000000000000e+03
1.179000000000000000e+03
1.179000000000000000e+03
2.088500000000000000e+04
2.088500000000000000e+04
1.152900000000000000e+04
2.107100000000000000e+04
2.107100000000000000e+04
2.107100000000000000e+04
2.107100000000000000e+04
2.107100000000000000e+04
2.114200000000000000e+04
2.114700000000000000e+04
2.114700000000000000e+04
1.187000000000000000e+03
1.187000000000000000e+03
1.187000000000000000e+03
1.187000000000000000e+03
1.187000000000000000e+03
1.905000000000000000e+03
1.905000000000000000e+03
2.222400000000000000e+04
2.222400000000000000e+04
1.905000000000000000e+03
1.905000000000000000e+03
2.222400000000000000e+04
2.222400000000000000e+04
3.077000000000000000e+03
2.257000000000000000e+03
