1.378800000000000000e+04
1.378800000000000000e+04
1.697000000000000000e+03
1.697000000000000000e+03
1.697000000000000000e+03
1.382900000000000000e+04
1.382900000000000000e+04
2.428000000000000000e+03
2.428000000000000000e+03
2.428000000000000000e+03
2.428000000000000000e+03
2.428000000000000000e+03
2.428000000000000000e+03
1.664000000000000000e+03
1.874000000000000000e+03
1.874000000000000000e+03
1.867000000000000000e+03
1.187000000000000000e+03
1.187000000000000000e+03
1.187000000000000000e+03
1.187000000000000000e+03
1.187000000000000000e+03
7.407000000000000000e+03
7.407000000000000000e+03
7.407000000000000000e+03
7.407000000000000000e+03
7.407000000000000000e+03
7.407000000000000000e+03
7.407000000000000000e+03
7.407000000000000000e+03
7.407000000000000000e+03
7.407000000000000000e+03
7.407000000000000000e+03
7.407000000000000000e+03
4.092000000000000000e+03
1.854000000000000000e+03
1.854000000000000000e+03
1.835000000000000000e+03
1.835000000000000000e+03
1.835000000000000000e+03
4.782000000000000000e+03
2.650000000000000000e+02
2.650000000000000000e+02
2.650000000000000000e+02
1.897000000000000000e+03
6.020000000000000000e+02
6.020000000000000000e+02
8.256000000000000000e+03
2.620000000000000000e+02
8.969000000000000000e+03
9.510000000000000000e+02
1.491000000000000000e+03
1.491000000000000000e+03
1.201000000000000000e+03
1.201000000000000000e+03
1.230800000000000000e+04
1.190000000000000000e+03
1.190000000000000000e+03
1.190000000000000000e+03
1.190000000000000000e+03
1.190000000000000000e+03
1.092000000000000000e+03
1.092000000000000000e+03
1.092000000000000000e+03
1.171700000000000000e+04
1.171700000000000000e+04
3.524000000000000000e+03
3.524000000000000000e+03
1.739000000000000000e+03
1.739000000000000000e+03
1.739000000000000000e+03
1.739000000000000000e+03
1.739000000000000000e+03
1.739000000000000000e+03
1.739000000000000000e+03
1.739000000000000000e+03
8.730000000000000000e+02
8.730000000000000000e+02
8.730000000000000000e+02
8.730000000000000000e+02
8.730000000000000000e+02
8.590000000000000000e+02
1.770000000000000000e+03
7.000000000000000000e+02
1.754000000000000000e+03
1.754000000000000000e+03
1.494000000000000000e+03
1.494000000000000000e+03
2.528000000000000000e+03
9.190000000000000000e+02
3.840000000000000000e+02
3.840000000000000000e+02
3.840000000000000000e+02
1.876000000000000000e+03
1.892000000000000000e+03
3.707000000000000000e+03
3.707000000000000000e+03
8.860000000000000000e+02
8.860000000000000000e+02
1.972000000000000000e+03
1.915000000000000000e+03
3.820000000000000000e+02
3.820000000000000000e+02
3.820000000000000000e+02
3.820000000000000000e+02
3.820000000000000000e+02
3.820000000000000000e+02
1.696000000000000000e+03
1.696000000000000000e+03
1.696000000000000000e+03
1.695000000000000000e+03
1.695000000000000000e+03
1.695000000000000000e+03
1.783000000000000000e+03
1.523000000000000000e+03
7.650000000000000000e+02
1.091000000000000000e+03
9.810000000000000000e+02
2.500000000000000000e+03
1.496000000000000000e+03
1.657000000000000000e+03
1.657000000000000000e+03
7.620000000000000000e+02
1.591000000000000000e+03
1.465000000000000000e+03
6.100000000000000000e+02
6.090000000000000000e+02
5.490000000000000000e+02
5.490000000000000000e+02
2.660000000000000000e+02
2.660000000000000000e+02
2.660000000000000000e+02
8.260000000000000000e+02
8.260000000000000000e+02
8.260000000000000000e+02
8.260000000000000000e+02
3.250000000000000000e+02
3.240000000000000000e+02
3.240000000000000000e+02
9.750000000000000000e+02
1.243000000000000000e+03
1.243000000000000000e+03
1.937000000000000000e+03
1.937000000000000000e+03
1.756000000000000000e+03
1.756000000000000000e+03
1.889000000000000000e+03
1.450000000000000000e+02
9.300000000000000000e+02
6.110000000000000000e+02
1.940000000000000000e+03
1.755000000000000000e+03
1.866000000000000000e+03
8.580000000000000000e+02
1.733000000000000000e+03
1.733000000000000000e+03
1.470000000000000000e+02
9.690000000000000000e+02
9.690000000000000000e+02
9.480000000000000000e+02
4.042000000000000000e+03
4.042000000000000000e+03
1.834000000000000000e+03
1.869000000000000000e+03
2.340000000000000000e+03
2.340000000000000000e+03
2.340000000000000000e+03
2.340000000000000000e+03
1.409000000000000000e+03
3.100000000000000000e+01
3.100000000000000000e+01
3.100000000000000000e+01
8.800000000000000000e+01
8.800000000000000000e+01
9.903000000000000000e+03
9.630000000000000000e+02
1.902000000000000000e+03
1.902000000000000000e+03
1.903000000000000000e+03
1.903000000000000000e+03
7.590000000000000000e+02
7.590000000000000000e+02
7.590000000000000000e+02
9.950000000000000000e+02
1.868000000000000000e+03
6.153000000000000000e+03
6.150000000000000000e+02
6.150000000000000000e+02
6.150000000000000000e+02
6.150000000000000000e+02
6.160000000000000000e+02
1.803000000000000000e+03
9.270000000000000000e+02
1.400000000000000000e+01
1.442000000000000000e+03
1.442000000000000000e+03
1.442000000000000000e+03
1.442000000000000000e+03
1.442000000000000000e+03
1.442000000000000000e+03
3.840000000000000000e+02
3.840000000000000000e+02
3.840000000000000000e+02
3.786000000000000000e+03
1.736000000000000000e+03
3.816000000000000000e+03
3.816000000000000000e+03
1.951000000000000000e+03
1.951000000000000000e+03
1.951000000000000000e+03
9.250000000000000000e+02
9.250000000000000000e+02
8.000000000000000000e+02
2.335000000000000000e+03
2.335000000000000000e+03
2.335000000000000000e+03
2.335000000000000000e+03
1.200000000000000000e+01
6.215000000000000000e+03
8.681000000000000000e+03
8.720000000000000000e+02
3.000000000000000000e+00
3.000000000000000000e+00
1.586000000000000000e+03
1.887000000000000000e+03
6.510000000000000000e+02
1.577000000000000000e+03
9.480000000000000000e+02
8.520000000000000000e+02
8.520000000000000000e+02
1.681000000000000000e+03
1.681000000000000000e+03
1.681000000000000000e+03
7.660000000000000000e+02
6.550000000000000000e+02
6.550000000000000000e+02
1.520000000000000000e+03
1.520000000000000000e+03
6.560000000000000000e+02
6.560000000000000000e+02
4.069000000000000000e+03
6.966000000000000000e+03
6.966000000000000000e+03
2.400000000000000000e+02
2.390000000000000000e+02
8.680000000000000000e+02
8.680000000000000000e+02
8.680000000000000000e+02
1.740000000000000000e+03
1.740000000000000000e+03
2.860000000000000000e+02
2.860000000000000000e+02
2.860000000000000000e+02
2.860000000000000000e+02
3.300000000000000000e+01
3.300000000000000000e+01
1.057000000000000000e+03
3.600000000000000000e+01
3.600000000000000000e+01
3.600000000000000000e+01
1.744000000000000000e+03
1.207000000000000000e+03
1.207000000000000000e+03
1.207000000000000000e+03
1.207000000000000000e+03
1.207000000000000000e+03
3.823000000000000000e+03
3.823000000000000000e+03
1.689000000000000000e+03
1.752000000000000000e+03
1.752000000000000000e+03
1.175300000000000000e+04
1.175300000000000000e+04
1.950000000000000000e+03
2.493000000000000000e+03
8.800000000000000000e+01
8.800000000000000000e+01
1.881000000000000000e+03
1.710000000000000000e+03
9.390000000000000000e+02
9.390000000000000000e+02
9.390000000000000000e+02
3.040000000000000000e+03
3.040000000000000000e+03
3.040000000000000000e+03
3.040000000000000000e+03
1.804000000000000000e+03
1.595000000000000000e+03
1.867000000000000000e+03
6.880000000000000000e+02
1.673000000000000000e+03
1.673000000000000000e+03
2.338000000000000000e+03
2.338000000000000000e+03
2.338000000000000000e+03
2.338000000000000000e+03
5.580000000000000000e+02
5.630000000000000000e+02
5.280000000000000000e+02
7.730000000000000000e+02
7.730000000000000000e+02
1.890000000000000000e+03
1.807000000000000000e+03
1.875000000000000000e+03
1.875000000000000000e+03
4.567000000000000000e+03
2.548000000000000000e+03
2.548000000000000000e+03
2.548000000000000000e+03
1.834000000000000000e+03
1.809000000000000000e+03
8.310000000000000000e+02
8.310000000000000000e+02
5.600000000000000000e+02
2.870000000000000000e+02
2.870000000000000000e+02
2.870000000000000000e+02
2.870000000000000000e+02
2.870000000000000000e+02
2.870000000000000000e+02
2.870000000000000000e+02
4.075000000000000000e+03
7.600000000000000000e+02
7.600000000000000000e+02
7.600000000000000000e+02
7.600000000000000000e+02
7.600000000000000000e+02
7.600000000000000000e+02
7.600000000000000000e+02
1.740000000000000000e+03
1.740000000000000000e+03
1.805000000000000000e+03
1.805000000000000000e+03
1.870000000000000000e+03
1.919000000000000000e+03
1.919000000000000000e+03
4.068000000000000000e+03
3.431000000000000000e+03
1.256000000000000000e+03
1.256000000000000000e+03
1.714000000000000000e+03
3.046000000000000000e+03
3.046000000000000000e+03
3.046000000000000000e+03
3.046000000000000000e+03
3.043000000000000000e+03
3.043000000000000000e+03
3.043000000000000000e+03
3.043000000000000000e+03
8.490000000000000000e+02
2.260000000000000000e+02
3.800000000000000000e+03
3.800000000000000000e+03
3.800000000000000000e+03
5.200000000000000000e+01
5.200000000000000000e+01
5.200000000000000000e+01
2.437000000000000000e+03
3.426000000000000000e+03
3.426000000000000000e+03
3.426000000000000000e+03
9.730000000000000000e+02
1.952000000000000000e+03
1.923000000000000000e+03
8.289000000000000000e+03
8.289000000000000000e+03
1.620000000000000000e+03
1.620000000000000000e+03
1.956000000000000000e+03
1.956000000000000000e+03
1.956000000000000000e+03
1.956000000000000000e+03
1.956000000000000000e+03
1.955000000000000000e+03
1.955000000000000000e+03
1.955000000000000000e+03
1.955000000000000000e+03
1.955000000000000000e+03
1.591000000000000000e+03
9.420000000000000000e+02
9.420000000000000000e+02
1.687000000000000000e+03
1.687000000000000000e+03
1.687000000000000000e+03
3.060000000000000000e+03
3.060000000000000000e+03
3.060000000000000000e+03
3.060000000000000000e+03
7.890000000000000000e+02
7.890000000000000000e+02
6.040000000000000000e+02
1.647000000000000000e+03
8.200000000000000000e+02
3.525000000000000000e+03
3.525000000000000000e+03
3.525000000000000000e+03
7.173000000000000000e+03
1.775000000000000000e+03
1.662000000000000000e+03
1.588000000000000000e+03
1.589000000000000000e+03
1.945000000000000000e+03
1.933000000000000000e+03
7.640000000000000000e+02
1.873000000000000000e+03
2.434000000000000000e+03
2.434000000000000000e+03
2.433000000000000000e+03
2.433000000000000000e+03
2.435000000000000000e+03
2.435000000000000000e+03
1.885000000000000000e+03
1.340000000000000000e+02
3.527000000000000000e+03
3.527000000000000000e+03
1.928000000000000000e+03
8.470000000000000000e+02
8.470000000000000000e+02
8.470000000000000000e+02
1.924000000000000000e+03
2.563000000000000000e+03
2.563000000000000000e+03
1.925000000000000000e+03
1.000000000000000000e+03
1.000000000000000000e+03
1.929000000000000000e+03
1.929000000000000000e+03
1.600000000000000000e+01
1.600000000000000000e+01
1.600000000000000000e+01
1.915000000000000000e+03
2.501000000000000000e+03
1.693000000000000000e+03
8.170000000000000000e+02
8.170000000000000000e+02
8.170000000000000000e+02
1.300000000000000000e+01
1.300000000000000000e+01
1.300000000000000000e+01
2.337000000000000000e+03
2.337000000000000000e+03
2.337000000000000000e+03
2.337000000000000000e+03
1.880000000000000000e+03
8.780000000000000000e+02
1.624000000000000000e+03
1.624000000000000000e+03
1.624000000000000000e+03
1.624000000000000000e+03
1.939000000000000000e+03
6.900000000000000000e+02
5.300000000000000000e+01
5.300000000000000000e+01
5.300000000000000000e+01
5.300000000000000000e+01
5.300000000000000000e+01
5.300000000000000000e+01
5.350000000000000000e+03
5.350000000000000000e+03
5.350000000000000000e+03
5.350000000000000000e+03
5.350000000000000000e+03
5.350000000000000000e+03
5.350000000000000000e+03
5.350000000000000000e+03
5.350000000000000000e+03
5.350000000000000000e+03
8.060000000000000000e+02
9.900000000000000000e+01
7.053000000000000000e+03
7.053000000000000000e+03
1.778000000000000000e+03
1.776000000000000000e+03
7.700000000000000000e+01
7.050000000000000000e+02
7.610000000000000000e+02
2.343000000000000000e+03
2.343000000000000000e+03
2.343000000000000000e+03
2.343000000000000000e+03
9.280000000000000000e+02
7.910000000000000000e+02
9.950000000000000000e+02
3.743000000000000000e+03
9.430000000000000000e+02
9.430000000000000000e+02
2.341000000000000000e+03
2.341000000000000000e+03
2.341000000000000000e+03
2.341000000000000000e+03
9.280000000000000000e+02
1.330000000000000000e+02
1.649000000000000000e+03
1.858000000000000000e+03
1.938000000000000000e+03
1.885000000000000000e+03
1.703000000000000000e+03
1.703000000000000000e+03
1.703000000000000000e+03
1.703000000000000000e+03
1.703000000000000000e+03
1.703000000000000000e+03
1.703000000000000000e+03
1.703000000000000000e+03
1.703000000000000000e+03
1.703000000000000000e+03
1.703000000000000000e+03
1.704000000000000000e+03
1.704000000000000000e+03
1.704000000000000000e+03
1.704000000000000000e+03
1.704000000000000000e+03
7.900000000000000000e+02
5.700000000000000000e+01
5.700000000000000000e+01
1.921000000000000000e+03
1.135800000000000000e+04
1.135800000000000000e+04
1.135800000000000000e+04
1.135800000000000000e+04
1.135800000000000000e+04
1.135800000000000000e+04
1.135800000000000000e+04
5.540000000000000000e+02
1.883000000000000000e+03
1.653000000000000000e+03
1.653000000000000000e+03
1.653000000000000000e+03
1.653000000000000000e+03
1.653000000000000000e+03
1.653000000000000000e+03
1.653000000000000000e+03
1.652000000000000000e+03
1.652000000000000000e+03
1.652000000000000000e+03
1.652000000000000000e+03
1.652000000000000000e+03
1.652000000000000000e+03
1.652000000000000000e+03
9.540000000000000000e+02
7.630000000000000000e+02
9.310000000000000000e+02
1.153300000000000000e+04
1.153300000000000000e+04
1.153300000000000000e+04
1.153300000000000000e+04
1.153300000000000000e+04
1.153300000000000000e+04
1.153300000000000000e+04
1.153300000000000000e+04
1.153300000000000000e+04
1.153300000000000000e+04
1.153300000000000000e+04
1.153300000000000000e+04
1.153300000000000000e+04
1.153300000000000000e+04
1.153300000000000000e+04
1.153300000000000000e+04
1.153300000000000000e+04
1.153300000000000000e+04
1.153300000000000000e+04
1.153300000000000000e+04
1.153300000000000000e+04
1.153300000000000000e+04
1.153300000000000000e+04
1.153300000000000000e+04
1.153300000000000000e+04
1.153300000000000000e+04
1.153300000000000000e+04
1.153300000000000000e+04
1.153300000000000000e+04
1.153300000000000000e+04
1.153300000000000000e+04
1.153300000000000000e+04
1.153300000000000000e+04
1.153300000000000000e+04
1.153300000000000000e+04
9.970000000000000000e+02
1.600000000000000000e+01
1.600000000000000000e+01
1.600000000000000000e+01
9.620000000000000000e+02
9.620000000000000000e+02
9.620000000000000000e+02
9.620000000000000000e+02
5.260000000000000000e+02
5.260000000000000000e+02
5.260000000000000000e+02
5.260000000000000000e+02
5.250000000000000000e+02
5.250000000000000000e+02
5.250000000000000000e+02
5.250000000000000000e+02
1.810000000000000000e+03
1.810000000000000000e+03
1.810000000000000000e+03
1.439000000000000000e+03
1.626000000000000000e+03
1.626000000000000000e+03
7.500000000000000000e+01
7.500000000000000000e+01
7.050000000000000000e+02
1.950000000000000000e+03
1.230800000000000000e+04
1.081000000000000000e+03
1.081000000000000000e+03
1.081000000000000000e+03
1.081000000000000000e+03
1.081000000000000000e+03
1.081000000000000000e+03
1.081000000000000000e+03
1.081000000000000000e+03
1.081000000000000000e+03
1.081000000000000000e+03
1.081000000000000000e+03
1.081000000000000000e+03
1.081000000000000000e+03
5.343000000000000000e+03
5.343000000000000000e+03
5.343000000000000000e+03
5.343000000000000000e+03
1.079000000000000000e+03
1.126300000000000000e+04
1.126300000000000000e+04
1.126300000000000000e+04
5.349000000000000000e+03
5.349000000000000000e+03
5.349000000000000000e+03
5.349000000000000000e+03
5.349000000000000000e+03
5.349000000000000000e+03
5.349000000000000000e+03
5.349000000000000000e+03
5.349000000000000000e+03
5.349000000000000000e+03
5.349000000000000000e+03
5.349000000000000000e+03
5.349000000000000000e+03
5.349000000000000000e+03
5.349000000000000000e+03
5.349000000000000000e+03
5.349000000000000000e+03
5.349000000000000000e+03
5.349000000000000000e+03
5.349000000000000000e+03
1.193000000000000000e+03
1.193000000000000000e+03
1.193000000000000000e+03
1.193000000000000000e+03
1.193000000000000000e+03
1.193000000000000000e+03
8.540000000000000000e+02
1.255400000000000000e+04
1.784000000000000000e+03
1.784000000000000000e+03
1.187000000000000000e+03
1.187000000000000000e+03
1.187000000000000000e+03
1.187000000000000000e+03
1.187000000000000000e+03
8.316000000000000000e+03
1.378700000000000000e+04
1.378700000000000000e+04
1.378700000000000000e+04
2.150000000000000000e+02
2.150000000000000000e+02
2.970000000000000000e+02
2.970000000000000000e+02
4.072000000000000000e+03
4.072000000000000000e+03
4.072000000000000000e+03
4.072000000000000000e+03
4.072000000000000000e+03
4.072000000000000000e+03
4.072000000000000000e+03
4.072000000000000000e+03
4.072000000000000000e+03
6.200000000000000000e+02
6.200000000000000000e+02
1.209000000000000000e+03
1.515000000000000000e+03
1.175400000000000000e+04
1.175400000000000000e+04
1.175400000000000000e+04
1.814000000000000000e+03
1.817000000000000000e+03
1.126300000000000000e+04
1.126300000000000000e+04
1.126300000000000000e+04
1.560000000000000000e+03
1.760000000000000000e+03
1.760000000000000000e+03
1.760000000000000000e+03
1.760000000000000000e+03
1.394000000000000000e+04
1.394000000000000000e+04
1.357100000000000000e+04
5.800000000000000000e+01
6.168000000000000000e+03
6.168000000000000000e+03
6.168000000000000000e+03
1.239000000000000000e+03
1.239000000000000000e+03
1.239000000000000000e+03
1.239000000000000000e+03
1.239000000000000000e+03
1.426000000000000000e+04
1.426000000000000000e+04
1.415300000000000000e+04
1.415300000000000000e+04
1.415300000000000000e+04
1.415300000000000000e+04
1.934000000000000000e+03
7.407000000000000000e+03
7.407000000000000000e+03
7.407000000000000000e+03
7.407000000000000000e+03
7.407000000000000000e+03
7.407000000000000000e+03
7.407000000000000000e+03
7.407000000000000000e+03
7.407000000000000000e+03
7.407000000000000000e+03
7.407000000000000000e+03
7.407000000000000000e+03
6.740000000000000000e+02
9.710000000000000000e+02
4.517000000000000000e+03
9.650000000000000000e+02
1.897000000000000000e+03
1.897000000000000000e+03
1.524000000000000000e+03
5.364000000000000000e+03
1.415500000000000000e+04
1.415500000000000000e+04
1.415500000000000000e+04
1.415500000000000000e+04
9.490000000000000000e+02
7.210000000000000000e+02
1.200000000000000000e+03
6.700000000000000000e+01
1.790000000000000000e+03
1.000000000000000000e+00
1.000000000000000000e+00
1.000000000000000000e+00
1.000000000000000000e+00
1.000000000000000000e+00
1.000000000000000000e+00
1.000000000000000000e+00
1.000000000000000000e+00
1.000000000000000000e+00
1.000000000000000000e+00
1.000000000000000000e+00
1.000000000000000000e+00
1.000000000000000000e+00
1.198000000000000000e+03
1.607000000000000000e+03
1.176000000000000000e+03
1.176000000000000000e+03
1.176000000000000000e+03
1.190000000000000000e+03
1.190000000000000000e+03
1.190000000000000000e+03
1.190000000000000000e+03
1.190000000000000000e+03
1.182000000000000000e+03
1.182000000000000000e+03
1.182000000000000000e+03
1.182000000000000000e+03
1.417000000000000000e+04
1.417000000000000000e+04
1.417000000000000000e+04
1.614700000000000000e+04
1.614800000000000000e+04
1.614800000000000000e+04
1.218000000000000000e+03
2.851000000000000000e+03
1.768600000000000000e+04
1.782800000000000000e+04
3.366000000000000000e+03
3.366000000000000000e+03
3.366000000000000000e+03
3.366000000000000000e+03
3.366000000000000000e+03
1.488000000000000000e+03
1.488000000000000000e+03
9.910000000000000000e+02
1.214000000000000000e+03
1.214000000000000000e+03
3.526000000000000000e+03
3.526000000000000000e+03
7.816000000000000000e+03
1.621000000000000000e+03
1.621000000000000000e+03
1.930200000000000000e+04
1.785000000000000000e+03
1.785000000000000000e+03
8.744000000000000000e+03
2.167200000000000000e+04
2.167200000000000000e+04
2.167200000000000000e+04
2.167200000000000000e+04
2.167200000000000000e+04
1.214000000000000000e+03
1.214000000000000000e+03
8.210000000000000000e+02
8.210000000000000000e+02
2.163600000000000000e+04
2.163600000000000000e+04
2.163600000000000000e+04
2.163600000000000000e+04
3.077000000000000000e+03
7.280000000000000000e+02
7.280000000000000000e+02
7.280000000000000000e+02
