2.428000000000000000e+03
2.428000000000000000e+03
2.428000000000000000e+03
2.428000000000000000e+03
2.428000000000000000e+03
2.428000000000000000e+03
1.925000000000000000e+03
1.000000000000000000e+03
1.000000000000000000e+03
3.147000000000000000e+03
3.823000000000000000e+03
3.823000000000000000e+03
9.750000000000000000e+02
9.750000000000000000e+02
1.733000000000000000e+03
1.733000000000000000e+03
1.647000000000000000e+03
1.619000000000000000e+03
1.889000000000000000e+03
1.890000000000000000e+03
1.738000000000000000e+03
1.738000000000000000e+03
1.738000000000000000e+03
8.000000000000000000e+02
3.100000000000000000e+01
3.100000000000000000e+01
3.100000000000000000e+01
1.790000000000000000e+03
1.245200000000000000e+04
1.245200000000000000e+04
3.816000000000000000e+03
3.816000000000000000e+03
8.680000000000000000e+02
8.680000000000000000e+02
8.680000000000000000e+02
6.001000000000000000e+03
6.001000000000000000e+03
6.001000000000000000e+03
2.203000000000000000e+03
2.203000000000000000e+03
1.923000000000000000e+03
7.640000000000000000e+02
1.006000000000000000e+03
8.780000000000000000e+02
7.880000000000000000e+02
7.880000000000000000e+02
1.624000000000000000e+03
1.624000000000000000e+03
1.624000000000000000e+03
1.624000000000000000e+03
7.600000000000000000e+02
7.600000000000000000e+02
7.600000000000000000e+02
7.600000000000000000e+02
7.600000000000000000e+02
7.600000000000000000e+02
7.600000000000000000e+02
4.075000000000000000e+03
1.881000000000000000e+03
8.740000000000000000e+02
4.068000000000000000e+03
1.776000000000000000e+03
4.320000000000000000e+02
4.320000000000000000e+02
4.320000000000000000e+02
6.250000000000000000e+02
6.250000000000000000e+02
3.495000000000000000e+03
3.650000000000000000e+03
1.883000000000000000e+03
1.770000000000000000e+03
1.887000000000000000e+03
6.840000000000000000e+02
6.840000000000000000e+02
6.840000000000000000e+02
4.041000000000000000e+03
4.041000000000000000e+03
1.972000000000000000e+03
6.510000000000000000e+02
9.690000000000000000e+02
9.690000000000000000e+02
1.693000000000000000e+03
1.300000000000000000e+01
1.300000000000000000e+01
1.300000000000000000e+01
7.650000000000000000e+02
2.502000000000000000e+03
9.540000000000000000e+02
5.349000000000000000e+03
5.349000000000000000e+03
5.349000000000000000e+03
5.349000000000000000e+03
5.349000000000000000e+03
5.349000000000000000e+03
5.349000000000000000e+03
5.349000000000000000e+03
5.349000000000000000e+03
5.349000000000000000e+03
2.768000000000000000e+03
2.769000000000000000e+03
2.770000000000000000e+03
6.880000000000000000e+02
2.620000000000000000e+02
7.630000000000000000e+02
1.869000000000000000e+03
1.735000000000000000e+03
1.734000000000000000e+03
7.910000000000000000e+02
8.450000000000000000e+02
8.450000000000000000e+02
8.450000000000000000e+02
2.564000000000000000e+03
4.069000000000000000e+03
6.211000000000000000e+03
6.211000000000000000e+03
6.211000000000000000e+03
1.854000000000000000e+03
1.854000000000000000e+03
1.245200000000000000e+04
1.245200000000000000e+04
1.709000000000000000e+03
1.953000000000000000e+03
1.778000000000000000e+03
2.150000000000000000e+02
2.150000000000000000e+02
1.714000000000000000e+03
1.740000000000000000e+03
1.740000000000000000e+03
8.963000000000000000e+03
7.400000000000000000e+01
7.400000000000000000e+01
7.400000000000000000e+01
6.260000000000000000e+02
6.260000000000000000e+02
3.840000000000000000e+02
3.840000000000000000e+02
3.840000000000000000e+02
5.900000000000000000e+01
5.900000000000000000e+01
5.900000000000000000e+01
5.900000000000000000e+01
5.900000000000000000e+01
5.900000000000000000e+01
5.900000000000000000e+01
5.900000000000000000e+01
5.900000000000000000e+01
5.900000000000000000e+01
5.900000000000000000e+01
5.900000000000000000e+01
1.652000000000000000e+03
1.652000000000000000e+03
1.652000000000000000e+03
1.652000000000000000e+03
1.652000000000000000e+03
1.652000000000000000e+03
1.652000000000000000e+03
9.780000000000000000e+02
9.910000000000000000e+02
1.711000000000000000e+03
2.377000000000000000e+03
6.700000000000000000e+01
3.431000000000000000e+03
4.567000000000000000e+03
1.921000000000000000e+03
1.929000000000000000e+03
1.929000000000000000e+03
1.681000000000000000e+03
1.681000000000000000e+03
1.681000000000000000e+03
1.874000000000000000e+03
1.874000000000000000e+03
1.783000000000000000e+03
8.760000000000000000e+02
8.760000000000000000e+02
8.760000000000000000e+02
8.760000000000000000e+02
8.760000000000000000e+02
8.760000000000000000e+02
8.760000000000000000e+02
8.760000000000000000e+02
8.760000000000000000e+02
8.760000000000000000e+02
8.760000000000000000e+02
8.760000000000000000e+02
8.760000000000000000e+02
8.760000000000000000e+02
8.760000000000000000e+02
8.760000000000000000e+02
8.760000000000000000e+02
8.760000000000000000e+02
8.760000000000000000e+02
1.750000000000000000e+03
9.480000000000000000e+02
1.924000000000000000e+03
9.750000000000000000e+02
9.750000000000000000e+02
8.450000000000000000e+02
8.450000000000000000e+02
8.450000000000000000e+02
7.500000000000000000e+01
7.500000000000000000e+01
1.515000000000000000e+03
4.069000000000000000e+03
6.560000000000000000e+02
6.560000000000000000e+02
1.953000000000000000e+03
9.390000000000000000e+02
9.390000000000000000e+02
9.390000000000000000e+02
3.040000000000000000e+03
3.040000000000000000e+03
3.040000000000000000e+03
3.040000000000000000e+03
1.868000000000000000e+03
1.915000000000000000e+03
6.168000000000000000e+03
6.168000000000000000e+03
6.168000000000000000e+03
1.885000000000000000e+03
1.520000000000000000e+03
1.520000000000000000e+03
1.912000000000000000e+03
6.160000000000000000e+02
1.175400000000000000e+04
1.175400000000000000e+04
1.175400000000000000e+04
1.873000000000000000e+03
1.914000000000000000e+03
6.150000000000000000e+02
6.150000000000000000e+02
6.150000000000000000e+02
6.150000000000000000e+02
6.940000000000000000e+02
3.783000000000000000e+03
3.783000000000000000e+03
3.783000000000000000e+03
3.783000000000000000e+03
3.783000000000000000e+03
3.783000000000000000e+03
3.783000000000000000e+03
3.783000000000000000e+03
3.783000000000000000e+03
3.783000000000000000e+03
3.783000000000000000e+03
3.783000000000000000e+03
1.866000000000000000e+03
5.700000000000000000e+01
5.700000000000000000e+01
8.591000000000000000e+03
8.591000000000000000e+03
9.480000000000000000e+02
1.489000000000000000e+03
1.489000000000000000e+03
1.489000000000000000e+03
7.570000000000000000e+02
7.570000000000000000e+02
7.570000000000000000e+02
5.540000000000000000e+02
4.068000000000000000e+03
3.763000000000000000e+03
3.763000000000000000e+03
3.763000000000000000e+03
3.763000000000000000e+03
1.119000000000000000e+03
1.119000000000000000e+03
1.119000000000000000e+03
1.119000000000000000e+03
1.119000000000000000e+03
1.119000000000000000e+03
1.119000000000000000e+03
1.119000000000000000e+03
1.783000000000000000e+03
6.150000000000000000e+02
6.150000000000000000e+02
6.150000000000000000e+02
6.150000000000000000e+02
6.880000000000000000e+02
1.870000000000000000e+03
1.620000000000000000e+03
1.620000000000000000e+03
1.515000000000000000e+03
1.734000000000000000e+03
3.784000000000000000e+03
3.784000000000000000e+03
3.784000000000000000e+03
3.784000000000000000e+03
3.784000000000000000e+03
3.784000000000000000e+03
3.784000000000000000e+03
3.784000000000000000e+03
3.784000000000000000e+03
3.784000000000000000e+03
3.784000000000000000e+03
3.784000000000000000e+03
1.875000000000000000e+03
1.875000000000000000e+03
1.817000000000000000e+03
1.649000000000000000e+03
6.900000000000000000e+02
2.700000000000000000e+01
2.870000000000000000e+02
2.870000000000000000e+02
2.870000000000000000e+02
2.870000000000000000e+02
2.870000000000000000e+02
2.870000000000000000e+02
2.870000000000000000e+02
5.600000000000000000e+02
9.290000000000000000e+02
1.020600000000000000e+04
1.657000000000000000e+03
1.657000000000000000e+03
1.658000000000000000e+03
1.658000000000000000e+03
1.915000000000000000e+03
8.170000000000000000e+02
8.170000000000000000e+02
8.170000000000000000e+02
9.730000000000000000e+02
8.490000000000000000e+02
4.410000000000000000e+02
6.920000000000000000e+03
7.050000000000000000e+02
8.520000000000000000e+02
8.520000000000000000e+02
1.886000000000000000e+03
8.800000000000000000e+01
8.800000000000000000e+01
9.280000000000000000e+02
3.000000000000000000e+00
3.000000000000000000e+00
6.209000000000000000e+03
1.814000000000000000e+03
6.260000000000000000e+02
6.260000000000000000e+02
1.953000000000000000e+03
3.046000000000000000e+03
3.046000000000000000e+03
3.046000000000000000e+03
3.046000000000000000e+03
3.043000000000000000e+03
3.043000000000000000e+03
3.043000000000000000e+03
3.043000000000000000e+03
1.953000000000000000e+03
2.474000000000000000e+03
1.955000000000000000e+03
1.955000000000000000e+03
1.955000000000000000e+03
1.955000000000000000e+03
1.955000000000000000e+03
5.396000000000000000e+03
1.001200000000000000e+04
1.654000000000000000e+03
1.654000000000000000e+03
1.915000000000000000e+03
3.151000000000000000e+03
4.487000000000000000e+03
4.487000000000000000e+03
4.487000000000000000e+03
1.135800000000000000e+04
1.135800000000000000e+04
1.135800000000000000e+04
1.135800000000000000e+04
1.135800000000000000e+04
1.135800000000000000e+04
1.135800000000000000e+04
1.443000000000000000e+03
1.821000000000000000e+03
1.821000000000000000e+03
3.525000000000000000e+03
3.525000000000000000e+03
3.525000000000000000e+03
3.524000000000000000e+03
3.524000000000000000e+03
6.110000000000000000e+02
2.860000000000000000e+02
2.860000000000000000e+02
2.860000000000000000e+02
2.860000000000000000e+02
8.500000000000000000e+02
8.500000000000000000e+02
8.500000000000000000e+02
8.500000000000000000e+02
8.500000000000000000e+02
8.500000000000000000e+02
2.337000000000000000e+03
2.337000000000000000e+03
2.337000000000000000e+03
2.337000000000000000e+03
7.890000000000000000e+02
7.890000000000000000e+02
1.951000000000000000e+03
1.951000000000000000e+03
1.951000000000000000e+03
1.893000000000000000e+03
9.190000000000000000e+02
1.465000000000000000e+03
6.550000000000000000e+02
6.550000000000000000e+02
6.150000000000000000e+02
6.150000000000000000e+02
6.150000000000000000e+02
6.150000000000000000e+02
8.490000000000000000e+02
8.730000000000000000e+02
8.730000000000000000e+02
8.730000000000000000e+02
8.730000000000000000e+02
8.730000000000000000e+02
2.341000000000000000e+03
2.341000000000000000e+03
2.341000000000000000e+03
2.341000000000000000e+03
1.610000000000000000e+03
1.937000000000000000e+03
1.937000000000000000e+03
1.171700000000000000e+04
1.171700000000000000e+04
1.512000000000000000e+03
1.512000000000000000e+03
1.512000000000000000e+03
1.953000000000000000e+03
1.686000000000000000e+03
4.000000000000000000e+01
4.069000000000000000e+03
5.343000000000000000e+03
5.343000000000000000e+03
5.343000000000000000e+03
5.343000000000000000e+03
6.020000000000000000e+02
6.020000000000000000e+02
1.533000000000000000e+03
2.440000000000000000e+02
2.970000000000000000e+02
2.970000000000000000e+02
1.756000000000000000e+03
1.756000000000000000e+03
7.640000000000000000e+02
6.570000000000000000e+02
1.754000000000000000e+03
1.754000000000000000e+03
3.621000000000000000e+03
3.621000000000000000e+03
3.787000000000000000e+03
3.787000000000000000e+03
3.787000000000000000e+03
3.787000000000000000e+03
3.787000000000000000e+03
3.787000000000000000e+03
3.787000000000000000e+03
3.787000000000000000e+03
3.787000000000000000e+03
3.787000000000000000e+03
3.787000000000000000e+03
3.787000000000000000e+03
3.787000000000000000e+03
2.563000000000000000e+03
2.563000000000000000e+03
7.173000000000000000e+03
1.243000000000000000e+03
1.243000000000000000e+03
1.810000000000000000e+03
1.810000000000000000e+03
1.810000000000000000e+03
1.207000000000000000e+03
1.207000000000000000e+03
1.207000000000000000e+03
1.207000000000000000e+03
1.207000000000000000e+03
3.524000000000000000e+03
3.524000000000000000e+03
2.528000000000000000e+03
7.620000000000000000e+02
3.823000000000000000e+03
3.823000000000000000e+03
1.424000000000000000e+03
1.809000000000000000e+03
1.808000000000000000e+03
1.808000000000000000e+03
7.000000000000000000e+02
9.250000000000000000e+02
9.250000000000000000e+02
1.685000000000000000e+03
1.812000000000000000e+03
1.812000000000000000e+03
8.470000000000000000e+02
8.470000000000000000e+02
8.470000000000000000e+02
5.660000000000000000e+02
8.590000000000000000e+02
2.335000000000000000e+03
2.335000000000000000e+03
2.335000000000000000e+03
2.335000000000000000e+03
1.939000000000000000e+03
1.515000000000000000e+03
1.677000000000000000e+03
1.678000000000000000e+03
1.609000000000000000e+03
7.660000000000000000e+02
8.260000000000000000e+02
8.260000000000000000e+02
8.260000000000000000e+02
8.260000000000000000e+02
1.704000000000000000e+03
1.704000000000000000e+03
1.704000000000000000e+03
1.704000000000000000e+03
1.704000000000000000e+03
1.703000000000000000e+03
1.703000000000000000e+03
1.703000000000000000e+03
1.703000000000000000e+03
1.703000000000000000e+03
1.703000000000000000e+03
1.703000000000000000e+03
1.703000000000000000e+03
1.703000000000000000e+03
1.703000000000000000e+03
1.703000000000000000e+03
5.300000000000000000e+01
5.300000000000000000e+01
5.300000000000000000e+01
5.300000000000000000e+01
5.300000000000000000e+01
5.300000000000000000e+01
1.653000000000000000e+03
1.653000000000000000e+03
1.653000000000000000e+03
1.653000000000000000e+03
1.653000000000000000e+03
1.653000000000000000e+03
1.653000000000000000e+03
1.953000000000000000e+03
1.330000000000000000e+02
1.755000000000000000e+03
8.200000000000000000e+02
1.200000000000000000e+01
1.952000000000000000e+03
1.956000000000000000e+03
1.956000000000000000e+03
1.956000000000000000e+03
1.956000000000000000e+03
1.956000000000000000e+03
1.955000000000000000e+03
1.955000000000000000e+03
1.955000000000000000e+03
1.955000000000000000e+03
1.955000000000000000e+03
3.786000000000000000e+03
5.349000000000000000e+03
5.349000000000000000e+03
5.349000000000000000e+03
5.349000000000000000e+03
5.349000000000000000e+03
5.349000000000000000e+03
5.349000000000000000e+03
5.349000000000000000e+03
5.349000000000000000e+03
5.349000000000000000e+03
1.591000000000000000e+03
1.955000000000000000e+03
1.955000000000000000e+03
1.955000000000000000e+03
1.955000000000000000e+03
1.955000000000000000e+03
2.660000000000000000e+02
2.660000000000000000e+02
2.660000000000000000e+02
9.903000000000000000e+03
8.060000000000000000e+02
9.810000000000000000e+02
9.900000000000000000e+01
3.763000000000000000e+03
3.763000000000000000e+03
3.763000000000000000e+03
3.763000000000000000e+03
1.175300000000000000e+04
1.175300000000000000e+04
8.480000000000000000e+02
8.480000000000000000e+02
1.629000000000000000e+03
1.629000000000000000e+03
1.813000000000000000e+03
1.207000000000000000e+03
1.207000000000000000e+03
1.207000000000000000e+03
1.207000000000000000e+03
1.207000000000000000e+03
6.000000000000000000e+02
6.000000000000000000e+02
2.340000000000000000e+03
2.340000000000000000e+03
2.340000000000000000e+03
2.340000000000000000e+03
9.300000000000000000e+02
6.200000000000000000e+02
6.200000000000000000e+02
1.450000000000000000e+02
1.940000000000000000e+03
2.493000000000000000e+03
9.620000000000000000e+02
9.620000000000000000e+02
9.620000000000000000e+02
9.620000000000000000e+02
1.378900000000000000e+04
1.378900000000000000e+04
1.378900000000000000e+04
1.662000000000000000e+03
8.580000000000000000e+02
5.350000000000000000e+03
5.350000000000000000e+03
5.350000000000000000e+03
5.350000000000000000e+03
5.350000000000000000e+03
5.350000000000000000e+03
5.350000000000000000e+03
5.350000000000000000e+03
5.350000000000000000e+03
5.350000000000000000e+03
8.470000000000000000e+02
8.470000000000000000e+02
8.470000000000000000e+02
1.193000000000000000e+03
1.193000000000000000e+03
1.193000000000000000e+03
1.193000000000000000e+03
1.193000000000000000e+03
1.193000000000000000e+03
1.752000000000000000e+03
1.752000000000000000e+03
1.752000000000000000e+03
1.752000000000000000e+03
7.620000000000000000e+02
1.588000000000000000e+03
1.933000000000000000e+03
1.117500000000000000e+04
1.117500000000000000e+04
1.945000000000000000e+03
6.400000000000000000e+02
1.207000000000000000e+03
1.207000000000000000e+03
1.207000000000000000e+03
1.207000000000000000e+03
1.207000000000000000e+03
7.053000000000000000e+03
7.053000000000000000e+03
6.090000000000000000e+02
6.100000000000000000e+02
1.110000000000000000e+02
8.640000000000000000e+02
1.129000000000000000e+03
8.760000000000000000e+02
8.760000000000000000e+02
8.760000000000000000e+02
8.760000000000000000e+02
8.760000000000000000e+02
8.760000000000000000e+02
8.760000000000000000e+02
8.760000000000000000e+02
8.760000000000000000e+02
8.760000000000000000e+02
8.760000000000000000e+02
8.760000000000000000e+02
8.760000000000000000e+02
8.760000000000000000e+02
8.760000000000000000e+02
8.760000000000000000e+02
8.760000000000000000e+02
8.760000000000000000e+02
8.760000000000000000e+02
1.815000000000000000e+03
1.625000000000000000e+03
1.625000000000000000e+03
8.740000000000000000e+02
1.230800000000000000e+04
2.660000000000000000e+02
2.660000000000000000e+02
2.660000000000000000e+02
7.053000000000000000e+03
7.053000000000000000e+03
5.349000000000000000e+03
5.349000000000000000e+03
5.349000000000000000e+03
5.349000000000000000e+03
5.349000000000000000e+03
5.349000000000000000e+03
5.349000000000000000e+03
5.349000000000000000e+03
5.349000000000000000e+03
5.349000000000000000e+03
1.876000000000000000e+03
8.540000000000000000e+02
9.720000000000000000e+02
9.260000000000000000e+02
9.260000000000000000e+02
1.515000000000000000e+03
2.343000000000000000e+03
2.343000000000000000e+03
2.343000000000000000e+03
2.343000000000000000e+03
1.785000000000000000e+03
1.785000000000000000e+03
3.340000000000000000e+03
1.740000000000000000e+03
1.740000000000000000e+03
1.091000000000000000e+03
1.953000000000000000e+03
1.953000000000000000e+03
1.953000000000000000e+03
9.730000000000000000e+02
1.790000000000000000e+03
7.900000000000000000e+02
1.409000000000000000e+03
9.910000000000000000e+02
3.426000000000000000e+03
3.426000000000000000e+03
3.426000000000000000e+03
1.710000000000000000e+03
6.040000000000000000e+02
3.737000000000000000e+03
3.737000000000000000e+03
7.566000000000000000e+03
1.808000000000000000e+03
1.808000000000000000e+03
7.610000000000000000e+02
1.493000000000000000e+03
6.550000000000000000e+02
6.550000000000000000e+02
1.791000000000000000e+03
1.953000000000000000e+03
8.570000000000000000e+02
8.570000000000000000e+02
8.570000000000000000e+02
6.949000000000000000e+03
6.949000000000000000e+03
6.040000000000000000e+02
1.928000000000000000e+03
1.091000000000000000e+03
3.534000000000000000e+03
1.892000000000000000e+03
8.722000000000000000e+03
8.722000000000000000e+03
8.722000000000000000e+03
8.722000000000000000e+03
8.722000000000000000e+03
8.722000000000000000e+03
8.050000000000000000e+02
7.970000000000000000e+02
7.970000000000000000e+02
7.970000000000000000e+02
1.374700000000000000e+04
1.374700000000000000e+04
1.053600000000000000e+04
1.225100000000000000e+04
1.775000000000000000e+03
1.880000000000000000e+03
1.872000000000000000e+03
1.572000000000000000e+03
2.501000000000000000e+03
2.500000000000000000e+03
1.586000000000000000e+03
5.480000000000000000e+02
5.480000000000000000e+02
1.652000000000000000e+03
1.652000000000000000e+03
1.652000000000000000e+03
1.652000000000000000e+03
1.652000000000000000e+03
1.652000000000000000e+03
1.652000000000000000e+03
1.626000000000000000e+03
3.527000000000000000e+03
3.527000000000000000e+03
9.450000000000000000e+02
9.450000000000000000e+02
9.450000000000000000e+02
1.126000000000000000e+03
1.126000000000000000e+03
8.910000000000000000e+02
1.803000000000000000e+03
9.270000000000000000e+02
1.340000000000000000e+02
4.486000000000000000e+03
1.303800000000000000e+04
1.303800000000000000e+04
4.800000000000000000e+01
4.800000000000000000e+01
2.188000000000000000e+03
1.867000000000000000e+03
7.030000000000000000e+02
2.371000000000000000e+03
2.371000000000000000e+03
2.371000000000000000e+03
2.371000000000000000e+03
2.371000000000000000e+03
2.371000000000000000e+03
2.371000000000000000e+03
2.371000000000000000e+03
6.450000000000000000e+02
6.450000000000000000e+02
5.900000000000000000e+01
5.900000000000000000e+01
5.900000000000000000e+01
5.900000000000000000e+01
5.900000000000000000e+01
5.900000000000000000e+01
5.900000000000000000e+01
5.900000000000000000e+01
5.900000000000000000e+01
5.900000000000000000e+01
5.900000000000000000e+01
5.900000000000000000e+01
9.458000000000000000e+03
9.458000000000000000e+03
9.458000000000000000e+03
9.458000000000000000e+03
9.458000000000000000e+03
9.458000000000000000e+03
9.458000000000000000e+03
9.458000000000000000e+03
9.458000000000000000e+03
9.458000000000000000e+03
2.160000000000000000e+03
2.372000000000000000e+03
2.372000000000000000e+03
2.372000000000000000e+03
2.372000000000000000e+03
2.372000000000000000e+03
2.372000000000000000e+03
2.372000000000000000e+03
2.372000000000000000e+03
2.372000000000000000e+03
2.372000000000000000e+03
1.961000000000000000e+03
1.961000000000000000e+03
1.963000000000000000e+03
1.963000000000000000e+03
1.962000000000000000e+03
1.962000000000000000e+03
1.895000000000000000e+03
1.895000000000000000e+03
1.895000000000000000e+03
1.895000000000000000e+03
1.895000000000000000e+03
4.100000000000000000e+01
1.653000000000000000e+03
1.653000000000000000e+03
1.653000000000000000e+03
1.653000000000000000e+03
1.653000000000000000e+03
1.653000000000000000e+03
1.653000000000000000e+03
9.420000000000000000e+02
9.420000000000000000e+02
3.060000000000000000e+03
3.060000000000000000e+03
3.060000000000000000e+03
3.060000000000000000e+03
9.950000000000000000e+02
9.310000000000000000e+02
1.938000000000000000e+03
1.491000000000000000e+03
1.491000000000000000e+03
5.280000000000000000e+02
2.660000000000000000e+02
2.660000000000000000e+02
2.660000000000000000e+02
1.470000000000000000e+02
1.736000000000000000e+03
7.730000000000000000e+02
7.730000000000000000e+02
5.200000000000000000e+01
5.200000000000000000e+01
5.200000000000000000e+01
1.687000000000000000e+03
1.687000000000000000e+03
1.687000000000000000e+03
1.652000000000000000e+03
1.652000000000000000e+03
1.652000000000000000e+03
1.652000000000000000e+03
1.652000000000000000e+03
1.652000000000000000e+03
1.652000000000000000e+03
8.310000000000000000e+02
8.310000000000000000e+02
5.800000000000000000e+01
7.590000000000000000e+02
7.590000000000000000e+02
7.590000000000000000e+02
9.510000000000000000e+02
5.349000000000000000e+03
5.349000000000000000e+03
5.349000000000000000e+03
5.349000000000000000e+03
5.349000000000000000e+03
5.349000000000000000e+03
5.349000000000000000e+03
5.349000000000000000e+03
5.349000000000000000e+03
5.349000000000000000e+03
1.868000000000000000e+03
1.835000000000000000e+03
1.835000000000000000e+03
1.835000000000000000e+03
4.517000000000000000e+03
5.349000000000000000e+03
5.349000000000000000e+03
5.349000000000000000e+03
5.349000000000000000e+03
5.349000000000000000e+03
5.349000000000000000e+03
5.349000000000000000e+03
5.349000000000000000e+03
5.349000000000000000e+03
5.349000000000000000e+03
2.338000000000000000e+03
2.338000000000000000e+03
2.338000000000000000e+03
2.338000000000000000e+03
1.695000000000000000e+03
1.695000000000000000e+03
1.695000000000000000e+03
1.696000000000000000e+03
1.696000000000000000e+03
1.696000000000000000e+03
1.209000000000000000e+03
1.897000000000000000e+03
1.190000000000000000e+03
1.190000000000000000e+03
1.190000000000000000e+03
1.190000000000000000e+03
1.190000000000000000e+03
9.650000000000000000e+02
7.370000000000000000e+02
8.200000000000000000e+02
1.784000000000000000e+03
1.784000000000000000e+03
8.210000000000000000e+02
8.210000000000000000e+02
1.715000000000000000e+03
9.780000000000000000e+02
1.571000000000000000e+03
7.407000000000000000e+03
7.407000000000000000e+03
7.407000000000000000e+03
7.407000000000000000e+03
7.407000000000000000e+03
7.407000000000000000e+03
7.407000000000000000e+03
7.407000000000000000e+03
7.407000000000000000e+03
7.407000000000000000e+03
7.407000000000000000e+03
7.407000000000000000e+03
7.407000000000000000e+03
7.407000000000000000e+03
7.407000000000000000e+03
7.407000000000000000e+03
7.407000000000000000e+03
7.407000000000000000e+03
7.407000000000000000e+03
7.407000000000000000e+03
7.407000000000000000e+03
7.407000000000000000e+03
7.407000000000000000e+03
7.407000000000000000e+03
7.407000000000000000e+03
7.407000000000000000e+03
7.407000000000000000e+03
7.407000000000000000e+03
7.407000000000000000e+03
7.407000000000000000e+03
7.407000000000000000e+03
7.407000000000000000e+03
7.407000000000000000e+03
7.407000000000000000e+03
7.407000000000000000e+03
7.407000000000000000e+03
7.407000000000000000e+03
7.407000000000000000e+03
7.407000000000000000e+03
7.407000000000000000e+03
7.407000000000000000e+03
7.407000000000000000e+03
7.407000000000000000e+03
7.407000000000000000e+03
7.407000000000000000e+03
7.407000000000000000e+03
7.407000000000000000e+03
7.407000000000000000e+03
1.187000000000000000e+03
1.187000000000000000e+03
1.187000000000000000e+03
1.187000000000000000e+03
1.187000000000000000e+03
9.740000000000000000e+02
9.740000000000000000e+02
9.740000000000000000e+02
9.740000000000000000e+02
9.410000000000000000e+02
9.410000000000000000e+02
1.176000000000000000e+03
1.176000000000000000e+03
1.176000000000000000e+03
1.198000000000000000e+03
1.079700000000000000e+04
1.916000000000000000e+03
6.340000000000000000e+02
2.480000000000000000e+02
2.480000000000000000e+02
2.480000000000000000e+02
2.480000000000000000e+02
2.480000000000000000e+02
1.187000000000000000e+03
1.187000000000000000e+03
1.187000000000000000e+03
1.187000000000000000e+03
1.187000000000000000e+03
1.200000000000000000e+03
1.270000000000000000e+03
1.270000000000000000e+03
1.280000000000000000e+02
1.280000000000000000e+02
1.280000000000000000e+02
1.280000000000000000e+02
1.280000000000000000e+02
1.280000000000000000e+02
1.280000000000000000e+02
1.280000000000000000e+02
1.280000000000000000e+02
1.280000000000000000e+02
1.280000000000000000e+02
1.280000000000000000e+02
1.280000000000000000e+02
1.280000000000000000e+02
1.280000000000000000e+02
1.280000000000000000e+02
1.280000000000000000e+02
1.280000000000000000e+02
1.280000000000000000e+02
1.280000000000000000e+02
1.280000000000000000e+02
7.404000000000000000e+03
1.759000000000000000e+03
1.768000000000000000e+03
1.768000000000000000e+03
1.209000000000000000e+03
2.614000000000000000e+03
1.193000000000000000e+03
1.193000000000000000e+03
1.193000000000000000e+03
1.193000000000000000e+03
1.193000000000000000e+03
1.193000000000000000e+03
1.934000000000000000e+03
1.444100000000000000e+04
1.838000000000000000e+03
1.838000000000000000e+03
2.840000000000000000e+02
2.840000000000000000e+02
2.900000000000000000e+02
5.364000000000000000e+03
6.881000000000000000e+03
6.881000000000000000e+03
1.190000000000000000e+03
1.190000000000000000e+03
1.190000000000000000e+03
1.190000000000000000e+03
1.190000000000000000e+03
9.490000000000000000e+02
1.175500000000000000e+04
1.175500000000000000e+04
1.728000000000000000e+03
1.728000000000000000e+03
6.133000000000000000e+03
1.417000000000000000e+04
1.417000000000000000e+04
1.417000000000000000e+04
1.524000000000000000e+03
1.563300000000000000e+04
2.226000000000000000e+03
2.226000000000000000e+03
9.710000000000000000e+02
1.091000000000000000e+03
1.782800000000000000e+04
1.922100000000000000e+04
1.922100000000000000e+04
1.922100000000000000e+04
8.820000000000000000e+02
2.473000000000000000e+03
1.199100000000000000e+04
1.771600000000000000e+04
1.843000000000000000e+04
1.843100000000000000e+04
1.842900000000000000e+04
1.858100000000000000e+04
7.020000000000000000e+02
1.870700000000000000e+04
1.872000000000000000e+03
3.526000000000000000e+03
3.526000000000000000e+03
7.816000000000000000e+03
7.816000000000000000e+03
8.678000000000000000e+03
1.585600000000000000e+04
1.585600000000000000e+04
2.163600000000000000e+04
2.163600000000000000e+04
2.163600000000000000e+04
2.163600000000000000e+04
2.163600000000000000e+04
2.163600000000000000e+04
2.163600000000000000e+04
2.163600000000000000e+04
1.179000000000000000e+03
1.179000000000000000e+03
1.179000000000000000e+03
1.179000000000000000e+03
1.179000000000000000e+03
1.179000000000000000e+03
1.179000000000000000e+03
1.179000000000000000e+03
1.179000000000000000e+03
1.179000000000000000e+03
1.179000000000000000e+03
1.179000000000000000e+03
1.179000000000000000e+03
1.179000000000000000e+03
1.179000000000000000e+03
1.214000000000000000e+03
1.214000000000000000e+03
1.208000000000000000e+03
1.208000000000000000e+03
1.208000000000000000e+03
1.214000000000000000e+03
1.214000000000000000e+03
1.152900000000000000e+04
2.107100000000000000e+04
2.107100000000000000e+04
2.107100000000000000e+04
2.107100000000000000e+04
2.107100000000000000e+04
2.107100000000000000e+04
2.107100000000000000e+04
2.107100000000000000e+04
2.107100000000000000e+04
2.107100000000000000e+04
2.107100000000000000e+04
2.107100000000000000e+04
2.107100000000000000e+04
2.107100000000000000e+04
2.107100000000000000e+04
8.968000000000000000e+03
1.176000000000000000e+03
1.176000000000000000e+03
1.176000000000000000e+03
3.077000000000000000e+03
2.247700000000000000e+04
