1.210000000000000000e+02
1.210000000000000000e+02
1.210000000000000000e+02
1.210000000000000000e+02
1.210000000000000000e+02
1.210000000000000000e+02
1.210000000000000000e+02
1.210000000000000000e+02
1.210000000000000000e+02
1.210000000000000000e+02
1.210000000000000000e+02
1.210000000000000000e+02
1.210000000000000000e+02
3.271000000000000000e+03
3.271000000000000000e+03
3.271000000000000000e+03
2.204000000000000000e+03
3.550000000000000000e+02
3.550000000000000000e+02
3.550000000000000000e+02
1.194000000000000000e+03
1.953000000000000000e+03
1.510000000000000000e+02
4.550000000000000000e+02
1.826000000000000000e+03
1.826000000000000000e+03
1.775000000000000000e+03
8.220000000000000000e+02
8.220000000000000000e+02
1.400000000000000000e+02
1.400000000000000000e+02
1.400000000000000000e+02
1.400000000000000000e+02
1.485000000000000000e+03
1.485000000000000000e+03
1.485000000000000000e+03
8.320000000000000000e+02
8.320000000000000000e+02
8.320000000000000000e+02
8.320000000000000000e+02
8.320000000000000000e+02
8.520000000000000000e+02
8.520000000000000000e+02
1.460000000000000000e+02
1.497000000000000000e+03
1.569000000000000000e+03
2.590000000000000000e+02
1.515000000000000000e+03
4.710000000000000000e+02
1.497000000000000000e+03
1.040000000000000000e+02
1.040000000000000000e+02
5.351000000000000000e+03
8.540000000000000000e+02
1.495000000000000000e+03
1.495000000000000000e+03
1.495000000000000000e+03
1.495000000000000000e+03
1.754000000000000000e+03
1.754000000000000000e+03
6.810000000000000000e+02
6.810000000000000000e+02
6.810000000000000000e+02
6.810000000000000000e+02
6.810000000000000000e+02
6.810000000000000000e+02
6.810000000000000000e+02
6.810000000000000000e+02
1.626000000000000000e+03
1.870000000000000000e+03
1.505000000000000000e+03
1.300000000000000000e+02
1.300000000000000000e+02
1.080000000000000000e+02
1.633000000000000000e+03
1.633000000000000000e+03
1.633000000000000000e+03
1.752000000000000000e+03
1.752000000000000000e+03
7.990000000000000000e+02
7.990000000000000000e+02
7.990000000000000000e+02
7.990000000000000000e+02
7.990000000000000000e+02
7.990000000000000000e+02
7.990000000000000000e+02
7.990000000000000000e+02
7.990000000000000000e+02
7.990000000000000000e+02
7.990000000000000000e+02
7.990000000000000000e+02
7.990000000000000000e+02
7.990000000000000000e+02
7.990000000000000000e+02
7.990000000000000000e+02
7.990000000000000000e+02
7.990000000000000000e+02
7.990000000000000000e+02
7.990000000000000000e+02
7.990000000000000000e+02
7.990000000000000000e+02
1.916000000000000000e+03
3.680000000000000000e+02
3.680000000000000000e+02
1.495000000000000000e+03
1.495000000000000000e+03
1.495000000000000000e+03
1.495000000000000000e+03
6.940000000000000000e+02
1.560000000000000000e+02
1.042000000000000000e+03
9.630000000000000000e+02
1.711000000000000000e+03
7.640000000000000000e+02
1.817000000000000000e+03
1.330000000000000000e+02
5.200000000000000000e+01
5.200000000000000000e+01
5.200000000000000000e+01
1.647000000000000000e+03
1.720000000000000000e+03
1.046000000000000000e+03
1.046000000000000000e+03
3.300000000000000000e+01
3.300000000000000000e+01
1.409000000000000000e+03
1.662000000000000000e+03
7.950000000000000000e+02
7.950000000000000000e+02
1.011000000000000000e+03
1.011000000000000000e+03
1.011000000000000000e+03
1.241000000000000000e+03
8.260000000000000000e+02
8.260000000000000000e+02
8.260000000000000000e+02
8.260000000000000000e+02
1.200000000000000000e+01
1.867000000000000000e+03
1.560000000000000000e+03
1.856000000000000000e+03
1.856000000000000000e+03
1.856000000000000000e+03
1.856000000000000000e+03
1.856000000000000000e+03
3.381000000000000000e+03
3.381000000000000000e+03
3.381000000000000000e+03
3.381000000000000000e+03
3.381000000000000000e+03
3.381000000000000000e+03
3.464000000000000000e+03
5.783000000000000000e+03
5.783000000000000000e+03
5.783000000000000000e+03
5.783000000000000000e+03
5.783000000000000000e+03
5.783000000000000000e+03
5.783000000000000000e+03
5.783000000000000000e+03
2.300000000000000000e+01
2.300000000000000000e+01
8.600000000000000000e+02
8.600000000000000000e+02
9.250000000000000000e+02
9.250000000000000000e+02
1.489000000000000000e+03
1.489000000000000000e+03
1.489000000000000000e+03
3.781000000000000000e+03
3.781000000000000000e+03
3.781000000000000000e+03
3.185000000000000000e+03
3.185000000000000000e+03
6.480000000000000000e+02
1.523000000000000000e+03
1.496000000000000000e+03
1.814000000000000000e+03
1.693000000000000000e+03
8.170000000000000000e+02
8.170000000000000000e+02
8.170000000000000000e+02
1.300000000000000000e+01
1.300000000000000000e+01
1.300000000000000000e+01
7.650000000000000000e+02
7.900000000000000000e+02
7.880000000000000000e+02
7.880000000000000000e+02
1.126000000000000000e+03
1.126000000000000000e+03
1.735000000000000000e+03
8.910000000000000000e+02
1.586000000000000000e+03
1.698000000000000000e+03
4.570000000000000000e+02
4.570000000000000000e+02
2.900000000000000000e+01
7.620000000000000000e+02
1.450000000000000000e+02
2.970000000000000000e+02
2.970000000000000000e+02
1.251000000000000000e+03
1.251000000000000000e+03
6.260000000000000000e+02
6.260000000000000000e+02
6.050000000000000000e+02
6.050000000000000000e+02
6.050000000000000000e+02
1.752000000000000000e+03
1.752000000000000000e+03
1.599000000000000000e+03
1.599000000000000000e+03
1.713000000000000000e+03
1.713000000000000000e+03
1.400000000000000000e+02
1.400000000000000000e+02
1.400000000000000000e+02
1.400000000000000000e+02
5.000000000000000000e+02
5.000000000000000000e+02
6.390000000000000000e+02
6.000000000000000000e+01
7.990000000000000000e+02
7.990000000000000000e+02
7.990000000000000000e+02
7.990000000000000000e+02
7.990000000000000000e+02
7.990000000000000000e+02
7.990000000000000000e+02
7.990000000000000000e+02
7.990000000000000000e+02
7.990000000000000000e+02
7.990000000000000000e+02
7.990000000000000000e+02
7.990000000000000000e+02
7.990000000000000000e+02
7.990000000000000000e+02
7.990000000000000000e+02
7.990000000000000000e+02
7.990000000000000000e+02
7.990000000000000000e+02
7.990000000000000000e+02
7.990000000000000000e+02
7.990000000000000000e+02
1.900000000000000000e+01
6.400000000000000000e+02
1.495000000000000000e+03
1.495000000000000000e+03
1.495000000000000000e+03
1.495000000000000000e+03
4.810000000000000000e+02
1.857000000000000000e+03
1.055000000000000000e+03
1.607000000000000000e+03
1.114000000000000000e+03
1.114000000000000000e+03
1.114000000000000000e+03
1.114000000000000000e+03
1.114000000000000000e+03
8.650000000000000000e+02
8.730000000000000000e+02
8.730000000000000000e+02
8.730000000000000000e+02
8.730000000000000000e+02
8.730000000000000000e+02
1.953000000000000000e+03
1.941000000000000000e+03
1.259000000000000000e+03
3.417000000000000000e+03
1.659000000000000000e+03
1.620000000000000000e+03
1.620000000000000000e+03
1.350000000000000000e+02
1.350000000000000000e+02
1.350000000000000000e+02
1.008000000000000000e+03
6.450000000000000000e+02
6.450000000000000000e+02
5.300000000000000000e+01
5.300000000000000000e+01
5.300000000000000000e+01
5.300000000000000000e+01
5.300000000000000000e+01
5.300000000000000000e+01
1.400000000000000000e+01
3.430000000000000000e+03
1.900000000000000000e+01
8.320000000000000000e+02
8.320000000000000000e+02
8.320000000000000000e+02
8.320000000000000000e+02
8.320000000000000000e+02
1.776000000000000000e+03
1.895000000000000000e+03
1.895000000000000000e+03
1.895000000000000000e+03
1.895000000000000000e+03
1.895000000000000000e+03
9.780000000000000000e+02
1.709000000000000000e+03
1.915000000000000000e+03
1.480000000000000000e+03
3.430000000000000000e+03
1.841000000000000000e+03
6.920000000000000000e+02
1.480000000000000000e+02
6.000000000000000000e+02
6.000000000000000000e+02
1.433000000000000000e+03
9.459000000000000000e+03
1.400000000000000000e+02
1.400000000000000000e+02
1.400000000000000000e+02
1.400000000000000000e+02
2.000000000000000000e+01
1.425000000000000000e+03
1.425000000000000000e+03
6.044000000000000000e+03
6.044000000000000000e+03
3.778000000000000000e+03
3.320000000000000000e+02
1.515000000000000000e+03
1.955000000000000000e+03
1.955000000000000000e+03
1.955000000000000000e+03
1.955000000000000000e+03
1.955000000000000000e+03
3.821000000000000000e+03
3.823000000000000000e+03
3.823000000000000000e+03
1.962000000000000000e+03
1.962000000000000000e+03
5.430000000000000000e+02
5.430000000000000000e+02
4.590000000000000000e+02
3.639000000000000000e+03
3.750000000000000000e+03
1.753000000000000000e+03
2.232000000000000000e+03
4.590000000000000000e+02
3.823000000000000000e+03
3.823000000000000000e+03
3.153000000000000000e+03
2.188000000000000000e+03
2.410000000000000000e+02
2.420000000000000000e+02
1.586000000000000000e+03
2.493000000000000000e+03
5.879000000000000000e+03
5.878000000000000000e+03
5.250000000000000000e+02
5.250000000000000000e+02
5.250000000000000000e+02
5.250000000000000000e+02
1.032000000000000000e+03
6.940000000000000000e+02
1.280000000000000000e+02
1.280000000000000000e+02
1.280000000000000000e+02
1.280000000000000000e+02
1.280000000000000000e+02
1.280000000000000000e+02
1.280000000000000000e+02
1.280000000000000000e+02
1.280000000000000000e+02
1.280000000000000000e+02
1.280000000000000000e+02
1.280000000000000000e+02
1.280000000000000000e+02
1.280000000000000000e+02
1.280000000000000000e+02
1.280000000000000000e+02
1.280000000000000000e+02
1.280000000000000000e+02
1.280000000000000000e+02
1.280000000000000000e+02
1.280000000000000000e+02
8.323000000000000000e+03
8.322000000000000000e+03
4.250000000000000000e+02
8.240000000000000000e+02
8.240000000000000000e+02
8.240000000000000000e+02
8.240000000000000000e+02
8.240000000000000000e+02
8.240000000000000000e+02
3.220000000000000000e+02
3.240000000000000000e+02
1.340000000000000000e+02
1.631000000000000000e+03
2.160000000000000000e+03
8.311000000000000000e+03
2.372000000000000000e+03
2.372000000000000000e+03
2.372000000000000000e+03
2.372000000000000000e+03
2.372000000000000000e+03
2.372000000000000000e+03
2.372000000000000000e+03
2.372000000000000000e+03
2.372000000000000000e+03
2.372000000000000000e+03
3.620000000000000000e+02
9.903000000000000000e+03
6.447000000000000000e+03
3.250000000000000000e+02
4.260000000000000000e+02
3.630000000000000000e+02
3.786000000000000000e+03
3.119000000000000000e+03
7.990000000000000000e+02
7.990000000000000000e+02
7.990000000000000000e+02
7.990000000000000000e+02
7.990000000000000000e+02
7.990000000000000000e+02
7.990000000000000000e+02
7.990000000000000000e+02
7.990000000000000000e+02
7.990000000000000000e+02
7.990000000000000000e+02
7.990000000000000000e+02
7.990000000000000000e+02
7.990000000000000000e+02
7.990000000000000000e+02
7.990000000000000000e+02
7.990000000000000000e+02
7.990000000000000000e+02
7.990000000000000000e+02
7.990000000000000000e+02
7.990000000000000000e+02
7.990000000000000000e+02
2.990000000000000000e+02
2.990000000000000000e+02
2.990000000000000000e+02
2.490000000000000000e+02
2.490000000000000000e+02
2.490000000000000000e+02
2.490000000000000000e+02
2.490000000000000000e+02
2.490000000000000000e+02
2.490000000000000000e+02
2.490000000000000000e+02
2.490000000000000000e+02
2.490000000000000000e+02
2.490000000000000000e+02
2.490000000000000000e+02
1.280000000000000000e+02
1.280000000000000000e+02
1.280000000000000000e+02
1.280000000000000000e+02
1.280000000000000000e+02
1.280000000000000000e+02
1.280000000000000000e+02
1.280000000000000000e+02
1.280000000000000000e+02
1.280000000000000000e+02
1.280000000000000000e+02
1.280000000000000000e+02
1.280000000000000000e+02
1.280000000000000000e+02
1.280000000000000000e+02
1.280000000000000000e+02
1.280000000000000000e+02
1.280000000000000000e+02
1.280000000000000000e+02
1.280000000000000000e+02
1.280000000000000000e+02
5.784000000000000000e+03
5.784000000000000000e+03
5.784000000000000000e+03
5.784000000000000000e+03
5.784000000000000000e+03
5.784000000000000000e+03
5.784000000000000000e+03
5.784000000000000000e+03
5.784000000000000000e+03
5.784000000000000000e+03
5.784000000000000000e+03
2.400000000000000000e+02
1.589000000000000000e+03
2.501000000000000000e+03
1.095000000000000000e+03
3.594000000000000000e+03
3.147000000000000000e+03
3.240000000000000000e+02
9.540000000000000000e+02
1.883000000000000000e+03
1.652000000000000000e+03
1.652000000000000000e+03
1.652000000000000000e+03
1.652000000000000000e+03
1.652000000000000000e+03
1.652000000000000000e+03
1.652000000000000000e+03
3.700000000000000000e+02
3.700000000000000000e+02
3.700000000000000000e+02
6.090000000000000000e+02
1.256000000000000000e+03
1.256000000000000000e+03
1.000000000000000000e+01
1.000000000000000000e+01
1.028000000000000000e+03
2.337000000000000000e+03
2.337000000000000000e+03
2.337000000000000000e+03
2.337000000000000000e+03
1.458000000000000000e+03
2.310000000000000000e+02
2.310000000000000000e+02
1.053000000000000000e+03
1.053000000000000000e+03
1.053000000000000000e+03
1.956000000000000000e+03
1.956000000000000000e+03
1.956000000000000000e+03
1.956000000000000000e+03
1.956000000000000000e+03
1.685000000000000000e+03
3.119000000000000000e+03
5.900000000000000000e+01
5.900000000000000000e+01
5.900000000000000000e+01
5.900000000000000000e+01
5.900000000000000000e+01
5.900000000000000000e+01
5.900000000000000000e+01
5.900000000000000000e+01
5.900000000000000000e+01
5.900000000000000000e+01
5.900000000000000000e+01
5.900000000000000000e+01
1.040000000000000000e+02
1.666000000000000000e+03
3.181000000000000000e+03
1.784000000000000000e+03
1.784000000000000000e+03
3.335000000000000000e+03
3.335000000000000000e+03
7.940000000000000000e+02
5.230000000000000000e+02
5.230000000000000000e+02
1.684000000000000000e+03
3.720000000000000000e+02
3.720000000000000000e+02
5.070000000000000000e+02
1.410000000000000000e+02
1.410000000000000000e+02
1.410000000000000000e+02
1.410000000000000000e+02
1.410000000000000000e+02
1.410000000000000000e+02
2.613000000000000000e+03
2.612000000000000000e+03
6.250000000000000000e+02
6.250000000000000000e+02
1.652000000000000000e+03
1.652000000000000000e+03
1.652000000000000000e+03
1.652000000000000000e+03
1.652000000000000000e+03
1.652000000000000000e+03
1.652000000000000000e+03
7.880000000000000000e+02
7.880000000000000000e+02
1.061000000000000000e+03
1.061000000000000000e+03
1.061000000000000000e+03
1.061000000000000000e+03
1.061000000000000000e+03
1.061000000000000000e+03
1.061000000000000000e+03
1.061000000000000000e+03
1.061000000000000000e+03
1.061000000000000000e+03
4.990000000000000000e+02
9.007000000000000000e+03
9.007000000000000000e+03
9.007000000000000000e+03
9.007000000000000000e+03
1.644000000000000000e+03
1.584000000000000000e+03
2.225000000000000000e+03
2.225000000000000000e+03
1.673000000000000000e+03
1.673000000000000000e+03
9.570000000000000000e+02
9.570000000000000000e+02
3.336000000000000000e+03
1.000000000000000000e+01
1.000000000000000000e+01
6.162000000000000000e+03
1.020000000000000000e+02
4.250000000000000000e+02
1.755000000000000000e+03
6.150000000000000000e+02
6.150000000000000000e+02
6.150000000000000000e+02
6.150000000000000000e+02
2.492000000000000000e+03
2.500000000000000000e+03
8.289000000000000000e+03
8.289000000000000000e+03
2.224000000000000000e+03
2.224000000000000000e+03
9.699000000000000000e+03
9.699000000000000000e+03
9.699000000000000000e+03
9.699000000000000000e+03
1.447000000000000000e+03
1.447000000000000000e+03
2.233000000000000000e+03
2.233000000000000000e+03
3.273000000000000000e+03
3.273000000000000000e+03
2.535000000000000000e+03
6.570000000000000000e+02
1.919000000000000000e+03
1.919000000000000000e+03
6.040000000000000000e+02
6.410000000000000000e+02
9.300000000000000000e+02
1.778000000000000000e+03
7.890000000000000000e+02
7.890000000000000000e+02
3.830000000000000000e+02
3.830000000000000000e+02
1.940000000000000000e+03
1.533000000000000000e+03
8.200000000000000000e+02
1.633000000000000000e+03
1.633000000000000000e+03
1.633000000000000000e+03
1.114000000000000000e+03
1.114000000000000000e+03
1.114000000000000000e+03
1.114000000000000000e+03
1.114000000000000000e+03
1.714000000000000000e+03
1.012000000000000000e+03
1.935000000000000000e+03
6.520000000000000000e+02
6.520000000000000000e+02
8.330000000000000000e+02
1.887000000000000000e+03
5.480000000000000000e+02
5.480000000000000000e+02
5.480000000000000000e+02
5.480000000000000000e+02
6.810000000000000000e+02
6.810000000000000000e+02
6.810000000000000000e+02
6.810000000000000000e+02
6.810000000000000000e+02
6.810000000000000000e+02
6.810000000000000000e+02
6.810000000000000000e+02
1.919000000000000000e+03
1.919000000000000000e+03
1.920000000000000000e+03
1.920000000000000000e+03
1.443000000000000000e+03
1.649000000000000000e+03
8.170000000000000000e+02
8.170000000000000000e+02
8.170000000000000000e+02
9.480000000000000000e+02
9.190000000000000000e+02
7.590000000000000000e+02
7.590000000000000000e+02
7.590000000000000000e+02
1.433000000000000000e+03
1.754000000000000000e+03
1.754000000000000000e+03
1.876000000000000000e+03
9.700000000000000000e+01
9.700000000000000000e+01
9.700000000000000000e+01
1.759000000000000000e+03
8.000000000000000000e+02
8.000000000000000000e+02
8.640000000000000000e+02
7.630000000000000000e+02
2.700000000000000000e+01
1.781000000000000000e+03
1.781000000000000000e+03
8.260000000000000000e+02
8.260000000000000000e+02
8.260000000000000000e+02
8.260000000000000000e+02
9.270000000000000000e+02
8.730000000000000000e+02
8.730000000000000000e+02
8.730000000000000000e+02
8.730000000000000000e+02
8.730000000000000000e+02
1.923000000000000000e+03
8.540000000000000000e+02
1.576000000000000000e+03
1.576000000000000000e+03
7.700000000000000000e+01
4.530000000000000000e+02
1.556000000000000000e+03
1.556000000000000000e+03
1.556000000000000000e+03
2.750000000000000000e+02
2.750000000000000000e+02
2.750000000000000000e+02
2.750000000000000000e+02
7.500000000000000000e+01
7.500000000000000000e+01
9.390000000000000000e+02
9.390000000000000000e+02
9.390000000000000000e+02
9.790000000000000000e+02
9.790000000000000000e+02
9.120000000000000000e+02
7.700000000000000000e+01
3.100000000000000000e+01
3.100000000000000000e+01
3.100000000000000000e+01
1.520000000000000000e+03
1.520000000000000000e+03
1.870000000000000000e+03
7.670000000000000000e+02
2.780000000000000000e+02
2.780000000000000000e+02
3.527000000000000000e+03
3.527000000000000000e+03
1.255000000000000000e+03
1.255000000000000000e+03
1.687000000000000000e+03
1.687000000000000000e+03
1.687000000000000000e+03
7.680000000000000000e+02
1.579000000000000000e+03
1.918000000000000000e+03
1.494000000000000000e+03
1.494000000000000000e+03
1.755000000000000000e+03
1.595000000000000000e+03
1.749000000000000000e+03
6.970000000000000000e+02
6.160000000000000000e+02
9.690000000000000000e+02
9.690000000000000000e+02
2.280000000000000000e+02
1.945000000000000000e+03
7.610000000000000000e+02
1.734000000000000000e+03
9.010000000000000000e+02
5.300000000000000000e+01
5.300000000000000000e+01
5.300000000000000000e+01
5.300000000000000000e+01
5.300000000000000000e+01
5.300000000000000000e+01
1.613000000000000000e+03
1.649000000000000000e+03
9.620000000000000000e+02
9.620000000000000000e+02
9.620000000000000000e+02
9.620000000000000000e+02
1.803000000000000000e+03
5.800000000000000000e+01
8.200000000000000000e+02
1.596000000000000000e+03
1.596000000000000000e+03
5.526000000000000000e+03
6.730000000000000000e+02
6.730000000000000000e+02
8.680000000000000000e+02
8.680000000000000000e+02
8.680000000000000000e+02
1.114000000000000000e+03
1.114000000000000000e+03
1.114000000000000000e+03
1.114000000000000000e+03
1.114000000000000000e+03
6.970000000000000000e+02
1.087000000000000000e+03
9.970000000000000000e+02
5.900000000000000000e+01
5.900000000000000000e+01
5.900000000000000000e+01
5.900000000000000000e+01
5.900000000000000000e+01
5.900000000000000000e+01
5.900000000000000000e+01
5.900000000000000000e+01
5.900000000000000000e+01
5.900000000000000000e+01
5.900000000000000000e+01
5.900000000000000000e+01
6.450000000000000000e+02
6.450000000000000000e+02
1.091000000000000000e+03
7.630000000000000000e+02
5.600000000000000000e+02
2.870000000000000000e+02
2.870000000000000000e+02
2.870000000000000000e+02
2.870000000000000000e+02
2.870000000000000000e+02
2.870000000000000000e+02
2.870000000000000000e+02
5.540000000000000000e+02
1.200000000000000000e+01
9.450000000000000000e+02
9.450000000000000000e+02
9.450000000000000000e+02
8.310000000000000000e+02
8.310000000000000000e+02
5.680000000000000000e+02
5.680000000000000000e+02
5.680000000000000000e+02
5.680000000000000000e+02
1.487000000000000000e+03
1.256000000000000000e+03
1.256000000000000000e+03
5.490000000000000000e+02
5.490000000000000000e+02
1.139000000000000000e+03
1.139000000000000000e+03
9.420000000000000000e+02
9.420000000000000000e+02
1.875000000000000000e+03
1.875000000000000000e+03
3.840000000000000000e+02
3.840000000000000000e+02
3.840000000000000000e+02
3.600000000000000000e+01
3.600000000000000000e+01
3.600000000000000000e+01
1.057000000000000000e+03
8.450000000000000000e+02
8.450000000000000000e+02
8.450000000000000000e+02
5.396000000000000000e+03
1.845000000000000000e+03
8.220000000000000000e+02
8.220000000000000000e+02
1.784000000000000000e+03
1.784000000000000000e+03
6.700000000000000000e+01
1.790000000000000000e+03
9.730000000000000000e+02
1.710000000000000000e+03
1.525000000000000000e+03
1.465000000000000000e+03
4.719000000000000000e+03
1.555000000000000000e+03
4.510000000000000000e+02
6.000000000000000000e+02
6.000000000000000000e+02
9.630000000000000000e+02
1.627000000000000000e+03
7.910000000000000000e+02
1.933000000000000000e+03
9.500000000000000000e+02
6.060000000000000000e+02
1.772000000000000000e+03
1.772000000000000000e+03
1.626000000000000000e+03
2.860000000000000000e+02
2.860000000000000000e+02
2.860000000000000000e+02
2.860000000000000000e+02
7.730000000000000000e+02
7.730000000000000000e+02
5.660000000000000000e+02
7.990000000000000000e+02
7.990000000000000000e+02
7.990000000000000000e+02
7.990000000000000000e+02
7.990000000000000000e+02
7.990000000000000000e+02
7.990000000000000000e+02
7.990000000000000000e+02
7.990000000000000000e+02
7.990000000000000000e+02
7.990000000000000000e+02
7.990000000000000000e+02
7.990000000000000000e+02
7.990000000000000000e+02
7.990000000000000000e+02
7.990000000000000000e+02
7.990000000000000000e+02
7.990000000000000000e+02
7.990000000000000000e+02
7.990000000000000000e+02
7.990000000000000000e+02
7.990000000000000000e+02
1.866000000000000000e+03
1.465000000000000000e+03
1.756000000000000000e+03
1.756000000000000000e+03
1.690000000000000000e+03
1.470000000000000000e+02
1.869000000000000000e+03
2.150000000000000000e+02
2.150000000000000000e+02
1.483000000000000000e+03
1.477000000000000000e+03
1.725000000000000000e+03
1.725000000000000000e+03
6.150000000000000000e+02
6.150000000000000000e+02
6.150000000000000000e+02
6.150000000000000000e+02
7.970000000000000000e+02
7.970000000000000000e+02
7.970000000000000000e+02
2.900000000000000000e+01
9.460000000000000000e+02
1.591000000000000000e+03
8.830000000000000000e+02
1.400000000000000000e+01
1.881000000000000000e+03
9.310000000000000000e+02
8.590000000000000000e+02
1.921000000000000000e+03
1.924000000000000000e+03
1.925000000000000000e+03
1.000000000000000000e+03
1.000000000000000000e+03
1.929000000000000000e+03
1.929000000000000000e+03
1.928000000000000000e+03
1.912000000000000000e+03
1.783000000000000000e+03
1.091000000000000000e+03
7.660000000000000000e+02
1.609000000000000000e+03
1.010000000000000000e+02
6.450000000000000000e+02
6.450000000000000000e+02
7.960000000000000000e+02
7.960000000000000000e+02
3.431000000000000000e+03
7.050000000000000000e+02
1.236000000000000000e+03
1.236000000000000000e+03
7.000000000000000000e+02
5.973000000000000000e+03
1.886000000000000000e+03
1.872000000000000000e+03
9.630000000000000000e+02
1.873000000000000000e+03
1.736000000000000000e+03
9.510000000000000000e+02
1.868000000000000000e+03
1.640000000000000000e+02
1.640000000000000000e+02
1.640000000000000000e+02
1.640000000000000000e+02
1.640000000000000000e+02
6.580000000000000000e+02
6.580000000000000000e+02
6.580000000000000000e+02
3.820000000000000000e+02
3.820000000000000000e+02
3.820000000000000000e+02
3.820000000000000000e+02
3.820000000000000000e+02
3.820000000000000000e+02
1.897000000000000000e+03
4.091000000000000000e+03
4.091000000000000000e+03
8.520000000000000000e+02
8.520000000000000000e+02
3.331000000000000000e+03
6.042000000000000000e+03
6.042000000000000000e+03
5.895000000000000000e+03
5.895000000000000000e+03
5.936000000000000000e+03
5.936000000000000000e+03
9.260000000000000000e+02
9.260000000000000000e+02
6.110000000000000000e+02
1.940000000000000000e+03
1.755000000000000000e+03
2.229000000000000000e+03
2.227000000000000000e+03
2.227000000000000000e+03
2.230000000000000000e+03
1.031000000000000000e+03
1.737000000000000000e+03
1.737000000000000000e+03
1.878000000000000000e+03
1.738000000000000000e+03
1.738000000000000000e+03
1.738000000000000000e+03
1.755000000000000000e+03
3.760000000000000000e+02
2.900000000000000000e+02
9.000000000000000000e+01
9.000000000000000000e+01
9.000000000000000000e+01
9.000000000000000000e+01
1.079000000000000000e+03
1.760000000000000000e+03
1.760000000000000000e+03
1.760000000000000000e+03
1.760000000000000000e+03
2.300000000000000000e+01
2.300000000000000000e+01
6.260000000000000000e+02
6.260000000000000000e+02
1.939000000000000000e+03
9.400000000000000000e+02
9.400000000000000000e+02
9.400000000000000000e+02
9.400000000000000000e+02
9.400000000000000000e+02
9.400000000000000000e+02
9.400000000000000000e+02
9.400000000000000000e+02
9.400000000000000000e+02
9.400000000000000000e+02
9.400000000000000000e+02
9.400000000000000000e+02
9.400000000000000000e+02
9.400000000000000000e+02
1.733000000000000000e+03
1.733000000000000000e+03
3.000000000000000000e+00
3.000000000000000000e+00
1.608000000000000000e+03
1.816000000000000000e+03
4.200000000000000000e+01
4.200000000000000000e+01
1.424000000000000000e+03
9.430000000000000000e+02
9.430000000000000000e+02
1.952000000000000000e+03
1.810000000000000000e+03
1.810000000000000000e+03
1.810000000000000000e+03
8.650000000000000000e+02
7.700000000000000000e+01
1.770000000000000000e+03
9.910000000000000000e+02
1.438000000000000000e+03
1.438000000000000000e+03
1.483000000000000000e+03
1.477000000000000000e+03
1.951000000000000000e+03
1.951000000000000000e+03
1.951000000000000000e+03
8.800000000000000000e+01
8.800000000000000000e+01
1.007000000000000000e+03
7.480000000000000000e+02
6.770000000000000000e+02
9.900000000000000000e+01
9.810000000000000000e+02
8.060000000000000000e+02
1.972000000000000000e+03
6.740000000000000000e+02
1.439000000000000000e+03
4.320000000000000000e+02
4.320000000000000000e+02
4.320000000000000000e+02
1.775000000000000000e+03
1.637000000000000000e+03
1.560000000000000000e+03
1.638000000000000000e+03
1.885000000000000000e+03
2.080000000000000000e+02
2.080000000000000000e+02
2.080000000000000000e+02
2.080000000000000000e+02
2.080000000000000000e+02
2.080000000000000000e+02
2.080000000000000000e+02
2.080000000000000000e+02
2.080000000000000000e+02
2.080000000000000000e+02
2.080000000000000000e+02
2.080000000000000000e+02
2.080000000000000000e+02
2.080000000000000000e+02
2.080000000000000000e+02
2.080000000000000000e+02
2.080000000000000000e+02
2.080000000000000000e+02
2.080000000000000000e+02
5.280000000000000000e+02
8.310000000000000000e+02
8.310000000000000000e+02
9.280000000000000000e+02
6.400000000000000000e+02
1.714000000000000000e+03
1.867000000000000000e+03
1.689000000000000000e+03
1.627000000000000000e+03
1.937000000000000000e+03
1.937000000000000000e+03
4.487000000000000000e+03
4.487000000000000000e+03
4.487000000000000000e+03
3.820000000000000000e+02
3.820000000000000000e+02
3.820000000000000000e+02
3.820000000000000000e+02
3.820000000000000000e+02
3.820000000000000000e+02
6.270000000000000000e+02
6.270000000000000000e+02
1.915000000000000000e+03
1.458000000000000000e+03
5.603000000000000000e+03
1.468000000000000000e+03
1.712000000000000000e+03
1.745000000000000000e+03
8.600000000000000000e+02
8.600000000000000000e+02
4.960000000000000000e+02
4.960000000000000000e+02
4.960000000000000000e+02
5.349000000000000000e+03
5.349000000000000000e+03
5.349000000000000000e+03
5.349000000000000000e+03
5.349000000000000000e+03
5.349000000000000000e+03
5.349000000000000000e+03
5.349000000000000000e+03
5.349000000000000000e+03
5.349000000000000000e+03
7.580000000000000000e+02
7.580000000000000000e+02
7.580000000000000000e+02
7.580000000000000000e+02
1.619000000000000000e+03
8.200000000000000000e+02
1.753000000000000000e+03
1.512000000000000000e+03
1.512000000000000000e+03
1.512000000000000000e+03
3.527000000000000000e+03
3.527000000000000000e+03
8.320000000000000000e+02
8.320000000000000000e+02
8.320000000000000000e+02
8.320000000000000000e+02
8.320000000000000000e+02
3.820000000000000000e+02
3.820000000000000000e+02
3.820000000000000000e+02
3.820000000000000000e+02
3.820000000000000000e+02
3.820000000000000000e+02
1.046000000000000000e+03
1.046000000000000000e+03
1.607000000000000000e+03
6.045000000000000000e+03
6.045000000000000000e+03
1.724000000000000000e+03
1.821000000000000000e+03
1.821000000000000000e+03
3.525000000000000000e+03
3.525000000000000000e+03
3.525000000000000000e+03
7.600000000000000000e+02
7.600000000000000000e+02
7.600000000000000000e+02
7.600000000000000000e+02
7.600000000000000000e+02
7.600000000000000000e+02
7.600000000000000000e+02
1.126000000000000000e+03
1.126000000000000000e+03
5.712000000000000000e+03
5.712000000000000000e+03
1.586000000000000000e+03
1.647000000000000000e+03
1.029000000000000000e+03
3.810000000000000000e+02
1.270000000000000000e+02
1.240000000000000000e+02
1.260000000000000000e+02
1.879000000000000000e+03
2.650000000000000000e+02
2.650000000000000000e+02
2.650000000000000000e+02
1.652000000000000000e+03
1.652000000000000000e+03
1.652000000000000000e+03
1.652000000000000000e+03
1.652000000000000000e+03
1.652000000000000000e+03
1.652000000000000000e+03
3.735000000000000000e+03
4.480000000000000000e+02
4.480000000000000000e+02
2.520000000000000000e+02
2.520000000000000000e+02
2.520000000000000000e+02
2.610000000000000000e+02
2.610000000000000000e+02
2.231000000000000000e+03
2.231000000000000000e+03
2.231000000000000000e+03
2.610000000000000000e+03
7.990000000000000000e+02
7.990000000000000000e+02
7.990000000000000000e+02
7.990000000000000000e+02
7.990000000000000000e+02
7.990000000000000000e+02
7.990000000000000000e+02
7.990000000000000000e+02
7.990000000000000000e+02
7.990000000000000000e+02
7.990000000000000000e+02
7.990000000000000000e+02
7.990000000000000000e+02
7.990000000000000000e+02
7.990000000000000000e+02
7.990000000000000000e+02
7.990000000000000000e+02
7.990000000000000000e+02
7.990000000000000000e+02
7.990000000000000000e+02
7.990000000000000000e+02
7.990000000000000000e+02
8.540000000000000000e+02
2.490000000000000000e+02
2.490000000000000000e+02
2.490000000000000000e+02
2.490000000000000000e+02
2.490000000000000000e+02
2.490000000000000000e+02
2.490000000000000000e+02
2.490000000000000000e+02
2.490000000000000000e+02
2.490000000000000000e+02
2.490000000000000000e+02
2.490000000000000000e+02
6.166000000000000000e+03
6.165000000000000000e+03
6.163000000000000000e+03
1.484000000000000000e+03
5.375000000000000000e+03
1.607000000000000000e+03
1.644000000000000000e+03
1.720000000000000000e+03
3.781000000000000000e+03
3.781000000000000000e+03
3.781000000000000000e+03
1.613000000000000000e+03
2.000000000000000000e+01
1.670000000000000000e+02
1.670000000000000000e+02
1.670000000000000000e+02
1.670000000000000000e+02
1.670000000000000000e+02
1.670000000000000000e+02
1.670000000000000000e+02
1.670000000000000000e+02
1.426000000000000000e+03
1.426000000000000000e+03
1.426000000000000000e+03
1.426000000000000000e+03
1.426000000000000000e+03
1.426000000000000000e+03
1.560000000000000000e+03
6.966000000000000000e+03
6.966000000000000000e+03
3.474000000000000000e+03
1.738000000000000000e+03
1.738000000000000000e+03
1.738000000000000000e+03
1.697000000000000000e+03
1.697000000000000000e+03
1.697000000000000000e+03
5.280000000000000000e+02
3.183000000000000000e+03
3.183000000000000000e+03
3.183000000000000000e+03
3.183000000000000000e+03
3.183000000000000000e+03
6.134000000000000000e+03
6.134000000000000000e+03
3.179000000000000000e+03
3.179000000000000000e+03
3.495000000000000000e+03
3.736000000000000000e+03
1.915000000000000000e+03
2.298000000000000000e+03
3.405000000000000000e+03
1.183000000000000000e+03
1.183000000000000000e+03
1.478000000000000000e+03
8.170000000000000000e+02
8.170000000000000000e+02
8.170000000000000000e+02
1.460000000000000000e+02
5.800000000000000000e+01
2.433000000000000000e+03
2.433000000000000000e+03
1.630000000000000000e+02
1.630000000000000000e+02
1.630000000000000000e+02
1.630000000000000000e+02
8.100000000000000000e+03
1.714000000000000000e+03
1.628000000000000000e+03
3.900000000000000000e+02
1.426000000000000000e+03
1.426000000000000000e+03
1.426000000000000000e+03
1.426000000000000000e+03
1.426000000000000000e+03
1.426000000000000000e+03
3.370000000000000000e+02
3.400000000000000000e+02
2.490000000000000000e+02
2.490000000000000000e+02
2.490000000000000000e+02
2.490000000000000000e+02
2.490000000000000000e+02
2.490000000000000000e+02
2.490000000000000000e+02
2.490000000000000000e+02
2.490000000000000000e+02
2.490000000000000000e+02
2.490000000000000000e+02
2.490000000000000000e+02
7.990000000000000000e+02
7.990000000000000000e+02
7.990000000000000000e+02
7.990000000000000000e+02
7.990000000000000000e+02
7.990000000000000000e+02
7.990000000000000000e+02
7.990000000000000000e+02
7.990000000000000000e+02
7.990000000000000000e+02
7.990000000000000000e+02
7.990000000000000000e+02
7.990000000000000000e+02
7.990000000000000000e+02
7.990000000000000000e+02
7.990000000000000000e+02
7.990000000000000000e+02
7.990000000000000000e+02
7.990000000000000000e+02
7.990000000000000000e+02
7.990000000000000000e+02
7.990000000000000000e+02
2.275000000000000000e+03
2.274000000000000000e+03
1.069000000000000000e+03
1.895000000000000000e+03
1.895000000000000000e+03
1.895000000000000000e+03
1.895000000000000000e+03
1.895000000000000000e+03
4.300000000000000000e+01
3.809000000000000000e+03
3.809000000000000000e+03
3.809000000000000000e+03
7.102000000000000000e+03
7.102000000000000000e+03
1.953000000000000000e+03
1.768000000000000000e+03
1.768000000000000000e+03
2.275000000000000000e+03
1.560000000000000000e+02
1.434000000000000000e+03
3.637000000000000000e+03
3.831000000000000000e+03
4.590000000000000000e+02
1.561000000000000000e+03
1.640000000000000000e+03
1.640000000000000000e+03
6.260000000000000000e+02
6.260000000000000000e+02
1.119000000000000000e+03
1.119000000000000000e+03
1.119000000000000000e+03
1.119000000000000000e+03
1.119000000000000000e+03
1.119000000000000000e+03
1.119000000000000000e+03
1.119000000000000000e+03
5.700000000000000000e+01
5.700000000000000000e+01
8.360000000000000000e+02
2.490000000000000000e+02
2.490000000000000000e+02
2.490000000000000000e+02
2.490000000000000000e+02
2.490000000000000000e+02
2.490000000000000000e+02
2.490000000000000000e+02
2.490000000000000000e+02
2.490000000000000000e+02
2.490000000000000000e+02
2.490000000000000000e+02
2.490000000000000000e+02
6.015000000000000000e+03
3.119000000000000000e+03
1.207000000000000000e+03
1.207000000000000000e+03
1.207000000000000000e+03
1.207000000000000000e+03
1.207000000000000000e+03
1.754000000000000000e+03
1.754000000000000000e+03
6.153000000000000000e+03
2.527000000000000000e+03
2.527000000000000000e+03
2.527000000000000000e+03
8.630000000000000000e+02
8.630000000000000000e+02
8.740000000000000000e+02
1.620000000000000000e+03
1.620000000000000000e+03
1.434000000000000000e+03
1.280000000000000000e+02
1.280000000000000000e+02
1.280000000000000000e+02
1.280000000000000000e+02
1.280000000000000000e+02
1.280000000000000000e+02
1.280000000000000000e+02
1.280000000000000000e+02
1.280000000000000000e+02
1.280000000000000000e+02
1.280000000000000000e+02
1.280000000000000000e+02
1.280000000000000000e+02
1.280000000000000000e+02
1.280000000000000000e+02
1.280000000000000000e+02
1.280000000000000000e+02
1.280000000000000000e+02
1.280000000000000000e+02
1.280000000000000000e+02
1.280000000000000000e+02
8.740000000000000000e+02
4.561000000000000000e+03
6.040000000000000000e+02
6.840000000000000000e+02
6.840000000000000000e+02
6.840000000000000000e+02
7.127000000000000000e+03
1.452000000000000000e+03
7.320000000000000000e+03
9.570000000000000000e+02
9.570000000000000000e+02
1.897000000000000000e+03
2.821000000000000000e+03
1.077000000000000000e+03
1.077000000000000000e+03
3.750000000000000000e+03
6.480000000000000000e+02
6.480000000000000000e+02
3.630000000000000000e+02
3.620000000000000000e+02
2.530000000000000000e+02
4.590000000000000000e+02
1.951000000000000000e+03
1.951000000000000000e+03
1.951000000000000000e+03
8.360000000000000000e+02
7.518000000000000000e+03
1.114000000000000000e+03
1.114000000000000000e+03
1.114000000000000000e+03
1.114000000000000000e+03
1.114000000000000000e+03
2.850000000000000000e+02
2.850000000000000000e+02
6.550000000000000000e+02
6.550000000000000000e+02
6.041000000000000000e+03
3.270000000000000000e+03
2.535000000000000000e+03
1.711000000000000000e+03
8.580000000000000000e+02
5.780000000000000000e+03
6.164000000000000000e+03
1.658000000000000000e+03
1.658000000000000000e+03
2.274000000000000000e+03
2.433000000000000000e+03
2.433000000000000000e+03
2.435000000000000000e+03
2.435000000000000000e+03
2.342000000000000000e+03
2.342000000000000000e+03
2.342000000000000000e+03
2.342000000000000000e+03
7.200000000000000000e+02
1.738000000000000000e+03
1.738000000000000000e+03
1.738000000000000000e+03
5.600000000000000000e+02
8.780000000000000000e+02
7.970000000000000000e+02
7.970000000000000000e+02
7.970000000000000000e+02
3.710000000000000000e+02
3.710000000000000000e+02
3.710000000000000000e+02
3.119000000000000000e+03
6.090000000000000000e+02
7.990000000000000000e+02
7.990000000000000000e+02
7.990000000000000000e+02
7.990000000000000000e+02
7.990000000000000000e+02
7.990000000000000000e+02
7.990000000000000000e+02
7.990000000000000000e+02
7.990000000000000000e+02
7.990000000000000000e+02
7.990000000000000000e+02
7.990000000000000000e+02
7.990000000000000000e+02
7.990000000000000000e+02
7.990000000000000000e+02
7.990000000000000000e+02
7.990000000000000000e+02
7.990000000000000000e+02
7.990000000000000000e+02
7.990000000000000000e+02
7.990000000000000000e+02
7.990000000000000000e+02
7.141000000000000000e+03
6.550000000000000000e+02
6.550000000000000000e+02
5.900000000000000000e+01
5.900000000000000000e+01
5.900000000000000000e+01
5.900000000000000000e+01
5.900000000000000000e+01
5.900000000000000000e+01
5.900000000000000000e+01
5.900000000000000000e+01
5.900000000000000000e+01
5.900000000000000000e+01
5.900000000000000000e+01
5.900000000000000000e+01
3.050000000000000000e+02
3.020000000000000000e+02
3.040000000000000000e+02
3.030000000000000000e+02
4.260000000000000000e+02
4.250000000000000000e+02
3.340000000000000000e+02
1.834000000000000000e+03
5.260000000000000000e+02
5.260000000000000000e+02
5.260000000000000000e+02
5.260000000000000000e+02
5.250000000000000000e+02
5.250000000000000000e+02
5.250000000000000000e+02
5.250000000000000000e+02
2.339000000000000000e+03
2.339000000000000000e+03
2.339000000000000000e+03
2.339000000000000000e+03
1.010000000000000000e+02
5.250000000000000000e+02
5.250000000000000000e+02
5.250000000000000000e+02
5.250000000000000000e+02
6.920000000000000000e+03
3.271000000000000000e+03
3.271000000000000000e+03
3.271000000000000000e+03
3.809000000000000000e+03
3.809000000000000000e+03
3.809000000000000000e+03
1.703000000000000000e+03
1.703000000000000000e+03
1.703000000000000000e+03
1.703000000000000000e+03
1.703000000000000000e+03
1.703000000000000000e+03
1.703000000000000000e+03
1.703000000000000000e+03
1.703000000000000000e+03
1.703000000000000000e+03
1.703000000000000000e+03
2.825000000000000000e+03
1.673000000000000000e+03
1.673000000000000000e+03
6.260000000000000000e+02
6.260000000000000000e+02
1.754000000000000000e+03
1.754000000000000000e+03
6.131000000000000000e+03
2.276000000000000000e+03
3.740000000000000000e+02
3.740000000000000000e+02
3.740000000000000000e+02
1.630000000000000000e+02
1.630000000000000000e+02
1.630000000000000000e+02
1.630000000000000000e+02
5.900000000000000000e+01
5.900000000000000000e+01
5.900000000000000000e+01
5.900000000000000000e+01
5.900000000000000000e+01
5.900000000000000000e+01
5.900000000000000000e+01
5.900000000000000000e+01
5.900000000000000000e+01
5.900000000000000000e+01
5.900000000000000000e+01
5.900000000000000000e+01
2.297000000000000000e+03
1.657000000000000000e+03
1.657000000000000000e+03
2.400000000000000000e+02
2.434000000000000000e+03
2.434000000000000000e+03
1.230000000000000000e+02
2.660000000000000000e+02
2.660000000000000000e+02
2.660000000000000000e+02
1.426000000000000000e+03
1.426000000000000000e+03
1.426000000000000000e+03
1.426000000000000000e+03
1.426000000000000000e+03
1.426000000000000000e+03
2.490000000000000000e+02
2.490000000000000000e+02
2.490000000000000000e+02
2.490000000000000000e+02
2.490000000000000000e+02
2.490000000000000000e+02
2.490000000000000000e+02
2.490000000000000000e+02
2.490000000000000000e+02
2.490000000000000000e+02
2.490000000000000000e+02
2.490000000000000000e+02
3.149000000000000000e+03
1.080000000000000000e+02
7.566000000000000000e+03
1.808000000000000000e+03
1.808000000000000000e+03
1.126000000000000000e+03
1.126000000000000000e+03
1.560000000000000000e+03
3.390000000000000000e+02
3.380000000000000000e+02
2.510000000000000000e+03
2.510000000000000000e+03
3.795000000000000000e+03
1.178000000000000000e+03
1.178000000000000000e+03
1.178000000000000000e+03
4.490000000000000000e+02
4.490000000000000000e+02
8.310000000000000000e+03
1.630000000000000000e+03
1.630000000000000000e+03
4.000000000000000000e+01
6.966000000000000000e+03
6.966000000000000000e+03
1.434000000000000000e+03
2.517000000000000000e+03
2.803000000000000000e+03
2.804000000000000000e+03
1.761000000000000000e+03
1.761000000000000000e+03
2.509000000000000000e+03
2.509000000000000000e+03
6.989000000000000000e+03
6.989000000000000000e+03
1.607000000000000000e+03
8.470000000000000000e+02
8.470000000000000000e+02
8.470000000000000000e+02
6.041000000000000000e+03
9.458000000000000000e+03
9.458000000000000000e+03
9.458000000000000000e+03
9.458000000000000000e+03
9.458000000000000000e+03
9.458000000000000000e+03
9.458000000000000000e+03
9.458000000000000000e+03
9.458000000000000000e+03
9.458000000000000000e+03
2.563000000000000000e+03
2.563000000000000000e+03
5.900000000000000000e+01
5.900000000000000000e+01
5.900000000000000000e+01
5.900000000000000000e+01
5.900000000000000000e+01
5.900000000000000000e+01
5.900000000000000000e+01
5.900000000000000000e+01
5.900000000000000000e+01
5.900000000000000000e+01
5.900000000000000000e+01
5.900000000000000000e+01
1.076400000000000000e+04
9.740000000000000000e+02
9.740000000000000000e+02
9.740000000000000000e+02
9.740000000000000000e+02
5.349000000000000000e+03
5.349000000000000000e+03
5.349000000000000000e+03
5.349000000000000000e+03
5.349000000000000000e+03
5.349000000000000000e+03
5.349000000000000000e+03
5.349000000000000000e+03
5.349000000000000000e+03
5.349000000000000000e+03
1.426000000000000000e+03
1.426000000000000000e+03
1.426000000000000000e+03
1.426000000000000000e+03
1.426000000000000000e+03
1.426000000000000000e+03
2.390000000000000000e+02
4.073000000000000000e+03
4.073000000000000000e+03
2.528000000000000000e+03
3.787000000000000000e+03
3.787000000000000000e+03
3.787000000000000000e+03
3.787000000000000000e+03
3.787000000000000000e+03
3.787000000000000000e+03
3.787000000000000000e+03
3.787000000000000000e+03
3.787000000000000000e+03
3.787000000000000000e+03
3.787000000000000000e+03
3.787000000000000000e+03
3.787000000000000000e+03
4.561000000000000000e+03
3.680000000000000000e+02
3.680000000000000000e+02
3.800000000000000000e+02
5.710000000000000000e+03
5.710000000000000000e+03
3.517000000000000000e+03
7.000000000000000000e+00
7.000000000000000000e+00
1.092000000000000000e+03
1.092000000000000000e+03
1.092000000000000000e+03
1.077000000000000000e+03
1.077000000000000000e+03
7.900000000000000000e+02
6.013000000000000000e+03
6.966000000000000000e+03
6.966000000000000000e+03
1.845000000000000000e+03
5.343000000000000000e+03
5.343000000000000000e+03
5.343000000000000000e+03
5.343000000000000000e+03
4.618000000000000000e+03
1.207000000000000000e+03
1.207000000000000000e+03
1.207000000000000000e+03
1.207000000000000000e+03
1.207000000000000000e+03
3.337000000000000000e+03
3.338000000000000000e+03
1.434000000000000000e+03
2.259000000000000000e+03
2.169000000000000000e+03
7.980000000000000000e+02
7.980000000000000000e+02
7.980000000000000000e+02
1.114000000000000000e+03
1.114000000000000000e+03
1.114000000000000000e+03
1.114000000000000000e+03
1.114000000000000000e+03
3.743000000000000000e+03
8.470000000000000000e+02
8.470000000000000000e+02
8.470000000000000000e+02
1.574000000000000000e+03
1.061000000000000000e+03
1.061000000000000000e+03
1.061000000000000000e+03
1.061000000000000000e+03
1.061000000000000000e+03
1.061000000000000000e+03
1.061000000000000000e+03
1.061000000000000000e+03
1.061000000000000000e+03
1.061000000000000000e+03
1.129000000000000000e+03
3.752000000000000000e+03
6.949000000000000000e+03
6.949000000000000000e+03
2.227000000000000000e+03
2.227000000000000000e+03
2.858000000000000000e+03
3.650000000000000000e+03
3.040000000000000000e+03
3.040000000000000000e+03
3.040000000000000000e+03
3.040000000000000000e+03
1.081100000000000000e+04
7.990000000000000000e+02
7.990000000000000000e+02
7.990000000000000000e+02
7.990000000000000000e+02
7.990000000000000000e+02
7.990000000000000000e+02
7.990000000000000000e+02
7.990000000000000000e+02
7.990000000000000000e+02
7.990000000000000000e+02
7.990000000000000000e+02
7.990000000000000000e+02
7.990000000000000000e+02
7.990000000000000000e+02
7.990000000000000000e+02
7.990000000000000000e+02
7.990000000000000000e+02
7.990000000000000000e+02
7.990000000000000000e+02
7.990000000000000000e+02
7.990000000000000000e+02
7.990000000000000000e+02
1.068000000000000000e+04
1.068000000000000000e+04
1.068000000000000000e+04
1.652000000000000000e+03
1.652000000000000000e+03
1.652000000000000000e+03
1.652000000000000000e+03
1.652000000000000000e+03
1.652000000000000000e+03
1.652000000000000000e+03
9.471000000000000000e+03
9.472000000000000000e+03
9.472000000000000000e+03
8.295000000000000000e+03
6.480000000000000000e+02
2.850000000000000000e+02
2.850000000000000000e+02
4.782000000000000000e+03
3.119000000000000000e+03
1.841000000000000000e+03
1.895000000000000000e+03
1.895000000000000000e+03
1.895000000000000000e+03
1.895000000000000000e+03
1.895000000000000000e+03
2.164000000000000000e+03
5.921000000000000000e+03
5.921000000000000000e+03
3.534000000000000000e+03
1.869000000000000000e+03
1.679000000000000000e+03
3.274000000000000000e+03
3.841000000000000000e+03
3.841000000000000000e+03
1.902000000000000000e+03
1.902000000000000000e+03
1.110000000000000000e+02
3.182000000000000000e+03
3.182000000000000000e+03
3.186000000000000000e+03
3.186000000000000000e+03
3.186000000000000000e+03
3.186000000000000000e+03
3.186000000000000000e+03
3.186000000000000000e+03
8.000000000000000000e+00
8.000000000000000000e+00
1.695000000000000000e+03
1.695000000000000000e+03
1.695000000000000000e+03
1.704000000000000000e+03
1.704000000000000000e+03
1.704000000000000000e+03
1.704000000000000000e+03
1.704000000000000000e+03
1.644000000000000000e+03
7.200000000000000000e+02
2.523000000000000000e+03
1.624000000000000000e+03
1.624000000000000000e+03
1.624000000000000000e+03
1.624000000000000000e+03
1.448000000000000000e+03
3.360000000000000000e+02
3.350000000000000000e+02
3.330000000000000000e+02
3.310000000000000000e+02
3.300000000000000000e+02
3.430000000000000000e+02
8.510000000000000000e+02
6.400000000000000000e+02
3.420000000000000000e+02
3.410000000000000000e+02
5.913000000000000000e+03
1.653000000000000000e+03
1.653000000000000000e+03
1.653000000000000000e+03
1.653000000000000000e+03
1.653000000000000000e+03
1.653000000000000000e+03
1.653000000000000000e+03
7.930000000000000000e+02
1.903000000000000000e+03
1.903000000000000000e+03
3.621000000000000000e+03
3.621000000000000000e+03
4.075000000000000000e+03
4.567000000000000000e+03
3.700000000000000000e+02
3.700000000000000000e+02
3.700000000000000000e+02
3.710000000000000000e+02
3.710000000000000000e+02
3.710000000000000000e+02
3.740000000000000000e+02
3.740000000000000000e+02
3.740000000000000000e+02
9.560000000000000000e+02
9.560000000000000000e+02
1.676000000000000000e+03
1.660000000000000000e+02
1.660000000000000000e+02
1.660000000000000000e+02
1.660000000000000000e+02
1.660000000000000000e+02
1.660000000000000000e+02
1.660000000000000000e+02
1.660000000000000000e+02
3.821000000000000000e+03
5.550000000000000000e+03
5.550000000000000000e+03
5.550000000000000000e+03
5.550000000000000000e+03
5.550000000000000000e+03
5.550000000000000000e+03
5.550000000000000000e+03
5.550000000000000000e+03
5.550000000000000000e+03
5.550000000000000000e+03
5.550000000000000000e+03
5.549000000000000000e+03
5.549000000000000000e+03
5.549000000000000000e+03
5.549000000000000000e+03
5.549000000000000000e+03
5.549000000000000000e+03
5.549000000000000000e+03
5.549000000000000000e+03
5.549000000000000000e+03
5.549000000000000000e+03
5.549000000000000000e+03
3.290000000000000000e+02
2.437000000000000000e+03
5.375000000000000000e+03
2.614000000000000000e+03
2.611000000000000000e+03
8.591000000000000000e+03
8.591000000000000000e+03
2.298000000000000000e+03
1.681000000000000000e+03
1.681000000000000000e+03
1.681000000000000000e+03
1.230000000000000000e+02
1.240000000000000000e+02
1.270000000000000000e+02
6.966000000000000000e+03
6.966000000000000000e+03
1.468200000000000000e+04
1.889000000000000000e+03
2.340000000000000000e+03
2.340000000000000000e+03
2.340000000000000000e+03
2.340000000000000000e+03
2.274000000000000000e+03
1.588000000000000000e+03
1.428000000000000000e+03
1.429000000000000000e+03
3.786000000000000000e+03
2.335000000000000000e+03
2.335000000000000000e+03
2.335000000000000000e+03
2.335000000000000000e+03
1.807000000000000000e+03
1.963000000000000000e+03
1.963000000000000000e+03
3.270000000000000000e+03
1.354100000000000000e+04
1.354100000000000000e+04
1.354100000000000000e+04
1.696000000000000000e+03
1.696000000000000000e+03
1.696000000000000000e+03
9.570000000000000000e+02
9.570000000000000000e+02
3.043000000000000000e+03
3.043000000000000000e+03
3.043000000000000000e+03
3.043000000000000000e+03
3.046000000000000000e+03
3.046000000000000000e+03
3.046000000000000000e+03
3.046000000000000000e+03
2.341000000000000000e+03
2.341000000000000000e+03
2.341000000000000000e+03
2.341000000000000000e+03
3.635000000000000000e+03
2.275000000000000000e+03
6.150000000000000000e+02
6.150000000000000000e+02
6.150000000000000000e+02
6.150000000000000000e+02
2.291000000000000000e+03
2.291000000000000000e+03
2.291000000000000000e+03
2.291000000000000000e+03
7.053000000000000000e+03
7.053000000000000000e+03
2.502000000000000000e+03
7.031000000000000000e+03
2.850000000000000000e+02
2.850000000000000000e+02
5.290000000000000000e+02
5.290000000000000000e+02
5.290000000000000000e+02
1.020000000000000000e+02
1.968000000000000000e+03
3.644000000000000000e+03
3.644000000000000000e+03
5.774000000000000000e+03
2.850000000000000000e+02
2.850000000000000000e+02
2.536000000000000000e+03
1.652000000000000000e+03
1.652000000000000000e+03
1.652000000000000000e+03
1.652000000000000000e+03
1.652000000000000000e+03
1.652000000000000000e+03
1.652000000000000000e+03
1.673000000000000000e+03
1.673000000000000000e+03
4.260000000000000000e+02
6.153000000000000000e+03
4.570000000000000000e+02
4.570000000000000000e+02
3.269000000000000000e+03
2.297000000000000000e+03
3.810000000000000000e+02
2.189000000000000000e+03
2.275000000000000000e+03
1.430000000000000000e+03
2.342000000000000000e+03
2.342000000000000000e+03
2.342000000000000000e+03
2.342000000000000000e+03
2.338000000000000000e+03
2.338000000000000000e+03
2.338000000000000000e+03
2.338000000000000000e+03
2.343000000000000000e+03
2.343000000000000000e+03
2.343000000000000000e+03
2.343000000000000000e+03
1.892000000000000000e+03
3.801000000000000000e+03
3.801000000000000000e+03
6.168000000000000000e+03
6.168000000000000000e+03
6.168000000000000000e+03
3.060000000000000000e+03
3.060000000000000000e+03
3.060000000000000000e+03
3.060000000000000000e+03
2.609000000000000000e+03
1.620000000000000000e+03
1.620000000000000000e+03
1.890000000000000000e+03
1.225100000000000000e+04
8.210000000000000000e+02
8.210000000000000000e+02
1.874000000000000000e+03
1.874000000000000000e+03
8.261000000000000000e+03
1.117500000000000000e+04
1.117500000000000000e+04
6.500000000000000000e+01
2.768000000000000000e+03
5.973000000000000000e+03
1.851000000000000000e+03
8.560000000000000000e+02
3.273000000000000000e+03
3.273000000000000000e+03
1.625000000000000000e+03
1.625000000000000000e+03
1.147200000000000000e+04
1.147300000000000000e+04
9.019000000000000000e+03
6.200000000000000000e+02
6.200000000000000000e+02
5.580000000000000000e+02
4.042000000000000000e+03
4.042000000000000000e+03
6.020000000000000000e+02
6.020000000000000000e+02
1.245200000000000000e+04
1.245200000000000000e+04
8.230000000000000000e+02
8.230000000000000000e+02
1.833300000000000000e+04
3.333000000000000000e+03
1.237300000000000000e+04
1.237300000000000000e+04
1.237300000000000000e+04
6.260000000000000000e+02
6.260000000000000000e+02
1.175400000000000000e+04
1.175400000000000000e+04
1.175400000000000000e+04
1.171700000000000000e+04
1.171700000000000000e+04
3.524000000000000000e+03
3.524000000000000000e+03
1.175200000000000000e+04
1.175200000000000000e+04
1.175300000000000000e+04
1.175300000000000000e+04
5.950000000000000000e+02
2.303000000000000000e+03
1.171700000000000000e+04
1.171700000000000000e+04
1.173100000000000000e+04
1.243000000000000000e+03
1.243000000000000000e+03
1.950000000000000000e+03
2.303000000000000000e+03
1.897000000000000000e+03
1.175200000000000000e+04
1.175200000000000000e+04
8.600000000000000000e+02
8.600000000000000000e+02
1.387400000000000000e+04
1.961000000000000000e+03
1.961000000000000000e+03
1.491000000000000000e+03
1.491000000000000000e+03
1.297200000000000000e+04
1.297200000000000000e+04
1.297200000000000000e+04
1.297200000000000000e+04
7.246000000000000000e+03
7.246000000000000000e+03
7.246000000000000000e+03
7.246000000000000000e+03
1.354300000000000000e+04
1.354300000000000000e+04
1.374700000000000000e+04
1.374700000000000000e+04
1.348200000000000000e+04
1.348200000000000000e+04
1.233900000000000000e+04
1.233900000000000000e+04
1.233900000000000000e+04
1.233900000000000000e+04
1.306100000000000000e+04
1.306100000000000000e+04
1.265800000000000000e+04
1.303800000000000000e+04
1.303800000000000000e+04
1.395400000000000000e+04
1.395400000000000000e+04
1.395400000000000000e+04
1.395400000000000000e+04
1.395400000000000000e+04
1.395400000000000000e+04
1.395400000000000000e+04
7.130000000000000000e+03
7.130000000000000000e+03
7.130000000000000000e+03
8.010000000000000000e+02
8.010000000000000000e+02
8.010000000000000000e+02
1.393400000000000000e+04
1.393000000000000000e+04
1.392900000000000000e+04
7.950000000000000000e+02
7.950000000000000000e+02
1.395300000000000000e+04
1.395300000000000000e+04
1.395300000000000000e+04
1.395300000000000000e+04
1.395300000000000000e+04
1.395300000000000000e+04
1.395300000000000000e+04
1.395300000000000000e+04
1.395300000000000000e+04
1.395300000000000000e+04
1.395300000000000000e+04
1.395300000000000000e+04
1.382100000000000000e+04
1.382100000000000000e+04
1.382100000000000000e+04
1.382100000000000000e+04
1.382100000000000000e+04
1.382100000000000000e+04
1.382100000000000000e+04
3.342000000000000000e+03
3.342000000000000000e+03
7.516000000000000000e+03
7.516000000000000000e+03
7.516000000000000000e+03
7.516000000000000000e+03
7.516000000000000000e+03
7.516000000000000000e+03
7.516000000000000000e+03
7.516000000000000000e+03
1.782000000000000000e+03
1.782000000000000000e+03
1.782000000000000000e+03
1.782000000000000000e+03
1.782000000000000000e+03
1.782000000000000000e+03
1.782000000000000000e+03
1.782000000000000000e+03
1.782000000000000000e+03
1.782000000000000000e+03
1.782000000000000000e+03
1.782000000000000000e+03
1.782000000000000000e+03
1.782000000000000000e+03
1.782000000000000000e+03
1.782000000000000000e+03
1.782000000000000000e+03
1.782000000000000000e+03
1.782000000000000000e+03
1.782000000000000000e+03
1.782000000000000000e+03
1.782000000000000000e+03
1.782000000000000000e+03
1.782000000000000000e+03
1.782000000000000000e+03
1.782000000000000000e+03
1.782000000000000000e+03
1.782000000000000000e+03
1.782000000000000000e+03
6.879000000000000000e+03
2.810000000000000000e+02
2.810000000000000000e+02
5.921000000000000000e+03
5.921000000000000000e+03
1.001200000000000000e+04
1.070000000000000000e+03
1.377400000000000000e+04
1.377400000000000000e+04
1.377400000000000000e+04
1.377400000000000000e+04
1.377800000000000000e+04
1.377900000000000000e+04
2.400000000000000000e+01
2.400000000000000000e+01
1.348100000000000000e+04
1.348100000000000000e+04
7.516000000000000000e+03
7.516000000000000000e+03
7.516000000000000000e+03
7.516000000000000000e+03
7.516000000000000000e+03
7.516000000000000000e+03
7.516000000000000000e+03
7.516000000000000000e+03
1.961000000000000000e+03
1.961000000000000000e+03
1.395300000000000000e+04
1.395300000000000000e+04
1.395300000000000000e+04
1.395300000000000000e+04
1.395300000000000000e+04
1.395300000000000000e+04
1.395300000000000000e+04
1.395300000000000000e+04
1.395300000000000000e+04
1.395300000000000000e+04
1.395300000000000000e+04
1.395300000000000000e+04
3.782000000000000000e+03
3.782000000000000000e+03
3.782000000000000000e+03
3.782000000000000000e+03
3.782000000000000000e+03
3.782000000000000000e+03
3.782000000000000000e+03
3.782000000000000000e+03
8.000000000000000000e+02
8.281000000000000000e+03
1.377700000000000000e+04
3.394000000000000000e+03
3.394000000000000000e+03
6.320000000000000000e+02
6.320000000000000000e+02
6.320000000000000000e+02
6.320000000000000000e+02
6.320000000000000000e+02
6.320000000000000000e+02
6.320000000000000000e+02
6.320000000000000000e+02
6.320000000000000000e+02
6.320000000000000000e+02
6.320000000000000000e+02
6.320000000000000000e+02
6.320000000000000000e+02
6.320000000000000000e+02
6.320000000000000000e+02
6.320000000000000000e+02
1.376600000000000000e+04
9.410000000000000000e+02
9.410000000000000000e+02
8.325000000000000000e+03
1.428700000000000000e+04
9.410000000000000000e+02
9.410000000000000000e+02
1.225600000000000000e+04
1.225600000000000000e+04
1.426000000000000000e+04
1.426000000000000000e+04
1.426600000000000000e+04
1.425700000000000000e+04
1.425700000000000000e+04
1.425700000000000000e+04
9.410000000000000000e+02
9.410000000000000000e+02
1.426700000000000000e+04
1.444100000000000000e+04
3.800000000000000000e+02
1.524000000000000000e+03
1.465200000000000000e+04
1.465200000000000000e+04
4.127000000000000000e+03
1.425700000000000000e+04
1.425700000000000000e+04
1.425700000000000000e+04
6.133000000000000000e+03
1.417000000000000000e+04
1.417000000000000000e+04
1.417000000000000000e+04
6.016000000000000000e+03
6.016000000000000000e+03
6.133000000000000000e+03
3.310000000000000000e+02
1.969000000000000000e+03
1.632000000000000000e+04
1.632000000000000000e+04
1.601100000000000000e+04
1.601100000000000000e+04
1.563400000000000000e+04
2.428000000000000000e+03
2.428000000000000000e+03
2.428000000000000000e+03
2.428000000000000000e+03
2.428000000000000000e+03
2.428000000000000000e+03
1.692000000000000000e+03
1.692000000000000000e+03
1.692000000000000000e+03
1.692000000000000000e+03
1.692000000000000000e+03
1.692000000000000000e+03
1.692000000000000000e+03
1.692000000000000000e+03
1.692000000000000000e+03
1.692000000000000000e+03
1.692000000000000000e+03
1.692000000000000000e+03
1.692000000000000000e+03
1.692000000000000000e+03
1.692000000000000000e+03
1.692000000000000000e+03
1.692000000000000000e+03
1.692000000000000000e+03
1.692000000000000000e+03
1.692000000000000000e+03
1.692000000000000000e+03
1.692000000000000000e+03
1.692000000000000000e+03
1.692000000000000000e+03
1.692000000000000000e+03
1.692000000000000000e+03
1.692000000000000000e+03
1.692000000000000000e+03
1.692000000000000000e+03
1.692000000000000000e+03
1.692000000000000000e+03
1.692000000000000000e+03
1.566900000000000000e+04
4.093000000000000000e+03
1.601100000000000000e+04
1.601100000000000000e+04
1.546100000000000000e+04
1.546100000000000000e+04
1.601100000000000000e+04
1.601100000000000000e+04
1.577800000000000000e+04
1.577800000000000000e+04
1.577800000000000000e+04
1.577800000000000000e+04
1.833600000000000000e+04
1.586600000000000000e+04
1.586600000000000000e+04
3.781000000000000000e+03
3.781000000000000000e+03
3.781000000000000000e+03
1.614700000000000000e+04
1.606600000000000000e+04
1.606600000000000000e+04
1.606600000000000000e+04
1.801000000000000000e+03
1.637100000000000000e+04
2.090000000000000000e+02
2.090000000000000000e+02
2.090000000000000000e+02
2.090000000000000000e+02
2.090000000000000000e+02
2.090000000000000000e+02
2.090000000000000000e+02
2.090000000000000000e+02
1.637000000000000000e+04
1.637000000000000000e+04
1.637000000000000000e+04
1.637000000000000000e+04
1.637000000000000000e+04
1.637000000000000000e+04
1.617100000000000000e+04
1.631900000000000000e+04
1.631900000000000000e+04
1.824900000000000000e+04
1.824900000000000000e+04
5.825000000000000000e+03
1.370000000000000000e+02
1.685600000000000000e+04
2.226000000000000000e+03
2.226000000000000000e+03
1.199100000000000000e+04
1.684100000000000000e+04
1.348500000000000000e+04
1.829200000000000000e+04
8.738000000000000000e+03
1.721800000000000000e+04
1.721800000000000000e+04
1.710300000000000000e+04
1.722800000000000000e+04
8.738000000000000000e+03
1.768600000000000000e+04
1.616500000000000000e+04
1.783600000000000000e+04
2.540000000000000000e+02
1.794700000000000000e+04
1.301000000000000000e+04
1.819900000000000000e+04
1.824800000000000000e+04
1.824800000000000000e+04
1.811800000000000000e+04
1.833500000000000000e+04
2.490000000000000000e+02
2.490000000000000000e+02
2.490000000000000000e+02
2.490000000000000000e+02
2.490000000000000000e+02
2.490000000000000000e+02
2.490000000000000000e+02
2.490000000000000000e+02
2.490000000000000000e+02
2.490000000000000000e+02
2.490000000000000000e+02
2.490000000000000000e+02
2.134500000000000000e+04
2.134400000000000000e+04
7.046000000000000000e+03
1.828800000000000000e+04
1.828800000000000000e+04
1.829000000000000000e+04
1.836900000000000000e+04
1.380000000000000000e+02
1.225500000000000000e+04
5.050000000000000000e+02
5.050000000000000000e+02
5.050000000000000000e+02
5.050000000000000000e+02
5.050000000000000000e+02
5.050000000000000000e+02
3.332000000000000000e+03
1.867600000000000000e+04
8.540000000000000000e+02
1.971000000000000000e+03
3.526000000000000000e+03
3.526000000000000000e+03
8.200000000000000000e+02
1.922100000000000000e+04
1.922100000000000000e+04
1.922100000000000000e+04
8.678000000000000000e+03
1.785000000000000000e+03
1.785000000000000000e+03
9.459000000000000000e+03
1.930200000000000000e+04
2.130800000000000000e+04
7.990000000000000000e+02
7.990000000000000000e+02
7.990000000000000000e+02
7.990000000000000000e+02
7.990000000000000000e+02
7.990000000000000000e+02
7.990000000000000000e+02
7.990000000000000000e+02
7.990000000000000000e+02
7.990000000000000000e+02
7.990000000000000000e+02
7.990000000000000000e+02
7.990000000000000000e+02
7.990000000000000000e+02
7.990000000000000000e+02
7.990000000000000000e+02
7.990000000000000000e+02
7.990000000000000000e+02
7.990000000000000000e+02
7.990000000000000000e+02
7.990000000000000000e+02
7.990000000000000000e+02
2.025700000000000000e+04
1.967000000000000000e+04
9.920000000000000000e+02
1.974300000000000000e+04
1.974300000000000000e+04
1.974300000000000000e+04
1.974300000000000000e+04
2.025000000000000000e+04
6.131000000000000000e+03
6.132000000000000000e+03
8.744000000000000000e+03
1.577700000000000000e+04
1.981300000000000000e+04
2.163600000000000000e+04
2.163600000000000000e+04
2.163600000000000000e+04
2.163600000000000000e+04
1.473100000000000000e+04
1.473100000000000000e+04
1.473100000000000000e+04
1.473100000000000000e+04
1.473100000000000000e+04
1.998100000000000000e+04
1.998200000000000000e+04
2.003400000000000000e+04
2.003500000000000000e+04
2.045500000000000000e+04
2.042900000000000000e+04
9.788000000000000000e+03
2.086600000000000000e+04
1.214000000000000000e+03
1.214000000000000000e+03
2.106100000000000000e+04
2.106200000000000000e+04
2.105300000000000000e+04
8.400000000000000000e+02
8.968000000000000000e+03
1.360900000000000000e+04
1.387700000000000000e+04
1.387700000000000000e+04
2.102900000000000000e+04
2.225200000000000000e+04
2.225200000000000000e+04
2.130700000000000000e+04
2.130900000000000000e+04
3.651000000000000000e+03
2.142000000000000000e+04
2.142000000000000000e+04
1.451000000000000000e+03
1.451000000000000000e+03
1.002600000000000000e+04
2.194800000000000000e+04
2.194800000000000000e+04
1.634000000000000000e+03
1.634000000000000000e+03
1.634000000000000000e+03
1.634000000000000000e+03
2.200300000000000000e+04
2.218500000000000000e+04
2.229200000000000000e+04
2.257000000000000000e+03
6.110000000000000000e+02
1.306100000000000000e+04
1.306100000000000000e+04
