4.042000000000000000e+03
4.042000000000000000e+03
3.500000000000000000e+01
3.500000000000000000e+01
1.173100000000000000e+04
5.350000000000000000e+03
5.350000000000000000e+03
5.350000000000000000e+03
5.350000000000000000e+03
5.350000000000000000e+03
5.350000000000000000e+03
5.350000000000000000e+03
5.350000000000000000e+03
5.350000000000000000e+03
5.350000000000000000e+03
1.704000000000000000e+03
1.704000000000000000e+03
1.704000000000000000e+03
1.704000000000000000e+03
1.704000000000000000e+03
7.246000000000000000e+03
7.246000000000000000e+03
7.246000000000000000e+03
7.246000000000000000e+03
8.744000000000000000e+03
3.250000000000000000e+02
1.171700000000000000e+04
1.171700000000000000e+04
1.433000000000000000e+03
1.719000000000000000e+03
2.377000000000000000e+03
1.711000000000000000e+03
1.897000000000000000e+03
1.912000000000000000e+03
1.476000000000000000e+03
9.970000000000000000e+02
9.510000000000000000e+02
1.139000000000000000e+03
1.139000000000000000e+03
1.714000000000000000e+03
4.590000000000000000e+02
4.590000000000000000e+02
1.465000000000000000e+03
1.126000000000000000e+03
1.126000000000000000e+03
7.670000000000000000e+02
2.780000000000000000e+02
2.780000000000000000e+02
1.502000000000000000e+03
3.396000000000000000e+03
2.568000000000000000e+03
1.649000000000000000e+03
5.300000000000000000e+01
5.300000000000000000e+01
5.300000000000000000e+01
5.300000000000000000e+01
5.300000000000000000e+01
5.300000000000000000e+01
1.754000000000000000e+03
1.754000000000000000e+03
7.910000000000000000e+02
1.079000000000000000e+03
2.870000000000000000e+02
2.870000000000000000e+02
2.870000000000000000e+02
2.870000000000000000e+02
2.870000000000000000e+02
2.870000000000000000e+02
2.870000000000000000e+02
6.570000000000000000e+02
5.600000000000000000e+02
3.550000000000000000e+02
3.550000000000000000e+02
3.550000000000000000e+02
4.570000000000000000e+02
4.570000000000000000e+02
1.400000000000000000e+01
1.020000000000000000e+02
1.972000000000000000e+03
1.921000000000000000e+03
7.500000000000000000e+01
7.500000000000000000e+01
1.924000000000000000e+03
1.925000000000000000e+03
1.000000000000000000e+03
1.000000000000000000e+03
1.929000000000000000e+03
1.929000000000000000e+03
1.928000000000000000e+03
1.613000000000000000e+03
1.845000000000000000e+03
7.880000000000000000e+02
7.880000000000000000e+02
7.990000000000000000e+02
7.990000000000000000e+02
7.990000000000000000e+02
7.990000000000000000e+02
7.990000000000000000e+02
7.990000000000000000e+02
7.990000000000000000e+02
7.990000000000000000e+02
7.990000000000000000e+02
7.990000000000000000e+02
7.990000000000000000e+02
7.990000000000000000e+02
7.990000000000000000e+02
7.990000000000000000e+02
7.990000000000000000e+02
7.990000000000000000e+02
7.990000000000000000e+02
7.990000000000000000e+02
7.990000000000000000e+02
7.990000000000000000e+02
7.990000000000000000e+02
7.990000000000000000e+02
6.410000000000000000e+02
5.800000000000000000e+01
1.011000000000000000e+03
1.011000000000000000e+03
1.011000000000000000e+03
1.114000000000000000e+03
1.114000000000000000e+03
1.114000000000000000e+03
1.114000000000000000e+03
1.114000000000000000e+03
1.080000000000000000e+02
1.053000000000000000e+03
1.053000000000000000e+03
1.053000000000000000e+03
1.578000000000000000e+03
4.320000000000000000e+02
4.320000000000000000e+02
4.320000000000000000e+02
1.426000000000000000e+03
1.426000000000000000e+03
1.426000000000000000e+03
1.426000000000000000e+03
1.426000000000000000e+03
1.426000000000000000e+03
1.259000000000000000e+03
3.300000000000000000e+01
3.300000000000000000e+01
3.600000000000000000e+01
3.600000000000000000e+01
3.600000000000000000e+01
8.510000000000000000e+02
1.057000000000000000e+03
7.050000000000000000e+02
5.343000000000000000e+03
5.343000000000000000e+03
5.343000000000000000e+03
5.343000000000000000e+03
7.000000000000000000e+02
1.236000000000000000e+03
1.236000000000000000e+03
6.044000000000000000e+03
6.044000000000000000e+03
2.000000000000000000e+01
1.607000000000000000e+03
1.280000000000000000e+02
1.280000000000000000e+02
1.280000000000000000e+02
1.280000000000000000e+02
1.280000000000000000e+02
1.280000000000000000e+02
1.280000000000000000e+02
1.280000000000000000e+02
1.280000000000000000e+02
1.280000000000000000e+02
1.280000000000000000e+02
1.280000000000000000e+02
1.280000000000000000e+02
1.280000000000000000e+02
1.280000000000000000e+02
1.280000000000000000e+02
1.280000000000000000e+02
1.280000000000000000e+02
1.280000000000000000e+02
1.280000000000000000e+02
1.280000000000000000e+02
6.410000000000000000e+02
1.426000000000000000e+03
1.426000000000000000e+03
1.426000000000000000e+03
1.426000000000000000e+03
1.426000000000000000e+03
1.426000000000000000e+03
5.660000000000000000e+02
4.091000000000000000e+03
4.091000000000000000e+03
1.939000000000000000e+03
5.800000000000000000e+01
8.310000000000000000e+02
8.310000000000000000e+02
3.431000000000000000e+03
1.010000000000000000e+02
1.400000000000000000e+01
7.990000000000000000e+02
7.990000000000000000e+02
7.990000000000000000e+02
7.990000000000000000e+02
7.990000000000000000e+02
7.990000000000000000e+02
7.990000000000000000e+02
7.990000000000000000e+02
7.990000000000000000e+02
7.990000000000000000e+02
7.990000000000000000e+02
7.990000000000000000e+02
7.990000000000000000e+02
7.990000000000000000e+02
7.990000000000000000e+02
7.990000000000000000e+02
7.990000000000000000e+02
7.990000000000000000e+02
7.990000000000000000e+02
7.990000000000000000e+02
7.990000000000000000e+02
7.990000000000000000e+02
9.480000000000000000e+02
2.860000000000000000e+02
2.860000000000000000e+02
2.860000000000000000e+02
2.860000000000000000e+02
1.821000000000000000e+03
1.821000000000000000e+03
8.260000000000000000e+02
8.260000000000000000e+02
8.260000000000000000e+02
8.260000000000000000e+02
8.220000000000000000e+02
8.220000000000000000e+02
1.870000000000000000e+03
1.759000000000000000e+03
1.674000000000000000e+03
1.674000000000000000e+03
7.990000000000000000e+02
7.990000000000000000e+02
7.990000000000000000e+02
7.990000000000000000e+02
7.990000000000000000e+02
7.990000000000000000e+02
7.990000000000000000e+02
7.990000000000000000e+02
7.990000000000000000e+02
7.990000000000000000e+02
7.990000000000000000e+02
7.990000000000000000e+02
7.990000000000000000e+02
7.990000000000000000e+02
7.990000000000000000e+02
7.990000000000000000e+02
7.990000000000000000e+02
7.990000000000000000e+02
7.990000000000000000e+02
7.990000000000000000e+02
7.990000000000000000e+02
7.990000000000000000e+02
1.455000000000000000e+03
8.963000000000000000e+03
7.720000000000000000e+02
2.490000000000000000e+02
2.490000000000000000e+02
2.490000000000000000e+02
2.490000000000000000e+02
2.490000000000000000e+02
2.490000000000000000e+02
2.490000000000000000e+02
2.490000000000000000e+02
2.490000000000000000e+02
2.490000000000000000e+02
2.490000000000000000e+02
2.490000000000000000e+02
8.260000000000000000e+02
8.260000000000000000e+02
8.260000000000000000e+02
8.260000000000000000e+02
1.740000000000000000e+03
1.740000000000000000e+03
6.510000000000000000e+02
6.041000000000000000e+03
1.772000000000000000e+03
1.772000000000000000e+03
6.045000000000000000e+03
6.045000000000000000e+03
1.581000000000000000e+03
8.080000000000000000e+02
5.900000000000000000e+01
5.900000000000000000e+01
5.900000000000000000e+01
5.900000000000000000e+01
5.900000000000000000e+01
5.900000000000000000e+01
5.900000000000000000e+01
5.900000000000000000e+01
5.900000000000000000e+01
5.900000000000000000e+01
5.900000000000000000e+01
5.900000000000000000e+01
1.696000000000000000e+03
1.696000000000000000e+03
1.696000000000000000e+03
1.447000000000000000e+03
2.567000000000000000e+03
2.567000000000000000e+03
1.919000000000000000e+03
1.919000000000000000e+03
7.990000000000000000e+02
7.990000000000000000e+02
7.990000000000000000e+02
7.990000000000000000e+02
7.990000000000000000e+02
7.990000000000000000e+02
7.990000000000000000e+02
7.990000000000000000e+02
7.990000000000000000e+02
7.990000000000000000e+02
7.990000000000000000e+02
7.990000000000000000e+02
7.990000000000000000e+02
7.990000000000000000e+02
7.990000000000000000e+02
7.990000000000000000e+02
7.990000000000000000e+02
7.990000000000000000e+02
7.990000000000000000e+02
7.990000000000000000e+02
7.990000000000000000e+02
7.990000000000000000e+02
6.260000000000000000e+02
6.260000000000000000e+02
1.053000000000000000e+03
1.053000000000000000e+03
1.053000000000000000e+03
4.200000000000000000e+01
4.200000000000000000e+01
1.494000000000000000e+03
1.494000000000000000e+03
1.480000000000000000e+03
3.240000000000000000e+02
1.963000000000000000e+03
1.963000000000000000e+03
2.188000000000000000e+03
1.428000000000000000e+03
1.589000000000000000e+03
2.448000000000000000e+03
1.110000000000000000e+02
9.540000000000000000e+02
3.800000000000000000e+02
3.809000000000000000e+03
3.809000000000000000e+03
3.809000000000000000e+03
1.601000000000000000e+03
1.601000000000000000e+03
1.602000000000000000e+03
1.602000000000000000e+03
1.260000000000000000e+02
3.400000000000000000e+02
1.892000000000000000e+03
3.430000000000000000e+02
1.652000000000000000e+03
1.652000000000000000e+03
1.652000000000000000e+03
1.652000000000000000e+03
1.652000000000000000e+03
1.652000000000000000e+03
1.652000000000000000e+03
1.110000000000000000e+02
1.889000000000000000e+03
2.305000000000000000e+03
1.653000000000000000e+03
1.653000000000000000e+03
1.653000000000000000e+03
1.653000000000000000e+03
1.653000000000000000e+03
1.653000000000000000e+03
1.653000000000000000e+03
1.652000000000000000e+03
1.652000000000000000e+03
1.652000000000000000e+03
1.652000000000000000e+03
1.652000000000000000e+03
1.652000000000000000e+03
1.652000000000000000e+03
1.428000000000000000e+03
1.117700000000000000e+04
1.117700000000000000e+04
2.400000000000000000e+02
4.075000000000000000e+03
9.903000000000000000e+03
1.695000000000000000e+03
1.695000000000000000e+03
1.695000000000000000e+03
2.080000000000000000e+02
2.080000000000000000e+02
2.080000000000000000e+02
2.080000000000000000e+02
2.080000000000000000e+02
2.080000000000000000e+02
2.080000000000000000e+02
2.080000000000000000e+02
2.080000000000000000e+02
2.080000000000000000e+02
2.080000000000000000e+02
2.080000000000000000e+02
2.080000000000000000e+02
2.080000000000000000e+02
2.080000000000000000e+02
2.080000000000000000e+02
2.080000000000000000e+02
2.080000000000000000e+02
2.080000000000000000e+02
7.940000000000000000e+02
7.940000000000000000e+02
3.043000000000000000e+03
3.043000000000000000e+03
3.043000000000000000e+03
3.043000000000000000e+03
3.519000000000000000e+03
2.339000000000000000e+03
2.339000000000000000e+03
2.339000000000000000e+03
2.339000000000000000e+03
8.670000000000000000e+02
8.670000000000000000e+02
8.670000000000000000e+02
1.586000000000000000e+03
1.755000000000000000e+03
7.400000000000000000e+01
7.400000000000000000e+01
7.400000000000000000e+01
7.980000000000000000e+02
7.980000000000000000e+02
7.980000000000000000e+02
2.760000000000000000e+02
2.760000000000000000e+02
2.760000000000000000e+02
2.760000000000000000e+02
2.760000000000000000e+02
2.760000000000000000e+02
2.760000000000000000e+02
2.760000000000000000e+02
1.523000000000000000e+03
3.527000000000000000e+03
3.527000000000000000e+03
1.908000000000000000e+03
1.908000000000000000e+03
2.000000000000000000e+01
6.015000000000000000e+03
7.030000000000000000e+02
9.750000000000000000e+02
8.470000000000000000e+02
8.470000000000000000e+02
8.470000000000000000e+02
5.680000000000000000e+02
5.680000000000000000e+02
5.680000000000000000e+02
5.680000000000000000e+02
1.300000000000000000e+01
1.300000000000000000e+01
1.300000000000000000e+01
7.900000000000000000e+02
3.840000000000000000e+02
3.840000000000000000e+02
3.840000000000000000e+02
1.560000000000000000e+02
3.900000000000000000e+01
1.915000000000000000e+03
6.430000000000000000e+02
1.733000000000000000e+03
1.733000000000000000e+03
3.370000000000000000e+02
1.448000000000000000e+03
3.383000000000000000e+03
1.560000000000000000e+02
7.970000000000000000e+02
7.970000000000000000e+02
7.970000000000000000e+02
1.006000000000000000e+03
6.340000000000000000e+02
9.250000000000000000e+02
9.250000000000000000e+02
2.080000000000000000e+02
2.080000000000000000e+02
2.080000000000000000e+02
2.080000000000000000e+02
2.080000000000000000e+02
2.080000000000000000e+02
2.080000000000000000e+02
2.080000000000000000e+02
2.080000000000000000e+02
2.080000000000000000e+02
2.080000000000000000e+02
2.080000000000000000e+02
2.080000000000000000e+02
2.080000000000000000e+02
2.080000000000000000e+02
2.080000000000000000e+02
2.080000000000000000e+02
2.080000000000000000e+02
2.080000000000000000e+02
5.900000000000000000e+01
5.900000000000000000e+01
5.900000000000000000e+01
5.900000000000000000e+01
5.900000000000000000e+01
5.900000000000000000e+01
5.900000000000000000e+01
5.900000000000000000e+01
5.900000000000000000e+01
5.900000000000000000e+01
5.900000000000000000e+01
5.900000000000000000e+01
5.900000000000000000e+01
5.900000000000000000e+01
5.900000000000000000e+01
5.900000000000000000e+01
5.900000000000000000e+01
5.900000000000000000e+01
5.900000000000000000e+01
5.900000000000000000e+01
5.900000000000000000e+01
5.900000000000000000e+01
5.900000000000000000e+01
5.900000000000000000e+01
7.990000000000000000e+02
7.990000000000000000e+02
7.990000000000000000e+02
7.990000000000000000e+02
7.990000000000000000e+02
7.990000000000000000e+02
7.990000000000000000e+02
7.990000000000000000e+02
7.990000000000000000e+02
7.990000000000000000e+02
7.990000000000000000e+02
7.990000000000000000e+02
7.990000000000000000e+02
7.990000000000000000e+02
7.990000000000000000e+02
7.990000000000000000e+02
7.990000000000000000e+02
7.990000000000000000e+02
7.990000000000000000e+02
7.990000000000000000e+02
7.990000000000000000e+02
7.990000000000000000e+02
1.259000000000000000e+03
6.410000000000000000e+02
8.170000000000000000e+02
8.170000000000000000e+02
8.170000000000000000e+02
6.550000000000000000e+02
6.550000000000000000e+02
1.450000000000000000e+02
6.090000000000000000e+02
1.760000000000000000e+03
1.760000000000000000e+03
1.760000000000000000e+03
1.760000000000000000e+03
1.207000000000000000e+03
1.207000000000000000e+03
1.207000000000000000e+03
1.207000000000000000e+03
1.207000000000000000e+03
5.290000000000000000e+02
5.290000000000000000e+02
5.290000000000000000e+02
6.040000000000000000e+02
1.738000000000000000e+03
1.738000000000000000e+03
1.738000000000000000e+03
7.730000000000000000e+02
7.730000000000000000e+02
1.330000000000000000e+02
1.091000000000000000e+03
3.119000000000000000e+03
1.875000000000000000e+03
1.875000000000000000e+03
1.207000000000000000e+03
1.207000000000000000e+03
1.207000000000000000e+03
1.207000000000000000e+03
1.207000000000000000e+03
1.887000000000000000e+03
1.129000000000000000e+03
1.426000000000000000e+03
1.426000000000000000e+03
1.426000000000000000e+03
1.426000000000000000e+03
1.426000000000000000e+03
1.426000000000000000e+03
1.687000000000000000e+03
1.687000000000000000e+03
1.687000000000000000e+03
1.733000000000000000e+03
1.733000000000000000e+03
3.820000000000000000e+02
3.820000000000000000e+02
3.820000000000000000e+02
3.820000000000000000e+02
3.820000000000000000e+02
3.820000000000000000e+02
6.270000000000000000e+02
6.270000000000000000e+02
1.689000000000000000e+03
1.627000000000000000e+03
1.937000000000000000e+03
1.937000000000000000e+03
1.803000000000000000e+03
7.660000000000000000e+02
1.609000000000000000e+03
1.040000000000000000e+02
1.886000000000000000e+03
1.885000000000000000e+03
1.647000000000000000e+03
7.480000000000000000e+02
6.770000000000000000e+02
9.900000000000000000e+01
9.810000000000000000e+02
8.060000000000000000e+02
1.000000000000000000e+00
1.000000000000000000e+00
1.000000000000000000e+00
1.000000000000000000e+00
1.000000000000000000e+00
1.000000000000000000e+00
1.000000000000000000e+00
1.000000000000000000e+00
1.000000000000000000e+00
1.000000000000000000e+00
1.000000000000000000e+00
1.000000000000000000e+00
1.000000000000000000e+00
1.881000000000000000e+03
8.990000000000000000e+02
5.606000000000000000e+03
5.606000000000000000e+03
1.626000000000000000e+03
6.430000000000000000e+02
7.990000000000000000e+02
7.990000000000000000e+02
7.990000000000000000e+02
7.990000000000000000e+02
7.990000000000000000e+02
7.990000000000000000e+02
7.990000000000000000e+02
7.990000000000000000e+02
7.990000000000000000e+02
7.990000000000000000e+02
7.990000000000000000e+02
7.990000000000000000e+02
7.990000000000000000e+02
7.990000000000000000e+02
7.990000000000000000e+02
7.990000000000000000e+02
7.990000000000000000e+02
7.990000000000000000e+02
7.990000000000000000e+02
7.990000000000000000e+02
7.990000000000000000e+02
7.990000000000000000e+02
1.759000000000000000e+03
1.637000000000000000e+03
1.210000000000000000e+03
1.210000000000000000e+03
6.940000000000000000e+02
1.210000000000000000e+03
1.210000000000000000e+03
8.200000000000000000e+02
1.004000000000000000e+03
3.660000000000000000e+02
1.505000000000000000e+03
1.713000000000000000e+03
1.713000000000000000e+03
5.800000000000000000e+01
1.253000000000000000e+03
1.253000000000000000e+03
1.253000000000000000e+03
1.253000000000000000e+03
1.253000000000000000e+03
1.253000000000000000e+03
1.253000000000000000e+03
1.253000000000000000e+03
1.253000000000000000e+03
9.430000000000000000e+02
9.430000000000000000e+02
1.721000000000000000e+03
1.721000000000000000e+03
1.721000000000000000e+03
1.721000000000000000e+03
1.721000000000000000e+03
1.721000000000000000e+03
5.800000000000000000e+01
1.053000000000000000e+03
1.053000000000000000e+03
1.053000000000000000e+03
1.873000000000000000e+03
1.738000000000000000e+03
1.738000000000000000e+03
1.738000000000000000e+03
1.768000000000000000e+03
1.768000000000000000e+03
1.945000000000000000e+03
9.120000000000000000e+02
1.092000000000000000e+03
1.092000000000000000e+03
1.092000000000000000e+03
7.650000000000000000e+02
1.040000000000000000e+02
8.240000000000000000e+02
8.240000000000000000e+02
8.240000000000000000e+02
8.240000000000000000e+02
8.240000000000000000e+02
8.240000000000000000e+02
1.576000000000000000e+03
1.576000000000000000e+03
1.464000000000000000e+03
1.464000000000000000e+03
1.464000000000000000e+03
1.784000000000000000e+03
1.784000000000000000e+03
1.768000000000000000e+03
1.768000000000000000e+03
1.784000000000000000e+03
1.784000000000000000e+03
1.458000000000000000e+03
1.092000000000000000e+03
1.092000000000000000e+03
1.092000000000000000e+03
1.878000000000000000e+03
7.990000000000000000e+02
7.990000000000000000e+02
7.990000000000000000e+02
7.990000000000000000e+02
7.990000000000000000e+02
7.990000000000000000e+02
7.990000000000000000e+02
7.990000000000000000e+02
7.990000000000000000e+02
7.990000000000000000e+02
7.990000000000000000e+02
7.990000000000000000e+02
7.990000000000000000e+02
7.990000000000000000e+02
7.990000000000000000e+02
7.990000000000000000e+02
7.990000000000000000e+02
7.990000000000000000e+02
7.990000000000000000e+02
7.990000000000000000e+02
7.990000000000000000e+02
7.990000000000000000e+02
1.617000000000000000e+03
1.617000000000000000e+03
3.840000000000000000e+02
3.840000000000000000e+02
3.840000000000000000e+02
1.754000000000000000e+03
1.754000000000000000e+03
8.730000000000000000e+02
8.730000000000000000e+02
8.730000000000000000e+02
8.730000000000000000e+02
8.730000000000000000e+02
1.953000000000000000e+03
9.660000000000000000e+02
1.710000000000000000e+03
6.150000000000000000e+02
6.150000000000000000e+02
6.150000000000000000e+02
6.150000000000000000e+02
6.150000000000000000e+02
6.150000000000000000e+02
6.150000000000000000e+02
6.150000000000000000e+02
1.784000000000000000e+03
1.784000000000000000e+03
3.380000000000000000e+03
3.380000000000000000e+03
1.251000000000000000e+03
1.251000000000000000e+03
7.890000000000000000e+02
7.890000000000000000e+02
5.490000000000000000e+02
5.490000000000000000e+02
2.233000000000000000e+03
2.233000000000000000e+03
3.823000000000000000e+03
3.823000000000000000e+03
1.915000000000000000e+03
1.740000000000000000e+03
1.740000000000000000e+03
4.091000000000000000e+03
4.091000000000000000e+03
6.400000000000000000e+02
3.119000000000000000e+03
1.714000000000000000e+03
6.260000000000000000e+02
6.260000000000000000e+02
3.417000000000000000e+03
1.259000000000000000e+03
4.091000000000000000e+03
4.091000000000000000e+03
1.187000000000000000e+03
1.187000000000000000e+03
1.187000000000000000e+03
1.187000000000000000e+03
1.187000000000000000e+03
1.426000000000000000e+03
1.426000000000000000e+03
1.426000000000000000e+03
1.426000000000000000e+03
1.426000000000000000e+03
1.426000000000000000e+03
1.426000000000000000e+03
1.426000000000000000e+03
1.426000000000000000e+03
1.426000000000000000e+03
1.426000000000000000e+03
1.426000000000000000e+03
9.460000000000000000e+02
6.000000000000000000e+02
6.000000000000000000e+02
1.698000000000000000e+03
5.680000000000000000e+02
5.680000000000000000e+02
5.680000000000000000e+02
5.680000000000000000e+02
1.768000000000000000e+03
1.768000000000000000e+03
7.990000000000000000e+02
7.990000000000000000e+02
7.990000000000000000e+02
7.990000000000000000e+02
7.990000000000000000e+02
7.990000000000000000e+02
7.990000000000000000e+02
7.990000000000000000e+02
7.990000000000000000e+02
7.990000000000000000e+02
7.990000000000000000e+02
7.990000000000000000e+02
7.990000000000000000e+02
7.990000000000000000e+02
7.990000000000000000e+02
7.990000000000000000e+02
7.990000000000000000e+02
7.990000000000000000e+02
7.990000000000000000e+02
7.990000000000000000e+02
7.990000000000000000e+02
7.990000000000000000e+02
1.760000000000000000e+03
1.760000000000000000e+03
1.760000000000000000e+03
1.760000000000000000e+03
1.866000000000000000e+03
7.990000000000000000e+02
7.990000000000000000e+02
7.990000000000000000e+02
7.990000000000000000e+02
7.990000000000000000e+02
7.990000000000000000e+02
7.990000000000000000e+02
7.990000000000000000e+02
7.990000000000000000e+02
7.990000000000000000e+02
7.990000000000000000e+02
7.990000000000000000e+02
7.990000000000000000e+02
7.990000000000000000e+02
7.990000000000000000e+02
7.990000000000000000e+02
7.990000000000000000e+02
7.990000000000000000e+02
7.990000000000000000e+02
7.990000000000000000e+02
7.990000000000000000e+02
7.990000000000000000e+02
4.487000000000000000e+03
4.487000000000000000e+03
4.487000000000000000e+03
6.500000000000000000e+01
1.450000000000000000e+02
1.754000000000000000e+03
1.754000000000000000e+03
3.000000000000000000e+00
3.000000000000000000e+00
1.560000000000000000e+03
1.918000000000000000e+03
2.850000000000000000e+02
2.850000000000000000e+02
4.550000000000000000e+02
1.613000000000000000e+03
1.950000000000000000e+03
9.010000000000000000e+02
1.626000000000000000e+03
3.830000000000000000e+02
3.830000000000000000e+02
1.091000000000000000e+03
7.970000000000000000e+02
7.970000000000000000e+02
7.970000000000000000e+02
2.000000000000000000e+01
8.170000000000000000e+02
8.170000000000000000e+02
8.170000000000000000e+02
6.150000000000000000e+02
6.150000000000000000e+02
6.150000000000000000e+02
6.150000000000000000e+02
6.150000000000000000e+02
6.150000000000000000e+02
6.150000000000000000e+02
6.150000000000000000e+02
1.053000000000000000e+03
1.053000000000000000e+03
1.053000000000000000e+03
1.628000000000000000e+03
5.800000000000000000e+01
7.990000000000000000e+02
7.990000000000000000e+02
7.990000000000000000e+02
7.990000000000000000e+02
7.990000000000000000e+02
7.990000000000000000e+02
7.990000000000000000e+02
7.990000000000000000e+02
7.990000000000000000e+02
7.990000000000000000e+02
7.990000000000000000e+02
7.990000000000000000e+02
7.990000000000000000e+02
7.990000000000000000e+02
7.990000000000000000e+02
7.990000000000000000e+02
7.990000000000000000e+02
7.990000000000000000e+02
7.990000000000000000e+02
7.990000000000000000e+02
7.990000000000000000e+02
7.990000000000000000e+02
5.900000000000000000e+01
5.900000000000000000e+01
5.900000000000000000e+01
5.900000000000000000e+01
5.900000000000000000e+01
5.900000000000000000e+01
5.900000000000000000e+01
5.900000000000000000e+01
5.900000000000000000e+01
5.900000000000000000e+01
5.900000000000000000e+01
5.900000000000000000e+01
1.953000000000000000e+03
1.784000000000000000e+03
1.784000000000000000e+03
1.790000000000000000e+03
1.784000000000000000e+03
1.784000000000000000e+03
4.091000000000000000e+03
4.091000000000000000e+03
1.740000000000000000e+03
1.740000000000000000e+03
4.719000000000000000e+03
5.936000000000000000e+03
5.936000000000000000e+03
5.895000000000000000e+03
5.895000000000000000e+03
5.934000000000000000e+03
5.934000000000000000e+03
6.042000000000000000e+03
6.042000000000000000e+03
7.680000000000000000e+02
1.581000000000000000e+03
5.800000000000000000e+01
7.990000000000000000e+02
7.990000000000000000e+02
7.990000000000000000e+02
7.990000000000000000e+02
7.990000000000000000e+02
7.990000000000000000e+02
7.990000000000000000e+02
7.990000000000000000e+02
7.990000000000000000e+02
7.990000000000000000e+02
7.990000000000000000e+02
7.990000000000000000e+02
7.990000000000000000e+02
7.990000000000000000e+02
7.990000000000000000e+02
7.990000000000000000e+02
7.990000000000000000e+02
7.990000000000000000e+02
7.990000000000000000e+02
7.990000000000000000e+02
7.990000000000000000e+02
7.990000000000000000e+02
1.816000000000000000e+03
1.608000000000000000e+03
1.486000000000000000e+03
1.577000000000000000e+03
1.872000000000000000e+03
6.050000000000000000e+02
6.050000000000000000e+02
6.050000000000000000e+02
1.858000000000000000e+03
1.768000000000000000e+03
1.768000000000000000e+03
1.768000000000000000e+03
1.768000000000000000e+03
6.400000000000000000e+02
1.061000000000000000e+03
1.061000000000000000e+03
1.061000000000000000e+03
1.061000000000000000e+03
1.061000000000000000e+03
1.061000000000000000e+03
1.061000000000000000e+03
1.061000000000000000e+03
1.061000000000000000e+03
1.061000000000000000e+03
4.487000000000000000e+03
4.487000000000000000e+03
4.487000000000000000e+03
3.390000000000000000e+02
1.952000000000000000e+03
2.231000000000000000e+03
2.231000000000000000e+03
2.231000000000000000e+03
6.281000000000000000e+03
3.046000000000000000e+03
3.046000000000000000e+03
3.046000000000000000e+03
3.046000000000000000e+03
3.750000000000000000e+03
5.371000000000000000e+03
6.430000000000000000e+02
1.714000000000000000e+03
3.840000000000000000e+02
3.840000000000000000e+02
3.840000000000000000e+02
1.895000000000000000e+03
1.895000000000000000e+03
1.895000000000000000e+03
1.895000000000000000e+03
1.895000000000000000e+03
8.540000000000000000e+02
1.080000000000000000e+02
6.810000000000000000e+02
6.810000000000000000e+02
6.810000000000000000e+02
6.810000000000000000e+02
6.810000000000000000e+02
6.810000000000000000e+02
6.810000000000000000e+02
6.810000000000000000e+02
1.714000000000000000e+03
7.990000000000000000e+02
7.990000000000000000e+02
7.990000000000000000e+02
7.990000000000000000e+02
7.990000000000000000e+02
7.990000000000000000e+02
7.990000000000000000e+02
7.990000000000000000e+02
7.990000000000000000e+02
7.990000000000000000e+02
7.990000000000000000e+02
7.990000000000000000e+02
7.990000000000000000e+02
7.990000000000000000e+02
7.990000000000000000e+02
7.990000000000000000e+02
7.990000000000000000e+02
7.990000000000000000e+02
7.990000000000000000e+02
7.990000000000000000e+02
7.990000000000000000e+02
7.990000000000000000e+02
1.768000000000000000e+03
1.768000000000000000e+03
1.576000000000000000e+03
1.576000000000000000e+03
2.530000000000000000e+02
1.464000000000000000e+03
1.464000000000000000e+03
1.464000000000000000e+03
1.556000000000000000e+03
1.556000000000000000e+03
1.556000000000000000e+03
4.530000000000000000e+02
1.426000000000000000e+03
1.426000000000000000e+03
1.426000000000000000e+03
1.426000000000000000e+03
1.426000000000000000e+03
1.426000000000000000e+03
1.955000000000000000e+03
1.955000000000000000e+03
1.955000000000000000e+03
1.955000000000000000e+03
1.955000000000000000e+03
1.956000000000000000e+03
1.956000000000000000e+03
1.956000000000000000e+03
1.956000000000000000e+03
1.956000000000000000e+03
7.030000000000000000e+02
1.000000000000000000e+00
1.000000000000000000e+00
1.000000000000000000e+00
1.000000000000000000e+00
1.000000000000000000e+00
1.000000000000000000e+00
1.000000000000000000e+00
1.000000000000000000e+00
1.000000000000000000e+00
1.000000000000000000e+00
1.000000000000000000e+00
1.000000000000000000e+00
1.000000000000000000e+00
5.200000000000000000e+01
5.200000000000000000e+01
5.200000000000000000e+01
1.486000000000000000e+03
5.290000000000000000e+02
5.290000000000000000e+02
5.290000000000000000e+02
1.053000000000000000e+03
1.053000000000000000e+03
1.053000000000000000e+03
1.687000000000000000e+03
1.687000000000000000e+03
1.687000000000000000e+03
3.736000000000000000e+03
1.962000000000000000e+03
1.962000000000000000e+03
5.350000000000000000e+03
5.350000000000000000e+03
5.350000000000000000e+03
5.350000000000000000e+03
5.350000000000000000e+03
5.350000000000000000e+03
5.350000000000000000e+03
5.350000000000000000e+03
5.350000000000000000e+03
5.350000000000000000e+03
6.966000000000000000e+03
6.966000000000000000e+03
9.458000000000000000e+03
9.458000000000000000e+03
9.458000000000000000e+03
9.458000000000000000e+03
9.458000000000000000e+03
9.458000000000000000e+03
9.458000000000000000e+03
9.458000000000000000e+03
9.458000000000000000e+03
9.458000000000000000e+03
3.320000000000000000e+02
1.096000000000000000e+04
1.096000000000000000e+04
1.096000000000000000e+04
1.096000000000000000e+04
1.096000000000000000e+04
1.096000000000000000e+04
3.635000000000000000e+03
1.883000000000000000e+03
2.500000000000000000e+03
5.250000000000000000e+02
5.250000000000000000e+02
5.250000000000000000e+02
5.250000000000000000e+02
1.602000000000000000e+03
1.602000000000000000e+03
6.480000000000000000e+02
1.240000000000000000e+02
1.703000000000000000e+03
1.703000000000000000e+03
1.703000000000000000e+03
1.703000000000000000e+03
1.703000000000000000e+03
1.703000000000000000e+03
1.703000000000000000e+03
1.703000000000000000e+03
1.703000000000000000e+03
1.703000000000000000e+03
1.703000000000000000e+03
8.591000000000000000e+03
8.591000000000000000e+03
2.434000000000000000e+03
2.434000000000000000e+03
1.821000000000000000e+03
1.821000000000000000e+03
7.900000000000000000e+02
1.923000000000000000e+03
1.091000000000000000e+03
7.990000000000000000e+02
7.990000000000000000e+02
7.990000000000000000e+02
7.990000000000000000e+02
7.990000000000000000e+02
7.990000000000000000e+02
7.990000000000000000e+02
7.990000000000000000e+02
7.990000000000000000e+02
7.990000000000000000e+02
7.990000000000000000e+02
7.990000000000000000e+02
7.990000000000000000e+02
7.990000000000000000e+02
7.990000000000000000e+02
7.990000000000000000e+02
7.990000000000000000e+02
7.990000000000000000e+02
7.990000000000000000e+02
7.990000000000000000e+02
7.990000000000000000e+02
7.990000000000000000e+02
1.350000000000000000e+02
1.350000000000000000e+02
1.350000000000000000e+02
8.560000000000000000e+02
1.867000000000000000e+03
1.409000000000000000e+03
9.620000000000000000e+02
9.620000000000000000e+02
9.620000000000000000e+02
9.620000000000000000e+02
2.080000000000000000e+02
2.080000000000000000e+02
2.080000000000000000e+02
2.080000000000000000e+02
2.080000000000000000e+02
2.080000000000000000e+02
2.080000000000000000e+02
2.080000000000000000e+02
2.080000000000000000e+02
2.080000000000000000e+02
2.080000000000000000e+02
2.080000000000000000e+02
2.080000000000000000e+02
2.080000000000000000e+02
2.080000000000000000e+02
2.080000000000000000e+02
2.080000000000000000e+02
2.080000000000000000e+02
2.080000000000000000e+02
1.716000000000000000e+03
1.716000000000000000e+03
1.716000000000000000e+03
1.716000000000000000e+03
1.716000000000000000e+03
1.716000000000000000e+03
1.716000000000000000e+03
1.716000000000000000e+03
1.500000000000000000e+01
1.500000000000000000e+01
1.520000000000000000e+03
1.520000000000000000e+03
1.817000000000000000e+03
9.450000000000000000e+02
9.450000000000000000e+02
9.450000000000000000e+02
8.000000000000000000e+02
1.068000000000000000e+04
1.068000000000000000e+04
1.068000000000000000e+04
2.160000000000000000e+03
7.950000000000000000e+02
7.950000000000000000e+02
6.260000000000000000e+02
6.260000000000000000e+02
2.300000000000000000e+01
2.300000000000000000e+01
1.069000000000000000e+03
9.280000000000000000e+02
5.680000000000000000e+02
5.680000000000000000e+02
5.680000000000000000e+02
5.680000000000000000e+02
1.170000000000000000e+02
1.647000000000000000e+03
1.647000000000000000e+03
3.540000000000000000e+02
7.970000000000000000e+02
7.970000000000000000e+02
7.970000000000000000e+02
6.410000000000000000e+02
4.500000000000000000e+02
5.280000000000000000e+02
1.610000000000000000e+03
6.880000000000000000e+02
7.620000000000000000e+02
1.200000000000000000e+01
6.153000000000000000e+03
6.040000000000000000e+02
1.439000000000000000e+03
6.740000000000000000e+02
9.300000000000000000e+02
7.880000000000000000e+02
7.880000000000000000e+02
7.990000000000000000e+02
7.990000000000000000e+02
7.990000000000000000e+02
7.990000000000000000e+02
7.990000000000000000e+02
7.990000000000000000e+02
7.990000000000000000e+02
7.990000000000000000e+02
7.990000000000000000e+02
7.990000000000000000e+02
7.990000000000000000e+02
7.990000000000000000e+02
7.990000000000000000e+02
7.990000000000000000e+02
7.990000000000000000e+02
7.990000000000000000e+02
7.990000000000000000e+02
7.990000000000000000e+02
7.990000000000000000e+02
7.990000000000000000e+02
7.990000000000000000e+02
7.990000000000000000e+02
2.150000000000000000e+02
2.150000000000000000e+02
1.591000000000000000e+03
1.920000000000000000e+03
1.920000000000000000e+03
1.869000000000000000e+03
1.426000000000000000e+03
1.426000000000000000e+03
1.426000000000000000e+03
1.426000000000000000e+03
1.426000000000000000e+03
1.426000000000000000e+03
1.253000000000000000e+03
1.253000000000000000e+03
1.253000000000000000e+03
1.253000000000000000e+03
1.253000000000000000e+03
1.253000000000000000e+03
1.253000000000000000e+03
1.253000000000000000e+03
1.253000000000000000e+03
1.076400000000000000e+04
5.878000000000000000e+03
6.260000000000000000e+02
6.260000000000000000e+02
1.075000000000000000e+03
1.400000000000000000e+01
1.897000000000000000e+03
6.260000000000000000e+02
6.260000000000000000e+02
8.640000000000000000e+02
7.990000000000000000e+02
7.990000000000000000e+02
7.990000000000000000e+02
7.990000000000000000e+02
7.990000000000000000e+02
7.990000000000000000e+02
7.990000000000000000e+02
7.990000000000000000e+02
7.990000000000000000e+02
7.990000000000000000e+02
7.990000000000000000e+02
7.990000000000000000e+02
7.990000000000000000e+02
7.990000000000000000e+02
7.990000000000000000e+02
7.990000000000000000e+02
7.990000000000000000e+02
7.990000000000000000e+02
7.990000000000000000e+02
7.990000000000000000e+02
7.990000000000000000e+02
7.990000000000000000e+02
5.480000000000000000e+02
5.480000000000000000e+02
2.970000000000000000e+02
2.970000000000000000e+02
9.790000000000000000e+02
9.790000000000000000e+02
1.255000000000000000e+03
1.255000000000000000e+03
6.016000000000000000e+03
6.016000000000000000e+03
1.139000000000000000e+03
1.139000000000000000e+03
1.638000000000000000e+03
3.900000000000000000e+02
1.900000000000000000e+01
5.900000000000000000e+01
5.900000000000000000e+01
5.900000000000000000e+01
5.900000000000000000e+01
5.900000000000000000e+01
5.900000000000000000e+01
5.900000000000000000e+01
5.900000000000000000e+01
5.900000000000000000e+01
5.900000000000000000e+01
5.900000000000000000e+01
5.900000000000000000e+01
5.900000000000000000e+01
5.900000000000000000e+01
5.900000000000000000e+01
5.900000000000000000e+01
5.900000000000000000e+01
5.900000000000000000e+01
5.900000000000000000e+01
5.900000000000000000e+01
5.900000000000000000e+01
5.900000000000000000e+01
5.900000000000000000e+01
5.900000000000000000e+01
9.630000000000000000e+02
1.092000000000000000e+03
1.092000000000000000e+03
1.092000000000000000e+03
7.880000000000000000e+02
7.880000000000000000e+02
9.270000000000000000e+02
1.340000000000000000e+02
6.150000000000000000e+02
6.150000000000000000e+02
6.150000000000000000e+02
6.150000000000000000e+02
7.880000000000000000e+02
7.880000000000000000e+02
8.170000000000000000e+02
8.170000000000000000e+02
8.170000000000000000e+02
7.990000000000000000e+02
7.990000000000000000e+02
7.990000000000000000e+02
7.990000000000000000e+02
7.990000000000000000e+02
7.990000000000000000e+02
7.990000000000000000e+02
7.990000000000000000e+02
7.990000000000000000e+02
7.990000000000000000e+02
7.990000000000000000e+02
7.990000000000000000e+02
7.990000000000000000e+02
7.990000000000000000e+02
7.990000000000000000e+02
7.990000000000000000e+02
7.990000000000000000e+02
7.990000000000000000e+02
7.990000000000000000e+02
7.990000000000000000e+02
7.990000000000000000e+02
7.990000000000000000e+02
1.934000000000000000e+03
7.990000000000000000e+02
7.990000000000000000e+02
7.990000000000000000e+02
7.990000000000000000e+02
7.990000000000000000e+02
7.990000000000000000e+02
7.990000000000000000e+02
7.990000000000000000e+02
7.990000000000000000e+02
7.990000000000000000e+02
7.990000000000000000e+02
7.990000000000000000e+02
7.990000000000000000e+02
7.990000000000000000e+02
7.990000000000000000e+02
7.990000000000000000e+02
7.990000000000000000e+02
7.990000000000000000e+02
7.990000000000000000e+02
7.990000000000000000e+02
7.990000000000000000e+02
7.990000000000000000e+02
5.900000000000000000e+01
5.900000000000000000e+01
5.900000000000000000e+01
5.900000000000000000e+01
5.900000000000000000e+01
5.900000000000000000e+01
5.900000000000000000e+01
5.900000000000000000e+01
5.900000000000000000e+01
5.900000000000000000e+01
5.900000000000000000e+01
5.900000000000000000e+01
7.990000000000000000e+02
7.990000000000000000e+02
7.990000000000000000e+02
7.990000000000000000e+02
7.990000000000000000e+02
7.990000000000000000e+02
7.990000000000000000e+02
7.990000000000000000e+02
7.990000000000000000e+02
7.990000000000000000e+02
7.990000000000000000e+02
7.990000000000000000e+02
7.990000000000000000e+02
7.990000000000000000e+02
7.990000000000000000e+02
7.990000000000000000e+02
7.990000000000000000e+02
7.990000000000000000e+02
7.990000000000000000e+02
7.990000000000000000e+02
7.990000000000000000e+02
7.990000000000000000e+02
8.730000000000000000e+02
8.730000000000000000e+02
8.730000000000000000e+02
8.730000000000000000e+02
8.730000000000000000e+02
3.680000000000000000e+02
3.680000000000000000e+02
2.337000000000000000e+03
2.337000000000000000e+03
2.337000000000000000e+03
2.337000000000000000e+03
2.335000000000000000e+03
2.335000000000000000e+03
2.335000000000000000e+03
2.335000000000000000e+03
1.230000000000000000e+02
2.660000000000000000e+02
2.660000000000000000e+02
2.660000000000000000e+02
2.528000000000000000e+03
2.274000000000000000e+03
9.458000000000000000e+03
9.458000000000000000e+03
9.458000000000000000e+03
9.458000000000000000e+03
9.458000000000000000e+03
9.458000000000000000e+03
9.458000000000000000e+03
9.458000000000000000e+03
9.458000000000000000e+03
9.458000000000000000e+03
1.067400000000000000e+04
2.343000000000000000e+03
2.343000000000000000e+03
2.343000000000000000e+03
2.343000000000000000e+03
1.002700000000000000e+04
1.002700000000000000e+04
1.002700000000000000e+04
1.002700000000000000e+04
1.002700000000000000e+04
2.291000000000000000e+03
2.291000000000000000e+03
2.291000000000000000e+03
2.291000000000000000e+03
9.844000000000000000e+03
9.844000000000000000e+03
9.844000000000000000e+03
9.844000000000000000e+03
9.844000000000000000e+03
9.844000000000000000e+03
9.844000000000000000e+03
9.844000000000000000e+03
9.844000000000000000e+03
9.845000000000000000e+03
9.845000000000000000e+03
9.845000000000000000e+03
9.845000000000000000e+03
1.002700000000000000e+04
1.002700000000000000e+04
1.002700000000000000e+04
1.002700000000000000e+04
1.002700000000000000e+04
2.586000000000000000e+03
2.586000000000000000e+03
7.127000000000000000e+03
1.452000000000000000e+03
2.433000000000000000e+03
2.433000000000000000e+03
1.673000000000000000e+03
1.673000000000000000e+03
4.518000000000000000e+03
4.518000000000000000e+03
8.738000000000000000e+03
7.930000000000000000e+02
2.224000000000000000e+03
2.224000000000000000e+03
2.342000000000000000e+03
2.342000000000000000e+03
2.342000000000000000e+03
2.342000000000000000e+03
1.207000000000000000e+03
1.207000000000000000e+03
1.207000000000000000e+03
1.207000000000000000e+03
1.207000000000000000e+03
4.037000000000000000e+03
3.403000000000000000e+03
1.640000000000000000e+03
1.640000000000000000e+03
2.390000000000000000e+02
1.821000000000000000e+03
1.821000000000000000e+03
2.276000000000000000e+03
1.961000000000000000e+03
1.961000000000000000e+03
1.903000000000000000e+03
1.903000000000000000e+03
4.748000000000000000e+03
4.100000000000000000e+03
4.100000000000000000e+03
4.100000000000000000e+03
4.100000000000000000e+03
2.588000000000000000e+03
2.588000000000000000e+03
8.738000000000000000e+03
1.133700000000000000e+04
6.168000000000000000e+03
6.168000000000000000e+03
6.168000000000000000e+03
3.183000000000000000e+03
3.183000000000000000e+03
3.183000000000000000e+03
3.183000000000000000e+03
3.183000000000000000e+03
7.102000000000000000e+03
7.102000000000000000e+03
3.638000000000000000e+03
2.523000000000000000e+03
7.566000000000000000e+03
3.335000000000000000e+03
3.335000000000000000e+03
3.336000000000000000e+03
2.274000000000000000e+03
2.275000000000000000e+03
2.275000000000000000e+03
3.620000000000000000e+02
2.650000000000000000e+02
2.650000000000000000e+02
2.650000000000000000e+02
4.100000000000000000e+03
4.100000000000000000e+03
4.100000000000000000e+03
4.100000000000000000e+03
1.624000000000000000e+03
1.624000000000000000e+03
1.624000000000000000e+03
1.624000000000000000e+03
1.624000000000000000e+03
1.624000000000000000e+03
1.624000000000000000e+03
1.624000000000000000e+03
9.458000000000000000e+03
9.458000000000000000e+03
9.458000000000000000e+03
9.458000000000000000e+03
9.458000000000000000e+03
9.458000000000000000e+03
9.458000000000000000e+03
9.458000000000000000e+03
9.458000000000000000e+03
9.458000000000000000e+03
1.902000000000000000e+03
1.902000000000000000e+03
1.703000000000000000e+03
1.703000000000000000e+03
1.703000000000000000e+03
1.703000000000000000e+03
1.703000000000000000e+03
1.703000000000000000e+03
1.703000000000000000e+03
1.703000000000000000e+03
1.703000000000000000e+03
1.703000000000000000e+03
1.703000000000000000e+03
7.406000000000000000e+03
7.406000000000000000e+03
7.406000000000000000e+03
7.406000000000000000e+03
7.406000000000000000e+03
7.406000000000000000e+03
7.406000000000000000e+03
7.406000000000000000e+03
7.406000000000000000e+03
7.406000000000000000e+03
7.406000000000000000e+03
7.406000000000000000e+03
3.735000000000000000e+03
3.240000000000000000e+02
1.807000000000000000e+03
1.620000000000000000e+02
1.620000000000000000e+02
1.620000000000000000e+02
1.620000000000000000e+02
1.601000000000000000e+03
1.601000000000000000e+03
2.341000000000000000e+03
2.341000000000000000e+03
2.341000000000000000e+03
2.341000000000000000e+03
2.338000000000000000e+03
2.338000000000000000e+03
2.338000000000000000e+03
2.338000000000000000e+03
4.561000000000000000e+03
1.428000000000000000e+03
1.429000000000000000e+03
3.786000000000000000e+03
2.204000000000000000e+03
3.040000000000000000e+03
3.040000000000000000e+03
3.040000000000000000e+03
3.040000000000000000e+03
2.232000000000000000e+03
1.430000000000000000e+03
3.518000000000000000e+03
3.518000000000000000e+03
3.519000000000000000e+03
2.229000000000000000e+03
3.621000000000000000e+03
3.621000000000000000e+03
3.300000000000000000e+02
4.101000000000000000e+03
4.101000000000000000e+03
4.101000000000000000e+03
4.101000000000000000e+03
3.520000000000000000e+03
3.519000000000000000e+03
3.518000000000000000e+03
3.520000000000000000e+03
3.518000000000000000e+03
3.519000000000000000e+03
4.103000000000000000e+03
6.700000000000000000e+01
1.790000000000000000e+03
9.730000000000000000e+02
1.710000000000000000e+03
6.600000000000000000e+01
1.768000000000000000e+03
1.768000000000000000e+03
2.490000000000000000e+02
2.490000000000000000e+02
2.490000000000000000e+02
2.490000000000000000e+02
2.490000000000000000e+02
2.490000000000000000e+02
2.490000000000000000e+02
2.490000000000000000e+02
2.490000000000000000e+02
2.490000000000000000e+02
2.490000000000000000e+02
2.490000000000000000e+02
1.455000000000000000e+03
8.060000000000000000e+02
1.061000000000000000e+03
1.061000000000000000e+03
1.061000000000000000e+03
1.061000000000000000e+03
1.061000000000000000e+03
1.061000000000000000e+03
1.061000000000000000e+03
1.061000000000000000e+03
1.061000000000000000e+03
1.061000000000000000e+03
6.970000000000000000e+02
3.787000000000000000e+03
3.787000000000000000e+03
3.787000000000000000e+03
3.787000000000000000e+03
3.787000000000000000e+03
3.787000000000000000e+03
3.787000000000000000e+03
3.787000000000000000e+03
3.787000000000000000e+03
3.787000000000000000e+03
3.787000000000000000e+03
3.787000000000000000e+03
3.787000000000000000e+03
4.091000000000000000e+03
4.091000000000000000e+03
5.712000000000000000e+03
5.712000000000000000e+03
5.712000000000000000e+03
5.712000000000000000e+03
5.712000000000000000e+03
5.712000000000000000e+03
5.712000000000000000e+03
5.712000000000000000e+03
5.712000000000000000e+03
5.712000000000000000e+03
3.644000000000000000e+03
3.644000000000000000e+03
9.836000000000000000e+03
9.836000000000000000e+03
9.836000000000000000e+03
9.836000000000000000e+03
9.836000000000000000e+03
9.836000000000000000e+03
9.836000000000000000e+03
9.836000000000000000e+03
9.836000000000000000e+03
9.836000000000000000e+03
6.470000000000000000e+02
6.470000000000000000e+02
6.470000000000000000e+02
6.470000000000000000e+02
6.470000000000000000e+02
6.470000000000000000e+02
6.470000000000000000e+02
6.470000000000000000e+02
6.470000000000000000e+02
6.470000000000000000e+02
9.882000000000000000e+03
9.883000000000000000e+03
1.087000000000000000e+03
1.796000000000000000e+03
1.796000000000000000e+03
4.570000000000000000e+02
4.570000000000000000e+02
1.555000000000000000e+03
4.510000000000000000e+02
1.768000000000000000e+03
1.768000000000000000e+03
2.230000000000000000e+03
3.060000000000000000e+03
3.060000000000000000e+03
3.060000000000000000e+03
3.060000000000000000e+03
2.170000000000000000e+02
2.170000000000000000e+02
2.170000000000000000e+02
2.170000000000000000e+02
2.170000000000000000e+02
2.170000000000000000e+02
2.170000000000000000e+02
2.170000000000000000e+02
2.170000000000000000e+02
1.067600000000000000e+04
1.067600000000000000e+04
3.381000000000000000e+03
3.381000000000000000e+03
3.381000000000000000e+03
3.381000000000000000e+03
3.381000000000000000e+03
3.381000000000000000e+03
1.687000000000000000e+03
1.687000000000000000e+03
1.687000000000000000e+03
7.400000000000000000e+01
7.400000000000000000e+01
7.400000000000000000e+01
1.021800000000000000e+04
1.021800000000000000e+04
1.022100000000000000e+04
4.101000000000000000e+03
4.101000000000000000e+03
4.101000000000000000e+03
4.101000000000000000e+03
1.021900000000000000e+04
1.021900000000000000e+04
1.021900000000000000e+04
1.021900000000000000e+04
1.400000000000000000e+01
1.241000000000000000e+03
4.810000000000000000e+02
8.540000000000000000e+02
1.805000000000000000e+03
1.805000000000000000e+03
1.716000000000000000e+03
1.716000000000000000e+03
1.716000000000000000e+03
1.716000000000000000e+03
1.716000000000000000e+03
1.716000000000000000e+03
1.716000000000000000e+03
1.716000000000000000e+03
2.740000000000000000e+02
2.740000000000000000e+02
2.740000000000000000e+02
2.740000000000000000e+02
2.740000000000000000e+02
2.740000000000000000e+02
2.740000000000000000e+02
2.740000000000000000e+02
2.740000000000000000e+02
2.740000000000000000e+02
2.740000000000000000e+02
2.740000000000000000e+02
2.740000000000000000e+02
2.740000000000000000e+02
2.740000000000000000e+02
2.740000000000000000e+02
2.740000000000000000e+02
2.740000000000000000e+02
2.740000000000000000e+02
6.260000000000000000e+02
6.260000000000000000e+02
1.012000000000000000e+03
9.846000000000000000e+03
9.846000000000000000e+03
9.846000000000000000e+03
9.846000000000000000e+03
9.846000000000000000e+03
9.846000000000000000e+03
6.443000000000000000e+03
6.443000000000000000e+03
6.443000000000000000e+03
6.443000000000000000e+03
6.443000000000000000e+03
2.297000000000000000e+03
8.590000000000000000e+02
1.693000000000000000e+03
1.814000000000000000e+03
1.523000000000000000e+03
1.940000000000000000e+03
1.000000000000000000e+00
1.000000000000000000e+00
1.000000000000000000e+00
1.000000000000000000e+00
1.000000000000000000e+00
1.000000000000000000e+00
1.000000000000000000e+00
1.000000000000000000e+00
1.000000000000000000e+00
1.000000000000000000e+00
1.000000000000000000e+00
1.000000000000000000e+00
1.000000000000000000e+00
1.724000000000000000e+03
1.951000000000000000e+03
1.951000000000000000e+03
1.951000000000000000e+03
4.930000000000000000e+02
4.930000000000000000e+02
4.930000000000000000e+02
1.719000000000000000e+03
3.594000000000000000e+03
3.420000000000000000e+02
1.784000000000000000e+03
1.784000000000000000e+03
1.588000000000000000e+03
5.700000000000000000e+01
5.700000000000000000e+01
7.630000000000000000e+02
1.426000000000000000e+03
1.426000000000000000e+03
1.426000000000000000e+03
1.426000000000000000e+03
1.426000000000000000e+03
1.426000000000000000e+03
7.700000000000000000e+01
7.990000000000000000e+02
7.990000000000000000e+02
7.990000000000000000e+02
7.990000000000000000e+02
7.990000000000000000e+02
7.990000000000000000e+02
7.990000000000000000e+02
7.990000000000000000e+02
7.990000000000000000e+02
7.990000000000000000e+02
7.990000000000000000e+02
7.990000000000000000e+02
7.990000000000000000e+02
7.990000000000000000e+02
7.990000000000000000e+02
7.990000000000000000e+02
7.990000000000000000e+02
7.990000000000000000e+02
7.990000000000000000e+02
7.990000000000000000e+02
7.990000000000000000e+02
7.990000000000000000e+02
6.810000000000000000e+02
6.810000000000000000e+02
6.810000000000000000e+02
6.810000000000000000e+02
6.810000000000000000e+02
6.810000000000000000e+02
6.810000000000000000e+02
6.810000000000000000e+02
1.895000000000000000e+03
1.895000000000000000e+03
1.895000000000000000e+03
1.895000000000000000e+03
1.895000000000000000e+03
5.200000000000000000e+01
5.200000000000000000e+01
5.200000000000000000e+01
1.330000000000000000e+02
5.540000000000000000e+02
1.778000000000000000e+03
1.640000000000000000e+02
1.640000000000000000e+02
1.640000000000000000e+02
1.640000000000000000e+02
1.640000000000000000e+02
6.580000000000000000e+02
6.580000000000000000e+02
6.580000000000000000e+02
3.820000000000000000e+02
3.820000000000000000e+02
3.820000000000000000e+02
3.820000000000000000e+02
3.820000000000000000e+02
3.820000000000000000e+02
1.768000000000000000e+03
1.768000000000000000e+03
9.690000000000000000e+02
9.690000000000000000e+02
1.470000000000000000e+02
9.310000000000000000e+02
5.343000000000000000e+03
5.343000000000000000e+03
5.343000000000000000e+03
5.343000000000000000e+03
3.381000000000000000e+03
3.381000000000000000e+03
3.381000000000000000e+03
3.381000000000000000e+03
3.381000000000000000e+03
3.381000000000000000e+03
1.912000000000000000e+03
1.426000000000000000e+03
1.426000000000000000e+03
1.426000000000000000e+03
1.426000000000000000e+03
1.426000000000000000e+03
1.426000000000000000e+03
8.830000000000000000e+02
1.631000000000000000e+03
1.826000000000000000e+03
1.826000000000000000e+03
1.495000000000000000e+03
1.495000000000000000e+03
1.495000000000000000e+03
1.495000000000000000e+03
3.527000000000000000e+03
3.527000000000000000e+03
8.190000000000000000e+02
9.500000000000000000e+02
1.633000000000000000e+03
1.633000000000000000e+03
1.633000000000000000e+03
7.960000000000000000e+02
7.960000000000000000e+02
7.580000000000000000e+02
7.580000000000000000e+02
7.580000000000000000e+02
7.580000000000000000e+02
1.687000000000000000e+03
1.687000000000000000e+03
1.687000000000000000e+03
1.725000000000000000e+03
1.725000000000000000e+03
1.923000000000000000e+03
1.952000000000000000e+03
1.952000000000000000e+03
1.620000000000000000e+03
1.620000000000000000e+03
1.776000000000000000e+03
1.921000000000000000e+03
1.756000000000000000e+03
1.756000000000000000e+03
1.483000000000000000e+03
1.783000000000000000e+03
1.055000000000000000e+03
1.768000000000000000e+03
1.768000000000000000e+03
7.210000000000000000e+02
1.560000000000000000e+03
6.810000000000000000e+02
6.810000000000000000e+02
6.810000000000000000e+02
6.810000000000000000e+02
6.810000000000000000e+02
6.810000000000000000e+02
6.810000000000000000e+02
6.810000000000000000e+02
1.468000000000000000e+03
1.708000000000000000e+03
1.706000000000000000e+03
1.706000000000000000e+03
1.707000000000000000e+03
1.007000000000000000e+03
8.450000000000000000e+02
8.450000000000000000e+02
8.450000000000000000e+02
3.840000000000000000e+02
3.840000000000000000e+02
3.840000000000000000e+02
1.468000000000000000e+03
1.745000000000000000e+03
1.712000000000000000e+03
3.428000000000000000e+03
4.035000000000000000e+03
4.035000000000000000e+03
4.035000000000000000e+03
4.035000000000000000e+03
6.430000000000000000e+02
8.550000000000000000e+02
6.150000000000000000e+02
6.150000000000000000e+02
6.150000000000000000e+02
6.150000000000000000e+02
1.091000000000000000e+03
1.951000000000000000e+03
1.951000000000000000e+03
1.951000000000000000e+03
1.953000000000000000e+03
1.485000000000000000e+03
1.485000000000000000e+03
1.485000000000000000e+03
1.061000000000000000e+03
1.061000000000000000e+03
1.061000000000000000e+03
1.061000000000000000e+03
1.061000000000000000e+03
1.061000000000000000e+03
1.061000000000000000e+03
1.061000000000000000e+03
1.061000000000000000e+03
1.061000000000000000e+03
1.768000000000000000e+03
1.768000000000000000e+03
5.800000000000000000e+01
1.426000000000000000e+03
1.426000000000000000e+03
1.426000000000000000e+03
1.426000000000000000e+03
1.426000000000000000e+03
1.426000000000000000e+03
1.630000000000000000e+02
1.630000000000000000e+02
1.630000000000000000e+02
1.630000000000000000e+02
7.610000000000000000e+02
1.464000000000000000e+03
1.464000000000000000e+03
1.464000000000000000e+03
1.784000000000000000e+03
1.784000000000000000e+03
1.686000000000000000e+03
9.800000000000000000e+01
8.740000000000000000e+02
1.785000000000000000e+03
1.785000000000000000e+03
2.611000000000000000e+03
2.740000000000000000e+02
2.740000000000000000e+02
2.740000000000000000e+02
2.740000000000000000e+02
2.740000000000000000e+02
2.740000000000000000e+02
2.740000000000000000e+02
2.740000000000000000e+02
2.740000000000000000e+02
2.740000000000000000e+02
2.740000000000000000e+02
2.740000000000000000e+02
2.740000000000000000e+02
2.740000000000000000e+02
2.740000000000000000e+02
2.740000000000000000e+02
2.740000000000000000e+02
2.740000000000000000e+02
2.740000000000000000e+02
7.990000000000000000e+02
7.990000000000000000e+02
7.990000000000000000e+02
7.990000000000000000e+02
7.990000000000000000e+02
7.990000000000000000e+02
7.990000000000000000e+02
7.990000000000000000e+02
7.990000000000000000e+02
7.990000000000000000e+02
7.990000000000000000e+02
7.990000000000000000e+02
7.990000000000000000e+02
7.990000000000000000e+02
7.990000000000000000e+02
7.990000000000000000e+02
7.990000000000000000e+02
7.990000000000000000e+02
7.990000000000000000e+02
7.990000000000000000e+02
7.990000000000000000e+02
7.990000000000000000e+02
5.490000000000000000e+02
5.490000000000000000e+02
9.250000000000000000e+02
9.250000000000000000e+02
1.080000000000000000e+02
1.749000000000000000e+03
1.599000000000000000e+03
1.599000000000000000e+03
6.810000000000000000e+02
6.810000000000000000e+02
6.810000000000000000e+02
6.810000000000000000e+02
6.810000000000000000e+02
6.810000000000000000e+02
6.810000000000000000e+02
6.810000000000000000e+02
1.253000000000000000e+03
1.253000000000000000e+03
1.253000000000000000e+03
1.253000000000000000e+03
1.253000000000000000e+03
1.253000000000000000e+03
1.253000000000000000e+03
1.253000000000000000e+03
1.253000000000000000e+03
2.612000000000000000e+03
1.835000000000000000e+03
1.835000000000000000e+03
1.835000000000000000e+03
2.280000000000000000e+02
1.737000000000000000e+03
1.737000000000000000e+03
1.061000000000000000e+03
1.061000000000000000e+03
1.061000000000000000e+03
1.061000000000000000e+03
1.061000000000000000e+03
1.061000000000000000e+03
1.061000000000000000e+03
1.061000000000000000e+03
1.061000000000000000e+03
1.061000000000000000e+03
7.590000000000000000e+02
7.590000000000000000e+02
7.590000000000000000e+02
7.990000000000000000e+02
7.990000000000000000e+02
7.990000000000000000e+02
7.990000000000000000e+02
7.990000000000000000e+02
7.990000000000000000e+02
7.990000000000000000e+02
7.990000000000000000e+02
7.990000000000000000e+02
7.990000000000000000e+02
7.990000000000000000e+02
7.990000000000000000e+02
7.990000000000000000e+02
7.990000000000000000e+02
7.990000000000000000e+02
7.990000000000000000e+02
7.990000000000000000e+02
7.990000000000000000e+02
7.990000000000000000e+02
7.990000000000000000e+02
7.990000000000000000e+02
7.990000000000000000e+02
9.190000000000000000e+02
1.006000000000000000e+03
2.780000000000000000e+02
2.780000000000000000e+02
1.465000000000000000e+03
1.020000000000000000e+02
1.839000000000000000e+03
1.839000000000000000e+03
9.730000000000000000e+02
6.400000000000000000e+02
5.900000000000000000e+01
5.900000000000000000e+01
5.900000000000000000e+01
5.900000000000000000e+01
5.900000000000000000e+01
5.900000000000000000e+01
5.900000000000000000e+01
5.900000000000000000e+01
5.900000000000000000e+01
5.900000000000000000e+01
5.900000000000000000e+01
5.900000000000000000e+01
1.280000000000000000e+02
1.280000000000000000e+02
1.280000000000000000e+02
1.280000000000000000e+02
1.280000000000000000e+02
1.280000000000000000e+02
1.280000000000000000e+02
1.280000000000000000e+02
1.280000000000000000e+02
1.280000000000000000e+02
1.280000000000000000e+02
1.280000000000000000e+02
1.280000000000000000e+02
1.280000000000000000e+02
1.280000000000000000e+02
1.280000000000000000e+02
1.280000000000000000e+02
1.280000000000000000e+02
1.280000000000000000e+02
1.280000000000000000e+02
1.280000000000000000e+02
1.022000000000000000e+04
2.520000000000000000e+02
2.520000000000000000e+02
2.520000000000000000e+02
2.750000000000000000e+02
2.750000000000000000e+02
2.750000000000000000e+02
2.750000000000000000e+02
1.736000000000000000e+03
1.768000000000000000e+03
1.768000000000000000e+03
1.662000000000000000e+03
1.081000000000000000e+03
1.081000000000000000e+03
1.081000000000000000e+03
1.081000000000000000e+03
1.081000000000000000e+03
1.081000000000000000e+03
1.081000000000000000e+03
1.081000000000000000e+03
1.081000000000000000e+03
1.081000000000000000e+03
1.081000000000000000e+03
1.081000000000000000e+03
1.081000000000000000e+03
2.480000000000000000e+02
2.480000000000000000e+02
2.480000000000000000e+02
2.480000000000000000e+02
2.480000000000000000e+02
1.711000000000000000e+03
1.000000000000000000e+01
1.000000000000000000e+01
7.690000000000000000e+02
7.690000000000000000e+02
5.490000000000000000e+02
5.490000000000000000e+02
7.990000000000000000e+02
7.990000000000000000e+02
7.990000000000000000e+02
7.990000000000000000e+02
7.990000000000000000e+02
7.990000000000000000e+02
7.990000000000000000e+02
7.990000000000000000e+02
7.990000000000000000e+02
7.990000000000000000e+02
7.990000000000000000e+02
7.990000000000000000e+02
7.990000000000000000e+02
7.990000000000000000e+02
7.990000000000000000e+02
7.990000000000000000e+02
7.990000000000000000e+02
7.990000000000000000e+02
7.990000000000000000e+02
7.990000000000000000e+02
7.990000000000000000e+02
7.990000000000000000e+02
4.800000000000000000e+02
4.800000000000000000e+02
4.800000000000000000e+02
4.800000000000000000e+02
4.800000000000000000e+02
6.400000000000000000e+02
1.061000000000000000e+03
1.061000000000000000e+03
1.061000000000000000e+03
1.061000000000000000e+03
1.061000000000000000e+03
1.061000000000000000e+03
1.061000000000000000e+03
1.061000000000000000e+03
1.061000000000000000e+03
1.061000000000000000e+03
1.868000000000000000e+03
1.495000000000000000e+03
1.495000000000000000e+03
1.495000000000000000e+03
1.495000000000000000e+03
1.496000000000000000e+03
8.580000000000000000e+02
1.768000000000000000e+03
1.768000000000000000e+03
1.769000000000000000e+03
2.000000000000000000e+01
7.000000000000000000e+02
1.500000000000000000e+01
1.500000000000000000e+01
9.390000000000000000e+02
9.390000000000000000e+02
9.390000000000000000e+02
6.260000000000000000e+02
6.260000000000000000e+02
2.490000000000000000e+02
2.490000000000000000e+02
2.490000000000000000e+02
2.490000000000000000e+02
2.490000000000000000e+02
2.490000000000000000e+02
2.490000000000000000e+02
2.490000000000000000e+02
2.490000000000000000e+02
2.490000000000000000e+02
2.490000000000000000e+02
2.490000000000000000e+02
1.425000000000000000e+03
1.425000000000000000e+03
6.260000000000000000e+02
6.260000000000000000e+02
1.400000000000000000e+02
1.400000000000000000e+02
1.400000000000000000e+02
1.400000000000000000e+02
2.000000000000000000e+01
8.800000000000000000e+01
8.800000000000000000e+01
1.951000000000000000e+03
1.951000000000000000e+03
1.951000000000000000e+03
1.003000000000000000e+03
1.512000000000000000e+03
1.512000000000000000e+03
1.512000000000000000e+03
7.640000000000000000e+02
1.868000000000000000e+03
1.775000000000000000e+03
6.450000000000000000e+02
6.450000000000000000e+02
5.900000000000000000e+01
5.900000000000000000e+01
5.900000000000000000e+01
5.900000000000000000e+01
5.900000000000000000e+01
5.900000000000000000e+01
5.900000000000000000e+01
5.900000000000000000e+01
5.900000000000000000e+01
5.900000000000000000e+01
5.900000000000000000e+01
5.900000000000000000e+01
9.420000000000000000e+02
9.420000000000000000e+02
1.000000000000000000e+00
1.000000000000000000e+00
1.000000000000000000e+00
1.000000000000000000e+00
1.000000000000000000e+00
1.000000000000000000e+00
1.000000000000000000e+00
1.000000000000000000e+00
1.000000000000000000e+00
1.000000000000000000e+00
1.000000000000000000e+00
1.000000000000000000e+00
1.000000000000000000e+00
9.700000000000000000e+01
9.700000000000000000e+01
9.700000000000000000e+01
1.255000000000000000e+03
1.255000000000000000e+03
9.400000000000000000e+02
9.400000000000000000e+02
9.400000000000000000e+02
9.400000000000000000e+02
9.400000000000000000e+02
9.400000000000000000e+02
9.400000000000000000e+02
9.400000000000000000e+02
9.400000000000000000e+02
9.400000000000000000e+02
9.400000000000000000e+02
9.400000000000000000e+02
9.400000000000000000e+02
9.400000000000000000e+02
1.933000000000000000e+03
1.876000000000000000e+03
2.900000000000000000e+01
4.320000000000000000e+02
4.320000000000000000e+02
4.320000000000000000e+02
1.438000000000000000e+03
1.438000000000000000e+03
1.915000000000000000e+03
1.061000000000000000e+03
1.061000000000000000e+03
1.061000000000000000e+03
1.061000000000000000e+03
1.061000000000000000e+03
1.061000000000000000e+03
1.061000000000000000e+03
1.061000000000000000e+03
1.061000000000000000e+03
1.061000000000000000e+03
1.438000000000000000e+03
1.438000000000000000e+03
7.400000000000000000e+01
7.400000000000000000e+01
7.400000000000000000e+01
2.850000000000000000e+02
2.850000000000000000e+02
8.320000000000000000e+02
8.320000000000000000e+02
8.320000000000000000e+02
8.320000000000000000e+02
8.320000000000000000e+02
6.840000000000000000e+02
6.840000000000000000e+02
6.840000000000000000e+02
7.610000000000000000e+02
5.800000000000000000e+01
6.016000000000000000e+03
6.016000000000000000e+03
6.260000000000000000e+02
6.260000000000000000e+02
2.480000000000000000e+02
2.480000000000000000e+02
2.480000000000000000e+02
2.480000000000000000e+02
2.480000000000000000e+02
1.595000000000000000e+03
1.053000000000000000e+03
1.053000000000000000e+03
1.053000000000000000e+03
8.520000000000000000e+02
8.520000000000000000e+02
2.610000000000000000e+02
2.610000000000000000e+02
6.810000000000000000e+02
6.810000000000000000e+02
6.810000000000000000e+02
6.810000000000000000e+02
6.810000000000000000e+02
6.810000000000000000e+02
6.810000000000000000e+02
6.810000000000000000e+02
1.253000000000000000e+03
1.253000000000000000e+03
1.253000000000000000e+03
1.253000000000000000e+03
1.253000000000000000e+03
1.253000000000000000e+03
1.253000000000000000e+03
1.253000000000000000e+03
1.253000000000000000e+03
3.801000000000000000e+03
3.801000000000000000e+03
2.609000000000000000e+03
2.509000000000000000e+03
2.509000000000000000e+03
7.141000000000000000e+03
3.185000000000000000e+03
3.185000000000000000e+03
2.437000000000000000e+03
2.740000000000000000e+02
2.740000000000000000e+02
2.740000000000000000e+02
2.740000000000000000e+02
2.740000000000000000e+02
2.740000000000000000e+02
2.740000000000000000e+02
2.740000000000000000e+02
2.740000000000000000e+02
2.740000000000000000e+02
2.740000000000000000e+02
2.740000000000000000e+02
2.740000000000000000e+02
2.740000000000000000e+02
2.740000000000000000e+02
2.740000000000000000e+02
2.740000000000000000e+02
2.740000000000000000e+02
2.740000000000000000e+02
4.040000000000000000e+03
4.040000000000000000e+03
4.040000000000000000e+03
4.040000000000000000e+03
5.577000000000000000e+03
2.291000000000000000e+03
2.291000000000000000e+03
2.291000000000000000e+03
2.291000000000000000e+03
2.433000000000000000e+03
2.433000000000000000e+03
3.474000000000000000e+03
2.298000000000000000e+03
3.030000000000000000e+02
1.117700000000000000e+04
1.117700000000000000e+04
1.874000000000000000e+03
1.874000000000000000e+03
1.897000000000000000e+03
4.260000000000000000e+02
8.210000000000000000e+02
8.210000000000000000e+02
8.210000000000000000e+02
8.210000000000000000e+02
1.465000000000000000e+03
1.847000000000000000e+03
1.897000000000000000e+03
2.900000000000000000e+01
8.120000000000000000e+02
8.120000000000000000e+02
8.120000000000000000e+02
8.120000000000000000e+02
8.120000000000000000e+02
8.120000000000000000e+02
8.120000000000000000e+02
1.470000000000000000e+03
2.793000000000000000e+03
9.709000000000000000e+03
3.380000000000000000e+02
1.270000000000000000e+02
3.823000000000000000e+03
3.823000000000000000e+03
2.490000000000000000e+02
2.490000000000000000e+02
2.490000000000000000e+02
2.490000000000000000e+02
2.490000000000000000e+02
2.490000000000000000e+02
2.490000000000000000e+02
2.490000000000000000e+02
2.490000000000000000e+02
2.490000000000000000e+02
2.490000000000000000e+02
2.490000000000000000e+02
2.490000000000000000e+02
2.490000000000000000e+02
2.490000000000000000e+02
2.490000000000000000e+02
2.490000000000000000e+02
2.490000000000000000e+02
2.490000000000000000e+02
2.490000000000000000e+02
2.490000000000000000e+02
2.490000000000000000e+02
2.490000000000000000e+02
2.490000000000000000e+02
1.489000000000000000e+03
1.489000000000000000e+03
1.489000000000000000e+03
3.405000000000000000e+03
3.517000000000000000e+03
1.843000000000000000e+03
3.520000000000000000e+03
2.420000000000000000e+02
1.897000000000000000e+03
1.510000000000000000e+02
8.220000000000000000e+02
8.220000000000000000e+02
1.740000000000000000e+02
1.740000000000000000e+02
4.566000000000000000e+03
3.330000000000000000e+02
1.607000000000000000e+03
1.679000000000000000e+03
2.501000000000000000e+03
3.290000000000000000e+02
2.433000000000000000e+03
2.433000000000000000e+03
6.912000000000000000e+03
6.912000000000000000e+03
1.280000000000000000e+02
1.280000000000000000e+02
1.280000000000000000e+02
1.280000000000000000e+02
1.280000000000000000e+02
1.280000000000000000e+02
1.280000000000000000e+02
1.280000000000000000e+02
1.280000000000000000e+02
1.280000000000000000e+02
1.280000000000000000e+02
1.280000000000000000e+02
1.280000000000000000e+02
1.280000000000000000e+02
1.280000000000000000e+02
1.280000000000000000e+02
1.280000000000000000e+02
1.280000000000000000e+02
1.280000000000000000e+02
1.280000000000000000e+02
1.280000000000000000e+02
8.295000000000000000e+03
1.890000000000000000e+03
2.342000000000000000e+03
2.342000000000000000e+03
2.342000000000000000e+03
2.342000000000000000e+03
1.895000000000000000e+03
1.895000000000000000e+03
1.895000000000000000e+03
1.895000000000000000e+03
1.895000000000000000e+03
1.965000000000000000e+03
7.104000000000000000e+03
7.104000000000000000e+03
7.104000000000000000e+03
7.104000000000000000e+03
7.104000000000000000e+03
7.104000000000000000e+03
3.821000000000000000e+03
1.968000000000000000e+03
6.167000000000000000e+03
6.920000000000000000e+03
3.743000000000000000e+03
3.637000000000000000e+03
2.372000000000000000e+03
2.372000000000000000e+03
2.372000000000000000e+03
2.372000000000000000e+03
2.372000000000000000e+03
2.372000000000000000e+03
2.372000000000000000e+03
2.372000000000000000e+03
2.372000000000000000e+03
2.372000000000000000e+03
2.536000000000000000e+03
3.360000000000000000e+02
3.350000000000000000e+02
3.340000000000000000e+02
3.400000000000000000e+01
3.400000000000000000e+01
3.520000000000000000e+03
5.577000000000000000e+03
2.610000000000000000e+03
2.297000000000000000e+03
2.613000000000000000e+03
2.614000000000000000e+03
2.433000000000000000e+03
2.433000000000000000e+03
2.510000000000000000e+03
2.510000000000000000e+03
1.768000000000000000e+03
1.768000000000000000e+03
2.510000000000000000e+03
2.510000000000000000e+03
8.738000000000000000e+03
4.038000000000000000e+03
4.039000000000000000e+03
4.034000000000000000e+03
4.034000000000000000e+03
4.034000000000000000e+03
4.036000000000000000e+03
3.841000000000000000e+03
3.841000000000000000e+03
6.282000000000000000e+03
2.298000000000000000e+03
2.440000000000000000e+02
1.750000000000000000e+02
1.750000000000000000e+02
3.310000000000000000e+02
3.810000000000000000e+02
1.879000000000000000e+03
8.311000000000000000e+03
8.620000000000000000e+02
7.990000000000000000e+02
7.990000000000000000e+02
7.990000000000000000e+02
7.990000000000000000e+02
7.990000000000000000e+02
7.990000000000000000e+02
7.990000000000000000e+02
7.990000000000000000e+02
7.990000000000000000e+02
7.990000000000000000e+02
7.990000000000000000e+02
7.990000000000000000e+02
7.990000000000000000e+02
7.990000000000000000e+02
7.990000000000000000e+02
7.990000000000000000e+02
7.990000000000000000e+02
7.990000000000000000e+02
7.990000000000000000e+02
7.990000000000000000e+02
7.990000000000000000e+02
7.990000000000000000e+02
9.780000000000000000e+02
2.164000000000000000e+03
1.409000000000000000e+03
2.410000000000000000e+02
9.570000000000000000e+02
9.570000000000000000e+02
3.720000000000000000e+02
3.720000000000000000e+02
5.973000000000000000e+03
1.117800000000000000e+04
1.117800000000000000e+04
2.259000000000000000e+03
2.431000000000000000e+03
2.433000000000000000e+03
2.433000000000000000e+03
2.563000000000000000e+03
2.563000000000000000e+03
9.570000000000000000e+02
9.570000000000000000e+02
3.410000000000000000e+02
2.588000000000000000e+03
2.588000000000000000e+03
2.189000000000000000e+03
2.227000000000000000e+03
2.227000000000000000e+03
2.225000000000000000e+03
2.225000000000000000e+03
2.591000000000000000e+03
2.591000000000000000e+03
1.676000000000000000e+03
7.320000000000000000e+03
8.738000000000000000e+03
2.527000000000000000e+03
2.527000000000000000e+03
2.527000000000000000e+03
3.179000000000000000e+03
3.179000000000000000e+03
2.502000000000000000e+03
8.738000000000000000e+03
1.652000000000000000e+03
1.652000000000000000e+03
1.652000000000000000e+03
1.652000000000000000e+03
1.652000000000000000e+03
1.652000000000000000e+03
1.652000000000000000e+03
5.340000000000000000e+02
1.187000000000000000e+03
1.187000000000000000e+03
1.187000000000000000e+03
1.187000000000000000e+03
1.187000000000000000e+03
3.149000000000000000e+03
3.147000000000000000e+03
2.340000000000000000e+03
2.340000000000000000e+03
2.340000000000000000e+03
2.340000000000000000e+03
1.113000000000000000e+03
3.185000000000000000e+03
3.185000000000000000e+03
8.311000000000000000e+03
1.117500000000000000e+04
1.117500000000000000e+04
2.493000000000000000e+03
3.495000000000000000e+03
3.650000000000000000e+03
2.435000000000000000e+03
2.435000000000000000e+03
3.153000000000000000e+03
5.780000000000000000e+03
1.473000000000000000e+03
1.474000000000000000e+03
2.291000000000000000e+03
2.291000000000000000e+03
2.291000000000000000e+03
2.291000000000000000e+03
1.610000000000000000e+02
1.610000000000000000e+02
1.610000000000000000e+02
1.610000000000000000e+02
5.879000000000000000e+03
2.372000000000000000e+03
2.372000000000000000e+03
2.372000000000000000e+03
2.372000000000000000e+03
2.372000000000000000e+03
2.372000000000000000e+03
2.372000000000000000e+03
2.372000000000000000e+03
2.372000000000000000e+03
2.372000000000000000e+03
2.517000000000000000e+03
1.649000000000000000e+03
3.639000000000000000e+03
3.271000000000000000e+03
3.271000000000000000e+03
3.271000000000000000e+03
3.274000000000000000e+03
3.271000000000000000e+03
3.271000000000000000e+03
3.271000000000000000e+03
3.520000000000000000e+03
3.821000000000000000e+03
5.774000000000000000e+03
6.162000000000000000e+03
6.163000000000000000e+03
6.164000000000000000e+03
6.165000000000000000e+03
6.166000000000000000e+03
6.162000000000000000e+03
1.652000000000000000e+03
1.652000000000000000e+03
1.652000000000000000e+03
1.652000000000000000e+03
1.652000000000000000e+03
1.652000000000000000e+03
1.652000000000000000e+03
2.535000000000000000e+03
3.752000000000000000e+03
4.748000000000000000e+03
1.652000000000000000e+03
1.652000000000000000e+03
1.652000000000000000e+03
1.652000000000000000e+03
1.652000000000000000e+03
1.652000000000000000e+03
1.652000000000000000e+03
4.250000000000000000e+02
1.704000000000000000e+03
1.704000000000000000e+03
1.704000000000000000e+03
1.704000000000000000e+03
1.704000000000000000e+03
1.681000000000000000e+03
1.681000000000000000e+03
1.681000000000000000e+03
1.028000000000000000e+03
1.029000000000000000e+03
3.273000000000000000e+03
3.273000000000000000e+03
1.133300000000000000e+04
1.133300000000000000e+04
1.133400000000000000e+04
1.133400000000000000e+04
1.133500000000000000e+04
1.133500000000000000e+04
1.133600000000000000e+04
1.133600000000000000e+04
1.147300000000000000e+04
1.485000000000000000e+03
1.485000000000000000e+03
1.485000000000000000e+03
3.100000000000000000e+01
3.100000000000000000e+01
3.100000000000000000e+01
1.625000000000000000e+03
1.625000000000000000e+03
1.147200000000000000e+04
1.175400000000000000e+04
1.175400000000000000e+04
1.175400000000000000e+04
3.426000000000000000e+03
3.426000000000000000e+03
3.426000000000000000e+03
6.020000000000000000e+02
6.020000000000000000e+02
1.297200000000000000e+04
1.297200000000000000e+04
1.297200000000000000e+04
1.297200000000000000e+04
1.175200000000000000e+04
1.175200000000000000e+04
1.245400000000000000e+04
1.117700000000000000e+04
1.117700000000000000e+04
1.117800000000000000e+04
1.117800000000000000e+04
1.117800000000000000e+04
1.117800000000000000e+04
3.272000000000000000e+03
3.272000000000000000e+03
1.348300000000000000e+04
1.348300000000000000e+04
3.524000000000000000e+03
3.524000000000000000e+03
7.404000000000000000e+03
2.302000000000000000e+03
2.302000000000000000e+03
2.302000000000000000e+03
5.950000000000000000e+02
1.171700000000000000e+04
1.171700000000000000e+04
1.175300000000000000e+04
1.175300000000000000e+04
1.950000000000000000e+03
1.847000000000000000e+03
1.897000000000000000e+03
2.540000000000000000e+02
1.404800000000000000e+04
1.644000000000000000e+03
1.297200000000000000e+04
1.297200000000000000e+04
1.297200000000000000e+04
1.297200000000000000e+04
7.246000000000000000e+03
7.246000000000000000e+03
7.246000000000000000e+03
7.246000000000000000e+03
5.939000000000000000e+03
5.939000000000000000e+03
5.290000000000000000e+02
5.290000000000000000e+02
5.290000000000000000e+02
1.350300000000000000e+04
1.350300000000000000e+04
1.395300000000000000e+04
1.395300000000000000e+04
1.395300000000000000e+04
1.395300000000000000e+04
1.395300000000000000e+04
1.395300000000000000e+04
1.395300000000000000e+04
1.395300000000000000e+04
1.395300000000000000e+04
1.395300000000000000e+04
1.395300000000000000e+04
1.395300000000000000e+04
7.516000000000000000e+03
7.516000000000000000e+03
7.516000000000000000e+03
7.516000000000000000e+03
7.516000000000000000e+03
7.516000000000000000e+03
7.516000000000000000e+03
7.516000000000000000e+03
1.799000000000000000e+03
1.782000000000000000e+03
1.782000000000000000e+03
1.782000000000000000e+03
1.782000000000000000e+03
1.782000000000000000e+03
1.782000000000000000e+03
1.782000000000000000e+03
1.782000000000000000e+03
1.782000000000000000e+03
1.782000000000000000e+03
1.782000000000000000e+03
1.782000000000000000e+03
1.782000000000000000e+03
1.782000000000000000e+03
1.782000000000000000e+03
1.782000000000000000e+03
1.782000000000000000e+03
1.782000000000000000e+03
1.782000000000000000e+03
1.782000000000000000e+03
1.782000000000000000e+03
1.782000000000000000e+03
1.782000000000000000e+03
1.782000000000000000e+03
1.782000000000000000e+03
1.782000000000000000e+03
1.782000000000000000e+03
1.782000000000000000e+03
1.782000000000000000e+03
6.200000000000000000e+02
6.200000000000000000e+02
7.823000000000000000e+03
1.210000000000000000e+02
1.210000000000000000e+02
1.210000000000000000e+02
1.210000000000000000e+02
1.210000000000000000e+02
1.210000000000000000e+02
1.210000000000000000e+02
1.210000000000000000e+02
1.210000000000000000e+02
1.210000000000000000e+02
1.210000000000000000e+02
1.210000000000000000e+02
1.210000000000000000e+02
9.457000000000000000e+03
1.378900000000000000e+04
1.378900000000000000e+04
1.378900000000000000e+04
2.810000000000000000e+02
2.810000000000000000e+02
1.491000000000000000e+03
1.491000000000000000e+03
7.250000000000000000e+03
7.250000000000000000e+03
7.250000000000000000e+03
2.433000000000000000e+03
2.433000000000000000e+03
1.303800000000000000e+04
1.303800000000000000e+04
1.473000000000000000e+03
1.250600000000000000e+04
1.250600000000000000e+04
2.474000000000000000e+03
1.474000000000000000e+03
1.378900000000000000e+04
1.378900000000000000e+04
1.378900000000000000e+04
1.140000000000000000e+02
1.140000000000000000e+02
1.140000000000000000e+02
3.782000000000000000e+03
3.782000000000000000e+03
3.782000000000000000e+03
3.782000000000000000e+03
3.782000000000000000e+03
3.782000000000000000e+03
3.782000000000000000e+03
3.782000000000000000e+03
9.550000000000000000e+02
9.550000000000000000e+02
9.550000000000000000e+02
9.550000000000000000e+02
9.550000000000000000e+02
9.550000000000000000e+02
9.550000000000000000e+02
9.550000000000000000e+02
1.381000000000000000e+04
1.381000000000000000e+04
1.381000000000000000e+04
1.381000000000000000e+04
1.404800000000000000e+04
1.377700000000000000e+04
1.377800000000000000e+04
2.400000000000000000e+01
2.400000000000000000e+01
8.299000000000000000e+03
1.210000000000000000e+02
1.210000000000000000e+02
1.210000000000000000e+02
1.210000000000000000e+02
1.210000000000000000e+02
1.210000000000000000e+02
1.210000000000000000e+02
1.210000000000000000e+02
1.210000000000000000e+02
1.210000000000000000e+02
1.210000000000000000e+02
1.210000000000000000e+02
1.210000000000000000e+02
1.607000000000000000e+03
1.348300000000000000e+04
1.348300000000000000e+04
1.395300000000000000e+04
1.395300000000000000e+04
1.395300000000000000e+04
1.395300000000000000e+04
1.395300000000000000e+04
1.395300000000000000e+04
1.395300000000000000e+04
1.395300000000000000e+04
1.395300000000000000e+04
1.395300000000000000e+04
1.395300000000000000e+04
1.395300000000000000e+04
1.382900000000000000e+04
1.382900000000000000e+04
1.382100000000000000e+04
1.382100000000000000e+04
1.382100000000000000e+04
1.382100000000000000e+04
1.382100000000000000e+04
1.382100000000000000e+04
1.382100000000000000e+04
4.099000000000000000e+03
4.099000000000000000e+03
4.099000000000000000e+03
4.105000000000000000e+03
4.105000000000000000e+03
3.404000000000000000e+03
1.070000000000000000e+03
8.281000000000000000e+03
3.394000000000000000e+03
3.394000000000000000e+03
1.781000000000000000e+03
1.781000000000000000e+03
9.410000000000000000e+02
9.410000000000000000e+02
9.461000000000000000e+03
9.461000000000000000e+03
1.561000000000000000e+03
8.316000000000000000e+03
1.444100000000000000e+04
8.300000000000000000e+02
8.300000000000000000e+02
8.300000000000000000e+02
8.300000000000000000e+02
8.300000000000000000e+02
8.300000000000000000e+02
8.300000000000000000e+02
8.300000000000000000e+02
8.300000000000000000e+02
8.300000000000000000e+02
8.300000000000000000e+02
8.300000000000000000e+02
1.966000000000000000e+03
1.524000000000000000e+03
1.524000000000000000e+03
1.465200000000000000e+04
1.465200000000000000e+04
1.011000000000000000e+03
1.011000000000000000e+03
1.011000000000000000e+03
1.011000000000000000e+03
1.011000000000000000e+03
1.011000000000000000e+03
1.011000000000000000e+03
1.011000000000000000e+03
1.011000000000000000e+03
1.426000000000000000e+03
1.426000000000000000e+03
1.426000000000000000e+03
1.426000000000000000e+03
1.426000000000000000e+03
1.426000000000000000e+03
1.497700000000000000e+04
1.969000000000000000e+03
1.551200000000000000e+04
1.551300000000000000e+04
1.457000000000000000e+03
1.473300000000000000e+04
1.473300000000000000e+04
1.473300000000000000e+04
1.473300000000000000e+04
1.080000000000000000e+02
1.576200000000000000e+04
1.576200000000000000e+04
1.576200000000000000e+04
1.576200000000000000e+04
2.200000000000000000e+02
2.200000000000000000e+02
1.055000000000000000e+03
2.428000000000000000e+03
2.428000000000000000e+03
2.428000000000000000e+03
2.428000000000000000e+03
2.428000000000000000e+03
2.428000000000000000e+03
7.990000000000000000e+02
7.990000000000000000e+02
7.990000000000000000e+02
7.990000000000000000e+02
7.990000000000000000e+02
7.990000000000000000e+02
7.990000000000000000e+02
7.990000000000000000e+02
7.990000000000000000e+02
7.990000000000000000e+02
7.990000000000000000e+02
7.990000000000000000e+02
7.990000000000000000e+02
7.990000000000000000e+02
7.990000000000000000e+02
7.990000000000000000e+02
7.990000000000000000e+02
7.990000000000000000e+02
7.990000000000000000e+02
7.990000000000000000e+02
7.990000000000000000e+02
7.990000000000000000e+02
1.692000000000000000e+03
1.692000000000000000e+03
1.692000000000000000e+03
1.692000000000000000e+03
1.692000000000000000e+03
1.692000000000000000e+03
1.692000000000000000e+03
1.692000000000000000e+03
1.692000000000000000e+03
1.692000000000000000e+03
1.692000000000000000e+03
1.692000000000000000e+03
1.692000000000000000e+03
1.692000000000000000e+03
1.692000000000000000e+03
1.692000000000000000e+03
1.692000000000000000e+03
1.692000000000000000e+03
1.692000000000000000e+03
1.692000000000000000e+03
1.692000000000000000e+03
1.692000000000000000e+03
1.692000000000000000e+03
1.692000000000000000e+03
1.692000000000000000e+03
1.692000000000000000e+03
1.692000000000000000e+03
1.692000000000000000e+03
1.692000000000000000e+03
1.692000000000000000e+03
1.692000000000000000e+03
1.692000000000000000e+03
4.590000000000000000e+02
4.765000000000000000e+03
4.765000000000000000e+03
4.765000000000000000e+03
4.765000000000000000e+03
4.765000000000000000e+03
4.765000000000000000e+03
4.765000000000000000e+03
4.765000000000000000e+03
4.765000000000000000e+03
4.765000000000000000e+03
4.765000000000000000e+03
1.601100000000000000e+04
1.601100000000000000e+04
1.082000000000000000e+03
1.082000000000000000e+03
2.594000000000000000e+03
1.577800000000000000e+04
1.577800000000000000e+04
1.577800000000000000e+04
1.577800000000000000e+04
1.586600000000000000e+04
1.586600000000000000e+04
1.586600000000000000e+04
1.586600000000000000e+04
8.679000000000000000e+03
2.377000000000000000e+03
1.833500000000000000e+04
3.781000000000000000e+03
3.781000000000000000e+03
3.781000000000000000e+03
5.700000000000000000e+02
5.700000000000000000e+02
5.700000000000000000e+02
5.700000000000000000e+02
5.700000000000000000e+02
5.700000000000000000e+02
5.700000000000000000e+02
5.700000000000000000e+02
5.700000000000000000e+02
1.801000000000000000e+03
1.002600000000000000e+04
1.637000000000000000e+04
1.637000000000000000e+04
1.637000000000000000e+04
1.637000000000000000e+04
1.637000000000000000e+04
1.637000000000000000e+04
1.822400000000000000e+04
1.822300000000000000e+04
1.617100000000000000e+04
2.226000000000000000e+03
2.226000000000000000e+03
1.834000000000000000e+03
1.684100000000000000e+04
1.722200000000000000e+04
1.722300000000000000e+04
1.722600000000000000e+04
1.722800000000000000e+04
1.722300000000000000e+04
1.722700000000000000e+04
1.722700000000000000e+04
1.722700000000000000e+04
5.070000000000000000e+02
2.488000000000000000e+03
8.738000000000000000e+03
1.153200000000000000e+04
1.153200000000000000e+04
1.153200000000000000e+04
1.721800000000000000e+04
1.710300000000000000e+04
1.722200000000000000e+04
1.722400000000000000e+04
1.722200000000000000e+04
1.722300000000000000e+04
1.722400000000000000e+04
1.722600000000000000e+04
1.722600000000000000e+04
1.722500000000000000e+04
1.722800000000000000e+04
7.210000000000000000e+02
1.533000000000000000e+03
1.616500000000000000e+04
1.768600000000000000e+04
1.783700000000000000e+04
1.783600000000000000e+04
1.974500000000000000e+04
1.783800000000000000e+04
1.783700000000000000e+04
1.685000000000000000e+03
6.281000000000000000e+03
3.520000000000000000e+03
1.803000000000000000e+04
1.802900000000000000e+04
1.794700000000000000e+04
1.819900000000000000e+04
1.811800000000000000e+04
1.836900000000000000e+04
1.822500000000000000e+04
1.380000000000000000e+02
7.046000000000000000e+03
1.838200000000000000e+04
1.822600000000000000e+04
1.866100000000000000e+04
1.870700000000000000e+04
1.074700000000000000e+04
1.074700000000000000e+04
1.074700000000000000e+04
1.074700000000000000e+04
1.214000000000000000e+03
1.214000000000000000e+03
1.971000000000000000e+03
3.526000000000000000e+03
3.526000000000000000e+03
1.898100000000000000e+04
6.110000000000000000e+02
1.907300000000000000e+04
1.907300000000000000e+04
1.621000000000000000e+03
1.621000000000000000e+03
8.678000000000000000e+03
1.922100000000000000e+04
1.922100000000000000e+04
1.922100000000000000e+04
1.926700000000000000e+04
1.926700000000000000e+04
1.926700000000000000e+04
1.983700000000000000e+04
7.990000000000000000e+02
7.990000000000000000e+02
7.990000000000000000e+02
7.990000000000000000e+02
7.990000000000000000e+02
7.990000000000000000e+02
7.990000000000000000e+02
7.990000000000000000e+02
7.990000000000000000e+02
7.990000000000000000e+02
7.990000000000000000e+02
7.990000000000000000e+02
7.990000000000000000e+02
7.990000000000000000e+02
7.990000000000000000e+02
7.990000000000000000e+02
7.990000000000000000e+02
7.990000000000000000e+02
7.990000000000000000e+02
7.990000000000000000e+02
7.990000000000000000e+02
7.990000000000000000e+02
9.920000000000000000e+02
7.990000000000000000e+02
7.990000000000000000e+02
7.990000000000000000e+02
7.990000000000000000e+02
7.990000000000000000e+02
7.990000000000000000e+02
7.990000000000000000e+02
7.990000000000000000e+02
7.990000000000000000e+02
7.990000000000000000e+02
7.990000000000000000e+02
7.990000000000000000e+02
7.990000000000000000e+02
7.990000000000000000e+02
7.990000000000000000e+02
7.990000000000000000e+02
7.990000000000000000e+02
7.990000000000000000e+02
7.990000000000000000e+02
7.990000000000000000e+02
7.990000000000000000e+02
7.990000000000000000e+02
8.744000000000000000e+03
1.577700000000000000e+04
1.980200000000000000e+04
2.200300000000000000e+04
2.003600000000000000e+04
2.080700000000000000e+04
2.080700000000000000e+04
2.080700000000000000e+04
2.080700000000000000e+04
2.080700000000000000e+04
1.535800000000000000e+04
2.044900000000000000e+04
2.043100000000000000e+04
1.152900000000000000e+04
2.208500000000000000e+04
2.208700000000000000e+04
2.086600000000000000e+04
1.214000000000000000e+03
1.214000000000000000e+03
2.110500000000000000e+04
2.102900000000000000e+04
2.208300000000000000e+04
2.208100000000000000e+04
2.131000000000000000e+04
2.148000000000000000e+04
3.651000000000000000e+03
2.142000000000000000e+04
2.142000000000000000e+04
2.188300000000000000e+04
2.194800000000000000e+04
2.194800000000000000e+04
1.387500000000000000e+04
2.208200000000000000e+04
2.208400000000000000e+04
2.208600000000000000e+04
2.218700000000000000e+04
1.687000000000000000e+03
1.687000000000000000e+03
1.687000000000000000e+03
1.387600000000000000e+04
2.218600000000000000e+04
1.199100000000000000e+04
2.257000000000000000e+03
7.280000000000000000e+02
7.280000000000000000e+02
7.280000000000000000e+02
