2.428000000000000000e+03
2.428000000000000000e+03
2.428000000000000000e+03
2.428000000000000000e+03
2.428000000000000000e+03
2.428000000000000000e+03
1.126300000000000000e+04
1.126300000000000000e+04
1.126300000000000000e+04
1.854000000000000000e+03
1.854000000000000000e+03
1.126300000000000000e+04
1.126300000000000000e+04
1.126300000000000000e+04
1.474000000000000000e+03
2.150000000000000000e+02
2.150000000000000000e+02
7.580000000000000000e+02
7.580000000000000000e+02
7.580000000000000000e+02
7.580000000000000000e+02
7.500000000000000000e+01
7.500000000000000000e+01
7.173000000000000000e+03
1.153300000000000000e+04
1.153300000000000000e+04
1.153300000000000000e+04
1.153300000000000000e+04
1.153300000000000000e+04
1.153300000000000000e+04
1.153300000000000000e+04
1.153300000000000000e+04
1.153300000000000000e+04
1.153300000000000000e+04
1.153300000000000000e+04
1.153300000000000000e+04
1.153300000000000000e+04
1.153300000000000000e+04
1.153300000000000000e+04
1.153300000000000000e+04
1.153300000000000000e+04
1.153300000000000000e+04
1.153300000000000000e+04
1.153300000000000000e+04
1.153300000000000000e+04
1.153300000000000000e+04
1.153300000000000000e+04
1.153300000000000000e+04
1.153300000000000000e+04
1.153300000000000000e+04
1.153300000000000000e+04
1.153300000000000000e+04
1.153300000000000000e+04
1.153300000000000000e+04
1.153300000000000000e+04
1.153300000000000000e+04
1.153300000000000000e+04
1.153300000000000000e+04
1.153300000000000000e+04
1.834000000000000000e+03
2.860000000000000000e+02
2.860000000000000000e+02
2.860000000000000000e+02
2.860000000000000000e+02
2.492000000000000000e+03
1.749000000000000000e+03
1.698000000000000000e+03
1.599000000000000000e+03
1.599000000000000000e+03
2.310000000000000000e+02
2.310000000000000000e+02
1.845000000000000000e+03
2.548000000000000000e+03
2.548000000000000000e+03
2.548000000000000000e+03
1.911000000000000000e+03
1.661000000000000000e+03
2.549000000000000000e+03
2.551000000000000000e+03
3.183000000000000000e+03
3.183000000000000000e+03
3.183000000000000000e+03
3.183000000000000000e+03
3.183000000000000000e+03
1.586000000000000000e+03
3.043000000000000000e+03
3.043000000000000000e+03
3.043000000000000000e+03
3.043000000000000000e+03
3.046000000000000000e+03
3.046000000000000000e+03
3.046000000000000000e+03
3.046000000000000000e+03
8.470000000000000000e+02
8.470000000000000000e+02
8.470000000000000000e+02
9.390000000000000000e+02
9.390000000000000000e+02
9.390000000000000000e+02
3.040000000000000000e+03
3.040000000000000000e+03
3.040000000000000000e+03
3.040000000000000000e+03
3.431000000000000000e+03
8.200000000000000000e+02
1.775000000000000000e+03
1.409000000000000000e+03
8.800000000000000000e+01
8.800000000000000000e+01
8.800000000000000000e+01
8.800000000000000000e+01
1.951000000000000000e+03
1.951000000000000000e+03
1.951000000000000000e+03
1.620000000000000000e+03
1.620000000000000000e+03
8.730000000000000000e+02
8.730000000000000000e+02
8.730000000000000000e+02
8.730000000000000000e+02
8.730000000000000000e+02
6.410000000000000000e+02
1.740000000000000000e+03
1.740000000000000000e+03
6.215000000000000000e+03
8.681000000000000000e+03
1.595000000000000000e+03
3.100000000000000000e+01
3.100000000000000000e+01
3.100000000000000000e+01
9.450000000000000000e+02
9.450000000000000000e+02
9.450000000000000000e+02
8.580000000000000000e+02
1.866000000000000000e+03
1.755000000000000000e+03
1.940000000000000000e+03
9.300000000000000000e+02
1.450000000000000000e+02
1.890000000000000000e+03
1.889000000000000000e+03
9.500000000000000000e+02
1.633000000000000000e+03
1.633000000000000000e+03
1.633000000000000000e+03
7.960000000000000000e+02
7.960000000000000000e+02
1.495000000000000000e+03
1.495000000000000000e+03
1.495000000000000000e+03
1.495000000000000000e+03
7.600000000000000000e+02
7.600000000000000000e+02
7.600000000000000000e+02
7.600000000000000000e+02
7.600000000000000000e+02
7.600000000000000000e+02
7.600000000000000000e+02
4.075000000000000000e+03
5.260000000000000000e+02
5.260000000000000000e+02
5.260000000000000000e+02
5.260000000000000000e+02
1.783000000000000000e+03
1.175200000000000000e+04
1.175200000000000000e+04
7.930000000000000000e+02
7.940000000000000000e+02
1.340000000000000000e+02
9.270000000000000000e+02
1.803000000000000000e+03
1.057000000000000000e+03
3.600000000000000000e+01
3.600000000000000000e+01
3.600000000000000000e+01
6.160000000000000000e+02
6.150000000000000000e+02
6.150000000000000000e+02
6.150000000000000000e+02
6.150000000000000000e+02
2.259000000000000000e+03
1.171700000000000000e+04
1.171700000000000000e+04
1.681000000000000000e+03
1.681000000000000000e+03
1.681000000000000000e+03
1.772000000000000000e+03
1.772000000000000000e+03
7.900000000000000000e+02
1.738000000000000000e+03
1.738000000000000000e+03
1.738000000000000000e+03
6.400000000000000000e+02
1.745000000000000000e+03
1.712000000000000000e+03
1.468000000000000000e+03
1.887000000000000000e+03
1.586000000000000000e+03
3.000000000000000000e+00
3.000000000000000000e+00
8.720000000000000000e+02
3.637000000000000000e+03
3.750000000000000000e+03
3.639000000000000000e+03
2.493000000000000000e+03
6.040000000000000000e+02
7.000000000000000000e+02
4.487000000000000000e+03
4.487000000000000000e+03
4.487000000000000000e+03
5.660000000000000000e+02
2.342000000000000000e+03
2.342000000000000000e+03
2.342000000000000000e+03
2.342000000000000000e+03
1.972000000000000000e+03
2.435000000000000000e+03
2.435000000000000000e+03
2.433000000000000000e+03
2.433000000000000000e+03
2.434000000000000000e+03
2.434000000000000000e+03
1.687000000000000000e+03
1.687000000000000000e+03
1.687000000000000000e+03
1.652000000000000000e+03
1.652000000000000000e+03
1.652000000000000000e+03
1.652000000000000000e+03
1.652000000000000000e+03
1.652000000000000000e+03
1.652000000000000000e+03
1.808000000000000000e+03
1.808000000000000000e+03
1.256000000000000000e+03
1.256000000000000000e+03
2.590000000000000000e+02
1.902000000000000000e+03
1.902000000000000000e+03
1.903000000000000000e+03
1.903000000000000000e+03
1.653000000000000000e+03
1.653000000000000000e+03
1.653000000000000000e+03
1.653000000000000000e+03
1.653000000000000000e+03
1.653000000000000000e+03
1.653000000000000000e+03
5.300000000000000000e+01
5.300000000000000000e+01
5.300000000000000000e+01
5.300000000000000000e+01
5.300000000000000000e+01
5.300000000000000000e+01
5.200000000000000000e+01
5.200000000000000000e+01
5.200000000000000000e+01
2.342000000000000000e+03
2.342000000000000000e+03
2.342000000000000000e+03
2.342000000000000000e+03
2.361000000000000000e+03
1.885000000000000000e+03
1.703000000000000000e+03
1.703000000000000000e+03
1.703000000000000000e+03
1.703000000000000000e+03
1.703000000000000000e+03
1.703000000000000000e+03
1.703000000000000000e+03
1.703000000000000000e+03
1.703000000000000000e+03
1.703000000000000000e+03
1.703000000000000000e+03
1.704000000000000000e+03
1.704000000000000000e+03
1.704000000000000000e+03
1.704000000000000000e+03
1.704000000000000000e+03
5.700000000000000000e+01
5.700000000000000000e+01
1.921000000000000000e+03
9.460000000000000000e+02
9.540000000000000000e+02
2.825000000000000000e+03
6.090000000000000000e+02
1.465000000000000000e+03
1.956000000000000000e+03
1.956000000000000000e+03
1.956000000000000000e+03
1.956000000000000000e+03
1.956000000000000000e+03
1.955000000000000000e+03
1.955000000000000000e+03
1.955000000000000000e+03
1.955000000000000000e+03
1.955000000000000000e+03
1.591000000000000000e+03
9.420000000000000000e+02
9.420000000000000000e+02
3.060000000000000000e+03
3.060000000000000000e+03
3.060000000000000000e+03
3.060000000000000000e+03
7.890000000000000000e+02
7.890000000000000000e+02
6.040000000000000000e+02
9.970000000000000000e+02
1.153300000000000000e+04
1.153300000000000000e+04
1.153300000000000000e+04
1.153300000000000000e+04
1.153300000000000000e+04
1.153300000000000000e+04
1.153300000000000000e+04
1.153300000000000000e+04
1.153300000000000000e+04
1.153300000000000000e+04
1.153300000000000000e+04
1.153300000000000000e+04
1.153300000000000000e+04
1.153300000000000000e+04
1.153300000000000000e+04
1.153300000000000000e+04
1.153300000000000000e+04
1.153300000000000000e+04
1.153300000000000000e+04
1.153300000000000000e+04
1.153300000000000000e+04
1.153300000000000000e+04
1.153300000000000000e+04
1.153300000000000000e+04
1.153300000000000000e+04
1.153300000000000000e+04
1.153300000000000000e+04
1.153300000000000000e+04
1.153300000000000000e+04
1.153300000000000000e+04
1.153300000000000000e+04
1.153300000000000000e+04
1.153300000000000000e+04
1.153300000000000000e+04
1.153300000000000000e+04
4.069000000000000000e+03
6.560000000000000000e+02
6.560000000000000000e+02
1.776000000000000000e+03
7.630000000000000000e+02
2.274000000000000000e+03
5.260000000000000000e+02
5.260000000000000000e+02
5.260000000000000000e+02
5.260000000000000000e+02
5.250000000000000000e+02
5.250000000000000000e+02
5.250000000000000000e+02
5.250000000000000000e+02
1.867000000000000000e+03
7.610000000000000000e+02
3.820000000000000000e+02
3.820000000000000000e+02
3.820000000000000000e+02
3.820000000000000000e+02
3.820000000000000000e+02
3.820000000000000000e+02
1.720000000000000000e+03
3.524000000000000000e+03
3.524000000000000000e+03
2.520000000000000000e+02
2.520000000000000000e+02
2.520000000000000000e+02
6.260000000000000000e+02
6.260000000000000000e+02
1.478000000000000000e+03
1.714000000000000000e+03
1.788000000000000000e+03
8.510000000000000000e+02
1.575000000000000000e+03
1.589000000000000000e+03
1.588000000000000000e+03
8.520000000000000000e+02
8.520000000000000000e+02
2.338000000000000000e+03
2.338000000000000000e+03
2.338000000000000000e+03
2.338000000000000000e+03
6.131000000000000000e+03
9.250000000000000000e+02
9.250000000000000000e+02
8.289000000000000000e+03
8.289000000000000000e+03
1.939000000000000000e+03
8.590000000000000000e+02
2.335000000000000000e+03
2.335000000000000000e+03
2.335000000000000000e+03
2.335000000000000000e+03
3.786000000000000000e+03
1.735000000000000000e+03
2.619000000000000000e+03
1.933000000000000000e+03
7.640000000000000000e+02
5.900000000000000000e+01
5.900000000000000000e+01
5.900000000000000000e+01
5.900000000000000000e+01
5.900000000000000000e+01
5.900000000000000000e+01
5.900000000000000000e+01
5.900000000000000000e+01
5.900000000000000000e+01
5.900000000000000000e+01
5.900000000000000000e+01
5.900000000000000000e+01
6.260000000000000000e+02
6.260000000000000000e+02
2.320000000000000000e+02
2.320000000000000000e+02
2.320000000000000000e+02
2.320000000000000000e+02
2.320000000000000000e+02
2.320000000000000000e+02
2.320000000000000000e+02
2.320000000000000000e+02
2.320000000000000000e+02
2.320000000000000000e+02
2.320000000000000000e+02
2.320000000000000000e+02
1.952000000000000000e+03
1.952000000000000000e+03
6.016000000000000000e+03
6.016000000000000000e+03
2.520000000000000000e+02
2.520000000000000000e+02
2.520000000000000000e+02
1.160000000000000000e+02
1.160000000000000000e+02
1.160000000000000000e+02
9.900000000000000000e+01
9.810000000000000000e+02
9.903000000000000000e+03
3.147000000000000000e+03
7.880000000000000000e+02
7.880000000000000000e+02
3.153000000000000000e+03
3.149000000000000000e+03
5.540000000000000000e+02
1.350000000000000000e+02
1.350000000000000000e+02
1.350000000000000000e+02
1.510000000000000000e+02
1.657000000000000000e+03
1.657000000000000000e+03
1.658000000000000000e+03
1.658000000000000000e+03
7.660000000000000000e+02
1.696000000000000000e+03
1.696000000000000000e+03
1.696000000000000000e+03
1.695000000000000000e+03
1.695000000000000000e+03
1.695000000000000000e+03
1.256000000000000000e+03
1.256000000000000000e+03
3.840000000000000000e+02
3.840000000000000000e+02
3.840000000000000000e+02
1.448000000000000000e+03
9.630000000000000000e+02
3.750000000000000000e+03
1.874000000000000000e+03
1.874000000000000000e+03
3.823000000000000000e+03
3.823000000000000000e+03
2.528000000000000000e+03
9.190000000000000000e+02
6.260000000000000000e+02
6.260000000000000000e+02
1.895000000000000000e+03
1.895000000000000000e+03
1.895000000000000000e+03
1.895000000000000000e+03
1.895000000000000000e+03
2.520000000000000000e+02
2.520000000000000000e+02
2.520000000000000000e+02
1.400000000000000000e+02
1.400000000000000000e+02
1.400000000000000000e+02
1.400000000000000000e+02
2.472000000000000000e+03
1.129000000000000000e+03
1.880000000000000000e+03
8.060000000000000000e+02
8.680000000000000000e+02
8.680000000000000000e+02
8.680000000000000000e+02
7.050000000000000000e+02
1.823000000000000000e+03
1.340000000000000000e+02
9.480000000000000000e+02
4.042000000000000000e+03
4.042000000000000000e+03
2.428000000000000000e+03
2.428000000000000000e+03
2.428000000000000000e+03
2.428000000000000000e+03
2.428000000000000000e+03
2.428000000000000000e+03
1.689000000000000000e+03
8.670000000000000000e+02
8.670000000000000000e+02
8.670000000000000000e+02
6.000000000000000000e+02
6.000000000000000000e+02
3.823000000000000000e+03
3.823000000000000000e+03
1.679000000000000000e+03
2.446000000000000000e+03
2.446000000000000000e+03
2.340000000000000000e+03
2.340000000000000000e+03
2.340000000000000000e+03
2.340000000000000000e+03
9.690000000000000000e+02
9.690000000000000000e+02
1.470000000000000000e+02
9.310000000000000000e+02
9.400000000000000000e+02
9.400000000000000000e+02
9.400000000000000000e+02
9.400000000000000000e+02
9.400000000000000000e+02
9.400000000000000000e+02
9.400000000000000000e+02
9.400000000000000000e+02
9.400000000000000000e+02
9.400000000000000000e+02
9.400000000000000000e+02
9.400000000000000000e+02
9.400000000000000000e+02
9.400000000000000000e+02
1.873000000000000000e+03
6.060000000000000000e+02
1.918000000000000000e+03
1.619000000000000000e+03
1.489000000000000000e+03
1.489000000000000000e+03
1.489000000000000000e+03
5.900000000000000000e+01
5.900000000000000000e+01
5.900000000000000000e+01
5.900000000000000000e+01
5.900000000000000000e+01
5.900000000000000000e+01
5.900000000000000000e+01
5.900000000000000000e+01
5.900000000000000000e+01
5.900000000000000000e+01
5.900000000000000000e+01
5.900000000000000000e+01
5.490000000000000000e+02
5.490000000000000000e+02
1.012000000000000000e+03
1.241000000000000000e+03
6.966000000000000000e+03
6.966000000000000000e+03
3.635000000000000000e+03
3.750000000000000000e+03
8.170000000000000000e+02
8.170000000000000000e+02
8.170000000000000000e+02
7.730000000000000000e+02
7.730000000000000000e+02
2.343000000000000000e+03
2.343000000000000000e+03
2.343000000000000000e+03
2.343000000000000000e+03
2.342000000000000000e+03
2.342000000000000000e+03
2.342000000000000000e+03
2.342000000000000000e+03
1.649000000000000000e+03
9.280000000000000000e+02
1.330000000000000000e+02
3.781000000000000000e+03
3.781000000000000000e+03
3.781000000000000000e+03
2.341000000000000000e+03
2.341000000000000000e+03
2.341000000000000000e+03
2.341000000000000000e+03
1.443000000000000000e+03
2.564000000000000000e+03
2.802000000000000000e+03
2.803000000000000000e+03
2.804000000000000000e+03
9.730000000000000000e+02
1.710000000000000000e+03
3.820000000000000000e+02
3.820000000000000000e+02
3.820000000000000000e+02
3.820000000000000000e+02
3.820000000000000000e+02
3.820000000000000000e+02
2.410000000000000000e+02
2.390000000000000000e+02
2.400000000000000000e+02
6.989000000000000000e+03
6.989000000000000000e+03
1.870000000000000000e+03
1.924000000000000000e+03
2.563000000000000000e+03
2.563000000000000000e+03
1.925000000000000000e+03
1.000000000000000000e+03
1.000000000000000000e+03
1.929000000000000000e+03
1.929000000000000000e+03
1.928000000000000000e+03
3.527000000000000000e+03
3.527000000000000000e+03
3.800000000000000000e+03
3.800000000000000000e+03
3.800000000000000000e+03
1.230000000000000000e+02
1.230000000000000000e+02
1.008000000000000000e+03
1.042000000000000000e+03
1.439000000000000000e+03
6.966000000000000000e+03
6.966000000000000000e+03
7.960000000000000000e+02
7.960000000000000000e+02
5.630000000000000000e+02
9.750000000000000000e+02
5.260000000000000000e+02
5.260000000000000000e+02
5.260000000000000000e+02
5.260000000000000000e+02
8.910000000000000000e+02
1.736000000000000000e+03
1.400000000000000000e+01
1.872000000000000000e+03
1.876000000000000000e+03
2.990000000000000000e+02
2.990000000000000000e+02
2.990000000000000000e+02
1.752000000000000000e+03
1.752000000000000000e+03
1.892000000000000000e+03
7.590000000000000000e+02
7.590000000000000000e+02
7.590000000000000000e+02
3.780000000000000000e+03
1.624000000000000000e+03
1.624000000000000000e+03
1.624000000000000000e+03
1.624000000000000000e+03
7.620000000000000000e+02
1.243000000000000000e+03
1.243000000000000000e+03
9.570000000000000000e+02
9.570000000000000000e+02
3.900000000000000000e+02
1.200000000000000000e+01
1.207000000000000000e+03
1.207000000000000000e+03
1.207000000000000000e+03
1.207000000000000000e+03
1.207000000000000000e+03
9.950000000000000000e+02
1.868000000000000000e+03
1.662000000000000000e+03
1.520000000000000000e+03
1.520000000000000000e+03
8.860000000000000000e+02
8.860000000000000000e+02
5.881000000000000000e+03
5.879000000000000000e+03
5.878000000000000000e+03
1.596000000000000000e+03
1.596000000000000000e+03
8.640000000000000000e+02
1.110000000000000000e+02
1.875000000000000000e+03
1.875000000000000000e+03
1.126000000000000000e+03
1.126000000000000000e+03
1.600000000000000000e+01
1.600000000000000000e+01
1.600000000000000000e+01
8.820000000000000000e+02
2.768000000000000000e+03
2.769000000000000000e+03
2.770000000000000000e+03
1.778000000000000000e+03
7.910000000000000000e+02
3.743000000000000000e+03
9.950000000000000000e+02
1.714000000000000000e+03
3.465000000000000000e+03
9.620000000000000000e+02
9.620000000000000000e+02
9.620000000000000000e+02
9.620000000000000000e+02
1.175300000000000000e+04
1.175300000000000000e+04
1.881000000000000000e+03
1.869000000000000000e+03
1.626000000000000000e+03
6.550000000000000000e+02
6.550000000000000000e+02
8.450000000000000000e+02
8.450000000000000000e+02
8.450000000000000000e+02
2.276000000000000000e+03
2.275000000000000000e+03
1.953000000000000000e+03
7.680000000000000000e+02
8.260000000000000000e+02
8.260000000000000000e+02
8.260000000000000000e+02
8.260000000000000000e+02
1.255000000000000000e+03
1.255000000000000000e+03
1.425000000000000000e+03
1.425000000000000000e+03
6.580000000000000000e+02
6.580000000000000000e+02
6.580000000000000000e+02
8.310000000000000000e+02
8.310000000000000000e+02
1.647000000000000000e+03
2.870000000000000000e+02
2.870000000000000000e+02
2.870000000000000000e+02
2.870000000000000000e+02
2.870000000000000000e+02
2.870000000000000000e+02
2.870000000000000000e+02
5.600000000000000000e+02
1.010000000000000000e+02
1.810000000000000000e+03
1.810000000000000000e+03
1.810000000000000000e+03
1.117500000000000000e+04
1.117500000000000000e+04
6.020000000000000000e+02
6.020000000000000000e+02
6.050000000000000000e+02
6.050000000000000000e+02
6.050000000000000000e+02
2.437000000000000000e+03
3.801000000000000000e+03
3.801000000000000000e+03
3.644000000000000000e+03
3.644000000000000000e+03
1.915000000000000000e+03
1.733000000000000000e+03
1.733000000000000000e+03
1.915000000000000000e+03
8.490000000000000000e+02
1.630000000000000000e+02
1.630000000000000000e+02
1.630000000000000000e+02
1.630000000000000000e+02
6.153000000000000000e+03
1.523000000000000000e+03
7.650000000000000000e+02
1.744000000000000000e+03
1.938000000000000000e+03
2.229000000000000000e+03
3.300000000000000000e+01
3.300000000000000000e+01
1.952000000000000000e+03
1.923000000000000000e+03
1.756000000000000000e+03
1.756000000000000000e+03
1.945000000000000000e+03
1.560000000000000000e+02
6.970000000000000000e+02
1.883000000000000000e+03
1.770000000000000000e+03
9.910000000000000000e+02
1.673000000000000000e+03
1.673000000000000000e+03
4.567000000000000000e+03
7.700000000000000000e+01
1.918000000000000000e+03
1.350000000000000000e+02
1.350000000000000000e+02
1.350000000000000000e+02
1.652000000000000000e+03
1.652000000000000000e+03
1.652000000000000000e+03
1.652000000000000000e+03
1.652000000000000000e+03
1.652000000000000000e+03
1.652000000000000000e+03
5.280000000000000000e+02
1.809000000000000000e+03
9.430000000000000000e+02
9.430000000000000000e+02
6.949000000000000000e+03
6.949000000000000000e+03
8.000000000000000000e+02
3.426000000000000000e+03
3.426000000000000000e+03
3.426000000000000000e+03
1.512000000000000000e+03
1.512000000000000000e+03
1.512000000000000000e+03
2.620000000000000000e+02
8.650000000000000000e+02
6.880000000000000000e+02
8.730000000000000000e+02
8.730000000000000000e+02
8.730000000000000000e+02
8.730000000000000000e+02
8.730000000000000000e+02
1.609000000000000000e+03
1.496000000000000000e+03
2.500000000000000000e+03
1.092000000000000000e+03
1.092000000000000000e+03
1.092000000000000000e+03
2.501000000000000000e+03
1.693000000000000000e+03
8.170000000000000000e+02
8.170000000000000000e+02
8.170000000000000000e+02
1.300000000000000000e+01
1.300000000000000000e+01
1.300000000000000000e+01
2.342000000000000000e+03
2.342000000000000000e+03
2.342000000000000000e+03
2.342000000000000000e+03
1.754000000000000000e+03
1.754000000000000000e+03
2.337000000000000000e+03
2.337000000000000000e+03
2.337000000000000000e+03
2.337000000000000000e+03
1.784000000000000000e+03
1.784000000000000000e+03
8.256000000000000000e+03
1.491000000000000000e+03
1.491000000000000000e+03
7.250000000000000000e+03
7.250000000000000000e+03
7.250000000000000000e+03
7.250000000000000000e+03
7.250000000000000000e+03
7.250000000000000000e+03
1.647000000000000000e+03
1.750000000000000000e+03
1.473000000000000000e+03
1.739000000000000000e+03
1.739000000000000000e+03
1.739000000000000000e+03
1.739000000000000000e+03
1.739000000000000000e+03
1.739000000000000000e+03
1.739000000000000000e+03
1.739000000000000000e+03
9.560000000000000000e+02
9.560000000000000000e+02
1.079000000000000000e+03
1.250300000000000000e+04
2.810000000000000000e+02
2.810000000000000000e+02
1.424000000000000000e+03
1.835000000000000000e+03
1.835000000000000000e+03
1.835000000000000000e+03
1.692000000000000000e+03
1.692000000000000000e+03
1.692000000000000000e+03
1.692000000000000000e+03
1.692000000000000000e+03
1.692000000000000000e+03
1.692000000000000000e+03
1.692000000000000000e+03
1.692000000000000000e+03
1.692000000000000000e+03
1.692000000000000000e+03
1.692000000000000000e+03
1.692000000000000000e+03
1.692000000000000000e+03
1.692000000000000000e+03
1.692000000000000000e+03
6.110000000000000000e+02
5.343000000000000000e+03
5.343000000000000000e+03
5.343000000000000000e+03
5.343000000000000000e+03
1.354200000000000000e+04
1.354200000000000000e+04
1.378800000000000000e+04
1.378800000000000000e+04
1.193000000000000000e+03
1.193000000000000000e+03
1.193000000000000000e+03
1.193000000000000000e+03
1.193000000000000000e+03
1.193000000000000000e+03
1.193000000000000000e+03
1.193000000000000000e+03
1.193000000000000000e+03
1.193000000000000000e+03
1.193000000000000000e+03
1.193000000000000000e+03
1.087000000000000000e+03
5.470000000000000000e+02
4.518000000000000000e+03
4.518000000000000000e+03
1.530000000000000000e+02
1.530000000000000000e+02
7.516000000000000000e+03
7.516000000000000000e+03
7.516000000000000000e+03
7.516000000000000000e+03
7.516000000000000000e+03
7.516000000000000000e+03
7.516000000000000000e+03
7.516000000000000000e+03
1.479000000000000000e+03
1.916000000000000000e+03
6.118000000000000000e+03
2.970000000000000000e+02
2.970000000000000000e+02
1.303800000000000000e+04
1.303800000000000000e+04
8.050000000000000000e+02
6.200000000000000000e+02
6.200000000000000000e+02
1.791000000000000000e+03
1.366800000000000000e+04
1.366800000000000000e+04
2.400000000000000000e+01
2.400000000000000000e+01
1.897000000000000000e+03
6.168000000000000000e+03
6.168000000000000000e+03
6.168000000000000000e+03
1.958000000000000000e+03
1.382100000000000000e+04
1.382100000000000000e+04
1.382100000000000000e+04
1.382100000000000000e+04
1.382100000000000000e+04
1.382100000000000000e+04
1.382100000000000000e+04
1.395000000000000000e+04
1.175400000000000000e+04
1.175400000000000000e+04
1.175400000000000000e+04
1.080000000000000000e+02
1.378700000000000000e+04
1.378700000000000000e+04
1.378700000000000000e+04
1.840000000000000000e+03
9.510000000000000000e+02
4.590000000000000000e+02
1.768000000000000000e+03
1.768000000000000000e+03
5.490000000000000000e+02
5.490000000000000000e+02
1.840000000000000000e+03
1.349800000000000000e+04
1.349800000000000000e+04
1.357100000000000000e+04
8.281000000000000000e+03
5.800000000000000000e+01
1.240000000000000000e+02
1.011000000000000000e+03
1.011000000000000000e+03
1.011000000000000000e+03
1.426000000000000000e+03
1.426000000000000000e+03
1.426000000000000000e+03
1.426000000000000000e+03
1.426000000000000000e+03
1.426000000000000000e+03
9.800000000000000000e+02
1.897000000000000000e+03
1.426000000000000000e+04
1.426000000000000000e+04
1.897000000000000000e+03
1.126000000000000000e+03
1.126000000000000000e+03
1.081000000000000000e+03
1.081000000000000000e+03
1.081000000000000000e+03
1.081000000000000000e+03
1.081000000000000000e+03
1.081000000000000000e+03
1.081000000000000000e+03
1.081000000000000000e+03
1.081000000000000000e+03
1.081000000000000000e+03
1.081000000000000000e+03
1.081000000000000000e+03
1.081000000000000000e+03
2.509000000000000000e+03
2.509000000000000000e+03
1.934000000000000000e+03
4.103000000000000000e+03
1.426700000000000000e+04
1.300000000000000000e+02
1.300000000000000000e+02
4.590000000000000000e+02
3.417000000000000000e+03
2.808000000000000000e+03
2.809000000000000000e+03
2.810000000000000000e+03
1.000000000000000000e+00
1.000000000000000000e+00
1.000000000000000000e+00
1.000000000000000000e+00
1.000000000000000000e+00
1.000000000000000000e+00
1.000000000000000000e+00
1.000000000000000000e+00
1.000000000000000000e+00
1.000000000000000000e+00
1.000000000000000000e+00
1.000000000000000000e+00
1.000000000000000000e+00
1.413600000000000000e+04
1.415500000000000000e+04
1.415500000000000000e+04
1.415500000000000000e+04
1.415500000000000000e+04
1.885000000000000000e+03
5.250000000000000000e+02
5.250000000000000000e+02
5.250000000000000000e+02
5.250000000000000000e+02
4.517000000000000000e+03
2.510000000000000000e+03
2.510000000000000000e+03
9.410000000000000000e+02
9.410000000000000000e+02
6.740000000000000000e+02
1.515000000000000000e+03
1.814000000000000000e+03
1.817000000000000000e+03
1.524000000000000000e+03
1.966000000000000000e+03
2.000000000000000000e+01
3.380000000000000000e+03
3.380000000000000000e+03
1.011000000000000000e+03
1.011000000000000000e+03
1.011000000000000000e+03
1.524000000000000000e+03
6.221000000000000000e+03
1.465200000000000000e+04
1.465200000000000000e+04
6.700000000000000000e+01
1.790000000000000000e+03
8.316000000000000000e+03
9.660000000000000000e+02
5.602000000000000000e+03
1.082000000000000000e+03
1.082000000000000000e+03
1.692000000000000000e+03
1.692000000000000000e+03
1.692000000000000000e+03
1.692000000000000000e+03
1.692000000000000000e+03
1.692000000000000000e+03
1.692000000000000000e+03
1.692000000000000000e+03
1.692000000000000000e+03
1.692000000000000000e+03
1.692000000000000000e+03
1.692000000000000000e+03
1.692000000000000000e+03
1.692000000000000000e+03
1.692000000000000000e+03
1.692000000000000000e+03
3.920000000000000000e+02
3.920000000000000000e+02
3.680000000000000000e+02
3.680000000000000000e+02
4.093000000000000000e+03
1.614700000000000000e+04
1.614800000000000000e+04
1.614800000000000000e+04
1.616400000000000000e+04
2.194900000000000000e+04
2.851000000000000000e+03
2.303000000000000000e+03
2.768000000000000000e+03
2.769000000000000000e+03
2.770000000000000000e+03
1.768600000000000000e+04
2.540000000000000000e+02
1.811800000000000000e+04
1.380000000000000000e+02
3.526000000000000000e+03
3.526000000000000000e+03
1.350000000000000000e+02
1.350000000000000000e+02
1.350000000000000000e+02
6.881000000000000000e+03
6.881000000000000000e+03
1.971000000000000000e+04
1.971000000000000000e+04
1.214000000000000000e+03
1.214000000000000000e+03
2.107100000000000000e+04
2.107100000000000000e+04
2.107100000000000000e+04
2.107100000000000000e+04
2.107100000000000000e+04
8.210000000000000000e+02
8.210000000000000000e+02
2.114700000000000000e+04
2.114700000000000000e+04
2.114700000000000000e+04
2.114700000000000000e+04
2.148000000000000000e+04
5.364000000000000000e+03
2.231600000000000000e+04
2.257000000000000000e+03
1.632900000000000000e+04
2.247600000000000000e+04
7.280000000000000000e+02
7.280000000000000000e+02
7.280000000000000000e+02
7.566000000000000000e+03
