7.030000000000000000e+02
1.512000000000000000e+03
1.512000000000000000e+03
1.512000000000000000e+03
1.823000000000000000e+03
2.794000000000000000e+03
1.633000000000000000e+03
1.633000000000000000e+03
1.633000000000000000e+03
2.768000000000000000e+03
2.769000000000000000e+03
1.190000000000000000e+03
1.190000000000000000e+03
1.190000000000000000e+03
1.190000000000000000e+03
1.190000000000000000e+03
1.708000000000000000e+03
1.198000000000000000e+03
1.198000000000000000e+03
1.209000000000000000e+03
4.200000000000000000e+01
4.200000000000000000e+01
7.300000000000000000e+01
7.300000000000000000e+01
2.000000000000000000e+01
1.079700000000000000e+04
6.700000000000000000e+01
1.790000000000000000e+03
8.316000000000000000e+03
8.000000000000000000e+00
8.000000000000000000e+00
2.769000000000000000e+03
1.210000000000000000e+03
1.210000000000000000e+03
1.198000000000000000e+03
3.079000000000000000e+03
8.591000000000000000e+03
8.591000000000000000e+03
5.700000000000000000e+01
5.700000000000000000e+01
1.783000000000000000e+03
4.487000000000000000e+03
4.487000000000000000e+03
4.487000000000000000e+03
1.303800000000000000e+04
1.303800000000000000e+04
2.434000000000000000e+03
2.434000000000000000e+03
2.433000000000000000e+03
2.433000000000000000e+03
2.435000000000000000e+03
2.435000000000000000e+03
1.223000000000000000e+03
1.223000000000000000e+03
1.223000000000000000e+03
2.761000000000000000e+03
2.761000000000000000e+03
2.759000000000000000e+03
2.759000000000000000e+03
1.223000000000000000e+03
1.223000000000000000e+03
1.223000000000000000e+03
1.972000000000000000e+03
1.915000000000000000e+03
1.809000000000000000e+03
1.876000000000000000e+03
1.595000000000000000e+03
1.892000000000000000e+03
8.450000000000000000e+02
8.450000000000000000e+02
8.450000000000000000e+02
2.759000000000000000e+03
2.759000000000000000e+03
2.760000000000000000e+03
2.760000000000000000e+03
2.761000000000000000e+03
2.761000000000000000e+03
7.910000000000000000e+02
6.168000000000000000e+03
6.168000000000000000e+03
6.168000000000000000e+03
1.890000000000000000e+03
1.889000000000000000e+03
1.921000000000000000e+03
1.600000000000000000e+01
1.600000000000000000e+01
1.600000000000000000e+01
2.822000000000000000e+03
2.821000000000000000e+03
3.300000000000000000e+01
3.300000000000000000e+01
5.580000000000000000e+02
2.781000000000000000e+03
2.782000000000000000e+03
2.783000000000000000e+03
2.783000000000000000e+03
3.046000000000000000e+03
3.046000000000000000e+03
3.046000000000000000e+03
3.046000000000000000e+03
3.043000000000000000e+03
3.043000000000000000e+03
3.043000000000000000e+03
3.043000000000000000e+03
9.994000000000000000e+03
9.630000000000000000e+02
1.893000000000000000e+03
1.883000000000000000e+03
1.770000000000000000e+03
9.910000000000000000e+02
7.407000000000000000e+03
7.407000000000000000e+03
7.407000000000000000e+03
7.407000000000000000e+03
7.407000000000000000e+03
7.407000000000000000e+03
7.407000000000000000e+03
7.407000000000000000e+03
7.407000000000000000e+03
7.407000000000000000e+03
7.407000000000000000e+03
7.407000000000000000e+03
9.690000000000000000e+02
9.690000000000000000e+02
5.540000000000000000e+02
1.878000000000000000e+03
1.879000000000000000e+03
8.520000000000000000e+02
8.520000000000000000e+02
1.442000000000000000e+03
1.442000000000000000e+03
1.442000000000000000e+03
1.442000000000000000e+03
1.442000000000000000e+03
1.442000000000000000e+03
4.567000000000000000e+03
9.190000000000000000e+02
1.776000000000000000e+03
9.300000000000000000e+02
6.200000000000000000e+02
6.200000000000000000e+02
1.450000000000000000e+02
1.915000000000000000e+03
2.564000000000000000e+03
3.431000000000000000e+03
1.756000000000000000e+03
1.756000000000000000e+03
1.923000000000000000e+03
4.075000000000000000e+03
2.744000000000000000e+03
2.744000000000000000e+03
2.794000000000000000e+03
2.795000000000000000e+03
7.600000000000000000e+02
7.600000000000000000e+02
7.600000000000000000e+02
7.600000000000000000e+02
7.600000000000000000e+02
7.600000000000000000e+02
7.600000000000000000e+02
1.006000000000000000e+03
9.903000000000000000e+03
8.060000000000000000e+02
9.810000000000000000e+02
9.900000000000000000e+01
8.200000000000000000e+02
6.400000000000000000e+02
8.260000000000000000e+02
8.260000000000000000e+02
8.260000000000000000e+02
8.260000000000000000e+02
1.229700000000000000e+04
2.761000000000000000e+03
2.761000000000000000e+03
2.760000000000000000e+03
2.760000000000000000e+03
1.624000000000000000e+03
1.624000000000000000e+03
1.624000000000000000e+03
1.624000000000000000e+03
2.821000000000000000e+03
2.822000000000000000e+03
3.475000000000000000e+03
3.182000000000000000e+03
3.182000000000000000e+03
3.186000000000000000e+03
3.186000000000000000e+03
3.186000000000000000e+03
3.186000000000000000e+03
3.186000000000000000e+03
3.186000000000000000e+03
2.761000000000000000e+03
2.761000000000000000e+03
1.012000000000000000e+03
3.150000000000000000e+03
1.624000000000000000e+03
1.624000000000000000e+03
1.624000000000000000e+03
1.624000000000000000e+03
2.793000000000000000e+03
2.795000000000000000e+03
2.796000000000000000e+03
7.590000000000000000e+02
7.590000000000000000e+02
7.590000000000000000e+02
3.840000000000000000e+02
3.840000000000000000e+02
3.840000000000000000e+02
1.520000000000000000e+03
1.520000000000000000e+03
1.091000000000000000e+03
1.953000000000000000e+03
1.928000000000000000e+03
2.493000000000000000e+03
7.566000000000000000e+03
8.640000000000000000e+02
1.808000000000000000e+03
1.808000000000000000e+03
7.610000000000000000e+02
7.620000000000000000e+02
9.950000000000000000e+02
1.444100000000000000e+04
8.580000000000000000e+02
1.735000000000000000e+03
8.910000000000000000e+02
1.872000000000000000e+03
1.129000000000000000e+03
2.793000000000000000e+03
2.794000000000000000e+03
2.795000000000000000e+03
2.796000000000000000e+03
1.870000000000000000e+03
3.151000000000000000e+03
3.060000000000000000e+03
3.060000000000000000e+03
3.060000000000000000e+03
3.060000000000000000e+03
9.420000000000000000e+02
9.420000000000000000e+02
1.591000000000000000e+03
7.570000000000000000e+02
7.570000000000000000e+02
7.570000000000000000e+02
1.465000000000000000e+03
6.090000000000000000e+02
3.743000000000000000e+03
6.800000000000000000e+01
1.230800000000000000e+04
2.794000000000000000e+03
2.795000000000000000e+03
2.796000000000000000e+03
1.625000000000000000e+03
1.625000000000000000e+03
1.714000000000000000e+03
2.793000000000000000e+03
5.800000000000000000e+01
2.796000000000000000e+03
2.795000000000000000e+03
2.794000000000000000e+03
6.041000000000000000e+03
1.243000000000000000e+03
1.243000000000000000e+03
1.624000000000000000e+03
1.624000000000000000e+03
1.624000000000000000e+03
1.624000000000000000e+03
2.770000000000000000e+03
8.470000000000000000e+02
8.470000000000000000e+02
8.470000000000000000e+02
1.222000000000000000e+03
1.222000000000000000e+03
1.222000000000000000e+03
1.223000000000000000e+03
1.223000000000000000e+03
1.223000000000000000e+03
2.761000000000000000e+03
2.761000000000000000e+03
2.760000000000000000e+03
2.760000000000000000e+03
2.759000000000000000e+03
2.759000000000000000e+03
4.069000000000000000e+03
6.560000000000000000e+02
6.560000000000000000e+02
6.150000000000000000e+02
6.150000000000000000e+02
6.150000000000000000e+02
6.150000000000000000e+02
1.533000000000000000e+03
1.610000000000000000e+03
1.834000000000000000e+03
2.337000000000000000e+03
2.337000000000000000e+03
2.337000000000000000e+03
2.337000000000000000e+03
1.439000000000000000e+03
1.091000000000000000e+03
9.400000000000000000e+02
9.400000000000000000e+02
9.400000000000000000e+02
9.400000000000000000e+02
9.400000000000000000e+02
9.400000000000000000e+02
9.400000000000000000e+02
9.400000000000000000e+02
9.400000000000000000e+02
9.400000000000000000e+02
9.400000000000000000e+02
9.400000000000000000e+02
9.400000000000000000e+02
9.400000000000000000e+02
1.755000000000000000e+03
2.335000000000000000e+03
2.335000000000000000e+03
2.335000000000000000e+03
2.335000000000000000e+03
7.050000000000000000e+02
3.147000000000000000e+03
8.780000000000000000e+02
7.880000000000000000e+02
7.880000000000000000e+02
9.410000000000000000e+02
9.410000000000000000e+02
2.794000000000000000e+03
1.783000000000000000e+03
2.796000000000000000e+03
2.795000000000000000e+03
2.793000000000000000e+03
1.340000000000000000e+02
1.628000000000000000e+03
5.800000000000000000e+01
2.775000000000000000e+03
2.774000000000000000e+03
2.773000000000000000e+03
2.795000000000000000e+03
2.794000000000000000e+03
1.950000000000000000e+03
1.600000000000000000e+01
1.600000000000000000e+01
1.600000000000000000e+01
1.779000000000000000e+03
4.041000000000000000e+03
4.041000000000000000e+03
9.250000000000000000e+02
9.250000000000000000e+02
6.250000000000000000e+02
6.250000000000000000e+02
1.854000000000000000e+03
1.854000000000000000e+03
1.478000000000000000e+03
6.110000000000000000e+02
1.937000000000000000e+03
1.937000000000000000e+03
2.818000000000000000e+03
2.819000000000000000e+03
1.226000000000000000e+03
1.226000000000000000e+03
2.610000000000000000e+02
2.610000000000000000e+02
8.540000000000000000e+02
1.845000000000000000e+03
2.620000000000000000e+02
1.873000000000000000e+03
1.934000000000000000e+03
1.175400000000000000e+04
1.175400000000000000e+04
1.175400000000000000e+04
4.486000000000000000e+03
1.868000000000000000e+03
5.600000000000000000e+02
2.870000000000000000e+02
2.870000000000000000e+02
2.870000000000000000e+02
2.870000000000000000e+02
2.870000000000000000e+02
2.870000000000000000e+02
2.870000000000000000e+02
1.110000000000000000e+02
8.650000000000000000e+02
1.714000000000000000e+03
1.706000000000000000e+03
1.706000000000000000e+03
2.338000000000000000e+03
2.338000000000000000e+03
2.338000000000000000e+03
2.338000000000000000e+03
2.340000000000000000e+03
2.340000000000000000e+03
2.340000000000000000e+03
2.340000000000000000e+03
9.010000000000000000e+02
3.360000000000000000e+02
9.620000000000000000e+02
9.620000000000000000e+02
9.620000000000000000e+02
9.620000000000000000e+02
6.060000000000000000e+02
1.918000000000000000e+03
1.579000000000000000e+03
8.740000000000000000e+02
1.881000000000000000e+03
9.450000000000000000e+02
9.450000000000000000e+02
9.450000000000000000e+02
6.550000000000000000e+02
6.550000000000000000e+02
3.527000000000000000e+03
3.527000000000000000e+03
8.990000000000000000e+02
8.963000000000000000e+03
2.799000000000000000e+03
2.800000000000000000e+03
2.821000000000000000e+03
9.000000000000000000e+00
8.094000000000000000e+03
8.094000000000000000e+03
1.783000000000000000e+03
2.700000000000000000e+01
1.910000000000000000e+03
1.646000000000000000e+03
1.644000000000000000e+03
1.643000000000000000e+03
5.964000000000000000e+03
5.966000000000000000e+03
8.740000000000000000e+02
1.625000000000000000e+03
1.625000000000000000e+03
1.193000000000000000e+03
1.193000000000000000e+03
1.193000000000000000e+03
1.193000000000000000e+03
1.193000000000000000e+03
1.193000000000000000e+03
7.400000000000000000e+01
7.400000000000000000e+01
7.400000000000000000e+01
1.867000000000000000e+03
7.630000000000000000e+02
9.310000000000000000e+02
1.470000000000000000e+02
2.821000000000000000e+03
3.475000000000000000e+03
2.822000000000000000e+03
6.160000000000000000e+02
4.068000000000000000e+03
1.495000000000000000e+03
1.495000000000000000e+03
1.495000000000000000e+03
1.495000000000000000e+03
2.795000000000000000e+03
2.796000000000000000e+03
2.794000000000000000e+03
2.793000000000000000e+03
5.800000000000000000e+01
1.625000000000000000e+03
1.625000000000000000e+03
1.810000000000000000e+03
1.810000000000000000e+03
1.810000000000000000e+03
8.540000000000000000e+02
1.803000000000000000e+03
9.270000000000000000e+02
1.929000000000000000e+03
1.929000000000000000e+03
1.000000000000000000e+03
1.000000000000000000e+03
1.925000000000000000e+03
2.563000000000000000e+03
2.563000000000000000e+03
1.924000000000000000e+03
7.500000000000000000e+01
7.500000000000000000e+01
1.866000000000000000e+03
3.040000000000000000e+03
3.040000000000000000e+03
3.040000000000000000e+03
3.040000000000000000e+03
9.390000000000000000e+02
9.390000000000000000e+02
9.390000000000000000e+02
6.153000000000000000e+03
1.839000000000000000e+03
1.839000000000000000e+03
1.619000000000000000e+03
7.560000000000000000e+02
7.560000000000000000e+02
7.560000000000000000e+02
7.560000000000000000e+02
1.489000000000000000e+03
1.489000000000000000e+03
1.489000000000000000e+03
3.784000000000000000e+03
3.784000000000000000e+03
3.784000000000000000e+03
3.784000000000000000e+03
3.784000000000000000e+03
3.784000000000000000e+03
3.784000000000000000e+03
3.784000000000000000e+03
3.784000000000000000e+03
3.784000000000000000e+03
3.784000000000000000e+03
3.784000000000000000e+03
2.760000000000000000e+03
2.760000000000000000e+03
8.630000000000000000e+02
8.630000000000000000e+02
2.773000000000000000e+03
2.774000000000000000e+03
2.775000000000000000e+03
1.628000000000000000e+03
8.120000000000000000e+02
8.120000000000000000e+02
8.120000000000000000e+02
8.120000000000000000e+02
8.120000000000000000e+02
8.120000000000000000e+02
8.120000000000000000e+02
8.480000000000000000e+02
8.480000000000000000e+02
1.813000000000000000e+03
1.629000000000000000e+03
1.629000000000000000e+03
4.000000000000000000e+01
1.686000000000000000e+03
1.812000000000000000e+03
1.812000000000000000e+03
6.020000000000000000e+02
6.020000000000000000e+02
1.952000000000000000e+03
9.510000000000000000e+02
1.222000000000000000e+03
1.222000000000000000e+03
1.222000000000000000e+03
8.520000000000000000e+02
8.520000000000000000e+02
1.624000000000000000e+03
1.624000000000000000e+03
1.624000000000000000e+03
1.624000000000000000e+03
8.590000000000000000e+02
5.660000000000000000e+02
1.738000000000000000e+03
1.738000000000000000e+03
1.738000000000000000e+03
6.150000000000000000e+02
6.150000000000000000e+02
6.150000000000000000e+02
6.150000000000000000e+02
2.760000000000000000e+03
2.760000000000000000e+03
9.260000000000000000e+02
9.260000000000000000e+02
2.744000000000000000e+03
2.744000000000000000e+03
2.745000000000000000e+03
2.746000000000000000e+03
2.747000000000000000e+03
1.443000000000000000e+03
9.170000000000000000e+02
2.773000000000000000e+03
2.774000000000000000e+03
2.775000000000000000e+03
1.624000000000000000e+03
1.624000000000000000e+03
1.624000000000000000e+03
1.624000000000000000e+03
9.430000000000000000e+02
9.430000000000000000e+02
2.341000000000000000e+03
2.341000000000000000e+03
2.341000000000000000e+03
2.341000000000000000e+03
1.586000000000000000e+03
5.580000000000000000e+02
1.921000000000000000e+03
2.809000000000000000e+03
2.810000000000000000e+03
1.193000000000000000e+03
1.193000000000000000e+03
1.193000000000000000e+03
1.193000000000000000e+03
1.193000000000000000e+03
1.193000000000000000e+03
1.874000000000000000e+03
1.874000000000000000e+03
2.528000000000000000e+03
1.804000000000000000e+03
1.785000000000000000e+03
1.785000000000000000e+03
5.280000000000000000e+02
2.660000000000000000e+02
2.660000000000000000e+02
2.660000000000000000e+02
1.117500000000000000e+04
1.117500000000000000e+04
1.933000000000000000e+03
7.640000000000000000e+02
5.349000000000000000e+03
5.349000000000000000e+03
5.349000000000000000e+03
5.349000000000000000e+03
5.349000000000000000e+03
5.349000000000000000e+03
5.349000000000000000e+03
5.349000000000000000e+03
5.349000000000000000e+03
5.349000000000000000e+03
2.761000000000000000e+03
2.761000000000000000e+03
8.490000000000000000e+02
9.650000000000000000e+02
1.588000000000000000e+03
1.955000000000000000e+03
1.955000000000000000e+03
1.955000000000000000e+03
1.955000000000000000e+03
1.955000000000000000e+03
1.956000000000000000e+03
1.956000000000000000e+03
1.956000000000000000e+03
1.956000000000000000e+03
1.956000000000000000e+03
8.680000000000000000e+02
8.680000000000000000e+02
8.680000000000000000e+02
1.515000000000000000e+03
1.945000000000000000e+03
1.939000000000000000e+03
3.148000000000000000e+03
3.149000000000000000e+03
7.880000000000000000e+02
7.880000000000000000e+02
1.885000000000000000e+03
2.821000000000000000e+03
3.475000000000000000e+03
2.822000000000000000e+03
3.476000000000000000e+03
5.000000000000000000e+00
5.000000000000000000e+00
5.000000000000000000e+00
5.878000000000000000e+03
5.879000000000000000e+03
6.560000000000000000e+02
6.560000000000000000e+02
4.069000000000000000e+03
2.759000000000000000e+03
2.759000000000000000e+03
5.350000000000000000e+03
5.350000000000000000e+03
5.350000000000000000e+03
5.350000000000000000e+03
5.350000000000000000e+03
5.350000000000000000e+03
5.350000000000000000e+03
5.350000000000000000e+03
5.350000000000000000e+03
5.350000000000000000e+03
2.760000000000000000e+03
2.760000000000000000e+03
2.761000000000000000e+03
2.761000000000000000e+03
5.350000000000000000e+03
5.350000000000000000e+03
5.350000000000000000e+03
5.350000000000000000e+03
5.350000000000000000e+03
5.350000000000000000e+03
5.350000000000000000e+03
5.350000000000000000e+03
5.350000000000000000e+03
5.350000000000000000e+03
8.730000000000000000e+02
8.730000000000000000e+02
8.730000000000000000e+02
8.730000000000000000e+02
8.730000000000000000e+02
1.714000000000000000e+03
5.800000000000000000e+01
6.949000000000000000e+03
6.949000000000000000e+03
1.171700000000000000e+04
1.171700000000000000e+04
1.887000000000000000e+03
7.730000000000000000e+02
7.730000000000000000e+02
1.874000000000000000e+03
1.874000000000000000e+03
1.491000000000000000e+03
1.491000000000000000e+03
1.938000000000000000e+03
1.950000000000000000e+03
1.223000000000000000e+03
1.223000000000000000e+03
1.223000000000000000e+03
2.759000000000000000e+03
2.759000000000000000e+03
2.761000000000000000e+03
2.761000000000000000e+03
2.760000000000000000e+03
2.760000000000000000e+03
2.774000000000000000e+03
2.770000000000000000e+03
8.450000000000000000e+02
8.450000000000000000e+02
8.450000000000000000e+02
8.540000000000000000e+02
3.525000000000000000e+03
3.525000000000000000e+03
3.525000000000000000e+03
4.042000000000000000e+03
4.042000000000000000e+03
9.480000000000000000e+02
2.860000000000000000e+02
2.860000000000000000e+02
2.860000000000000000e+02
2.860000000000000000e+02
2.798000000000000000e+03
2.799000000000000000e+03
2.800000000000000000e+03
8.820000000000000000e+02
1.875000000000000000e+03
1.875000000000000000e+03
1.662000000000000000e+03
1.494000000000000000e+03
1.494000000000000000e+03
1.424000000000000000e+03
1.951000000000000000e+03
1.951000000000000000e+03
1.951000000000000000e+03
1.885000000000000000e+03
1.752000000000000000e+03
1.752000000000000000e+03
1.919000000000000000e+03
1.919000000000000000e+03
8.820000000000000000e+02
1.710000000000000000e+03
9.730000000000000000e+02
2.083000000000000000e+03
1.466000000000000000e+03
1.497700000000000000e+04
4.800000000000000000e+01
4.800000000000000000e+01
3.737000000000000000e+03
3.737000000000000000e+03
2.343000000000000000e+03
2.343000000000000000e+03
2.343000000000000000e+03
2.343000000000000000e+03
8.820000000000000000e+02
2.794000000000000000e+03
2.793000000000000000e+03
7.900000000000000000e+02
5.480000000000000000e+02
5.480000000000000000e+02
9.970000000000000000e+02
1.775000000000000000e+03
1.409000000000000000e+03
1.378700000000000000e+04
1.378700000000000000e+04
1.378700000000000000e+04
1.784000000000000000e+03
1.784000000000000000e+03
7.500000000000000000e+01
7.500000000000000000e+01
1.689000000000000000e+03
1.524000000000000000e+03
4.069000000000000000e+03
6.560000000000000000e+02
6.560000000000000000e+02
2.825000000000000000e+03
1.175300000000000000e+04
1.175300000000000000e+04
1.869000000000000000e+03
8.800000000000000000e+01
8.800000000000000000e+01
3.621000000000000000e+03
3.621000000000000000e+03
9.540000000000000000e+02
4.072000000000000000e+03
4.072000000000000000e+03
4.072000000000000000e+03
4.072000000000000000e+03
4.072000000000000000e+03
4.072000000000000000e+03
4.072000000000000000e+03
4.072000000000000000e+03
4.072000000000000000e+03
9.490000000000000000e+02
7.000000000000000000e+02
6.880000000000000000e+02
9.750000000000000000e+02
9.750000000000000000e+02
7.050000000000000000e+02
6.040000000000000000e+02
7.890000000000000000e+02
7.890000000000000000e+02
1.223000000000000000e+03
1.223000000000000000e+03
1.223000000000000000e+03
8.640000000000000000e+02
6.150000000000000000e+02
6.150000000000000000e+02
6.150000000000000000e+02
6.150000000000000000e+02
6.150000000000000000e+02
6.150000000000000000e+02
6.150000000000000000e+02
6.150000000000000000e+02
1.563300000000000000e+04
2.428000000000000000e+03
2.428000000000000000e+03
2.428000000000000000e+03
2.428000000000000000e+03
2.428000000000000000e+03
2.428000000000000000e+03
9.710000000000000000e+02
1.835000000000000000e+03
1.835000000000000000e+03
1.835000000000000000e+03
1.592200000000000000e+04
1.592200000000000000e+04
1.835000000000000000e+03
1.835000000000000000e+03
1.835000000000000000e+03
2.761000000000000000e+03
2.761000000000000000e+03
1.071000000000000000e+04
2.794000000000000000e+03
2.795000000000000000e+03
1.223000000000000000e+03
1.223000000000000000e+03
1.223000000000000000e+03
9.740000000000000000e+02
9.740000000000000000e+02
9.740000000000000000e+02
9.740000000000000000e+02
1.223000000000000000e+03
1.223000000000000000e+03
1.223000000000000000e+03
1.199100000000000000e+04
2.851000000000000000e+03
1.782800000000000000e+04
1.783700000000000000e+04
2.768000000000000000e+03
1.847100000000000000e+04
1.870700000000000000e+04
6.881000000000000000e+03
6.881000000000000000e+03
3.429000000000000000e+03
3.429000000000000000e+03
3.526000000000000000e+03
3.526000000000000000e+03
1.621000000000000000e+03
1.621000000000000000e+03
1.930200000000000000e+04
8.744000000000000000e+03
1.995600000000000000e+04
2.163600000000000000e+04
2.163600000000000000e+04
2.163600000000000000e+04
2.163600000000000000e+04
3.077000000000000000e+03
