1.302000000000000000e+04
1.782800000000000000e+04
1.354200000000000000e+04
1.354200000000000000e+04
2.440000000000000000e+02
1.395400000000000000e+04
1.395400000000000000e+04
1.395400000000000000e+04
1.395400000000000000e+04
1.395400000000000000e+04
1.395400000000000000e+04
1.395400000000000000e+04
9.510000000000000000e+02
2.970000000000000000e+02
2.970000000000000000e+02
1.424000000000000000e+03
1.178500000000000000e+04
1.784000000000000000e+03
1.784000000000000000e+03
1.784000000000000000e+03
1.784000000000000000e+03
1.491000000000000000e+03
1.491000000000000000e+03
1.768600000000000000e+04
6.215000000000000000e+03
8.681000000000000000e+03
4.069000000000000000e+03
1.933000000000000000e+03
2.340000000000000000e+03
2.340000000000000000e+03
2.340000000000000000e+03
2.340000000000000000e+03
1.869000000000000000e+03
7.940000000000000000e+02
7.930000000000000000e+02
1.175200000000000000e+04
1.175200000000000000e+04
1.493000000000000000e+03
6.000000000000000000e+02
6.000000000000000000e+02
1.921000000000000000e+03
1.465000000000000000e+03
7.880000000000000000e+02
7.880000000000000000e+02
3.148000000000000000e+03
3.150000000000000000e+03
3.149000000000000000e+03
1.092000000000000000e+03
1.092000000000000000e+03
1.092000000000000000e+03
9.390000000000000000e+02
9.390000000000000000e+02
9.390000000000000000e+02
9.280000000000000000e+02
8.640000000000000000e+02
3.389000000000000000e+03
3.389000000000000000e+03
3.389000000000000000e+03
3.389000000000000000e+03
3.389000000000000000e+03
1.120000000000000000e+02
1.110000000000000000e+02
6.160000000000000000e+02
9.500000000000000000e+02
1.586000000000000000e+03
1.955000000000000000e+03
1.955000000000000000e+03
1.955000000000000000e+03
1.955000000000000000e+03
1.955000000000000000e+03
7.640000000000000000e+02
6.041000000000000000e+03
3.525000000000000000e+03
3.525000000000000000e+03
3.525000000000000000e+03
1.689000000000000000e+03
9.007000000000000000e+03
9.007000000000000000e+03
9.007000000000000000e+03
9.007000000000000000e+03
7.690000000000000000e+02
7.690000000000000000e+02
2.233000000000000000e+03
2.233000000000000000e+03
1.711000000000000000e+03
1.953000000000000000e+03
7.151000000000000000e+03
7.151000000000000000e+03
1.711000000000000000e+03
2.377000000000000000e+03
1.135800000000000000e+04
1.135800000000000000e+04
1.135800000000000000e+04
1.135800000000000000e+04
1.135800000000000000e+04
1.135800000000000000e+04
1.135800000000000000e+04
1.912000000000000000e+03
6.897000000000000000e+03
7.890000000000000000e+02
7.890000000000000000e+02
1.251000000000000000e+03
1.251000000000000000e+03
1.585000000000000000e+03
1.270000000000000000e+02
3.389000000000000000e+03
3.389000000000000000e+03
3.389000000000000000e+03
3.389000000000000000e+03
3.389000000000000000e+03
5.540000000000000000e+02
2.796000000000000000e+03
3.738000000000000000e+03
6.550000000000000000e+02
6.550000000000000000e+02
1.817000000000000000e+03
1.912000000000000000e+03
3.388000000000000000e+03
3.388000000000000000e+03
3.388000000000000000e+03
3.388000000000000000e+03
3.388000000000000000e+03
3.388000000000000000e+03
3.388000000000000000e+03
3.388000000000000000e+03
3.388000000000000000e+03
3.388000000000000000e+03
9.290000000000000000e+02
4.069000000000000000e+03
6.560000000000000000e+02
6.560000000000000000e+02
9.730000000000000000e+02
2.231000000000000000e+03
2.231000000000000000e+03
2.231000000000000000e+03
2.335000000000000000e+03
2.335000000000000000e+03
2.335000000000000000e+03
2.335000000000000000e+03
1.450000000000000000e+02
6.897000000000000000e+03
3.650000000000000000e+03
9.120000000000000000e+02
1.895000000000000000e+03
1.895000000000000000e+03
1.895000000000000000e+03
1.895000000000000000e+03
1.895000000000000000e+03
3.809000000000000000e+03
3.809000000000000000e+03
3.809000000000000000e+03
1.478000000000000000e+03
6.110000000000000000e+02
9.260000000000000000e+02
9.260000000000000000e+02
1.912000000000000000e+03
1.872000000000000000e+03
1.874000000000000000e+03
1.874000000000000000e+03
1.938000000000000000e+03
7.500000000000000000e+01
7.500000000000000000e+01
1.681000000000000000e+03
1.681000000000000000e+03
1.681000000000000000e+03
8.000000000000000000e+02
3.940000000000000000e+02
3.940000000000000000e+02
3.940000000000000000e+02
9.458000000000000000e+03
9.458000000000000000e+03
9.458000000000000000e+03
9.458000000000000000e+03
9.458000000000000000e+03
9.458000000000000000e+03
9.458000000000000000e+03
9.458000000000000000e+03
9.458000000000000000e+03
9.458000000000000000e+03
5.900000000000000000e+01
5.900000000000000000e+01
5.900000000000000000e+01
5.900000000000000000e+01
5.900000000000000000e+01
5.900000000000000000e+01
5.900000000000000000e+01
5.900000000000000000e+01
5.900000000000000000e+01
5.900000000000000000e+01
5.900000000000000000e+01
5.900000000000000000e+01
6.480000000000000000e+02
3.621000000000000000e+03
3.621000000000000000e+03
1.885000000000000000e+03
1.679000000000000000e+03
9.430000000000000000e+02
9.430000000000000000e+02
1.740000000000000000e+02
1.740000000000000000e+02
1.750000000000000000e+02
1.750000000000000000e+02
1.770000000000000000e+02
3.787000000000000000e+03
3.787000000000000000e+03
3.787000000000000000e+03
3.787000000000000000e+03
3.787000000000000000e+03
3.787000000000000000e+03
3.787000000000000000e+03
3.787000000000000000e+03
3.787000000000000000e+03
3.787000000000000000e+03
3.787000000000000000e+03
3.787000000000000000e+03
3.787000000000000000e+03
1.624000000000000000e+03
1.624000000000000000e+03
1.624000000000000000e+03
1.624000000000000000e+03
1.340000000000000000e+02
2.337000000000000000e+03
2.337000000000000000e+03
2.337000000000000000e+03
2.337000000000000000e+03
1.737000000000000000e+03
1.737000000000000000e+03
7.030000000000000000e+02
1.895000000000000000e+03
1.895000000000000000e+03
1.895000000000000000e+03
1.895000000000000000e+03
1.895000000000000000e+03
1.953000000000000000e+03
9.300000000000000000e+02
2.830000000000000000e+02
2.830000000000000000e+02
2.820000000000000000e+02
2.820000000000000000e+02
2.437000000000000000e+03
2.204000000000000000e+03
1.935000000000000000e+03
1.912000000000000000e+03
1.921000000000000000e+03
1.940000000000000000e+03
1.755000000000000000e+03
7.960000000000000000e+02
7.960000000000000000e+02
3.431000000000000000e+03
9.630000000000000000e+02
1.893000000000000000e+03
1.588000000000000000e+03
1.945000000000000000e+03
1.118000000000000000e+04
1.118000000000000000e+04
1.118000000000000000e+04
1.118100000000000000e+04
1.118100000000000000e+04
1.118100000000000000e+04
3.594000000000000000e+03
2.434000000000000000e+03
2.434000000000000000e+03
2.858000000000000000e+03
3.524000000000000000e+03
3.524000000000000000e+03
1.007000000000000000e+03
9.270000000000000000e+02
1.803000000000000000e+03
5.580000000000000000e+02
7.970000000000000000e+02
7.970000000000000000e+02
7.970000000000000000e+02
3.840000000000000000e+02
3.840000000000000000e+02
3.840000000000000000e+02
1.752000000000000000e+03
1.752000000000000000e+03
7.880000000000000000e+02
7.880000000000000000e+02
8.780000000000000000e+02
3.900000000000000000e+02
1.980000000000000000e+02
1.980000000000000000e+02
1.881000000000000000e+03
1.662000000000000000e+03
1.821000000000000000e+03
1.821000000000000000e+03
1.696000000000000000e+03
1.696000000000000000e+03
1.696000000000000000e+03
6.042000000000000000e+03
6.042000000000000000e+03
1.230000000000000000e+02
3.737000000000000000e+03
3.737000000000000000e+03
1.147300000000000000e+04
9.250000000000000000e+02
9.250000000000000000e+02
2.517000000000000000e+03
1.486000000000000000e+03
5.900000000000000000e+01
5.900000000000000000e+01
5.900000000000000000e+01
5.900000000000000000e+01
5.900000000000000000e+01
5.900000000000000000e+01
5.900000000000000000e+01
5.900000000000000000e+01
5.900000000000000000e+01
5.900000000000000000e+01
5.900000000000000000e+01
5.900000000000000000e+01
1.012000000000000000e+03
9.950000000000000000e+02
3.841000000000000000e+03
3.841000000000000000e+03
1.409000000000000000e+03
1.091000000000000000e+03
1.750000000000000000e+03
6.966000000000000000e+03
6.966000000000000000e+03
1.867000000000000000e+03
3.186000000000000000e+03
3.186000000000000000e+03
3.186000000000000000e+03
3.186000000000000000e+03
3.186000000000000000e+03
3.186000000000000000e+03
2.650000000000000000e+02
2.650000000000000000e+02
2.650000000000000000e+02
8.910000000000000000e+02
1.776000000000000000e+03
8.310000000000000000e+03
1.673000000000000000e+03
1.673000000000000000e+03
1.775000000000000000e+03
1.760000000000000000e+03
1.760000000000000000e+03
1.760000000000000000e+03
1.760000000000000000e+03
6.966000000000000000e+03
6.966000000000000000e+03
5.280000000000000000e+02
2.660000000000000000e+02
2.660000000000000000e+02
2.660000000000000000e+02
1.619000000000000000e+03
1.839000000000000000e+03
1.839000000000000000e+03
2.825000000000000000e+03
1.714000000000000000e+03
1.778000000000000000e+03
6.050000000000000000e+02
6.050000000000000000e+02
6.050000000000000000e+02
1.823000000000000000e+03
9.913000000000000000e+03
9.913000000000000000e+03
9.913000000000000000e+03
9.913000000000000000e+03
9.913000000000000000e+03
9.913000000000000000e+03
9.913000000000000000e+03
1.057000000000000000e+03
6.131000000000000000e+03
3.781000000000000000e+03
3.781000000000000000e+03
3.781000000000000000e+03
1.897000000000000000e+03
1.843000000000000000e+03
1.126100000000000000e+04
1.126100000000000000e+04
1.126100000000000000e+04
9.280000000000000000e+02
1.843000000000000000e+03
8.580000000000000000e+02
9.903000000000000000e+03
8.060000000000000000e+02
9.810000000000000000e+02
9.900000000000000000e+01
1.953000000000000000e+03
1.698000000000000000e+03
1.783000000000000000e+03
4.042000000000000000e+03
4.042000000000000000e+03
1.866000000000000000e+03
3.179000000000000000e+03
3.179000000000000000e+03
1.733000000000000000e+03
1.733000000000000000e+03
6.770000000000000000e+02
2.372000000000000000e+03
2.372000000000000000e+03
2.372000000000000000e+03
2.372000000000000000e+03
2.372000000000000000e+03
2.372000000000000000e+03
2.372000000000000000e+03
2.372000000000000000e+03
2.372000000000000000e+03
2.372000000000000000e+03
2.536000000000000000e+03
4.567000000000000000e+03
3.000000000000000000e+00
3.000000000000000000e+00
1.790000000000000000e+03
4.069000000000000000e+03
3.840000000000000000e+02
3.840000000000000000e+02
3.840000000000000000e+02
9.310000000000000000e+02
4.486000000000000000e+03
9.620000000000000000e+02
9.620000000000000000e+02
9.620000000000000000e+02
9.620000000000000000e+02
7.480000000000000000e+02
1.649000000000000000e+03
1.117500000000000000e+04
1.117500000000000000e+04
1.873000000000000000e+03
2.528000000000000000e+03
2.620000000000000000e+02
1.885000000000000000e+03
1.744000000000000000e+03
3.527000000000000000e+03
3.527000000000000000e+03
3.060000000000000000e+03
3.060000000000000000e+03
3.060000000000000000e+03
3.060000000000000000e+03
3.637000000000000000e+03
2.500000000000000000e+03
7.566000000000000000e+03
3.743000000000000000e+03
3.786000000000000000e+03
7.610000000000000000e+02
1.814000000000000000e+03
1.693000000000000000e+03
1.951000000000000000e+03
1.951000000000000000e+03
1.951000000000000000e+03
8.800000000000000000e+01
8.800000000000000000e+01
3.273000000000000000e+03
3.273000000000000000e+03
4.250000000000000000e+02
4.260000000000000000e+02
2.501000000000000000e+03
3.274000000000000000e+03
3.465000000000000000e+03
1.790000000000000000e+03
9.730000000000000000e+02
2.377000000000000000e+03
1.711000000000000000e+03
1.924000000000000000e+03
2.563000000000000000e+03
2.563000000000000000e+03
1.925000000000000000e+03
1.000000000000000000e+03
1.000000000000000000e+03
1.929000000000000000e+03
1.929000000000000000e+03
1.928000000000000000e+03
1.875000000000000000e+03
1.875000000000000000e+03
1.303800000000000000e+04
1.303800000000000000e+04
1.653000000000000000e+03
1.653000000000000000e+03
1.653000000000000000e+03
1.653000000000000000e+03
1.653000000000000000e+03
1.653000000000000000e+03
1.653000000000000000e+03
6.000000000000000000e+01
6.390000000000000000e+02
1.613000000000000000e+03
3.795000000000000000e+03
8.330000000000000000e+02
1.760000000000000000e+02
1.740000000000000000e+02
1.740000000000000000e+02
1.750000000000000000e+02
1.750000000000000000e+02
1.770000000000000000e+02
1.400000000000000000e+01
1.008000000000000000e+03
2.275000000000000000e+03
2.276000000000000000e+03
2.274000000000000000e+03
7.900000000000000000e+02
1.230000000000000000e+02
4.069000000000000000e+03
6.560000000000000000e+02
6.560000000000000000e+02
6.060000000000000000e+02
1.579000000000000000e+03
1.918000000000000000e+03
2.190000000000000000e+03
1.956000000000000000e+03
1.956000000000000000e+03
1.956000000000000000e+03
1.956000000000000000e+03
1.956000000000000000e+03
9.790000000000000000e+02
9.790000000000000000e+02
2.527000000000000000e+03
2.527000000000000000e+03
2.527000000000000000e+03
1.921000000000000000e+03
2.342000000000000000e+03
2.342000000000000000e+03
2.342000000000000000e+03
2.342000000000000000e+03
2.793000000000000000e+03
3.270000000000000000e+03
1.627000000000000000e+03
1.937000000000000000e+03
1.937000000000000000e+03
1.952000000000000000e+03
1.199100000000000000e+04
3.340000000000000000e+02
3.350000000000000000e+02
1.673000000000000000e+03
1.673000000000000000e+03
2.080000000000000000e+02
2.080000000000000000e+02
2.080000000000000000e+02
2.080000000000000000e+02
2.080000000000000000e+02
2.080000000000000000e+02
2.080000000000000000e+02
2.080000000000000000e+02
2.080000000000000000e+02
2.080000000000000000e+02
2.080000000000000000e+02
2.080000000000000000e+02
2.080000000000000000e+02
2.080000000000000000e+02
2.080000000000000000e+02
2.080000000000000000e+02
2.080000000000000000e+02
2.080000000000000000e+02
2.080000000000000000e+02
1.923000000000000000e+03
1.300000000000000000e+01
1.300000000000000000e+01
1.300000000000000000e+01
3.783000000000000000e+03
3.783000000000000000e+03
3.783000000000000000e+03
3.783000000000000000e+03
3.783000000000000000e+03
3.783000000000000000e+03
3.783000000000000000e+03
3.783000000000000000e+03
3.783000000000000000e+03
3.783000000000000000e+03
3.783000000000000000e+03
3.783000000000000000e+03
3.300000000000000000e+01
3.300000000000000000e+01
1.870000000000000000e+03
1.042000000000000000e+03
8.170000000000000000e+02
8.170000000000000000e+02
8.170000000000000000e+02
9.450000000000000000e+02
9.450000000000000000e+02
9.450000000000000000e+02
8.910000000000000000e+02
3.040000000000000000e+03
3.040000000000000000e+03
3.040000000000000000e+03
3.040000000000000000e+03
1.902000000000000000e+03
1.902000000000000000e+03
1.489000000000000000e+03
1.489000000000000000e+03
1.489000000000000000e+03
1.200000000000000000e+01
7.600000000000000000e+02
7.600000000000000000e+02
7.600000000000000000e+02
7.600000000000000000e+02
7.600000000000000000e+02
7.600000000000000000e+02
7.600000000000000000e+02
6.190000000000000000e+02
5.480000000000000000e+02
5.480000000000000000e+02
3.046000000000000000e+03
3.046000000000000000e+03
3.046000000000000000e+03
3.046000000000000000e+03
3.043000000000000000e+03
3.043000000000000000e+03
3.043000000000000000e+03
3.043000000000000000e+03
2.535000000000000000e+03
2.493000000000000000e+03
8.000000000000000000e+02
1.657000000000000000e+03
1.657000000000000000e+03
1.658000000000000000e+03
1.658000000000000000e+03
7.660000000000000000e+02
1.609000000000000000e+03
1.817000000000000000e+03
1.696000000000000000e+03
1.696000000000000000e+03
1.696000000000000000e+03
1.695000000000000000e+03
1.695000000000000000e+03
1.695000000000000000e+03
1.915000000000000000e+03
1.808000000000000000e+03
1.808000000000000000e+03
6.150000000000000000e+02
6.150000000000000000e+02
6.150000000000000000e+02
6.150000000000000000e+02
2.446000000000000000e+03
2.446000000000000000e+03
1.790000000000000000e+03
1.709000000000000000e+03
9.780000000000000000e+02
3.830000000000000000e+02
3.830000000000000000e+02
1.007000000000000000e+03
7.700000000000000000e+01
1.448000000000000000e+03
8.200000000000000000e+02
1.892000000000000000e+03
1.876000000000000000e+03
6.040000000000000000e+02
1.520000000000000000e+03
1.520000000000000000e+03
6.880000000000000000e+02
1.736000000000000000e+03
1.250600000000000000e+04
1.250600000000000000e+04
1.885000000000000000e+03
1.883000000000000000e+03
8.289000000000000000e+03
8.289000000000000000e+03
6.281000000000000000e+03
6.282000000000000000e+03
6.700000000000000000e+01
1.710000000000000000e+03
2.227000000000000000e+03
2.227000000000000000e+03
2.860000000000000000e+02
2.860000000000000000e+02
2.860000000000000000e+02
2.860000000000000000e+02
9.400000000000000000e+02
9.400000000000000000e+02
9.400000000000000000e+02
9.400000000000000000e+02
9.400000000000000000e+02
9.400000000000000000e+02
9.400000000000000000e+02
9.400000000000000000e+02
9.400000000000000000e+02
9.400000000000000000e+02
9.400000000000000000e+02
9.400000000000000000e+02
9.400000000000000000e+02
9.400000000000000000e+02
1.340000000000000000e+02
2.435000000000000000e+03
2.435000000000000000e+03
2.433000000000000000e+03
2.433000000000000000e+03
5.660000000000000000e+02
9.420000000000000000e+02
9.420000000000000000e+02
1.591000000000000000e+03
8.470000000000000000e+02
8.470000000000000000e+02
8.470000000000000000e+02
6.960000000000000000e+02
1.007000000000000000e+03
2.548000000000000000e+03
2.548000000000000000e+03
2.548000000000000000e+03
3.736000000000000000e+03
3.735000000000000000e+03
1.207000000000000000e+03
1.207000000000000000e+03
1.207000000000000000e+03
1.207000000000000000e+03
1.207000000000000000e+03
3.100000000000000000e+01
3.100000000000000000e+01
3.100000000000000000e+01
3.738000000000000000e+03
9.251000000000000000e+03
3.738000000000000000e+03
6.131000000000000000e+03
7.050000000000000000e+02
7.000000000000000000e+02
1.175300000000000000e+04
1.175300000000000000e+04
1.810000000000000000e+03
1.810000000000000000e+03
1.810000000000000000e+03
8.120000000000000000e+02
8.120000000000000000e+02
8.120000000000000000e+02
8.120000000000000000e+02
8.120000000000000000e+02
8.120000000000000000e+02
8.120000000000000000e+02
1.890000000000000000e+03
1.889000000000000000e+03
1.868000000000000000e+03
1.007000000000000000e+03
1.007000000000000000e+03
1.439000000000000000e+03
3.495000000000000000e+03
3.738000000000000000e+03
1.255000000000000000e+03
1.255000000000000000e+03
1.638000000000000000e+03
1.972000000000000000e+03
6.840000000000000000e+02
6.840000000000000000e+02
6.840000000000000000e+02
3.271000000000000000e+03
3.271000000000000000e+03
3.271000000000000000e+03
1.749000000000000000e+03
7.680000000000000000e+02
4.487000000000000000e+03
4.487000000000000000e+03
4.487000000000000000e+03
1.886000000000000000e+03
1.378900000000000000e+04
1.378900000000000000e+04
1.378900000000000000e+04
1.374700000000000000e+04
1.374700000000000000e+04
5.939000000000000000e+03
5.939000000000000000e+03
1.079000000000000000e+03
1.958000000000000000e+03
1.378800000000000000e+04
1.378800000000000000e+04
3.600000000000000000e+01
3.600000000000000000e+01
3.600000000000000000e+01
1.740000000000000000e+02
1.740000000000000000e+02
1.750000000000000000e+02
1.750000000000000000e+02
8.963000000000000000e+03
8.260000000000000000e+02
8.260000000000000000e+02
8.260000000000000000e+02
8.260000000000000000e+02
2.343000000000000000e+03
2.343000000000000000e+03
2.343000000000000000e+03
2.343000000000000000e+03
1.007000000000000000e+03
3.639000000000000000e+03
9.970000000000000000e+02
1.654000000000000000e+03
1.654000000000000000e+03
9.540000000000000000e+02
7.910000000000000000e+02
1.652000000000000000e+03
1.652000000000000000e+03
1.652000000000000000e+03
1.652000000000000000e+03
1.652000000000000000e+03
1.652000000000000000e+03
1.652000000000000000e+03
1.653000000000000000e+03
1.653000000000000000e+03
1.653000000000000000e+03
1.653000000000000000e+03
1.653000000000000000e+03
1.653000000000000000e+03
1.653000000000000000e+03
5.300000000000000000e+01
5.300000000000000000e+01
5.300000000000000000e+01
5.300000000000000000e+01
5.300000000000000000e+01
5.300000000000000000e+01
8.450000000000000000e+02
8.450000000000000000e+02
8.450000000000000000e+02
2.342000000000000000e+03
2.342000000000000000e+03
2.342000000000000000e+03
2.342000000000000000e+03
1.095000000000000000e+03
3.820000000000000000e+02
3.820000000000000000e+02
3.820000000000000000e+02
3.820000000000000000e+02
3.820000000000000000e+02
3.820000000000000000e+02
7.730000000000000000e+02
7.730000000000000000e+02
6.168000000000000000e+03
6.168000000000000000e+03
6.168000000000000000e+03
3.752000000000000000e+03
3.750000000000000000e+03
3.750000000000000000e+03
1.878000000000000000e+03
1.879000000000000000e+03
1.912000000000000000e+03
8.680000000000000000e+02
8.680000000000000000e+02
8.680000000000000000e+02
2.660000000000000000e+02
2.660000000000000000e+02
2.660000000000000000e+02
6.949000000000000000e+03
6.949000000000000000e+03
9.190000000000000000e+02
9.480000000000000000e+02
2.780000000000000000e+02
2.780000000000000000e+02
3.517000000000000000e+03
7.670000000000000000e+02
7.053000000000000000e+03
7.053000000000000000e+03
3.426000000000000000e+03
3.426000000000000000e+03
3.426000000000000000e+03
1.912000000000000000e+03
6.166000000000000000e+03
6.165000000000000000e+03
6.164000000000000000e+03
6.163000000000000000e+03
5.780000000000000000e+03
6.162000000000000000e+03
5.774000000000000000e+03
6.162000000000000000e+03
2.588000000000000000e+03
2.588000000000000000e+03
2.586000000000000000e+03
2.586000000000000000e+03
2.591000000000000000e+03
2.591000000000000000e+03
3.800000000000000000e+03
3.800000000000000000e+03
3.800000000000000000e+03
3.390000000000000000e+03
3.390000000000000000e+03
3.390000000000000000e+03
3.390000000000000000e+03
3.390000000000000000e+03
3.389000000000000000e+03
3.389000000000000000e+03
3.389000000000000000e+03
3.389000000000000000e+03
3.389000000000000000e+03
3.388000000000000000e+03
3.388000000000000000e+03
3.388000000000000000e+03
3.388000000000000000e+03
3.388000000000000000e+03
1.647000000000000000e+03
1.895000000000000000e+03
1.895000000000000000e+03
1.895000000000000000e+03
1.895000000000000000e+03
1.895000000000000000e+03
1.915000000000000000e+03
6.880000000000000000e+02
9.690000000000000000e+02
9.690000000000000000e+02
1.470000000000000000e+02
9.630000000000000000e+02
7.570000000000000000e+02
7.570000000000000000e+02
7.570000000000000000e+02
6.450000000000000000e+02
6.450000000000000000e+02
1.887000000000000000e+03
1.480000000000000000e+03
6.153000000000000000e+03
5.873000000000000000e+03
5.873000000000000000e+03
1.653000000000000000e+03
1.653000000000000000e+03
1.653000000000000000e+03
1.653000000000000000e+03
1.653000000000000000e+03
1.653000000000000000e+03
1.653000000000000000e+03
1.652000000000000000e+03
1.652000000000000000e+03
1.652000000000000000e+03
1.652000000000000000e+03
1.652000000000000000e+03
1.652000000000000000e+03
1.652000000000000000e+03
6.400000000000000000e+02
1.738000000000000000e+03
1.738000000000000000e+03
1.738000000000000000e+03
2.650000000000000000e+02
2.650000000000000000e+02
2.650000000000000000e+02
2.188000000000000000e+03
5.950000000000000000e+02
5.200000000000000000e+01
5.200000000000000000e+01
5.200000000000000000e+01
1.704000000000000000e+03
1.704000000000000000e+03
1.704000000000000000e+03
1.704000000000000000e+03
1.704000000000000000e+03
1.703000000000000000e+03
1.703000000000000000e+03
1.703000000000000000e+03
1.703000000000000000e+03
1.703000000000000000e+03
1.703000000000000000e+03
1.703000000000000000e+03
1.703000000000000000e+03
1.703000000000000000e+03
1.703000000000000000e+03
1.703000000000000000e+03
1.649000000000000000e+03
1.613000000000000000e+03
2.492000000000000000e+03
4.075000000000000000e+03
3.840000000000000000e+02
3.840000000000000000e+02
3.840000000000000000e+02
8.260000000000000000e+02
8.260000000000000000e+02
8.260000000000000000e+02
8.260000000000000000e+02
1.330000000000000000e+02
1.485000000000000000e+03
1.485000000000000000e+03
1.485000000000000000e+03
1.080000000000000000e+02
1.300000000000000000e+02
1.300000000000000000e+02
6.520000000000000000e+02
6.520000000000000000e+02
9.740000000000000000e+02
9.740000000000000000e+02
9.740000000000000000e+02
9.740000000000000000e+02
1.934000000000000000e+03
1.962000000000000000e+03
1.962000000000000000e+03
1.963000000000000000e+03
1.963000000000000000e+03
7.250000000000000000e+03
7.250000000000000000e+03
7.250000000000000000e+03
2.224000000000000000e+03
2.224000000000000000e+03
3.738000000000000000e+03
8.352000000000000000e+03
8.352000000000000000e+03
9.490000000000000000e+02
1.007000000000000000e+03
6.020000000000000000e+02
6.020000000000000000e+02
1.599000000000000000e+03
1.599000000000000000e+03
6.200000000000000000e+02
6.200000000000000000e+02
3.385000000000000000e+03
5.700000000000000000e+01
5.700000000000000000e+01
1.845000000000000000e+03
3.183000000000000000e+03
3.183000000000000000e+03
3.183000000000000000e+03
3.183000000000000000e+03
3.183000000000000000e+03
2.474000000000000000e+03
2.523000000000000000e+03
1.952000000000000000e+03
8.730000000000000000e+02
8.730000000000000000e+02
8.730000000000000000e+02
8.730000000000000000e+02
8.730000000000000000e+02
3.182000000000000000e+03
3.182000000000000000e+03
2.341000000000000000e+03
2.341000000000000000e+03
2.341000000000000000e+03
2.341000000000000000e+03
1.939000000000000000e+03
6.020000000000000000e+02
6.020000000000000000e+02
8.591000000000000000e+03
8.591000000000000000e+03
1.740000000000000000e+03
1.740000000000000000e+03
6.410000000000000000e+02
1.110000000000000000e+02
1.126000000000000000e+03
1.126000000000000000e+03
1.350000000000000000e+02
1.350000000000000000e+02
1.350000000000000000e+02
3.738000000000000000e+03
1.092000000000000000e+03
1.092000000000000000e+03
1.092000000000000000e+03
2.900000000000000000e+01
1.678000000000000000e+03
1.677000000000000000e+03
2.450000000000000000e+02
2.460000000000000000e+02
2.590000000000000000e+02
1.589000000000000000e+03
1.588000000000000000e+03
7.650000000000000000e+02
1.496000000000000000e+03
1.465000000000000000e+03
6.090000000000000000e+02
2.338000000000000000e+03
2.338000000000000000e+03
2.338000000000000000e+03
2.338000000000000000e+03
1.756000000000000000e+03
1.756000000000000000e+03
7.620000000000000000e+02
1.687000000000000000e+03
1.687000000000000000e+03
1.687000000000000000e+03
5.250000000000000000e+02
5.250000000000000000e+02
5.250000000000000000e+02
5.250000000000000000e+02
5.601000000000000000e+03
1.883000000000000000e+03
3.342000000000000000e+03
3.342000000000000000e+03
3.950000000000000000e+02
3.950000000000000000e+02
3.950000000000000000e+02
3.782000000000000000e+03
3.782000000000000000e+03
3.782000000000000000e+03
3.782000000000000000e+03
3.782000000000000000e+03
3.782000000000000000e+03
3.782000000000000000e+03
3.782000000000000000e+03
2.224000000000000000e+03
2.224000000000000000e+03
6.110000000000000000e+02
1.230800000000000000e+04
5.934000000000000000e+03
5.934000000000000000e+03
1.958000000000000000e+03
9.580000000000000000e+02
9.580000000000000000e+02
5.936000000000000000e+03
5.936000000000000000e+03
1.835000000000000000e+03
1.835000000000000000e+03
1.835000000000000000e+03
1.175400000000000000e+04
1.175400000000000000e+04
1.175400000000000000e+04
3.738000000000000000e+03
1.760000000000000000e+02
5.341000000000000000e+03
1.040000000000000000e+02
6.340000000000000000e+02
1.897000000000000000e+03
1.897000000000000000e+03
1.130000000000000000e+03
1.130000000000000000e+03
1.020600000000000000e+04
1.382100000000000000e+04
1.382100000000000000e+04
1.382100000000000000e+04
1.382100000000000000e+04
1.382100000000000000e+04
1.382100000000000000e+04
1.382100000000000000e+04
1.621000000000000000e+03
1.621000000000000000e+03
2.304000000000000000e+03
2.304000000000000000e+03
1.628000000000000000e+03
2.150000000000000000e+02
2.150000000000000000e+02
1.164600000000000000e+04
6.340000000000000000e+02
3.394000000000000000e+03
3.394000000000000000e+03
9.740000000000000000e+02
9.740000000000000000e+02
9.740000000000000000e+02
9.740000000000000000e+02
4.517000000000000000e+03
2.900000000000000000e+02
1.126100000000000000e+04
1.126100000000000000e+04
1.126100000000000000e+04
9.410000000000000000e+02
9.410000000000000000e+02
1.444100000000000000e+04
4.590000000000000000e+02
1.417000000000000000e+04
1.417000000000000000e+04
1.417000000000000000e+04
1.296000000000000000e+04
8.316000000000000000e+03
1.465200000000000000e+04
1.465200000000000000e+04
6.857000000000000000e+03
1.922100000000000000e+04
1.922100000000000000e+04
1.922100000000000000e+04
1.563300000000000000e+04
1.563500000000000000e+04
2.428000000000000000e+03
2.428000000000000000e+03
2.428000000000000000e+03
2.428000000000000000e+03
2.428000000000000000e+03
2.428000000000000000e+03
4.765000000000000000e+03
4.765000000000000000e+03
4.765000000000000000e+03
4.765000000000000000e+03
4.765000000000000000e+03
4.765000000000000000e+03
4.765000000000000000e+03
4.765000000000000000e+03
4.765000000000000000e+03
4.765000000000000000e+03
4.765000000000000000e+03
1.577800000000000000e+04
1.577800000000000000e+04
1.577800000000000000e+04
1.577800000000000000e+04
2.594000000000000000e+03
8.679000000000000000e+03
3.526000000000000000e+03
3.526000000000000000e+03
3.550000000000000000e+02
3.550000000000000000e+02
3.550000000000000000e+02
1.069000000000000000e+03
8.500000000000000000e+02
8.500000000000000000e+02
8.500000000000000000e+02
8.500000000000000000e+02
8.500000000000000000e+02
8.500000000000000000e+02
1.164500000000000000e+04
1.164500000000000000e+04
1.164500000000000000e+04
1.164500000000000000e+04
1.164500000000000000e+04
1.164500000000000000e+04
1.164500000000000000e+04
1.164500000000000000e+04
5.825000000000000000e+03
2.473000000000000000e+03
1.684500000000000000e+04
1.684600000000000000e+04
3.390000000000000000e+03
3.390000000000000000e+03
3.390000000000000000e+03
3.390000000000000000e+03
3.390000000000000000e+03
1.695200000000000000e+04
1.587600000000000000e+04
6.881000000000000000e+03
6.881000000000000000e+03
1.710300000000000000e+04
5.601000000000000000e+03
5.601000000000000000e+03
1.768600000000000000e+04
1.843000000000000000e+03
1.250000000000000000e+02
1.240000000000000000e+02
1.240000000000000000e+02
2.794000000000000000e+03
5.299000000000000000e+03
1.178200000000000000e+04
9.458000000000000000e+03
9.458000000000000000e+03
9.458000000000000000e+03
9.458000000000000000e+03
9.458000000000000000e+03
9.458000000000000000e+03
9.458000000000000000e+03
9.458000000000000000e+03
9.458000000000000000e+03
9.458000000000000000e+03
1.791000000000000000e+03
1.828500000000000000e+04
1.178300000000000000e+04
1.178400000000000000e+04
2.193500000000000000e+04
8.678000000000000000e+03
1.930200000000000000e+04
1.971000000000000000e+04
1.971000000000000000e+04
1.577700000000000000e+04
5.470000000000000000e+02
2.970000000000000000e+02
2.970000000000000000e+02
2.163600000000000000e+04
2.163600000000000000e+04
2.163600000000000000e+04
2.163600000000000000e+04
2.107100000000000000e+04
2.107100000000000000e+04
2.107100000000000000e+04
2.107100000000000000e+04
2.107100000000000000e+04
1.601100000000000000e+04
1.601100000000000000e+04
8.210000000000000000e+02
8.210000000000000000e+02
1.000000000000000000e+00
1.000000000000000000e+00
1.000000000000000000e+00
1.000000000000000000e+00
1.000000000000000000e+00
1.000000000000000000e+00
1.000000000000000000e+00
1.000000000000000000e+00
1.000000000000000000e+00
1.000000000000000000e+00
1.000000000000000000e+00
1.000000000000000000e+00
1.000000000000000000e+00
2.142000000000000000e+04
2.142000000000000000e+04
1.905000000000000000e+03
1.905000000000000000e+03
2.222400000000000000e+04
2.222400000000000000e+04
2.257000000000000000e+03
