3.360000000000000000e+02
1.006000000000000000e+03
3.350000000000000000e+02
6.881000000000000000e+03
6.881000000000000000e+03
1.690000000000000000e+02
1.690000000000000000e+02
1.690000000000000000e+02
1.960000000000000000e+02
1.960000000000000000e+02
1.791000000000000000e+03
3.738000000000000000e+03
3.738000000000000000e+03
1.782800000000000000e+04
3.350000000000000000e+02
3.360000000000000000e+02
1.921000000000000000e+03
6.060000000000000000e+02
3.787000000000000000e+03
3.787000000000000000e+03
3.787000000000000000e+03
3.787000000000000000e+03
3.787000000000000000e+03
3.787000000000000000e+03
3.787000000000000000e+03
3.787000000000000000e+03
3.787000000000000000e+03
3.787000000000000000e+03
3.787000000000000000e+03
3.787000000000000000e+03
3.787000000000000000e+03
1.495000000000000000e+03
1.495000000000000000e+03
1.495000000000000000e+03
1.495000000000000000e+03
3.840000000000000000e+02
3.840000000000000000e+02
3.840000000000000000e+02
1.449000000000000000e+03
6.042000000000000000e+03
6.042000000000000000e+03
5.895000000000000000e+03
5.895000000000000000e+03
2.189000000000000000e+03
5.936000000000000000e+03
5.936000000000000000e+03
3.394000000000000000e+03
3.394000000000000000e+03
2.191000000000000000e+03
2.191000000000000000e+03
2.188000000000000000e+03
2.970000000000000000e+02
2.970000000000000000e+02
2.970000000000000000e+02
2.970000000000000000e+02
3.388000000000000000e+03
3.388000000000000000e+03
3.388000000000000000e+03
3.388000000000000000e+03
3.388000000000000000e+03
1.502300000000000000e+04
1.502300000000000000e+04
1.940000000000000000e+02
1.940000000000000000e+02
1.940000000000000000e+02
1.413800000000000000e+04
1.413800000000000000e+04
1.980000000000000000e+02
1.980000000000000000e+02
6.480000000000000000e+02
3.621000000000000000e+03
3.621000000000000000e+03
9.540000000000000000e+02
7.630000000000000000e+02
7.940000000000000000e+02
1.465200000000000000e+04
1.465200000000000000e+04
7.930000000000000000e+02
1.175200000000000000e+04
1.175200000000000000e+04
1.895000000000000000e+03
1.895000000000000000e+03
1.895000000000000000e+03
1.895000000000000000e+03
1.895000000000000000e+03
1.783000000000000000e+03
6.949000000000000000e+03
6.949000000000000000e+03
6.040000000000000000e+02
4.486000000000000000e+03
3.940000000000000000e+02
3.940000000000000000e+02
3.940000000000000000e+02
3.950000000000000000e+02
3.950000000000000000e+02
3.950000000000000000e+02
9.580000000000000000e+02
9.580000000000000000e+02
3.594000000000000000e+03
2.600000000000000000e+02
3.738000000000000000e+03
1.040000000000000000e+03
1.040000000000000000e+03
6.000000000000000000e+02
6.000000000000000000e+02
1.808000000000000000e+03
1.808000000000000000e+03
7.566000000000000000e+03
2.493000000000000000e+03
1.624000000000000000e+03
1.624000000000000000e+03
1.624000000000000000e+03
1.624000000000000000e+03
1.937000000000000000e+03
1.937000000000000000e+03
1.887000000000000000e+03
3.182000000000000000e+03
3.182000000000000000e+03
1.611000000000000000e+03
1.775000000000000000e+03
1.895000000000000000e+03
1.895000000000000000e+03
1.895000000000000000e+03
1.895000000000000000e+03
1.895000000000000000e+03
3.340000000000000000e+02
1.733000000000000000e+03
1.733000000000000000e+03
3.388000000000000000e+03
3.388000000000000000e+03
3.388000000000000000e+03
3.388000000000000000e+03
3.388000000000000000e+03
3.390000000000000000e+03
3.390000000000000000e+03
3.390000000000000000e+03
3.390000000000000000e+03
3.390000000000000000e+03
1.662000000000000000e+03
8.060000000000000000e+02
1.587600000000000000e+04
3.385000000000000000e+03
1.091000000000000000e+03
1.738000000000000000e+03
1.738000000000000000e+03
1.738000000000000000e+03
1.303800000000000000e+04
1.303800000000000000e+04
3.060000000000000000e+03
3.060000000000000000e+03
3.060000000000000000e+03
3.060000000000000000e+03
9.420000000000000000e+02
9.420000000000000000e+02
8.120000000000000000e+02
8.120000000000000000e+02
8.120000000000000000e+02
8.120000000000000000e+02
8.120000000000000000e+02
8.120000000000000000e+02
8.120000000000000000e+02
1.020600000000000000e+04
1.778000000000000000e+03
3.738000000000000000e+03
3.750000000000000000e+03
1.912000000000000000e+03
3.495000000000000000e+03
3.650000000000000000e+03
8.260000000000000000e+02
8.260000000000000000e+02
8.260000000000000000e+02
8.260000000000000000e+02
1.665000000000000000e+03
3.738000000000000000e+03
7.400000000000000000e+01
7.400000000000000000e+01
7.400000000000000000e+01
6.880000000000000000e+02
2.460000000000000000e+02
1.376700000000000000e+04
1.376700000000000000e+04
1.376700000000000000e+04
1.376700000000000000e+04
1.376700000000000000e+04
1.376700000000000000e+04
1.889000000000000000e+03
1.890000000000000000e+03
1.236000000000000000e+03
1.236000000000000000e+03
1.305700000000000000e+04
1.305700000000000000e+04
1.305700000000000000e+04
3.388000000000000000e+03
3.388000000000000000e+03
3.388000000000000000e+03
3.388000000000000000e+03
3.388000000000000000e+03
1.640000000000000000e+03
1.640000000000000000e+03
7.730000000000000000e+02
7.730000000000000000e+02
9.903000000000000000e+03
8.060000000000000000e+02
9.810000000000000000e+02
9.900000000000000000e+01
1.881000000000000000e+03
1.175300000000000000e+04
1.175300000000000000e+04
9.620000000000000000e+02
9.620000000000000000e+02
9.620000000000000000e+02
9.620000000000000000e+02
2.150000000000000000e+02
2.150000000000000000e+02
1.330000000000000000e+02
9.280000000000000000e+02
1.714000000000000000e+03
6.153000000000000000e+03
1.444100000000000000e+04
9.950000000000000000e+02
3.030000000000000000e+02
1.915000000000000000e+03
3.738000000000000000e+03
3.183000000000000000e+03
3.183000000000000000e+03
3.183000000000000000e+03
3.183000000000000000e+03
3.183000000000000000e+03
3.340000000000000000e+02
6.880000000000000000e+02
1.449000000000000000e+03
2.224000000000000000e+03
2.224000000000000000e+03
1.886000000000000000e+03
3.100000000000000000e+01
3.100000000000000000e+01
3.100000000000000000e+01
7.400000000000000000e+01
7.400000000000000000e+01
7.400000000000000000e+01
2.500000000000000000e+03
7.900000000000000000e+02
1.448000000000000000e+03
1.395400000000000000e+04
1.395400000000000000e+04
1.395400000000000000e+04
1.395400000000000000e+04
1.395400000000000000e+04
1.395400000000000000e+04
1.395400000000000000e+04
3.738000000000000000e+03
1.770000000000000000e+02
1.750000000000000000e+02
1.750000000000000000e+02
1.740000000000000000e+02
1.740000000000000000e+02
1.760000000000000000e+02
1.591000000000000000e+03
1.955000000000000000e+03
1.955000000000000000e+03
1.955000000000000000e+03
1.955000000000000000e+03
1.955000000000000000e+03
1.956000000000000000e+03
1.956000000000000000e+03
1.956000000000000000e+03
1.956000000000000000e+03
1.956000000000000000e+03
1.465000000000000000e+03
6.090000000000000000e+02
2.825000000000000000e+03
1.225600000000000000e+04
2.590000000000000000e+02
3.738000000000000000e+03
1.610000000000000000e+03
1.653000000000000000e+03
1.653000000000000000e+03
1.653000000000000000e+03
1.653000000000000000e+03
1.653000000000000000e+03
1.653000000000000000e+03
1.653000000000000000e+03
1.915000000000000000e+03
2.620000000000000000e+02
1.953000000000000000e+03
1.915000000000000000e+03
3.340000000000000000e+02
8.170000000000000000e+02
8.170000000000000000e+02
8.170000000000000000e+02
1.055000000000000000e+03
3.823000000000000000e+03
3.823000000000000000e+03
3.388000000000000000e+03
3.388000000000000000e+03
3.388000000000000000e+03
3.388000000000000000e+03
3.388000000000000000e+03
2.230000000000000000e+03
3.150000000000000000e+03
1.012000000000000000e+03
1.007000000000000000e+03
2.338000000000000000e+03
2.338000000000000000e+03
2.338000000000000000e+03
2.338000000000000000e+03
6.215000000000000000e+03
8.681000000000000000e+03
1.875000000000000000e+03
1.875000000000000000e+03
4.042000000000000000e+03
4.042000000000000000e+03
9.480000000000000000e+02
1.524000000000000000e+03
4.075000000000000000e+03
9.400000000000000000e+02
9.400000000000000000e+02
9.400000000000000000e+02
9.400000000000000000e+02
9.400000000000000000e+02
9.400000000000000000e+02
9.400000000000000000e+02
9.400000000000000000e+02
9.400000000000000000e+02
9.400000000000000000e+02
9.400000000000000000e+02
9.400000000000000000e+02
9.400000000000000000e+02
9.400000000000000000e+02
1.938000000000000000e+03
7.960000000000000000e+02
7.960000000000000000e+02
1.633000000000000000e+03
1.633000000000000000e+03
1.633000000000000000e+03
9.500000000000000000e+02
9.410000000000000000e+02
9.410000000000000000e+02
1.918000000000000000e+03
1.579000000000000000e+03
3.517000000000000000e+03
2.780000000000000000e+02
2.780000000000000000e+02
7.670000000000000000e+02
1.845000000000000000e+03
1.698000000000000000e+03
1.354200000000000000e+04
1.354200000000000000e+04
1.749000000000000000e+03
2.492000000000000000e+03
2.304000000000000000e+03
2.304000000000000000e+03
1.750000000000000000e+02
1.750000000000000000e+02
1.952000000000000000e+03
1.952000000000000000e+03
3.816000000000000000e+03
3.816000000000000000e+03
1.042000000000000000e+03
3.179000000000000000e+03
3.179000000000000000e+03
6.215000000000000000e+03
1.537200000000000000e+04
1.537200000000000000e+04
2.590000000000000000e+02
1.695000000000000000e+03
1.695000000000000000e+03
1.695000000000000000e+03
1.696000000000000000e+03
1.696000000000000000e+03
1.696000000000000000e+03
1.817000000000000000e+03
1.609000000000000000e+03
7.660000000000000000e+02
1.657000000000000000e+03
1.657000000000000000e+03
4.590000000000000000e+02
1.486000000000000000e+03
1.245400000000000000e+04
1.200000000000000000e+01
1.301500000000000000e+04
1.939000000000000000e+03
1.980000000000000000e+02
1.980000000000000000e+02
1.012000000000000000e+03
7.970000000000000000e+02
7.970000000000000000e+02
7.970000000000000000e+02
2.626000000000000000e+03
3.738000000000000000e+03
2.428000000000000000e+03
2.428000000000000000e+03
2.428000000000000000e+03
2.428000000000000000e+03
2.428000000000000000e+03
2.428000000000000000e+03
3.524000000000000000e+03
3.524000000000000000e+03
3.525000000000000000e+03
3.525000000000000000e+03
3.525000000000000000e+03
4.567000000000000000e+03
9.910000000000000000e+02
1.770000000000000000e+03
6.400000000000000000e+02
1.883000000000000000e+03
3.043000000000000000e+03
3.043000000000000000e+03
3.043000000000000000e+03
3.043000000000000000e+03
3.046000000000000000e+03
3.046000000000000000e+03
3.046000000000000000e+03
3.046000000000000000e+03
6.966000000000000000e+03
6.966000000000000000e+03
4.069000000000000000e+03
4.069000000000000000e+03
7.141000000000000000e+03
3.186000000000000000e+03
3.186000000000000000e+03
3.186000000000000000e+03
3.186000000000000000e+03
3.186000000000000000e+03
3.186000000000000000e+03
3.182000000000000000e+03
3.182000000000000000e+03
1.912000000000000000e+03
5.895000000000000000e+03
5.895000000000000000e+03
3.186000000000000000e+03
3.186000000000000000e+03
3.186000000000000000e+03
3.186000000000000000e+03
3.186000000000000000e+03
3.186000000000000000e+03
3.182000000000000000e+03
3.182000000000000000e+03
1.007000000000000000e+03
1.007000000000000000e+03
1.647000000000000000e+03
2.586000000000000000e+03
2.586000000000000000e+03
2.588000000000000000e+03
2.588000000000000000e+03
1.950000000000000000e+03
1.673000000000000000e+03
1.673000000000000000e+03
1.135800000000000000e+04
1.135800000000000000e+04
1.135800000000000000e+04
1.135800000000000000e+04
1.135800000000000000e+04
1.135800000000000000e+04
1.135800000000000000e+04
9.690000000000000000e+02
9.690000000000000000e+02
8.760000000000000000e+02
8.760000000000000000e+02
8.760000000000000000e+02
8.760000000000000000e+02
8.760000000000000000e+02
8.760000000000000000e+02
8.760000000000000000e+02
8.760000000000000000e+02
8.760000000000000000e+02
8.760000000000000000e+02
8.760000000000000000e+02
8.760000000000000000e+02
8.760000000000000000e+02
8.760000000000000000e+02
8.760000000000000000e+02
8.760000000000000000e+02
8.760000000000000000e+02
8.760000000000000000e+02
8.760000000000000000e+02
7.620000000000000000e+02
1.486000000000000000e+03
1.486000000000000000e+03
1.817000000000000000e+03
1.935000000000000000e+03
8.330000000000000000e+02
1.945000000000000000e+03
6.020000000000000000e+02
6.020000000000000000e+02
1.117500000000000000e+04
1.117500000000000000e+04
1.933000000000000000e+03
7.640000000000000000e+02
1.923000000000000000e+03
1.756000000000000000e+03
1.756000000000000000e+03
1.588000000000000000e+03
1.951000000000000000e+03
1.951000000000000000e+03
1.951000000000000000e+03
7.600000000000000000e+02
7.600000000000000000e+02
7.600000000000000000e+02
7.600000000000000000e+02
7.600000000000000000e+02
7.600000000000000000e+02
7.600000000000000000e+02
5.979000000000000000e+03
9.280000000000000000e+02
8.720000000000000000e+02
3.000000000000000000e+00
3.000000000000000000e+00
6.209000000000000000e+03
5.700000000000000000e+01
5.700000000000000000e+01
8.591000000000000000e+03
8.591000000000000000e+03
1.091000000000000000e+03
7.650000000000000000e+02
1.869000000000000000e+03
7.050000000000000000e+02
1.693700000000000000e+04
1.008000000000000000e+03
1.866000000000000000e+03
1.007000000000000000e+03
8.780000000000000000e+02
7.680000000000000000e+02
2.233000000000000000e+03
2.233000000000000000e+03
1.662000000000000000e+03
1.378900000000000000e+04
1.378900000000000000e+04
1.378900000000000000e+04
1.491000000000000000e+03
1.491000000000000000e+03
2.660000000000000000e+02
2.660000000000000000e+02
2.660000000000000000e+02
5.280000000000000000e+02
1.961000000000000000e+03
1.961000000000000000e+03
3.786000000000000000e+03
1.821000000000000000e+03
1.821000000000000000e+03
9.950000000000000000e+02
1.613000000000000000e+03
1.710300000000000000e+04
6.150000000000000000e+02
6.150000000000000000e+02
6.150000000000000000e+02
6.150000000000000000e+02
6.150000000000000000e+02
6.150000000000000000e+02
6.150000000000000000e+02
6.150000000000000000e+02
7.890000000000000000e+02
7.890000000000000000e+02
9.630000000000000000e+02
2.372000000000000000e+03
2.372000000000000000e+03
2.372000000000000000e+03
2.372000000000000000e+03
2.372000000000000000e+03
2.372000000000000000e+03
2.372000000000000000e+03
2.372000000000000000e+03
2.372000000000000000e+03
2.372000000000000000e+03
7.053000000000000000e+03
7.053000000000000000e+03
1.020600000000000000e+04
2.231000000000000000e+03
2.231000000000000000e+03
2.231000000000000000e+03
2.232000000000000000e+03
2.227000000000000000e+03
2.227000000000000000e+03
2.224000000000000000e+03
2.224000000000000000e+03
2.233000000000000000e+03
2.233000000000000000e+03
1.849000000000000000e+03
7.400000000000000000e+01
7.400000000000000000e+01
7.400000000000000000e+01
6.168000000000000000e+03
6.168000000000000000e+03
6.168000000000000000e+03
7.910000000000000000e+02
1.677000000000000000e+03
1.678000000000000000e+03
1.903000000000000000e+03
1.903000000000000000e+03
1.902000000000000000e+03
1.902000000000000000e+03
1.849000000000000000e+03
5.606000000000000000e+03
5.606000000000000000e+03
2.400000000000000000e+01
2.400000000000000000e+01
3.388000000000000000e+03
3.388000000000000000e+03
3.388000000000000000e+03
3.388000000000000000e+03
3.388000000000000000e+03
3.340000000000000000e+02
8.730000000000000000e+02
8.730000000000000000e+02
8.730000000000000000e+02
8.730000000000000000e+02
8.730000000000000000e+02
8.500000000000000000e+02
8.500000000000000000e+02
8.500000000000000000e+02
8.500000000000000000e+02
8.500000000000000000e+02
8.500000000000000000e+02
2.337000000000000000e+03
2.337000000000000000e+03
2.337000000000000000e+03
2.337000000000000000e+03
1.688100000000000000e+04
1.688100000000000000e+04
2.594000000000000000e+03
2.434000000000000000e+03
2.434000000000000000e+03
2.435000000000000000e+03
2.435000000000000000e+03
1.972000000000000000e+03
1.175500000000000000e+04
1.175500000000000000e+04
2.500000000000000000e+03
1.814000000000000000e+03
2.501000000000000000e+03
1.693000000000000000e+03
8.170000000000000000e+02
8.170000000000000000e+02
8.170000000000000000e+02
1.300000000000000000e+01
1.300000000000000000e+01
1.300000000000000000e+01
1.470000000000000000e+02
9.310000000000000000e+02
1.175400000000000000e+04
1.175400000000000000e+04
1.175400000000000000e+04
1.873000000000000000e+03
1.340000000000000000e+02
6.270000000000000000e+02
6.270000000000000000e+02
3.644000000000000000e+03
3.644000000000000000e+03
7.640000000000000000e+02
6.949000000000000000e+03
6.949000000000000000e+03
3.527000000000000000e+03
3.527000000000000000e+03
6.550000000000000000e+02
6.550000000000000000e+02
9.450000000000000000e+02
9.450000000000000000e+02
9.450000000000000000e+02
8.000000000000000000e+02
6.208000000000000000e+03
1.867000000000000000e+03
1.586000000000000000e+03
6.001000000000000000e+03
6.001000000000000000e+03
6.001000000000000000e+03
7.560000000000000000e+02
7.560000000000000000e+02
7.560000000000000000e+02
7.560000000000000000e+02
1.839000000000000000e+03
1.839000000000000000e+03
1.770000000000000000e+02
1.750000000000000000e+02
1.750000000000000000e+02
1.740000000000000000e+02
1.740000000000000000e+02
1.760000000000000000e+02
1.652000000000000000e+03
1.652000000000000000e+03
1.652000000000000000e+03
1.652000000000000000e+03
1.652000000000000000e+03
1.652000000000000000e+03
1.652000000000000000e+03
6.480000000000000000e+02
1.245200000000000000e+04
1.245200000000000000e+04
9.780000000000000000e+02
1.709000000000000000e+03
9.457000000000000000e+03
1.689000000000000000e+03
1.563300000000000000e+04
1.803000000000000000e+03
9.270000000000000000e+02
1.340000000000000000e+02
3.151000000000000000e+03
4.487000000000000000e+03
4.487000000000000000e+03
4.487000000000000000e+03
1.810000000000000000e+03
1.810000000000000000e+03
1.810000000000000000e+03
3.550000000000000000e+02
3.550000000000000000e+02
3.550000000000000000e+02
8.440000000000000000e+02
8.440000000000000000e+02
8.440000000000000000e+02
8.440000000000000000e+02
8.440000000000000000e+02
8.440000000000000000e+02
8.440000000000000000e+02
8.440000000000000000e+02
1.703000000000000000e+03
1.703000000000000000e+03
1.703000000000000000e+03
1.703000000000000000e+03
1.703000000000000000e+03
1.703000000000000000e+03
1.703000000000000000e+03
1.703000000000000000e+03
1.703000000000000000e+03
1.703000000000000000e+03
1.703000000000000000e+03
1.735000000000000000e+03
8.910000000000000000e+02
1.736000000000000000e+03
1.400000000000000000e+01
3.752000000000000000e+03
1.872000000000000000e+03
5.660000000000000000e+02
4.487000000000000000e+03
4.487000000000000000e+03
4.487000000000000000e+03
1.876000000000000000e+03
1.892000000000000000e+03
1.895000000000000000e+03
1.895000000000000000e+03
1.895000000000000000e+03
1.895000000000000000e+03
1.895000000000000000e+03
1.980000000000000000e+02
1.980000000000000000e+02
1.296000000000000000e+04
1.628000000000000000e+03
1.251000000000000000e+03
1.251000000000000000e+03
8.963000000000000000e+03
9.458000000000000000e+03
9.458000000000000000e+03
9.458000000000000000e+03
9.458000000000000000e+03
9.458000000000000000e+03
9.458000000000000000e+03
9.458000000000000000e+03
9.458000000000000000e+03
9.458000000000000000e+03
9.458000000000000000e+03
6.450000000000000000e+02
6.450000000000000000e+02
1.870000000000000000e+03
2.860000000000000000e+02
2.860000000000000000e+02
2.860000000000000000e+02
2.860000000000000000e+02
7.900000000000000000e+02
7.500000000000000000e+01
7.500000000000000000e+01
1.924000000000000000e+03
2.563000000000000000e+03
2.563000000000000000e+03
1.925000000000000000e+03
1.000000000000000000e+03
1.000000000000000000e+03
1.929000000000000000e+03
1.929000000000000000e+03
1.928000000000000000e+03
8.580000000000000000e+02
1.147300000000000000e+04
1.512000000000000000e+03
1.512000000000000000e+03
1.512000000000000000e+03
3.430000000000000000e+02
3.420000000000000000e+02
3.410000000000000000e+02
3.400000000000000000e+02
3.390000000000000000e+02
3.380000000000000000e+02
3.370000000000000000e+02
3.330000000000000000e+02
3.320000000000000000e+02
3.310000000000000000e+02
3.300000000000000000e+02
5.540000000000000000e+02
1.912000000000000000e+03
3.821000000000000000e+03
1.448000000000000000e+03
8.060000000000000000e+02
1.012000000000000000e+03
1.935000000000000000e+03
8.330000000000000000e+02
1.464000000000000000e+03
1.464000000000000000e+03
1.464000000000000000e+03
1.720000000000000000e+02
1.720000000000000000e+02
1.720000000000000000e+02
3.390000000000000000e+03
3.390000000000000000e+03
3.390000000000000000e+03
3.390000000000000000e+03
3.390000000000000000e+03
3.388000000000000000e+03
3.388000000000000000e+03
3.388000000000000000e+03
3.388000000000000000e+03
3.388000000000000000e+03
3.426000000000000000e+03
3.426000000000000000e+03
3.426000000000000000e+03
8.590000000000000000e+02
1.868000000000000000e+03
2.343000000000000000e+03
2.343000000000000000e+03
2.343000000000000000e+03
2.343000000000000000e+03
1.684600000000000000e+04
1.684500000000000000e+04
1.677000000000000000e+03
2.420000000000000000e+02
2.400000000000000000e+02
1.740000000000000000e+02
1.740000000000000000e+02
1.750000000000000000e+02
1.750000000000000000e+02
1.770000000000000000e+02
1.760000000000000000e+02
9.430000000000000000e+02
9.430000000000000000e+02
2.341000000000000000e+03
2.341000000000000000e+03
2.341000000000000000e+03
2.341000000000000000e+03
1.874000000000000000e+03
1.874000000000000000e+03
2.528000000000000000e+03
9.190000000000000000e+02
1.007000000000000000e+03
1.450000000000000000e+02
6.200000000000000000e+02
6.200000000000000000e+02
9.300000000000000000e+02
6.110000000000000000e+02
1.940000000000000000e+03
7.400000000000000000e+01
7.400000000000000000e+01
7.400000000000000000e+01
1.586600000000000000e+04
1.586600000000000000e+04
1.755000000000000000e+03
8.260000000000000000e+02
8.260000000000000000e+02
8.260000000000000000e+02
8.260000000000000000e+02
1.687000000000000000e+03
1.687000000000000000e+03
1.687000000000000000e+03
1.652000000000000000e+03
1.652000000000000000e+03
1.652000000000000000e+03
1.652000000000000000e+03
1.652000000000000000e+03
1.652000000000000000e+03
1.652000000000000000e+03
1.653000000000000000e+03
1.653000000000000000e+03
1.653000000000000000e+03
1.653000000000000000e+03
1.653000000000000000e+03
1.653000000000000000e+03
1.653000000000000000e+03
3.040000000000000000e+03
3.040000000000000000e+03
3.040000000000000000e+03
3.040000000000000000e+03
1.448000000000000000e+03
7.516000000000000000e+03
7.516000000000000000e+03
7.516000000000000000e+03
7.516000000000000000e+03
7.516000000000000000e+03
7.516000000000000000e+03
7.516000000000000000e+03
7.516000000000000000e+03
4.069000000000000000e+03
3.738000000000000000e+03
4.069000000000000000e+03
2.363000000000000000e+03
7.400000000000000000e+01
7.400000000000000000e+01
7.400000000000000000e+01
6.560000000000000000e+02
6.560000000000000000e+02
5.300000000000000000e+01
5.300000000000000000e+01
5.300000000000000000e+01
5.300000000000000000e+01
5.300000000000000000e+01
5.300000000000000000e+01
1.652000000000000000e+03
1.652000000000000000e+03
1.652000000000000000e+03
1.652000000000000000e+03
1.652000000000000000e+03
1.652000000000000000e+03
1.652000000000000000e+03
1.649000000000000000e+03
1.703000000000000000e+03
1.703000000000000000e+03
1.703000000000000000e+03
1.703000000000000000e+03
1.703000000000000000e+03
1.703000000000000000e+03
1.703000000000000000e+03
1.703000000000000000e+03
1.703000000000000000e+03
1.703000000000000000e+03
1.703000000000000000e+03
1.704000000000000000e+03
1.704000000000000000e+03
1.704000000000000000e+03
1.704000000000000000e+03
1.704000000000000000e+03
5.200000000000000000e+01
5.200000000000000000e+01
5.200000000000000000e+01
1.649000000000000000e+03
3.431000000000000000e+03
8.200000000000000000e+02
1.955000000000000000e+03
1.955000000000000000e+03
1.955000000000000000e+03
1.955000000000000000e+03
1.955000000000000000e+03
6.153000000000000000e+03
3.149000000000000000e+03
3.150000000000000000e+03
7.880000000000000000e+02
7.880000000000000000e+02
3.147000000000000000e+03
1.448000000000000000e+03
1.007000000000000000e+03
1.007000000000000000e+03
3.388000000000000000e+03
3.388000000000000000e+03
3.388000000000000000e+03
3.388000000000000000e+03
3.388000000000000000e+03
3.030000000000000000e+02
1.644000000000000000e+03
1.878000000000000000e+03
1.879000000000000000e+03
1.129000000000000000e+03
3.594000000000000000e+03
1.395400000000000000e+04
1.395400000000000000e+04
1.395400000000000000e+04
1.395400000000000000e+04
1.395400000000000000e+04
1.395400000000000000e+04
1.395400000000000000e+04
1.415500000000000000e+04
1.415500000000000000e+04
1.415500000000000000e+04
1.415500000000000000e+04
1.687000000000000000e+03
1.687000000000000000e+03
1.687000000000000000e+03
3.940000000000000000e+02
3.940000000000000000e+02
3.940000000000000000e+02
3.950000000000000000e+02
3.950000000000000000e+02
3.950000000000000000e+02
1.230000000000000000e+02
3.738000000000000000e+03
1.980000000000000000e+02
1.980000000000000000e+02
1.413800000000000000e+04
1.413800000000000000e+04
5.825000000000000000e+03
9.950000000000000000e+02
6.131000000000000000e+03
1.912000000000000000e+03
1.893000000000000000e+03
1.117800000000000000e+04
1.117800000000000000e+04
7.610000000000000000e+02
4.072000000000000000e+03
4.072000000000000000e+03
4.072000000000000000e+03
4.072000000000000000e+03
4.072000000000000000e+03
4.072000000000000000e+03
4.072000000000000000e+03
4.072000000000000000e+03
4.072000000000000000e+03
1.091000000000000000e+03
5.606000000000000000e+03
5.606000000000000000e+03
3.738000000000000000e+03
3.388000000000000000e+03
3.388000000000000000e+03
3.388000000000000000e+03
3.388000000000000000e+03
3.388000000000000000e+03
1.980000000000000000e+02
1.980000000000000000e+02
1.413800000000000000e+04
1.413800000000000000e+04
3.750000000000000000e+03
7.900000000000000000e+02
1.738000000000000000e+03
1.738000000000000000e+03
1.738000000000000000e+03
2.548000000000000000e+03
2.548000000000000000e+03
2.548000000000000000e+03
3.639000000000000000e+03
3.637000000000000000e+03
2.340000000000000000e+03
2.340000000000000000e+03
2.340000000000000000e+03
2.340000000000000000e+03
1.040000000000000000e+03
1.040000000000000000e+03
1.008000000000000000e+03
9.010000000000000000e+02
7.400000000000000000e+01
7.400000000000000000e+01
7.400000000000000000e+01
1.486000000000000000e+03
1.486000000000000000e+03
7.680000000000000000e+02
1.776000000000000000e+03
8.600000000000000000e+02
8.600000000000000000e+02
1.200000000000000000e+01
7.053000000000000000e+03
7.053000000000000000e+03
1.577800000000000000e+04
1.577800000000000000e+04
1.577800000000000000e+04
1.577800000000000000e+04
7.130000000000000000e+03
7.130000000000000000e+03
7.130000000000000000e+03
3.600000000000000000e+01
3.600000000000000000e+01
3.600000000000000000e+01
1.681000000000000000e+03
1.681000000000000000e+03
1.681000000000000000e+03
9.510000000000000000e+02
1.897000000000000000e+03
1.897000000000000000e+03
1.897000000000000000e+03
1.897000000000000000e+03
1.408400000000000000e+04
8.050000000000000000e+02
9.698000000000000000e+03
9.698000000000000000e+03
1.092000000000000000e+03
1.092000000000000000e+03
1.092000000000000000e+03
4.748000000000000000e+03
4.748000000000000000e+03
6.260000000000000000e+02
6.260000000000000000e+02
2.446000000000000000e+03
2.446000000000000000e+03
5.480000000000000000e+02
5.480000000000000000e+02
2.190000000000000000e+03
4.720000000000000000e+03
8.800000000000000000e+01
8.800000000000000000e+01
1.848000000000000000e+03
1.515000000000000000e+03
1.896000000000000000e+03
6.260000000000000000e+02
6.260000000000000000e+02
1.715000000000000000e+03
1.848000000000000000e+03
1.571000000000000000e+03
5.900000000000000000e+01
5.900000000000000000e+01
5.900000000000000000e+01
5.900000000000000000e+01
5.900000000000000000e+01
5.900000000000000000e+01
5.900000000000000000e+01
5.900000000000000000e+01
5.900000000000000000e+01
5.900000000000000000e+01
5.900000000000000000e+01
5.900000000000000000e+01
6.260000000000000000e+02
6.260000000000000000e+02
5.900000000000000000e+01
5.900000000000000000e+01
5.900000000000000000e+01
5.900000000000000000e+01
5.900000000000000000e+01
5.900000000000000000e+01
5.900000000000000000e+01
5.900000000000000000e+01
5.900000000000000000e+01
5.900000000000000000e+01
5.900000000000000000e+01
5.900000000000000000e+01
5.900000000000000000e+01
5.900000000000000000e+01
5.900000000000000000e+01
5.900000000000000000e+01
5.900000000000000000e+01
5.900000000000000000e+01
5.900000000000000000e+01
5.900000000000000000e+01
5.900000000000000000e+01
5.900000000000000000e+01
5.900000000000000000e+01
5.900000000000000000e+01
4.410000000000000000e+02
3.404000000000000000e+03
3.405000000000000000e+03
6.260000000000000000e+02
6.260000000000000000e+02
6.897000000000000000e+03
3.148000000000000000e+03
3.519000000000000000e+03
5.900000000000000000e+01
5.900000000000000000e+01
5.900000000000000000e+01
5.900000000000000000e+01
5.900000000000000000e+01
5.900000000000000000e+01
5.900000000000000000e+01
5.900000000000000000e+01
5.900000000000000000e+01
5.900000000000000000e+01
5.900000000000000000e+01
5.900000000000000000e+01
6.260000000000000000e+02
6.260000000000000000e+02
1.412800000000000000e+04
1.412800000000000000e+04
1.412600000000000000e+04
1.412600000000000000e+04
6.282000000000000000e+03
6.281000000000000000e+03
6.013000000000000000e+03
5.900000000000000000e+01
5.900000000000000000e+01
5.900000000000000000e+01
5.900000000000000000e+01
5.900000000000000000e+01
5.900000000000000000e+01
5.900000000000000000e+01
5.900000000000000000e+01
5.900000000000000000e+01
5.900000000000000000e+01
5.900000000000000000e+01
5.900000000000000000e+01
2.700000000000000000e+01
3.750000000000000000e+03
6.282000000000000000e+03
6.281000000000000000e+03
1.039000000000000000e+03
1.039000000000000000e+03
1.489000000000000000e+03
1.489000000000000000e+03
1.489000000000000000e+03
1.823000000000000000e+03
3.300000000000000000e+01
3.300000000000000000e+01
1.474000000000000000e+03
1.474000000000000000e+03
9.390000000000000000e+02
9.390000000000000000e+02
9.390000000000000000e+02
3.399000000000000000e+03
3.399000000000000000e+03
1.970000000000000000e+02
1.970000000000000000e+02
1.970000000000000000e+02
2.342000000000000000e+03
2.342000000000000000e+03
2.342000000000000000e+03
2.342000000000000000e+03
8.352000000000000000e+03
1.907000000000000000e+03
1.916000000000000000e+03
2.410000000000000000e+02
2.440000000000000000e+02
1.619000000000000000e+03
1.572000000000000000e+03
1.126100000000000000e+04
1.126100000000000000e+04
1.126100000000000000e+04
5.800000000000000000e+01
1.549700000000000000e+04
5.601000000000000000e+03
1.768600000000000000e+04
2.342000000000000000e+03
2.342000000000000000e+03
2.342000000000000000e+03
2.342000000000000000e+03
1.563500000000000000e+04
1.784000000000000000e+03
1.784000000000000000e+03
4.517000000000000000e+03
3.856000000000000000e+03
3.856000000000000000e+03
9.740000000000000000e+02
9.740000000000000000e+02
9.740000000000000000e+02
9.740000000000000000e+02
1.077000000000000000e+03
1.077000000000000000e+03
1.026000000000000000e+03
1.026000000000000000e+03
1.026000000000000000e+03
1.571000000000000000e+03
1.784000000000000000e+03
1.784000000000000000e+03
2.851000000000000000e+03
1.715000000000000000e+03
3.519000000000000000e+03
3.518000000000000000e+03
9.251000000000000000e+03
7.720000000000000000e+02
3.850000000000000000e+02
3.850000000000000000e+02
1.695100000000000000e+04
1.695100000000000000e+04
1.695000000000000000e+04
1.695000000000000000e+04
5.900000000000000000e+01
5.900000000000000000e+01
5.900000000000000000e+01
5.900000000000000000e+01
5.900000000000000000e+01
5.900000000000000000e+01
5.900000000000000000e+01
5.900000000000000000e+01
5.900000000000000000e+01
5.900000000000000000e+01
5.900000000000000000e+01
5.900000000000000000e+01
2.371000000000000000e+03
2.371000000000000000e+03
2.371000000000000000e+03
2.371000000000000000e+03
2.371000000000000000e+03
2.371000000000000000e+03
2.371000000000000000e+03
2.371000000000000000e+03
1.469000000000000000e+03
7.250000000000000000e+03
7.250000000000000000e+03
7.250000000000000000e+03
1.039000000000000000e+03
1.039000000000000000e+03
1.572000000000000000e+03
6.160000000000000000e+02
3.856000000000000000e+03
9.490000000000000000e+02
6.857000000000000000e+03
1.118100000000000000e+04
1.118100000000000000e+04
1.118100000000000000e+04
1.118000000000000000e+04
1.118000000000000000e+04
1.118000000000000000e+04
6.260000000000000000e+02
6.260000000000000000e+02
8.050000000000000000e+02
6.190000000000000000e+02
5.500000000000000000e+01
5.500000000000000000e+01
5.500000000000000000e+01
5.500000000000000000e+01
5.500000000000000000e+01
5.500000000000000000e+01
3.856000000000000000e+03
2.342000000000000000e+03
2.342000000000000000e+03
2.342000000000000000e+03
2.342000000000000000e+03
1.934000000000000000e+03
1.409000000000000000e+03
2.428000000000000000e+03
2.428000000000000000e+03
2.428000000000000000e+03
2.428000000000000000e+03
2.428000000000000000e+03
2.428000000000000000e+03
7.250000000000000000e+03
7.250000000000000000e+03
7.250000000000000000e+03
2.700000000000000000e+01
5.480000000000000000e+02
5.480000000000000000e+02
1.480000000000000000e+03
3.518000000000000000e+03
3.519000000000000000e+03
3.519000000000000000e+03
3.518000000000000000e+03
2.440000000000000000e+02
2.450000000000000000e+02
1.782000000000000000e+03
1.782000000000000000e+03
1.782000000000000000e+03
1.782000000000000000e+03
1.782000000000000000e+03
1.782000000000000000e+03
1.782000000000000000e+03
1.782000000000000000e+03
1.782000000000000000e+03
1.782000000000000000e+03
1.782000000000000000e+03
1.782000000000000000e+03
1.782000000000000000e+03
1.782000000000000000e+03
1.782000000000000000e+03
1.782000000000000000e+03
1.782000000000000000e+03
1.782000000000000000e+03
1.782000000000000000e+03
1.782000000000000000e+03
1.782000000000000000e+03
1.782000000000000000e+03
1.782000000000000000e+03
1.782000000000000000e+03
1.782000000000000000e+03
1.782000000000000000e+03
1.782000000000000000e+03
1.782000000000000000e+03
1.782000000000000000e+03
6.260000000000000000e+02
6.260000000000000000e+02
2.591000000000000000e+03
2.591000000000000000e+03
8.097000000000000000e+03
2.433000000000000000e+03
2.433000000000000000e+03
6.260000000000000000e+02
6.260000000000000000e+02
1.658000000000000000e+03
1.658000000000000000e+03
1.658000000000000000e+03
1.658000000000000000e+03
1.618000000000000000e+04
1.843000000000000000e+03
1.843000000000000000e+03
9.710000000000000000e+02
1.783600000000000000e+04
1.240000000000000000e+02
1.412700000000000000e+04
1.412700000000000000e+04
1.412700000000000000e+04
5.299000000000000000e+03
1.960000000000000000e+02
1.960000000000000000e+02
5.299000000000000000e+03
3.290000000000000000e+02
1.601100000000000000e+04
1.601100000000000000e+04
1.040000000000000000e+02
1.473000000000000000e+03
1.473000000000000000e+03
1.473000000000000000e+03
1.473000000000000000e+03
1.473000000000000000e+03
2.614000000000000000e+03
2.614000000000000000e+03
1.617300000000000000e+04
1.178500000000000000e+04
1.474000000000000000e+03
1.449000000000000000e+03
1.845000000000000000e+03
1.587600000000000000e+04
1.912000000000000000e+03
1.448000000000000000e+03
1.117500000000000000e+04
1.117500000000000000e+04
3.750000000000000000e+03
3.388000000000000000e+03
3.388000000000000000e+03
3.388000000000000000e+03
3.388000000000000000e+03
3.388000000000000000e+03
6.215000000000000000e+03
1.960000000000000000e+02
1.960000000000000000e+02
1.715000000000000000e+03
9.022000000000000000e+03
9.022000000000000000e+03
2.594000000000000000e+03
8.780000000000000000e+02
1.091000000000000000e+03
3.784000000000000000e+03
3.784000000000000000e+03
3.784000000000000000e+03
3.784000000000000000e+03
3.784000000000000000e+03
3.784000000000000000e+03
3.784000000000000000e+03
3.784000000000000000e+03
3.784000000000000000e+03
3.784000000000000000e+03
3.784000000000000000e+03
3.784000000000000000e+03
1.897000000000000000e+03
1.704000000000000000e+03
1.704000000000000000e+03
1.704000000000000000e+03
1.704000000000000000e+03
1.704000000000000000e+03
7.400000000000000000e+01
7.400000000000000000e+01
7.400000000000000000e+01
1.395400000000000000e+04
1.395400000000000000e+04
1.395400000000000000e+04
1.395400000000000000e+04
1.395400000000000000e+04
1.395400000000000000e+04
1.395400000000000000e+04
1.011000000000000000e+03
1.011000000000000000e+03
1.011000000000000000e+03
1.649000000000000000e+03
3.518000000000000000e+03
3.340000000000000000e+02
1.912000000000000000e+03
1.715000000000000000e+03
9.630000000000000000e+02
3.519000000000000000e+03
3.390000000000000000e+03
3.390000000000000000e+03
3.390000000000000000e+03
3.390000000000000000e+03
3.390000000000000000e+03
3.183000000000000000e+03
3.183000000000000000e+03
3.183000000000000000e+03
3.183000000000000000e+03
3.183000000000000000e+03
2.337000000000000000e+03
2.337000000000000000e+03
2.337000000000000000e+03
2.337000000000000000e+03
1.199100000000000000e+04
3.518000000000000000e+03
5.900000000000000000e+01
5.900000000000000000e+01
5.900000000000000000e+01
5.900000000000000000e+01
5.900000000000000000e+01
5.900000000000000000e+01
5.900000000000000000e+01
5.900000000000000000e+01
5.900000000000000000e+01
5.900000000000000000e+01
5.900000000000000000e+01
5.900000000000000000e+01
5.900000000000000000e+01
5.900000000000000000e+01
5.900000000000000000e+01
5.900000000000000000e+01
5.900000000000000000e+01
5.900000000000000000e+01
5.900000000000000000e+01
5.900000000000000000e+01
5.900000000000000000e+01
5.900000000000000000e+01
5.900000000000000000e+01
5.900000000000000000e+01
3.388000000000000000e+03
3.388000000000000000e+03
3.388000000000000000e+03
3.388000000000000000e+03
3.388000000000000000e+03
3.738000000000000000e+03
1.848000000000000000e+03
1.849000000000000000e+03
1.685000000000000000e+04
1.715000000000000000e+03
1.897000000000000000e+03
1.641000000000000000e+03
1.715000000000000000e+03
1.715000000000000000e+03
7.400000000000000000e+01
7.400000000000000000e+01
7.400000000000000000e+01
3.388000000000000000e+03
3.388000000000000000e+03
3.388000000000000000e+03
3.388000000000000000e+03
3.388000000000000000e+03
1.715000000000000000e+03
1.915000000000000000e+03
3.518000000000000000e+03
1.912000000000000000e+03
9.022000000000000000e+03
9.022000000000000000e+03
1.178200000000000000e+04
1.897000000000000000e+03
3.340000000000000000e+02
1.828500000000000000e+04
7.539000000000000000e+03
7.539000000000000000e+03
7.539000000000000000e+03
1.178300000000000000e+04
1.178400000000000000e+04
3.743000000000000000e+03
3.742000000000000000e+03
1.870700000000000000e+04
1.971000000000000000e+03
1.971000000000000000e+03
1.614900000000000000e+04
3.350000000000000000e+02
3.526000000000000000e+03
3.526000000000000000e+03
1.614900000000000000e+04
1.922100000000000000e+04
1.922100000000000000e+04
1.922100000000000000e+04
1.922100000000000000e+04
1.922100000000000000e+04
1.922100000000000000e+04
1.710000000000000000e+03
1.786500000000000000e+04
7.546000000000000000e+03
3.350000000000000000e+02
3.350000000000000000e+02
1.940500000000000000e+04
1.951500000000000000e+04
1.951600000000000000e+04
1.971000000000000000e+04
1.971000000000000000e+04
7.540000000000000000e+03
7.540000000000000000e+03
1.618100000000000000e+04
1.474000000000000000e+03
2.163600000000000000e+04
2.163600000000000000e+04
2.163600000000000000e+04
2.163600000000000000e+04
1.700000000000000000e+02
1.700000000000000000e+02
1.700000000000000000e+02
8.700000000000000000e+01
8.700000000000000000e+01
2.045400000000000000e+04
1.618200000000000000e+04
6.520000000000000000e+02
6.520000000000000000e+02
8.210000000000000000e+02
8.210000000000000000e+02
1.768000000000000000e+03
1.768000000000000000e+03
2.107100000000000000e+04
2.107100000000000000e+04
2.107100000000000000e+04
2.107100000000000000e+04
2.107100000000000000e+04
6.320000000000000000e+02
6.320000000000000000e+02
6.320000000000000000e+02
6.320000000000000000e+02
6.320000000000000000e+02
6.320000000000000000e+02
6.320000000000000000e+02
6.320000000000000000e+02
6.320000000000000000e+02
6.320000000000000000e+02
6.320000000000000000e+02
6.320000000000000000e+02
6.320000000000000000e+02
6.320000000000000000e+02
6.320000000000000000e+02
6.320000000000000000e+02
1.520000000000000000e+03
1.520000000000000000e+03
3.465000000000000000e+03
1.493000000000000000e+03
5.580000000000000000e+02
5.580000000000000000e+02
4.068000000000000000e+03
2.335000000000000000e+03
2.335000000000000000e+03
2.335000000000000000e+03
2.335000000000000000e+03
1.599000000000000000e+03
1.599000000000000000e+03
5.364000000000000000e+03
7.538000000000000000e+03
2.193500000000000000e+04
2.193500000000000000e+04
1.500000000000000000e+01
1.500000000000000000e+01
1.905000000000000000e+03
1.905000000000000000e+03
2.222400000000000000e+04
2.222400000000000000e+04
1.905000000000000000e+03
1.905000000000000000e+03
2.222400000000000000e+04
2.222400000000000000e+04
1.905000000000000000e+03
1.905000000000000000e+03
2.222400000000000000e+04
2.222400000000000000e+04
1.905000000000000000e+03
1.905000000000000000e+03
2.222400000000000000e+04
2.222400000000000000e+04
2.257000000000000000e+03
1.412700000000000000e+04
1.412700000000000000e+04
1.412700000000000000e+04
3.389000000000000000e+03
3.389000000000000000e+03
3.389000000000000000e+03
3.389000000000000000e+03
3.389000000000000000e+03
3.389000000000000000e+03
3.389000000000000000e+03
3.389000000000000000e+03
3.389000000000000000e+03
3.389000000000000000e+03
3.389000000000000000e+03
3.389000000000000000e+03
3.389000000000000000e+03
3.389000000000000000e+03
3.389000000000000000e+03
