2.150000000000000000e+02
2.150000000000000000e+02
1.182000000000000000e+03
1.182000000000000000e+03
1.182000000000000000e+03
1.182000000000000000e+03
8.050000000000000000e+02
3.840000000000000000e+02
3.840000000000000000e+02
3.840000000000000000e+02
4.910000000000000000e+02
4.910000000000000000e+02
4.910000000000000000e+02
6.340000000000000000e+02
6.131000000000000000e+03
1.176000000000000000e+03
1.176000000000000000e+03
1.176000000000000000e+03
6.570000000000000000e+02
6.570000000000000000e+02
1.665000000000000000e+03
9.510000000000000000e+02
1.200000000000000000e+03
1.182000000000000000e+03
1.182000000000000000e+03
1.182000000000000000e+03
1.182000000000000000e+03
1.193000000000000000e+03
1.193000000000000000e+03
1.193000000000000000e+03
1.193000000000000000e+03
1.193000000000000000e+03
1.193000000000000000e+03
1.200000000000000000e+03
1.934000000000000000e+03
7.900000000000000000e+02
1.560000000000000000e+03
1.169300000000000000e+04
1.912000000000000000e+03
5.349000000000000000e+03
5.349000000000000000e+03
5.349000000000000000e+03
5.349000000000000000e+03
5.349000000000000000e+03
5.349000000000000000e+03
5.349000000000000000e+03
5.349000000000000000e+03
5.349000000000000000e+03
5.349000000000000000e+03
4.487000000000000000e+03
4.487000000000000000e+03
4.487000000000000000e+03
6.040000000000000000e+02
2.400000000000000000e+01
2.400000000000000000e+01
1.486000000000000000e+03
3.640000000000000000e+02
3.781000000000000000e+03
3.781000000000000000e+03
3.781000000000000000e+03
1.599000000000000000e+03
1.599000000000000000e+03
1.772000000000000000e+03
1.772000000000000000e+03
2.310000000000000000e+02
2.310000000000000000e+02
3.800000000000000000e+03
3.800000000000000000e+03
3.800000000000000000e+03
1.809000000000000000e+03
6.726000000000000000e+03
8.520000000000000000e+02
8.520000000000000000e+02
7.880000000000000000e+02
7.880000000000000000e+02
8.780000000000000000e+02
3.707000000000000000e+03
3.707000000000000000e+03
3.823000000000000000e+03
3.823000000000000000e+03
2.291000000000000000e+03
2.291000000000000000e+03
2.291000000000000000e+03
2.291000000000000000e+03
1.613000000000000000e+03
1.400000000000000000e+01
2.780000000000000000e+02
2.780000000000000000e+02
7.670000000000000000e+02
3.517000000000000000e+03
7.730000000000000000e+02
7.730000000000000000e+02
7.590000000000000000e+02
7.590000000000000000e+02
7.590000000000000000e+02
1.892000000000000000e+03
1.876000000000000000e+03
4.487000000000000000e+03
4.487000000000000000e+03
4.487000000000000000e+03
5.660000000000000000e+02
1.875000000000000000e+03
1.875000000000000000e+03
8.681000000000000000e+03
6.215000000000000000e+03
8.800000000000000000e+01
8.800000000000000000e+01
2.338000000000000000e+03
2.338000000000000000e+03
2.338000000000000000e+03
2.338000000000000000e+03
3.650000000000000000e+03
3.495000000000000000e+03
1.939000000000000000e+03
1.872000000000000000e+03
8.760000000000000000e+02
8.760000000000000000e+02
8.760000000000000000e+02
8.760000000000000000e+02
8.760000000000000000e+02
8.760000000000000000e+02
8.760000000000000000e+02
8.760000000000000000e+02
8.760000000000000000e+02
8.760000000000000000e+02
8.760000000000000000e+02
8.760000000000000000e+02
8.760000000000000000e+02
8.760000000000000000e+02
8.760000000000000000e+02
8.760000000000000000e+02
8.760000000000000000e+02
8.760000000000000000e+02
8.760000000000000000e+02
1.243000000000000000e+03
1.243000000000000000e+03
6.480000000000000000e+02
9.458000000000000000e+03
9.458000000000000000e+03
9.458000000000000000e+03
9.458000000000000000e+03
9.458000000000000000e+03
9.458000000000000000e+03
9.458000000000000000e+03
9.458000000000000000e+03
9.458000000000000000e+03
9.458000000000000000e+03
1.867000000000000000e+03
6.131000000000000000e+03
7.816000000000000000e+03
8.580000000000000000e+02
1.695000000000000000e+03
1.695000000000000000e+03
1.695000000000000000e+03
9.690000000000000000e+02
9.690000000000000000e+02
3.781000000000000000e+03
3.781000000000000000e+03
3.781000000000000000e+03
1.200000000000000000e+01
1.710000000000000000e+03
9.730000000000000000e+02
1.223000000000000000e+03
1.223000000000000000e+03
1.223000000000000000e+03
1.785000000000000000e+03
1.785000000000000000e+03
1.696000000000000000e+03
1.696000000000000000e+03
1.696000000000000000e+03
1.817000000000000000e+03
1.609000000000000000e+03
7.660000000000000000e+02
1.350000000000000000e+02
1.350000000000000000e+02
1.350000000000000000e+02
1.091000000000000000e+03
9.260000000000000000e+02
9.260000000000000000e+02
6.110000000000000000e+02
1.478000000000000000e+03
1.556000000000000000e+03
1.556000000000000000e+03
1.556000000000000000e+03
4.530000000000000000e+02
1.938000000000000000e+03
1.914000000000000000e+03
3.784000000000000000e+03
3.784000000000000000e+03
3.784000000000000000e+03
3.784000000000000000e+03
3.784000000000000000e+03
3.784000000000000000e+03
3.784000000000000000e+03
3.784000000000000000e+03
3.784000000000000000e+03
3.784000000000000000e+03
3.784000000000000000e+03
3.784000000000000000e+03
2.275000000000000000e+03
2.274000000000000000e+03
8.760000000000000000e+02
8.760000000000000000e+02
8.760000000000000000e+02
8.760000000000000000e+02
8.760000000000000000e+02
8.760000000000000000e+02
8.760000000000000000e+02
8.760000000000000000e+02
8.760000000000000000e+02
8.760000000000000000e+02
8.760000000000000000e+02
8.760000000000000000e+02
8.760000000000000000e+02
8.760000000000000000e+02
8.760000000000000000e+02
8.760000000000000000e+02
8.760000000000000000e+02
8.760000000000000000e+02
8.760000000000000000e+02
6.560000000000000000e+02
6.560000000000000000e+02
4.069000000000000000e+03
6.949000000000000000e+03
6.949000000000000000e+03
6.550000000000000000e+02
6.550000000000000000e+02
6.131000000000000000e+03
2.809000000000000000e+03
2.740000000000000000e+02
2.740000000000000000e+02
2.740000000000000000e+02
2.740000000000000000e+02
2.740000000000000000e+02
2.740000000000000000e+02
2.740000000000000000e+02
2.740000000000000000e+02
2.740000000000000000e+02
2.740000000000000000e+02
2.740000000000000000e+02
2.740000000000000000e+02
2.740000000000000000e+02
2.740000000000000000e+02
2.740000000000000000e+02
2.740000000000000000e+02
2.740000000000000000e+02
2.740000000000000000e+02
2.740000000000000000e+02
5.350000000000000000e+03
5.350000000000000000e+03
5.350000000000000000e+03
5.350000000000000000e+03
5.350000000000000000e+03
5.350000000000000000e+03
5.350000000000000000e+03
5.350000000000000000e+03
5.350000000000000000e+03
5.350000000000000000e+03
2.761000000000000000e+03
2.761000000000000000e+03
2.760000000000000000e+03
2.760000000000000000e+03
7.500000000000000000e+01
7.500000000000000000e+01
3.300000000000000000e+01
3.300000000000000000e+01
8.510000000000000000e+02
1.489000000000000000e+03
1.489000000000000000e+03
1.489000000000000000e+03
1.533000000000000000e+03
8.760000000000000000e+02
8.760000000000000000e+02
8.760000000000000000e+02
8.760000000000000000e+02
8.760000000000000000e+02
8.760000000000000000e+02
8.760000000000000000e+02
8.760000000000000000e+02
8.760000000000000000e+02
8.760000000000000000e+02
8.760000000000000000e+02
8.760000000000000000e+02
8.760000000000000000e+02
8.760000000000000000e+02
8.760000000000000000e+02
8.760000000000000000e+02
8.760000000000000000e+02
8.760000000000000000e+02
8.760000000000000000e+02
1.409000000000000000e+03
2.080000000000000000e+02
2.080000000000000000e+02
2.080000000000000000e+02
2.080000000000000000e+02
2.080000000000000000e+02
2.080000000000000000e+02
2.080000000000000000e+02
2.080000000000000000e+02
2.080000000000000000e+02
2.080000000000000000e+02
2.080000000000000000e+02
2.080000000000000000e+02
2.080000000000000000e+02
2.080000000000000000e+02
2.080000000000000000e+02
2.080000000000000000e+02
2.080000000000000000e+02
2.080000000000000000e+02
2.080000000000000000e+02
5.823000000000000000e+03
4.250000000000000000e+02
4.260000000000000000e+02
1.638000000000000000e+03
1.637000000000000000e+03
3.639000000000000000e+03
3.638000000000000000e+03
3.752000000000000000e+03
3.750000000000000000e+03
3.635000000000000000e+03
3.637000000000000000e+03
2.300000000000000000e+02
7.104000000000000000e+03
7.104000000000000000e+03
7.104000000000000000e+03
7.104000000000000000e+03
7.104000000000000000e+03
7.104000000000000000e+03
1.610000000000000000e+02
1.610000000000000000e+02
1.610000000000000000e+02
1.610000000000000000e+02
1.620000000000000000e+02
1.620000000000000000e+02
1.620000000000000000e+02
1.620000000000000000e+02
6.270000000000000000e+02
6.270000000000000000e+02
3.820000000000000000e+02
3.820000000000000000e+02
3.820000000000000000e+02
3.820000000000000000e+02
3.820000000000000000e+02
3.820000000000000000e+02
2.259000000000000000e+03
2.275000000000000000e+03
2.274000000000000000e+03
2.276000000000000000e+03
9.540000000000000000e+02
2.810000000000000000e+03
7.106000000000000000e+03
1.821000000000000000e+03
1.821000000000000000e+03
1.207000000000000000e+03
1.207000000000000000e+03
1.207000000000000000e+03
1.207000000000000000e+03
1.207000000000000000e+03
3.644000000000000000e+03
3.644000000000000000e+03
3.800000000000000000e+03
3.800000000000000000e+03
3.800000000000000000e+03
1.919000000000000000e+03
1.919000000000000000e+03
8.963000000000000000e+03
8.990000000000000000e+02
8.965000000000000000e+03
8.964000000000000000e+03
8.967000000000000000e+03
8.967000000000000000e+03
9.007000000000000000e+03
9.007000000000000000e+03
9.007000000000000000e+03
9.007000000000000000e+03
2.549000000000000000e+03
1.911000000000000000e+03
1.661000000000000000e+03
8.680000000000000000e+03
2.551000000000000000e+03
2.552000000000000000e+03
2.548000000000000000e+03
2.548000000000000000e+03
2.548000000000000000e+03
1.673000000000000000e+03
1.673000000000000000e+03
1.489000000000000000e+03
1.489000000000000000e+03
1.489000000000000000e+03
1.845000000000000000e+03
8.200000000000000000e+02
3.431000000000000000e+03
1.476000000000000000e+03
3.040000000000000000e+03
3.040000000000000000e+03
3.040000000000000000e+03
3.040000000000000000e+03
9.390000000000000000e+02
9.390000000000000000e+02
9.390000000000000000e+02
9.750000000000000000e+02
9.750000000000000000e+02
7.030000000000000000e+02
6.880000000000000000e+02
1.126000000000000000e+03
1.126000000000000000e+03
1.788000000000000000e+03
2.372000000000000000e+03
2.372000000000000000e+03
2.372000000000000000e+03
2.372000000000000000e+03
2.372000000000000000e+03
2.372000000000000000e+03
2.372000000000000000e+03
2.372000000000000000e+03
2.372000000000000000e+03
2.372000000000000000e+03
8.650000000000000000e+02
5.900000000000000000e+01
5.900000000000000000e+01
5.900000000000000000e+01
5.900000000000000000e+01
5.900000000000000000e+01
5.900000000000000000e+01
5.900000000000000000e+01
5.900000000000000000e+01
5.900000000000000000e+01
5.900000000000000000e+01
5.900000000000000000e+01
5.900000000000000000e+01
7.900000000000000000e+02
7.610000000000000000e+02
6.000000000000000000e+02
6.000000000000000000e+02
1.972000000000000000e+03
1.425000000000000000e+03
1.425000000000000000e+03
1.443000000000000000e+03
2.564000000000000000e+03
9.280000000000000000e+02
1.330000000000000000e+02
1.714000000000000000e+03
8.260000000000000000e+02
8.260000000000000000e+02
8.260000000000000000e+02
8.260000000000000000e+02
1.775000000000000000e+03
1.586000000000000000e+03
1.486000000000000000e+03
8.190000000000000000e+02
2.860000000000000000e+02
2.860000000000000000e+02
2.860000000000000000e+02
2.860000000000000000e+02
6.700000000000000000e+01
2.590000000000000000e+02
1.887000000000000000e+03
7.630000000000000000e+02
1.724000000000000000e+03
1.450000000000000000e+02
9.300000000000000000e+02
1.956000000000000000e+03
1.956000000000000000e+03
1.956000000000000000e+03
1.956000000000000000e+03
1.956000000000000000e+03
6.110000000000000000e+02
9.970000000000000000e+02
1.775000000000000000e+03
9.903000000000000000e+03
8.060000000000000000e+02
9.810000000000000000e+02
9.900000000000000000e+01
1.881000000000000000e+03
3.763000000000000000e+03
3.763000000000000000e+03
3.763000000000000000e+03
3.763000000000000000e+03
1.175300000000000000e+04
1.175300000000000000e+04
9.620000000000000000e+02
9.620000000000000000e+02
9.620000000000000000e+02
9.620000000000000000e+02
1.928000000000000000e+03
3.816000000000000000e+03
3.816000000000000000e+03
1.002600000000000000e+04
1.737000000000000000e+03
1.737000000000000000e+03
6.920000000000000000e+03
6.153000000000000000e+03
5.000000000000000000e+02
5.000000000000000000e+02
1.921000000000000000e+03
2.600000000000000000e+02
9.450000000000000000e+02
9.450000000000000000e+02
9.450000000000000000e+02
6.550000000000000000e+02
6.550000000000000000e+02
5.700000000000000000e+01
5.700000000000000000e+01
3.183000000000000000e+03
3.183000000000000000e+03
3.183000000000000000e+03
3.183000000000000000e+03
3.183000000000000000e+03
9.400000000000000000e+02
9.400000000000000000e+02
9.400000000000000000e+02
9.400000000000000000e+02
9.400000000000000000e+02
9.400000000000000000e+02
9.400000000000000000e+02
9.400000000000000000e+02
9.400000000000000000e+02
9.400000000000000000e+02
9.400000000000000000e+02
9.400000000000000000e+02
9.400000000000000000e+02
9.400000000000000000e+02
1.736000000000000000e+03
1.735000000000000000e+03
8.000000000000000000e+02
3.524000000000000000e+03
3.524000000000000000e+03
6.060000000000000000e+02
1.918000000000000000e+03
1.579000000000000000e+03
8.120000000000000000e+02
8.120000000000000000e+02
8.120000000000000000e+02
8.120000000000000000e+02
8.120000000000000000e+02
8.120000000000000000e+02
8.120000000000000000e+02
1.893000000000000000e+03
7.700000000000000000e+01
1.929000000000000000e+03
1.929000000000000000e+03
1.000000000000000000e+03
1.000000000000000000e+03
1.925000000000000000e+03
2.563000000000000000e+03
2.563000000000000000e+03
1.734000000000000000e+03
5.000000000000000000e+00
5.000000000000000000e+00
5.000000000000000000e+00
2.777000000000000000e+03
2.777000000000000000e+03
2.777000000000000000e+03
2.777000000000000000e+03
2.777000000000000000e+03
2.777000000000000000e+03
1.223000000000000000e+03
1.223000000000000000e+03
1.223000000000000000e+03
2.760000000000000000e+03
2.760000000000000000e+03
2.759000000000000000e+03
2.759000000000000000e+03
2.761000000000000000e+03
2.761000000000000000e+03
1.870000000000000000e+03
2.825000000000000000e+03
6.090000000000000000e+02
1.465000000000000000e+03
1.956000000000000000e+03
1.956000000000000000e+03
1.956000000000000000e+03
1.956000000000000000e+03
1.956000000000000000e+03
1.955000000000000000e+03
1.955000000000000000e+03
1.955000000000000000e+03
1.955000000000000000e+03
1.955000000000000000e+03
1.591000000000000000e+03
7.620000000000000000e+02
9.420000000000000000e+02
9.420000000000000000e+02
3.060000000000000000e+03
3.060000000000000000e+03
3.060000000000000000e+03
3.060000000000000000e+03
6.949000000000000000e+03
6.949000000000000000e+03
1.783000000000000000e+03
1.752000000000000000e+03
1.752000000000000000e+03
1.752000000000000000e+03
1.752000000000000000e+03
3.621000000000000000e+03
3.621000000000000000e+03
6.450000000000000000e+02
6.450000000000000000e+02
5.900000000000000000e+01
5.900000000000000000e+01
5.900000000000000000e+01
5.900000000000000000e+01
5.900000000000000000e+01
5.900000000000000000e+01
5.900000000000000000e+01
5.900000000000000000e+01
5.900000000000000000e+01
5.900000000000000000e+01
5.900000000000000000e+01
5.900000000000000000e+01
5.540000000000000000e+02
1.903000000000000000e+03
1.903000000000000000e+03
1.902000000000000000e+03
1.902000000000000000e+03
1.808000000000000000e+03
1.808000000000000000e+03
7.566000000000000000e+03
2.493000000000000000e+03
8.570000000000000000e+02
8.570000000000000000e+02
8.570000000000000000e+02
2.446000000000000000e+03
2.446000000000000000e+03
6.160000000000000000e+02
1.624000000000000000e+03
1.624000000000000000e+03
1.624000000000000000e+03
1.624000000000000000e+03
1.110000000000000000e+02
1.937000000000000000e+03
1.937000000000000000e+03
3.048000000000000000e+03
3.048000000000000000e+03
3.048000000000000000e+03
3.048000000000000000e+03
1.480000000000000000e+03
7.970000000000000000e+02
7.970000000000000000e+02
7.970000000000000000e+02
9.000000000000000000e+00
1.448000000000000000e+03
1.951000000000000000e+03
1.951000000000000000e+03
1.951000000000000000e+03
1.588000000000000000e+03
1.589000000000000000e+03
1.756000000000000000e+03
1.756000000000000000e+03
1.923000000000000000e+03
1.952000000000000000e+03
1.952000000000000000e+03
1.952000000000000000e+03
7.640000000000000000e+02
1.933000000000000000e+03
1.117500000000000000e+04
1.117500000000000000e+04
6.020000000000000000e+02
6.020000000000000000e+02
1.945000000000000000e+03
8.050000000000000000e+02
1.175400000000000000e+04
1.175400000000000000e+04
1.175400000000000000e+04
1.491000000000000000e+03
1.491000000000000000e+03
2.790000000000000000e+03
2.790000000000000000e+03
2.791000000000000000e+03
2.791000000000000000e+03
1.424000000000000000e+03
1.303800000000000000e+04
1.303800000000000000e+04
1.897000000000000000e+03
1.897000000000000000e+03
1.928000000000000000e+03
1.200000000000000000e+03
2.480000000000000000e+02
2.480000000000000000e+02
2.480000000000000000e+02
2.480000000000000000e+02
2.480000000000000000e+02
1.280000000000000000e+02
1.280000000000000000e+02
1.280000000000000000e+02
1.280000000000000000e+02
1.280000000000000000e+02
1.280000000000000000e+02
1.280000000000000000e+02
1.280000000000000000e+02
1.280000000000000000e+02
1.280000000000000000e+02
1.280000000000000000e+02
1.280000000000000000e+02
1.280000000000000000e+02
1.280000000000000000e+02
1.280000000000000000e+02
1.280000000000000000e+02
1.280000000000000000e+02
1.280000000000000000e+02
1.280000000000000000e+02
1.280000000000000000e+02
1.280000000000000000e+02
9.170000000000000000e+02
1.193000000000000000e+03
1.193000000000000000e+03
1.193000000000000000e+03
1.193000000000000000e+03
1.193000000000000000e+03
1.193000000000000000e+03
1.607000000000000000e+03
1.310000000000000000e+02
1.900000000000000000e+01
1.069000000000000000e+03
1.551800000000000000e+04
1.280000000000000000e+02
1.280000000000000000e+02
1.280000000000000000e+02
1.280000000000000000e+02
1.280000000000000000e+02
1.280000000000000000e+02
1.280000000000000000e+02
1.280000000000000000e+02
1.280000000000000000e+02
1.280000000000000000e+02
1.280000000000000000e+02
1.280000000000000000e+02
1.280000000000000000e+02
1.280000000000000000e+02
1.280000000000000000e+02
1.280000000000000000e+02
1.280000000000000000e+02
1.280000000000000000e+02
1.280000000000000000e+02
1.280000000000000000e+02
1.280000000000000000e+02
1.784000000000000000e+03
1.784000000000000000e+03
1.002700000000000000e+04
1.002700000000000000e+04
1.002700000000000000e+04
1.002700000000000000e+04
1.002700000000000000e+04
2.798000000000000000e+03
1.916000000000000000e+03
1.838000000000000000e+03
1.838000000000000000e+03
1.378900000000000000e+04
1.378900000000000000e+04
1.378900000000000000e+04
8.966000000000000000e+03
3.897000000000000000e+03
1.838000000000000000e+03
1.838000000000000000e+03
1.955000000000000000e+03
1.955000000000000000e+03
1.955000000000000000e+03
1.955000000000000000e+03
1.955000000000000000e+03
1.176000000000000000e+03
1.176000000000000000e+03
1.176000000000000000e+03
1.759000000000000000e+03
9.490000000000000000e+02
9.457000000000000000e+03
4.072000000000000000e+03
4.072000000000000000e+03
4.072000000000000000e+03
4.072000000000000000e+03
4.072000000000000000e+03
4.072000000000000000e+03
4.072000000000000000e+03
4.072000000000000000e+03
4.072000000000000000e+03
1.395300000000000000e+04
1.395300000000000000e+04
1.395300000000000000e+04
1.395300000000000000e+04
1.395300000000000000e+04
1.395300000000000000e+04
1.395300000000000000e+04
1.395300000000000000e+04
1.395300000000000000e+04
1.395300000000000000e+04
1.395300000000000000e+04
1.395300000000000000e+04
1.791000000000000000e+03
2.650000000000000000e+02
2.650000000000000000e+02
2.650000000000000000e+02
2.660000000000000000e+02
2.660000000000000000e+02
2.660000000000000000e+02
8.820000000000000000e+02
2.768000000000000000e+03
2.769000000000000000e+03
2.770000000000000000e+03
9.903000000000000000e+03
6.131000000000000000e+03
1.657000000000000000e+03
1.657000000000000000e+03
1.658000000000000000e+03
1.658000000000000000e+03
1.222000000000000000e+03
1.222000000000000000e+03
1.222000000000000000e+03
2.761000000000000000e+03
2.761000000000000000e+03
2.759000000000000000e+03
2.759000000000000000e+03
2.760000000000000000e+03
2.760000000000000000e+03
8.470000000000000000e+02
8.470000000000000000e+02
8.470000000000000000e+02
2.809000000000000000e+03
2.810000000000000000e+03
1.223000000000000000e+03
1.223000000000000000e+03
1.223000000000000000e+03
8.969000000000000000e+03
1.126000000000000000e+03
1.126000000000000000e+03
2.342000000000000000e+03
2.342000000000000000e+03
2.342000000000000000e+03
2.342000000000000000e+03
1.940000000000000000e+03
1.755000000000000000e+03
8.591000000000000000e+03
8.591000000000000000e+03
1.681000000000000000e+03
1.681000000000000000e+03
1.681000000000000000e+03
6.150000000000000000e+02
6.150000000000000000e+02
6.150000000000000000e+02
6.150000000000000000e+02
1.915000000000000000e+03
1.874000000000000000e+03
1.874000000000000000e+03
1.834000000000000000e+03
6.390000000000000000e+02
6.000000000000000000e+01
9.950000000000000000e+02
5.900000000000000000e+01
5.900000000000000000e+01
5.900000000000000000e+01
5.900000000000000000e+01
5.900000000000000000e+01
5.900000000000000000e+01
5.900000000000000000e+01
5.900000000000000000e+01
5.900000000000000000e+01
5.900000000000000000e+01
5.900000000000000000e+01
5.900000000000000000e+01
7.560000000000000000e+02
7.560000000000000000e+02
7.560000000000000000e+02
7.560000000000000000e+02
3.783000000000000000e+03
3.783000000000000000e+03
3.783000000000000000e+03
3.783000000000000000e+03
3.783000000000000000e+03
3.783000000000000000e+03
3.783000000000000000e+03
3.783000000000000000e+03
3.783000000000000000e+03
3.783000000000000000e+03
3.783000000000000000e+03
3.783000000000000000e+03
1.839000000000000000e+03
1.839000000000000000e+03
9.699000000000000000e+03
9.699000000000000000e+03
9.699000000000000000e+03
9.699000000000000000e+03
1.670000000000000000e+02
1.670000000000000000e+02
1.670000000000000000e+02
1.670000000000000000e+02
1.670000000000000000e+02
1.670000000000000000e+02
1.670000000000000000e+02
1.670000000000000000e+02
1.660000000000000000e+02
1.660000000000000000e+02
1.660000000000000000e+02
1.660000000000000000e+02
1.660000000000000000e+02
1.660000000000000000e+02
1.660000000000000000e+02
1.660000000000000000e+02
3.820000000000000000e+02
3.820000000000000000e+02
3.820000000000000000e+02
3.820000000000000000e+02
3.820000000000000000e+02
3.820000000000000000e+02
9.290000000000000000e+02
2.630000000000000000e+02
2.630000000000000000e+02
2.630000000000000000e+02
1.662000000000000000e+03
2.160000000000000000e+03
3.786000000000000000e+03
7.600000000000000000e+02
7.600000000000000000e+02
7.600000000000000000e+02
7.600000000000000000e+02
7.600000000000000000e+02
7.600000000000000000e+02
7.600000000000000000e+02
2.830000000000000000e+02
2.830000000000000000e+02
2.820000000000000000e+02
2.820000000000000000e+02
6.050000000000000000e+02
6.050000000000000000e+02
6.050000000000000000e+02
8.910000000000000000e+02
8.450000000000000000e+02
8.450000000000000000e+02
8.450000000000000000e+02
1.600000000000000000e+01
1.600000000000000000e+01
1.600000000000000000e+01
3.527000000000000000e+03
3.527000000000000000e+03
1.879000000000000000e+03
1.878000000000000000e+03
1.619000000000000000e+03
7.173000000000000000e+03
8.310000000000000000e+02
8.310000000000000000e+02
2.340000000000000000e+03
2.340000000000000000e+03
2.340000000000000000e+03
2.340000000000000000e+03
1.890000000000000000e+03
1.889000000000000000e+03
6.250000000000000000e+02
6.250000000000000000e+02
2.434000000000000000e+03
2.434000000000000000e+03
2.433000000000000000e+03
2.433000000000000000e+03
2.435000000000000000e+03
2.435000000000000000e+03
2.940000000000000000e+02
2.940000000000000000e+02
2.940000000000000000e+02
2.940000000000000000e+02
2.940000000000000000e+02
2.940000000000000000e+02
7.940000000000000000e+02
7.930000000000000000e+02
1.175200000000000000e+04
1.175200000000000000e+04
6.153000000000000000e+03
1.493000000000000000e+03
4.486000000000000000e+03
2.502000000000000000e+03
7.650000000000000000e+02
1.300000000000000000e+01
1.300000000000000000e+01
1.300000000000000000e+01
8.170000000000000000e+02
8.170000000000000000e+02
8.170000000000000000e+02
1.693000000000000000e+03
2.501000000000000000e+03
1.814000000000000000e+03
2.500000000000000000e+03
1.523000000000000000e+03
8.170000000000000000e+02
8.170000000000000000e+02
8.170000000000000000e+02
4.068000000000000000e+03
8.302000000000000000e+03
1.220000000000000000e+03
2.787000000000000000e+03
2.788000000000000000e+03
2.472000000000000000e+03
7.910000000000000000e+02
1.679000000000000000e+03
2.870000000000000000e+02
2.870000000000000000e+02
2.870000000000000000e+02
2.870000000000000000e+02
2.870000000000000000e+02
2.870000000000000000e+02
2.870000000000000000e+02
5.600000000000000000e+02
2.850000000000000000e+02
2.850000000000000000e+02
3.525000000000000000e+03
3.525000000000000000e+03
3.525000000000000000e+03
7.600000000000000000e+02
7.600000000000000000e+02
7.600000000000000000e+02
7.600000000000000000e+02
7.600000000000000000e+02
7.600000000000000000e+02
7.600000000000000000e+02
4.075000000000000000e+03
9.480000000000000000e+02
4.042000000000000000e+03
4.042000000000000000e+03
9.190000000000000000e+02
2.528000000000000000e+03
1.874000000000000000e+03
1.874000000000000000e+03
2.341000000000000000e+03
2.341000000000000000e+03
2.341000000000000000e+03
2.341000000000000000e+03
9.430000000000000000e+02
9.430000000000000000e+02
2.343000000000000000e+03
2.343000000000000000e+03
2.343000000000000000e+03
2.343000000000000000e+03
1.640000000000000000e+02
1.640000000000000000e+02
1.640000000000000000e+02
1.640000000000000000e+02
1.640000000000000000e+02
6.580000000000000000e+02
6.580000000000000000e+02
6.580000000000000000e+02
4.320000000000000000e+02
4.320000000000000000e+02
4.320000000000000000e+02
4.487000000000000000e+03
4.487000000000000000e+03
4.487000000000000000e+03
3.046000000000000000e+03
3.046000000000000000e+03
3.046000000000000000e+03
3.046000000000000000e+03
3.043000000000000000e+03
3.043000000000000000e+03
3.043000000000000000e+03
3.043000000000000000e+03
1.866000000000000000e+03
1.895000000000000000e+03
1.895000000000000000e+03
1.895000000000000000e+03
1.895000000000000000e+03
1.895000000000000000e+03
1.924000000000000000e+03
5.878000000000000000e+03
5.879000000000000000e+03
1.439000000000000000e+03
1.869000000000000000e+03
7.890000000000000000e+02
7.890000000000000000e+02
1.610000000000000000e+03
1.810000000000000000e+03
1.810000000000000000e+03
1.810000000000000000e+03
5.250000000000000000e+02
5.250000000000000000e+02
5.250000000000000000e+02
5.250000000000000000e+02
5.260000000000000000e+02
5.260000000000000000e+02
5.260000000000000000e+02
5.260000000000000000e+02
1.448000000000000000e+03
1.255000000000000000e+03
1.255000000000000000e+03
2.446000000000000000e+03
2.446000000000000000e+03
1.512000000000000000e+03
1.512000000000000000e+03
1.512000000000000000e+03
1.171700000000000000e+04
1.171700000000000000e+04
2.437000000000000000e+03
9.630000000000000000e+02
1.689000000000000000e+03
1.803000000000000000e+03
9.270000000000000000e+02
1.340000000000000000e+02
3.840000000000000000e+02
3.840000000000000000e+02
3.840000000000000000e+02
8.640000000000000000e+02
1.226000000000000000e+03
1.226000000000000000e+03
2.818000000000000000e+03
2.819000000000000000e+03
2.777000000000000000e+03
2.777000000000000000e+03
2.777000000000000000e+03
2.777000000000000000e+03
2.777000000000000000e+03
2.777000000000000000e+03
2.335000000000000000e+03
2.335000000000000000e+03
2.335000000000000000e+03
2.335000000000000000e+03
1.883000000000000000e+03
6.400000000000000000e+02
9.698000000000000000e+03
9.698000000000000000e+03
1.770000000000000000e+03
9.910000000000000000e+02
4.567000000000000000e+03
9.500000000000000000e+02
1.633000000000000000e+03
1.633000000000000000e+03
1.633000000000000000e+03
7.960000000000000000e+02
7.960000000000000000e+02
2.619000000000000000e+03
1.738000000000000000e+03
1.738000000000000000e+03
1.738000000000000000e+03
3.830000000000000000e+02
3.830000000000000000e+02
2.410000000000000000e+02
2.390000000000000000e+02
2.400000000000000000e+02
1.776000000000000000e+03
2.492000000000000000e+03
1.749000000000000000e+03
1.719000000000000000e+03
1.698000000000000000e+03
1.845000000000000000e+03
1.873000000000000000e+03
1.834000000000000000e+03
1.160000000000000000e+02
1.160000000000000000e+02
1.160000000000000000e+02
1.868000000000000000e+03
1.611000000000000000e+03
1.340000000000000000e+02
8.590000000000000000e+02
2.335000000000000000e+03
2.335000000000000000e+03
2.335000000000000000e+03
2.335000000000000000e+03
3.100000000000000000e+01
3.100000000000000000e+01
3.100000000000000000e+01
1.647000000000000000e+03
8.730000000000000000e+02
8.730000000000000000e+02
8.730000000000000000e+02
8.730000000000000000e+02
8.730000000000000000e+02
8.500000000000000000e+02
8.500000000000000000e+02
8.500000000000000000e+02
8.500000000000000000e+02
8.500000000000000000e+02
8.500000000000000000e+02
1.962000000000000000e+03
1.962000000000000000e+03
1.963000000000000000e+03
1.963000000000000000e+03
2.337000000000000000e+03
2.337000000000000000e+03
2.337000000000000000e+03
2.337000000000000000e+03
5.900000000000000000e+01
5.900000000000000000e+01
5.900000000000000000e+01
5.900000000000000000e+01
5.900000000000000000e+01
5.900000000000000000e+01
5.900000000000000000e+01
5.900000000000000000e+01
5.900000000000000000e+01
5.900000000000000000e+01
5.900000000000000000e+01
5.900000000000000000e+01
9.250000000000000000e+02
9.250000000000000000e+02
8.580000000000000000e+02
1.912000000000000000e+03
1.119000000000000000e+03
1.119000000000000000e+03
1.119000000000000000e+03
1.119000000000000000e+03
1.119000000000000000e+03
1.119000000000000000e+03
1.119000000000000000e+03
1.119000000000000000e+03
1.791000000000000000e+03
1.515000000000000000e+03
2.474000000000000000e+03
6.200000000000000000e+02
6.200000000000000000e+02
1.385300000000000000e+04
1.385300000000000000e+04
3.400000000000000000e+01
3.400000000000000000e+01
1.958000000000000000e+03
6.900000000000000000e+02
1.664000000000000000e+03
1.961000000000000000e+03
1.961000000000000000e+03
7.516000000000000000e+03
7.516000000000000000e+03
7.516000000000000000e+03
7.516000000000000000e+03
7.516000000000000000e+03
7.516000000000000000e+03
7.516000000000000000e+03
7.516000000000000000e+03
1.560000000000000000e+03
1.415500000000000000e+04
1.415500000000000000e+04
1.415500000000000000e+04
1.415500000000000000e+04
1.092000000000000000e+03
1.092000000000000000e+03
1.092000000000000000e+03
3.180000000000000000e+02
5.800000000000000000e+01
6.320000000000000000e+02
6.320000000000000000e+02
6.320000000000000000e+02
6.320000000000000000e+02
6.320000000000000000e+02
6.320000000000000000e+02
6.320000000000000000e+02
6.320000000000000000e+02
6.320000000000000000e+02
6.320000000000000000e+02
6.320000000000000000e+02
6.320000000000000000e+02
6.320000000000000000e+02
6.320000000000000000e+02
6.320000000000000000e+02
6.320000000000000000e+02
1.011000000000000000e+03
1.011000000000000000e+03
1.011000000000000000e+03
3.720000000000000000e+02
3.720000000000000000e+02
1.187000000000000000e+03
1.187000000000000000e+03
1.187000000000000000e+03
1.187000000000000000e+03
1.187000000000000000e+03
2.786000000000000000e+03
9.410000000000000000e+02
9.410000000000000000e+02
9.740000000000000000e+02
9.740000000000000000e+02
9.740000000000000000e+02
9.740000000000000000e+02
8.680000000000000000e+02
8.680000000000000000e+02
8.680000000000000000e+02
6.740000000000000000e+02
1.243000000000000000e+03
1.243000000000000000e+03
1.101000000000000000e+03
5.606000000000000000e+03
5.606000000000000000e+03
1.524000000000000000e+03
1.465200000000000000e+04
1.465200000000000000e+04
2.773000000000000000e+03
1.819000000000000000e+03
1.819000000000000000e+03
2.803000000000000000e+03
2.804000000000000000e+03
2.799000000000000000e+03
2.800000000000000000e+03
1.426000000000000000e+03
1.426000000000000000e+03
1.426000000000000000e+03
1.426000000000000000e+03
1.426000000000000000e+03
1.426000000000000000e+03
5.640000000000000000e+02
1.496000000000000000e+03
8.870000000000000000e+02
1.551900000000000000e+04
1.551900000000000000e+04
1.551900000000000000e+04
1.563300000000000000e+04
1.562900000000000000e+04
2.428000000000000000e+03
2.428000000000000000e+03
2.428000000000000000e+03
2.428000000000000000e+03
2.428000000000000000e+03
2.428000000000000000e+03
1.586600000000000000e+04
1.586600000000000000e+04
9.710000000000000000e+02
7.130000000000000000e+03
7.130000000000000000e+03
7.130000000000000000e+03
1.835000000000000000e+03
1.835000000000000000e+03
1.835000000000000000e+03
8.679000000000000000e+03
6.910000000000000000e+02
1.223000000000000000e+03
1.223000000000000000e+03
1.223000000000000000e+03
1.223000000000000000e+03
1.223000000000000000e+03
1.223000000000000000e+03
2.851000000000000000e+03
1.199100000000000000e+04
1.771600000000000000e+04
1.693700000000000000e+04
1.721600000000000000e+04
1.710300000000000000e+04
1.721700000000000000e+04
1.721700000000000000e+04
1.721700000000000000e+04
1.721700000000000000e+04
1.768600000000000000e+04
1.021000000000000000e+04
1.021000000000000000e+04
1.021000000000000000e+04
1.021000000000000000e+04
1.782800000000000000e+04
7.145000000000000000e+03
7.145000000000000000e+03
1.380000000000000000e+02
3.742000000000000000e+03
8.200000000000000000e+02
6.896000000000000000e+03
1.614900000000000000e+04
1.872000000000000000e+03
7.029000000000000000e+03
3.526000000000000000e+03
3.526000000000000000e+03
7.816000000000000000e+03
7.980000000000000000e+02
7.980000000000000000e+02
7.980000000000000000e+02
1.928500000000000000e+04
1.926700000000000000e+04
1.926700000000000000e+04
1.926700000000000000e+04
1.940500000000000000e+04
6.881000000000000000e+03
6.881000000000000000e+03
2.163600000000000000e+04
2.163600000000000000e+04
2.163600000000000000e+04
2.163600000000000000e+04
2.010700000000000000e+04
2.010800000000000000e+04
2.011700000000000000e+04
2.011800000000000000e+04
2.011600000000000000e+04
2.011700000000000000e+04
2.011800000000000000e+04
1.208000000000000000e+03
1.208000000000000000e+03
1.208000000000000000e+03
1.175100000000000000e+04
1.175100000000000000e+04
1.175100000000000000e+04
1.175100000000000000e+04
1.175100000000000000e+04
1.175100000000000000e+04
1.175100000000000000e+04
1.175100000000000000e+04
1.175100000000000000e+04
1.175100000000000000e+04
1.175100000000000000e+04
1.175100000000000000e+04
1.175100000000000000e+04
2.106400000000000000e+04
8.968000000000000000e+03
8.210000000000000000e+02
8.210000000000000000e+02
4.350000000000000000e+02
3.148000000000000000e+03
1.427400000000000000e+04
1.500000000000000000e+01
1.500000000000000000e+01
2.223000000000000000e+04
2.257000000000000000e+03
1.585000000000000000e+03
