1.006000000000000000e+03
1.867000000000000000e+03
1.869000000000000000e+03
9.260000000000000000e+02
9.260000000000000000e+02
9.190000000000000000e+02
1.921000000000000000e+03
4.075000000000000000e+03
1.972000000000000000e+03
2.435000000000000000e+03
2.435000000000000000e+03
2.434000000000000000e+03
2.434000000000000000e+03
1.914000000000000000e+03
1.915000000000000000e+03
7.590000000000000000e+02
7.590000000000000000e+02
7.590000000000000000e+02
1.876000000000000000e+03
1.808000000000000000e+03
1.808000000000000000e+03
7.610000000000000000e+02
6.000000000000000000e+02
6.000000000000000000e+02
8.680000000000000000e+02
8.680000000000000000e+02
8.680000000000000000e+02
1.923000000000000000e+03
2.338000000000000000e+03
2.338000000000000000e+03
2.338000000000000000e+03
2.338000000000000000e+03
1.448000000000000000e+03
1.881000000000000000e+03
1.889000000000000000e+03
1.890000000000000000e+03
1.491000000000000000e+03
1.491000000000000000e+03
3.150000000000000000e+03
1.012000000000000000e+03
1.937000000000000000e+03
1.937000000000000000e+03
1.091000000000000000e+03
1.887000000000000000e+03
8.730000000000000000e+02
8.730000000000000000e+02
8.730000000000000000e+02
8.730000000000000000e+02
8.730000000000000000e+02
8.500000000000000000e+02
8.500000000000000000e+02
8.500000000000000000e+02
8.500000000000000000e+02
8.500000000000000000e+02
8.500000000000000000e+02
2.337000000000000000e+03
2.337000000000000000e+03
2.337000000000000000e+03
2.337000000000000000e+03
2.528000000000000000e+03
1.296000000000000000e+04
1.378900000000000000e+04
1.378900000000000000e+04
1.378900000000000000e+04
1.588000000000000000e+03
7.640000000000000000e+02
1.933000000000000000e+03
1.117500000000000000e+04
1.117500000000000000e+04
6.020000000000000000e+02
6.020000000000000000e+02
1.952000000000000000e+03
8.120000000000000000e+02
8.120000000000000000e+02
8.120000000000000000e+02
8.120000000000000000e+02
8.120000000000000000e+02
8.120000000000000000e+02
8.120000000000000000e+02
9.310000000000000000e+02
1.470000000000000000e+02
1.330000000000000000e+02
2.825000000000000000e+03
6.949000000000000000e+03
6.949000000000000000e+03
1.783000000000000000e+03
2.493000000000000000e+03
7.566000000000000000e+03
1.786500000000000000e+04
1.171700000000000000e+04
1.171700000000000000e+04
6.150000000000000000e+02
6.150000000000000000e+02
6.150000000000000000e+02
6.150000000000000000e+02
6.150000000000000000e+02
6.150000000000000000e+02
6.150000000000000000e+02
6.150000000000000000e+02
7.500000000000000000e+01
7.500000000000000000e+01
3.650000000000000000e+03
4.320000000000000000e+02
4.320000000000000000e+02
4.320000000000000000e+02
8.200000000000000000e+02
1.868000000000000000e+03
3.495000000000000000e+03
1.951000000000000000e+03
1.951000000000000000e+03
1.951000000000000000e+03
1.425000000000000000e+03
1.425000000000000000e+03
6.209000000000000000e+03
3.431000000000000000e+03
1.883000000000000000e+03
5.660000000000000000e+02
1.872000000000000000e+03
2.860000000000000000e+02
2.860000000000000000e+02
2.860000000000000000e+02
2.860000000000000000e+02
8.760000000000000000e+02
8.760000000000000000e+02
8.760000000000000000e+02
8.760000000000000000e+02
8.760000000000000000e+02
8.760000000000000000e+02
8.760000000000000000e+02
8.760000000000000000e+02
8.760000000000000000e+02
8.760000000000000000e+02
8.760000000000000000e+02
8.760000000000000000e+02
8.760000000000000000e+02
8.760000000000000000e+02
8.760000000000000000e+02
8.760000000000000000e+02
8.760000000000000000e+02
8.760000000000000000e+02
8.760000000000000000e+02
7.600000000000000000e+02
7.600000000000000000e+02
7.600000000000000000e+02
7.600000000000000000e+02
7.600000000000000000e+02
7.600000000000000000e+02
7.600000000000000000e+02
6.168000000000000000e+03
6.168000000000000000e+03
6.168000000000000000e+03
9.480000000000000000e+02
4.042000000000000000e+03
4.042000000000000000e+03
1.524000000000000000e+03
1.893000000000000000e+03
1.874000000000000000e+03
1.874000000000000000e+03
1.775000000000000000e+03
9.970000000000000000e+02
9.690000000000000000e+02
9.690000000000000000e+02
9.620000000000000000e+02
9.620000000000000000e+02
9.620000000000000000e+02
9.620000000000000000e+02
1.175300000000000000e+04
1.175300000000000000e+04
2.563000000000000000e+03
2.563000000000000000e+03
1.925000000000000000e+03
1.000000000000000000e+03
1.000000000000000000e+03
6.726000000000000000e+03
1.175400000000000000e+04
1.175400000000000000e+04
1.175400000000000000e+04
3.151000000000000000e+03
4.487000000000000000e+03
4.487000000000000000e+03
4.487000000000000000e+03
5.000000000000000000e+00
5.000000000000000000e+00
5.000000000000000000e+00
5.700000000000000000e+01
5.700000000000000000e+01
8.591000000000000000e+03
8.591000000000000000e+03
4.567000000000000000e+03
3.525000000000000000e+03
3.525000000000000000e+03
3.525000000000000000e+03
3.524000000000000000e+03
3.524000000000000000e+03
6.153000000000000000e+03
3.737000000000000000e+03
3.737000000000000000e+03
4.487000000000000000e+03
4.487000000000000000e+03
4.487000000000000000e+03
3.763000000000000000e+03
3.763000000000000000e+03
3.763000000000000000e+03
3.763000000000000000e+03
9.810000000000000000e+02
8.060000000000000000e+02
9.903000000000000000e+03
1.494000000000000000e+03
1.494000000000000000e+03
7.630000000000000000e+02
1.776000000000000000e+03
1.175400000000000000e+04
1.175400000000000000e+04
1.175400000000000000e+04
7.900000000000000000e+02
1.175200000000000000e+04
1.175200000000000000e+04
7.930000000000000000e+02
1.465200000000000000e+04
1.465200000000000000e+04
7.940000000000000000e+02
1.091000000000000000e+03
1.303800000000000000e+04
1.303800000000000000e+04
9.420000000000000000e+02
9.420000000000000000e+02
9.950000000000000000e+02
1.444100000000000000e+04
2.660000000000000000e+02
2.660000000000000000e+02
2.660000000000000000e+02
5.280000000000000000e+02
1.623000000000000000e+03
1.623000000000000000e+03
1.623000000000000000e+03
1.623000000000000000e+03
7.600000000000000000e+02
7.600000000000000000e+02
7.600000000000000000e+02
7.600000000000000000e+02
7.600000000000000000e+02
7.600000000000000000e+02
7.600000000000000000e+02
8.580000000000000000e+02
1.873000000000000000e+03
2.340000000000000000e+03
2.340000000000000000e+03
2.340000000000000000e+03
2.340000000000000000e+03
2.372000000000000000e+03
2.372000000000000000e+03
2.372000000000000000e+03
2.372000000000000000e+03
2.372000000000000000e+03
2.372000000000000000e+03
2.372000000000000000e+03
2.372000000000000000e+03
2.372000000000000000e+03
2.372000000000000000e+03
9.458000000000000000e+03
9.458000000000000000e+03
9.458000000000000000e+03
9.458000000000000000e+03
9.458000000000000000e+03
9.458000000000000000e+03
9.458000000000000000e+03
9.458000000000000000e+03
9.458000000000000000e+03
9.458000000000000000e+03
6.450000000000000000e+02
6.450000000000000000e+02
6.480000000000000000e+02
1.962000000000000000e+03
1.962000000000000000e+03
1.007000000000000000e+03
3.179000000000000000e+03
3.179000000000000000e+03
1.613000000000000000e+03
1.007000000000000000e+03
9.250000000000000000e+02
9.250000000000000000e+02
2.600000000000000000e+02
1.892000000000000000e+03
1.929000000000000000e+03
1.929000000000000000e+03
1.938000000000000000e+03
3.821000000000000000e+03
6.131000000000000000e+03
1.866000000000000000e+03
7.730000000000000000e+02
7.730000000000000000e+02
3.273000000000000000e+03
3.273000000000000000e+03
1.040000000000000000e+03
1.040000000000000000e+03
1.875000000000000000e+03
1.875000000000000000e+03
8.120000000000000000e+02
8.120000000000000000e+02
8.120000000000000000e+02
8.120000000000000000e+02
8.120000000000000000e+02
8.120000000000000000e+02
8.120000000000000000e+02
2.343000000000000000e+03
2.343000000000000000e+03
2.343000000000000000e+03
2.343000000000000000e+03
1.610000000000000000e+03
6.162000000000000000e+03
1.870000000000000000e+03
1.255000000000000000e+03
1.255000000000000000e+03
1.689000000000000000e+03
1.803000000000000000e+03
1.340000000000000000e+02
1.425000000000000000e+03
1.425000000000000000e+03
7.910000000000000000e+02
9.430000000000000000e+02
9.430000000000000000e+02
1.924000000000000000e+03
1.524000000000000000e+03
1.928000000000000000e+03
3.820000000000000000e+02
3.820000000000000000e+02
3.820000000000000000e+02
3.820000000000000000e+02
3.820000000000000000e+02
3.820000000000000000e+02
8.590000000000000000e+02
3.840000000000000000e+02
3.840000000000000000e+02
3.840000000000000000e+02
1.448000000000000000e+03
1.761000000000000000e+03
1.761000000000000000e+03
3.621000000000000000e+03
3.621000000000000000e+03
6.989000000000000000e+03
6.989000000000000000e+03
7.670000000000000000e+02
3.517000000000000000e+03
6.400000000000000000e+02
1.738000000000000000e+03
1.738000000000000000e+03
1.738000000000000000e+03
7.400000000000000000e+01
7.400000000000000000e+01
7.400000000000000000e+01
3.527000000000000000e+03
3.527000000000000000e+03
6.550000000000000000e+02
6.550000000000000000e+02
9.450000000000000000e+02
9.450000000000000000e+02
9.450000000000000000e+02
9.280000000000000000e+02
8.720000000000000000e+02
1.733000000000000000e+03
1.733000000000000000e+03
3.000000000000000000e+00
3.000000000000000000e+00
7.620000000000000000e+02
1.591000000000000000e+03
1.465000000000000000e+03
6.090000000000000000e+02
3.046000000000000000e+03
3.046000000000000000e+03
3.046000000000000000e+03
3.046000000000000000e+03
3.043000000000000000e+03
3.043000000000000000e+03
3.043000000000000000e+03
3.043000000000000000e+03
5.540000000000000000e+02
3.040000000000000000e+03
3.040000000000000000e+03
3.040000000000000000e+03
3.040000000000000000e+03
6.215000000000000000e+03
1.012000000000000000e+03
9.540000000000000000e+02
6.510000000000000000e+02
1.740000000000000000e+03
1.740000000000000000e+03
9.900000000000000000e+01
1.662000000000000000e+03
1.963000000000000000e+03
1.963000000000000000e+03
1.961000000000000000e+03
1.961000000000000000e+03
2.160000000000000000e+03
1.880000000000000000e+03
6.040000000000000000e+02
7.560000000000000000e+02
7.560000000000000000e+02
7.560000000000000000e+02
7.560000000000000000e+02
7.890000000000000000e+02
7.890000000000000000e+02
8.330000000000000000e+02
1.935000000000000000e+03
1.752000000000000000e+03
1.752000000000000000e+03
1.752000000000000000e+03
1.752000000000000000e+03
1.779000000000000000e+03
9.300000000000000000e+02
6.200000000000000000e+02
6.200000000000000000e+02
1.450000000000000000e+02
4.486000000000000000e+03
4.720000000000000000e+03
1.409000000000000000e+03
8.520000000000000000e+02
8.520000000000000000e+02
5.900000000000000000e+01
5.900000000000000000e+01
5.900000000000000000e+01
5.900000000000000000e+01
5.900000000000000000e+01
5.900000000000000000e+01
5.900000000000000000e+01
5.900000000000000000e+01
5.900000000000000000e+01
5.900000000000000000e+01
5.900000000000000000e+01
5.900000000000000000e+01
1.243000000000000000e+03
1.243000000000000000e+03
8.050000000000000000e+02
5.900000000000000000e+01
5.900000000000000000e+01
5.900000000000000000e+01
5.900000000000000000e+01
5.900000000000000000e+01
5.900000000000000000e+01
5.900000000000000000e+01
5.900000000000000000e+01
5.900000000000000000e+01
5.900000000000000000e+01
5.900000000000000000e+01
5.900000000000000000e+01
2.371000000000000000e+03
2.371000000000000000e+03
2.371000000000000000e+03
2.371000000000000000e+03
2.371000000000000000e+03
2.371000000000000000e+03
2.371000000000000000e+03
2.371000000000000000e+03
1.572000000000000000e+03
9.698000000000000000e+03
9.698000000000000000e+03
1.039000000000000000e+03
1.039000000000000000e+03
1.572000000000000000e+03
8.800000000000000000e+01
8.800000000000000000e+01
5.800000000000000000e+01
9.390000000000000000e+02
9.390000000000000000e+02
9.390000000000000000e+02
6.260000000000000000e+02
6.260000000000000000e+02
1.835000000000000000e+03
1.835000000000000000e+03
1.835000000000000000e+03
1.424000000000000000e+03
5.900000000000000000e+01
5.900000000000000000e+01
5.900000000000000000e+01
5.900000000000000000e+01
5.900000000000000000e+01
5.900000000000000000e+01
5.900000000000000000e+01
5.900000000000000000e+01
5.900000000000000000e+01
5.900000000000000000e+01
5.900000000000000000e+01
5.900000000000000000e+01
6.250000000000000000e+02
6.250000000000000000e+02
1.916000000000000000e+03
5.800000000000000000e+01
6.897000000000000000e+03
3.783000000000000000e+03
3.783000000000000000e+03
3.783000000000000000e+03
3.783000000000000000e+03
3.783000000000000000e+03
3.783000000000000000e+03
3.783000000000000000e+03
3.783000000000000000e+03
3.783000000000000000e+03
3.783000000000000000e+03
3.783000000000000000e+03
3.783000000000000000e+03
1.619000000000000000e+03
1.489000000000000000e+03
1.489000000000000000e+03
1.489000000000000000e+03
1.478000000000000000e+03
2.446000000000000000e+03
2.446000000000000000e+03
1.934000000000000000e+03
2.433000000000000000e+03
2.433000000000000000e+03
1.958000000000000000e+03
5.800000000000000000e+01
7.816000000000000000e+03
1.515000000000000000e+03
9.740000000000000000e+02
9.740000000000000000e+02
9.740000000000000000e+02
9.740000000000000000e+02
9.490000000000000000e+02
2.600000000000000000e+02
9.250000000000000000e+02
9.250000000000000000e+02
1.834000000000000000e+03
1.715000000000000000e+03
1.270000000000000000e+03
1.270000000000000000e+03
2.851000000000000000e+03
1.782800000000000000e+04
1.199100000000000000e+04
9.510000000000000000e+02
1.710300000000000000e+04
1.768600000000000000e+04
5.601000000000000000e+03
1.812200000000000000e+04
1.280000000000000000e+02
1.280000000000000000e+02
1.280000000000000000e+02
1.280000000000000000e+02
1.280000000000000000e+02
1.280000000000000000e+02
1.280000000000000000e+02
1.280000000000000000e+02
1.280000000000000000e+02
1.280000000000000000e+02
1.280000000000000000e+02
1.280000000000000000e+02
1.280000000000000000e+02
1.280000000000000000e+02
1.280000000000000000e+02
1.280000000000000000e+02
1.280000000000000000e+02
1.280000000000000000e+02
1.280000000000000000e+02
1.280000000000000000e+02
1.280000000000000000e+02
1.791000000000000000e+03
1.615000000000000000e+03
1.775000000000000000e+03
2.341000000000000000e+03
2.341000000000000000e+03
2.341000000000000000e+03
2.341000000000000000e+03
1.270000000000000000e+03
1.270000000000000000e+03
8.120000000000000000e+02
8.120000000000000000e+02
8.120000000000000000e+02
8.120000000000000000e+02
8.120000000000000000e+02
8.120000000000000000e+02
8.120000000000000000e+02
3.742000000000000000e+03
6.001000000000000000e+03
6.001000000000000000e+03
6.001000000000000000e+03
1.870700000000000000e+04
2.167200000000000000e+04
2.167200000000000000e+04
2.167200000000000000e+04
2.167200000000000000e+04
2.167200000000000000e+04
3.526000000000000000e+03
3.526000000000000000e+03
7.816000000000000000e+03
3.429000000000000000e+03
3.429000000000000000e+03
6.881000000000000000e+03
6.881000000000000000e+03
2.163600000000000000e+04
2.163600000000000000e+04
2.163600000000000000e+04
2.163600000000000000e+04
5.260000000000000000e+02
5.260000000000000000e+02
5.260000000000000000e+02
5.260000000000000000e+02
8.210000000000000000e+02
8.210000000000000000e+02
5.250000000000000000e+02
5.250000000000000000e+02
5.250000000000000000e+02
5.250000000000000000e+02
5.580000000000000000e+02
1.520000000000000000e+03
1.520000000000000000e+03
2.870000000000000000e+02
2.870000000000000000e+02
2.870000000000000000e+02
2.870000000000000000e+02
2.870000000000000000e+02
2.870000000000000000e+02
2.870000000000000000e+02
5.600000000000000000e+02
5.580000000000000000e+02
8.570000000000000000e+02
8.570000000000000000e+02
8.570000000000000000e+02
4.068000000000000000e+03
2.335000000000000000e+03
2.335000000000000000e+03
2.335000000000000000e+03
2.335000000000000000e+03
1.905000000000000000e+03
1.905000000000000000e+03
1.585000000000000000e+03
2.480000000000000000e+02
2.480000000000000000e+02
2.480000000000000000e+02
2.480000000000000000e+02
2.480000000000000000e+02
