1.571000000000000000e+03
1.643000000000000000e+03
1.039000000000000000e+03
1.039000000000000000e+03
1.040000000000000000e+03
1.040000000000000000e+03
2.493000000000000000e+03
1.448000000000000000e+03
8.640000000000000000e+02
1.846000000000000000e+03
1.255000000000000000e+03
1.255000000000000000e+03
7.910000000000000000e+02
8.590000000000000000e+02
1.668000000000000000e+03
9.480000000000000000e+02
9.420000000000000000e+02
9.420000000000000000e+02
1.810000000000000000e+03
1.810000000000000000e+03
1.810000000000000000e+03
8.490000000000000000e+02
7.930000000000000000e+02
2.548000000000000000e+03
2.548000000000000000e+03
2.548000000000000000e+03
3.183000000000000000e+03
3.183000000000000000e+03
3.183000000000000000e+03
3.183000000000000000e+03
3.183000000000000000e+03
1.883000000000000000e+03
9.910000000000000000e+02
3.274000000000000000e+03
1.867000000000000000e+03
1.775000000000000000e+03
8.500000000000000000e+02
8.500000000000000000e+02
8.500000000000000000e+02
8.500000000000000000e+02
8.500000000000000000e+02
8.500000000000000000e+02
1.465000000000000000e+03
1.591000000000000000e+03
7.620000000000000000e+02
8.200000000000000000e+02
7.610000000000000000e+02
1.887000000000000000e+03
1.845000000000000000e+03
6.770000000000000000e+02
1.868000000000000000e+03
1.872000000000000000e+03
1.834000000000000000e+03
1.468000000000000000e+03
1.914000000000000000e+03
1.745000000000000000e+03
9.790000000000000000e+02
9.790000000000000000e+02
7.030000000000000000e+02
5.700000000000000000e+01
5.700000000000000000e+01
1.945000000000000000e+03
1.923000000000000000e+03
1.935000000000000000e+03
1.520000000000000000e+03
1.520000000000000000e+03
1.610000000000000000e+03
1.776000000000000000e+03
9.250000000000000000e+02
9.250000000000000000e+02
9.390000000000000000e+02
9.390000000000000000e+02
9.390000000000000000e+02
9.970000000000000000e+02
6.040000000000000000e+02
7.900000000000000000e+02
2.803000000000000000e+03
2.804000000000000000e+03
1.939000000000000000e+03
9.450000000000000000e+02
9.450000000000000000e+02
9.450000000000000000e+02
7.880000000000000000e+02
7.880000000000000000e+02
1.689000000000000000e+03
1.893000000000000000e+03
1.495000000000000000e+03
1.495000000000000000e+03
1.495000000000000000e+03
1.495000000000000000e+03
5.600000000000000000e+02
8.580000000000000000e+02
5.540000000000000000e+02
1.876000000000000000e+03
7.890000000000000000e+02
7.890000000000000000e+02
1.803000000000000000e+03
1.745000000000000000e+03
1.951000000000000000e+03
1.951000000000000000e+03
1.951000000000000000e+03
1.924000000000000000e+03
1.000000000000000000e+03
1.000000000000000000e+03
7.730000000000000000e+02
7.730000000000000000e+02
7.590000000000000000e+02
7.590000000000000000e+02
7.590000000000000000e+02
3.150000000000000000e+03
3.149000000000000000e+03
3.147000000000000000e+03
2.433000000000000000e+03
2.433000000000000000e+03
2.343000000000000000e+03
2.343000000000000000e+03
2.343000000000000000e+03
2.343000000000000000e+03
1.808000000000000000e+03
1.808000000000000000e+03
2.434000000000000000e+03
2.434000000000000000e+03
2.536000000000000000e+03
1.095000000000000000e+03
2.435000000000000000e+03
2.435000000000000000e+03
3.060000000000000000e+03
3.060000000000000000e+03
3.060000000000000000e+03
3.060000000000000000e+03
3.046000000000000000e+03
3.046000000000000000e+03
3.046000000000000000e+03
3.046000000000000000e+03
3.043000000000000000e+03
3.043000000000000000e+03
3.043000000000000000e+03
3.043000000000000000e+03
2.232000000000000000e+03
2.446000000000000000e+03
2.446000000000000000e+03
2.233000000000000000e+03
2.233000000000000000e+03
2.231000000000000000e+03
2.231000000000000000e+03
2.231000000000000000e+03
2.189000000000000000e+03
2.191000000000000000e+03
2.191000000000000000e+03
2.188000000000000000e+03
5.900000000000000000e+01
5.900000000000000000e+01
5.900000000000000000e+01
5.900000000000000000e+01
5.900000000000000000e+01
5.900000000000000000e+01
5.900000000000000000e+01
5.900000000000000000e+01
5.900000000000000000e+01
5.900000000000000000e+01
5.900000000000000000e+01
5.900000000000000000e+01
2.338000000000000000e+03
2.338000000000000000e+03
2.338000000000000000e+03
2.338000000000000000e+03
2.535000000000000000e+03
2.372000000000000000e+03
2.372000000000000000e+03
2.372000000000000000e+03
2.372000000000000000e+03
2.372000000000000000e+03
2.372000000000000000e+03
2.372000000000000000e+03
2.372000000000000000e+03
2.372000000000000000e+03
2.372000000000000000e+03
2.338000000000000000e+03
2.338000000000000000e+03
2.338000000000000000e+03
2.338000000000000000e+03
1.963000000000000000e+03
1.963000000000000000e+03
1.962000000000000000e+03
1.962000000000000000e+03
6.090000000000000000e+02
1.956000000000000000e+03
1.956000000000000000e+03
1.956000000000000000e+03
1.956000000000000000e+03
1.956000000000000000e+03
1.955000000000000000e+03
1.955000000000000000e+03
1.955000000000000000e+03
1.955000000000000000e+03
1.955000000000000000e+03
2.232000000000000000e+03
5.966000000000000000e+03
1.889000000000000000e+03
1.878000000000000000e+03
1.879000000000000000e+03
6.480000000000000000e+02
2.335000000000000000e+03
2.335000000000000000e+03
2.335000000000000000e+03
2.335000000000000000e+03
1.928000000000000000e+03
3.040000000000000000e+03
3.040000000000000000e+03
3.040000000000000000e+03
3.040000000000000000e+03
2.340000000000000000e+03
2.340000000000000000e+03
2.340000000000000000e+03
2.340000000000000000e+03
2.768000000000000000e+03
2.769000000000000000e+03
2.770000000000000000e+03
2.768000000000000000e+03
2.227000000000000000e+03
2.227000000000000000e+03
1.588000000000000000e+03
2.517000000000000000e+03
9.900000000000000000e+01
3.900000000000000000e+02
2.169000000000000000e+03
1.515000000000000000e+03
3.840000000000000000e+02
3.840000000000000000e+02
3.840000000000000000e+02
3.840000000000000000e+02
3.840000000000000000e+02
3.840000000000000000e+02
6.480000000000000000e+02
1.439000000000000000e+03
2.528000000000000000e+03
1.892000000000000000e+03
2.588000000000000000e+03
2.588000000000000000e+03
5.260000000000000000e+02
5.260000000000000000e+02
5.260000000000000000e+02
5.260000000000000000e+02
5.250000000000000000e+02
5.250000000000000000e+02
5.250000000000000000e+02
5.250000000000000000e+02
1.696000000000000000e+03
1.696000000000000000e+03
1.696000000000000000e+03
1.623000000000000000e+03
1.623000000000000000e+03
1.623000000000000000e+03
1.623000000000000000e+03
1.646000000000000000e+03
1.110000000000000000e+02
1.770000000000000000e+03
1.752000000000000000e+03
1.752000000000000000e+03
1.753000000000000000e+03
1.754000000000000000e+03
1.754000000000000000e+03
2.619000000000000000e+03
9.750000000000000000e+02
1.654000000000000000e+03
1.654000000000000000e+03
1.736000000000000000e+03
2.564000000000000000e+03
2.341000000000000000e+03
2.341000000000000000e+03
2.341000000000000000e+03
2.341000000000000000e+03
1.929000000000000000e+03
1.929000000000000000e+03
3.495000000000000000e+03
2.190000000000000000e+03
3.271000000000000000e+03
3.271000000000000000e+03
3.271000000000000000e+03
1.627000000000000000e+03
1.662000000000000000e+03
1.662000000000000000e+03
3.394000000000000000e+03
3.394000000000000000e+03
1.738000000000000000e+03
1.738000000000000000e+03
1.738000000000000000e+03
1.739000000000000000e+03
1.739000000000000000e+03
1.739000000000000000e+03
1.739000000000000000e+03
1.739000000000000000e+03
1.739000000000000000e+03
1.739000000000000000e+03
1.739000000000000000e+03
3.650000000000000000e+03
3.399000000000000000e+03
3.399000000000000000e+03
3.763000000000000000e+03
3.763000000000000000e+03
3.763000000000000000e+03
3.763000000000000000e+03
3.621000000000000000e+03
3.621000000000000000e+03
3.517000000000000000e+03
3.778000000000000000e+03
1.749000000000000000e+03
3.786000000000000000e+03
2.337000000000000000e+03
2.337000000000000000e+03
2.337000000000000000e+03
2.337000000000000000e+03
3.525000000000000000e+03
3.525000000000000000e+03
3.525000000000000000e+03
3.737000000000000000e+03
3.737000000000000000e+03
4.032000000000000000e+03
3.735000000000000000e+03
3.736000000000000000e+03
2.371000000000000000e+03
2.371000000000000000e+03
2.371000000000000000e+03
2.371000000000000000e+03
2.371000000000000000e+03
2.371000000000000000e+03
2.371000000000000000e+03
2.371000000000000000e+03
3.784000000000000000e+03
3.784000000000000000e+03
3.784000000000000000e+03
3.784000000000000000e+03
3.784000000000000000e+03
3.784000000000000000e+03
3.784000000000000000e+03
3.784000000000000000e+03
3.784000000000000000e+03
3.784000000000000000e+03
3.784000000000000000e+03
3.784000000000000000e+03
3.737000000000000000e+03
3.737000000000000000e+03
4.041000000000000000e+03
4.041000000000000000e+03
6.131000000000000000e+03
4.567000000000000000e+03
4.019000000000000000e+03
4.068000000000000000e+03
4.069000000000000000e+03
2.440000000000000000e+02
6.209000000000000000e+03
1.665000000000000000e+03
4.487000000000000000e+03
4.487000000000000000e+03
4.487000000000000000e+03
3.856000000000000000e+03
4.486000000000000000e+03
6.153000000000000000e+03
1.738000000000000000e+03
1.738000000000000000e+03
1.738000000000000000e+03
5.878000000000000000e+03
9.540000000000000000e+02
2.204000000000000000e+03
6.949000000000000000e+03
6.949000000000000000e+03
6.966000000000000000e+03
6.966000000000000000e+03
6.215000000000000000e+03
5.879000000000000000e+03
9.903000000000000000e+03
3.431000000000000000e+03
1.493000000000000000e+03
1.126000000000000000e+03
1.126000000000000000e+03
5.660000000000000000e+02
1.667000000000000000e+03
4.320000000000000000e+02
4.320000000000000000e+02
4.320000000000000000e+02
1.873000000000000000e+03
7.590000000000000000e+02
7.590000000000000000e+02
7.590000000000000000e+02
1.938000000000000000e+03
1.784000000000000000e+03
1.784000000000000000e+03
2.780000000000000000e+02
2.780000000000000000e+02
7.670000000000000000e+02
1.400000000000000000e+01
1.400000000000000000e+01
1.101000000000000000e+03
1.866000000000000000e+03
1.870000000000000000e+03
7.960000000000000000e+02
7.960000000000000000e+02
1.875000000000000000e+03
1.875000000000000000e+03
6.450000000000000000e+02
6.450000000000000000e+02
5.480000000000000000e+02
5.480000000000000000e+02
1.615000000000000000e+03
2.870000000000000000e+02
2.870000000000000000e+02
2.870000000000000000e+02
2.870000000000000000e+02
2.870000000000000000e+02
2.870000000000000000e+02
2.870000000000000000e+02
6.560000000000000000e+02
6.560000000000000000e+02
7.600000000000000000e+02
7.600000000000000000e+02
7.600000000000000000e+02
7.600000000000000000e+02
7.600000000000000000e+02
7.600000000000000000e+02
7.600000000000000000e+02
6.150000000000000000e+02
6.150000000000000000e+02
6.150000000000000000e+02
6.150000000000000000e+02
6.150000000000000000e+02
6.150000000000000000e+02
6.150000000000000000e+02
6.150000000000000000e+02
5.880000000000000000e+02
5.880000000000000000e+02
1.910000000000000000e+03
1.613000000000000000e+03
1.790000000000000000e+03
1.844000000000000000e+03
1.844000000000000000e+03
1.843000000000000000e+03
1.126000000000000000e+03
1.126000000000000000e+03
8.963000000000000000e+03
8.910000000000000000e+02
6.520000000000000000e+02
6.520000000000000000e+02
9.750000000000000000e+02
7.000000000000000000e+02
6.880000000000000000e+02
7.050000000000000000e+02
1.897000000000000000e+03
6.810000000000000000e+02
6.810000000000000000e+02
6.810000000000000000e+02
6.810000000000000000e+02
6.810000000000000000e+02
6.810000000000000000e+02
6.810000000000000000e+02
6.810000000000000000e+02
9.490000000000000000e+02
1.934000000000000000e+03
5.640000000000000000e+02
7.680000000000000000e+02
9.510000000000000000e+02
1.409000000000000000e+03
9.800000000000000000e+02
2.492000000000000000e+03
8.000000000000000000e+02
6.810000000000000000e+02
6.810000000000000000e+02
6.810000000000000000e+02
6.810000000000000000e+02
6.810000000000000000e+02
6.810000000000000000e+02
6.810000000000000000e+02
6.810000000000000000e+02
7.630000000000000000e+02
1.869000000000000000e+03
2.480000000000000000e+02
2.480000000000000000e+02
2.480000000000000000e+02
2.480000000000000000e+02
2.480000000000000000e+02
1.040000000000000000e+02
8.050000000000000000e+02
1.881000000000000000e+03
1.710000000000000000e+03
6.700000000000000000e+01
6.700000000000000000e+01
1.790000000000000000e+03
1.785000000000000000e+03
1.785000000000000000e+03
9.620000000000000000e+02
9.620000000000000000e+02
9.620000000000000000e+02
9.620000000000000000e+02
9.950000000000000000e+02
1.972000000000000000e+03
1.760000000000000000e+03
1.760000000000000000e+03
1.760000000000000000e+03
1.760000000000000000e+03
9.458000000000000000e+03
9.458000000000000000e+03
9.458000000000000000e+03
9.458000000000000000e+03
9.458000000000000000e+03
9.458000000000000000e+03
9.458000000000000000e+03
9.458000000000000000e+03
9.458000000000000000e+03
9.458000000000000000e+03
7.940000000000000000e+02
8.591000000000000000e+03
8.591000000000000000e+03
9.190000000000000000e+02
9.789000000000000000e+03
2.825000000000000000e+03
5.800000000000000000e+01
1.933000000000000000e+03
8.730000000000000000e+02
8.730000000000000000e+02
8.730000000000000000e+02
8.730000000000000000e+02
8.730000000000000000e+02
1.270000000000000000e+03
1.270000000000000000e+03
7.200000000000000000e+02
6.700000000000000000e+01
1.784000000000000000e+03
1.784000000000000000e+03
1.698000000000000000e+03
1.046000000000000000e+03
1.046000000000000000e+03
2.600000000000000000e+02
1.775000000000000000e+03
6.260000000000000000e+02
6.260000000000000000e+02
1.409000000000000000e+03
7.480000000000000000e+02
1.340000000000000000e+02
9.270000000000000000e+02
1.479000000000000000e+03
4.590000000000000000e+02
1.783000000000000000e+03
1.834000000000000000e+03
1.746000000000000000e+03
6.030000000000000000e+02
6.030000000000000000e+02
1.424000000000000000e+03
1.259000000000000000e+03
5.660000000000000000e+02
1.712000000000000000e+03
1.006000000000000000e+03
1.620000000000000000e+03
1.620000000000000000e+03
1.026000000000000000e+03
1.026000000000000000e+03
1.026000000000000000e+03
7.640000000000000000e+02
1.952000000000000000e+03
1.012000000000000000e+03
8.330000000000000000e+02
1.759000000000000000e+03
7.400000000000000000e+01
7.400000000000000000e+01
7.400000000000000000e+01
1.715000000000000000e+03
1.759000000000000000e+03
6.570000000000000000e+02
7.210000000000000000e+02
1.897000000000000000e+03
9.120000000000000000e+02
1.443000000000000000e+03
1.069000000000000000e+03
8.450000000000000000e+02
8.450000000000000000e+02
8.450000000000000000e+02
1.600000000000000000e+01
1.600000000000000000e+01
1.600000000000000000e+01
6.250000000000000000e+02
6.250000000000000000e+02
8.800000000000000000e+01
8.800000000000000000e+01
9.630000000000000000e+02
1.270000000000000000e+03
1.270000000000000000e+03
1.756000000000000000e+03
1.756000000000000000e+03
1.710000000000000000e+03
9.950000000000000000e+02
9.810000000000000000e+02
9.430000000000000000e+02
9.430000000000000000e+02
9.810000000000000000e+02
8.060000000000000000e+02
1.885000000000000000e+03
1.425000000000000000e+03
1.425000000000000000e+03
1.712000000000000000e+03
1.468000000000000000e+03
1.746000000000000000e+03
6.030000000000000000e+02
6.030000000000000000e+02
1.270000000000000000e+03
1.270000000000000000e+03
8.990000000000000000e+02
1.628000000000000000e+03
1.761000000000000000e+03
1.761000000000000000e+03
2.480000000000000000e+02
2.480000000000000000e+02
2.480000000000000000e+02
2.480000000000000000e+02
2.480000000000000000e+02
8.820000000000000000e+02
1.921000000000000000e+03
7.500000000000000000e+01
7.500000000000000000e+01
1.925000000000000000e+03
1.639000000000000000e+03
1.788000000000000000e+03
1.139000000000000000e+03
1.139000000000000000e+03
7.566000000000000000e+03
4.075000000000000000e+03
1.303800000000000000e+04
1.303800000000000000e+04
6.041000000000000000e+03
3.778000000000000000e+03
5.934000000000000000e+03
5.934000000000000000e+03
1.447000000000000000e+03
5.895000000000000000e+03
5.895000000000000000e+03
6.042000000000000000e+03
6.042000000000000000e+03
5.936000000000000000e+03
5.936000000000000000e+03
3.148000000000000000e+03
1.874000000000000000e+03
1.874000000000000000e+03
1.916000000000000000e+03
1.175200000000000000e+04
1.175200000000000000e+04
3.527000000000000000e+03
3.527000000000000000e+03
1.117500000000000000e+04
1.117500000000000000e+04
2.563000000000000000e+03
2.563000000000000000e+03
2.777000000000000000e+03
2.777000000000000000e+03
2.777000000000000000e+03
2.777000000000000000e+03
2.777000000000000000e+03
2.777000000000000000e+03
5.964000000000000000e+03
1.664000000000000000e+03
4.042000000000000000e+03
4.042000000000000000e+03
3.524000000000000000e+03
3.524000000000000000e+03
6.020000000000000000e+02
6.020000000000000000e+02
1.243000000000000000e+03
1.243000000000000000e+03
1.644000000000000000e+03
1.175400000000000000e+04
1.175400000000000000e+04
1.175400000000000000e+04
6.168000000000000000e+03
6.168000000000000000e+03
6.168000000000000000e+03
2.304000000000000000e+03
2.304000000000000000e+03
1.890000000000000000e+03
1.175300000000000000e+04
1.175300000000000000e+04
1.491000000000000000e+03
1.491000000000000000e+03
7.880000000000000000e+02
7.880000000000000000e+02
1.354200000000000000e+04
1.354200000000000000e+04
1.378900000000000000e+04
1.378900000000000000e+04
1.378900000000000000e+04
9.690000000000000000e+02
9.690000000000000000e+02
1.394000000000000000e+04
1.394000000000000000e+04
9.650000000000000000e+02
1.415500000000000000e+04
1.415500000000000000e+04
1.415500000000000000e+04
1.415500000000000000e+04
2.224000000000000000e+03
2.224000000000000000e+03
2.480000000000000000e+02
2.480000000000000000e+02
2.480000000000000000e+02
2.480000000000000000e+02
2.480000000000000000e+02
3.270000000000000000e+03
4.720000000000000000e+03
1.465200000000000000e+04
1.465200000000000000e+04
9.410000000000000000e+02
9.410000000000000000e+02
1.524000000000000000e+03
8.050000000000000000e+02
9.022000000000000000e+03
9.022000000000000000e+03
2.226000000000000000e+03
2.226000000000000000e+03
1.835000000000000000e+03
1.835000000000000000e+03
1.835000000000000000e+03
8.120000000000000000e+02
8.120000000000000000e+02
8.120000000000000000e+02
8.120000000000000000e+02
8.120000000000000000e+02
8.120000000000000000e+02
8.120000000000000000e+02
1.784000000000000000e+03
1.784000000000000000e+03
9.740000000000000000e+02
9.740000000000000000e+02
9.740000000000000000e+02
9.740000000000000000e+02
1.801400000000000000e+04
1.884000000000000000e+03
1.710300000000000000e+04
2.527000000000000000e+03
2.527000000000000000e+03
2.527000000000000000e+03
5.601000000000000000e+03
1.768600000000000000e+04
1.786500000000000000e+04
1.782800000000000000e+04
1.783600000000000000e+04
1.801300000000000000e+04
1.034000000000000000e+03
1.034000000000000000e+03
1.034000000000000000e+03
1.034000000000000000e+03
1.035000000000000000e+03
1.035000000000000000e+03
1.035000000000000000e+03
1.035000000000000000e+03
1.801100000000000000e+04
1.801100000000000000e+04
1.801200000000000000e+04
1.812200000000000000e+04
3.742000000000000000e+03
1.870700000000000000e+04
1.872000000000000000e+03
3.526000000000000000e+03
3.526000000000000000e+03
1.922100000000000000e+04
1.922100000000000000e+04
1.922100000000000000e+04
7.980000000000000000e+02
7.980000000000000000e+02
7.980000000000000000e+02
1.926800000000000000e+04
6.881000000000000000e+03
6.881000000000000000e+03
1.980200000000000000e+04
1.214000000000000000e+03
1.214000000000000000e+03
2.163600000000000000e+04
2.163600000000000000e+04
2.163600000000000000e+04
2.163600000000000000e+04
1.585000000000000000e+03
