1.006000000000000000e+03
1.837000000000000000e+04
1.410000000000000000e+02
1.410000000000000000e+02
1.410000000000000000e+02
1.410000000000000000e+02
1.410000000000000000e+02
1.410000000000000000e+02
6.900000000000000000e+02
3.820000000000000000e+02
3.820000000000000000e+02
3.820000000000000000e+02
3.820000000000000000e+02
3.820000000000000000e+02
3.820000000000000000e+02
1.637000000000000000e+03
7.400000000000000000e+01
7.400000000000000000e+01
7.400000000000000000e+01
7.500000000000000000e+01
7.500000000000000000e+01
5.490000000000000000e+02
5.490000000000000000e+02
5.490000000000000000e+02
5.490000000000000000e+02
7.127000000000000000e+03
3.524000000000000000e+03
3.524000000000000000e+03
1.589000000000000000e+03
1.588000000000000000e+03
6.700000000000000000e+01
7.407000000000000000e+03
7.407000000000000000e+03
7.407000000000000000e+03
7.407000000000000000e+03
7.407000000000000000e+03
7.407000000000000000e+03
7.407000000000000000e+03
7.407000000000000000e+03
7.407000000000000000e+03
7.407000000000000000e+03
7.407000000000000000e+03
7.407000000000000000e+03
2.509000000000000000e+03
2.509000000000000000e+03
1.652000000000000000e+03
1.652000000000000000e+03
1.652000000000000000e+03
1.652000000000000000e+03
1.652000000000000000e+03
1.652000000000000000e+03
1.652000000000000000e+03
1.908000000000000000e+03
1.908000000000000000e+03
1.952000000000000000e+03
9.550000000000000000e+02
9.550000000000000000e+02
9.550000000000000000e+02
9.550000000000000000e+02
9.570000000000000000e+02
9.570000000000000000e+02
1.666000000000000000e+03
1.858000000000000000e+03
1.912000000000000000e+03
3.240000000000000000e+02
3.240000000000000000e+02
3.250000000000000000e+02
1.673000000000000000e+03
1.673000000000000000e+03
1.061000000000000000e+03
1.061000000000000000e+03
1.061000000000000000e+03
1.061000000000000000e+03
1.061000000000000000e+03
1.061000000000000000e+03
1.061000000000000000e+03
1.061000000000000000e+03
1.061000000000000000e+03
1.061000000000000000e+03
1.665000000000000000e+03
1.874000000000000000e+03
1.874000000000000000e+03
2.528000000000000000e+03
1.714000000000000000e+03
9.950000000000000000e+02
6.168000000000000000e+03
6.168000000000000000e+03
6.168000000000000000e+03
7.910000000000000000e+02
1.778000000000000000e+03
2.768000000000000000e+03
2.769000000000000000e+03
2.770000000000000000e+03
1.491000000000000000e+03
1.491000000000000000e+03
1.630000000000000000e+02
1.630000000000000000e+02
1.630000000000000000e+02
1.630000000000000000e+02
6.450000000000000000e+02
6.450000000000000000e+02
6.310000000000000000e+02
6.310000000000000000e+02
5.349000000000000000e+03
5.349000000000000000e+03
5.349000000000000000e+03
5.349000000000000000e+03
5.349000000000000000e+03
5.349000000000000000e+03
5.349000000000000000e+03
5.349000000000000000e+03
5.349000000000000000e+03
5.349000000000000000e+03
1.966000000000000000e+03
1.129000000000000000e+03
1.880000000000000000e+03
1.521000000000000000e+03
1.652000000000000000e+03
1.652000000000000000e+03
1.652000000000000000e+03
1.652000000000000000e+03
1.652000000000000000e+03
1.652000000000000000e+03
1.652000000000000000e+03
6.480000000000000000e+02
8.170000000000000000e+02
8.170000000000000000e+02
8.170000000000000000e+02
4.320000000000000000e+02
4.320000000000000000e+02
4.320000000000000000e+02
2.990000000000000000e+02
2.990000000000000000e+02
2.990000000000000000e+02
1.644000000000000000e+03
9.190000000000000000e+02
1.953000000000000000e+03
9.480000000000000000e+02
4.042000000000000000e+03
4.042000000000000000e+03
1.644000000000000000e+03
1.160000000000000000e+02
1.160000000000000000e+02
1.160000000000000000e+02
8.860000000000000000e+02
8.860000000000000000e+02
1.662000000000000000e+03
1.599000000000000000e+03
1.599000000000000000e+03
2.310000000000000000e+02
2.310000000000000000e+02
1.792000000000000000e+03
8.060000000000000000e+02
3.900000000000000000e+02
9.570000000000000000e+02
9.570000000000000000e+02
1.584000000000000000e+03
2.340000000000000000e+03
2.340000000000000000e+03
2.340000000000000000e+03
2.340000000000000000e+03
9.690000000000000000e+02
9.690000000000000000e+02
5.280000000000000000e+02
1.400000000000000000e+02
1.400000000000000000e+02
1.400000000000000000e+02
1.400000000000000000e+02
4.660000000000000000e+02
3.046000000000000000e+03
3.046000000000000000e+03
3.046000000000000000e+03
3.046000000000000000e+03
3.043000000000000000e+03
3.043000000000000000e+03
3.043000000000000000e+03
3.043000000000000000e+03
6.446000000000000000e+03
2.630000000000000000e+02
2.630000000000000000e+02
2.630000000000000000e+02
1.433000000000000000e+03
6.970000000000000000e+02
1.008000000000000000e+03
1.230000000000000000e+02
1.230000000000000000e+02
9.910000000000000000e+02
1.770000000000000000e+03
1.808000000000000000e+03
1.808000000000000000e+03
1.883000000000000000e+03
1.887000000000000000e+03
1.586000000000000000e+03
3.000000000000000000e+00
3.000000000000000000e+00
1.733000000000000000e+03
1.733000000000000000e+03
8.720000000000000000e+02
2.493000000000000000e+03
6.000000000000000000e+02
6.000000000000000000e+02
7.900000000000000000e+02
9.450000000000000000e+02
9.450000000000000000e+02
9.450000000000000000e+02
1.937000000000000000e+03
1.937000000000000000e+03
8.580000000000000000e+02
1.866000000000000000e+03
1.755000000000000000e+03
1.940000000000000000e+03
6.110000000000000000e+02
9.300000000000000000e+02
6.200000000000000000e+02
6.200000000000000000e+02
1.450000000000000000e+02
1.890000000000000000e+03
3.426000000000000000e+03
3.426000000000000000e+03
3.426000000000000000e+03
3.630000000000000000e+02
3.620000000000000000e+02
1.021800000000000000e+04
1.021800000000000000e+04
1.912000000000000000e+03
2.613000000000000000e+03
2.612000000000000000e+03
2.611000000000000000e+03
2.610000000000000000e+03
2.609000000000000000e+03
1.586600000000000000e+04
1.586600000000000000e+04
7.400000000000000000e+01
7.400000000000000000e+01
7.400000000000000000e+01
2.618000000000000000e+03
2.618000000000000000e+03
1.895000000000000000e+03
1.895000000000000000e+03
1.895000000000000000e+03
1.895000000000000000e+03
1.895000000000000000e+03
1.644000000000000000e+03
4.510000000000000000e+02
6.001000000000000000e+03
6.001000000000000000e+03
6.001000000000000000e+03
1.415500000000000000e+04
1.415500000000000000e+04
1.415500000000000000e+04
1.415500000000000000e+04
7.050000000000000000e+02
1.628000000000000000e+03
1.952000000000000000e+03
1.952000000000000000e+03
4.320000000000000000e+02
4.320000000000000000e+02
4.320000000000000000e+02
1.923000000000000000e+03
1.756000000000000000e+03
1.756000000000000000e+03
1.945000000000000000e+03
1.042000000000000000e+03
1.869000000000000000e+03
8.480000000000000000e+02
8.480000000000000000e+02
3.534000000000000000e+03
8.200000000000000000e+02
1.443000000000000000e+03
1.895000000000000000e+03
1.895000000000000000e+03
1.895000000000000000e+03
1.895000000000000000e+03
1.895000000000000000e+03
1.524000000000000000e+03
2.860000000000000000e+02
2.860000000000000000e+02
2.860000000000000000e+02
2.860000000000000000e+02
2.492000000000000000e+03
1.749000000000000000e+03
1.354200000000000000e+04
1.354200000000000000e+04
1.698000000000000000e+03
1.845000000000000000e+03
1.425000000000000000e+03
1.425000000000000000e+03
5.606000000000000000e+03
5.606000000000000000e+03
8.281000000000000000e+03
7.630000000000000000e+02
1.776000000000000000e+03
1.889000000000000000e+03
8.590000000000000000e+02
5.200000000000000000e+01
5.200000000000000000e+01
5.200000000000000000e+01
1.207000000000000000e+03
1.207000000000000000e+03
1.207000000000000000e+03
1.207000000000000000e+03
1.207000000000000000e+03
6.040000000000000000e+02
1.378800000000000000e+04
1.378800000000000000e+04
9.250000000000000000e+02
9.250000000000000000e+02
1.028000000000000000e+03
9.570000000000000000e+02
9.570000000000000000e+02
9.550000000000000000e+02
9.550000000000000000e+02
9.550000000000000000e+02
9.550000000000000000e+02
1.689000000000000000e+03
1.524000000000000000e+03
1.868000000000000000e+03
9.950000000000000000e+02
6.215000000000000000e+03
8.681000000000000000e+03
3.840000000000000000e+02
3.840000000000000000e+02
3.840000000000000000e+02
1.448000000000000000e+03
7.590000000000000000e+02
7.590000000000000000e+02
7.590000000000000000e+02
1.892000000000000000e+03
1.876000000000000000e+03
1.872000000000000000e+03
1.400000000000000000e+01
1.736000000000000000e+03
8.910000000000000000e+02
1.735000000000000000e+03
2.825000000000000000e+03
6.090000000000000000e+02
1.465000000000000000e+03
1.470000000000000000e+02
1.586600000000000000e+04
1.586600000000000000e+04
4.719000000000000000e+03
9.460000000000000000e+02
5.700000000000000000e+01
5.700000000000000000e+01
1.704000000000000000e+03
1.704000000000000000e+03
1.704000000000000000e+03
1.704000000000000000e+03
1.704000000000000000e+03
1.703000000000000000e+03
1.703000000000000000e+03
1.703000000000000000e+03
1.703000000000000000e+03
1.703000000000000000e+03
1.703000000000000000e+03
1.703000000000000000e+03
1.703000000000000000e+03
1.703000000000000000e+03
1.703000000000000000e+03
1.703000000000000000e+03
5.200000000000000000e+01
5.200000000000000000e+01
5.200000000000000000e+01
5.300000000000000000e+01
5.300000000000000000e+01
5.300000000000000000e+01
5.300000000000000000e+01
5.300000000000000000e+01
5.300000000000000000e+01
1.653000000000000000e+03
1.653000000000000000e+03
1.653000000000000000e+03
1.653000000000000000e+03
1.653000000000000000e+03
1.653000000000000000e+03
1.653000000000000000e+03
1.652000000000000000e+03
1.652000000000000000e+03
1.652000000000000000e+03
1.652000000000000000e+03
1.652000000000000000e+03
1.652000000000000000e+03
1.652000000000000000e+03
1.687000000000000000e+03
1.687000000000000000e+03
1.687000000000000000e+03
2.434000000000000000e+03
2.434000000000000000e+03
3.600000000000000000e+01
3.600000000000000000e+01
3.600000000000000000e+01
3.781000000000000000e+03
3.781000000000000000e+03
3.781000000000000000e+03
3.735000000000000000e+03
3.736000000000000000e+03
4.810000000000000000e+02
1.433000000000000000e+03
3.050000000000000000e+02
7.880000000000000000e+02
7.880000000000000000e+02
3.149000000000000000e+03
1.649000000000000000e+03
9.280000000000000000e+02
1.330000000000000000e+02
1.114000000000000000e+03
1.114000000000000000e+03
1.114000000000000000e+03
1.114000000000000000e+03
1.114000000000000000e+03
3.820000000000000000e+02
3.820000000000000000e+02
3.820000000000000000e+02
3.820000000000000000e+02
3.820000000000000000e+02
3.820000000000000000e+02
1.725000000000000000e+03
1.725000000000000000e+03
1.697000000000000000e+03
1.697000000000000000e+03
1.697000000000000000e+03
1.754000000000000000e+03
1.754000000000000000e+03
1.956000000000000000e+03
1.956000000000000000e+03
1.956000000000000000e+03
1.956000000000000000e+03
1.956000000000000000e+03
1.955000000000000000e+03
1.955000000000000000e+03
1.955000000000000000e+03
1.955000000000000000e+03
1.955000000000000000e+03
1.591000000000000000e+03
9.420000000000000000e+02
9.420000000000000000e+02
3.060000000000000000e+03
3.060000000000000000e+03
3.060000000000000000e+03
3.060000000000000000e+03
1.303800000000000000e+04
1.303800000000000000e+04
7.890000000000000000e+02
7.890000000000000000e+02
6.040000000000000000e+02
1.783000000000000000e+03
1.175200000000000000e+04
1.175200000000000000e+04
7.930000000000000000e+02
1.465200000000000000e+04
1.465200000000000000e+04
7.940000000000000000e+02
1.340000000000000000e+02
9.270000000000000000e+02
1.803000000000000000e+03
1.595000000000000000e+03
1.057000000000000000e+03
3.600000000000000000e+01
3.600000000000000000e+01
3.600000000000000000e+01
6.150000000000000000e+02
6.150000000000000000e+02
6.150000000000000000e+02
6.150000000000000000e+02
2.259000000000000000e+03
2.435000000000000000e+03
2.435000000000000000e+03
1.972000000000000000e+03
5.660000000000000000e+02
4.487000000000000000e+03
4.487000000000000000e+03
4.487000000000000000e+03
1.079000000000000000e+03
1.902000000000000000e+03
1.902000000000000000e+03
1.903000000000000000e+03
1.903000000000000000e+03
1.810000000000000000e+03
1.810000000000000000e+03
1.810000000000000000e+03
2.493000000000000000e+03
2.341000000000000000e+03
2.341000000000000000e+03
2.341000000000000000e+03
2.341000000000000000e+03
9.730000000000000000e+02
1.790000000000000000e+03
9.410000000000000000e+02
9.410000000000000000e+02
1.676000000000000000e+03
3.527000000000000000e+03
3.527000000000000000e+03
3.431000000000000000e+03
8.200000000000000000e+02
2.160000000000000000e+02
1.252000000000000000e+03
1.252000000000000000e+03
2.363000000000000000e+03
2.361000000000000000e+03
6.153000000000000000e+03
7.650000000000000000e+02
6.880000000000000000e+02
1.775000000000000000e+03
3.030000000000000000e+02
1.630000000000000000e+02
1.630000000000000000e+02
1.630000000000000000e+02
1.630000000000000000e+02
1.738000000000000000e+03
1.738000000000000000e+03
1.738000000000000000e+03
2.548000000000000000e+03
2.548000000000000000e+03
2.548000000000000000e+03
6.940000000000000000e+02
9.730000000000000000e+02
1.200000000000000000e+01
1.761000000000000000e+03
1.761000000000000000e+03
1.153300000000000000e+04
1.153300000000000000e+04
1.153300000000000000e+04
1.153300000000000000e+04
1.153300000000000000e+04
1.153300000000000000e+04
1.153300000000000000e+04
1.153300000000000000e+04
1.153300000000000000e+04
1.153300000000000000e+04
1.153300000000000000e+04
1.153300000000000000e+04
1.153300000000000000e+04
1.153300000000000000e+04
1.153300000000000000e+04
1.153300000000000000e+04
1.153300000000000000e+04
1.153300000000000000e+04
1.153300000000000000e+04
1.153300000000000000e+04
1.153300000000000000e+04
1.153300000000000000e+04
1.153300000000000000e+04
1.153300000000000000e+04
1.153300000000000000e+04
1.153300000000000000e+04
1.153300000000000000e+04
1.153300000000000000e+04
1.153300000000000000e+04
1.153300000000000000e+04
1.153300000000000000e+04
1.153300000000000000e+04
1.153300000000000000e+04
1.153300000000000000e+04
1.153300000000000000e+04
9.970000000000000000e+02
1.537100000000000000e+04
1.053600000000000000e+04
4.490000000000000000e+02
4.490000000000000000e+02
4.480000000000000000e+02
4.480000000000000000e+02
1.857000000000000000e+03
8.730000000000000000e+02
8.730000000000000000e+02
8.730000000000000000e+02
8.730000000000000000e+02
8.730000000000000000e+02
2.660000000000000000e+02
2.660000000000000000e+02
2.660000000000000000e+02
1.695000000000000000e+03
1.695000000000000000e+03
1.695000000000000000e+03
1.696000000000000000e+03
1.696000000000000000e+03
1.696000000000000000e+03
1.609000000000000000e+03
1.657000000000000000e+03
1.657000000000000000e+03
1.821000000000000000e+03
1.821000000000000000e+03
2.500000000000000000e+03
2.501000000000000000e+03
1.693000000000000000e+03
8.000000000000000000e+02
6.949000000000000000e+03
6.949000000000000000e+03
3.335000000000000000e+03
3.335000000000000000e+03
3.338000000000000000e+03
3.337000000000000000e+03
3.336000000000000000e+03
3.335000000000000000e+03
3.335000000000000000e+03
1.915000000000000000e+03
1.628000000000000000e+03
1.110000000000000000e+02
2.150000000000000000e+02
2.150000000000000000e+02
1.426000000000000000e+04
1.426000000000000000e+04
1.200000000000000000e+01
1.494000000000000000e+03
1.494000000000000000e+03
1.900000000000000000e+01
2.750000000000000000e+02
2.750000000000000000e+02
2.750000000000000000e+02
2.750000000000000000e+02
1.647000000000000000e+03
8.310000000000000000e+02
8.310000000000000000e+02
1.661000000000000000e+03
2.520000000000000000e+02
2.520000000000000000e+02
2.520000000000000000e+02
3.639000000000000000e+03
7.730000000000000000e+02
7.730000000000000000e+02
7.700000000000000000e+01
1.576000000000000000e+03
1.576000000000000000e+03
1.929000000000000000e+03
1.929000000000000000e+03
1.921000000000000000e+03
3.300000000000000000e+02
3.310000000000000000e+02
3.320000000000000000e+02
3.330000000000000000e+02
3.370000000000000000e+02
3.380000000000000000e+02
3.390000000000000000e+02
3.400000000000000000e+02
3.410000000000000000e+02
3.420000000000000000e+02
3.430000000000000000e+02
1.400000000000000000e+02
1.400000000000000000e+02
1.400000000000000000e+02
1.400000000000000000e+02
9.430000000000000000e+02
9.430000000000000000e+02
1.251000000000000000e+03
1.251000000000000000e+03
2.520000000000000000e+02
2.520000000000000000e+02
2.520000000000000000e+02
1.673000000000000000e+03
1.673000000000000000e+03
1.620000000000000000e+03
1.620000000000000000e+03
1.400000000000000000e+01
1.560000000000000000e+02
2.400000000000000000e+01
2.400000000000000000e+01
2.437000000000000000e+03
1.721000000000000000e+03
1.721000000000000000e+03
1.721000000000000000e+03
1.721000000000000000e+03
1.721000000000000000e+03
1.721000000000000000e+03
1.895000000000000000e+03
1.895000000000000000e+03
1.895000000000000000e+03
1.895000000000000000e+03
1.895000000000000000e+03
1.007000000000000000e+03
1.626000000000000000e+03
6.000000000000000000e+02
6.000000000000000000e+02
1.171700000000000000e+04
1.171700000000000000e+04
6.443000000000000000e+03
6.443000000000000000e+03
6.443000000000000000e+03
6.443000000000000000e+03
6.443000000000000000e+03
8.170000000000000000e+02
8.170000000000000000e+02
8.170000000000000000e+02
6.480000000000000000e+02
1.652000000000000000e+03
1.652000000000000000e+03
1.652000000000000000e+03
1.652000000000000000e+03
1.652000000000000000e+03
1.652000000000000000e+03
1.652000000000000000e+03
1.681000000000000000e+03
1.681000000000000000e+03
1.681000000000000000e+03
1.772000000000000000e+03
1.772000000000000000e+03
1.673000000000000000e+03
1.673000000000000000e+03
1.809000000000000000e+03
9.750000000000000000e+02
5.630000000000000000e+02
7.960000000000000000e+02
7.960000000000000000e+02
6.966000000000000000e+03
6.966000000000000000e+03
6.966000000000000000e+03
6.966000000000000000e+03
3.180000000000000000e+02
3.381000000000000000e+03
3.381000000000000000e+03
3.381000000000000000e+03
3.381000000000000000e+03
3.381000000000000000e+03
3.381000000000000000e+03
3.464000000000000000e+03
5.549000000000000000e+03
5.549000000000000000e+03
5.549000000000000000e+03
5.549000000000000000e+03
5.549000000000000000e+03
5.549000000000000000e+03
5.549000000000000000e+03
5.549000000000000000e+03
5.549000000000000000e+03
5.549000000000000000e+03
5.549000000000000000e+03
5.550000000000000000e+03
5.550000000000000000e+03
5.550000000000000000e+03
5.550000000000000000e+03
5.550000000000000000e+03
5.550000000000000000e+03
5.550000000000000000e+03
5.550000000000000000e+03
5.550000000000000000e+03
5.550000000000000000e+03
5.550000000000000000e+03
5.784000000000000000e+03
5.784000000000000000e+03
5.784000000000000000e+03
5.784000000000000000e+03
5.784000000000000000e+03
5.784000000000000000e+03
5.784000000000000000e+03
5.784000000000000000e+03
5.784000000000000000e+03
5.784000000000000000e+03
5.784000000000000000e+03
1.028000000000000000e+03
1.055000000000000000e+03
1.647000000000000000e+03
8.470000000000000000e+02
8.470000000000000000e+02
8.470000000000000000e+02
1.707000000000000000e+03
1.706000000000000000e+03
1.706000000000000000e+03
2.343000000000000000e+03
2.343000000000000000e+03
2.343000000000000000e+03
2.343000000000000000e+03
2.660000000000000000e+02
2.660000000000000000e+02
2.660000000000000000e+02
4.567000000000000000e+03
1.126000000000000000e+03
1.126000000000000000e+03
1.911000000000000000e+03
9.780000000000000000e+02
1.790000000000000000e+03
1.845000000000000000e+03
1.661000000000000000e+03
2.551000000000000000e+03
3.183000000000000000e+03
3.183000000000000000e+03
3.183000000000000000e+03
3.183000000000000000e+03
3.183000000000000000e+03
1.256000000000000000e+03
1.256000000000000000e+03
1.808000000000000000e+03
1.808000000000000000e+03
3.220000000000000000e+02
3.752000000000000000e+03
1.873000000000000000e+03
1.175400000000000000e+04
1.175400000000000000e+04
1.175400000000000000e+04
6.153000000000000000e+03
9.400000000000000000e+02
9.400000000000000000e+02
9.400000000000000000e+02
9.400000000000000000e+02
9.400000000000000000e+02
9.400000000000000000e+02
9.400000000000000000e+02
9.400000000000000000e+02
9.400000000000000000e+02
9.400000000000000000e+02
9.400000000000000000e+02
9.400000000000000000e+02
9.400000000000000000e+02
9.400000000000000000e+02
9.310000000000000000e+02
6.720000000000000000e+03
8.360000000000000000e+02
6.718000000000000000e+03
9.540000000000000000e+02
8.170000000000000000e+02
8.170000000000000000e+02
8.170000000000000000e+02
1.300000000000000000e+01
1.300000000000000000e+01
1.300000000000000000e+01
7.670000000000000000e+02
3.517000000000000000e+03
1.012000000000000000e+03
1.935000000000000000e+03
8.330000000000000000e+02
6.044000000000000000e+03
6.044000000000000000e+03
1.236000000000000000e+03
1.236000000000000000e+03
1.754000000000000000e+03
1.754000000000000000e+03
2.337000000000000000e+03
2.337000000000000000e+03
2.337000000000000000e+03
2.337000000000000000e+03
1.870000000000000000e+03
4.570000000000000000e+02
4.570000000000000000e+02
1.400000000000000000e+01
3.040000000000000000e+03
3.040000000000000000e+03
3.040000000000000000e+03
3.040000000000000000e+03
4.567000000000000000e+03
3.525000000000000000e+03
3.525000000000000000e+03
3.525000000000000000e+03
1.579000000000000000e+03
1.918000000000000000e+03
9.500000000000000000e+02
1.633000000000000000e+03
1.633000000000000000e+03
1.633000000000000000e+03
7.960000000000000000e+02
7.960000000000000000e+02
1.495000000000000000e+03
1.495000000000000000e+03
1.495000000000000000e+03
1.495000000000000000e+03
7.600000000000000000e+02
7.600000000000000000e+02
7.600000000000000000e+02
7.600000000000000000e+02
7.600000000000000000e+02
7.600000000000000000e+02
7.600000000000000000e+02
4.075000000000000000e+03
1.477000000000000000e+03
2.810000000000000000e+02
2.810000000000000000e+02
1.638000000000000000e+03
1.430000000000000000e+03
1.429000000000000000e+03
1.428000000000000000e+03
7.610000000000000000e+02
3.782000000000000000e+03
3.782000000000000000e+03
3.782000000000000000e+03
3.782000000000000000e+03
3.782000000000000000e+03
3.782000000000000000e+03
3.782000000000000000e+03
3.782000000000000000e+03
3.147000000000000000e+03
1.875000000000000000e+03
1.875000000000000000e+03
1.969000000000000000e+03
1.644000000000000000e+03
1.117500000000000000e+04
1.117500000000000000e+04
6.020000000000000000e+02
6.020000000000000000e+02
3.119000000000000000e+03
5.280000000000000000e+02
1.512000000000000000e+03
1.512000000000000000e+03
1.512000000000000000e+03
5.540000000000000000e+02
9.903000000000000000e+03
9.810000000000000000e+02
9.900000000000000000e+01
2.232000000000000000e+03
1.924000000000000000e+03
2.563000000000000000e+03
2.563000000000000000e+03
1.925000000000000000e+03
1.000000000000000000e+03
1.000000000000000000e+03
1.928000000000000000e+03
2.970000000000000000e+02
2.970000000000000000e+02
1.626000000000000000e+03
6.550000000000000000e+02
6.550000000000000000e+02
7.660000000000000000e+02
2.276000000000000000e+03
1.744000000000000000e+03
2.990000000000000000e+02
2.990000000000000000e+02
2.990000000000000000e+02
2.361000000000000000e+03
1.076400000000000000e+04
5.280000000000000000e+02
1.939000000000000000e+03
1.624000000000000000e+03
1.624000000000000000e+03
1.624000000000000000e+03
1.624000000000000000e+03
7.620000000000000000e+02
2.620000000000000000e+02
2.338000000000000000e+03
2.338000000000000000e+03
2.338000000000000000e+03
2.338000000000000000e+03
1.714000000000000000e+03
1.613000000000000000e+03
3.750000000000000000e+03
1.951000000000000000e+03
1.951000000000000000e+03
1.951000000000000000e+03
1.754000000000000000e+03
1.754000000000000000e+03
1.491000000000000000e+03
1.491000000000000000e+03
6.410000000000000000e+02
1.740000000000000000e+03
1.740000000000000000e+03
3.594000000000000000e+03
1.867000000000000000e+03
5.936000000000000000e+03
5.936000000000000000e+03
5.895000000000000000e+03
5.895000000000000000e+03
6.042000000000000000e+03
6.042000000000000000e+03
2.229000000000000000e+03
2.230000000000000000e+03
1.448000000000000000e+03
1.939000000000000000e+03
3.637000000000000000e+03
1.426700000000000000e+04
8.170000000000000000e+02
8.170000000000000000e+02
8.170000000000000000e+02
3.840000000000000000e+02
3.840000000000000000e+02
3.840000000000000000e+02
3.821000000000000000e+03
3.786000000000000000e+03
1.647000000000000000e+03
1.647000000000000000e+03
3.620000000000000000e+02
3.630000000000000000e+02
9.630000000000000000e+02
3.750000000000000000e+03
1.007000000000000000e+03
1.160000000000000000e+02
1.160000000000000000e+02
1.160000000000000000e+02
2.224000000000000000e+03
2.224000000000000000e+03
3.921000000000000000e+03
3.921000000000000000e+03
3.921000000000000000e+03
3.921000000000000000e+03
2.302000000000000000e+03
2.302000000000000000e+03
2.302000000000000000e+03
1.881000000000000000e+03
1.175300000000000000e+04
1.175300000000000000e+04
9.620000000000000000e+02
9.620000000000000000e+02
9.620000000000000000e+02
9.620000000000000000e+02
2.590000000000000000e+02
2.150000000000000000e+02
2.150000000000000000e+02
1.007000000000000000e+03
2.275000000000000000e+03
1.953000000000000000e+03
8.650000000000000000e+02
7.680000000000000000e+02
2.233000000000000000e+03
2.233000000000000000e+03
8.260000000000000000e+02
8.260000000000000000e+02
8.260000000000000000e+02
8.260000000000000000e+02
6.050000000000000000e+02
6.050000000000000000e+02
6.050000000000000000e+02
1.255000000000000000e+03
1.255000000000000000e+03
6.580000000000000000e+02
6.580000000000000000e+02
6.580000000000000000e+02
3.801000000000000000e+03
3.801000000000000000e+03
3.644000000000000000e+03
3.644000000000000000e+03
1.915000000000000000e+03
1.915000000000000000e+03
6.060000000000000000e+02
8.170000000000000000e+02
8.170000000000000000e+02
8.170000000000000000e+02
2.227000000000000000e+03
2.227000000000000000e+03
2.390000000000000000e+02
2.400000000000000000e+02
1.953000000000000000e+03
8.230000000000000000e+02
8.230000000000000000e+02
1.438000000000000000e+03
1.438000000000000000e+03
1.915000000000000000e+03
3.787000000000000000e+03
3.787000000000000000e+03
3.787000000000000000e+03
3.787000000000000000e+03
3.787000000000000000e+03
3.787000000000000000e+03
3.787000000000000000e+03
3.787000000000000000e+03
3.787000000000000000e+03
3.787000000000000000e+03
3.787000000000000000e+03
3.787000000000000000e+03
3.787000000000000000e+03
1.007000000000000000e+03
2.160000000000000000e+03
1.961000000000000000e+03
1.961000000000000000e+03
7.700000000000000000e+01
1.464000000000000000e+03
1.464000000000000000e+03
1.464000000000000000e+03
1.537200000000000000e+04
1.537200000000000000e+04
1.400000000000000000e+02
1.400000000000000000e+02
1.400000000000000000e+02
1.400000000000000000e+02
2.400000000000000000e+02
2.390000000000000000e+02
2.420000000000000000e+02
7.610000000000000000e+02
3.820000000000000000e+02
3.820000000000000000e+02
3.820000000000000000e+02
3.820000000000000000e+02
3.820000000000000000e+02
3.820000000000000000e+02
8.640000000000000000e+02
1.110000000000000000e+02
1.720000000000000000e+03
1.647000000000000000e+03
3.100000000000000000e+01
3.100000000000000000e+01
3.100000000000000000e+01
7.400000000000000000e+01
7.400000000000000000e+01
7.400000000000000000e+01
8.680000000000000000e+02
8.680000000000000000e+02
8.680000000000000000e+02
1.687000000000000000e+03
1.687000000000000000e+03
1.687000000000000000e+03
8.490000000000000000e+02
9.650000000000000000e+02
1.640000000000000000e+03
1.640000000000000000e+03
1.950000000000000000e+03
3.921000000000000000e+03
3.921000000000000000e+03
3.921000000000000000e+03
3.921000000000000000e+03
4.810000000000000000e+02
4.260000000000000000e+02
4.250000000000000000e+02
1.933000000000000000e+03
7.640000000000000000e+02
4.590000000000000000e+02
1.007000000000000000e+03
1.868700000000000000e+04
1.598300000000000000e+04
1.897000000000000000e+03
1.897000000000000000e+03
1.598100000000000000e+04
1.598100000000000000e+04
1.598200000000000000e+04
1.598300000000000000e+04
1.922100000000000000e+04
1.922100000000000000e+04
1.922100000000000000e+04
8.050000000000000000e+02
6.520000000000000000e+02
6.520000000000000000e+02
1.424000000000000000e+03
5.900000000000000000e+01
5.900000000000000000e+01
5.900000000000000000e+01
5.900000000000000000e+01
5.900000000000000000e+01
5.900000000000000000e+01
5.900000000000000000e+01
5.900000000000000000e+01
5.900000000000000000e+01
5.900000000000000000e+01
5.900000000000000000e+01
5.900000000000000000e+01
1.447000000000000000e+04
6.260000000000000000e+02
6.260000000000000000e+02
9.390000000000000000e+02
9.390000000000000000e+02
9.390000000000000000e+02
1.692000000000000000e+03
1.692000000000000000e+03
1.692000000000000000e+03
1.692000000000000000e+03
1.692000000000000000e+03
1.692000000000000000e+03
1.692000000000000000e+03
1.692000000000000000e+03
1.692000000000000000e+03
1.692000000000000000e+03
1.692000000000000000e+03
1.692000000000000000e+03
1.692000000000000000e+03
1.692000000000000000e+03
1.692000000000000000e+03
1.692000000000000000e+03
6.260000000000000000e+02
6.260000000000000000e+02
5.900000000000000000e+01
5.900000000000000000e+01
5.900000000000000000e+01
5.900000000000000000e+01
5.900000000000000000e+01
5.900000000000000000e+01
5.900000000000000000e+01
5.900000000000000000e+01
5.900000000000000000e+01
5.900000000000000000e+01
5.900000000000000000e+01
5.900000000000000000e+01
8.800000000000000000e+01
8.800000000000000000e+01
3.300000000000000000e+01
3.300000000000000000e+01
1.692000000000000000e+03
1.692000000000000000e+03
1.692000000000000000e+03
1.692000000000000000e+03
1.692000000000000000e+03
1.692000000000000000e+03
1.692000000000000000e+03
1.692000000000000000e+03
1.692000000000000000e+03
1.692000000000000000e+03
1.692000000000000000e+03
1.692000000000000000e+03
1.692000000000000000e+03
1.692000000000000000e+03
1.692000000000000000e+03
1.692000000000000000e+03
3.800000000000000000e+01
3.800000000000000000e+01
3.800000000000000000e+01
3.800000000000000000e+01
5.900000000000000000e+01
5.900000000000000000e+01
5.900000000000000000e+01
5.900000000000000000e+01
5.900000000000000000e+01
5.900000000000000000e+01
5.900000000000000000e+01
5.900000000000000000e+01
5.900000000000000000e+01
5.900000000000000000e+01
5.900000000000000000e+01
5.900000000000000000e+01
6.260000000000000000e+02
6.260000000000000000e+02
2.428000000000000000e+03
2.428000000000000000e+03
2.428000000000000000e+03
2.428000000000000000e+03
2.428000000000000000e+03
2.428000000000000000e+03
8.256000000000000000e+03
1.494100000000000000e+04
1.885000000000000000e+03
5.800000000000000000e+01
1.600000000000000000e+01
1.600000000000000000e+01
1.600000000000000000e+01
3.743000000000000000e+03
4.518000000000000000e+03
4.518000000000000000e+03
1.854000000000000000e+03
1.854000000000000000e+03
1.413600000000000000e+04
1.126300000000000000e+04
1.126300000000000000e+04
1.126300000000000000e+04
1.907000000000000000e+03
3.405000000000000000e+03
1.378700000000000000e+04
1.378700000000000000e+04
1.378700000000000000e+04
8.450000000000000000e+02
8.450000000000000000e+02
8.450000000000000000e+02
1.366800000000000000e+04
1.366800000000000000e+04
2.342000000000000000e+03
2.342000000000000000e+03
2.342000000000000000e+03
2.342000000000000000e+03
1.480000000000000000e+03
1.350000000000000000e+02
1.350000000000000000e+02
1.350000000000000000e+02
1.560000000000000000e+03
3.153000000000000000e+03
8.510000000000000000e+02
6.260000000000000000e+02
6.260000000000000000e+02
6.160000000000000000e+02
2.433000000000000000e+03
2.433000000000000000e+03
1.692000000000000000e+03
1.692000000000000000e+03
1.692000000000000000e+03
1.692000000000000000e+03
1.692000000000000000e+03
1.692000000000000000e+03
1.692000000000000000e+03
1.692000000000000000e+03
1.692000000000000000e+03
1.692000000000000000e+03
1.692000000000000000e+03
1.692000000000000000e+03
1.692000000000000000e+03
1.692000000000000000e+03
1.692000000000000000e+03
1.692000000000000000e+03
2.274000000000000000e+03
1.962000000000000000e+03
1.962000000000000000e+03
1.963000000000000000e+03
1.963000000000000000e+03
4.093000000000000000e+03
1.082000000000000000e+03
1.082000000000000000e+03
2.228000000000000000e+03
3.333000000000000000e+03
3.333000000000000000e+03
3.404000000000000000e+03
1.113000000000000000e+03
8.560000000000000000e+02
1.259000000000000000e+03
2.410000000000000000e+02
1.470000000000000000e+03
1.796000000000000000e+03
1.796000000000000000e+03
1.350000000000000000e+02
1.350000000000000000e+02
1.350000000000000000e+02
1.934000000000000000e+03
1.692000000000000000e+03
1.692000000000000000e+03
1.692000000000000000e+03
1.692000000000000000e+03
1.692000000000000000e+03
1.692000000000000000e+03
1.692000000000000000e+03
1.692000000000000000e+03
1.692000000000000000e+03
1.692000000000000000e+03
1.692000000000000000e+03
1.692000000000000000e+03
1.692000000000000000e+03
1.692000000000000000e+03
1.692000000000000000e+03
1.692000000000000000e+03
1.560000000000000000e+03
1.113000000000000000e+03
1.250300000000000000e+04
8.670000000000000000e+02
8.670000000000000000e+02
8.670000000000000000e+02
3.333000000000000000e+03
1.121200000000000000e+04
1.223400000000000000e+04
1.223400000000000000e+04
1.439000000000000000e+03
6.740000000000000000e+02
1.177900000000000000e+04
2.940000000000000000e+02
2.940000000000000000e+02
2.940000000000000000e+02
2.940000000000000000e+02
2.940000000000000000e+02
2.940000000000000000e+02
6.260000000000000000e+02
6.260000000000000000e+02
1.692000000000000000e+03
1.692000000000000000e+03
1.692000000000000000e+03
1.692000000000000000e+03
1.692000000000000000e+03
1.692000000000000000e+03
1.692000000000000000e+03
1.692000000000000000e+03
1.692000000000000000e+03
1.692000000000000000e+03
1.692000000000000000e+03
1.692000000000000000e+03
1.692000000000000000e+03
1.692000000000000000e+03
1.692000000000000000e+03
1.692000000000000000e+03
1.692000000000000000e+03
1.692000000000000000e+03
1.692000000000000000e+03
1.692000000000000000e+03
1.692000000000000000e+03
1.692000000000000000e+03
1.692000000000000000e+03
1.692000000000000000e+03
1.692000000000000000e+03
1.692000000000000000e+03
1.692000000000000000e+03
1.692000000000000000e+03
1.692000000000000000e+03
1.692000000000000000e+03
1.692000000000000000e+03
1.692000000000000000e+03
1.692000000000000000e+03
1.692000000000000000e+03
1.692000000000000000e+03
1.692000000000000000e+03
1.692000000000000000e+03
1.692000000000000000e+03
1.692000000000000000e+03
1.692000000000000000e+03
1.692000000000000000e+03
1.692000000000000000e+03
1.692000000000000000e+03
1.692000000000000000e+03
1.692000000000000000e+03
1.692000000000000000e+03
1.692000000000000000e+03
1.692000000000000000e+03
1.724000000000000000e+03
2.700000000000000000e+01
1.784000000000000000e+03
1.784000000000000000e+03
5.480000000000000000e+02
5.480000000000000000e+02
1.679000000000000000e+03
1.523000000000000000e+03
2.446000000000000000e+03
2.446000000000000000e+03
1.357100000000000000e+04
1.409000000000000000e+03
1.885000000000000000e+03
4.517000000000000000e+03
8.800000000000000000e+01
8.800000000000000000e+01
8.800000000000000000e+01
8.800000000000000000e+01
1.847000000000000000e+03
1.847000000000000000e+03
3.333000000000000000e+03
3.300000000000000000e+01
3.300000000000000000e+01
1.664000000000000000e+03
5.950000000000000000e+02
1.354000000000000000e+04
1.354000000000000000e+04
1.354000000000000000e+04
1.354000000000000000e+04
7.210000000000000000e+02
1.243000000000000000e+03
1.243000000000000000e+03
3.635000000000000000e+03
1.692000000000000000e+03
1.692000000000000000e+03
1.692000000000000000e+03
1.692000000000000000e+03
1.692000000000000000e+03
1.692000000000000000e+03
1.692000000000000000e+03
1.692000000000000000e+03
1.692000000000000000e+03
1.692000000000000000e+03
1.692000000000000000e+03
1.692000000000000000e+03
1.692000000000000000e+03
1.692000000000000000e+03
1.692000000000000000e+03
1.692000000000000000e+03
8.520000000000000000e+02
8.520000000000000000e+02
1.378700000000000000e+04
1.378700000000000000e+04
1.378700000000000000e+04
5.080000000000000000e+02
1.006000000000000000e+03
1.571000000000000000e+03
1.426000000000000000e+03
1.426000000000000000e+03
1.426000000000000000e+03
1.426000000000000000e+03
1.426000000000000000e+03
1.426000000000000000e+03
1.473300000000000000e+04
1.473300000000000000e+04
1.473300000000000000e+04
1.473300000000000000e+04
2.410000000000000000e+02
1.489000000000000000e+03
1.489000000000000000e+03
1.489000000000000000e+03
7.580000000000000000e+02
7.580000000000000000e+02
7.580000000000000000e+02
7.580000000000000000e+02
1.488000000000000000e+03
1.488000000000000000e+03
3.783000000000000000e+03
3.783000000000000000e+03
3.783000000000000000e+03
3.783000000000000000e+03
3.783000000000000000e+03
3.783000000000000000e+03
3.783000000000000000e+03
3.783000000000000000e+03
3.783000000000000000e+03
3.783000000000000000e+03
3.783000000000000000e+03
3.783000000000000000e+03
1.958000000000000000e+03
1.835000000000000000e+03
1.835000000000000000e+03
1.835000000000000000e+03
6.260000000000000000e+02
6.260000000000000000e+02
4.091000000000000000e+03
4.091000000000000000e+03
1.011000000000000000e+03
1.011000000000000000e+03
1.011000000000000000e+03
2.619000000000000000e+03
1.823000000000000000e+03
5.900000000000000000e+01
5.900000000000000000e+01
5.900000000000000000e+01
5.900000000000000000e+01
5.900000000000000000e+01
5.900000000000000000e+01
5.900000000000000000e+01
5.900000000000000000e+01
5.900000000000000000e+01
5.900000000000000000e+01
5.900000000000000000e+01
5.900000000000000000e+01
1.488000000000000000e+03
1.488000000000000000e+03
1.350000000000000000e+02
1.350000000000000000e+02
1.350000000000000000e+02
6.282000000000000000e+03
6.281000000000000000e+03
4.091000000000000000e+03
4.091000000000000000e+03
4.091000000000000000e+03
4.091000000000000000e+03
1.126300000000000000e+04
1.126300000000000000e+04
1.126300000000000000e+04
1.011000000000000000e+03
1.011000000000000000e+03
1.011000000000000000e+03
1.455000000000000000e+03
1.796000000000000000e+03
1.796000000000000000e+03
1.692000000000000000e+03
1.692000000000000000e+03
1.692000000000000000e+03
1.692000000000000000e+03
1.692000000000000000e+03
1.692000000000000000e+03
1.692000000000000000e+03
1.692000000000000000e+03
1.692000000000000000e+03
1.692000000000000000e+03
1.692000000000000000e+03
1.692000000000000000e+03
1.692000000000000000e+03
1.692000000000000000e+03
1.692000000000000000e+03
1.692000000000000000e+03
5.602000000000000000e+03
2.510000000000000000e+03
2.510000000000000000e+03
2.760000000000000000e+02
2.760000000000000000e+02
2.760000000000000000e+02
2.760000000000000000e+02
2.760000000000000000e+02
2.760000000000000000e+02
2.760000000000000000e+02
2.760000000000000000e+02
1.082000000000000000e+03
1.082000000000000000e+03
1.692000000000000000e+03
1.692000000000000000e+03
1.692000000000000000e+03
1.692000000000000000e+03
1.692000000000000000e+03
1.692000000000000000e+03
1.692000000000000000e+03
1.692000000000000000e+03
1.692000000000000000e+03
1.692000000000000000e+03
1.692000000000000000e+03
1.692000000000000000e+03
1.692000000000000000e+03
1.692000000000000000e+03
1.692000000000000000e+03
1.692000000000000000e+03
4.073000000000000000e+03
4.073000000000000000e+03
1.598200000000000000e+04
1.395300000000000000e+04
1.395300000000000000e+04
1.395300000000000000e+04
1.395300000000000000e+04
1.395300000000000000e+04
1.395300000000000000e+04
1.395300000000000000e+04
1.395300000000000000e+04
1.395300000000000000e+04
1.395300000000000000e+04
1.395300000000000000e+04
1.395300000000000000e+04
3.333000000000000000e+03
1.619000000000000000e+03
1.478000000000000000e+03
1.240000000000000000e+02
8.540000000000000000e+02
3.800000000000000000e+02
1.515000000000000000e+03
1.719000000000000000e+03
5.800000000000000000e+01
1.210000000000000000e+02
1.210000000000000000e+02
1.210000000000000000e+02
1.210000000000000000e+02
1.210000000000000000e+02
1.210000000000000000e+02
1.210000000000000000e+02
1.210000000000000000e+02
1.210000000000000000e+02
1.210000000000000000e+02
1.210000000000000000e+02
1.210000000000000000e+02
1.210000000000000000e+02
1.488000000000000000e+03
1.488000000000000000e+03
5.900000000000000000e+01
5.900000000000000000e+01
5.900000000000000000e+01
5.900000000000000000e+01
5.900000000000000000e+01
5.900000000000000000e+01
5.900000000000000000e+01
5.900000000000000000e+01
5.900000000000000000e+01
5.900000000000000000e+01
5.900000000000000000e+01
5.900000000000000000e+01
5.900000000000000000e+01
5.900000000000000000e+01
5.900000000000000000e+01
5.900000000000000000e+01
5.900000000000000000e+01
5.900000000000000000e+01
5.900000000000000000e+01
5.900000000000000000e+01
5.900000000000000000e+01
5.900000000000000000e+01
5.900000000000000000e+01
5.900000000000000000e+01
1.424000000000000000e+03
2.342000000000000000e+03
2.342000000000000000e+03
2.342000000000000000e+03
2.342000000000000000e+03
1.784000000000000000e+03
1.784000000000000000e+03
2.320000000000000000e+02
2.320000000000000000e+02
2.320000000000000000e+02
2.320000000000000000e+02
2.320000000000000000e+02
2.320000000000000000e+02
2.320000000000000000e+02
2.320000000000000000e+02
2.320000000000000000e+02
2.320000000000000000e+02
2.320000000000000000e+02
2.320000000000000000e+02
1.350000000000000000e+02
1.350000000000000000e+02
1.350000000000000000e+02
2.760000000000000000e+02
2.760000000000000000e+02
2.760000000000000000e+02
2.760000000000000000e+02
2.760000000000000000e+02
2.760000000000000000e+02
2.760000000000000000e+02
2.760000000000000000e+02
7.250000000000000000e+03
7.250000000000000000e+03
7.250000000000000000e+03
6.260000000000000000e+02
6.260000000000000000e+02
7.000000000000000000e+02
2.428000000000000000e+03
2.428000000000000000e+03
2.428000000000000000e+03
2.428000000000000000e+03
2.428000000000000000e+03
2.428000000000000000e+03
2.740000000000000000e+02
2.740000000000000000e+02
2.740000000000000000e+02
2.740000000000000000e+02
2.740000000000000000e+02
2.740000000000000000e+02
2.740000000000000000e+02
2.740000000000000000e+02
2.740000000000000000e+02
2.740000000000000000e+02
2.740000000000000000e+02
2.740000000000000000e+02
2.740000000000000000e+02
2.740000000000000000e+02
2.740000000000000000e+02
2.740000000000000000e+02
2.740000000000000000e+02
2.740000000000000000e+02
2.740000000000000000e+02
1.580000000000000000e+03
1.580000000000000000e+03
1.580000000000000000e+03
1.580000000000000000e+03
1.395300000000000000e+04
1.395300000000000000e+04
1.395300000000000000e+04
1.395300000000000000e+04
1.395300000000000000e+04
1.395300000000000000e+04
1.395300000000000000e+04
1.395300000000000000e+04
1.395300000000000000e+04
1.395300000000000000e+04
1.395300000000000000e+04
1.395300000000000000e+04
1.113000000000000000e+03
5.800000000000000000e+01
1.530000000000000000e+02
1.530000000000000000e+02
1.426000000000000000e+03
1.426000000000000000e+03
1.426000000000000000e+03
1.426000000000000000e+03
1.426000000000000000e+03
1.426000000000000000e+03
4.000000000000000000e+00
4.000000000000000000e+00
4.000000000000000000e+00
1.496000000000000000e+03
1.092000000000000000e+03
1.092000000000000000e+03
1.092000000000000000e+03
5.900000000000000000e+01
5.900000000000000000e+01
5.900000000000000000e+01
5.900000000000000000e+01
5.900000000000000000e+01
5.900000000000000000e+01
5.900000000000000000e+01
5.900000000000000000e+01
5.900000000000000000e+01
5.900000000000000000e+01
5.900000000000000000e+01
5.900000000000000000e+01
1.814000000000000000e+03
1.692000000000000000e+03
1.692000000000000000e+03
1.692000000000000000e+03
1.692000000000000000e+03
1.692000000000000000e+03
1.692000000000000000e+03
1.692000000000000000e+03
1.692000000000000000e+03
1.692000000000000000e+03
1.692000000000000000e+03
1.692000000000000000e+03
1.692000000000000000e+03
1.692000000000000000e+03
1.692000000000000000e+03
1.692000000000000000e+03
1.692000000000000000e+03
6.260000000000000000e+02
6.260000000000000000e+02
6.260000000000000000e+02
6.260000000000000000e+02
1.350000000000000000e+02
1.350000000000000000e+02
1.350000000000000000e+02
1.817000000000000000e+03
1.000000000000000000e+01
1.000000000000000000e+01
1.000000000000000000e+01
1.000000000000000000e+01
5.080000000000000000e+02
2.760000000000000000e+02
2.760000000000000000e+02
2.760000000000000000e+02
2.760000000000000000e+02
2.760000000000000000e+02
2.760000000000000000e+02
2.760000000000000000e+02
2.760000000000000000e+02
1.478000000000000000e+03
6.190000000000000000e+02
8.820000000000000000e+02
1.210000000000000000e+02
1.210000000000000000e+02
1.210000000000000000e+02
1.210000000000000000e+02
1.210000000000000000e+02
1.210000000000000000e+02
1.210000000000000000e+02
1.210000000000000000e+02
1.210000000000000000e+02
1.210000000000000000e+02
1.210000000000000000e+02
1.210000000000000000e+02
1.210000000000000000e+02
2.549000000000000000e+03
1.210000000000000000e+02
1.210000000000000000e+02
1.210000000000000000e+02
1.210000000000000000e+02
1.210000000000000000e+02
1.210000000000000000e+02
1.210000000000000000e+02
1.210000000000000000e+02
1.210000000000000000e+02
1.210000000000000000e+02
1.210000000000000000e+02
1.210000000000000000e+02
1.210000000000000000e+02
1.692000000000000000e+03
1.692000000000000000e+03
1.692000000000000000e+03
1.692000000000000000e+03
1.692000000000000000e+03
1.692000000000000000e+03
1.692000000000000000e+03
1.692000000000000000e+03
1.692000000000000000e+03
1.692000000000000000e+03
1.692000000000000000e+03
1.692000000000000000e+03
1.692000000000000000e+03
1.692000000000000000e+03
1.692000000000000000e+03
1.692000000000000000e+03
1.965000000000000000e+03
5.917000000000000000e+03
5.917000000000000000e+03
1.607000000000000000e+03
1.350000000000000000e+02
1.350000000000000000e+02
1.350000000000000000e+02
4.091000000000000000e+03
4.091000000000000000e+03
1.011000000000000000e+03
1.011000000000000000e+03
1.011000000000000000e+03
6.260000000000000000e+02
6.260000000000000000e+02
1.782000000000000000e+03
1.782000000000000000e+03
1.782000000000000000e+03
1.782000000000000000e+03
1.782000000000000000e+03
1.782000000000000000e+03
1.782000000000000000e+03
1.782000000000000000e+03
1.782000000000000000e+03
1.782000000000000000e+03
1.782000000000000000e+03
1.782000000000000000e+03
1.782000000000000000e+03
1.782000000000000000e+03
1.782000000000000000e+03
1.782000000000000000e+03
1.782000000000000000e+03
1.782000000000000000e+03
1.782000000000000000e+03
1.782000000000000000e+03
1.782000000000000000e+03
1.782000000000000000e+03
1.782000000000000000e+03
1.782000000000000000e+03
1.782000000000000000e+03
1.782000000000000000e+03
1.782000000000000000e+03
1.782000000000000000e+03
1.782000000000000000e+03
1.596000000000000000e+03
1.596000000000000000e+03
1.692000000000000000e+03
1.692000000000000000e+03
1.692000000000000000e+03
1.692000000000000000e+03
1.692000000000000000e+03
1.692000000000000000e+03
1.692000000000000000e+03
1.692000000000000000e+03
1.692000000000000000e+03
1.692000000000000000e+03
1.692000000000000000e+03
1.692000000000000000e+03
1.692000000000000000e+03
1.692000000000000000e+03
1.692000000000000000e+03
1.692000000000000000e+03
1.053300000000000000e+04
1.053300000000000000e+04
5.900000000000000000e+01
5.900000000000000000e+01
5.900000000000000000e+01
5.900000000000000000e+01
5.900000000000000000e+01
5.900000000000000000e+01
5.900000000000000000e+01
5.900000000000000000e+01
5.900000000000000000e+01
5.900000000000000000e+01
5.900000000000000000e+01
5.900000000000000000e+01
1.092000000000000000e+03
1.092000000000000000e+03
1.092000000000000000e+03
5.900000000000000000e+01
5.900000000000000000e+01
5.900000000000000000e+01
5.900000000000000000e+01
5.900000000000000000e+01
5.900000000000000000e+01
5.900000000000000000e+01
5.900000000000000000e+01
5.900000000000000000e+01
5.900000000000000000e+01
5.900000000000000000e+01
5.900000000000000000e+01
1.941000000000000000e+03
4.500000000000000000e+01
8.540000000000000000e+02
1.614700000000000000e+04
1.614800000000000000e+04
1.614800000000000000e+04
1.614900000000000000e+04
1.615000000000000000e+04
1.300000000000000000e+02
1.300000000000000000e+02
1.300000000000000000e+02
1.300000000000000000e+02
1.604800000000000000e+04
5.898000000000000000e+03
1.604700000000000000e+04
1.604900000000000000e+04
1.822000000000000000e+03
1.822000000000000000e+03
1.822000000000000000e+03
1.822000000000000000e+03
1.822000000000000000e+03
1.822000000000000000e+03
1.822000000000000000e+03
1.822000000000000000e+03
1.822000000000000000e+03
6.221000000000000000e+03
1.840000000000000000e+03
1.706700000000000000e+04
3.380000000000000000e+03
3.380000000000000000e+03
1.576100000000000000e+04
1.576100000000000000e+04
1.576100000000000000e+04
1.834000000000000000e+03
1.576200000000000000e+04
1.576200000000000000e+04
1.576200000000000000e+04
1.576200000000000000e+04
1.576400000000000000e+04
1.576400000000000000e+04
1.576400000000000000e+04
1.576300000000000000e+04
1.576300000000000000e+04
1.576300000000000000e+04
1.576000000000000000e+04
1.576000000000000000e+04
1.576000000000000000e+04
1.586600000000000000e+04
1.586600000000000000e+04
3.920000000000000000e+02
3.920000000000000000e+02
1.637000000000000000e+04
1.637000000000000000e+04
1.637000000000000000e+04
1.637000000000000000e+04
1.637000000000000000e+04
1.637000000000000000e+04
5.350000000000000000e+03
5.350000000000000000e+03
5.350000000000000000e+03
5.350000000000000000e+03
5.350000000000000000e+03
5.350000000000000000e+03
5.350000000000000000e+03
5.350000000000000000e+03
5.350000000000000000e+03
5.350000000000000000e+03
5.825000000000000000e+03
1.426000000000000000e+03
1.426000000000000000e+03
1.426000000000000000e+03
1.426000000000000000e+03
1.426000000000000000e+03
1.426000000000000000e+03
4.200000000000000000e+01
4.200000000000000000e+01
2.851000000000000000e+03
1.199100000000000000e+04
1.684000000000000000e+04
1.683900000000000000e+04
3.550000000000000000e+02
3.550000000000000000e+02
3.550000000000000000e+02
1.426000000000000000e+03
1.426000000000000000e+03
1.426000000000000000e+03
1.426000000000000000e+03
1.426000000000000000e+03
1.426000000000000000e+03
9.660000000000000000e+02
1.510000000000000000e+02
2.650000000000000000e+02
2.650000000000000000e+02
2.650000000000000000e+02
2.650000000000000000e+02
2.650000000000000000e+02
2.650000000000000000e+02
2.650000000000000000e+02
2.650000000000000000e+02
2.650000000000000000e+02
9.510000000000000000e+02
3.417000000000000000e+03
8.316000000000000000e+03
1.684100000000000000e+04
8.000000000000000000e+00
8.000000000000000000e+00
5.898000000000000000e+03
5.825000000000000000e+03
4.800000000000000000e+02
4.800000000000000000e+02
4.800000000000000000e+02
4.800000000000000000e+02
4.800000000000000000e+02
3.366000000000000000e+03
3.366000000000000000e+03
3.366000000000000000e+03
3.366000000000000000e+03
3.366000000000000000e+03
1.710300000000000000e+04
1.897000000000000000e+03
1.897000000000000000e+03
1.897000000000000000e+03
1.897000000000000000e+03
1.722800000000000000e+04
1.739000000000000000e+03
1.739000000000000000e+03
1.739000000000000000e+03
1.739000000000000000e+03
1.739000000000000000e+03
1.739000000000000000e+03
1.739000000000000000e+03
1.739000000000000000e+03
1.533000000000000000e+03
1.768600000000000000e+04
4.830000000000000000e+02
4.830000000000000000e+02
5.290000000000000000e+02
5.290000000000000000e+02
5.290000000000000000e+02
2.000000000000000000e+01
1.280000000000000000e+02
1.280000000000000000e+02
1.280000000000000000e+02
1.280000000000000000e+02
1.280000000000000000e+02
1.280000000000000000e+02
1.280000000000000000e+02
1.280000000000000000e+02
1.280000000000000000e+02
1.280000000000000000e+02
1.280000000000000000e+02
1.280000000000000000e+02
1.280000000000000000e+02
1.280000000000000000e+02
1.280000000000000000e+02
1.280000000000000000e+02
1.280000000000000000e+02
1.280000000000000000e+02
1.280000000000000000e+02
1.280000000000000000e+02
1.280000000000000000e+02
1.280000000000000000e+02
1.280000000000000000e+02
1.280000000000000000e+02
1.280000000000000000e+02
1.280000000000000000e+02
1.280000000000000000e+02
1.280000000000000000e+02
1.280000000000000000e+02
1.280000000000000000e+02
1.280000000000000000e+02
1.280000000000000000e+02
1.280000000000000000e+02
1.280000000000000000e+02
1.280000000000000000e+02
1.280000000000000000e+02
1.280000000000000000e+02
1.280000000000000000e+02
1.280000000000000000e+02
1.280000000000000000e+02
1.280000000000000000e+02
1.280000000000000000e+02
1.187000000000000000e+03
1.187000000000000000e+03
1.187000000000000000e+03
1.187000000000000000e+03
1.187000000000000000e+03
2.540000000000000000e+02
1.487000000000000000e+03
1.472700000000000000e+04
1.472700000000000000e+04
9.560000000000000000e+02
9.560000000000000000e+02
2.614000000000000000e+03
1.485000000000000000e+03
1.485000000000000000e+03
1.485000000000000000e+03
3.366000000000000000e+03
3.366000000000000000e+03
3.366000000000000000e+03
3.366000000000000000e+03
3.366000000000000000e+03
1.010000000000000000e+02
2.490000000000000000e+02
2.490000000000000000e+02
2.490000000000000000e+02
2.490000000000000000e+02
2.490000000000000000e+02
2.490000000000000000e+02
2.490000000000000000e+02
2.490000000000000000e+02
2.490000000000000000e+02
2.490000000000000000e+02
2.490000000000000000e+02
2.490000000000000000e+02
1.040000000000000000e+02
1.040000000000000000e+02
4.930000000000000000e+02
4.930000000000000000e+02
4.930000000000000000e+02
1.598100000000000000e+04
1.598100000000000000e+04
1.837100000000000000e+04
9.709000000000000000e+03
1.822400000000000000e+04
6.550000000000000000e+02
6.550000000000000000e+02
1.598300000000000000e+04
1.280000000000000000e+02
1.280000000000000000e+02
1.280000000000000000e+02
1.280000000000000000e+02
1.280000000000000000e+02
1.280000000000000000e+02
1.280000000000000000e+02
1.280000000000000000e+02
1.280000000000000000e+02
1.280000000000000000e+02
1.280000000000000000e+02
1.280000000000000000e+02
1.280000000000000000e+02
1.280000000000000000e+02
1.280000000000000000e+02
1.280000000000000000e+02
1.280000000000000000e+02
1.280000000000000000e+02
1.280000000000000000e+02
1.280000000000000000e+02
1.280000000000000000e+02
1.897000000000000000e+03
1.053600000000000000e+04
3.800000000000000000e+02
2.160000000000000000e+02
5.900000000000000000e+01
5.900000000000000000e+01
5.900000000000000000e+01
5.900000000000000000e+01
5.900000000000000000e+01
5.900000000000000000e+01
5.900000000000000000e+01
5.900000000000000000e+01
5.900000000000000000e+01
5.900000000000000000e+01
5.900000000000000000e+01
5.900000000000000000e+01
8.540000000000000000e+02
1.689000000000000000e+03
1.790000000000000000e+03
5.080000000000000000e+02
8.289000000000000000e+03
8.289000000000000000e+03
1.426000000000000000e+03
1.426000000000000000e+03
1.426000000000000000e+03
1.426000000000000000e+03
1.426000000000000000e+03
1.426000000000000000e+03
5.280000000000000000e+02
1.210000000000000000e+02
1.210000000000000000e+02
1.210000000000000000e+02
1.210000000000000000e+02
1.210000000000000000e+02
1.210000000000000000e+02
1.210000000000000000e+02
1.210000000000000000e+02
1.210000000000000000e+02
1.210000000000000000e+02
1.210000000000000000e+02
1.210000000000000000e+02
1.210000000000000000e+02
5.280000000000000000e+02
8.190000000000000000e+02
1.930200000000000000e+04
2.554000000000000000e+03
2.554000000000000000e+03
1.837200000000000000e+04
1.837200000000000000e+04
1.838200000000000000e+04
1.822300000000000000e+04
1.822500000000000000e+04
1.822600000000000000e+04
1.836900000000000000e+04
3.742000000000000000e+03
1.847200000000000000e+04
1.847200000000000000e+04
1.847200000000000000e+04
6.810000000000000000e+02
6.810000000000000000e+02
6.810000000000000000e+02
6.810000000000000000e+02
6.810000000000000000e+02
6.810000000000000000e+02
6.810000000000000000e+02
6.810000000000000000e+02
8.744000000000000000e+03
2.493000000000000000e+03
1.891300000000000000e+04
2.167200000000000000e+04
2.167200000000000000e+04
2.167200000000000000e+04
2.167200000000000000e+04
2.167200000000000000e+04
2.167200000000000000e+04
2.167200000000000000e+04
2.167200000000000000e+04
2.167200000000000000e+04
2.167200000000000000e+04
1.777000000000000000e+03
1.214000000000000000e+03
1.214000000000000000e+03
1.643100000000000000e+04
1.643100000000000000e+04
5.342000000000000000e+03
1.885100000000000000e+04
1.885100000000000000e+04
1.885100000000000000e+04
1.885100000000000000e+04
1.885100000000000000e+04
1.074700000000000000e+04
1.074700000000000000e+04
1.074700000000000000e+04
1.074700000000000000e+04
1.971000000000000000e+03
3.350000000000000000e+02
3.360000000000000000e+02
1.820000000000000000e+03
1.820000000000000000e+03
1.820000000000000000e+03
3.526000000000000000e+03
3.526000000000000000e+03
1.919000000000000000e+04
1.919000000000000000e+04
7.980000000000000000e+02
7.980000000000000000e+02
7.980000000000000000e+02
1.710000000000000000e+03
1.710000000000000000e+03
1.451900000000000000e+04
1.621000000000000000e+03
1.621000000000000000e+03
1.350000000000000000e+02
1.350000000000000000e+02
1.350000000000000000e+02
1.234900000000000000e+04
1.930200000000000000e+04
1.930200000000000000e+04
1.926700000000000000e+04
1.926700000000000000e+04
1.926700000000000000e+04
1.930200000000000000e+04
1.785000000000000000e+03
1.785000000000000000e+03
1.822000000000000000e+03
1.822000000000000000e+03
1.822000000000000000e+03
1.822000000000000000e+03
1.822000000000000000e+03
1.822000000000000000e+03
1.822000000000000000e+03
1.822000000000000000e+03
1.822000000000000000e+03
6.260000000000000000e+02
6.260000000000000000e+02
1.971000000000000000e+04
1.971000000000000000e+04
1.457000000000000000e+03
1.577700000000000000e+04
1.377500000000000000e+04
1.377500000000000000e+04
1.377500000000000000e+04
1.377500000000000000e+04
1.431000000000000000e+03
1.431000000000000000e+03
1.431000000000000000e+03
1.706700000000000000e+04
2.080700000000000000e+04
2.080700000000000000e+04
2.080700000000000000e+04
2.080700000000000000e+04
2.080700000000000000e+04
5.070000000000000000e+02
5.250000000000000000e+02
5.250000000000000000e+02
5.250000000000000000e+02
5.250000000000000000e+02
5.260000000000000000e+02
5.260000000000000000e+02
5.260000000000000000e+02
5.260000000000000000e+02
2.107100000000000000e+04
2.107100000000000000e+04
2.107100000000000000e+04
2.107100000000000000e+04
2.107100000000000000e+04
5.290000000000000000e+02
5.290000000000000000e+02
5.290000000000000000e+02
6.320000000000000000e+02
6.320000000000000000e+02
6.320000000000000000e+02
6.320000000000000000e+02
6.320000000000000000e+02
6.320000000000000000e+02
6.320000000000000000e+02
6.320000000000000000e+02
6.320000000000000000e+02
6.320000000000000000e+02
6.320000000000000000e+02
6.320000000000000000e+02
6.320000000000000000e+02
6.320000000000000000e+02
6.320000000000000000e+02
6.320000000000000000e+02
6.320000000000000000e+02
6.320000000000000000e+02
6.320000000000000000e+02
6.320000000000000000e+02
6.320000000000000000e+02
6.320000000000000000e+02
6.320000000000000000e+02
6.320000000000000000e+02
6.320000000000000000e+02
6.320000000000000000e+02
6.320000000000000000e+02
6.320000000000000000e+02
6.320000000000000000e+02
6.320000000000000000e+02
6.320000000000000000e+02
6.320000000000000000e+02
5.290000000000000000e+02
5.290000000000000000e+02
5.290000000000000000e+02
1.768000000000000000e+03
1.768000000000000000e+03
1.768000000000000000e+03
1.768000000000000000e+03
1.768000000000000000e+03
1.768000000000000000e+03
2.114000000000000000e+04
1.387700000000000000e+04
8.968000000000000000e+03
8.210000000000000000e+02
8.210000000000000000e+02
2.114700000000000000e+04
2.114700000000000000e+04
6.320000000000000000e+02
6.320000000000000000e+02
6.320000000000000000e+02
6.320000000000000000e+02
6.320000000000000000e+02
6.320000000000000000e+02
6.320000000000000000e+02
6.320000000000000000e+02
6.320000000000000000e+02
6.320000000000000000e+02
6.320000000000000000e+02
6.320000000000000000e+02
6.320000000000000000e+02
6.320000000000000000e+02
6.320000000000000000e+02
6.320000000000000000e+02
2.490000000000000000e+02
2.490000000000000000e+02
2.490000000000000000e+02
2.490000000000000000e+02
2.490000000000000000e+02
2.490000000000000000e+02
2.490000000000000000e+02
2.490000000000000000e+02
2.490000000000000000e+02
2.490000000000000000e+02
2.490000000000000000e+02
2.490000000000000000e+02
5.580000000000000000e+02
5.600000000000000000e+02
2.870000000000000000e+02
2.870000000000000000e+02
2.870000000000000000e+02
2.870000000000000000e+02
2.870000000000000000e+02
2.870000000000000000e+02
2.870000000000000000e+02
3.465000000000000000e+03
1.520000000000000000e+03
1.520000000000000000e+03
5.260000000000000000e+02
5.260000000000000000e+02
5.260000000000000000e+02
5.260000000000000000e+02
2.114800000000000000e+04
2.490000000000000000e+02
2.490000000000000000e+02
2.490000000000000000e+02
2.490000000000000000e+02
2.490000000000000000e+02
2.490000000000000000e+02
2.490000000000000000e+02
2.490000000000000000e+02
2.490000000000000000e+02
2.490000000000000000e+02
2.490000000000000000e+02
2.490000000000000000e+02
2.490000000000000000e+02
2.490000000000000000e+02
2.490000000000000000e+02
2.490000000000000000e+02
2.490000000000000000e+02
2.490000000000000000e+02
2.490000000000000000e+02
2.490000000000000000e+02
2.490000000000000000e+02
2.490000000000000000e+02
2.490000000000000000e+02
2.490000000000000000e+02
5.375000000000000000e+03
5.375000000000000000e+03
2.335000000000000000e+03
2.335000000000000000e+03
2.335000000000000000e+03
2.335000000000000000e+03
3.651000000000000000e+03
1.460000000000000000e+02
2.148000000000000000e+04
3.651000000000000000e+03
5.364000000000000000e+03
3.020000000000000000e+02
3.040000000000000000e+02
2.208100000000000000e+04
2.208200000000000000e+04
2.208300000000000000e+04
1.816000000000000000e+03
5.275000000000000000e+03
4.670000000000000000e+02
1.604800000000000000e+04
2.226000000000000000e+03
2.226000000000000000e+03
2.233600000000000000e+04
2.257000000000000000e+03
1.563000000000000000e+03
1.563000000000000000e+03
1.563000000000000000e+03
1.563000000000000000e+03
1.563000000000000000e+03
1.563000000000000000e+03
1.563000000000000000e+03
7.280000000000000000e+02
7.280000000000000000e+02
7.280000000000000000e+02
7.566000000000000000e+03
2.247600000000000000e+04
