1.000000000000000000e+00
1.000000000000000000e+00
1.000000000000000000e+00
1.000000000000000000e+00
1.000000000000000000e+00
1.000000000000000000e+00
1.000000000000000000e+00
1.000000000000000000e+00
1.000000000000000000e+00
1.000000000000000000e+00
1.000000000000000000e+00
1.000000000000000000e+00
1.000000000000000000e+00
1.000000000000000000e+00
1.000000000000000000e+00
1.000000000000000000e+00
1.000000000000000000e+00
1.000000000000000000e+00
1.000000000000000000e+00
1.000000000000000000e+00
1.000000000000000000e+00
1.000000000000000000e+00
1.000000000000000000e+00
1.000000000000000000e+00
1.000000000000000000e+00
1.000000000000000000e+00
1.280000000000000000e+02
1.280000000000000000e+02
1.280000000000000000e+02
1.280000000000000000e+02
1.280000000000000000e+02
1.280000000000000000e+02
1.280000000000000000e+02
1.280000000000000000e+02
1.280000000000000000e+02
1.280000000000000000e+02
1.280000000000000000e+02
1.280000000000000000e+02
1.280000000000000000e+02
1.280000000000000000e+02
1.280000000000000000e+02
1.280000000000000000e+02
1.280000000000000000e+02
1.280000000000000000e+02
1.280000000000000000e+02
1.280000000000000000e+02
1.280000000000000000e+02
1.280000000000000000e+02
1.280000000000000000e+02
1.280000000000000000e+02
1.280000000000000000e+02
1.280000000000000000e+02
1.280000000000000000e+02
1.280000000000000000e+02
1.280000000000000000e+02
1.280000000000000000e+02
1.280000000000000000e+02
1.280000000000000000e+02
1.280000000000000000e+02
1.280000000000000000e+02
1.280000000000000000e+02
1.280000000000000000e+02
1.280000000000000000e+02
1.280000000000000000e+02
1.280000000000000000e+02
1.280000000000000000e+02
1.280000000000000000e+02
1.280000000000000000e+02
1.840000000000000000e+03
3.060000000000000000e+03
3.060000000000000000e+03
3.060000000000000000e+03
3.060000000000000000e+03
1.465200000000000000e+04
1.465200000000000000e+04
1.126300000000000000e+04
1.126300000000000000e+04
1.126300000000000000e+04
2.804000000000000000e+03
9.560000000000000000e+02
9.560000000000000000e+02
1.491000000000000000e+03
1.491000000000000000e+03
5.343000000000000000e+03
5.343000000000000000e+03
5.343000000000000000e+03
5.343000000000000000e+03
2.540000000000000000e+02
8.050000000000000000e+02
1.250300000000000000e+04
2.810000000000000000e+02
2.810000000000000000e+02
1.328200000000000000e+04
1.354200000000000000e+04
1.354200000000000000e+04
1.378800000000000000e+04
1.378800000000000000e+04
8.681000000000000000e+03
6.215000000000000000e+03
9.950000000000000000e+02
4.567000000000000000e+03
7.960000000000000000e+02
7.960000000000000000e+02
1.495000000000000000e+03
1.495000000000000000e+03
1.495000000000000000e+03
1.495000000000000000e+03
7.600000000000000000e+02
7.600000000000000000e+02
7.600000000000000000e+02
7.600000000000000000e+02
7.600000000000000000e+02
7.600000000000000000e+02
7.600000000000000000e+02
4.075000000000000000e+03
2.341000000000000000e+03
2.341000000000000000e+03
2.341000000000000000e+03
2.341000000000000000e+03
9.430000000000000000e+02
9.430000000000000000e+02
1.761000000000000000e+03
1.761000000000000000e+03
2.610000000000000000e+02
2.610000000000000000e+02
2.630000000000000000e+02
2.630000000000000000e+02
2.630000000000000000e+02
1.468000000000000000e+03
6.270000000000000000e+02
6.270000000000000000e+02
1.620000000000000000e+02
1.620000000000000000e+02
1.620000000000000000e+02
1.620000000000000000e+02
1.610000000000000000e+02
1.610000000000000000e+02
1.610000000000000000e+02
1.610000000000000000e+02
1.740000000000000000e+03
1.740000000000000000e+03
6.410000000000000000e+02
5.490000000000000000e+02
5.490000000000000000e+02
1.243000000000000000e+03
1.243000000000000000e+03
1.533000000000000000e+03
1.920000000000000000e+03
1.920000000000000000e+03
3.000000000000000000e+00
3.000000000000000000e+00
1.733000000000000000e+03
1.733000000000000000e+03
8.720000000000000000e+02
2.437000000000000000e+03
9.450000000000000000e+02
9.450000000000000000e+02
9.450000000000000000e+02
7.590000000000000000e+02
7.590000000000000000e+02
7.590000000000000000e+02
8.650000000000000000e+02
2.620000000000000000e+02
1.951000000000000000e+03
1.951000000000000000e+03
1.951000000000000000e+03
9.750000000000000000e+02
2.750000000000000000e+02
2.750000000000000000e+02
2.750000000000000000e+02
2.750000000000000000e+02
1.256000000000000000e+03
1.256000000000000000e+03
2.549000000000000000e+03
1.661000000000000000e+03
1.911000000000000000e+03
2.548000000000000000e+03
2.548000000000000000e+03
2.548000000000000000e+03
1.845000000000000000e+03
1.698000000000000000e+03
1.749000000000000000e+03
2.492000000000000000e+03
2.860000000000000000e+02
2.860000000000000000e+02
2.860000000000000000e+02
2.860000000000000000e+02
2.611000000000000000e+03
2.612000000000000000e+03
2.613000000000000000e+03
5.600000000000000000e+02
6.260000000000000000e+02
6.260000000000000000e+02
7.000000000000000000e+02
1.892000000000000000e+03
3.781000000000000000e+03
3.781000000000000000e+03
3.781000000000000000e+03
7.650000000000000000e+02
1.300000000000000000e+01
1.300000000000000000e+01
1.300000000000000000e+01
8.170000000000000000e+02
8.170000000000000000e+02
8.170000000000000000e+02
1.089000000000000000e+03
1.089000000000000000e+03
2.501000000000000000e+03
1.814000000000000000e+03
2.500000000000000000e+03
1.175500000000000000e+04
1.175500000000000000e+04
4.487000000000000000e+03
4.487000000000000000e+03
4.487000000000000000e+03
5.660000000000000000e+02
1.350000000000000000e+02
1.350000000000000000e+02
1.350000000000000000e+02
1.972000000000000000e+03
2.435000000000000000e+03
2.435000000000000000e+03
2.433000000000000000e+03
2.433000000000000000e+03
2.434000000000000000e+03
2.434000000000000000e+03
5.300000000000000000e+01
5.300000000000000000e+01
5.300000000000000000e+01
5.300000000000000000e+01
5.300000000000000000e+01
5.300000000000000000e+01
8.260000000000000000e+02
8.260000000000000000e+02
8.260000000000000000e+02
8.260000000000000000e+02
3.426000000000000000e+03
3.426000000000000000e+03
3.426000000000000000e+03
7.053000000000000000e+03
7.053000000000000000e+03
3.635000000000000000e+03
3.639000000000000000e+03
3.637000000000000000e+03
3.750000000000000000e+03
6.966000000000000000e+03
6.966000000000000000e+03
1.647000000000000000e+03
9.280000000000000000e+02
1.330000000000000000e+02
2.700000000000000000e+01
2.335000000000000000e+03
2.335000000000000000e+03
2.335000000000000000e+03
2.335000000000000000e+03
6.718000000000000000e+03
8.360000000000000000e+02
6.720000000000000000e+03
1.067400000000000000e+04
3.100000000000000000e+01
3.100000000000000000e+01
3.100000000000000000e+01
3.147000000000000000e+03
2.990000000000000000e+02
2.990000000000000000e+02
2.990000000000000000e+02
3.637000000000000000e+03
3.639000000000000000e+03
2.338000000000000000e+03
2.338000000000000000e+03
2.338000000000000000e+03
2.338000000000000000e+03
3.300000000000000000e+01
3.300000000000000000e+01
1.425000000000000000e+03
1.425000000000000000e+03
3.781000000000000000e+03
3.781000000000000000e+03
3.781000000000000000e+03
2.700000000000000000e+01
1.776000000000000000e+03
6.390000000000000000e+02
1.755000000000000000e+03
1.940000000000000000e+03
6.110000000000000000e+02
1.340000000000000000e+02
6.000000000000000000e+01
1.306300000000000000e+04
1.916000000000000000e+03
1.382900000000000000e+04
1.382900000000000000e+04
2.428000000000000000e+03
2.428000000000000000e+03
2.428000000000000000e+03
2.428000000000000000e+03
2.428000000000000000e+03
2.428000000000000000e+03
1.689000000000000000e+03
6.260000000000000000e+02
6.260000000000000000e+02
1.679000000000000000e+03
8.670000000000000000e+02
8.670000000000000000e+02
8.670000000000000000e+02
8.200000000000000000e+02
9.970000000000000000e+02
1.775000000000000000e+03
1.752000000000000000e+03
1.752000000000000000e+03
1.443000000000000000e+03
8.200000000000000000e+02
2.777000000000000000e+03
2.777000000000000000e+03
2.777000000000000000e+03
2.777000000000000000e+03
2.777000000000000000e+03
2.777000000000000000e+03
5.250000000000000000e+02
5.250000000000000000e+02
5.250000000000000000e+02
5.250000000000000000e+02
1.012000000000000000e+03
1.858000000000000000e+03
1.200000000000000000e+01
3.840000000000000000e+02
3.840000000000000000e+02
3.840000000000000000e+02
1.874000000000000000e+03
1.874000000000000000e+03
2.528000000000000000e+03
9.190000000000000000e+02
5.280000000000000000e+02
4.042000000000000000e+03
4.042000000000000000e+03
9.480000000000000000e+02
1.834000000000000000e+03
1.250600000000000000e+04
1.250600000000000000e+04
1.938000000000000000e+03
8.590000000000000000e+02
1.340000000000000000e+02
9.270000000000000000e+02
1.803000000000000000e+03
1.057000000000000000e+03
3.600000000000000000e+01
3.600000000000000000e+01
3.600000000000000000e+01
1.810000000000000000e+03
1.810000000000000000e+03
1.810000000000000000e+03
6.160000000000000000e+02
6.150000000000000000e+02
6.150000000000000000e+02
6.150000000000000000e+02
6.150000000000000000e+02
2.259000000000000000e+03
5.710000000000000000e+03
5.710000000000000000e+03
1.171700000000000000e+04
1.171700000000000000e+04
5.900000000000000000e+01
5.900000000000000000e+01
5.900000000000000000e+01
5.900000000000000000e+01
5.900000000000000000e+01
5.900000000000000000e+01
5.900000000000000000e+01
5.900000000000000000e+01
5.900000000000000000e+01
5.900000000000000000e+01
5.900000000000000000e+01
5.900000000000000000e+01
2.080000000000000000e+02
2.080000000000000000e+02
2.080000000000000000e+02
2.080000000000000000e+02
2.080000000000000000e+02
2.080000000000000000e+02
2.080000000000000000e+02
2.080000000000000000e+02
2.080000000000000000e+02
2.080000000000000000e+02
2.080000000000000000e+02
2.080000000000000000e+02
2.080000000000000000e+02
2.080000000000000000e+02
2.080000000000000000e+02
2.080000000000000000e+02
2.080000000000000000e+02
2.080000000000000000e+02
2.080000000000000000e+02
7.670000000000000000e+02
2.780000000000000000e+02
2.780000000000000000e+02
3.517000000000000000e+03
2.400000000000000000e+02
2.390000000000000000e+02
2.410000000000000000e+02
2.940000000000000000e+02
2.940000000000000000e+02
2.940000000000000000e+02
2.940000000000000000e+02
2.940000000000000000e+02
2.940000000000000000e+02
1.256000000000000000e+03
1.256000000000000000e+03
1.808000000000000000e+03
1.808000000000000000e+03
1.873000000000000000e+03
1.870000000000000000e+03
6.153000000000000000e+03
9.400000000000000000e+02
9.400000000000000000e+02
9.400000000000000000e+02
9.400000000000000000e+02
9.400000000000000000e+02
9.400000000000000000e+02
9.400000000000000000e+02
9.400000000000000000e+02
9.400000000000000000e+02
9.400000000000000000e+02
9.400000000000000000e+02
9.400000000000000000e+02
9.400000000000000000e+02
9.400000000000000000e+02
9.620000000000000000e+02
9.620000000000000000e+02
9.620000000000000000e+02
9.620000000000000000e+02
2.609000000000000000e+03
2.610000000000000000e+03
1.640000000000000000e+02
1.640000000000000000e+02
1.640000000000000000e+02
1.640000000000000000e+02
1.640000000000000000e+02
1.790000000000000000e+03
9.570000000000000000e+02
9.570000000000000000e+02
8.000000000000000000e+02
6.949000000000000000e+03
6.949000000000000000e+03
1.928000000000000000e+03
1.175200000000000000e+04
1.175200000000000000e+04
7.930000000000000000e+02
7.940000000000000000e+02
1.875000000000000000e+03
1.875000000000000000e+03
1.756000000000000000e+03
1.756000000000000000e+03
4.260000000000000000e+02
9.903000000000000000e+03
9.810000000000000000e+02
9.250000000000000000e+02
9.250000000000000000e+02
1.350000000000000000e+02
1.350000000000000000e+02
1.350000000000000000e+02
9.900000000000000000e+01
8.510000000000000000e+02
1.881000000000000000e+03
1.175300000000000000e+04
1.175300000000000000e+04
9.690000000000000000e+02
9.690000000000000000e+02
3.046000000000000000e+03
3.046000000000000000e+03
3.046000000000000000e+03
3.046000000000000000e+03
3.043000000000000000e+03
3.043000000000000000e+03
3.043000000000000000e+03
3.043000000000000000e+03
1.530000000000000000e+02
1.530000000000000000e+02
1.897000000000000000e+03
1.586000000000000000e+03
1.714000000000000000e+03
3.785000000000000000e+03
1.895000000000000000e+03
1.895000000000000000e+03
1.895000000000000000e+03
1.895000000000000000e+03
1.895000000000000000e+03
4.570000000000000000e+02
4.570000000000000000e+02
1.555000000000000000e+03
4.510000000000000000e+02
7.630000000000000000e+02
1.885000000000000000e+03
5.700000000000000000e+01
5.700000000000000000e+01
1.921000000000000000e+03
9.460000000000000000e+02
9.540000000000000000e+02
3.784000000000000000e+03
3.784000000000000000e+03
3.784000000000000000e+03
3.784000000000000000e+03
3.784000000000000000e+03
3.784000000000000000e+03
3.784000000000000000e+03
3.784000000000000000e+03
3.784000000000000000e+03
3.784000000000000000e+03
3.784000000000000000e+03
3.784000000000000000e+03
8.360000000000000000e+02
1.350000000000000000e+02
1.350000000000000000e+02
1.350000000000000000e+02
5.540000000000000000e+02
3.527000000000000000e+03
3.527000000000000000e+03
2.446000000000000000e+03
2.446000000000000000e+03
8.470000000000000000e+02
8.470000000000000000e+02
8.470000000000000000e+02
1.673000000000000000e+03
1.673000000000000000e+03
3.431000000000000000e+03
3.040000000000000000e+03
3.040000000000000000e+03
3.040000000000000000e+03
3.040000000000000000e+03
9.390000000000000000e+02
9.390000000000000000e+02
9.390000000000000000e+02
4.250000000000000000e+02
7.400000000000000000e+01
7.400000000000000000e+01
7.400000000000000000e+01
1.556000000000000000e+03
1.556000000000000000e+03
1.556000000000000000e+03
4.530000000000000000e+02
8.170000000000000000e+02
8.170000000000000000e+02
8.170000000000000000e+02
1.610000000000000000e+02
1.610000000000000000e+02
1.610000000000000000e+02
1.610000000000000000e+02
1.620000000000000000e+02
1.620000000000000000e+02
1.620000000000000000e+02
1.620000000000000000e+02
6.270000000000000000e+02
6.270000000000000000e+02
1.912000000000000000e+03
8.060000000000000000e+02
1.883000000000000000e+03
1.087000000000000000e+03
6.970000000000000000e+02
3.600000000000000000e+01
3.600000000000000000e+01
3.600000000000000000e+01
1.745000000000000000e+03
1.230000000000000000e+02
1.230000000000000000e+02
1.008000000000000000e+03
1.042000000000000000e+03
1.712000000000000000e+03
1.750000000000000000e+03
1.823000000000000000e+03
1.533000000000000000e+03
1.007000000000000000e+03
9.630000000000000000e+02
1.619000000000000000e+03
8.760000000000000000e+02
8.760000000000000000e+02
8.760000000000000000e+02
8.760000000000000000e+02
8.760000000000000000e+02
8.760000000000000000e+02
8.760000000000000000e+02
8.760000000000000000e+02
8.760000000000000000e+02
8.760000000000000000e+02
8.760000000000000000e+02
8.760000000000000000e+02
8.760000000000000000e+02
8.760000000000000000e+02
8.760000000000000000e+02
8.760000000000000000e+02
8.760000000000000000e+02
8.760000000000000000e+02
8.760000000000000000e+02
3.783000000000000000e+03
3.783000000000000000e+03
3.783000000000000000e+03
3.783000000000000000e+03
3.783000000000000000e+03
3.783000000000000000e+03
3.783000000000000000e+03
3.783000000000000000e+03
3.783000000000000000e+03
3.783000000000000000e+03
3.783000000000000000e+03
3.783000000000000000e+03
3.820000000000000000e+02
3.820000000000000000e+02
3.820000000000000000e+02
3.820000000000000000e+02
3.820000000000000000e+02
3.820000000000000000e+02
3.524000000000000000e+03
3.524000000000000000e+03
1.589000000000000000e+03
1.588000000000000000e+03
1.029000000000000000e+03
1.028000000000000000e+03
3.743000000000000000e+03
9.950000000000000000e+02
7.400000000000000000e+01
7.400000000000000000e+01
7.400000000000000000e+01
7.620000000000000000e+02
1.624000000000000000e+03
1.624000000000000000e+03
1.624000000000000000e+03
1.624000000000000000e+03
1.939000000000000000e+03
2.750000000000000000e+02
2.750000000000000000e+02
2.750000000000000000e+02
2.750000000000000000e+02
1.945000000000000000e+03
1.923000000000000000e+03
1.952000000000000000e+03
1.952000000000000000e+03
1.952000000000000000e+03
1.478000000000000000e+03
7.640000000000000000e+02
1.933000000000000000e+03
3.820000000000000000e+02
3.820000000000000000e+02
3.820000000000000000e+02
3.820000000000000000e+02
3.820000000000000000e+02
3.820000000000000000e+02
1.653000000000000000e+03
1.653000000000000000e+03
1.653000000000000000e+03
1.653000000000000000e+03
1.653000000000000000e+03
1.653000000000000000e+03
1.653000000000000000e+03
1.868000000000000000e+03
8.260000000000000000e+02
8.260000000000000000e+02
8.260000000000000000e+02
8.260000000000000000e+02
8.640000000000000000e+02
2.310000000000000000e+02
2.310000000000000000e+02
1.599000000000000000e+03
1.599000000000000000e+03
7.900000000000000000e+02
1.126000000000000000e+03
1.126000000000000000e+03
1.662000000000000000e+03
1.681000000000000000e+03
1.681000000000000000e+03
1.681000000000000000e+03
1.520000000000000000e+03
1.520000000000000000e+03
1.092000000000000000e+03
1.092000000000000000e+03
1.092000000000000000e+03
1.772000000000000000e+03
1.772000000000000000e+03
8.570000000000000000e+02
8.570000000000000000e+02
8.570000000000000000e+02
1.895000000000000000e+03
1.895000000000000000e+03
1.895000000000000000e+03
1.895000000000000000e+03
1.895000000000000000e+03
9.280000000000000000e+02
1.409000000000000000e+03
1.207000000000000000e+03
1.207000000000000000e+03
1.207000000000000000e+03
1.207000000000000000e+03
1.207000000000000000e+03
6.131000000000000000e+03
8.800000000000000000e+01
8.800000000000000000e+01
8.800000000000000000e+01
8.800000000000000000e+01
1.951000000000000000e+03
1.951000000000000000e+03
1.951000000000000000e+03
1.903000000000000000e+03
1.903000000000000000e+03
1.902000000000000000e+03
1.902000000000000000e+03
1.117500000000000000e+04
1.117500000000000000e+04
6.020000000000000000e+02
6.020000000000000000e+02
1.867000000000000000e+03
1.489000000000000000e+03
1.489000000000000000e+03
1.489000000000000000e+03
1.869000000000000000e+03
2.340000000000000000e+03
2.340000000000000000e+03
2.340000000000000000e+03
2.340000000000000000e+03
7.910000000000000000e+02
1.006000000000000000e+03
1.738000000000000000e+03
1.738000000000000000e+03
1.738000000000000000e+03
1.494000000000000000e+03
1.494000000000000000e+03
4.320000000000000000e+02
4.320000000000000000e+02
4.320000000000000000e+02
4.320000000000000000e+02
4.320000000000000000e+02
4.320000000000000000e+02
8.780000000000000000e+02
7.880000000000000000e+02
7.880000000000000000e+02
1.010000000000000000e+02
2.590000000000000000e+02
1.937000000000000000e+03
1.937000000000000000e+03
1.876000000000000000e+03
1.872000000000000000e+03
1.400000000000000000e+01
1.479000000000000000e+03
1.880000000000000000e+03
1.129000000000000000e+03
9.458000000000000000e+03
9.458000000000000000e+03
9.458000000000000000e+03
9.458000000000000000e+03
9.458000000000000000e+03
9.458000000000000000e+03
9.458000000000000000e+03
9.458000000000000000e+03
9.458000000000000000e+03
9.458000000000000000e+03
6.480000000000000000e+02
6.450000000000000000e+02
6.450000000000000000e+02
1.126000000000000000e+03
1.126000000000000000e+03
1.630000000000000000e+02
1.630000000000000000e+02
1.630000000000000000e+02
1.630000000000000000e+02
8.860000000000000000e+02
8.860000000000000000e+02
1.438000000000000000e+03
1.438000000000000000e+03
1.915000000000000000e+03
1.889000000000000000e+03
1.890000000000000000e+03
1.866000000000000000e+03
8.580000000000000000e+02
1.640000000000000000e+03
1.640000000000000000e+03
5.260000000000000000e+02
5.260000000000000000e+02
5.260000000000000000e+02
5.260000000000000000e+02
5.250000000000000000e+02
5.250000000000000000e+02
5.250000000000000000e+02
5.250000000000000000e+02
1.488000000000000000e+03
1.488000000000000000e+03
7.500000000000000000e+01
7.500000000000000000e+01
5.900000000000000000e+01
5.900000000000000000e+01
5.900000000000000000e+01
5.900000000000000000e+01
5.900000000000000000e+01
5.900000000000000000e+01
5.900000000000000000e+01
5.900000000000000000e+01
5.900000000000000000e+01
5.900000000000000000e+01
5.900000000000000000e+01
5.900000000000000000e+01
6.260000000000000000e+02
6.260000000000000000e+02
2.320000000000000000e+02
2.320000000000000000e+02
2.320000000000000000e+02
2.320000000000000000e+02
2.320000000000000000e+02
2.320000000000000000e+02
2.320000000000000000e+02
2.320000000000000000e+02
2.320000000000000000e+02
2.320000000000000000e+02
2.320000000000000000e+02
2.320000000000000000e+02
8.190000000000000000e+02
1.256000000000000000e+03
1.256000000000000000e+03
3.183000000000000000e+03
3.183000000000000000e+03
3.183000000000000000e+03
3.183000000000000000e+03
3.183000000000000000e+03
2.552000000000000000e+03
2.551000000000000000e+03
1.736000000000000000e+03
2.825000000000000000e+03
6.090000000000000000e+02
1.465000000000000000e+03
1.956000000000000000e+03
1.956000000000000000e+03
1.956000000000000000e+03
1.956000000000000000e+03
1.956000000000000000e+03
1.955000000000000000e+03
1.955000000000000000e+03
1.955000000000000000e+03
1.955000000000000000e+03
1.955000000000000000e+03
1.591000000000000000e+03
9.420000000000000000e+02
9.420000000000000000e+02
7.890000000000000000e+02
7.890000000000000000e+02
6.040000000000000000e+02
1.783000000000000000e+03
1.609000000000000000e+03
1.696000000000000000e+03
1.696000000000000000e+03
1.696000000000000000e+03
1.695000000000000000e+03
1.695000000000000000e+03
1.695000000000000000e+03
8.730000000000000000e+02
8.730000000000000000e+02
8.730000000000000000e+02
8.730000000000000000e+02
8.730000000000000000e+02
2.335000000000000000e+03
2.335000000000000000e+03
2.335000000000000000e+03
2.335000000000000000e+03
1.847000000000000000e+03
1.847000000000000000e+03
6.000000000000000000e+02
6.000000000000000000e+02
2.493000000000000000e+03
1.887000000000000000e+03
1.303800000000000000e+04
1.303800000000000000e+04
1.626000000000000000e+03
6.550000000000000000e+02
6.550000000000000000e+02
8.450000000000000000e+02
8.450000000000000000e+02
8.450000000000000000e+02
2.342000000000000000e+03
2.342000000000000000e+03
2.342000000000000000e+03
2.342000000000000000e+03
7.660000000000000000e+02
2.276000000000000000e+03
2.274000000000000000e+03
2.275000000000000000e+03
6.840000000000000000e+02
6.840000000000000000e+02
6.840000000000000000e+02
6.050000000000000000e+02
6.050000000000000000e+02
6.050000000000000000e+02
1.255000000000000000e+03
1.255000000000000000e+03
3.820000000000000000e+02
3.820000000000000000e+02
3.820000000000000000e+02
3.820000000000000000e+02
3.820000000000000000e+02
3.820000000000000000e+02
6.580000000000000000e+02
6.580000000000000000e+02
6.580000000000000000e+02
3.801000000000000000e+03
3.801000000000000000e+03
3.644000000000000000e+03
3.644000000000000000e+03
1.915000000000000000e+03
2.337000000000000000e+03
2.337000000000000000e+03
2.337000000000000000e+03
2.337000000000000000e+03
1.924000000000000000e+03
2.563000000000000000e+03
2.563000000000000000e+03
1.925000000000000000e+03
1.000000000000000000e+03
1.000000000000000000e+03
1.929000000000000000e+03
1.929000000000000000e+03
2.343000000000000000e+03
2.343000000000000000e+03
2.343000000000000000e+03
2.343000000000000000e+03
7.610000000000000000e+02
1.900000000000000000e+01
2.803000000000000000e+03
1.791000000000000000e+03
1.791000000000000000e+03
8.256000000000000000e+03
1.951000000000000000e+03
1.951000000000000000e+03
1.951000000000000000e+03
1.175400000000000000e+04
1.175400000000000000e+04
1.175400000000000000e+04
1.377500000000000000e+04
1.377500000000000000e+04
1.377500000000000000e+04
1.377500000000000000e+04
2.400000000000000000e+01
2.400000000000000000e+01
6.168000000000000000e+03
6.168000000000000000e+03
6.168000000000000000e+03
1.897000000000000000e+03
9.580000000000000000e+02
9.580000000000000000e+02
2.000000000000000000e+01
3.180000000000000000e+02
1.840000000000000000e+03
9.510000000000000000e+02
1.394000000000000000e+04
1.394000000000000000e+04
1.020600000000000000e+04
1.792000000000000000e+03
1.113000000000000000e+03
6.133000000000000000e+03
1.621000000000000000e+03
1.621000000000000000e+03
1.784000000000000000e+03
1.784000000000000000e+03
6.133000000000000000e+03
1.415500000000000000e+04
1.415500000000000000e+04
1.415500000000000000e+04
1.415500000000000000e+04
8.281000000000000000e+03
1.378700000000000000e+04
1.378700000000000000e+04
1.378700000000000000e+04
2.150000000000000000e+02
2.150000000000000000e+02
9.710000000000000000e+02
1.240000000000000000e+02
1.210000000000000000e+02
1.210000000000000000e+02
1.210000000000000000e+02
1.210000000000000000e+02
1.210000000000000000e+02
1.210000000000000000e+02
1.210000000000000000e+02
1.210000000000000000e+02
1.210000000000000000e+02
1.210000000000000000e+02
1.210000000000000000e+02
1.210000000000000000e+02
1.210000000000000000e+02
5.364000000000000000e+03
9.410000000000000000e+02
9.410000000000000000e+02
1.011000000000000000e+03
1.011000000000000000e+03
1.011000000000000000e+03
3.550000000000000000e+02
3.550000000000000000e+02
3.550000000000000000e+02
1.768000000000000000e+03
1.768000000000000000e+03
1.724000000000000000e+03
7.580000000000000000e+02
7.580000000000000000e+02
7.580000000000000000e+02
7.580000000000000000e+02
1.426000000000000000e+04
1.426000000000000000e+04
3.030000000000000000e+02
1.113000000000000000e+03
1.934000000000000000e+03
1.418700000000000000e+04
1.418700000000000000e+04
1.426700000000000000e+04
1.187000000000000000e+03
1.187000000000000000e+03
1.187000000000000000e+03
1.187000000000000000e+03
1.187000000000000000e+03
1.040000000000000000e+02
6.400000000000000000e+02
1.897000000000000000e+03
1.081000000000000000e+03
1.081000000000000000e+03
1.081000000000000000e+03
1.081000000000000000e+03
1.081000000000000000e+03
1.081000000000000000e+03
1.081000000000000000e+03
1.081000000000000000e+03
1.081000000000000000e+03
1.081000000000000000e+03
1.081000000000000000e+03
1.081000000000000000e+03
1.081000000000000000e+03
1.259000000000000000e+03
7.210000000000000000e+02
1.515000000000000000e+03
1.966000000000000000e+03
1.524000000000000000e+03
1.524000000000000000e+03
5.606000000000000000e+03
5.606000000000000000e+03
5.080000000000000000e+02
1.847200000000000000e+04
1.847200000000000000e+04
1.847200000000000000e+04
8.316000000000000000e+03
1.962000000000000000e+03
1.962000000000000000e+03
1.963000000000000000e+03
1.963000000000000000e+03
1.537100000000000000e+04
1.562900000000000000e+04
2.428000000000000000e+03
2.428000000000000000e+03
2.428000000000000000e+03
2.428000000000000000e+03
2.428000000000000000e+03
2.428000000000000000e+03
1.692000000000000000e+03
1.692000000000000000e+03
1.692000000000000000e+03
1.692000000000000000e+03
1.692000000000000000e+03
1.692000000000000000e+03
1.692000000000000000e+03
1.692000000000000000e+03
1.692000000000000000e+03
1.692000000000000000e+03
1.692000000000000000e+03
1.692000000000000000e+03
1.692000000000000000e+03
1.692000000000000000e+03
1.692000000000000000e+03
1.692000000000000000e+03
1.082000000000000000e+03
1.082000000000000000e+03
1.586600000000000000e+04
1.586600000000000000e+04
5.342000000000000000e+03
1.614700000000000000e+04
2.851000000000000000e+03
1.771600000000000000e+04
1.768600000000000000e+04
5.610000000000000000e+02
1.380000000000000000e+02
1.971000000000000000e+03
3.526000000000000000e+03
3.526000000000000000e+03
7.816000000000000000e+03
7.980000000000000000e+02
7.980000000000000000e+02
7.980000000000000000e+02
1.971000000000000000e+04
1.971000000000000000e+04
1.577700000000000000e+04
2.107100000000000000e+04
2.107100000000000000e+04
2.107100000000000000e+04
2.107100000000000000e+04
2.107100000000000000e+04
1.214000000000000000e+03
1.214000000000000000e+03
2.114700000000000000e+04
2.114700000000000000e+04
2.114700000000000000e+04
2.114700000000000000e+04
1.427400000000000000e+04
1.444100000000000000e+04
2.257000000000000000e+03
7.280000000000000000e+02
7.280000000000000000e+02
7.280000000000000000e+02
7.566000000000000000e+03
