7.407000000000000000e+03
7.407000000000000000e+03
7.407000000000000000e+03
7.407000000000000000e+03
7.407000000000000000e+03
7.407000000000000000e+03
7.407000000000000000e+03
7.407000000000000000e+03
7.407000000000000000e+03
7.407000000000000000e+03
7.407000000000000000e+03
7.407000000000000000e+03
3.339000000000000000e+03
2.650000000000000000e+02
2.650000000000000000e+02
2.650000000000000000e+02
2.000000000000000000e+01
2.150000000000000000e+02
2.150000000000000000e+02
1.800000000000000000e+01
1.800000000000000000e+01
1.439000000000000000e+03
2.970000000000000000e+02
2.970000000000000000e+02
2.440000000000000000e+02
5.400000000000000000e+01
8.050000000000000000e+02
2.793000000000000000e+03
2.794000000000000000e+03
2.795000000000000000e+03
2.821000000000000000e+03
1.784000000000000000e+03
1.784000000000000000e+03
1.175400000000000000e+04
1.175400000000000000e+04
1.175400000000000000e+04
2.749000000000000000e+03
2.750000000000000000e+03
1.424000000000000000e+03
2.790000000000000000e+03
2.790000000000000000e+03
2.791000000000000000e+03
2.791000000000000000e+03
1.119000000000000000e+03
1.119000000000000000e+03
1.119000000000000000e+03
1.119000000000000000e+03
1.119000000000000000e+03
1.119000000000000000e+03
1.119000000000000000e+03
1.119000000000000000e+03
1.961000000000000000e+03
1.961000000000000000e+03
1.367800000000000000e+04
2.769000000000000000e+03
2.770000000000000000e+03
6.800000000000000000e+01
2.774000000000000000e+03
2.773000000000000000e+03
2.821000000000000000e+03
2.822000000000000000e+03
1.232000000000000000e+03
1.232000000000000000e+03
1.232000000000000000e+03
6.131000000000000000e+03
1.000000000000000000e+03
1.000000000000000000e+03
1.925000000000000000e+03
2.563000000000000000e+03
2.563000000000000000e+03
1.870000000000000000e+03
1.243000000000000000e+03
1.243000000000000000e+03
4.487000000000000000e+03
4.487000000000000000e+03
4.487000000000000000e+03
5.660000000000000000e+02
1.610000000000000000e+02
1.610000000000000000e+02
1.610000000000000000e+02
1.610000000000000000e+02
1.620000000000000000e+02
1.620000000000000000e+02
1.620000000000000000e+02
1.620000000000000000e+02
6.270000000000000000e+02
6.270000000000000000e+02
3.820000000000000000e+02
3.820000000000000000e+02
3.820000000000000000e+02
3.820000000000000000e+02
3.820000000000000000e+02
3.820000000000000000e+02
1.092000000000000000e+03
1.092000000000000000e+03
1.092000000000000000e+03
1.223000000000000000e+03
1.223000000000000000e+03
1.223000000000000000e+03
4.260000000000000000e+02
4.250000000000000000e+02
7.560000000000000000e+02
7.560000000000000000e+02
7.560000000000000000e+02
7.560000000000000000e+02
1.488000000000000000e+03
1.488000000000000000e+03
2.777000000000000000e+03
2.777000000000000000e+03
2.777000000000000000e+03
2.777000000000000000e+03
2.777000000000000000e+03
2.777000000000000000e+03
1.624000000000000000e+03
1.624000000000000000e+03
1.624000000000000000e+03
1.624000000000000000e+03
9.988000000000000000e+03
8.540000000000000000e+02
2.822000000000000000e+03
3.475000000000000000e+03
1.714000000000000000e+03
1.625000000000000000e+03
1.625000000000000000e+03
2.795000000000000000e+03
2.796000000000000000e+03
2.793000000000000000e+03
1.442000000000000000e+03
1.442000000000000000e+03
1.442000000000000000e+03
1.442000000000000000e+03
1.442000000000000000e+03
1.442000000000000000e+03
9.540000000000000000e+02
2.340000000000000000e+03
2.340000000000000000e+03
2.340000000000000000e+03
2.340000000000000000e+03
2.768000000000000000e+03
2.769000000000000000e+03
2.770000000000000000e+03
8.820000000000000000e+02
2.337000000000000000e+03
2.337000000000000000e+03
2.337000000000000000e+03
2.337000000000000000e+03
8.500000000000000000e+02
8.500000000000000000e+02
8.500000000000000000e+02
8.500000000000000000e+02
8.500000000000000000e+02
8.500000000000000000e+02
8.730000000000000000e+02
8.730000000000000000e+02
8.730000000000000000e+02
8.730000000000000000e+02
8.730000000000000000e+02
2.760000000000000000e+03
2.760000000000000000e+03
1.409000000000000000e+03
2.341000000000000000e+03
2.341000000000000000e+03
2.341000000000000000e+03
2.341000000000000000e+03
9.430000000000000000e+02
9.430000000000000000e+02
2.343000000000000000e+03
2.343000000000000000e+03
2.343000000000000000e+03
2.343000000000000000e+03
1.350000000000000000e+02
1.350000000000000000e+02
1.350000000000000000e+02
5.879000000000000000e+03
5.878000000000000000e+03
1.624000000000000000e+03
1.624000000000000000e+03
1.624000000000000000e+03
1.624000000000000000e+03
1.580000000000000000e+02
1.915000000000000000e+03
1.256000000000000000e+03
1.256000000000000000e+03
6.510000000000000000e+02
1.738000000000000000e+03
1.738000000000000000e+03
1.738000000000000000e+03
9.450000000000000000e+02
9.450000000000000000e+02
9.450000000000000000e+02
3.475000000000000000e+03
6.209000000000000000e+03
1.972000000000000000e+03
2.435000000000000000e+03
2.435000000000000000e+03
2.433000000000000000e+03
2.433000000000000000e+03
2.434000000000000000e+03
2.434000000000000000e+03
2.759000000000000000e+03
2.759000000000000000e+03
5.600000000000000000e+02
2.870000000000000000e+02
2.870000000000000000e+02
2.870000000000000000e+02
2.870000000000000000e+02
2.870000000000000000e+02
2.870000000000000000e+02
2.870000000000000000e+02
8.591000000000000000e+03
8.591000000000000000e+03
6.560000000000000000e+02
6.560000000000000000e+02
4.069000000000000000e+03
1.883000000000000000e+03
9.698000000000000000e+03
9.698000000000000000e+03
5.540000000000000000e+02
3.621000000000000000e+03
3.621000000000000000e+03
1.783000000000000000e+03
6.949000000000000000e+03
6.949000000000000000e+03
4.567000000000000000e+03
7.600000000000000000e+02
7.600000000000000000e+02
7.600000000000000000e+02
7.600000000000000000e+02
7.600000000000000000e+02
7.600000000000000000e+02
7.600000000000000000e+02
4.075000000000000000e+03
1.600000000000000000e+01
1.600000000000000000e+01
1.600000000000000000e+01
2.660000000000000000e+02
2.660000000000000000e+02
2.660000000000000000e+02
1.775000000000000000e+03
9.970000000000000000e+02
1.929000000000000000e+03
1.929000000000000000e+03
7.900000000000000000e+02
1.937000000000000000e+03
1.937000000000000000e+03
3.048000000000000000e+03
3.048000000000000000e+03
3.048000000000000000e+03
3.048000000000000000e+03
3.524000000000000000e+03
3.524000000000000000e+03
6.040000000000000000e+02
3.060000000000000000e+03
3.060000000000000000e+03
3.060000000000000000e+03
3.060000000000000000e+03
9.420000000000000000e+02
9.420000000000000000e+02
1.915000000000000000e+03
1.581000000000000000e+03
7.910000000000000000e+02
8.450000000000000000e+02
8.450000000000000000e+02
8.450000000000000000e+02
8.760000000000000000e+02
8.760000000000000000e+02
8.760000000000000000e+02
8.760000000000000000e+02
8.760000000000000000e+02
8.760000000000000000e+02
8.760000000000000000e+02
8.760000000000000000e+02
8.760000000000000000e+02
8.760000000000000000e+02
8.760000000000000000e+02
8.760000000000000000e+02
8.760000000000000000e+02
8.760000000000000000e+02
8.760000000000000000e+02
8.760000000000000000e+02
8.760000000000000000e+02
8.760000000000000000e+02
8.760000000000000000e+02
1.890000000000000000e+03
9.480000000000000000e+02
4.042000000000000000e+03
4.042000000000000000e+03
9.190000000000000000e+02
2.528000000000000000e+03
2.773000000000000000e+03
1.635000000000000000e+03
1.874000000000000000e+03
1.874000000000000000e+03
1.600000000000000000e+01
1.600000000000000000e+01
1.600000000000000000e+01
3.823000000000000000e+03
3.823000000000000000e+03
7.890000000000000000e+02
7.890000000000000000e+02
1.889000000000000000e+03
1.512000000000000000e+03
1.512000000000000000e+03
1.512000000000000000e+03
3.300000000000000000e+01
3.300000000000000000e+01
9.690000000000000000e+02
9.690000000000000000e+02
6.966000000000000000e+03
6.966000000000000000e+03
1.868000000000000000e+03
8.590000000000000000e+02
2.335000000000000000e+03
2.335000000000000000e+03
2.335000000000000000e+03
2.335000000000000000e+03
1.924000000000000000e+03
1.867000000000000000e+03
3.830000000000000000e+02
3.830000000000000000e+02
8.820000000000000000e+02
8.640000000000000000e+02
3.182000000000000000e+03
3.182000000000000000e+03
3.186000000000000000e+03
3.186000000000000000e+03
3.186000000000000000e+03
3.186000000000000000e+03
3.186000000000000000e+03
3.186000000000000000e+03
2.775000000000000000e+03
2.774000000000000000e+03
2.773000000000000000e+03
2.338000000000000000e+03
2.338000000000000000e+03
2.338000000000000000e+03
2.338000000000000000e+03
4.250000000000000000e+02
1.195000000000000000e+03
1.195000000000000000e+03
1.195000000000000000e+03
1.195000000000000000e+03
1.195000000000000000e+03
1.195000000000000000e+03
1.625000000000000000e+03
1.625000000000000000e+03
8.740000000000000000e+02
1.869000000000000000e+03
4.320000000000000000e+02
4.320000000000000000e+02
4.320000000000000000e+02
7.816000000000000000e+03
8.580000000000000000e+02
6.153000000000000000e+03
2.781000000000000000e+03
3.640000000000000000e+02
5.630000000000000000e+02
5.900000000000000000e+01
5.900000000000000000e+01
5.900000000000000000e+01
5.900000000000000000e+01
5.900000000000000000e+01
5.900000000000000000e+01
5.900000000000000000e+01
5.900000000000000000e+01
5.900000000000000000e+01
5.900000000000000000e+01
5.900000000000000000e+01
5.900000000000000000e+01
9.950000000000000000e+02
1.887000000000000000e+03
2.260000000000000000e+02
1.126000000000000000e+03
1.126000000000000000e+03
4.068000000000000000e+03
1.945000000000000000e+03
6.020000000000000000e+02
6.020000000000000000e+02
1.117500000000000000e+04
1.117500000000000000e+04
1.933000000000000000e+03
7.640000000000000000e+02
9.170000000000000000e+02
1.193000000000000000e+03
1.193000000000000000e+03
1.193000000000000000e+03
1.193000000000000000e+03
1.193000000000000000e+03
1.193000000000000000e+03
8.680000000000000000e+02
8.680000000000000000e+02
8.680000000000000000e+02
5.490000000000000000e+02
5.490000000000000000e+02
1.226000000000000000e+03
1.226000000000000000e+03
1.600000000000000000e+01
1.600000000000000000e+01
1.600000000000000000e+01
2.620000000000000000e+02
3.426000000000000000e+03
3.426000000000000000e+03
3.426000000000000000e+03
8.170000000000000000e+02
8.170000000000000000e+02
8.170000000000000000e+02
1.523000000000000000e+03
1.496000000000000000e+03
2.500000000000000000e+03
1.814000000000000000e+03
2.501000000000000000e+03
1.693000000000000000e+03
1.300000000000000000e+01
1.300000000000000000e+01
1.300000000000000000e+01
7.650000000000000000e+02
2.502000000000000000e+03
8.170000000000000000e+02
8.170000000000000000e+02
8.170000000000000000e+02
7.620000000000000000e+02
1.591000000000000000e+03
1.955000000000000000e+03
1.955000000000000000e+03
1.955000000000000000e+03
1.955000000000000000e+03
1.955000000000000000e+03
1.956000000000000000e+03
1.956000000000000000e+03
1.956000000000000000e+03
1.956000000000000000e+03
1.956000000000000000e+03
1.465000000000000000e+03
6.090000000000000000e+02
2.825000000000000000e+03
1.938000000000000000e+03
6.131000000000000000e+03
5.250000000000000000e+02
5.250000000000000000e+02
5.250000000000000000e+02
5.250000000000000000e+02
5.260000000000000000e+02
5.260000000000000000e+02
5.260000000000000000e+02
5.260000000000000000e+02
3.800000000000000000e+03
3.800000000000000000e+03
3.800000000000000000e+03
1.006000000000000000e+03
1.834000000000000000e+03
1.839000000000000000e+03
1.839000000000000000e+03
7.570000000000000000e+02
7.570000000000000000e+02
7.570000000000000000e+02
1.470000000000000000e+02
9.310000000000000000e+02
8.640000000000000000e+02
2.787000000000000000e+03
2.788000000000000000e+03
1.220000000000000000e+03
8.490000000000000000e+02
1.785000000000000000e+03
1.785000000000000000e+03
1.635000000000000000e+03
5.349000000000000000e+03
5.349000000000000000e+03
5.349000000000000000e+03
5.349000000000000000e+03
5.349000000000000000e+03
5.349000000000000000e+03
5.349000000000000000e+03
5.349000000000000000e+03
5.349000000000000000e+03
5.349000000000000000e+03
1.493000000000000000e+03
1.893000000000000000e+03
8.690000000000000000e+02
1.597000000000000000e+03
1.823000000000000000e+03
1.821000000000000000e+03
1.821000000000000000e+03
1.879000000000000000e+03
1.878000000000000000e+03
1.489000000000000000e+03
1.489000000000000000e+03
1.489000000000000000e+03
1.876000000000000000e+03
1.892000000000000000e+03
1.679000000000000000e+03
1.448000000000000000e+03
1.479000000000000000e+03
7.590000000000000000e+02
7.590000000000000000e+02
7.590000000000000000e+02
1.175300000000000000e+04
1.175300000000000000e+04
3.763000000000000000e+03
3.763000000000000000e+03
3.763000000000000000e+03
3.763000000000000000e+03
1.881000000000000000e+03
3.040000000000000000e+03
3.040000000000000000e+03
3.040000000000000000e+03
3.040000000000000000e+03
9.390000000000000000e+02
9.390000000000000000e+02
9.390000000000000000e+02
3.046000000000000000e+03
3.046000000000000000e+03
3.046000000000000000e+03
3.046000000000000000e+03
3.043000000000000000e+03
3.043000000000000000e+03
3.043000000000000000e+03
3.043000000000000000e+03
9.400000000000000000e+02
9.400000000000000000e+02
9.400000000000000000e+02
9.400000000000000000e+02
9.400000000000000000e+02
9.400000000000000000e+02
9.400000000000000000e+02
9.400000000000000000e+02
9.400000000000000000e+02
9.400000000000000000e+02
9.400000000000000000e+02
9.400000000000000000e+02
9.400000000000000000e+02
9.400000000000000000e+02
1.091000000000000000e+03
7.173000000000000000e+03
7.730000000000000000e+02
7.730000000000000000e+02
3.600000000000000000e+01
3.600000000000000000e+01
3.600000000000000000e+01
1.872000000000000000e+03
3.367000000000000000e+03
9.810000000000000000e+02
8.060000000000000000e+02
9.903000000000000000e+03
6.550000000000000000e+02
6.550000000000000000e+02
1.520000000000000000e+03
1.520000000000000000e+03
1.952000000000000000e+03
1.952000000000000000e+03
1.952000000000000000e+03
1.923000000000000000e+03
1.589000000000000000e+03
1.588000000000000000e+03
1.629000000000000000e+03
1.629000000000000000e+03
3.534000000000000000e+03
8.480000000000000000e+02
8.480000000000000000e+02
5.500000000000000000e+01
5.500000000000000000e+01
5.500000000000000000e+01
5.500000000000000000e+01
5.500000000000000000e+01
5.500000000000000000e+01
2.744000000000000000e+03
2.744000000000000000e+03
2.747000000000000000e+03
2.746000000000000000e+03
2.745000000000000000e+03
1.815000000000000000e+03
8.740000000000000000e+02
1.807000000000000000e+03
2.796000000000000000e+03
2.795000000000000000e+03
1.232000000000000000e+03
1.232000000000000000e+03
1.232000000000000000e+03
2.777000000000000000e+03
2.777000000000000000e+03
2.777000000000000000e+03
2.777000000000000000e+03
2.777000000000000000e+03
2.777000000000000000e+03
1.042000000000000000e+03
1.465000000000000000e+03
2.781000000000000000e+03
2.782000000000000000e+03
2.783000000000000000e+03
1.812000000000000000e+03
1.812000000000000000e+03
1.686000000000000000e+03
4.000000000000000000e+01
1.201000000000000000e+03
8.740000000000000000e+02
1.695000000000000000e+03
1.695000000000000000e+03
1.695000000000000000e+03
1.696000000000000000e+03
1.696000000000000000e+03
1.696000000000000000e+03
1.817000000000000000e+03
1.609000000000000000e+03
7.660000000000000000e+02
1.790000000000000000e+03
1.714000000000000000e+03
5.823000000000000000e+03
5.700000000000000000e+01
5.700000000000000000e+01
3.840000000000000000e+02
3.840000000000000000e+02
3.840000000000000000e+02
1.340000000000000000e+02
9.270000000000000000e+02
1.803000000000000000e+03
1.689000000000000000e+03
1.580000000000000000e+02
1.641000000000000000e+03
6.260000000000000000e+02
6.260000000000000000e+02
7.630000000000000000e+02
1.443000000000000000e+03
2.860000000000000000e+02
2.860000000000000000e+02
2.860000000000000000e+02
2.860000000000000000e+02
2.783000000000000000e+03
6.800000000000000000e+01
2.822000000000000000e+03
3.475000000000000000e+03
2.821000000000000000e+03
3.476000000000000000e+03
7.630000000000000000e+02
1.126000000000000000e+03
1.126000000000000000e+03
7.106000000000000000e+03
2.796000000000000000e+03
2.795000000000000000e+03
1.586000000000000000e+03
9.280000000000000000e+02
1.778000000000000000e+03
1.330000000000000000e+02
7.106000000000000000e+03
1.939000000000000000e+03
1.921000000000000000e+03
3.778000000000000000e+03
2.760000000000000000e+03
2.760000000000000000e+03
2.342000000000000000e+03
2.342000000000000000e+03
2.342000000000000000e+03
2.342000000000000000e+03
7.500000000000000000e+01
7.500000000000000000e+01
3.431000000000000000e+03
8.200000000000000000e+02
1.610000000000000000e+03
1.875000000000000000e+03
1.875000000000000000e+03
1.575000000000000000e+03
1.652000000000000000e+03
1.652000000000000000e+03
1.652000000000000000e+03
1.652000000000000000e+03
1.652000000000000000e+03
1.652000000000000000e+03
1.652000000000000000e+03
5.964000000000000000e+03
1.643000000000000000e+03
1.644000000000000000e+03
1.646000000000000000e+03
1.910000000000000000e+03
1.572000000000000000e+03
1.940000000000000000e+03
1.755000000000000000e+03
2.761000000000000000e+03
2.761000000000000000e+03
2.760000000000000000e+03
2.760000000000000000e+03
2.759000000000000000e+03
2.759000000000000000e+03
2.796000000000000000e+03
2.795000000000000000e+03
2.793000000000000000e+03
2.794000000000000000e+03
2.761000000000000000e+03
2.761000000000000000e+03
1.223000000000000000e+03
1.223000000000000000e+03
1.223000000000000000e+03
9.250000000000000000e+02
9.250000000000000000e+02
1.624000000000000000e+03
1.624000000000000000e+03
1.624000000000000000e+03
1.624000000000000000e+03
1.834000000000000000e+03
1.580000000000000000e+02
8.720000000000000000e+02
1.733000000000000000e+03
1.733000000000000000e+03
3.000000000000000000e+00
3.000000000000000000e+00
9.280000000000000000e+02
3.778000000000000000e+03
1.953000000000000000e+03
2.548000000000000000e+03
2.548000000000000000e+03
2.548000000000000000e+03
9.250000000000000000e+02
9.250000000000000000e+02
2.822000000000000000e+03
3.475000000000000000e+03
1.624000000000000000e+03
1.624000000000000000e+03
1.624000000000000000e+03
1.624000000000000000e+03
8.800000000000000000e+02
8.800000000000000000e+02
2.775000000000000000e+03
1.624000000000000000e+03
1.624000000000000000e+03
1.624000000000000000e+03
1.624000000000000000e+03
2.768000000000000000e+03
2.798000000000000000e+03
8.050000000000000000e+02
6.250000000000000000e+02
6.250000000000000000e+02
8.050000000000000000e+02
2.769000000000000000e+03
2.770000000000000000e+03
1.819000000000000000e+03
1.916000000000000000e+03
1.378900000000000000e+04
1.378900000000000000e+04
1.378900000000000000e+04
5.966000000000000000e+03
6.000000000000000000e+02
6.000000000000000000e+02
7.610000000000000000e+02
2.437000000000000000e+03
1.439000000000000000e+03
1.171700000000000000e+04
1.171700000000000000e+04
1.919000000000000000e+03
1.919000000000000000e+03
1.752000000000000000e+03
1.752000000000000000e+03
1.752000000000000000e+03
1.752000000000000000e+03
9.750000000000000000e+02
9.750000000000000000e+02
7.000000000000000000e+02
8.260000000000000000e+02
8.260000000000000000e+02
8.260000000000000000e+02
8.260000000000000000e+02
4.041000000000000000e+03
4.041000000000000000e+03
6.700000000000000000e+01
1.710000000000000000e+03
1.790000000000000000e+03
9.730000000000000000e+02
5.900000000000000000e+01
5.900000000000000000e+01
5.900000000000000000e+01
5.900000000000000000e+01
5.900000000000000000e+01
5.900000000000000000e+01
5.900000000000000000e+01
5.900000000000000000e+01
5.900000000000000000e+01
5.900000000000000000e+01
5.900000000000000000e+01
5.900000000000000000e+01
2.759000000000000000e+03
2.759000000000000000e+03
6.400000000000000000e+02
2.787000000000000000e+03
2.788000000000000000e+03
1.220000000000000000e+03
1.207000000000000000e+03
1.207000000000000000e+03
1.207000000000000000e+03
1.207000000000000000e+03
1.207000000000000000e+03
1.443000000000000000e+03
1.230800000000000000e+04
2.795000000000000000e+03
2.796000000000000000e+03
2.793000000000000000e+03
2.761000000000000000e+03
2.761000000000000000e+03
2.760000000000000000e+03
2.760000000000000000e+03
2.759000000000000000e+03
2.759000000000000000e+03
3.707000000000000000e+03
3.707000000000000000e+03
8.780000000000000000e+02
7.880000000000000000e+02
7.880000000000000000e+02
6.726000000000000000e+03
8.520000000000000000e+02
8.520000000000000000e+02
4.486000000000000000e+03
5.580000000000000000e+02
4.487000000000000000e+03
4.487000000000000000e+03
4.487000000000000000e+03
3.151000000000000000e+03
1.873000000000000000e+03
2.761000000000000000e+03
2.761000000000000000e+03
1.951000000000000000e+03
1.951000000000000000e+03
1.951000000000000000e+03
1.962000000000000000e+03
1.962000000000000000e+03
1.962000000000000000e+03
1.962000000000000000e+03
1.963000000000000000e+03
1.963000000000000000e+03
2.372000000000000000e+03
2.372000000000000000e+03
2.372000000000000000e+03
2.372000000000000000e+03
2.372000000000000000e+03
2.372000000000000000e+03
2.372000000000000000e+03
2.372000000000000000e+03
2.372000000000000000e+03
2.372000000000000000e+03
2.160000000000000000e+03
9.458000000000000000e+03
9.458000000000000000e+03
9.458000000000000000e+03
9.458000000000000000e+03
9.458000000000000000e+03
9.458000000000000000e+03
9.458000000000000000e+03
9.458000000000000000e+03
9.458000000000000000e+03
9.458000000000000000e+03
5.900000000000000000e+01
5.900000000000000000e+01
5.900000000000000000e+01
5.900000000000000000e+01
5.900000000000000000e+01
5.900000000000000000e+01
5.900000000000000000e+01
5.900000000000000000e+01
5.900000000000000000e+01
5.900000000000000000e+01
5.900000000000000000e+01
5.900000000000000000e+01
6.450000000000000000e+02
6.450000000000000000e+02
2.371000000000000000e+03
2.371000000000000000e+03
2.371000000000000000e+03
2.371000000000000000e+03
2.371000000000000000e+03
2.371000000000000000e+03
2.371000000000000000e+03
2.371000000000000000e+03
6.480000000000000000e+02
2.372000000000000000e+03
2.372000000000000000e+03
2.372000000000000000e+03
2.372000000000000000e+03
2.372000000000000000e+03
2.372000000000000000e+03
2.372000000000000000e+03
2.372000000000000000e+03
2.372000000000000000e+03
2.372000000000000000e+03
8.670000000000000000e+02
8.670000000000000000e+02
8.670000000000000000e+02
1.744000000000000000e+03
2.700000000000000000e+01
9.480000000000000000e+02
9.000000000000000000e+00
2.564000000000000000e+03
8.800000000000000000e+01
8.800000000000000000e+01
1.928000000000000000e+03
1.400000000000000000e+02
1.400000000000000000e+02
1.400000000000000000e+02
1.400000000000000000e+02
3.337000000000000000e+03
3.338000000000000000e+03
3.336000000000000000e+03
1.000000000000000000e+01
1.000000000000000000e+01
1.000000000000000000e+01
1.000000000000000000e+01
3.335000000000000000e+03
3.335000000000000000e+03
6.606000000000000000e+03
3.300000000000000000e+01
3.300000000000000000e+01
8.510000000000000000e+02
9.380000000000000000e+02
9.630000000000000000e+02
1.223000000000000000e+03
1.223000000000000000e+03
1.223000000000000000e+03
3.816000000000000000e+03
3.816000000000000000e+03
1.589000000000000000e+03
1.756000000000000000e+03
1.756000000000000000e+03
1.810000000000000000e+03
1.810000000000000000e+03
1.810000000000000000e+03
1.772000000000000000e+03
1.772000000000000000e+03
1.629000000000000000e+03
1.629000000000000000e+03
9.420000000000000000e+02
9.420000000000000000e+02
1.866000000000000000e+03
6.880000000000000000e+02
7.030000000000000000e+02
8.969000000000000000e+03
3.495000000000000000e+03
3.650000000000000000e+03
2.761000000000000000e+03
2.761000000000000000e+03
1.619000000000000000e+03
1.839000000000000000e+03
1.839000000000000000e+03
3.784000000000000000e+03
3.784000000000000000e+03
3.784000000000000000e+03
3.784000000000000000e+03
3.784000000000000000e+03
3.784000000000000000e+03
3.784000000000000000e+03
3.784000000000000000e+03
3.784000000000000000e+03
3.784000000000000000e+03
3.784000000000000000e+03
3.784000000000000000e+03
2.787000000000000000e+03
2.788000000000000000e+03
1.220000000000000000e+03
1.809000000000000000e+03
7.104000000000000000e+03
7.104000000000000000e+03
7.104000000000000000e+03
7.104000000000000000e+03
7.104000000000000000e+03
7.104000000000000000e+03
1.928000000000000000e+03
8.570000000000000000e+02
8.570000000000000000e+02
8.570000000000000000e+02
9.490000000000000000e+02
2.493000000000000000e+03
7.566000000000000000e+03
1.491000000000000000e+03
1.491000000000000000e+03
2.814000000000000000e+03
1.791000000000000000e+03
1.779000000000000000e+03
3.400000000000000000e+01
3.400000000000000000e+01
1.515000000000000000e+03
1.515000000000000000e+03
1.303800000000000000e+04
1.303800000000000000e+04
9.740000000000000000e+02
9.740000000000000000e+02
9.740000000000000000e+02
9.740000000000000000e+02
1.813000000000000000e+03
1.958000000000000000e+03
9.510000000000000000e+02
7.407000000000000000e+03
7.407000000000000000e+03
7.407000000000000000e+03
7.407000000000000000e+03
7.407000000000000000e+03
7.407000000000000000e+03
7.407000000000000000e+03
7.407000000000000000e+03
7.407000000000000000e+03
7.407000000000000000e+03
7.407000000000000000e+03
7.407000000000000000e+03
1.624000000000000000e+03
1.624000000000000000e+03
1.624000000000000000e+03
1.624000000000000000e+03
1.415500000000000000e+04
1.415500000000000000e+04
1.415500000000000000e+04
1.415500000000000000e+04
1.760000000000000000e+03
1.760000000000000000e+03
1.760000000000000000e+03
1.760000000000000000e+03
1.784000000000000000e+03
1.784000000000000000e+03
1.560000000000000000e+03
1.560000000000000000e+03
6.500000000000000000e+01
1.259000000000000000e+03
1.415500000000000000e+04
1.415500000000000000e+04
1.415500000000000000e+04
1.415500000000000000e+04
1.415500000000000000e+04
1.415500000000000000e+04
1.415500000000000000e+04
1.415500000000000000e+04
8.410000000000000000e+02
8.410000000000000000e+02
1.126000000000000000e+03
1.126000000000000000e+03
1.625000000000000000e+03
1.625000000000000000e+03
4.072000000000000000e+03
4.072000000000000000e+03
4.072000000000000000e+03
4.072000000000000000e+03
4.072000000000000000e+03
4.072000000000000000e+03
4.072000000000000000e+03
4.072000000000000000e+03
4.072000000000000000e+03
5.800000000000000000e+01
1.259000000000000000e+03
1.934000000000000000e+03
7.407000000000000000e+03
7.407000000000000000e+03
7.407000000000000000e+03
7.407000000000000000e+03
7.407000000000000000e+03
7.407000000000000000e+03
7.407000000000000000e+03
7.407000000000000000e+03
7.407000000000000000e+03
7.407000000000000000e+03
7.407000000000000000e+03
7.407000000000000000e+03
7.407000000000000000e+03
7.407000000000000000e+03
7.407000000000000000e+03
7.407000000000000000e+03
7.407000000000000000e+03
7.407000000000000000e+03
7.407000000000000000e+03
7.407000000000000000e+03
7.407000000000000000e+03
7.407000000000000000e+03
7.407000000000000000e+03
7.407000000000000000e+03
2.786000000000000000e+03
1.259000000000000000e+03
2.786000000000000000e+03
9.410000000000000000e+02
9.410000000000000000e+02
3.273000000000000000e+03
3.273000000000000000e+03
5.822000000000000000e+03
2.770000000000000000e+03
2.794000000000000000e+03
1.296000000000000000e+04
1.187000000000000000e+03
1.187000000000000000e+03
1.187000000000000000e+03
1.187000000000000000e+03
1.187000000000000000e+03
9.410000000000000000e+02
9.410000000000000000e+02
1.788000000000000000e+03
1.571000000000000000e+03
1.418800000000000000e+04
2.786000000000000000e+03
2.204000000000000000e+03
1.607000000000000000e+03
1.628000000000000000e+03
1.232000000000000000e+03
1.232000000000000000e+03
1.232000000000000000e+03
1.524000000000000000e+03
1.621000000000000000e+03
1.621000000000000000e+03
7.404000000000000000e+03
9.650000000000000000e+02
1.607000000000000000e+03
2.769000000000000000e+03
2.768000000000000000e+03
2.768000000000000000e+03
2.768000000000000000e+03
1.838000000000000000e+03
1.838000000000000000e+03
2.794000000000000000e+03
1.439000000000000000e+03
2.794000000000000000e+03
2.799000000000000000e+03
2.800000000000000000e+03
1.524000000000000000e+03
1.101000000000000000e+03
1.674000000000000000e+03
1.674000000000000000e+03
6.910000000000000000e+02
1.071000000000000000e+03
1.071000000000000000e+03
1.071000000000000000e+03
2.794000000000000000e+03
2.813000000000000000e+03
1.182000000000000000e+03
1.182000000000000000e+03
1.182000000000000000e+03
1.182000000000000000e+03
1.182000000000000000e+03
1.182000000000000000e+03
1.182000000000000000e+03
1.182000000000000000e+03
1.628000000000000000e+03
8.870000000000000000e+02
5.640000000000000000e+02
2.815000000000000000e+03
1.190000000000000000e+03
1.190000000000000000e+03
1.190000000000000000e+03
1.190000000000000000e+03
1.190000000000000000e+03
1.190000000000000000e+03
1.190000000000000000e+03
1.190000000000000000e+03
1.190000000000000000e+03
1.190000000000000000e+03
1.819000000000000000e+03
1.835000000000000000e+03
1.835000000000000000e+03
1.835000000000000000e+03
1.782800000000000000e+04
7.029000000000000000e+03
2.812000000000000000e+03
2.794000000000000000e+03
2.795000000000000000e+03
1.223000000000000000e+03
1.223000000000000000e+03
1.223000000000000000e+03
1.223000000000000000e+03
1.223000000000000000e+03
1.223000000000000000e+03
2.808000000000000000e+03
2.809000000000000000e+03
2.810000000000000000e+03
1.426000000000000000e+03
1.426000000000000000e+03
1.426000000000000000e+03
1.426000000000000000e+03
1.426000000000000000e+03
1.426000000000000000e+03
1.199100000000000000e+04
2.809000000000000000e+03
2.810000000000000000e+03
1.760000000000000000e+03
1.760000000000000000e+03
1.760000000000000000e+03
1.760000000000000000e+03
1.738000000000000000e+03
1.738000000000000000e+03
1.738000000000000000e+03
1.533000000000000000e+03
1.783600000000000000e+04
2.749000000000000000e+03
2.750000000000000000e+03
3.742000000000000000e+03
1.858100000000000000e+04
1.900500000000000000e+04
1.900500000000000000e+04
1.900200000000000000e+04
1.900500000000000000e+04
1.900500000000000000e+04
2.759000000000000000e+03
2.759000000000000000e+03
2.808000000000000000e+03
5.881000000000000000e+03
1.930200000000000000e+04
6.881000000000000000e+03
6.881000000000000000e+03
6.881000000000000000e+03
6.881000000000000000e+03
2.163600000000000000e+04
2.163600000000000000e+04
2.163600000000000000e+04
2.163600000000000000e+04
5.270000000000000000e+02
5.270000000000000000e+02
5.270000000000000000e+02
5.270000000000000000e+02
5.270000000000000000e+02
1.995600000000000000e+04
2.011200000000000000e+04
2.011400000000000000e+04
2.011300000000000000e+04
1.208000000000000000e+03
1.208000000000000000e+03
1.208000000000000000e+03
8.968000000000000000e+03
2.221200000000000000e+04
3.078000000000000000e+03
3.077000000000000000e+03
3.079000000000000000e+03
1.356600000000000000e+04
1.356600000000000000e+04
