5.400000000000000000e+01
4.042000000000000000e+03
4.042000000000000000e+03
3.785000000000000000e+03
6.020000000000000000e+02
6.020000000000000000e+02
3.525000000000000000e+03
3.525000000000000000e+03
3.525000000000000000e+03
9.903000000000000000e+03
3.781000000000000000e+03
3.781000000000000000e+03
3.781000000000000000e+03
1.078000000000000000e+04
1.078000000000000000e+04
1.078000000000000000e+04
1.078000000000000000e+04
1.078000000000000000e+04
1.078000000000000000e+04
1.078000000000000000e+04
1.078000000000000000e+04
2.232000000000000000e+03
4.041000000000000000e+03
4.041000000000000000e+03
8.670000000000000000e+02
8.670000000000000000e+02
8.670000000000000000e+02
3.800000000000000000e+03
3.800000000000000000e+03
3.800000000000000000e+03
1.223000000000000000e+03
1.223000000000000000e+03
1.223000000000000000e+03
1.223000000000000000e+03
1.223000000000000000e+03
1.223000000000000000e+03
2.433000000000000000e+03
2.433000000000000000e+03
9.699000000000000000e+03
9.699000000000000000e+03
9.699000000000000000e+03
9.699000000000000000e+03
8.720000000000000000e+02
1.222000000000000000e+03
1.222000000000000000e+03
1.222000000000000000e+03
1.222000000000000000e+03
1.222000000000000000e+03
1.222000000000000000e+03
2.781000000000000000e+03
2.782000000000000000e+03
2.783000000000000000e+03
2.500000000000000000e+03
2.501000000000000000e+03
4.486000000000000000e+03
2.768000000000000000e+03
2.549000000000000000e+03
2.493000000000000000e+03
3.048000000000000000e+03
3.048000000000000000e+03
3.048000000000000000e+03
3.048000000000000000e+03
1.230000000000000000e+02
3.040000000000000000e+03
3.040000000000000000e+03
3.040000000000000000e+03
3.040000000000000000e+03
1.808000000000000000e+03
1.808000000000000000e+03
2.775000000000000000e+03
2.774000000000000000e+03
2.773000000000000000e+03
1.808000000000000000e+03
1.808000000000000000e+03
2.760000000000000000e+03
2.760000000000000000e+03
2.761000000000000000e+03
2.761000000000000000e+03
2.759000000000000000e+03
2.759000000000000000e+03
5.878000000000000000e+03
5.879000000000000000e+03
8.310000000000000000e+03
2.343000000000000000e+03
2.343000000000000000e+03
2.343000000000000000e+03
2.343000000000000000e+03
4.260000000000000000e+02
4.250000000000000000e+02
2.760000000000000000e+03
2.760000000000000000e+03
2.759000000000000000e+03
2.759000000000000000e+03
2.759000000000000000e+03
2.759000000000000000e+03
5.349000000000000000e+03
5.349000000000000000e+03
5.349000000000000000e+03
5.349000000000000000e+03
5.349000000000000000e+03
5.349000000000000000e+03
5.349000000000000000e+03
5.349000000000000000e+03
5.349000000000000000e+03
5.349000000000000000e+03
2.760000000000000000e+03
2.760000000000000000e+03
2.080000000000000000e+02
2.080000000000000000e+02
2.080000000000000000e+02
2.080000000000000000e+02
2.080000000000000000e+02
2.080000000000000000e+02
2.080000000000000000e+02
2.080000000000000000e+02
2.080000000000000000e+02
2.080000000000000000e+02
2.080000000000000000e+02
2.080000000000000000e+02
2.080000000000000000e+02
2.080000000000000000e+02
2.080000000000000000e+02
2.080000000000000000e+02
2.080000000000000000e+02
2.080000000000000000e+02
2.080000000000000000e+02
5.260000000000000000e+02
5.260000000000000000e+02
5.260000000000000000e+02
5.260000000000000000e+02
5.250000000000000000e+02
5.250000000000000000e+02
5.250000000000000000e+02
5.250000000000000000e+02
1.679000000000000000e+03
2.768000000000000000e+03
2.769000000000000000e+03
2.770000000000000000e+03
1.962000000000000000e+03
1.962000000000000000e+03
7.104000000000000000e+03
7.104000000000000000e+03
7.104000000000000000e+03
7.104000000000000000e+03
7.104000000000000000e+03
7.104000000000000000e+03
2.818000000000000000e+03
2.819000000000000000e+03
7.173000000000000000e+03
1.110000000000000000e+02
3.763000000000000000e+03
3.763000000000000000e+03
3.763000000000000000e+03
3.763000000000000000e+03
6.949000000000000000e+03
6.949000000000000000e+03
2.820000000000000000e+02
2.820000000000000000e+02
2.830000000000000000e+02
2.830000000000000000e+02
1.660000000000000000e+02
1.660000000000000000e+02
1.660000000000000000e+02
1.660000000000000000e+02
1.660000000000000000e+02
1.660000000000000000e+02
1.660000000000000000e+02
1.660000000000000000e+02
1.670000000000000000e+02
1.670000000000000000e+02
1.670000000000000000e+02
1.670000000000000000e+02
1.670000000000000000e+02
1.670000000000000000e+02
1.670000000000000000e+02
1.670000000000000000e+02
3.823000000000000000e+03
3.823000000000000000e+03
4.069000000000000000e+03
1.879000000000000000e+03
1.878000000000000000e+03
1.892000000000000000e+03
1.448000000000000000e+03
4.518000000000000000e+03
4.518000000000000000e+03
2.492000000000000000e+03
2.335000000000000000e+03
2.335000000000000000e+03
2.335000000000000000e+03
2.335000000000000000e+03
1.963000000000000000e+03
1.963000000000000000e+03
2.337000000000000000e+03
2.337000000000000000e+03
2.337000000000000000e+03
2.337000000000000000e+03
1.695000000000000000e+03
1.695000000000000000e+03
1.695000000000000000e+03
1.696000000000000000e+03
1.696000000000000000e+03
1.696000000000000000e+03
1.658000000000000000e+03
1.658000000000000000e+03
1.657000000000000000e+03
1.657000000000000000e+03
1.681000000000000000e+03
1.681000000000000000e+03
1.681000000000000000e+03
5.490000000000000000e+02
5.490000000000000000e+02
2.650000000000000000e+02
2.650000000000000000e+02
2.650000000000000000e+02
1.589000000000000000e+03
1.588000000000000000e+03
1.808000000000000000e+03
1.808000000000000000e+03
2.794000000000000000e+03
1.674000000000000000e+03
1.674000000000000000e+03
3.737000000000000000e+03
3.737000000000000000e+03
2.310000000000000000e+02
2.310000000000000000e+02
2.564000000000000000e+03
1.807000000000000000e+03
8.410000000000000000e+02
5.822000000000000000e+03
2.777000000000000000e+03
2.777000000000000000e+03
2.777000000000000000e+03
2.777000000000000000e+03
2.777000000000000000e+03
2.777000000000000000e+03
1.610000000000000000e+02
1.610000000000000000e+02
1.610000000000000000e+02
1.610000000000000000e+02
1.620000000000000000e+02
1.620000000000000000e+02
1.620000000000000000e+02
1.620000000000000000e+02
2.760000000000000000e+03
2.760000000000000000e+03
2.231000000000000000e+03
2.231000000000000000e+03
2.231000000000000000e+03
2.226000000000000000e+03
2.226000000000000000e+03
3.735000000000000000e+03
3.736000000000000000e+03
4.032000000000000000e+03
2.188000000000000000e+03
3.399000000000000000e+03
3.399000000000000000e+03
2.191000000000000000e+03
2.191000000000000000e+03
3.394000000000000000e+03
3.394000000000000000e+03
1.889000000000000000e+03
6.949000000000000000e+03
6.949000000000000000e+03
3.060000000000000000e+03
3.060000000000000000e+03
3.060000000000000000e+03
3.060000000000000000e+03
1.955000000000000000e+03
1.955000000000000000e+03
1.955000000000000000e+03
1.955000000000000000e+03
1.955000000000000000e+03
1.956000000000000000e+03
1.956000000000000000e+03
1.956000000000000000e+03
1.956000000000000000e+03
1.956000000000000000e+03
6.090000000000000000e+02
3.816000000000000000e+03
3.816000000000000000e+03
4.517000000000000000e+03
6.208000000000000000e+03
3.783000000000000000e+03
3.783000000000000000e+03
3.783000000000000000e+03
3.783000000000000000e+03
3.783000000000000000e+03
3.783000000000000000e+03
3.783000000000000000e+03
3.783000000000000000e+03
3.783000000000000000e+03
3.783000000000000000e+03
3.783000000000000000e+03
3.783000000000000000e+03
1.652000000000000000e+03
1.652000000000000000e+03
1.652000000000000000e+03
1.652000000000000000e+03
1.652000000000000000e+03
1.652000000000000000e+03
1.652000000000000000e+03
1.653000000000000000e+03
1.653000000000000000e+03
1.653000000000000000e+03
1.653000000000000000e+03
1.653000000000000000e+03
1.653000000000000000e+03
1.653000000000000000e+03
1.703000000000000000e+03
1.703000000000000000e+03
1.703000000000000000e+03
1.703000000000000000e+03
1.703000000000000000e+03
1.703000000000000000e+03
1.703000000000000000e+03
1.703000000000000000e+03
1.703000000000000000e+03
1.703000000000000000e+03
1.703000000000000000e+03
1.704000000000000000e+03
1.704000000000000000e+03
1.704000000000000000e+03
1.704000000000000000e+03
1.704000000000000000e+03
2.793000000000000000e+03
1.652000000000000000e+03
1.652000000000000000e+03
1.652000000000000000e+03
1.652000000000000000e+03
1.652000000000000000e+03
1.652000000000000000e+03
1.652000000000000000e+03
2.563000000000000000e+03
2.563000000000000000e+03
9.540000000000000000e+02
2.259000000000000000e+03
2.775000000000000000e+03
2.774000000000000000e+03
2.773000000000000000e+03
3.431000000000000000e+03
1.624000000000000000e+03
1.624000000000000000e+03
1.624000000000000000e+03
1.624000000000000000e+03
2.770000000000000000e+03
2.769000000000000000e+03
2.768000000000000000e+03
2.796000000000000000e+03
2.795000000000000000e+03
2.793000000000000000e+03
3.800000000000000000e+03
3.800000000000000000e+03
3.800000000000000000e+03
9.458000000000000000e+03
9.458000000000000000e+03
9.458000000000000000e+03
9.458000000000000000e+03
9.458000000000000000e+03
9.458000000000000000e+03
9.458000000000000000e+03
9.458000000000000000e+03
9.458000000000000000e+03
9.458000000000000000e+03
6.480000000000000000e+02
2.233000000000000000e+03
2.233000000000000000e+03
4.567000000000000000e+03
2.190000000000000000e+03
2.825000000000000000e+03
2.434000000000000000e+03
2.434000000000000000e+03
2.227000000000000000e+03
2.227000000000000000e+03
2.371000000000000000e+03
2.371000000000000000e+03
2.371000000000000000e+03
2.371000000000000000e+03
2.371000000000000000e+03
2.371000000000000000e+03
2.371000000000000000e+03
2.371000000000000000e+03
2.435000000000000000e+03
2.435000000000000000e+03
3.784000000000000000e+03
3.784000000000000000e+03
3.784000000000000000e+03
3.784000000000000000e+03
3.784000000000000000e+03
3.784000000000000000e+03
3.784000000000000000e+03
3.784000000000000000e+03
3.784000000000000000e+03
3.784000000000000000e+03
3.784000000000000000e+03
3.784000000000000000e+03
6.570000000000000000e+02
8.690000000000000000e+02
1.597000000000000000e+03
9.380000000000000000e+02
1.478000000000000000e+03
1.939000000000000000e+03
1.183000000000000000e+03
1.183000000000000000e+03
8.800000000000000000e+01
8.800000000000000000e+01
9.190000000000000000e+02
9.480000000000000000e+02
1.600000000000000000e+01
1.600000000000000000e+01
1.600000000000000000e+01
1.738000000000000000e+03
1.738000000000000000e+03
1.738000000000000000e+03
7.960000000000000000e+02
7.960000000000000000e+02
1.633000000000000000e+03
1.633000000000000000e+03
1.633000000000000000e+03
9.500000000000000000e+02
9.910000000000000000e+02
6.400000000000000000e+02
1.182000000000000000e+03
1.182000000000000000e+03
1.182000000000000000e+03
1.182000000000000000e+03
6.900000000000000000e+02
1.805000000000000000e+03
1.805000000000000000e+03
8.540000000000000000e+02
1.805000000000000000e+03
1.805000000000000000e+03
8.780000000000000000e+02
7.880000000000000000e+02
7.880000000000000000e+02
5.580000000000000000e+02
6.150000000000000000e+02
6.150000000000000000e+02
6.150000000000000000e+02
6.150000000000000000e+02
6.160000000000000000e+02
1.803000000000000000e+03
2.860000000000000000e+02
2.860000000000000000e+02
2.860000000000000000e+02
2.860000000000000000e+02
1.629000000000000000e+03
1.629000000000000000e+03
1.759000000000000000e+03
1.400000000000000000e+01
9.480000000000000000e+02
1.635000000000000000e+03
2.620000000000000000e+02
1.523000000000000000e+03
1.496000000000000000e+03
1.814000000000000000e+03
1.693000000000000000e+03
1.300000000000000000e+01
1.300000000000000000e+01
1.300000000000000000e+01
7.650000000000000000e+02
6.410000000000000000e+02
1.740000000000000000e+03
1.740000000000000000e+03
1.126000000000000000e+03
1.126000000000000000e+03
1.607000000000000000e+03
1.580000000000000000e+02
8.200000000000000000e+02
1.783000000000000000e+03
1.635000000000000000e+03
8.470000000000000000e+02
8.470000000000000000e+02
8.470000000000000000e+02
1.921000000000000000e+03
1.929000000000000000e+03
1.929000000000000000e+03
1.840000000000000000e+03
9.970000000000000000e+02
1.775000000000000000e+03
3.830000000000000000e+02
3.830000000000000000e+02
1.350000000000000000e+02
1.350000000000000000e+02
1.350000000000000000e+02
1.443000000000000000e+03
8.580000000000000000e+02
3.367000000000000000e+03
8.260000000000000000e+02
8.260000000000000000e+02
8.260000000000000000e+02
8.260000000000000000e+02
4.320000000000000000e+02
4.320000000000000000e+02
4.320000000000000000e+02
2.000000000000000000e+01
6.270000000000000000e+02
6.270000000000000000e+02
3.820000000000000000e+02
3.820000000000000000e+02
3.820000000000000000e+02
3.820000000000000000e+02
3.820000000000000000e+02
3.820000000000000000e+02
1.600000000000000000e+01
1.600000000000000000e+01
1.600000000000000000e+01
1.092000000000000000e+03
1.092000000000000000e+03
1.092000000000000000e+03
9.630000000000000000e+02
9.800000000000000000e+02
7.630000000000000000e+02
1.916000000000000000e+03
1.951000000000000000e+03
1.951000000000000000e+03
1.951000000000000000e+03
9.250000000000000000e+02
9.250000000000000000e+02
4.720000000000000000e+03
6.042000000000000000e+03
6.042000000000000000e+03
5.936000000000000000e+03
5.936000000000000000e+03
5.934000000000000000e+03
5.934000000000000000e+03
5.895000000000000000e+03
5.895000000000000000e+03
9.280000000000000000e+02
1.776000000000000000e+03
1.226000000000000000e+03
1.226000000000000000e+03
1.470000000000000000e+02
9.310000000000000000e+02
1.126000000000000000e+03
1.126000000000000000e+03
7.910000000000000000e+02
1.915000000000000000e+03
6.150000000000000000e+02
6.150000000000000000e+02
6.150000000000000000e+02
6.150000000000000000e+02
8.060000000000000000e+02
9.810000000000000000e+02
9.900000000000000000e+01
1.881000000000000000e+03
9.620000000000000000e+02
9.620000000000000000e+02
9.620000000000000000e+02
9.620000000000000000e+02
1.934000000000000000e+03
8.450000000000000000e+02
8.450000000000000000e+02
8.450000000000000000e+02
6.050000000000000000e+02
6.050000000000000000e+02
6.050000000000000000e+02
1.662000000000000000e+03
6.340000000000000000e+02
9.290000000000000000e+02
3.820000000000000000e+02
3.820000000000000000e+02
3.820000000000000000e+02
3.820000000000000000e+02
3.820000000000000000e+02
3.820000000000000000e+02
3.300000000000000000e+01
3.300000000000000000e+01
1.512000000000000000e+03
1.512000000000000000e+03
1.512000000000000000e+03
1.823000000000000000e+03
2.860000000000000000e+02
2.860000000000000000e+02
2.860000000000000000e+02
2.860000000000000000e+02
5.900000000000000000e+01
5.900000000000000000e+01
5.900000000000000000e+01
5.900000000000000000e+01
5.900000000000000000e+01
5.900000000000000000e+01
5.900000000000000000e+01
5.900000000000000000e+01
5.900000000000000000e+01
5.900000000000000000e+01
5.900000000000000000e+01
5.900000000000000000e+01
9.950000000000000000e+02
6.560000000000000000e+02
6.560000000000000000e+02
6.260000000000000000e+02
6.260000000000000000e+02
1.641000000000000000e+03
7.500000000000000000e+01
7.500000000000000000e+01
3.830000000000000000e+02
3.830000000000000000e+02
1.714000000000000000e+03
9.280000000000000000e+02
1.330000000000000000e+02
1.489000000000000000e+03
1.489000000000000000e+03
1.489000000000000000e+03
1.493000000000000000e+03
9.690000000000000000e+02
9.690000000000000000e+02
1.400000000000000000e+01
8.760000000000000000e+02
8.760000000000000000e+02
8.760000000000000000e+02
8.760000000000000000e+02
8.760000000000000000e+02
8.760000000000000000e+02
8.760000000000000000e+02
8.760000000000000000e+02
8.760000000000000000e+02
8.760000000000000000e+02
8.760000000000000000e+02
8.760000000000000000e+02
8.760000000000000000e+02
8.760000000000000000e+02
8.760000000000000000e+02
8.760000000000000000e+02
8.760000000000000000e+02
8.760000000000000000e+02
8.760000000000000000e+02
1.872000000000000000e+03
5.660000000000000000e+02
4.487000000000000000e+03
4.487000000000000000e+03
4.487000000000000000e+03
1.876000000000000000e+03
9.510000000000000000e+02
7.590000000000000000e+02
7.590000000000000000e+02
7.590000000000000000e+02
7.730000000000000000e+02
7.730000000000000000e+02
1.600000000000000000e+01
1.600000000000000000e+01
1.600000000000000000e+01
8.640000000000000000e+02
1.845000000000000000e+03
1.698000000000000000e+03
1.719000000000000000e+03
1.749000000000000000e+03
1.868000000000000000e+03
8.590000000000000000e+02
8.730000000000000000e+02
8.730000000000000000e+02
8.730000000000000000e+02
8.730000000000000000e+02
8.730000000000000000e+02
8.500000000000000000e+02
8.500000000000000000e+02
8.500000000000000000e+02
8.500000000000000000e+02
8.500000000000000000e+02
8.500000000000000000e+02
2.590000000000000000e+02
9.250000000000000000e+02
9.250000000000000000e+02
9.300000000000000000e+02
2.341000000000000000e+03
2.341000000000000000e+03
2.341000000000000000e+03
2.341000000000000000e+03
2.761000000000000000e+03
2.761000000000000000e+03
3.707000000000000000e+03
3.707000000000000000e+03
2.761000000000000000e+03
2.761000000000000000e+03
2.773000000000000000e+03
2.775000000000000000e+03
2.783000000000000000e+03
2.502000000000000000e+03
6.131000000000000000e+03
9.740000000000000000e+02
9.740000000000000000e+02
9.740000000000000000e+02
9.740000000000000000e+02
3.621000000000000000e+03
3.621000000000000000e+03
1.450000000000000000e+02
1.866000000000000000e+03
1.924000000000000000e+03
8.240000000000000000e+02
8.240000000000000000e+02
8.240000000000000000e+02
8.240000000000000000e+02
8.240000000000000000e+02
8.240000000000000000e+02
1.817000000000000000e+03
1.609000000000000000e+03
7.660000000000000000e+02
6.550000000000000000e+02
6.550000000000000000e+02
1.869000000000000000e+03
1.953000000000000000e+03
7.890000000000000000e+02
7.890000000000000000e+02
1.911000000000000000e+03
1.661000000000000000e+03
1.845000000000000000e+03
1.486000000000000000e+03
8.910000000000000000e+02
1.873000000000000000e+03
8.580000000000000000e+02
3.151000000000000000e+03
2.809000000000000000e+03
2.810000000000000000e+03
7.106000000000000000e+03
8.680000000000000000e+03
2.552000000000000000e+03
2.548000000000000000e+03
2.548000000000000000e+03
2.548000000000000000e+03
1.739000000000000000e+03
1.739000000000000000e+03
1.739000000000000000e+03
1.739000000000000000e+03
1.739000000000000000e+03
1.739000000000000000e+03
1.739000000000000000e+03
1.739000000000000000e+03
1.520000000000000000e+03
1.520000000000000000e+03
2.759000000000000000e+03
2.759000000000000000e+03
2.760000000000000000e+03
2.760000000000000000e+03
5.349000000000000000e+03
5.349000000000000000e+03
5.349000000000000000e+03
5.349000000000000000e+03
5.349000000000000000e+03
5.349000000000000000e+03
5.349000000000000000e+03
5.349000000000000000e+03
5.349000000000000000e+03
5.349000000000000000e+03
2.660000000000000000e+02
2.660000000000000000e+02
2.660000000000000000e+02
3.339000000000000000e+03
8.820000000000000000e+02
2.338000000000000000e+03
2.338000000000000000e+03
2.338000000000000000e+03
2.338000000000000000e+03
2.826000000000000000e+03
2.827000000000000000e+03
2.828000000000000000e+03
2.829000000000000000e+03
2.794000000000000000e+03
2.793000000000000000e+03
2.794000000000000000e+03
2.795000000000000000e+03
2.796000000000000000e+03
1.448000000000000000e+03
2.528000000000000000e+03
1.883000000000000000e+03
3.043000000000000000e+03
3.043000000000000000e+03
3.043000000000000000e+03
3.043000000000000000e+03
3.046000000000000000e+03
3.046000000000000000e+03
3.046000000000000000e+03
3.046000000000000000e+03
4.068000000000000000e+03
8.969000000000000000e+03
2.760000000000000000e+03
2.760000000000000000e+03
2.759000000000000000e+03
2.759000000000000000e+03
2.777000000000000000e+03
2.777000000000000000e+03
2.777000000000000000e+03
2.777000000000000000e+03
2.777000000000000000e+03
2.777000000000000000e+03
1.808000000000000000e+03
1.808000000000000000e+03
5.879000000000000000e+03
5.878000000000000000e+03
2.440000000000000000e+02
2.768000000000000000e+03
2.769000000000000000e+03
2.770000000000000000e+03
1.624000000000000000e+03
1.624000000000000000e+03
1.624000000000000000e+03
1.624000000000000000e+03
5.350000000000000000e+03
5.350000000000000000e+03
5.350000000000000000e+03
5.350000000000000000e+03
5.350000000000000000e+03
5.350000000000000000e+03
5.350000000000000000e+03
5.350000000000000000e+03
5.350000000000000000e+03
5.350000000000000000e+03
2.760000000000000000e+03
2.760000000000000000e+03
2.768000000000000000e+03
2.769000000000000000e+03
2.770000000000000000e+03
2.768000000000000000e+03
2.769000000000000000e+03
2.770000000000000000e+03
2.551000000000000000e+03
2.340000000000000000e+03
2.340000000000000000e+03
2.340000000000000000e+03
2.340000000000000000e+03
8.681000000000000000e+03
2.822000000000000000e+03
4.019000000000000000e+03
2.189000000000000000e+03
8.591000000000000000e+03
8.591000000000000000e+03
2.160000000000000000e+03
5.879000000000000000e+03
2.761000000000000000e+03
2.761000000000000000e+03
7.816000000000000000e+03
3.752000000000000000e+03
3.750000000000000000e+03
3.635000000000000000e+03
3.637000000000000000e+03
3.639000000000000000e+03
3.638000000000000000e+03
2.759000000000000000e+03
2.759000000000000000e+03
2.564000000000000000e+03
2.760000000000000000e+03
2.760000000000000000e+03
9.280000000000000000e+02
6.570000000000000000e+02
2.437000000000000000e+03
7.566000000000000000e+03
2.798000000000000000e+03
6.160000000000000000e+02
2.761000000000000000e+03
2.761000000000000000e+03
2.761000000000000000e+03
2.761000000000000000e+03
3.495000000000000000e+03
3.650000000000000000e+03
2.761000000000000000e+03
2.761000000000000000e+03
1.624000000000000000e+03
1.624000000000000000e+03
1.624000000000000000e+03
1.624000000000000000e+03
2.795000000000000000e+03
2.796000000000000000e+03
2.083000000000000000e+03
9.420000000000000000e+02
9.420000000000000000e+02
7.620000000000000000e+02
1.591000000000000000e+03
1.465000000000000000e+03
1.006000000000000000e+03
2.870000000000000000e+02
2.870000000000000000e+02
2.870000000000000000e+02
2.870000000000000000e+02
2.870000000000000000e+02
2.870000000000000000e+02
2.870000000000000000e+02
5.600000000000000000e+02
1.938000000000000000e+03
1.893000000000000000e+03
1.579000000000000000e+03
1.918000000000000000e+03
6.060000000000000000e+02
1.734000000000000000e+03
2.150000000000000000e+02
2.150000000000000000e+02
2.850000000000000000e+02
2.850000000000000000e+02
2.700000000000000000e+01
6.560000000000000000e+02
6.560000000000000000e+02
8.000000000000000000e+02
8.170000000000000000e+02
8.170000000000000000e+02
8.170000000000000000e+02
1.735000000000000000e+03
1.736000000000000000e+03
9.400000000000000000e+02
9.400000000000000000e+02
9.400000000000000000e+02
9.400000000000000000e+02
9.400000000000000000e+02
9.400000000000000000e+02
9.400000000000000000e+02
9.400000000000000000e+02
9.400000000000000000e+02
9.400000000000000000e+02
9.400000000000000000e+02
9.400000000000000000e+02
9.400000000000000000e+02
9.400000000000000000e+02
8.050000000000000000e+02
8.050000000000000000e+02
1.495000000000000000e+03
1.495000000000000000e+03
1.495000000000000000e+03
1.495000000000000000e+03
5.700000000000000000e+01
5.700000000000000000e+01
9.450000000000000000e+02
9.450000000000000000e+02
9.450000000000000000e+02
1.424000000000000000e+03
1.586000000000000000e+03
1.839000000000000000e+03
1.839000000000000000e+03
1.515000000000000000e+03
3.600000000000000000e+01
3.600000000000000000e+01
3.600000000000000000e+01
1.687000000000000000e+03
1.687000000000000000e+03
1.687000000000000000e+03
5.300000000000000000e+01
5.300000000000000000e+01
5.300000000000000000e+01
5.300000000000000000e+01
5.300000000000000000e+01
5.300000000000000000e+01
1.649000000000000000e+03
5.200000000000000000e+01
5.200000000000000000e+01
5.200000000000000000e+01
1.754000000000000000e+03
1.754000000000000000e+03
1.575000000000000000e+03
7.560000000000000000e+02
7.560000000000000000e+02
7.560000000000000000e+02
7.560000000000000000e+02
1.619000000000000000e+03
1.778000000000000000e+03
1.870000000000000000e+03
1.925000000000000000e+03
1.000000000000000000e+03
1.000000000000000000e+03
1.928000000000000000e+03
7.700000000000000000e+01
1.409000000000000000e+03
1.940000000000000000e+03
1.755000000000000000e+03
8.820000000000000000e+02
6.250000000000000000e+02
6.250000000000000000e+02
1.809000000000000000e+03
6.910000000000000000e+02
1.026000000000000000e+03
1.026000000000000000e+03
1.026000000000000000e+03
1.867000000000000000e+03
1.834000000000000000e+03
1.772000000000000000e+03
1.772000000000000000e+03
1.599000000000000000e+03
1.599000000000000000e+03
1.400000000000000000e+01
8.820000000000000000e+02
1.810000000000000000e+03
1.810000000000000000e+03
1.810000000000000000e+03
1.580000000000000000e+03
1.580000000000000000e+03
1.580000000000000000e+03
1.580000000000000000e+03
1.689000000000000000e+03
1.803000000000000000e+03
9.270000000000000000e+02
1.340000000000000000e+02
1.785000000000000000e+03
1.785000000000000000e+03
1.784000000000000000e+03
1.784000000000000000e+03
3.840000000000000000e+02
3.840000000000000000e+02
3.840000000000000000e+02
7.900000000000000000e+02
1.791000000000000000e+03
7.610000000000000000e+02
6.000000000000000000e+02
6.000000000000000000e+02
8.570000000000000000e+02
8.570000000000000000e+02
8.570000000000000000e+02
1.733000000000000000e+03
1.733000000000000000e+03
3.000000000000000000e+00
3.000000000000000000e+00
7.900000000000000000e+02
1.937000000000000000e+03
1.937000000000000000e+03
1.887000000000000000e+03
1.821000000000000000e+03
1.821000000000000000e+03
1.426000000000000000e+03
1.426000000000000000e+03
1.426000000000000000e+03
1.426000000000000000e+03
1.426000000000000000e+03
1.426000000000000000e+03
9.390000000000000000e+02
9.390000000000000000e+02
9.390000000000000000e+02
8.050000000000000000e+02
1.470000000000000000e+03
1.129000000000000000e+03
6.570000000000000000e+02
1.783000000000000000e+03
6.150000000000000000e+02
6.150000000000000000e+02
6.150000000000000000e+02
6.150000000000000000e+02
1.759000000000000000e+03
6.215000000000000000e+03
1.972000000000000000e+03
1.945000000000000000e+03
1.933000000000000000e+03
7.640000000000000000e+02
1.952000000000000000e+03
1.952000000000000000e+03
1.952000000000000000e+03
1.923000000000000000e+03
1.756000000000000000e+03
1.756000000000000000e+03
5.540000000000000000e+02
5.900000000000000000e+01
5.900000000000000000e+01
5.900000000000000000e+01
5.900000000000000000e+01
5.900000000000000000e+01
5.900000000000000000e+01
5.900000000000000000e+01
5.900000000000000000e+01
5.900000000000000000e+01
5.900000000000000000e+01
5.900000000000000000e+01
5.900000000000000000e+01
6.450000000000000000e+02
6.450000000000000000e+02
1.752000000000000000e+03
1.752000000000000000e+03
1.752000000000000000e+03
1.752000000000000000e+03
9.490000000000000000e+02
1.783000000000000000e+03
6.040000000000000000e+02
1.783000000000000000e+03
8.000000000000000000e+00
8.000000000000000000e+00
8.000000000000000000e+00
8.000000000000000000e+00
9.430000000000000000e+02
9.430000000000000000e+02
8.510000000000000000e+02
1.895000000000000000e+03
1.895000000000000000e+03
1.895000000000000000e+03
1.895000000000000000e+03
1.895000000000000000e+03
1.875000000000000000e+03
1.875000000000000000e+03
8.800000000000000000e+01
8.800000000000000000e+01
1.788000000000000000e+03
5.900000000000000000e+01
5.900000000000000000e+01
5.900000000000000000e+01
5.900000000000000000e+01
5.900000000000000000e+01
5.900000000000000000e+01
5.900000000000000000e+01
5.900000000000000000e+01
5.900000000000000000e+01
5.900000000000000000e+01
5.900000000000000000e+01
5.900000000000000000e+01
5.800000000000000000e+01
8.310000000000000000e+02
8.310000000000000000e+02
1.838000000000000000e+03
1.838000000000000000e+03
8.650000000000000000e+02
6.900000000000000000e+02
2.372000000000000000e+03
2.372000000000000000e+03
2.372000000000000000e+03
2.372000000000000000e+03
2.372000000000000000e+03
2.372000000000000000e+03
2.372000000000000000e+03
2.372000000000000000e+03
2.372000000000000000e+03
2.372000000000000000e+03
3.183000000000000000e+03
3.183000000000000000e+03
3.183000000000000000e+03
3.183000000000000000e+03
3.183000000000000000e+03
2.793000000000000000e+03
6.131000000000000000e+03
1.439000000000000000e+03
1.439000000000000000e+03
2.774000000000000000e+03
1.226000000000000000e+03
1.226000000000000000e+03
1.448000000000000000e+03
1.647000000000000000e+03
4.487000000000000000e+03
4.487000000000000000e+03
4.487000000000000000e+03
1.760000000000000000e+03
1.760000000000000000e+03
1.760000000000000000e+03
1.760000000000000000e+03
5.630000000000000000e+02
3.475000000000000000e+03
1.874000000000000000e+03
1.874000000000000000e+03
1.890000000000000000e+03
9.698000000000000000e+03
9.698000000000000000e+03
1.175300000000000000e+04
1.175300000000000000e+04
8.120000000000000000e+02
8.120000000000000000e+02
8.120000000000000000e+02
8.120000000000000000e+02
8.120000000000000000e+02
8.120000000000000000e+02
8.120000000000000000e+02
5.823000000000000000e+03
1.117500000000000000e+04
1.117500000000000000e+04
1.392000000000000000e+04
1.243000000000000000e+03
1.243000000000000000e+03
1.491000000000000000e+03
1.491000000000000000e+03
1.081000000000000000e+03
1.081000000000000000e+03
1.081000000000000000e+03
1.081000000000000000e+03
1.081000000000000000e+03
1.081000000000000000e+03
1.081000000000000000e+03
1.081000000000000000e+03
1.081000000000000000e+03
1.081000000000000000e+03
1.081000000000000000e+03
1.081000000000000000e+03
1.081000000000000000e+03
7.404000000000000000e+03
3.524000000000000000e+03
3.524000000000000000e+03
1.171700000000000000e+04
1.171700000000000000e+04
1.600000000000000000e+01
1.600000000000000000e+01
1.600000000000000000e+01
2.304000000000000000e+03
2.304000000000000000e+03
1.175400000000000000e+04
1.175400000000000000e+04
1.175400000000000000e+04
1.961000000000000000e+03
1.961000000000000000e+03
1.303800000000000000e+04
1.303800000000000000e+04
1.699000000000000000e+03
1.354200000000000000e+04
1.354200000000000000e+04
1.367800000000000000e+04
1.002700000000000000e+04
1.002700000000000000e+04
1.002700000000000000e+04
1.002700000000000000e+04
1.002700000000000000e+04
1.391900000000000000e+04
8.050000000000000000e+02
1.392100000000000000e+04
1.392300000000000000e+04
2.224000000000000000e+03
2.224000000000000000e+03
6.110000000000000000e+02
4.072000000000000000e+03
4.072000000000000000e+03
4.072000000000000000e+03
4.072000000000000000e+03
4.072000000000000000e+03
4.072000000000000000e+03
4.072000000000000000e+03
4.072000000000000000e+03
4.072000000000000000e+03
6.200000000000000000e+02
6.200000000000000000e+02
1.919000000000000000e+03
1.919000000000000000e+03
1.385300000000000000e+04
1.385300000000000000e+04
1.378900000000000000e+04
1.378900000000000000e+04
1.378900000000000000e+04
3.342000000000000000e+03
3.342000000000000000e+03
1.958000000000000000e+03
8.281000000000000000e+03
1.392200000000000000e+04
9.410000000000000000e+02
9.410000000000000000e+02
8.680000000000000000e+02
8.680000000000000000e+02
8.680000000000000000e+02
8.325000000000000000e+03
1.418800000000000000e+04
1.415500000000000000e+04
1.415500000000000000e+04
1.415500000000000000e+04
1.415500000000000000e+04
1.081000000000000000e+03
1.081000000000000000e+03
1.081000000000000000e+03
1.081000000000000000e+03
1.081000000000000000e+03
1.081000000000000000e+03
1.081000000000000000e+03
1.081000000000000000e+03
1.081000000000000000e+03
1.081000000000000000e+03
1.081000000000000000e+03
1.081000000000000000e+03
1.081000000000000000e+03
5.640000000000000000e+02
2.428000000000000000e+03
2.428000000000000000e+03
2.428000000000000000e+03
2.428000000000000000e+03
2.428000000000000000e+03
2.428000000000000000e+03
1.563300000000000000e+04
3.100000000000000000e+01
3.100000000000000000e+01
3.100000000000000000e+01
1.578000000000000000e+04
1.578000000000000000e+04
1.578000000000000000e+04
1.835000000000000000e+03
1.835000000000000000e+03
1.835000000000000000e+03
1.223000000000000000e+03
1.223000000000000000e+03
1.223000000000000000e+03
1.223000000000000000e+03
1.223000000000000000e+03
1.223000000000000000e+03
1.223000000000000000e+03
1.223000000000000000e+03
1.223000000000000000e+03
1.223000000000000000e+03
1.223000000000000000e+03
1.223000000000000000e+03
1.223000000000000000e+03
1.223000000000000000e+03
1.223000000000000000e+03
1.632900000000000000e+04
1.223000000000000000e+03
1.223000000000000000e+03
1.223000000000000000e+03
2.851000000000000000e+03
1.665100000000000000e+04
2.851000000000000000e+03
1.199100000000000000e+04
1.768600000000000000e+04
1.782800000000000000e+04
1.783600000000000000e+04
7.145000000000000000e+03
7.145000000000000000e+03
9.022000000000000000e+03
9.022000000000000000e+03
8.316000000000000000e+03
1.101000000000000000e+03
5.352000000000000000e+03
3.742000000000000000e+03
1.900500000000000000e+04
1.900500000000000000e+04
7.029000000000000000e+03
7.816000000000000000e+03
1.900200000000000000e+04
3.540000000000000000e+02
7.980000000000000000e+02
7.980000000000000000e+02
7.980000000000000000e+02
5.881000000000000000e+03
5.881000000000000000e+03
1.928500000000000000e+04
5.349000000000000000e+03
5.349000000000000000e+03
5.349000000000000000e+03
5.349000000000000000e+03
5.349000000000000000e+03
5.349000000000000000e+03
5.349000000000000000e+03
5.349000000000000000e+03
5.349000000000000000e+03
5.349000000000000000e+03
1.930200000000000000e+04
1.940500000000000000e+04
1.930200000000000000e+04
6.881000000000000000e+03
6.881000000000000000e+03
8.870000000000000000e+02
5.470000000000000000e+02
2.970000000000000000e+02
2.970000000000000000e+02
1.980200000000000000e+04
2.163600000000000000e+04
2.163600000000000000e+04
2.163600000000000000e+04
2.163600000000000000e+04
2.088500000000000000e+04
2.088500000000000000e+04
1.208000000000000000e+03
1.208000000000000000e+03
1.208000000000000000e+03
2.103000000000000000e+04
2.102900000000000000e+04
8.968000000000000000e+03
2.106400000000000000e+04
8.210000000000000000e+02
8.210000000000000000e+02
4.350000000000000000e+02
2.128500000000000000e+04
1.870400000000000000e+04
1.870400000000000000e+04
2.225100000000000000e+04
2.257000000000000000e+03
1.356600000000000000e+04
1.356600000000000000e+04
