7.518000000000000000e+03
6.900000000000000000e+02
2.259000000000000000e+03
6.167000000000000000e+03
2.224000000000000000e+03
2.224000000000000000e+03
2.342000000000000000e+03
2.342000000000000000e+03
2.342000000000000000e+03
2.342000000000000000e+03
2.233000000000000000e+03
2.233000000000000000e+03
1.280000000000000000e+02
1.280000000000000000e+02
1.280000000000000000e+02
1.280000000000000000e+02
1.280000000000000000e+02
1.280000000000000000e+02
1.280000000000000000e+02
1.280000000000000000e+02
1.280000000000000000e+02
1.280000000000000000e+02
1.280000000000000000e+02
1.280000000000000000e+02
1.280000000000000000e+02
1.280000000000000000e+02
1.280000000000000000e+02
1.280000000000000000e+02
1.280000000000000000e+02
1.280000000000000000e+02
1.280000000000000000e+02
1.280000000000000000e+02
1.280000000000000000e+02
3.638000000000000000e+03
1.586400000000000000e+04
1.586400000000000000e+04
1.586400000000000000e+04
3.271000000000000000e+03
3.271000000000000000e+03
3.271000000000000000e+03
9.903000000000000000e+03
7.660000000000000000e+02
1.866000000000000000e+03
3.525000000000000000e+03
3.525000000000000000e+03
3.525000000000000000e+03
1.662000000000000000e+03
3.431000000000000000e+03
7.610000000000000000e+02
7.600000000000000000e+02
7.600000000000000000e+02
7.600000000000000000e+02
7.600000000000000000e+02
7.600000000000000000e+02
7.600000000000000000e+02
7.600000000000000000e+02
1.735000000000000000e+03
1.229700000000000000e+04
1.652000000000000000e+03
1.652000000000000000e+03
1.652000000000000000e+03
1.652000000000000000e+03
1.652000000000000000e+03
1.652000000000000000e+03
1.652000000000000000e+03
6.450000000000000000e+02
6.450000000000000000e+02
1.881000000000000000e+03
9.910000000000000000e+02
1.627000000000000000e+03
9.458000000000000000e+03
9.458000000000000000e+03
9.458000000000000000e+03
9.458000000000000000e+03
9.458000000000000000e+03
9.458000000000000000e+03
9.458000000000000000e+03
9.458000000000000000e+03
9.458000000000000000e+03
9.458000000000000000e+03
2.619000000000000000e+03
6.040000000000000000e+02
1.433000000000000000e+03
3.594000000000000000e+03
1.734000000000000000e+03
6.160000000000000000e+02
8.600000000000000000e+02
8.600000000000000000e+02
1.790000000000000000e+03
6.700000000000000000e+01
8.590000000000000000e+02
6.260000000000000000e+02
6.260000000000000000e+02
1.300000000000000000e+01
1.300000000000000000e+01
1.300000000000000000e+01
7.650000000000000000e+02
1.340000000000000000e+02
5.640000000000000000e+02
6.041000000000000000e+03
3.270000000000000000e+03
9.270000000000000000e+02
1.340000000000000000e+02
6.150000000000000000e+02
6.150000000000000000e+02
6.150000000000000000e+02
6.150000000000000000e+02
8.650000000000000000e+02
8.580000000000000000e+02
1.426000000000000000e+03
1.426000000000000000e+03
1.426000000000000000e+03
1.426000000000000000e+03
1.426000000000000000e+03
1.426000000000000000e+03
7.890000000000000000e+02
7.890000000000000000e+02
1.251000000000000000e+03
1.251000000000000000e+03
2.970000000000000000e+02
2.970000000000000000e+02
5.690000000000000000e+02
5.690000000000000000e+02
5.690000000000000000e+02
3.760000000000000000e+02
1.687000000000000000e+03
1.687000000000000000e+03
1.687000000000000000e+03
6.260000000000000000e+02
6.260000000000000000e+02
2.530000000000000000e+02
1.716000000000000000e+03
1.716000000000000000e+03
1.716000000000000000e+03
1.716000000000000000e+03
1.716000000000000000e+03
1.716000000000000000e+03
1.716000000000000000e+03
1.716000000000000000e+03
6.260000000000000000e+02
6.260000000000000000e+02
1.693000000000000000e+03
8.730000000000000000e+02
8.730000000000000000e+02
8.730000000000000000e+02
8.730000000000000000e+02
8.730000000000000000e+02
1.484000000000000000e+03
2.000000000000000000e+01
6.730000000000000000e+02
6.730000000000000000e+02
9.620000000000000000e+02
9.620000000000000000e+02
9.620000000000000000e+02
9.620000000000000000e+02
1.803000000000000000e+03
7.960000000000000000e+02
7.960000000000000000e+02
2.150000000000000000e+02
2.150000000000000000e+02
1.160000000000000000e+02
1.160000000000000000e+02
1.160000000000000000e+02
1.951000000000000000e+03
1.951000000000000000e+03
1.951000000000000000e+03
1.496000000000000000e+03
1.945000000000000000e+03
1.637000000000000000e+03
1.776000000000000000e+03
3.820000000000000000e+02
3.820000000000000000e+02
3.820000000000000000e+02
3.820000000000000000e+02
3.820000000000000000e+02
3.820000000000000000e+02
1.626000000000000000e+03
9.390000000000000000e+02
9.390000000000000000e+02
9.390000000000000000e+02
1.525000000000000000e+03
1.595000000000000000e+03
9.510000000000000000e+02
9.700000000000000000e+01
9.700000000000000000e+01
9.700000000000000000e+01
1.783000000000000000e+03
1.091000000000000000e+03
1.609000000000000000e+03
2.780000000000000000e+02
2.780000000000000000e+02
1.733000000000000000e+03
1.733000000000000000e+03
1.611000000000000000e+03
8.550000000000000000e+02
1.438000000000000000e+03
1.438000000000000000e+03
9.300000000000000000e+02
3.000000000000000000e+00
3.000000000000000000e+00
5.540000000000000000e+02
1.520000000000000000e+03
1.520000000000000000e+03
1.698000000000000000e+03
1.340000000000000000e+02
1.350000000000000000e+02
1.350000000000000000e+02
1.350000000000000000e+02
6.550000000000000000e+02
6.550000000000000000e+02
1.816000000000000000e+03
4.200000000000000000e+01
4.200000000000000000e+01
9.190000000000000000e+02
1.610000000000000000e+03
1.920000000000000000e+03
1.920000000000000000e+03
1.495000000000000000e+03
1.495000000000000000e+03
1.495000000000000000e+03
1.495000000000000000e+03
9.480000000000000000e+02
3.379000000000000000e+03
3.379000000000000000e+03
1.740000000000000000e+03
1.740000000000000000e+03
1.080000000000000000e+02
1.775000000000000000e+03
1.300000000000000000e+02
1.300000000000000000e+02
9.690000000000000000e+02
9.690000000000000000e+02
1.470000000000000000e+02
1.687000000000000000e+03
1.687000000000000000e+03
1.687000000000000000e+03
1.563000000000000000e+03
1.563000000000000000e+03
1.563000000000000000e+03
1.563000000000000000e+03
1.563000000000000000e+03
1.563000000000000000e+03
1.563000000000000000e+03
1.455000000000000000e+03
2.870000000000000000e+02
2.870000000000000000e+02
2.870000000000000000e+02
2.870000000000000000e+02
2.870000000000000000e+02
2.870000000000000000e+02
2.870000000000000000e+02
1.426000000000000000e+03
1.426000000000000000e+03
1.426000000000000000e+03
1.426000000000000000e+03
1.426000000000000000e+03
1.426000000000000000e+03
5.600000000000000000e+02
1.497000000000000000e+03
1.924000000000000000e+03
8.730000000000000000e+02
8.730000000000000000e+02
8.730000000000000000e+02
8.730000000000000000e+02
8.730000000000000000e+02
1.000000000000000000e+03
1.000000000000000000e+03
1.952000000000000000e+03
6.260000000000000000e+02
6.260000000000000000e+02
8.963000000000000000e+03
5.680000000000000000e+02
5.680000000000000000e+02
5.680000000000000000e+02
5.680000000000000000e+02
1.465000000000000000e+03
7.480000000000000000e+02
6.770000000000000000e+02
9.900000000000000000e+01
9.810000000000000000e+02
8.060000000000000000e+02
7.026000000000000000e+03
7.026000000000000000e+03
7.026000000000000000e+03
1.940000000000000000e+03
2.280000000000000000e+02
1.400000000000000000e+01
1.581000000000000000e+03
1.900000000000000000e+01
3.100000000000000000e+01
3.100000000000000000e+01
3.100000000000000000e+01
1.876000000000000000e+03
3.795000000000000000e+03
1.755000000000000000e+03
1.589000000000000000e+03
8.360000000000000000e+02
9.280000000000000000e+02
2.750000000000000000e+02
2.750000000000000000e+02
2.750000000000000000e+02
2.750000000000000000e+02
1.426000000000000000e+03
1.426000000000000000e+03
1.426000000000000000e+03
1.426000000000000000e+03
1.426000000000000000e+03
1.426000000000000000e+03
7.680000000000000000e+02
2.620000000000000000e+02
1.160000000000000000e+02
1.160000000000000000e+02
1.160000000000000000e+02
4.960000000000000000e+02
4.960000000000000000e+02
4.960000000000000000e+02
1.840000000000000000e+03
1.058000000000000000e+03
1.058000000000000000e+03
1.058000000000000000e+03
1.058000000000000000e+03
1.058000000000000000e+03
1.058000000000000000e+03
1.058000000000000000e+03
1.058000000000000000e+03
1.058000000000000000e+03
1.058000000000000000e+03
1.058000000000000000e+03
1.749000000000000000e+03
1.778000000000000000e+03
7.970000000000000000e+02
7.970000000000000000e+02
7.970000000000000000e+02
6.410000000000000000e+02
2.860000000000000000e+02
2.860000000000000000e+02
2.860000000000000000e+02
2.860000000000000000e+02
7.620000000000000000e+02
4.960000000000000000e+02
4.960000000000000000e+02
4.960000000000000000e+02
1.058000000000000000e+03
1.058000000000000000e+03
1.058000000000000000e+03
1.058000000000000000e+03
1.058000000000000000e+03
1.058000000000000000e+03
1.058000000000000000e+03
1.058000000000000000e+03
1.058000000000000000e+03
1.058000000000000000e+03
1.058000000000000000e+03
9.420000000000000000e+02
9.420000000000000000e+02
1.409000000000000000e+03
1.810000000000000000e+03
1.810000000000000000e+03
1.810000000000000000e+03
1.918000000000000000e+03
1.935000000000000000e+03
6.520000000000000000e+02
6.520000000000000000e+02
1.012000000000000000e+03
1.939000000000000000e+03
7.910000000000000000e+02
1.613000000000000000e+03
7.590000000000000000e+02
7.590000000000000000e+02
7.590000000000000000e+02
4.960000000000000000e+02
4.960000000000000000e+02
4.960000000000000000e+02
2.850000000000000000e+02
2.850000000000000000e+02
8.910000000000000000e+02
6.260000000000000000e+02
6.260000000000000000e+02
6.730000000000000000e+02
5.900000000000000000e+01
5.900000000000000000e+01
5.900000000000000000e+01
5.900000000000000000e+01
5.900000000000000000e+01
5.900000000000000000e+01
5.900000000000000000e+01
5.900000000000000000e+01
5.900000000000000000e+01
5.900000000000000000e+01
5.900000000000000000e+01
5.900000000000000000e+01
5.900000000000000000e+01
5.900000000000000000e+01
5.900000000000000000e+01
5.900000000000000000e+01
5.900000000000000000e+01
5.900000000000000000e+01
5.900000000000000000e+01
5.900000000000000000e+01
5.900000000000000000e+01
5.900000000000000000e+01
5.900000000000000000e+01
5.900000000000000000e+01
1.759000000000000000e+03
3.151000000000000000e+03
1.126000000000000000e+03
1.126000000000000000e+03
8.030000000000000000e+02
8.722000000000000000e+03
8.722000000000000000e+03
8.722000000000000000e+03
8.722000000000000000e+03
8.722000000000000000e+03
8.722000000000000000e+03
8.260000000000000000e+02
8.260000000000000000e+02
8.260000000000000000e+02
8.260000000000000000e+02
1.934000000000000000e+03
1.665000000000000000e+03
1.572000000000000000e+03
2.501000000000000000e+03
3.147000000000000000e+03
2.342000000000000000e+03
2.342000000000000000e+03
2.342000000000000000e+03
2.342000000000000000e+03
8.289000000000000000e+03
8.289000000000000000e+03
3.183000000000000000e+03
3.183000000000000000e+03
3.183000000000000000e+03
3.183000000000000000e+03
3.183000000000000000e+03
2.660000000000000000e+02
2.660000000000000000e+02
2.660000000000000000e+02
9.699000000000000000e+03
9.699000000000000000e+03
9.699000000000000000e+03
9.699000000000000000e+03
1.870000000000000000e+03
2.337000000000000000e+03
2.337000000000000000e+03
2.337000000000000000e+03
2.337000000000000000e+03
7.900000000000000000e+02
8.170000000000000000e+02
8.170000000000000000e+02
8.170000000000000000e+02
6.480000000000000000e+02
1.630000000000000000e+02
1.630000000000000000e+02
1.630000000000000000e+02
1.630000000000000000e+02
1.956000000000000000e+03
1.956000000000000000e+03
1.956000000000000000e+03
1.956000000000000000e+03
1.956000000000000000e+03
3.840000000000000000e+02
3.840000000000000000e+02
3.840000000000000000e+02
7.940000000000000000e+02
1.053600000000000000e+04
1.588000000000000000e+03
1.807000000000000000e+03
1.673000000000000000e+03
1.673000000000000000e+03
1.092000000000000000e+03
1.092000000000000000e+03
1.092000000000000000e+03
2.342000000000000000e+03
2.342000000000000000e+03
2.342000000000000000e+03
2.342000000000000000e+03
1.682000000000000000e+03
1.682000000000000000e+03
1.682000000000000000e+03
1.682000000000000000e+03
1.714000000000000000e+03
1.800000000000000000e+01
1.800000000000000000e+01
2.492000000000000000e+03
7.990000000000000000e+02
7.990000000000000000e+02
7.990000000000000000e+02
7.990000000000000000e+02
7.990000000000000000e+02
7.990000000000000000e+02
7.990000000000000000e+02
7.990000000000000000e+02
7.990000000000000000e+02
7.990000000000000000e+02
7.990000000000000000e+02
7.990000000000000000e+02
7.990000000000000000e+02
7.990000000000000000e+02
7.990000000000000000e+02
7.990000000000000000e+02
7.990000000000000000e+02
7.990000000000000000e+02
7.990000000000000000e+02
7.990000000000000000e+02
7.990000000000000000e+02
7.990000000000000000e+02
2.448000000000000000e+03
2.500000000000000000e+03
1.586000000000000000e+03
1.897000000000000000e+03
1.738000000000000000e+03
1.738000000000000000e+03
1.738000000000000000e+03
5.800000000000000000e+01
2.480000000000000000e+02
2.480000000000000000e+02
2.480000000000000000e+02
2.480000000000000000e+02
2.480000000000000000e+02
2.630000000000000000e+02
2.630000000000000000e+02
2.630000000000000000e+02
3.735000000000000000e+03
4.590000000000000000e+02
3.740000000000000000e+02
3.740000000000000000e+02
3.740000000000000000e+02
3.700000000000000000e+02
3.700000000000000000e+02
3.700000000000000000e+02
4.561000000000000000e+03
2.164000000000000000e+03
4.748000000000000000e+03
3.809000000000000000e+03
3.809000000000000000e+03
3.809000000000000000e+03
5.526000000000000000e+03
6.447000000000000000e+03
1.652000000000000000e+03
1.652000000000000000e+03
1.652000000000000000e+03
1.652000000000000000e+03
1.652000000000000000e+03
1.652000000000000000e+03
1.652000000000000000e+03
1.523000000000000000e+03
2.490000000000000000e+02
2.490000000000000000e+02
2.490000000000000000e+02
2.490000000000000000e+02
2.490000000000000000e+02
2.490000000000000000e+02
2.490000000000000000e+02
2.490000000000000000e+02
2.490000000000000000e+02
2.490000000000000000e+02
2.490000000000000000e+02
2.490000000000000000e+02
7.102000000000000000e+03
7.102000000000000000e+03
1.580000000000000000e+03
1.580000000000000000e+03
1.580000000000000000e+03
1.580000000000000000e+03
5.297000000000000000e+03
1.424000000000000000e+03
3.184000000000000000e+03
3.184000000000000000e+03
8.316000000000000000e+03
1.465000000000000000e+03
6.445000000000000000e+03
6.445000000000000000e+03
6.445000000000000000e+03
6.445000000000000000e+03
6.445000000000000000e+03
6.445000000000000000e+03
6.445000000000000000e+03
5.774000000000000000e+03
5.780000000000000000e+03
6.162000000000000000e+03
2.300000000000000000e+01
2.300000000000000000e+01
2.493000000000000000e+03
2.490000000000000000e+02
2.490000000000000000e+02
2.490000000000000000e+02
2.490000000000000000e+02
2.490000000000000000e+02
2.490000000000000000e+02
2.490000000000000000e+02
2.490000000000000000e+02
2.490000000000000000e+02
2.490000000000000000e+02
2.490000000000000000e+02
2.490000000000000000e+02
3.186000000000000000e+03
3.186000000000000000e+03
3.186000000000000000e+03
3.186000000000000000e+03
3.186000000000000000e+03
3.186000000000000000e+03
1.929000000000000000e+03
1.929000000000000000e+03
6.090000000000000000e+02
6.060000000000000000e+02
9.500000000000000000e+02
7.880000000000000000e+02
7.880000000000000000e+02
1.450000000000000000e+02
1.915000000000000000e+03
1.259000000000000000e+03
9.710000000000000000e+02
5.490000000000000000e+02
5.490000000000000000e+02
1.887000000000000000e+03
2.900000000000000000e+01
1.599000000000000000e+03
1.599000000000000000e+03
6.000000000000000000e+02
6.000000000000000000e+02
9.460000000000000000e+02
9.310000000000000000e+02
3.527000000000000000e+03
3.527000000000000000e+03
1.950000000000000000e+03
5.300000000000000000e+01
5.300000000000000000e+01
5.300000000000000000e+01
5.300000000000000000e+01
5.300000000000000000e+01
5.300000000000000000e+01
1.937000000000000000e+03
1.937000000000000000e+03
1.689000000000000000e+03
1.770000000000000000e+03
1.494000000000000000e+03
1.494000000000000000e+03
8.350000000000000000e+02
1.933000000000000000e+03
7.670000000000000000e+02
7.700000000000000000e+01
1.255000000000000000e+03
1.255000000000000000e+03
1.872000000000000000e+03
9.280000000000000000e+02
6.810000000000000000e+02
6.810000000000000000e+02
6.810000000000000000e+02
6.810000000000000000e+02
6.810000000000000000e+02
6.810000000000000000e+02
6.810000000000000000e+02
6.810000000000000000e+02
8.310000000000000000e+02
8.310000000000000000e+02
8.000000000000000000e+02
2.100000000000000000e+02
9.450000000000000000e+02
9.450000000000000000e+02
9.450000000000000000e+02
1.591000000000000000e+03
7.730000000000000000e+02
7.730000000000000000e+02
6.400000000000000000e+02
9.400000000000000000e+02
9.400000000000000000e+02
9.400000000000000000e+02
9.400000000000000000e+02
9.400000000000000000e+02
9.400000000000000000e+02
9.400000000000000000e+02
9.400000000000000000e+02
9.400000000000000000e+02
9.400000000000000000e+02
9.400000000000000000e+02
9.400000000000000000e+02
9.400000000000000000e+02
9.400000000000000000e+02
6.320000000000000000e+02
6.320000000000000000e+02
6.320000000000000000e+02
6.320000000000000000e+02
6.320000000000000000e+02
6.320000000000000000e+02
6.320000000000000000e+02
6.320000000000000000e+02
6.320000000000000000e+02
6.320000000000000000e+02
6.320000000000000000e+02
6.320000000000000000e+02
6.320000000000000000e+02
6.320000000000000000e+02
6.320000000000000000e+02
6.320000000000000000e+02
1.647000000000000000e+03
1.867000000000000000e+03
1.972000000000000000e+03
5.630000000000000000e+02
1.160000000000000000e+02
1.160000000000000000e+02
1.160000000000000000e+02
6.880000000000000000e+02
7.050000000000000000e+02
7.030000000000000000e+02
6.880000000000000000e+02
5.700000000000000000e+01
5.700000000000000000e+01
5.070000000000000000e+02
1.772000000000000000e+03
1.772000000000000000e+03
1.069000000000000000e+03
1.626000000000000000e+03
1.875000000000000000e+03
1.875000000000000000e+03
1.817000000000000000e+03
1.330000000000000000e+02
5.200000000000000000e+01
5.200000000000000000e+01
5.200000000000000000e+01
1.736000000000000000e+03
3.900000000000000000e+02
1.720000000000000000e+03
1.659000000000000000e+03
3.417000000000000000e+03
1.923000000000000000e+03
1.200000000000000000e+01
1.951000000000000000e+03
1.951000000000000000e+03
1.951000000000000000e+03
8.800000000000000000e+01
8.800000000000000000e+01
1.649000000000000000e+03
7.500000000000000000e+01
7.500000000000000000e+01
9.790000000000000000e+02
9.790000000000000000e+02
9.120000000000000000e+02
5.660000000000000000e+02
4.320000000000000000e+02
4.320000000000000000e+02
4.320000000000000000e+02
8.450000000000000000e+02
8.450000000000000000e+02
8.450000000000000000e+02
1.690000000000000000e+03
8.730000000000000000e+02
8.730000000000000000e+02
8.730000000000000000e+02
8.730000000000000000e+02
8.730000000000000000e+02
3.600000000000000000e+01
3.600000000000000000e+01
3.600000000000000000e+01
1.638000000000000000e+03
1.886000000000000000e+03
9.430000000000000000e+02
9.430000000000000000e+02
1.007000000000000000e+03
1.739000000000000000e+03
1.739000000000000000e+03
1.739000000000000000e+03
1.739000000000000000e+03
1.739000000000000000e+03
1.739000000000000000e+03
1.739000000000000000e+03
1.739000000000000000e+03
2.548000000000000000e+03
2.548000000000000000e+03
2.548000000000000000e+03
1.429000000000000000e+03
9.913000000000000000e+03
9.913000000000000000e+03
9.913000000000000000e+03
9.913000000000000000e+03
9.913000000000000000e+03
9.913000000000000000e+03
9.913000000000000000e+03
3.273000000000000000e+03
3.273000000000000000e+03
5.774000000000000000e+03
1.710000000000000000e+03
2.169000000000000000e+03
1.670000000000000000e+02
1.670000000000000000e+02
1.670000000000000000e+02
1.670000000000000000e+02
1.670000000000000000e+02
1.670000000000000000e+02
1.670000000000000000e+02
1.670000000000000000e+02
3.810000000000000000e+02
1.963000000000000000e+03
1.963000000000000000e+03
1.784000000000000000e+03
1.784000000000000000e+03
1.091000000000000000e+03
7.053000000000000000e+03
7.053000000000000000e+03
8.470000000000000000e+02
8.470000000000000000e+02
8.470000000000000000e+02
3.743000000000000000e+03
2.490000000000000000e+02
2.490000000000000000e+02
2.490000000000000000e+02
2.490000000000000000e+02
2.490000000000000000e+02
2.490000000000000000e+02
2.490000000000000000e+02
2.490000000000000000e+02
2.490000000000000000e+02
2.490000000000000000e+02
2.490000000000000000e+02
2.490000000000000000e+02
1.968000000000000000e+03
1.640000000000000000e+03
1.640000000000000000e+03
2.372000000000000000e+03
2.372000000000000000e+03
2.372000000000000000e+03
2.372000000000000000e+03
2.372000000000000000e+03
2.372000000000000000e+03
2.372000000000000000e+03
2.372000000000000000e+03
2.372000000000000000e+03
2.372000000000000000e+03
1.719000000000000000e+03
1.695000000000000000e+03
1.695000000000000000e+03
1.695000000000000000e+03
2.502000000000000000e+03
1.962000000000000000e+03
1.962000000000000000e+03
3.179000000000000000e+03
3.179000000000000000e+03
1.955000000000000000e+03
1.955000000000000000e+03
1.955000000000000000e+03
1.955000000000000000e+03
1.955000000000000000e+03
8.330000000000000000e+02
3.736000000000000000e+03
9.560000000000000000e+02
9.560000000000000000e+02
9.570000000000000000e+02
9.570000000000000000e+02
1.649000000000000000e+03
1.704000000000000000e+03
1.704000000000000000e+03
1.704000000000000000e+03
1.704000000000000000e+03
1.704000000000000000e+03
1.703000000000000000e+03
1.703000000000000000e+03
1.703000000000000000e+03
1.703000000000000000e+03
1.703000000000000000e+03
1.703000000000000000e+03
1.703000000000000000e+03
1.703000000000000000e+03
1.703000000000000000e+03
1.703000000000000000e+03
1.703000000000000000e+03
5.250000000000000000e+02
5.250000000000000000e+02
5.250000000000000000e+02
5.250000000000000000e+02
3.630000000000000000e+02
3.620000000000000000e+02
7.980000000000000000e+02
7.980000000000000000e+02
7.980000000000000000e+02
2.434000000000000000e+03
2.434000000000000000e+03
2.435000000000000000e+03
2.435000000000000000e+03
1.821000000000000000e+03
1.821000000000000000e+03
2.341000000000000000e+03
2.341000000000000000e+03
2.341000000000000000e+03
2.341000000000000000e+03
1.878000000000000000e+03
6.167000000000000000e+03
5.580000000000000000e+02
7.566000000000000000e+03
6.718000000000000000e+03
3.620000000000000000e+02
3.720000000000000000e+02
3.720000000000000000e+02
5.780000000000000000e+03
2.231000000000000000e+03
2.231000000000000000e+03
2.231000000000000000e+03
2.227000000000000000e+03
2.227000000000000000e+03
2.232000000000000000e+03
3.250000000000000000e+02
3.240000000000000000e+02
6.720000000000000000e+03
3.752000000000000000e+03
3.635000000000000000e+03
3.750000000000000000e+03
3.182000000000000000e+03
3.182000000000000000e+03
2.496000000000000000e+03
6.131000000000000000e+03
1.280000000000000000e+02
1.280000000000000000e+02
1.280000000000000000e+02
1.280000000000000000e+02
1.280000000000000000e+02
1.280000000000000000e+02
1.280000000000000000e+02
1.280000000000000000e+02
1.280000000000000000e+02
1.280000000000000000e+02
1.280000000000000000e+02
1.280000000000000000e+02
1.280000000000000000e+02
1.280000000000000000e+02
1.280000000000000000e+02
1.280000000000000000e+02
1.280000000000000000e+02
1.280000000000000000e+02
1.280000000000000000e+02
1.280000000000000000e+02
1.280000000000000000e+02
6.720000000000000000e+03
1.652000000000000000e+03
1.652000000000000000e+03
1.652000000000000000e+03
1.652000000000000000e+03
1.652000000000000000e+03
1.652000000000000000e+03
1.652000000000000000e+03
1.869000000000000000e+03
2.338000000000000000e+03
2.338000000000000000e+03
2.338000000000000000e+03
2.338000000000000000e+03
5.250000000000000000e+02
5.250000000000000000e+02
5.250000000000000000e+02
5.250000000000000000e+02
1.657000000000000000e+03
1.657000000000000000e+03
2.335000000000000000e+03
2.335000000000000000e+03
2.335000000000000000e+03
2.335000000000000000e+03
2.390000000000000000e+02
9.500000000000000000e+02
3.274000000000000000e+03
2.517000000000000000e+03
2.527000000000000000e+03
2.527000000000000000e+03
2.527000000000000000e+03
1.515000000000000000e+03
3.651000000000000000e+03
8.311000000000000000e+03
4.075000000000000000e+03
2.339000000000000000e+03
2.339000000000000000e+03
2.339000000000000000e+03
2.339000000000000000e+03
1.573000000000000000e+03
1.779000000000000000e+03
3.787000000000000000e+03
3.787000000000000000e+03
3.787000000000000000e+03
3.787000000000000000e+03
3.787000000000000000e+03
3.787000000000000000e+03
3.787000000000000000e+03
3.787000000000000000e+03
3.787000000000000000e+03
3.787000000000000000e+03
3.787000000000000000e+03
3.787000000000000000e+03
3.787000000000000000e+03
4.487000000000000000e+03
4.487000000000000000e+03
4.487000000000000000e+03
2.000000000000000000e+01
2.410000000000000000e+02
2.420000000000000000e+02
4.032000000000000000e+03
3.735000000000000000e+03
1.889000000000000000e+03
2.276000000000000000e+03
2.528000000000000000e+03
1.400000000000000000e+02
1.400000000000000000e+02
1.400000000000000000e+02
1.400000000000000000e+02
6.162000000000000000e+03
6.167000000000000000e+03
3.474000000000000000e+03
8.640000000000000000e+02
1.010000000000000000e+02
6.740000000000000000e+02
1.759000000000000000e+03
9.730000000000000000e+02
3.639000000000000000e+03
2.520000000000000000e+02
2.520000000000000000e+02
2.520000000000000000e+02
6.131000000000000000e+03
1.754000000000000000e+03
1.754000000000000000e+03
1.092000000000000000e+03
1.092000000000000000e+03
1.092000000000000000e+03
7.990000000000000000e+02
7.990000000000000000e+02
7.990000000000000000e+02
7.990000000000000000e+02
7.990000000000000000e+02
7.990000000000000000e+02
7.990000000000000000e+02
7.990000000000000000e+02
7.990000000000000000e+02
7.990000000000000000e+02
7.990000000000000000e+02
7.990000000000000000e+02
7.990000000000000000e+02
7.990000000000000000e+02
7.990000000000000000e+02
7.990000000000000000e+02
7.990000000000000000e+02
7.990000000000000000e+02
7.990000000000000000e+02
7.990000000000000000e+02
7.990000000000000000e+02
7.990000000000000000e+02
6.164000000000000000e+03
6.163000000000000000e+03
4.019000000000000000e+03
5.260000000000000000e+02
5.260000000000000000e+02
5.260000000000000000e+02
5.260000000000000000e+02
1.067400000000000000e+04
6.163000000000000000e+03
6.165000000000000000e+03
6.166000000000000000e+03
6.920000000000000000e+03
2.517000000000000000e+03
8.170000000000000000e+02
8.170000000000000000e+02
8.170000000000000000e+02
1.000000000000000000e+00
1.000000000000000000e+00
1.000000000000000000e+00
1.000000000000000000e+00
1.000000000000000000e+00
1.000000000000000000e+00
1.000000000000000000e+00
1.000000000000000000e+00
1.000000000000000000e+00
1.000000000000000000e+00
1.000000000000000000e+00
1.000000000000000000e+00
1.000000000000000000e+00
4.021000000000000000e+03
1.110000000000000000e+02
3.830000000000000000e+02
3.830000000000000000e+02
4.250000000000000000e+02
1.784000000000000000e+03
1.784000000000000000e+03
3.821000000000000000e+03
5.280000000000000000e+02
1.008000000000000000e+03
3.149000000000000000e+03
6.165000000000000000e+03
6.164000000000000000e+03
5.780000000000000000e+03
5.774000000000000000e+03
6.700000000000000000e+01
3.637000000000000000e+03
3.271000000000000000e+03
3.271000000000000000e+03
3.271000000000000000e+03
7.990000000000000000e+02
7.990000000000000000e+02
7.990000000000000000e+02
7.990000000000000000e+02
7.990000000000000000e+02
7.990000000000000000e+02
7.990000000000000000e+02
7.990000000000000000e+02
7.990000000000000000e+02
7.990000000000000000e+02
7.990000000000000000e+02
7.990000000000000000e+02
7.990000000000000000e+02
7.990000000000000000e+02
7.990000000000000000e+02
7.990000000000000000e+02
7.990000000000000000e+02
7.990000000000000000e+02
7.990000000000000000e+02
7.990000000000000000e+02
7.990000000000000000e+02
7.990000000000000000e+02
7.970000000000000000e+02
7.970000000000000000e+02
7.970000000000000000e+02
9.740000000000000000e+02
9.740000000000000000e+02
9.740000000000000000e+02
9.740000000000000000e+02
1.081000000000000000e+03
1.081000000000000000e+03
1.081000000000000000e+03
1.081000000000000000e+03
1.081000000000000000e+03
1.081000000000000000e+03
1.081000000000000000e+03
1.081000000000000000e+03
1.081000000000000000e+03
1.081000000000000000e+03
1.081000000000000000e+03
1.081000000000000000e+03
1.081000000000000000e+03
1.868000000000000000e+03
6.949000000000000000e+03
6.949000000000000000e+03
2.160000000000000000e+03
2.080000000000000000e+02
2.080000000000000000e+02
2.080000000000000000e+02
2.080000000000000000e+02
2.080000000000000000e+02
2.080000000000000000e+02
2.080000000000000000e+02
2.080000000000000000e+02
2.080000000000000000e+02
2.080000000000000000e+02
2.080000000000000000e+02
2.080000000000000000e+02
2.080000000000000000e+02
2.080000000000000000e+02
2.080000000000000000e+02
2.080000000000000000e+02
2.080000000000000000e+02
2.080000000000000000e+02
2.080000000000000000e+02
3.809000000000000000e+03
3.809000000000000000e+03
3.809000000000000000e+03
3.650000000000000000e+03
3.517000000000000000e+03
7.930000000000000000e+02
1.902000000000000000e+03
1.902000000000000000e+03
1.845000000000000000e+03
3.060000000000000000e+03
3.060000000000000000e+03
3.060000000000000000e+03
3.060000000000000000e+03
7.320000000000000000e+03
1.921000000000000000e+03
8.591000000000000000e+03
8.591000000000000000e+03
1.633000000000000000e+03
1.633000000000000000e+03
1.633000000000000000e+03
1.076400000000000000e+04
2.340000000000000000e+03
2.340000000000000000e+03
2.340000000000000000e+03
2.340000000000000000e+03
2.535000000000000000e+03
1.892000000000000000e+03
1.883000000000000000e+03
4.022000000000000000e+03
1.653000000000000000e+03
1.653000000000000000e+03
1.653000000000000000e+03
1.653000000000000000e+03
1.653000000000000000e+03
1.653000000000000000e+03
1.653000000000000000e+03
1.095000000000000000e+03
1.002600000000000000e+04
3.621000000000000000e+03
3.621000000000000000e+03
2.650000000000000000e+02
2.650000000000000000e+02
2.650000000000000000e+02
6.966000000000000000e+03
6.966000000000000000e+03
1.623000000000000000e+03
1.623000000000000000e+03
1.623000000000000000e+03
1.623000000000000000e+03
7.000000000000000000e+02
2.274000000000000000e+03
1.428000000000000000e+03
3.185000000000000000e+03
3.185000000000000000e+03
1.057000000000000000e+03
1.873000000000000000e+03
1.256000000000000000e+03
1.256000000000000000e+03
5.900000000000000000e+01
5.900000000000000000e+01
5.900000000000000000e+01
5.900000000000000000e+01
5.900000000000000000e+01
5.900000000000000000e+01
5.900000000000000000e+01
5.900000000000000000e+01
5.900000000000000000e+01
5.900000000000000000e+01
5.900000000000000000e+01
5.900000000000000000e+01
1.885000000000000000e+03
3.181000000000000000e+03
1.696000000000000000e+03
1.696000000000000000e+03
1.696000000000000000e+03
3.786000000000000000e+03
9.750000000000000000e+02
5.480000000000000000e+02
5.480000000000000000e+02
1.895000000000000000e+03
1.895000000000000000e+03
1.895000000000000000e+03
1.895000000000000000e+03
1.895000000000000000e+03
1.724000000000000000e+03
1.067800000000000000e+04
1.067800000000000000e+04
1.067800000000000000e+04
8.200000000000000000e+02
1.925000000000000000e+03
3.473000000000000000e+03
3.043000000000000000e+03
3.043000000000000000e+03
3.043000000000000000e+03
3.043000000000000000e+03
7.640000000000000000e+02
9.540000000000000000e+02
1.879000000000000000e+03
6.470000000000000000e+02
6.470000000000000000e+02
6.470000000000000000e+02
6.470000000000000000e+02
6.470000000000000000e+02
6.470000000000000000e+02
6.470000000000000000e+02
6.470000000000000000e+02
6.470000000000000000e+02
6.470000000000000000e+02
1.919000000000000000e+03
1.919000000000000000e+03
1.903000000000000000e+03
1.903000000000000000e+03
1.814000000000000000e+03
1.439000000000000000e+03
2.536000000000000000e+03
3.820000000000000000e+02
3.820000000000000000e+02
3.820000000000000000e+02
3.820000000000000000e+02
3.820000000000000000e+02
3.820000000000000000e+02
6.580000000000000000e+02
6.580000000000000000e+02
6.580000000000000000e+02
1.640000000000000000e+02
1.640000000000000000e+02
1.640000000000000000e+02
1.640000000000000000e+02
1.640000000000000000e+02
1.126000000000000000e+03
1.126000000000000000e+03
3.220000000000000000e+02
3.495000000000000000e+03
3.046000000000000000e+03
3.046000000000000000e+03
3.046000000000000000e+03
3.046000000000000000e+03
3.644000000000000000e+03
3.644000000000000000e+03
2.400000000000000000e+02
4.020000000000000000e+03
3.736000000000000000e+03
1.110000000000000000e+02
3.856000000000000000e+03
6.310000000000000000e+02
6.310000000000000000e+02
9.560000000000000000e+02
9.560000000000000000e+02
9.570000000000000000e+02
9.570000000000000000e+02
1.448000000000000000e+03
1.624000000000000000e+03
1.624000000000000000e+03
1.624000000000000000e+03
1.624000000000000000e+03
6.001000000000000000e+03
6.001000000000000000e+03
6.001000000000000000e+03
3.710000000000000000e+02
3.710000000000000000e+02
3.710000000000000000e+02
2.305000000000000000e+03
4.320000000000000000e+02
4.320000000000000000e+02
4.320000000000000000e+02
2.563000000000000000e+03
2.563000000000000000e+03
3.040000000000000000e+03
3.040000000000000000e+03
3.040000000000000000e+03
3.040000000000000000e+03
6.720000000000000000e+03
6.166000000000000000e+03
6.165000000000000000e+03
6.153000000000000000e+03
4.567000000000000000e+03
1.679000000000000000e+03
1.756000000000000000e+03
1.756000000000000000e+03
9.630000000000000000e+02
2.437000000000000000e+03
4.260000000000000000e+02
1.681000000000000000e+03
1.681000000000000000e+03
1.681000000000000000e+03
3.778000000000000000e+03
9.250000000000000000e+02
9.250000000000000000e+02
3.269000000000000000e+03
1.430000000000000000e+03
2.275000000000000000e+03
3.240000000000000000e+02
5.851000000000000000e+03
5.851000000000000000e+03
1.953000000000000000e+03
5.365000000000000000e+03
2.343000000000000000e+03
2.343000000000000000e+03
2.343000000000000000e+03
2.343000000000000000e+03
1.512000000000000000e+03
1.512000000000000000e+03
1.512000000000000000e+03
3.801000000000000000e+03
3.801000000000000000e+03
6.168000000000000000e+03
6.168000000000000000e+03
6.168000000000000000e+03
1.676000000000000000e+03
1.585000000000000000e+03
1.928000000000000000e+03
6.445000000000000000e+03
6.445000000000000000e+03
6.445000000000000000e+03
6.445000000000000000e+03
6.445000000000000000e+03
6.445000000000000000e+03
6.445000000000000000e+03
1.890000000000000000e+03
7.589000000000000000e+03
1.908000000000000000e+03
1.908000000000000000e+03
6.270000000000000000e+02
6.270000000000000000e+02
8.120000000000000000e+02
8.120000000000000000e+02
8.120000000000000000e+02
8.120000000000000000e+02
8.120000000000000000e+02
8.120000000000000000e+02
8.120000000000000000e+02
1.625000000000000000e+03
1.625000000000000000e+03
1.091000000000000000e+03
8.120000000000000000e+02
8.120000000000000000e+02
8.120000000000000000e+02
8.120000000000000000e+02
8.120000000000000000e+02
8.120000000000000000e+02
8.120000000000000000e+02
4.042000000000000000e+03
4.042000000000000000e+03
1.173100000000000000e+04
5.230000000000000000e+02
5.230000000000000000e+02
8.964000000000000000e+03
1.225100000000000000e+04
1.125800000000000000e+04
1.125800000000000000e+04
1.125800000000000000e+04
1.125800000000000000e+04
1.125800000000000000e+04
1.125800000000000000e+04
1.874000000000000000e+03
1.874000000000000000e+03
1.121100000000000000e+04
2.342000000000000000e+03
2.342000000000000000e+03
2.342000000000000000e+03
2.342000000000000000e+03
1.658000000000000000e+03
1.658000000000000000e+03
1.660000000000000000e+02
1.660000000000000000e+02
1.660000000000000000e+02
1.660000000000000000e+02
1.660000000000000000e+02
1.660000000000000000e+02
1.660000000000000000e+02
1.660000000000000000e+02
1.117500000000000000e+04
1.117500000000000000e+04
5.577000000000000000e+03
2.433000000000000000e+03
2.433000000000000000e+03
6.162000000000000000e+03
1.040000000000000000e+02
1.147200000000000000e+04
1.147300000000000000e+04
9.880000000000000000e+03
1.652000000000000000e+03
1.652000000000000000e+03
1.652000000000000000e+03
1.652000000000000000e+03
1.652000000000000000e+03
1.652000000000000000e+03
1.652000000000000000e+03
6.200000000000000000e+02
6.200000000000000000e+02
1.537100000000000000e+04
3.426000000000000000e+03
3.426000000000000000e+03
3.426000000000000000e+03
8.967000000000000000e+03
8.967000000000000000e+03
1.907000000000000000e+03
6.966000000000000000e+03
6.966000000000000000e+03
6.550000000000000000e+02
6.550000000000000000e+02
6.550000000000000000e+02
6.550000000000000000e+02
3.524000000000000000e+03
3.524000000000000000e+03
1.175300000000000000e+04
1.175300000000000000e+04
1.171700000000000000e+04
1.171700000000000000e+04
1.175400000000000000e+04
1.175400000000000000e+04
1.175400000000000000e+04
6.020000000000000000e+02
6.020000000000000000e+02
1.175200000000000000e+04
1.175200000000000000e+04
2.474000000000000000e+03
1.491000000000000000e+03
1.491000000000000000e+03
1.303800000000000000e+04
1.303800000000000000e+04
1.079000000000000000e+03
1.961000000000000000e+03
1.961000000000000000e+03
1.378800000000000000e+04
1.378800000000000000e+04
1.233900000000000000e+04
1.233900000000000000e+04
1.233900000000000000e+04
1.233900000000000000e+04
5.290000000000000000e+02
5.290000000000000000e+02
5.290000000000000000e+02
1.571000000000000000e+03
2.523000000000000000e+03
7.246000000000000000e+03
7.246000000000000000e+03
7.246000000000000000e+03
7.246000000000000000e+03
7.250000000000000000e+03
7.250000000000000000e+03
7.250000000000000000e+03
1.825000000000000000e+03
1.825000000000000000e+03
1.825000000000000000e+03
1.825000000000000000e+03
1.825000000000000000e+03
1.825000000000000000e+03
1.825000000000000000e+03
1.825000000000000000e+03
1.825000000000000000e+03
1.825000000000000000e+03
1.825000000000000000e+03
1.825000000000000000e+03
1.825000000000000000e+03
1.825000000000000000e+03
1.825000000000000000e+03
1.825000000000000000e+03
1.825000000000000000e+03
1.825000000000000000e+03
1.825000000000000000e+03
1.825000000000000000e+03
1.825000000000000000e+03
1.825000000000000000e+03
1.825000000000000000e+03
1.825000000000000000e+03
1.825000000000000000e+03
1.825000000000000000e+03
1.825000000000000000e+03
1.825000000000000000e+03
1.825000000000000000e+03
1.825000000000000000e+03
1.782000000000000000e+03
1.782000000000000000e+03
1.782000000000000000e+03
1.782000000000000000e+03
1.782000000000000000e+03
1.782000000000000000e+03
1.782000000000000000e+03
1.782000000000000000e+03
1.782000000000000000e+03
1.782000000000000000e+03
1.782000000000000000e+03
1.782000000000000000e+03
1.782000000000000000e+03
1.782000000000000000e+03
1.782000000000000000e+03
1.782000000000000000e+03
1.782000000000000000e+03
1.782000000000000000e+03
1.782000000000000000e+03
1.782000000000000000e+03
1.782000000000000000e+03
1.782000000000000000e+03
1.782000000000000000e+03
1.782000000000000000e+03
1.782000000000000000e+03
1.782000000000000000e+03
1.782000000000000000e+03
1.782000000000000000e+03
1.782000000000000000e+03
6.879000000000000000e+03
2.203000000000000000e+03
2.203000000000000000e+03
3.272000000000000000e+03
3.272000000000000000e+03
1.210000000000000000e+02
1.210000000000000000e+02
1.210000000000000000e+02
1.210000000000000000e+02
1.210000000000000000e+02
1.210000000000000000e+02
1.210000000000000000e+02
1.210000000000000000e+02
1.210000000000000000e+02
1.210000000000000000e+02
1.210000000000000000e+02
1.210000000000000000e+02
1.210000000000000000e+02
3.782000000000000000e+03
3.782000000000000000e+03
3.782000000000000000e+03
3.782000000000000000e+03
3.782000000000000000e+03
3.782000000000000000e+03
3.782000000000000000e+03
3.782000000000000000e+03
1.070000000000000000e+03
1.377400000000000000e+04
1.377400000000000000e+04
1.377400000000000000e+04
1.377400000000000000e+04
1.377500000000000000e+04
1.377500000000000000e+04
1.377500000000000000e+04
1.377500000000000000e+04
1.377600000000000000e+04
1.377700000000000000e+04
1.377800000000000000e+04
1.377900000000000000e+04
1.382100000000000000e+04
1.382100000000000000e+04
1.382100000000000000e+04
1.382100000000000000e+04
1.382100000000000000e+04
1.382100000000000000e+04
1.382100000000000000e+04
1.296000000000000000e+04
1.792000000000000000e+03
9.516000000000000000e+03
1.113000000000000000e+03
9.882000000000000000e+03
1.070000000000000000e+03
1.378900000000000000e+04
1.378900000000000000e+04
1.378900000000000000e+04
2.825000000000000000e+03
1.376600000000000000e+04
1.210000000000000000e+02
1.210000000000000000e+02
1.210000000000000000e+02
1.210000000000000000e+02
1.210000000000000000e+02
1.210000000000000000e+02
1.210000000000000000e+02
1.210000000000000000e+02
1.210000000000000000e+02
1.210000000000000000e+02
1.210000000000000000e+02
1.210000000000000000e+02
1.210000000000000000e+02
1.426000000000000000e+04
1.426000000000000000e+04
2.102900000000000000e+04
4.590000000000000000e+02
9.410000000000000000e+02
9.410000000000000000e+02
1.426700000000000000e+04
1.444100000000000000e+04
1.524000000000000000e+03
1.415500000000000000e+04
1.415500000000000000e+04
1.415500000000000000e+04
1.415500000000000000e+04
1.417000000000000000e+04
1.417000000000000000e+04
1.417000000000000000e+04
6.133000000000000000e+03
1.465200000000000000e+04
1.465200000000000000e+04
1.969000000000000000e+03
2.850000000000000000e+02
2.850000000000000000e+02
1.783600000000000000e+04
1.468200000000000000e+04
1.565200000000000000e+04
1.563300000000000000e+04
2.428000000000000000e+03
2.428000000000000000e+03
2.428000000000000000e+03
2.428000000000000000e+03
2.428000000000000000e+03
2.428000000000000000e+03
1.692000000000000000e+03
1.692000000000000000e+03
1.692000000000000000e+03
1.692000000000000000e+03
1.692000000000000000e+03
1.692000000000000000e+03
1.692000000000000000e+03
1.692000000000000000e+03
1.692000000000000000e+03
1.692000000000000000e+03
1.692000000000000000e+03
1.692000000000000000e+03
1.692000000000000000e+03
1.692000000000000000e+03
1.692000000000000000e+03
1.692000000000000000e+03
1.692000000000000000e+03
1.692000000000000000e+03
1.692000000000000000e+03
1.692000000000000000e+03
1.692000000000000000e+03
1.692000000000000000e+03
1.692000000000000000e+03
1.692000000000000000e+03
1.692000000000000000e+03
1.692000000000000000e+03
1.692000000000000000e+03
1.692000000000000000e+03
1.692000000000000000e+03
1.692000000000000000e+03
1.692000000000000000e+03
1.692000000000000000e+03
1.546100000000000000e+04
1.546100000000000000e+04
4.765000000000000000e+03
4.765000000000000000e+03
4.765000000000000000e+03
4.765000000000000000e+03
4.765000000000000000e+03
4.765000000000000000e+03
4.765000000000000000e+03
4.765000000000000000e+03
4.765000000000000000e+03
4.765000000000000000e+03
4.765000000000000000e+03
4.590000000000000000e+02
1.082000000000000000e+03
1.082000000000000000e+03
1.577800000000000000e+04
1.577800000000000000e+04
1.577800000000000000e+04
1.577800000000000000e+04
8.679000000000000000e+03
2.226000000000000000e+03
2.226000000000000000e+03
6.166000000000000000e+03
6.165000000000000000e+03
6.164000000000000000e+03
6.163000000000000000e+03
5.780000000000000000e+03
6.162000000000000000e+03
5.774000000000000000e+03
6.167000000000000000e+03
6.900000000000000000e+02
6.900000000000000000e+02
7.990000000000000000e+02
7.990000000000000000e+02
7.990000000000000000e+02
7.990000000000000000e+02
7.990000000000000000e+02
7.990000000000000000e+02
7.990000000000000000e+02
7.990000000000000000e+02
7.990000000000000000e+02
7.990000000000000000e+02
7.990000000000000000e+02
7.990000000000000000e+02
7.990000000000000000e+02
7.990000000000000000e+02
7.990000000000000000e+02
7.990000000000000000e+02
7.990000000000000000e+02
7.990000000000000000e+02
7.990000000000000000e+02
7.990000000000000000e+02
7.990000000000000000e+02
7.990000000000000000e+02
2.303000000000000000e+03
3.800000000000000000e+02
3.800000000000000000e+02
1.710300000000000000e+04
1.721800000000000000e+04
1.768600000000000000e+04
1.768600000000000000e+04
1.533000000000000000e+03
1.974500000000000000e+04
2.540000000000000000e+02
1.380000000000000000e+02
1.836900000000000000e+04
1.836900000000000000e+04
8.744000000000000000e+03
1.880000000000000000e+04
1.880000000000000000e+04
1.891200000000000000e+04
1.074700000000000000e+04
1.074700000000000000e+04
1.074700000000000000e+04
1.074700000000000000e+04
3.526000000000000000e+03
3.526000000000000000e+03
1.922100000000000000e+04
1.922100000000000000e+04
1.922100000000000000e+04
1.930200000000000000e+04
1.930200000000000000e+04
9.920000000000000000e+02
1.969600000000000000e+04
6.132000000000000000e+03
9.950000000000000000e+02
1.473100000000000000e+04
1.473100000000000000e+04
1.473100000000000000e+04
1.473100000000000000e+04
1.473100000000000000e+04
2.003400000000000000e+04
2.003400000000000000e+04
1.139000000000000000e+03
1.139000000000000000e+03
9.788000000000000000e+03
2.045500000000000000e+04
2.088100000000000000e+04
2.088100000000000000e+04
2.088100000000000000e+04
2.088100000000000000e+04
2.088100000000000000e+04
2.088100000000000000e+04
2.088100000000000000e+04
2.088100000000000000e+04
2.088100000000000000e+04
2.088100000000000000e+04
2.088100000000000000e+04
2.088100000000000000e+04
2.088100000000000000e+04
1.175100000000000000e+04
1.175100000000000000e+04
1.175100000000000000e+04
1.175100000000000000e+04
1.175100000000000000e+04
1.175100000000000000e+04
1.175100000000000000e+04
1.175100000000000000e+04
1.175100000000000000e+04
1.175100000000000000e+04
1.175100000000000000e+04
1.175100000000000000e+04
1.175100000000000000e+04
8.400000000000000000e+02
2.107100000000000000e+04
2.107100000000000000e+04
2.107100000000000000e+04
2.107100000000000000e+04
2.107100000000000000e+04
1.768000000000000000e+03
1.768000000000000000e+03
8.230000000000000000e+02
8.230000000000000000e+02
2.142000000000000000e+04
2.142000000000000000e+04
2.173800000000000000e+04
2.229200000000000000e+04
2.257000000000000000e+03
6.110000000000000000e+02
1.139100000000000000e+04
