2.340000000000000000e+03
2.340000000000000000e+03
2.340000000000000000e+03
2.340000000000000000e+03
7.600000000000000000e+02
7.600000000000000000e+02
7.600000000000000000e+02
7.600000000000000000e+02
7.600000000000000000e+02
7.600000000000000000e+02
7.600000000000000000e+02
1.770000000000000000e+03
7.610000000000000000e+02
8.570000000000000000e+02
8.570000000000000000e+02
8.570000000000000000e+02
1.624000000000000000e+03
1.624000000000000000e+03
1.624000000000000000e+03
1.624000000000000000e+03
3.048000000000000000e+03
3.048000000000000000e+03
3.048000000000000000e+03
3.048000000000000000e+03
1.885000000000000000e+03
2.528000000000000000e+03
2.777000000000000000e+03
2.777000000000000000e+03
2.777000000000000000e+03
2.777000000000000000e+03
2.777000000000000000e+03
2.777000000000000000e+03
2.778000000000000000e+03
2.779000000000000000e+03
9.970000000000000000e+02
1.126000000000000000e+03
1.126000000000000000e+03
7.600000000000000000e+02
7.600000000000000000e+02
7.600000000000000000e+02
7.600000000000000000e+02
7.600000000000000000e+02
7.600000000000000000e+02
7.600000000000000000e+02
1.756000000000000000e+03
1.756000000000000000e+03
1.939000000000000000e+03
3.151000000000000000e+03
2.777000000000000000e+03
2.777000000000000000e+03
2.777000000000000000e+03
2.777000000000000000e+03
2.777000000000000000e+03
2.777000000000000000e+03
2.778000000000000000e+03
2.779000000000000000e+03
8.500000000000000000e+02
8.500000000000000000e+02
8.500000000000000000e+02
8.500000000000000000e+02
8.500000000000000000e+02
8.500000000000000000e+02
1.478000000000000000e+03
6.110000000000000000e+02
9.260000000000000000e+02
9.260000000000000000e+02
1.887000000000000000e+03
1.575000000000000000e+03
8.640000000000000000e+02
1.110000000000000000e+02
2.870000000000000000e+02
2.870000000000000000e+02
2.870000000000000000e+02
2.870000000000000000e+02
2.870000000000000000e+02
2.870000000000000000e+02
2.870000000000000000e+02
5.600000000000000000e+02
1.000000000000000000e+02
1.000000000000000000e+02
3.077000000000000000e+03
3.079000000000000000e+03
3.078000000000000000e+03
2.821000000000000000e+03
2.822000000000000000e+03
2.768000000000000000e+03
2.769000000000000000e+03
2.770000000000000000e+03
1.809000000000000000e+03
8.820000000000000000e+02
2.768000000000000000e+03
2.769000000000000000e+03
2.770000000000000000e+03
7.620000000000000000e+02
1.591000000000000000e+03
1.465000000000000000e+03
6.090000000000000000e+02
1.866000000000000000e+03
1.881000000000000000e+03
2.343000000000000000e+03
2.343000000000000000e+03
2.343000000000000000e+03
2.343000000000000000e+03
9.430000000000000000e+02
9.430000000000000000e+02
9.270000000000000000e+02
1.340000000000000000e+02
5.660000000000000000e+02
1.259000000000000000e+03
1.872000000000000000e+03
1.409000000000000000e+03
1.938000000000000000e+03
1.533000000000000000e+03
1.870000000000000000e+03
1.255000000000000000e+03
1.255000000000000000e+03
1.889000000000000000e+03
3.840000000000000000e+02
3.840000000000000000e+02
3.840000000000000000e+02
1.595000000000000000e+03
9.480000000000000000e+02
8.060000000000000000e+02
1.600000000000000000e+01
1.600000000000000000e+01
1.600000000000000000e+01
3.040000000000000000e+03
3.040000000000000000e+03
3.040000000000000000e+03
3.040000000000000000e+03
9.390000000000000000e+02
9.390000000000000000e+02
9.390000000000000000e+02
7.590000000000000000e+02
7.590000000000000000e+02
7.590000000000000000e+02
1.951000000000000000e+03
1.951000000000000000e+03
1.951000000000000000e+03
2.777000000000000000e+03
2.777000000000000000e+03
2.777000000000000000e+03
2.777000000000000000e+03
2.777000000000000000e+03
2.777000000000000000e+03
2.778000000000000000e+03
2.779000000000000000e+03
9.900000000000000000e+01
1.914000000000000000e+03
1.443000000000000000e+03
2.564000000000000000e+03
1.972000000000000000e+03
2.435000000000000000e+03
2.435000000000000000e+03
2.433000000000000000e+03
2.433000000000000000e+03
2.434000000000000000e+03
2.434000000000000000e+03
9.450000000000000000e+02
9.450000000000000000e+02
9.450000000000000000e+02
5.700000000000000000e+01
5.700000000000000000e+01
6.000000000000000000e+02
6.000000000000000000e+02
1.868000000000000000e+03
9.910000000000000000e+02
1.892000000000000000e+03
1.876000000000000000e+03
1.783000000000000000e+03
8.800000000000000000e+01
8.800000000000000000e+01
2.000000000000000000e+01
9.010000000000000000e+02
1.880000000000000000e+03
1.803000000000000000e+03
6.550000000000000000e+02
6.550000000000000000e+02
1.873000000000000000e+03
6.040000000000000000e+02
1.937000000000000000e+03
1.937000000000000000e+03
2.493000000000000000e+03
1.808000000000000000e+03
1.808000000000000000e+03
6.150000000000000000e+02
6.150000000000000000e+02
6.150000000000000000e+02
6.150000000000000000e+02
8.730000000000000000e+02
8.730000000000000000e+02
8.730000000000000000e+02
8.730000000000000000e+02
8.730000000000000000e+02
3.043000000000000000e+03
3.043000000000000000e+03
3.043000000000000000e+03
3.043000000000000000e+03
3.046000000000000000e+03
3.046000000000000000e+03
3.046000000000000000e+03
3.046000000000000000e+03
5.260000000000000000e+02
5.260000000000000000e+02
5.260000000000000000e+02
5.260000000000000000e+02
5.250000000000000000e+02
5.250000000000000000e+02
5.250000000000000000e+02
5.250000000000000000e+02
7.890000000000000000e+02
7.890000000000000000e+02
1.520000000000000000e+03
1.520000000000000000e+03
5.540000000000000000e+02
7.580000000000000000e+02
7.580000000000000000e+02
7.580000000000000000e+02
7.580000000000000000e+02
1.489000000000000000e+03
1.489000000000000000e+03
1.489000000000000000e+03
1.840000000000000000e+03
1.619000000000000000e+03
3.495000000000000000e+03
1.869000000000000000e+03
1.280000000000000000e+02
1.280000000000000000e+02
1.280000000000000000e+02
1.280000000000000000e+02
1.280000000000000000e+02
1.280000000000000000e+02
1.280000000000000000e+02
1.280000000000000000e+02
1.280000000000000000e+02
1.280000000000000000e+02
1.280000000000000000e+02
1.280000000000000000e+02
1.280000000000000000e+02
1.280000000000000000e+02
1.280000000000000000e+02
1.280000000000000000e+02
1.280000000000000000e+02
1.280000000000000000e+02
1.280000000000000000e+02
1.280000000000000000e+02
1.280000000000000000e+02
1.893000000000000000e+03
9.950000000000000000e+02
1.875000000000000000e+03
1.875000000000000000e+03
2.822000000000000000e+03
6.150000000000000000e+02
6.150000000000000000e+02
6.150000000000000000e+02
6.150000000000000000e+02
1.867000000000000000e+03
8.580000000000000000e+02
1.810000000000000000e+03
1.810000000000000000e+03
1.810000000000000000e+03
1.310000000000000000e+02
7.910000000000000000e+02
6.250000000000000000e+02
6.250000000000000000e+02
1.610000000000000000e+02
1.610000000000000000e+02
1.610000000000000000e+02
1.610000000000000000e+02
1.620000000000000000e+02
1.620000000000000000e+02
1.620000000000000000e+02
1.620000000000000000e+02
6.270000000000000000e+02
6.270000000000000000e+02
3.820000000000000000e+02
3.820000000000000000e+02
3.820000000000000000e+02
3.820000000000000000e+02
3.820000000000000000e+02
3.820000000000000000e+02
4.320000000000000000e+02
4.320000000000000000e+02
4.320000000000000000e+02
1.139000000000000000e+03
1.139000000000000000e+03
9.420000000000000000e+02
9.420000000000000000e+02
9.250000000000000000e+02
9.250000000000000000e+02
2.338000000000000000e+03
2.338000000000000000e+03
2.338000000000000000e+03
2.338000000000000000e+03
9.630000000000000000e+02
1.883000000000000000e+03
2.341000000000000000e+03
2.341000000000000000e+03
2.341000000000000000e+03
2.341000000000000000e+03
1.662000000000000000e+03
3.475000000000000000e+03
3.475000000000000000e+03
3.650000000000000000e+03
3.763000000000000000e+03
3.763000000000000000e+03
3.763000000000000000e+03
3.763000000000000000e+03
3.621000000000000000e+03
3.621000000000000000e+03
1.788000000000000000e+03
3.778000000000000000e+03
2.337000000000000000e+03
2.337000000000000000e+03
2.337000000000000000e+03
2.337000000000000000e+03
5.580000000000000000e+02
5.580000000000000000e+02
3.743000000000000000e+03
3.800000000000000000e+03
3.800000000000000000e+03
3.800000000000000000e+03
4.567000000000000000e+03
3.784000000000000000e+03
3.784000000000000000e+03
3.784000000000000000e+03
3.784000000000000000e+03
3.784000000000000000e+03
3.784000000000000000e+03
3.784000000000000000e+03
3.784000000000000000e+03
3.784000000000000000e+03
3.784000000000000000e+03
3.784000000000000000e+03
3.784000000000000000e+03
1.243000000000000000e+03
1.243000000000000000e+03
4.068000000000000000e+03
3.527000000000000000e+03
3.527000000000000000e+03
6.131000000000000000e+03
5.878000000000000000e+03
1.689000000000000000e+03
9.540000000000000000e+02
6.949000000000000000e+03
6.949000000000000000e+03
5.879000000000000000e+03
9.903000000000000000e+03
8.591000000000000000e+03
8.591000000000000000e+03
9.690000000000000000e+02
9.690000000000000000e+02
7.630000000000000000e+02
4.075000000000000000e+03
9.190000000000000000e+02
2.825000000000000000e+03
1.783000000000000000e+03
3.525000000000000000e+03
3.525000000000000000e+03
3.525000000000000000e+03
4.103000000000000000e+03
2.335000000000000000e+03
2.335000000000000000e+03
2.335000000000000000e+03
2.335000000000000000e+03
2.809000000000000000e+03
2.810000000000000000e+03
2.808000000000000000e+03
1.193000000000000000e+03
1.193000000000000000e+03
1.193000000000000000e+03
1.193000000000000000e+03
1.193000000000000000e+03
1.193000000000000000e+03
2.821000000000000000e+03
1.171700000000000000e+04
1.171700000000000000e+04
9.810000000000000000e+02
8.590000000000000000e+02
1.916000000000000000e+03
1.491000000000000000e+03
1.491000000000000000e+03
1.874000000000000000e+03
1.874000000000000000e+03
1.890000000000000000e+03
1.175300000000000000e+04
1.175300000000000000e+04
6.168000000000000000e+03
6.168000000000000000e+03
6.168000000000000000e+03
1.563300000000000000e+04
2.428000000000000000e+03
2.428000000000000000e+03
2.428000000000000000e+03
2.428000000000000000e+03
2.428000000000000000e+03
2.428000000000000000e+03
1.223000000000000000e+03
1.223000000000000000e+03
1.223000000000000000e+03
1.223000000000000000e+03
1.223000000000000000e+03
1.223000000000000000e+03
1.782800000000000000e+04
1.768600000000000000e+04
1.870700000000000000e+04
3.526000000000000000e+03
3.526000000000000000e+03
7.566000000000000000e+03
6.881000000000000000e+03
6.881000000000000000e+03
2.106400000000000000e+04
2.163600000000000000e+04
2.163600000000000000e+04
2.163600000000000000e+04
2.163600000000000000e+04
