2.528000000000000000e+03
2.338000000000000000e+03
2.338000000000000000e+03
2.338000000000000000e+03
2.338000000000000000e+03
2.768000000000000000e+03
2.769000000000000000e+03
2.770000000000000000e+03
2.428000000000000000e+03
2.428000000000000000e+03
2.428000000000000000e+03
2.428000000000000000e+03
2.428000000000000000e+03
2.428000000000000000e+03
2.433000000000000000e+03
2.433000000000000000e+03
3.048000000000000000e+03
3.048000000000000000e+03
3.048000000000000000e+03
3.048000000000000000e+03
9.698000000000000000e+03
9.698000000000000000e+03
1.478000000000000000e+03
1.395300000000000000e+04
1.395300000000000000e+04
1.395300000000000000e+04
1.395300000000000000e+04
1.395300000000000000e+04
1.395300000000000000e+04
1.395300000000000000e+04
1.395300000000000000e+04
1.395300000000000000e+04
1.395300000000000000e+04
1.395300000000000000e+04
1.395300000000000000e+04
6.250000000000000000e+02
6.250000000000000000e+02
1.409000000000000000e+03
1.934000000000000000e+03
2.821000000000000000e+03
1.489000000000000000e+03
1.489000000000000000e+03
1.489000000000000000e+03
9.390000000000000000e+02
9.390000000000000000e+02
9.390000000000000000e+02
9.490000000000000000e+02
1.916000000000000000e+03
1.243000000000000000e+03
1.243000000000000000e+03
1.600000000000000000e+01
1.600000000000000000e+01
1.600000000000000000e+01
3.784000000000000000e+03
3.784000000000000000e+03
3.784000000000000000e+03
3.784000000000000000e+03
3.784000000000000000e+03
3.784000000000000000e+03
3.784000000000000000e+03
3.784000000000000000e+03
3.784000000000000000e+03
3.784000000000000000e+03
3.784000000000000000e+03
3.784000000000000000e+03
1.835000000000000000e+03
1.835000000000000000e+03
1.835000000000000000e+03
1.619000000000000000e+03
6.131000000000000000e+03
2.493000000000000000e+03
1.624000000000000000e+03
1.624000000000000000e+03
1.624000000000000000e+03
1.624000000000000000e+03
8.760000000000000000e+02
8.760000000000000000e+02
8.760000000000000000e+02
8.760000000000000000e+02
8.760000000000000000e+02
8.760000000000000000e+02
8.760000000000000000e+02
8.760000000000000000e+02
8.760000000000000000e+02
8.760000000000000000e+02
8.760000000000000000e+02
8.760000000000000000e+02
8.760000000000000000e+02
8.760000000000000000e+02
8.760000000000000000e+02
8.760000000000000000e+02
8.760000000000000000e+02
8.760000000000000000e+02
8.760000000000000000e+02
1.873000000000000000e+03
1.876000000000000000e+03
1.892000000000000000e+03
2.340000000000000000e+03
2.340000000000000000e+03
2.340000000000000000e+03
2.340000000000000000e+03
8.590000000000000000e+02
1.175300000000000000e+04
1.175300000000000000e+04
8.591000000000000000e+03
8.591000000000000000e+03
6.150000000000000000e+02
6.150000000000000000e+02
6.150000000000000000e+02
6.150000000000000000e+02
3.763000000000000000e+03
3.763000000000000000e+03
3.763000000000000000e+03
3.763000000000000000e+03
9.810000000000000000e+02
6.550000000000000000e+02
6.550000000000000000e+02
9.970000000000000000e+02
1.870000000000000000e+03
9.000000000000000000e+00
9.260000000000000000e+02
9.260000000000000000e+02
6.110000000000000000e+02
2.590000000000000000e+02
9.250000000000000000e+02
9.250000000000000000e+02
3.820000000000000000e+02
3.820000000000000000e+02
3.820000000000000000e+02
3.820000000000000000e+02
3.820000000000000000e+02
3.820000000000000000e+02
6.270000000000000000e+02
6.270000000000000000e+02
1.620000000000000000e+02
1.620000000000000000e+02
1.620000000000000000e+02
1.620000000000000000e+02
1.610000000000000000e+02
1.610000000000000000e+02
1.610000000000000000e+02
1.610000000000000000e+02
3.800000000000000000e+03
3.800000000000000000e+03
3.800000000000000000e+03
1.868000000000000000e+03
3.820000000000000000e+02
3.820000000000000000e+02
3.820000000000000000e+02
3.820000000000000000e+02
3.820000000000000000e+02
3.820000000000000000e+02
8.730000000000000000e+02
8.730000000000000000e+02
8.730000000000000000e+02
8.730000000000000000e+02
8.730000000000000000e+02
8.500000000000000000e+02
8.500000000000000000e+02
8.500000000000000000e+02
8.500000000000000000e+02
8.500000000000000000e+02
8.500000000000000000e+02
1.110000000000000000e+02
8.640000000000000000e+02
7.600000000000000000e+02
7.600000000000000000e+02
7.600000000000000000e+02
7.600000000000000000e+02
7.600000000000000000e+02
7.600000000000000000e+02
7.600000000000000000e+02
7.600000000000000000e+02
7.600000000000000000e+02
7.600000000000000000e+02
7.600000000000000000e+02
7.600000000000000000e+02
7.600000000000000000e+02
7.600000000000000000e+02
1.689000000000000000e+03
1.881000000000000000e+03
1.972000000000000000e+03
1.893000000000000000e+03
1.255000000000000000e+03
1.255000000000000000e+03
9.950000000000000000e+02
7.630000000000000000e+02
1.866000000000000000e+03
3.151000000000000000e+03
7.890000000000000000e+02
7.890000000000000000e+02
1.809000000000000000e+03
2.337000000000000000e+03
2.337000000000000000e+03
2.337000000000000000e+03
2.337000000000000000e+03
1.171700000000000000e+04
1.171700000000000000e+04
1.810000000000000000e+03
1.810000000000000000e+03
1.810000000000000000e+03
5.660000000000000000e+02
6.040000000000000000e+02
1.880000000000000000e+03
7.590000000000000000e+02
7.590000000000000000e+02
7.590000000000000000e+02
1.783000000000000000e+03
9.450000000000000000e+02
9.450000000000000000e+02
9.450000000000000000e+02
5.700000000000000000e+01
5.700000000000000000e+01
5.540000000000000000e+02
1.175300000000000000e+04
1.175300000000000000e+04
3.650000000000000000e+03
1.875000000000000000e+03
1.875000000000000000e+03
1.126000000000000000e+03
1.126000000000000000e+03
9.480000000000000000e+02
1.939000000000000000e+03
1.756000000000000000e+03
1.756000000000000000e+03
1.808000000000000000e+03
1.808000000000000000e+03
6.000000000000000000e+02
6.000000000000000000e+02
7.610000000000000000e+02
1.175400000000000000e+04
1.175400000000000000e+04
1.175400000000000000e+04
3.840000000000000000e+02
3.840000000000000000e+02
3.840000000000000000e+02
3.040000000000000000e+03
3.040000000000000000e+03
3.040000000000000000e+03
3.040000000000000000e+03
1.869000000000000000e+03
7.560000000000000000e+02
7.560000000000000000e+02
7.560000000000000000e+02
7.560000000000000000e+02
1.340000000000000000e+02
9.270000000000000000e+02
9.420000000000000000e+02
9.420000000000000000e+02
6.949000000000000000e+03
6.949000000000000000e+03
1.783000000000000000e+03
3.621000000000000000e+03
3.621000000000000000e+03
1.889000000000000000e+03
1.890000000000000000e+03
9.903000000000000000e+03
1.887000000000000000e+03
1.761000000000000000e+03
1.761000000000000000e+03
9.690000000000000000e+02
9.690000000000000000e+02
1.874000000000000000e+03
1.874000000000000000e+03
4.567000000000000000e+03
5.879000000000000000e+03
5.878000000000000000e+03
1.883000000000000000e+03
3.043000000000000000e+03
3.043000000000000000e+03
3.043000000000000000e+03
3.043000000000000000e+03
3.046000000000000000e+03
3.046000000000000000e+03
3.046000000000000000e+03
3.046000000000000000e+03
3.800000000000000000e+03
3.800000000000000000e+03
3.800000000000000000e+03
7.560000000000000000e+02
7.560000000000000000e+02
7.560000000000000000e+02
7.560000000000000000e+02
8.580000000000000000e+02
1.867000000000000000e+03
2.768000000000000000e+03
2.769000000000000000e+03
2.770000000000000000e+03
9.540000000000000000e+02
1.563300000000000000e+04
1.803000000000000000e+03
1.491000000000000000e+03
1.491000000000000000e+03
2.434000000000000000e+03
2.434000000000000000e+03
2.435000000000000000e+03
2.435000000000000000e+03
1.872000000000000000e+03
3.495000000000000000e+03
8.281000000000000000e+03
4.075000000000000000e+03
2.341000000000000000e+03
2.341000000000000000e+03
2.341000000000000000e+03
2.341000000000000000e+03
9.430000000000000000e+02
9.430000000000000000e+02
2.343000000000000000e+03
2.343000000000000000e+03
2.343000000000000000e+03
2.343000000000000000e+03
2.778000000000000000e+03
2.779000000000000000e+03
2.777000000000000000e+03
2.777000000000000000e+03
2.777000000000000000e+03
2.777000000000000000e+03
2.777000000000000000e+03
2.777000000000000000e+03
2.778000000000000000e+03
2.779000000000000000e+03
1.199100000000000000e+04
8.820000000000000000e+02
3.743000000000000000e+03
6.881000000000000000e+03
6.881000000000000000e+03
9.510000000000000000e+02
2.822000000000000000e+03
3.475000000000000000e+03
5.881000000000000000e+03
2.777000000000000000e+03
2.777000000000000000e+03
2.777000000000000000e+03
2.777000000000000000e+03
2.777000000000000000e+03
2.777000000000000000e+03
5.250000000000000000e+02
5.250000000000000000e+02
5.250000000000000000e+02
5.250000000000000000e+02
6.881000000000000000e+03
6.881000000000000000e+03
5.260000000000000000e+02
5.260000000000000000e+02
5.260000000000000000e+02
5.260000000000000000e+02
7.566000000000000000e+03
8.570000000000000000e+02
8.570000000000000000e+02
8.570000000000000000e+02
2.870000000000000000e+02
2.870000000000000000e+02
2.870000000000000000e+02
2.870000000000000000e+02
2.870000000000000000e+02
2.870000000000000000e+02
2.870000000000000000e+02
1.493000000000000000e+03
2.335000000000000000e+03
2.335000000000000000e+03
2.335000000000000000e+03
2.335000000000000000e+03
2.335000000000000000e+03
2.335000000000000000e+03
2.335000000000000000e+03
2.335000000000000000e+03
