1.974200000000000000e+04
1.974200000000000000e+04
1.703000000000000000e+03
1.703000000000000000e+03
1.703000000000000000e+03
1.703000000000000000e+03
1.703000000000000000e+03
1.703000000000000000e+03
1.703000000000000000e+03
1.703000000000000000e+03
1.703000000000000000e+03
1.703000000000000000e+03
1.703000000000000000e+03
1.468200000000000000e+04
9.903000000000000000e+03
1.633000000000000000e+03
1.633000000000000000e+03
1.633000000000000000e+03
7.106000000000000000e+03
1.916000000000000000e+03
1.735000000000000000e+03
1.652000000000000000e+03
1.652000000000000000e+03
1.652000000000000000e+03
1.652000000000000000e+03
1.652000000000000000e+03
1.652000000000000000e+03
1.652000000000000000e+03
7.570000000000000000e+02
7.570000000000000000e+02
7.570000000000000000e+02
3.043000000000000000e+03
3.043000000000000000e+03
3.043000000000000000e+03
3.043000000000000000e+03
2.528000000000000000e+03
5.900000000000000000e+01
5.900000000000000000e+01
5.900000000000000000e+01
5.900000000000000000e+01
5.900000000000000000e+01
5.900000000000000000e+01
5.900000000000000000e+01
5.900000000000000000e+01
5.900000000000000000e+01
5.900000000000000000e+01
5.900000000000000000e+01
5.900000000000000000e+01
6.450000000000000000e+02
6.450000000000000000e+02
1.876000000000000000e+03
1.881000000000000000e+03
9.010000000000000000e+02
1.627000000000000000e+03
1.887000000000000000e+03
1.921000000000000000e+03
1.778000000000000000e+03
1.520000000000000000e+03
1.520000000000000000e+03
2.780000000000000000e+02
2.780000000000000000e+02
1.400000000000000000e+01
6.160000000000000000e+02
1.610000000000000000e+03
6.510000000000000000e+02
5.480000000000000000e+02
5.480000000000000000e+02
1.734000000000000000e+03
1.812000000000000000e+03
1.812000000000000000e+03
1.686000000000000000e+03
8.910000000000000000e+02
1.783000000000000000e+03
1.867000000000000000e+03
1.759000000000000000e+03
1.775000000000000000e+03
1.649000000000000000e+03
7.500000000000000000e+01
7.500000000000000000e+01
1.595000000000000000e+03
1.438000000000000000e+03
1.438000000000000000e+03
1.450000000000000000e+02
9.300000000000000000e+02
1.940000000000000000e+03
9.010000000000000000e+02
1.002600000000000000e+04
6.470000000000000000e+02
6.470000000000000000e+02
6.470000000000000000e+02
6.470000000000000000e+02
6.470000000000000000e+02
6.470000000000000000e+02
6.470000000000000000e+02
6.470000000000000000e+02
6.470000000000000000e+02
6.470000000000000000e+02
1.589000000000000000e+03
2.343000000000000000e+03
2.343000000000000000e+03
2.343000000000000000e+03
2.343000000000000000e+03
2.777000000000000000e+03
2.777000000000000000e+03
2.777000000000000000e+03
2.777000000000000000e+03
2.777000000000000000e+03
2.777000000000000000e+03
3.040000000000000000e+03
3.040000000000000000e+03
3.040000000000000000e+03
3.040000000000000000e+03
2.778000000000000000e+03
1.489000000000000000e+03
1.489000000000000000e+03
1.489000000000000000e+03
1.665000000000000000e+03
1.572000000000000000e+03
8.720000000000000000e+02
1.870000000000000000e+03
2.337000000000000000e+03
2.337000000000000000e+03
2.337000000000000000e+03
2.337000000000000000e+03
6.480000000000000000e+02
3.840000000000000000e+02
3.840000000000000000e+02
3.840000000000000000e+02
3.181000000000000000e+03
2.779000000000000000e+03
2.446000000000000000e+03
2.446000000000000000e+03
1.807000000000000000e+03
1.784000000000000000e+03
1.784000000000000000e+03
7.210000000000000000e+02
2.342000000000000000e+03
2.342000000000000000e+03
2.342000000000000000e+03
2.342000000000000000e+03
3.800000000000000000e+02
1.661000000000000000e+03
3.149000000000000000e+03
1.682000000000000000e+03
1.682000000000000000e+03
1.682000000000000000e+03
1.682000000000000000e+03
4.487000000000000000e+03
4.487000000000000000e+03
4.487000000000000000e+03
5.306000000000000000e+03
2.492000000000000000e+03
1.586000000000000000e+03
8.670000000000000000e+02
8.670000000000000000e+02
8.670000000000000000e+02
8.289000000000000000e+03
8.289000000000000000e+03
2.280000000000000000e+02
1.623000000000000000e+03
1.623000000000000000e+03
1.623000000000000000e+03
1.623000000000000000e+03
1.428000000000000000e+03
2.335000000000000000e+03
2.335000000000000000e+03
2.335000000000000000e+03
2.335000000000000000e+03
1.448000000000000000e+03
2.440000000000000000e+02
2.450000000000000000e+02
4.069000000000000000e+03
6.090000000000000000e+02
3.841000000000000000e+03
3.841000000000000000e+03
1.138100000000000000e+04
1.138100000000000000e+04
1.138100000000000000e+04
1.138100000000000000e+04
1.138100000000000000e+04
1.138100000000000000e+04
1.138100000000000000e+04
1.138100000000000000e+04
1.878000000000000000e+03
6.100000000000000000e+02
1.429000000000000000e+03
9.913000000000000000e+03
9.913000000000000000e+03
9.913000000000000000e+03
9.913000000000000000e+03
9.913000000000000000e+03
9.913000000000000000e+03
9.913000000000000000e+03
3.273000000000000000e+03
3.273000000000000000e+03
1.588000000000000000e+03
5.774000000000000000e+03
6.163000000000000000e+03
3.151000000000000000e+03
9.250000000000000000e+02
9.250000000000000000e+02
7.900000000000000000e+02
6.164000000000000000e+03
1.953000000000000000e+03
6.900000000000000000e+02
1.915000000000000000e+03
1.170000000000000000e+02
3.147000000000000000e+03
3.707000000000000000e+03
3.707000000000000000e+03
1.953000000000000000e+03
2.259000000000000000e+03
6.270000000000000000e+02
6.270000000000000000e+02
6.110000000000000000e+02
3.474000000000000000e+03
1.187000000000000000e+03
1.187000000000000000e+03
1.187000000000000000e+03
1.187000000000000000e+03
1.187000000000000000e+03
8.325000000000000000e+03
1.897000000000000000e+03
2.276000000000000000e+03
2.437000000000000000e+03
6.920000000000000000e+03
7.610000000000000000e+02
8.170000000000000000e+02
8.170000000000000000e+02
8.170000000000000000e+02
2.770000000000000000e+03
2.769000000000000000e+03
1.808000000000000000e+03
1.808000000000000000e+03
1.620000000000000000e+02
1.620000000000000000e+02
1.620000000000000000e+02
1.620000000000000000e+02
1.658000000000000000e+03
1.658000000000000000e+03
3.060000000000000000e+03
3.060000000000000000e+03
3.060000000000000000e+03
3.060000000000000000e+03
2.496000000000000000e+03
1.719000000000000000e+03
7.990000000000000000e+02
7.990000000000000000e+02
7.990000000000000000e+02
7.990000000000000000e+02
7.990000000000000000e+02
7.990000000000000000e+02
7.990000000000000000e+02
7.990000000000000000e+02
7.990000000000000000e+02
7.990000000000000000e+02
7.990000000000000000e+02
7.990000000000000000e+02
7.990000000000000000e+02
7.990000000000000000e+02
7.990000000000000000e+02
7.990000000000000000e+02
7.990000000000000000e+02
7.990000000000000000e+02
7.990000000000000000e+02
7.990000000000000000e+02
7.990000000000000000e+02
7.990000000000000000e+02
3.183000000000000000e+03
3.183000000000000000e+03
3.183000000000000000e+03
3.183000000000000000e+03
3.183000000000000000e+03
3.784000000000000000e+03
3.784000000000000000e+03
3.784000000000000000e+03
3.784000000000000000e+03
3.784000000000000000e+03
3.784000000000000000e+03
3.784000000000000000e+03
3.784000000000000000e+03
3.784000000000000000e+03
3.784000000000000000e+03
3.784000000000000000e+03
3.784000000000000000e+03
2.377000000000000000e+03
5.230000000000000000e+02
5.230000000000000000e+02
2.851000000000000000e+03
3.431000000000000000e+03
3.186000000000000000e+03
3.186000000000000000e+03
3.186000000000000000e+03
3.186000000000000000e+03
3.186000000000000000e+03
3.186000000000000000e+03
5.365000000000000000e+03
4.068000000000000000e+03
3.179000000000000000e+03
3.179000000000000000e+03
1.014000000000000000e+03
3.475000000000000000e+03
3.639000000000000000e+03
2.590000000000000000e+02
6.167000000000000000e+03
6.162000000000000000e+03
4.000000000000000000e+01
1.911000000000000000e+03
1.955000000000000000e+03
1.955000000000000000e+03
1.955000000000000000e+03
1.955000000000000000e+03
1.955000000000000000e+03
6.000000000000000000e+01
9.910000000000000000e+02
2.342000000000000000e+03
2.342000000000000000e+03
2.342000000000000000e+03
2.342000000000000000e+03
5.250000000000000000e+02
5.250000000000000000e+02
5.250000000000000000e+02
5.250000000000000000e+02
1.696000000000000000e+03
1.696000000000000000e+03
1.696000000000000000e+03
2.341000000000000000e+03
2.341000000000000000e+03
2.341000000000000000e+03
2.341000000000000000e+03
5.260000000000000000e+02
5.260000000000000000e+02
5.260000000000000000e+02
5.260000000000000000e+02
1.704000000000000000e+03
1.704000000000000000e+03
1.704000000000000000e+03
1.704000000000000000e+03
1.704000000000000000e+03
1.679000000000000000e+03
1.077000000000000000e+03
1.077000000000000000e+03
8.540000000000000000e+02
1.008000000000000000e+03
2.618000000000000000e+03
2.618000000000000000e+03
9.780000000000000000e+02
9.007000000000000000e+03
9.007000000000000000e+03
9.007000000000000000e+03
9.007000000000000000e+03
1.193000000000000000e+03
1.193000000000000000e+03
1.193000000000000000e+03
1.193000000000000000e+03
1.193000000000000000e+03
1.193000000000000000e+03
1.924000000000000000e+03
3.736000000000000000e+03
3.250000000000000000e+02
9.560000000000000000e+02
9.560000000000000000e+02
9.570000000000000000e+02
9.570000000000000000e+02
9.000000000000000000e+00
3.778000000000000000e+03
8.312000000000000000e+03
8.740000000000000000e+02
2.517000000000000000e+03
2.549000000000000000e+03
3.735000000000000000e+03
5.341000000000000000e+03
3.274000000000000000e+03
2.527000000000000000e+03
2.527000000000000000e+03
2.527000000000000000e+03
2.439000000000000000e+03
2.552000000000000000e+03
5.780000000000000000e+03
2.798000000000000000e+03
2.799000000000000000e+03
2.800000000000000000e+03
2.472000000000000000e+03
3.430000000000000000e+03
9.810000000000000000e+02
8.360000000000000000e+02
1.340000000000000000e+02
1.400000000000000000e+02
1.400000000000000000e+02
1.400000000000000000e+02
1.400000000000000000e+02
1.439000000000000000e+03
8.311000000000000000e+03
3.184000000000000000e+03
3.184000000000000000e+03
1.956000000000000000e+03
1.956000000000000000e+03
1.956000000000000000e+03
1.956000000000000000e+03
1.956000000000000000e+03
2.809000000000000000e+03
2.810000000000000000e+03
1.588000000000000000e+03
1.816000000000000000e+03
2.548000000000000000e+03
2.548000000000000000e+03
2.548000000000000000e+03
3.630000000000000000e+02
3.620000000000000000e+02
1.068000000000000000e+04
1.068000000000000000e+04
1.068000000000000000e+04
6.131000000000000000e+03
9.740000000000000000e+02
9.740000000000000000e+02
9.740000000000000000e+02
9.740000000000000000e+02
1.869000000000000000e+03
2.338000000000000000e+03
2.338000000000000000e+03
2.338000000000000000e+03
2.338000000000000000e+03
3.830000000000000000e+02
3.830000000000000000e+02
1.897000000000000000e+03
7.320000000000000000e+03
9.458000000000000000e+03
9.458000000000000000e+03
9.458000000000000000e+03
9.458000000000000000e+03
9.458000000000000000e+03
9.458000000000000000e+03
9.458000000000000000e+03
9.458000000000000000e+03
9.458000000000000000e+03
9.458000000000000000e+03
2.619000000000000000e+03
3.271000000000000000e+03
3.271000000000000000e+03
3.271000000000000000e+03
1.895000000000000000e+03
1.895000000000000000e+03
1.895000000000000000e+03
1.895000000000000000e+03
1.895000000000000000e+03
1.754000000000000000e+03
1.754000000000000000e+03
3.900000000000000000e+02
1.710000000000000000e+03
3.638000000000000000e+03
5.200000000000000000e+01
5.200000000000000000e+01
5.200000000000000000e+01
1.711000000000000000e+03
1.709000000000000000e+03
2.342000000000000000e+03
2.342000000000000000e+03
2.342000000000000000e+03
2.342000000000000000e+03
8.470000000000000000e+02
8.470000000000000000e+02
8.470000000000000000e+02
1.885000000000000000e+03
1.129000000000000000e+03
1.126000000000000000e+03
1.126000000000000000e+03
2.390000000000000000e+02
4.200000000000000000e+01
4.200000000000000000e+01
1.057000000000000000e+03
6.966000000000000000e+03
6.966000000000000000e+03
3.820000000000000000e+02
3.820000000000000000e+02
3.820000000000000000e+02
3.820000000000000000e+02
3.820000000000000000e+02
3.820000000000000000e+02
3.787000000000000000e+03
3.787000000000000000e+03
3.787000000000000000e+03
3.787000000000000000e+03
3.787000000000000000e+03
3.787000000000000000e+03
3.787000000000000000e+03
3.787000000000000000e+03
3.787000000000000000e+03
3.787000000000000000e+03
3.787000000000000000e+03
3.787000000000000000e+03
3.787000000000000000e+03
1.223000000000000000e+03
1.223000000000000000e+03
1.223000000000000000e+03
1.560000000000000000e+03
1.182000000000000000e+03
1.182000000000000000e+03
1.182000000000000000e+03
1.182000000000000000e+03
1.630000000000000000e+02
1.630000000000000000e+02
1.630000000000000000e+02
1.630000000000000000e+02
2.372000000000000000e+03
2.372000000000000000e+03
2.372000000000000000e+03
2.372000000000000000e+03
2.372000000000000000e+03
2.372000000000000000e+03
2.372000000000000000e+03
2.372000000000000000e+03
2.372000000000000000e+03
2.372000000000000000e+03
6.550000000000000000e+02
6.550000000000000000e+02
3.182000000000000000e+03
3.182000000000000000e+03
2.170000000000000000e+03
2.344000000000000000e+03
2.344000000000000000e+03
2.344000000000000000e+03
2.344000000000000000e+03
1.050000000000000000e+02
2.460000000000000000e+02
2.470000000000000000e+02
6.131000000000000000e+03
3.651000000000000000e+03
7.173000000000000000e+03
3.743000000000000000e+03
1.226000000000000000e+03
1.226000000000000000e+03
1.934000000000000000e+03
1.494000000000000000e+03
1.494000000000000000e+03
1.653000000000000000e+03
1.653000000000000000e+03
1.653000000000000000e+03
1.653000000000000000e+03
1.653000000000000000e+03
1.653000000000000000e+03
1.653000000000000000e+03
3.810000000000000000e+02
1.889000000000000000e+03
3.650000000000000000e+03
1.749000000000000000e+03
1.740000000000000000e+03
1.740000000000000000e+03
2.150000000000000000e+02
2.150000000000000000e+02
8.350000000000000000e+02
9.400000000000000000e+02
9.400000000000000000e+02
9.400000000000000000e+02
9.400000000000000000e+02
9.400000000000000000e+02
9.400000000000000000e+02
9.400000000000000000e+02
9.400000000000000000e+02
9.400000000000000000e+02
9.400000000000000000e+02
9.400000000000000000e+02
9.400000000000000000e+02
9.400000000000000000e+02
9.400000000000000000e+02
1.778000000000000000e+03
1.613000000000000000e+03
1.649000000000000000e+03
4.200000000000000000e+01
4.200000000000000000e+01
1.515000000000000000e+03
5.540000000000000000e+02
9.280000000000000000e+02
1.872000000000000000e+03
5.490000000000000000e+02
5.490000000000000000e+02
1.077000000000000000e+03
1.077000000000000000e+03
1.077000000000000000e+03
1.077000000000000000e+03
1.790000000000000000e+03
6.700000000000000000e+01
3.820000000000000000e+02
3.820000000000000000e+02
3.820000000000000000e+02
3.820000000000000000e+02
3.820000000000000000e+02
3.820000000000000000e+02
7.620000000000000000e+02
1.915000000000000000e+03
1.058000000000000000e+03
1.058000000000000000e+03
1.058000000000000000e+03
1.058000000000000000e+03
1.058000000000000000e+03
1.058000000000000000e+03
1.058000000000000000e+03
1.058000000000000000e+03
1.058000000000000000e+03
1.058000000000000000e+03
1.058000000000000000e+03
1.457000000000000000e+03
8.820000000000000000e+02
1.895000000000000000e+03
1.895000000000000000e+03
1.895000000000000000e+03
1.895000000000000000e+03
1.895000000000000000e+03
9.420000000000000000e+02
9.420000000000000000e+02
1.340000000000000000e+02
3.760000000000000000e+03
3.760000000000000000e+03
3.760000000000000000e+03
6.400000000000000000e+02
6.560000000000000000e+02
6.560000000000000000e+02
5.630000000000000000e+02
1.952000000000000000e+03
3.720000000000000000e+02
3.720000000000000000e+02
6.740000000000000000e+02
8.170000000000000000e+02
8.170000000000000000e+02
8.170000000000000000e+02
4.360000000000000000e+02
1.467000000000000000e+03
1.714000000000000000e+03
1.908000000000000000e+03
1.908000000000000000e+03
1.239000000000000000e+03
1.239000000000000000e+03
1.239000000000000000e+03
1.239000000000000000e+03
1.239000000000000000e+03
3.750000000000000000e+03
4.069000000000000000e+03
5.710000000000000000e+03
5.710000000000000000e+03
2.500000000000000000e+03
2.501000000000000000e+03
4.250000000000000000e+02
2.740000000000000000e+02
2.740000000000000000e+02
2.740000000000000000e+02
2.740000000000000000e+02
2.740000000000000000e+02
2.740000000000000000e+02
2.740000000000000000e+02
2.740000000000000000e+02
2.740000000000000000e+02
2.740000000000000000e+02
2.740000000000000000e+02
2.740000000000000000e+02
2.740000000000000000e+02
2.740000000000000000e+02
2.740000000000000000e+02
2.740000000000000000e+02
2.740000000000000000e+02
2.740000000000000000e+02
2.740000000000000000e+02
2.169000000000000000e+03
8.330000000000000000e+02
1.000000000000000000e+00
1.000000000000000000e+00
1.000000000000000000e+00
1.000000000000000000e+00
1.000000000000000000e+00
1.000000000000000000e+00
1.000000000000000000e+00
1.000000000000000000e+00
1.000000000000000000e+00
1.000000000000000000e+00
1.000000000000000000e+00
1.000000000000000000e+00
1.000000000000000000e+00
2.560000000000000000e+03
1.207000000000000000e+03
1.207000000000000000e+03
1.207000000000000000e+03
1.207000000000000000e+03
1.207000000000000000e+03
2.822000000000000000e+03
7.407000000000000000e+03
7.407000000000000000e+03
7.407000000000000000e+03
7.407000000000000000e+03
7.407000000000000000e+03
7.407000000000000000e+03
7.407000000000000000e+03
7.407000000000000000e+03
7.407000000000000000e+03
7.407000000000000000e+03
7.407000000000000000e+03
7.407000000000000000e+03
2.821000000000000000e+03
1.779000000000000000e+03
1.681000000000000000e+03
1.681000000000000000e+03
1.681000000000000000e+03
5.470000000000000000e+02
7.990000000000000000e+02
7.990000000000000000e+02
7.990000000000000000e+02
7.990000000000000000e+02
7.990000000000000000e+02
7.990000000000000000e+02
7.990000000000000000e+02
7.990000000000000000e+02
7.990000000000000000e+02
7.990000000000000000e+02
7.990000000000000000e+02
7.990000000000000000e+02
7.990000000000000000e+02
7.990000000000000000e+02
7.990000000000000000e+02
7.990000000000000000e+02
7.990000000000000000e+02
7.990000000000000000e+02
7.990000000000000000e+02
7.990000000000000000e+02
7.990000000000000000e+02
7.990000000000000000e+02
3.635000000000000000e+03
3.752000000000000000e+03
2.568000000000000000e+03
2.567000000000000000e+03
2.567000000000000000e+03
1.512000000000000000e+03
1.512000000000000000e+03
1.512000000000000000e+03
1.091000000000000000e+03
7.950000000000000000e+02
7.950000000000000000e+02
6.580000000000000000e+02
6.580000000000000000e+02
6.580000000000000000e+02
2.420000000000000000e+02
2.410000000000000000e+02
1.187000000000000000e+03
1.187000000000000000e+03
1.187000000000000000e+03
1.187000000000000000e+03
1.187000000000000000e+03
1.182000000000000000e+03
1.182000000000000000e+03
1.182000000000000000e+03
1.182000000000000000e+03
1.868000000000000000e+03
8.640000000000000000e+02
1.256000000000000000e+03
1.256000000000000000e+03
1.657000000000000000e+03
1.657000000000000000e+03
6.949000000000000000e+03
6.949000000000000000e+03
2.493000000000000000e+03
1.784000000000000000e+03
1.784000000000000000e+03
3.517000000000000000e+03
7.930000000000000000e+02
1.902000000000000000e+03
1.902000000000000000e+03
1.662000000000000000e+03
1.695000000000000000e+03
1.695000000000000000e+03
1.695000000000000000e+03
2.551000000000000000e+03
1.845000000000000000e+03
6.040000000000000000e+02
7.566000000000000000e+03
3.150000000000000000e+03
8.490000000000000000e+02
2.660000000000000000e+02
2.660000000000000000e+02
2.660000000000000000e+02
2.768000000000000000e+03
3.148000000000000000e+03
2.339000000000000000e+03
2.339000000000000000e+03
2.339000000000000000e+03
2.339000000000000000e+03
2.803000000000000000e+03
2.804000000000000000e+03
1.121100000000000000e+04
2.818000000000000000e+03
2.819000000000000000e+03
2.340000000000000000e+03
2.340000000000000000e+03
2.340000000000000000e+03
2.340000000000000000e+03
2.535000000000000000e+03
1.892000000000000000e+03
1.883000000000000000e+03
1.624000000000000000e+03
1.624000000000000000e+03
1.624000000000000000e+03
1.624000000000000000e+03
1.674000000000000000e+03
1.674000000000000000e+03
1.573000000000000000e+03
8.760000000000000000e+02
8.760000000000000000e+02
8.760000000000000000e+02
8.760000000000000000e+02
8.760000000000000000e+02
8.760000000000000000e+02
8.760000000000000000e+02
8.760000000000000000e+02
8.760000000000000000e+02
8.760000000000000000e+02
8.760000000000000000e+02
8.760000000000000000e+02
8.760000000000000000e+02
8.760000000000000000e+02
8.760000000000000000e+02
8.760000000000000000e+02
8.760000000000000000e+02
8.760000000000000000e+02
8.760000000000000000e+02
6.165000000000000000e+03
6.166000000000000000e+03
1.611000000000000000e+03
2.611000000000000000e+03
2.612000000000000000e+03
2.614000000000000000e+03
1.724000000000000000e+03
6.700000000000000000e+01
1.768000000000000000e+03
1.768000000000000000e+03
3.637000000000000000e+03
3.621000000000000000e+03
3.621000000000000000e+03
1.673000000000000000e+03
1.673000000000000000e+03
1.610000000000000000e+02
1.610000000000000000e+02
1.610000000000000000e+02
1.610000000000000000e+02
8.520000000000000000e+02
8.520000000000000000e+02
6.726000000000000000e+03
2.274000000000000000e+03
3.185000000000000000e+03
3.185000000000000000e+03
1.873000000000000000e+03
3.786000000000000000e+03
9.730000000000000000e+02
1.925000000000000000e+03
1.067800000000000000e+04
1.067800000000000000e+04
1.067800000000000000e+04
8.200000000000000000e+02
9.630000000000000000e+02
3.473000000000000000e+03
3.644000000000000000e+03
3.644000000000000000e+03
1.835000000000000000e+03
1.835000000000000000e+03
1.835000000000000000e+03
1.879000000000000000e+03
1.919000000000000000e+03
1.919000000000000000e+03
1.903000000000000000e+03
1.903000000000000000e+03
6.390000000000000000e+02
1.923000000000000000e+03
1.659000000000000000e+03
3.417000000000000000e+03
1.350000000000000000e+02
1.350000000000000000e+02
1.350000000000000000e+02
1.935000000000000000e+03
6.520000000000000000e+02
6.520000000000000000e+02
1.012000000000000000e+03
1.893000000000000000e+03
9.980000000000000000e+02
1.716000000000000000e+03
1.716000000000000000e+03
1.716000000000000000e+03
1.716000000000000000e+03
1.716000000000000000e+03
1.716000000000000000e+03
1.716000000000000000e+03
1.716000000000000000e+03
1.330000000000000000e+02
1.340000000000000000e+02
9.650000000000000000e+02
1.785000000000000000e+03
1.785000000000000000e+03
1.190000000000000000e+03
1.190000000000000000e+03
1.190000000000000000e+03
1.190000000000000000e+03
1.190000000000000000e+03
1.854000000000000000e+03
1.854000000000000000e+03
6.160000000000000000e+02
1.300000000000000000e+02
1.300000000000000000e+02
1.080000000000000000e+02
2.850000000000000000e+02
2.850000000000000000e+02
1.775000000000000000e+03
1.126000000000000000e+03
1.126000000000000000e+03
6.150000000000000000e+02
6.150000000000000000e+02
6.150000000000000000e+02
6.150000000000000000e+02
1.687000000000000000e+03
1.687000000000000000e+03
1.687000000000000000e+03
9.270000000000000000e+02
1.255000000000000000e+03
1.255000000000000000e+03
1.791000000000000000e+03
1.443000000000000000e+03
1.886000000000000000e+03
2.536000000000000000e+03
9.620000000000000000e+02
9.620000000000000000e+02
9.620000000000000000e+02
9.620000000000000000e+02
5.300000000000000000e+01
5.300000000000000000e+01
5.300000000000000000e+01
5.300000000000000000e+01
5.300000000000000000e+01
5.300000000000000000e+01
1.011000000000000000e+03
1.011000000000000000e+03
1.011000000000000000e+03
1.480000000000000000e+03
6.550000000000000000e+02
6.550000000000000000e+02
6.880000000000000000e+02
1.270000000000000000e+03
1.270000000000000000e+03
9.120000000000000000e+02
9.790000000000000000e+02
9.790000000000000000e+02
7.970000000000000000e+02
7.970000000000000000e+02
7.970000000000000000e+02
9.750000000000000000e+02
9.480000000000000000e+02
9.190000000000000000e+02
8.580000000000000000e+02
1.866000000000000000e+03
9.390000000000000000e+02
9.390000000000000000e+02
9.390000000000000000e+02
1.756000000000000000e+03
1.756000000000000000e+03
5.660000000000000000e+02
3.100000000000000000e+01
3.100000000000000000e+01
3.100000000000000000e+01
1.736000000000000000e+03
1.433000000000000000e+03
1.745000000000000000e+03
1.712000000000000000e+03
1.479000000000000000e+03
1.468000000000000000e+03
2.870000000000000000e+02
2.870000000000000000e+02
2.870000000000000000e+02
2.870000000000000000e+02
2.870000000000000000e+02
2.870000000000000000e+02
2.870000000000000000e+02
1.525000000000000000e+03
9.700000000000000000e+01
9.700000000000000000e+01
9.700000000000000000e+01
7.660000000000000000e+02
1.933000000000000000e+03
9.430000000000000000e+02
9.430000000000000000e+02
5.680000000000000000e+02
5.680000000000000000e+02
5.680000000000000000e+02
5.680000000000000000e+02
8.310000000000000000e+02
8.310000000000000000e+02
6.050000000000000000e+02
6.050000000000000000e+02
6.050000000000000000e+02
7.940000000000000000e+02
1.374700000000000000e+04
1.374700000000000000e+04
1.929000000000000000e+03
1.929000000000000000e+03
3.820000000000000000e+02
3.820000000000000000e+02
3.820000000000000000e+02
3.820000000000000000e+02
3.820000000000000000e+02
3.820000000000000000e+02
8.000000000000000000e+02
3.800000000000000000e+02
1.000000000000000000e+03
1.000000000000000000e+03
1.921000000000000000e+03
7.670000000000000000e+02
1.638000000000000000e+03
8.590000000000000000e+02
9.690000000000000000e+02
9.690000000000000000e+02
9.950000000000000000e+02
1.733000000000000000e+03
1.733000000000000000e+03
1.920000000000000000e+03
1.920000000000000000e+03
9.750000000000000000e+02
8.500000000000000000e+02
8.500000000000000000e+02
8.500000000000000000e+02
8.500000000000000000e+02
8.500000000000000000e+02
8.500000000000000000e+02
1.092000000000000000e+03
1.092000000000000000e+03
1.092000000000000000e+03
7.751000000000000000e+03
7.751000000000000000e+03
1.637000000000000000e+03
1.091000000000000000e+03
1.409000000000000000e+03
1.581000000000000000e+03
3.760000000000000000e+02
1.698000000000000000e+03
6.000000000000000000e+02
6.000000000000000000e+02
1.488000000000000000e+03
1.488000000000000000e+03
1.626000000000000000e+03
2.750000000000000000e+02
2.750000000000000000e+02
2.750000000000000000e+02
2.750000000000000000e+02
8.760000000000000000e+02
8.760000000000000000e+02
8.760000000000000000e+02
8.760000000000000000e+02
8.760000000000000000e+02
8.760000000000000000e+02
8.760000000000000000e+02
8.760000000000000000e+02
8.760000000000000000e+02
8.760000000000000000e+02
8.760000000000000000e+02
8.760000000000000000e+02
8.760000000000000000e+02
8.760000000000000000e+02
8.760000000000000000e+02
8.760000000000000000e+02
8.760000000000000000e+02
8.760000000000000000e+02
8.760000000000000000e+02
5.070000000000000000e+02
1.810000000000000000e+03
1.810000000000000000e+03
1.810000000000000000e+03
1.720000000000000000e+03
1.300000000000000000e+01
1.300000000000000000e+01
1.300000000000000000e+01
7.650000000000000000e+02
1.875000000000000000e+03
1.875000000000000000e+03
5.280000000000000000e+02
1.626000000000000000e+03
7.630000000000000000e+02
2.900000000000000000e+01
7.640000000000000000e+02
1.814000000000000000e+03
3.495000000000000000e+03
4.260000000000000000e+02
3.046000000000000000e+03
3.046000000000000000e+03
3.046000000000000000e+03
3.046000000000000000e+03
2.563000000000000000e+03
2.563000000000000000e+03
1.738000000000000000e+03
1.738000000000000000e+03
1.738000000000000000e+03
3.040000000000000000e+03
3.040000000000000000e+03
3.040000000000000000e+03
3.040000000000000000e+03
3.220000000000000000e+02
4.260000000000000000e+02
4.567000000000000000e+03
6.153000000000000000e+03
3.269000000000000000e+03
2.300000000000000000e+02
4.250000000000000000e+02
2.275000000000000000e+03
1.430000000000000000e+03
6.970000000000000000e+03
5.800000000000000000e+01
8.316000000000000000e+03
2.609000000000000000e+03
1.840000000000000000e+03
5.365000000000000000e+03
9.540000000000000000e+02
5.851000000000000000e+03
5.851000000000000000e+03
6.310000000000000000e+02
6.310000000000000000e+02
1.652000000000000000e+03
1.652000000000000000e+03
1.652000000000000000e+03
1.652000000000000000e+03
1.652000000000000000e+03
1.652000000000000000e+03
1.652000000000000000e+03
2.342000000000000000e+03
2.342000000000000000e+03
2.342000000000000000e+03
2.342000000000000000e+03
1.673000000000000000e+03
1.673000000000000000e+03
2.564000000000000000e+03
3.240000000000000000e+02
3.801000000000000000e+03
3.801000000000000000e+03
1.424000000000000000e+03
6.168000000000000000e+03
6.168000000000000000e+03
6.168000000000000000e+03
1.803000000000000000e+03
7.730000000000000000e+02
7.730000000000000000e+02
9.460000000000000000e+02
1.640000000000000000e+02
1.640000000000000000e+02
1.640000000000000000e+02
1.640000000000000000e+02
1.640000000000000000e+02
1.647000000000000000e+03
6.840000000000000000e+02
6.840000000000000000e+02
6.840000000000000000e+02
7.700000000000000000e+01
7.590000000000000000e+02
7.590000000000000000e+02
7.590000000000000000e+02
1.620000000000000000e+03
1.620000000000000000e+03
1.465000000000000000e+03
1.972000000000000000e+03
7.030000000000000000e+02
8.450000000000000000e+02
8.450000000000000000e+02
8.450000000000000000e+02
8.730000000000000000e+02
8.730000000000000000e+02
8.730000000000000000e+02
8.730000000000000000e+02
8.730000000000000000e+02
7.000000000000000000e+02
7.050000000000000000e+02
7.880000000000000000e+02
7.880000000000000000e+02
8.780000000000000000e+02
8.450000000000000000e+02
8.450000000000000000e+02
8.450000000000000000e+02
6.810000000000000000e+02
6.810000000000000000e+02
6.810000000000000000e+02
6.810000000000000000e+02
6.810000000000000000e+02
6.810000000000000000e+02
6.810000000000000000e+02
6.810000000000000000e+02
6.260000000000000000e+02
6.260000000000000000e+02
6.810000000000000000e+02
6.810000000000000000e+02
6.810000000000000000e+02
6.810000000000000000e+02
6.810000000000000000e+02
6.810000000000000000e+02
6.810000000000000000e+02
6.810000000000000000e+02
1.079000000000000000e+03
1.785000000000000000e+03
1.785000000000000000e+03
5.680000000000000000e+02
5.680000000000000000e+02
5.680000000000000000e+02
5.680000000000000000e+02
1.772000000000000000e+03
1.772000000000000000e+03
8.260000000000000000e+02
8.260000000000000000e+02
8.260000000000000000e+02
8.260000000000000000e+02
7.026000000000000000e+03
6.320000000000000000e+02
6.320000000000000000e+02
6.320000000000000000e+02
6.320000000000000000e+02
6.320000000000000000e+02
6.320000000000000000e+02
6.320000000000000000e+02
6.320000000000000000e+02
6.320000000000000000e+02
6.320000000000000000e+02
6.320000000000000000e+02
6.320000000000000000e+02
6.320000000000000000e+02
6.320000000000000000e+02
6.320000000000000000e+02
6.320000000000000000e+02
1.647000000000000000e+03
9.310000000000000000e+02
8.230000000000000000e+02
8.230000000000000000e+02
3.300000000000000000e+01
3.300000000000000000e+01
3.600000000000000000e+01
3.600000000000000000e+01
3.600000000000000000e+01
1.006000000000000000e+03
1.350000000000000000e+02
1.350000000000000000e+02
1.350000000000000000e+02
1.619000000000000000e+03
1.839000000000000000e+03
1.839000000000000000e+03
7.580000000000000000e+02
7.580000000000000000e+02
7.580000000000000000e+02
7.580000000000000000e+02
8.730000000000000000e+02
8.730000000000000000e+02
8.730000000000000000e+02
8.730000000000000000e+02
8.730000000000000000e+02
3.270000000000000000e+03
8.510000000000000000e+02
8.510000000000000000e+02
3.300000000000000000e+01
3.300000000000000000e+01
1.951000000000000000e+03
1.951000000000000000e+03
1.951000000000000000e+03
8.800000000000000000e+01
8.800000000000000000e+01
1.470000000000000000e+02
9.310000000000000000e+02
7.480000000000000000e+02
6.770000000000000000e+02
9.900000000000000000e+01
8.060000000000000000e+02
1.400000000000000000e+01
1.591000000000000000e+03
9.450000000000000000e+02
9.450000000000000000e+02
9.450000000000000000e+02
5.640000000000000000e+02
9.750000000000000000e+02
9.750000000000000000e+02
7.030000000000000000e+02
2.860000000000000000e+02
2.860000000000000000e+02
2.860000000000000000e+02
2.860000000000000000e+02
1.524000000000000000e+03
1.330000000000000000e+02
5.700000000000000000e+01
5.700000000000000000e+01
1.945000000000000000e+03
1.599000000000000000e+03
1.599000000000000000e+03
7.890000000000000000e+02
7.890000000000000000e+02
1.939000000000000000e+03
7.910000000000000000e+02
1.752000000000000000e+03
1.752000000000000000e+03
3.527000000000000000e+03
3.527000000000000000e+03
1.069000000000000000e+03
5.600000000000000000e+02
8.310000000000000000e+02
8.310000000000000000e+02
1.497000000000000000e+03
9.510000000000000000e+02
1.579000000000000000e+03
1.918000000000000000e+03
6.060000000000000000e+02
9.500000000000000000e+02
8.500000000000000000e+02
8.500000000000000000e+02
8.500000000000000000e+02
8.500000000000000000e+02
8.500000000000000000e+02
8.500000000000000000e+02
6.041000000000000000e+03
1.776000000000000000e+03
1.259000000000000000e+03
8.650000000000000000e+02
7.400000000000000000e+01
7.400000000000000000e+01
7.400000000000000000e+01
6.260000000000000000e+02
6.260000000000000000e+02
1.912000000000000000e+03
1.937000000000000000e+03
1.937000000000000000e+03
1.689000000000000000e+03
1.770000000000000000e+03
1.760000000000000000e+03
1.760000000000000000e+03
1.760000000000000000e+03
1.760000000000000000e+03
8.570000000000000000e+02
8.570000000000000000e+02
8.570000000000000000e+02
1.725000000000000000e+03
1.725000000000000000e+03
1.626000000000000000e+03
1.791000000000000000e+03
8.600000000000000000e+02
8.600000000000000000e+02
7.960000000000000000e+02
7.960000000000000000e+02
1.676000000000000000e+03
4.075000000000000000e+03
1.585000000000000000e+03
7.930000000000000000e+02
1.687000000000000000e+03
1.687000000000000000e+03
1.687000000000000000e+03
1.928000000000000000e+03
9.250000000000000000e+02
9.250000000000000000e+02
2.613000000000000000e+03
2.799000000000000000e+03
2.800000000000000000e+03
1.890000000000000000e+03
8.320000000000000000e+02
8.320000000000000000e+02
8.320000000000000000e+02
8.320000000000000000e+02
8.320000000000000000e+02
6.270000000000000000e+02
6.270000000000000000e+02
6.270000000000000000e+02
6.270000000000000000e+02
4.042000000000000000e+03
4.042000000000000000e+03
1.175100000000000000e+04
1.175100000000000000e+04
1.175100000000000000e+04
1.175100000000000000e+04
1.175100000000000000e+04
1.175100000000000000e+04
1.175100000000000000e+04
1.175100000000000000e+04
1.175100000000000000e+04
1.175100000000000000e+04
1.175100000000000000e+04
1.175100000000000000e+04
1.175100000000000000e+04
5.368000000000000000e+03
5.368000000000000000e+03
8.210000000000000000e+02
8.210000000000000000e+02
1.874000000000000000e+03
1.874000000000000000e+03
2.650000000000000000e+02
2.650000000000000000e+02
2.650000000000000000e+02
2.610000000000000000e+03
2.400000000000000000e+02
1.658000000000000000e+03
1.658000000000000000e+03
1.117500000000000000e+04
1.117500000000000000e+04
2.700000000000000000e+01
1.625000000000000000e+03
1.625000000000000000e+03
1.625000000000000000e+03
1.625000000000000000e+03
3.426000000000000000e+03
3.426000000000000000e+03
3.426000000000000000e+03
1.175500000000000000e+04
1.175500000000000000e+04
9.500000000000000000e+02
1.460000000000000000e+03
1.460000000000000000e+03
1.297200000000000000e+04
1.297200000000000000e+04
1.297200000000000000e+04
1.297200000000000000e+04
1.175400000000000000e+04
1.175400000000000000e+04
1.175400000000000000e+04
1.175300000000000000e+04
1.175300000000000000e+04
1.243000000000000000e+03
1.243000000000000000e+03
1.229700000000000000e+04
1.245300000000000000e+04
1.245200000000000000e+04
1.245200000000000000e+04
1.245400000000000000e+04
1.533000000000000000e+03
8.682000000000000000e+03
3.472000000000000000e+03
3.524000000000000000e+03
3.524000000000000000e+03
1.171700000000000000e+04
1.171700000000000000e+04
1.171700000000000000e+04
1.171700000000000000e+04
2.302000000000000000e+03
2.302000000000000000e+03
2.302000000000000000e+03
2.400000000000000000e+01
2.400000000000000000e+01
1.089000000000000000e+03
1.089000000000000000e+03
8.680000000000000000e+03
6.020000000000000000e+02
6.020000000000000000e+02
1.175200000000000000e+04
1.175200000000000000e+04
1.768600000000000000e+04
1.374600000000000000e+04
1.374600000000000000e+04
1.491000000000000000e+03
1.491000000000000000e+03
7.053000000000000000e+03
7.053000000000000000e+03
1.378800000000000000e+04
1.378800000000000000e+04
1.393000000000000000e+04
1.393400000000000000e+04
1.393500000000000000e+04
1.382100000000000000e+04
1.382100000000000000e+04
1.382100000000000000e+04
1.382100000000000000e+04
1.382100000000000000e+04
1.382100000000000000e+04
1.382100000000000000e+04
2.523000000000000000e+03
3.272000000000000000e+03
3.272000000000000000e+03
1.392900000000000000e+04
1.210000000000000000e+02
1.210000000000000000e+02
1.210000000000000000e+02
1.210000000000000000e+02
1.210000000000000000e+02
1.210000000000000000e+02
1.210000000000000000e+02
1.210000000000000000e+02
1.210000000000000000e+02
1.210000000000000000e+02
1.210000000000000000e+02
1.210000000000000000e+02
1.210000000000000000e+02
1.799000000000000000e+03
1.252400000000000000e+04
1.252400000000000000e+04
1.252400000000000000e+04
1.303800000000000000e+04
1.303800000000000000e+04
1.782000000000000000e+03
1.782000000000000000e+03
1.782000000000000000e+03
1.782000000000000000e+03
1.782000000000000000e+03
1.782000000000000000e+03
1.782000000000000000e+03
1.782000000000000000e+03
1.782000000000000000e+03
1.782000000000000000e+03
1.782000000000000000e+03
1.782000000000000000e+03
1.782000000000000000e+03
1.782000000000000000e+03
1.782000000000000000e+03
1.782000000000000000e+03
1.782000000000000000e+03
1.782000000000000000e+03
1.782000000000000000e+03
1.782000000000000000e+03
1.782000000000000000e+03
1.782000000000000000e+03
1.782000000000000000e+03
1.782000000000000000e+03
1.782000000000000000e+03
1.782000000000000000e+03
1.782000000000000000e+03
1.782000000000000000e+03
1.782000000000000000e+03
6.879000000000000000e+03
2.810000000000000000e+02
2.810000000000000000e+02
7.250000000000000000e+03
7.250000000000000000e+03
7.250000000000000000e+03
3.782000000000000000e+03
3.782000000000000000e+03
3.782000000000000000e+03
3.782000000000000000e+03
3.782000000000000000e+03
3.782000000000000000e+03
3.782000000000000000e+03
3.782000000000000000e+03
1.070000000000000000e+03
1.792000000000000000e+03
8.281000000000000000e+03
7.141000000000000000e+03
1.571000000000000000e+03
1.382100000000000000e+04
1.382100000000000000e+04
1.382100000000000000e+04
1.382100000000000000e+04
1.382100000000000000e+04
1.382100000000000000e+04
1.382100000000000000e+04
4.072000000000000000e+03
4.072000000000000000e+03
4.072000000000000000e+03
4.072000000000000000e+03
4.072000000000000000e+03
4.072000000000000000e+03
4.072000000000000000e+03
4.072000000000000000e+03
4.072000000000000000e+03
1.374500000000000000e+04
8.325000000000000000e+03
3.851000000000000000e+03
1.505000000000000000e+03
1.349800000000000000e+04
1.349800000000000000e+04
9.410000000000000000e+02
9.410000000000000000e+02
1.415300000000000000e+04
1.415300000000000000e+04
1.415300000000000000e+04
1.415300000000000000e+04
1.561000000000000000e+03
1.418700000000000000e+04
1.418700000000000000e+04
1.426000000000000000e+04
1.426000000000000000e+04
1.524000000000000000e+03
8.390000000000000000e+02
6.133000000000000000e+03
2.083000000000000000e+03
1.465200000000000000e+04
1.465200000000000000e+04
1.457000000000000000e+03
1.468100000000000000e+04
1.468100000000000000e+04
1.537100000000000000e+04
1.199100000000000000e+04
1.563300000000000000e+04
2.428000000000000000e+03
2.428000000000000000e+03
2.428000000000000000e+03
2.428000000000000000e+03
2.428000000000000000e+03
2.428000000000000000e+03
1.834000000000000000e+03
4.765000000000000000e+03
4.765000000000000000e+03
4.765000000000000000e+03
4.765000000000000000e+03
4.765000000000000000e+03
4.765000000000000000e+03
4.765000000000000000e+03
4.765000000000000000e+03
4.765000000000000000e+03
4.765000000000000000e+03
4.765000000000000000e+03
1.692000000000000000e+03
1.692000000000000000e+03
1.692000000000000000e+03
1.692000000000000000e+03
1.692000000000000000e+03
1.692000000000000000e+03
1.692000000000000000e+03
1.692000000000000000e+03
1.692000000000000000e+03
1.692000000000000000e+03
1.692000000000000000e+03
1.692000000000000000e+03
1.692000000000000000e+03
1.692000000000000000e+03
1.692000000000000000e+03
1.692000000000000000e+03
1.922100000000000000e+04
1.922100000000000000e+04
1.922100000000000000e+04
1.546100000000000000e+04
1.546100000000000000e+04
4.518000000000000000e+03
4.518000000000000000e+03
4.590000000000000000e+02
1.586600000000000000e+04
1.586600000000000000e+04
2.540000000000000000e+02
2.090000000000000000e+02
2.090000000000000000e+02
2.090000000000000000e+02
2.090000000000000000e+02
2.090000000000000000e+02
2.090000000000000000e+02
2.090000000000000000e+02
2.090000000000000000e+02
1.125800000000000000e+04
1.125800000000000000e+04
1.125800000000000000e+04
1.125800000000000000e+04
1.125800000000000000e+04
1.125800000000000000e+04
5.349000000000000000e+03
5.349000000000000000e+03
5.349000000000000000e+03
5.349000000000000000e+03
5.349000000000000000e+03
5.349000000000000000e+03
5.349000000000000000e+03
5.349000000000000000e+03
5.349000000000000000e+03
5.349000000000000000e+03
2.303000000000000000e+03
1.771600000000000000e+04
1.768600000000000000e+04
1.768600000000000000e+04
1.974500000000000000e+04
3.366000000000000000e+03
3.366000000000000000e+03
3.366000000000000000e+03
3.366000000000000000e+03
3.366000000000000000e+03
1.380000000000000000e+02
1.880000000000000000e+04
1.880000000000000000e+04
2.086200000000000000e+04
2.086200000000000000e+04
1.074700000000000000e+04
1.074700000000000000e+04
1.074700000000000000e+04
1.074700000000000000e+04
3.526000000000000000e+03
3.526000000000000000e+03
1.789300000000000000e+04
1.930200000000000000e+04
1.930200000000000000e+04
2.495000000000000000e+03
2.163600000000000000e+04
2.163600000000000000e+04
2.163600000000000000e+04
2.163600000000000000e+04
2.043100000000000000e+04
9.788000000000000000e+03
2.045500000000000000e+04
1.214000000000000000e+03
1.214000000000000000e+03
1.214000000000000000e+03
1.214000000000000000e+03
2.088100000000000000e+04
2.088100000000000000e+04
2.088100000000000000e+04
2.088100000000000000e+04
2.088100000000000000e+04
2.088100000000000000e+04
2.088100000000000000e+04
2.088100000000000000e+04
2.088100000000000000e+04
2.088100000000000000e+04
2.088100000000000000e+04
2.088100000000000000e+04
2.088100000000000000e+04
2.088100000000000000e+04
2.088100000000000000e+04
2.088100000000000000e+04
2.088100000000000000e+04
2.088100000000000000e+04
2.088100000000000000e+04
2.088100000000000000e+04
2.088100000000000000e+04
2.088100000000000000e+04
2.088100000000000000e+04
2.088100000000000000e+04
2.088100000000000000e+04
2.088100000000000000e+04
1.214000000000000000e+03
1.214000000000000000e+03
2.105300000000000000e+04
1.601100000000000000e+04
1.601100000000000000e+04
8.968000000000000000e+03
1.360900000000000000e+04
1.139000000000000000e+03
1.139000000000000000e+03
2.193500000000000000e+04
1.427400000000000000e+04
2.218700000000000000e+04
2.257000000000000000e+03
1.139100000000000000e+04
