5.950000000000000000e+02
2.335000000000000000e+03
2.335000000000000000e+03
2.335000000000000000e+03
2.335000000000000000e+03
1.428000000000000000e+03
7.246000000000000000e+03
7.246000000000000000e+03
7.246000000000000000e+03
7.246000000000000000e+03
2.339000000000000000e+03
2.339000000000000000e+03
2.339000000000000000e+03
2.339000000000000000e+03
2.337000000000000000e+03
2.337000000000000000e+03
2.337000000000000000e+03
2.337000000000000000e+03
3.250000000000000000e+02
1.028000000000000000e+03
2.224000000000000000e+03
2.224000000000000000e+03
2.231000000000000000e+03
2.231000000000000000e+03
2.231000000000000000e+03
4.567000000000000000e+03
9.540000000000000000e+02
1.704000000000000000e+03
1.704000000000000000e+03
1.704000000000000000e+03
1.704000000000000000e+03
1.704000000000000000e+03
1.876000000000000000e+03
5.851000000000000000e+03
5.851000000000000000e+03
1.031000000000000000e+03
1.660000000000000000e+02
1.660000000000000000e+02
1.660000000000000000e+02
1.660000000000000000e+02
1.660000000000000000e+02
1.660000000000000000e+02
1.660000000000000000e+02
1.660000000000000000e+02
1.230000000000000000e+02
8.320000000000000000e+02
8.320000000000000000e+02
8.320000000000000000e+02
8.320000000000000000e+02
8.320000000000000000e+02
1.703000000000000000e+03
1.703000000000000000e+03
1.703000000000000000e+03
1.703000000000000000e+03
1.703000000000000000e+03
1.703000000000000000e+03
1.703000000000000000e+03
1.703000000000000000e+03
1.703000000000000000e+03
1.703000000000000000e+03
1.703000000000000000e+03
1.807000000000000000e+03
1.585000000000000000e+03
1.430000000000000000e+03
3.707000000000000000e+03
3.707000000000000000e+03
3.780000000000000000e+03
9.699000000000000000e+03
9.699000000000000000e+03
9.699000000000000000e+03
9.699000000000000000e+03
2.340000000000000000e+03
2.340000000000000000e+03
2.340000000000000000e+03
2.340000000000000000e+03
2.390000000000000000e+02
8.590000000000000000e+02
2.275000000000000000e+03
7.566000000000000000e+03
1.695000000000000000e+03
1.695000000000000000e+03
1.695000000000000000e+03
3.043000000000000000e+03
3.043000000000000000e+03
3.043000000000000000e+03
3.043000000000000000e+03
9.458000000000000000e+03
9.458000000000000000e+03
9.458000000000000000e+03
9.458000000000000000e+03
9.458000000000000000e+03
9.458000000000000000e+03
9.458000000000000000e+03
9.458000000000000000e+03
9.458000000000000000e+03
9.458000000000000000e+03
1.886000000000000000e+03
8.330000000000000000e+02
2.410000000000000000e+02
3.060000000000000000e+03
3.060000000000000000e+03
3.060000000000000000e+03
3.060000000000000000e+03
1.889000000000000000e+03
2.342000000000000000e+03
2.342000000000000000e+03
2.342000000000000000e+03
2.342000000000000000e+03
6.270000000000000000e+02
6.270000000000000000e+02
3.820000000000000000e+02
3.820000000000000000e+02
3.820000000000000000e+02
3.820000000000000000e+02
3.820000000000000000e+02
3.820000000000000000e+02
3.820000000000000000e+02
3.820000000000000000e+02
3.820000000000000000e+02
3.820000000000000000e+02
3.820000000000000000e+02
3.820000000000000000e+02
3.820000000000000000e+02
3.820000000000000000e+02
3.820000000000000000e+02
3.820000000000000000e+02
3.820000000000000000e+02
3.820000000000000000e+02
1.610000000000000000e+03
9.630000000000000000e+02
2.188000000000000000e+03
6.480000000000000000e+02
3.046000000000000000e+03
3.046000000000000000e+03
3.046000000000000000e+03
3.046000000000000000e+03
2.493000000000000000e+03
2.233000000000000000e+03
2.233000000000000000e+03
2.502000000000000000e+03
8.289000000000000000e+03
8.289000000000000000e+03
2.343000000000000000e+03
2.343000000000000000e+03
2.343000000000000000e+03
2.343000000000000000e+03
2.825000000000000000e+03
2.435000000000000000e+03
2.435000000000000000e+03
3.183000000000000000e+03
3.183000000000000000e+03
3.183000000000000000e+03
3.183000000000000000e+03
3.183000000000000000e+03
1.588000000000000000e+03
1.589000000000000000e+03
9.010000000000000000e+02
3.760000000000000000e+03
3.760000000000000000e+03
3.760000000000000000e+03
5.490000000000000000e+02
5.490000000000000000e+02
2.338000000000000000e+03
2.338000000000000000e+03
2.338000000000000000e+03
2.338000000000000000e+03
5.250000000000000000e+02
5.250000000000000000e+02
5.250000000000000000e+02
5.250000000000000000e+02
1.652000000000000000e+03
1.652000000000000000e+03
1.652000000000000000e+03
1.652000000000000000e+03
1.652000000000000000e+03
1.652000000000000000e+03
1.652000000000000000e+03
1.892000000000000000e+03
6.040000000000000000e+02
7.980000000000000000e+02
7.980000000000000000e+02
7.980000000000000000e+02
8.200000000000000000e+02
2.160000000000000000e+03
7.900000000000000000e+02
1.845000000000000000e+03
8.640000000000000000e+02
1.962000000000000000e+03
1.962000000000000000e+03
1.067900000000000000e+04
1.067900000000000000e+04
1.067900000000000000e+04
5.365000000000000000e+03
1.074700000000000000e+04
1.074700000000000000e+04
1.074700000000000000e+04
1.074700000000000000e+04
2.420000000000000000e+02
1.956000000000000000e+03
1.956000000000000000e+03
1.956000000000000000e+03
1.956000000000000000e+03
1.956000000000000000e+03
5.260000000000000000e+02
5.260000000000000000e+02
5.260000000000000000e+02
5.260000000000000000e+02
4.075000000000000000e+03
3.240000000000000000e+02
1.915000000000000000e+03
3.781000000000000000e+03
3.781000000000000000e+03
3.781000000000000000e+03
3.786000000000000000e+03
1.665000000000000000e+03
1.963000000000000000e+03
1.963000000000000000e+03
2.303000000000000000e+03
3.600000000000000000e+01
3.600000000000000000e+01
3.600000000000000000e+01
2.769000000000000000e+03
2.770000000000000000e+03
1.770000000000000000e+03
9.910000000000000000e+02
1.689000000000000000e+03
1.937000000000000000e+03
1.937000000000000000e+03
6.770000000000000000e+02
2.372000000000000000e+03
2.372000000000000000e+03
2.372000000000000000e+03
2.372000000000000000e+03
2.372000000000000000e+03
2.372000000000000000e+03
2.372000000000000000e+03
2.372000000000000000e+03
2.372000000000000000e+03
2.372000000000000000e+03
2.536000000000000000e+03
1.919000000000000000e+03
1.919000000000000000e+03
6.400000000000000000e+02
5.280000000000000000e+02
6.966000000000000000e+03
6.966000000000000000e+03
3.743000000000000000e+03
9.390000000000000000e+02
9.390000000000000000e+02
9.390000000000000000e+02
1.595000000000000000e+03
3.185000000000000000e+03
3.185000000000000000e+03
3.182000000000000000e+03
3.182000000000000000e+03
3.020000000000000000e+02
7.940000000000000000e+02
1.029000000000000000e+03
2.229000000000000000e+03
3.300000000000000000e+01
3.300000000000000000e+01
1.952000000000000000e+03
1.649000000000000000e+03
1.057000000000000000e+03
3.600000000000000000e+01
3.600000000000000000e+01
3.600000000000000000e+01
6.000000000000000000e+02
6.000000000000000000e+02
1.160000000000000000e+02
1.160000000000000000e+02
1.160000000000000000e+02
7.610000000000000000e+02
1.772000000000000000e+03
1.772000000000000000e+03
1.776000000000000000e+03
2.492000000000000000e+03
9.190000000000000000e+02
9.480000000000000000e+02
7.127000000000000000e+03
1.752000000000000000e+03
1.752000000000000000e+03
6.050000000000000000e+02
6.050000000000000000e+02
6.050000000000000000e+02
1.255000000000000000e+03
1.255000000000000000e+03
1.873000000000000000e+03
6.970000000000000000e+03
6.131000000000000000e+03
1.340000000000000000e+02
3.153000000000000000e+03
3.527000000000000000e+03
3.527000000000000000e+03
1.870000000000000000e+03
1.400000000000000000e+02
1.400000000000000000e+02
1.400000000000000000e+02
1.400000000000000000e+02
8.220000000000000000e+02
8.220000000000000000e+02
3.430000000000000000e+03
5.306000000000000000e+03
1.584000000000000000e+03
5.700000000000000000e+01
5.700000000000000000e+01
6.151000000000000000e+03
6.152000000000000000e+03
5.580000000000000000e+02
6.090000000000000000e+02
9.007000000000000000e+03
9.007000000000000000e+03
9.007000000000000000e+03
9.007000000000000000e+03
7.640000000000000000e+02
1.679000000000000000e+03
1.903000000000000000e+03
1.903000000000000000e+03
2.650000000000000000e+02
2.650000000000000000e+02
2.650000000000000000e+02
3.620000000000000000e+02
1.959000000000000000e+03
1.902000000000000000e+03
1.902000000000000000e+03
4.490000000000000000e+02
4.490000000000000000e+02
3.736000000000000000e+03
1.658000000000000000e+03
1.658000000000000000e+03
3.781000000000000000e+03
3.781000000000000000e+03
3.781000000000000000e+03
1.696000000000000000e+03
1.696000000000000000e+03
1.696000000000000000e+03
3.786000000000000000e+03
2.341000000000000000e+03
2.341000000000000000e+03
2.341000000000000000e+03
2.341000000000000000e+03
4.260000000000000000e+02
4.250000000000000000e+02
1.354100000000000000e+04
1.354100000000000000e+04
1.354100000000000000e+04
2.204000000000000000e+03
4.480000000000000000e+02
4.480000000000000000e+02
1.630000000000000000e+02
1.630000000000000000e+02
1.630000000000000000e+02
1.630000000000000000e+02
1.657000000000000000e+03
1.657000000000000000e+03
1.883000000000000000e+03
1.448000000000000000e+03
1.374700000000000000e+04
1.374700000000000000e+04
1.670000000000000000e+02
1.670000000000000000e+02
1.670000000000000000e+02
1.670000000000000000e+02
1.670000000000000000e+02
1.670000000000000000e+02
1.670000000000000000e+02
1.670000000000000000e+02
1.483000000000000000e+03
1.608000000000000000e+03
9.310000000000000000e+02
2.523000000000000000e+03
1.752000000000000000e+03
1.752000000000000000e+03
2.434000000000000000e+03
2.434000000000000000e+03
3.495000000000000000e+03
3.650000000000000000e+03
6.580000000000000000e+02
6.580000000000000000e+02
6.580000000000000000e+02
9.900000000000000000e+01
9.810000000000000000e+02
8.060000000000000000e+02
3.639000000000000000e+03
1.160000000000000000e+02
1.160000000000000000e+02
1.160000000000000000e+02
5.895000000000000000e+03
5.895000000000000000e+03
2.520000000000000000e+02
2.520000000000000000e+02
2.520000000000000000e+02
1.433000000000000000e+03
3.050000000000000000e+02
6.000000000000000000e+02
6.000000000000000000e+02
1.620000000000000000e+03
1.620000000000000000e+03
5.800000000000000000e+01
2.342000000000000000e+03
2.342000000000000000e+03
2.342000000000000000e+03
2.342000000000000000e+03
5.783000000000000000e+03
5.783000000000000000e+03
5.783000000000000000e+03
5.783000000000000000e+03
5.783000000000000000e+03
5.783000000000000000e+03
5.783000000000000000e+03
5.783000000000000000e+03
5.550000000000000000e+03
5.550000000000000000e+03
5.550000000000000000e+03
5.550000000000000000e+03
5.550000000000000000e+03
5.550000000000000000e+03
5.550000000000000000e+03
5.550000000000000000e+03
5.550000000000000000e+03
5.550000000000000000e+03
5.550000000000000000e+03
3.525000000000000000e+03
3.525000000000000000e+03
3.525000000000000000e+03
1.866000000000000000e+03
1.450000000000000000e+02
6.134000000000000000e+03
6.134000000000000000e+03
1.609000000000000000e+03
7.660000000000000000e+02
1.783000000000000000e+03
7.102000000000000000e+03
7.102000000000000000e+03
1.756000000000000000e+03
1.756000000000000000e+03
5.640000000000000000e+02
3.147000000000000000e+03
3.594000000000000000e+03
1.939000000000000000e+03
7.910000000000000000e+02
1.754000000000000000e+03
1.754000000000000000e+03
1.053600000000000000e+04
1.790000000000000000e+03
6.700000000000000000e+01
8.312000000000000000e+03
1.725000000000000000e+03
1.725000000000000000e+03
1.915000000000000000e+03
6.949000000000000000e+03
6.949000000000000000e+03
1.613000000000000000e+03
3.651000000000000000e+03
7.053000000000000000e+03
7.053000000000000000e+03
5.000000000000000000e+02
5.000000000000000000e+02
1.724000000000000000e+03
3.823000000000000000e+03
3.823000000000000000e+03
3.594000000000000000e+03
2.320000000000000000e+02
2.320000000000000000e+02
2.320000000000000000e+02
2.320000000000000000e+02
2.320000000000000000e+02
2.320000000000000000e+02
2.320000000000000000e+02
2.320000000000000000e+02
2.320000000000000000e+02
2.320000000000000000e+02
2.320000000000000000e+02
2.320000000000000000e+02
7.630000000000000000e+02
1.464000000000000000e+03
1.464000000000000000e+03
1.464000000000000000e+03
6.016000000000000000e+03
6.016000000000000000e+03
1.915000000000000000e+03
1.053600000000000000e+04
8.820000000000000000e+02
7.670000000000000000e+02
1.647000000000000000e+03
8.360000000000000000e+02
7.141000000000000000e+03
9.913000000000000000e+03
9.913000000000000000e+03
9.913000000000000000e+03
9.913000000000000000e+03
9.913000000000000000e+03
9.913000000000000000e+03
9.913000000000000000e+03
4.320000000000000000e+02
4.320000000000000000e+02
4.320000000000000000e+02
8.730000000000000000e+02
8.730000000000000000e+02
8.730000000000000000e+02
8.730000000000000000e+02
8.730000000000000000e+02
2.850000000000000000e+02
2.850000000000000000e+02
7.590000000000000000e+02
7.590000000000000000e+02
7.590000000000000000e+02
1.972000000000000000e+03
1.921000000000000000e+03
1.921000000000000000e+03
1.637000000000000000e+03
1.875000000000000000e+03
1.875000000000000000e+03
1.300000000000000000e+01
1.300000000000000000e+01
1.300000000000000000e+01
7.650000000000000000e+02
6.041000000000000000e+03
3.270000000000000000e+03
6.840000000000000000e+02
6.840000000000000000e+02
6.840000000000000000e+02
5.660000000000000000e+02
3.760000000000000000e+03
3.760000000000000000e+03
3.760000000000000000e+03
3.380000000000000000e+02
3.370000000000000000e+02
7.730000000000000000e+02
7.730000000000000000e+02
1.581000000000000000e+03
3.800000000000000000e+02
9.400000000000000000e+02
9.400000000000000000e+02
9.400000000000000000e+02
9.400000000000000000e+02
9.400000000000000000e+02
9.400000000000000000e+02
9.400000000000000000e+02
9.400000000000000000e+02
9.400000000000000000e+02
9.400000000000000000e+02
9.400000000000000000e+02
9.400000000000000000e+02
9.400000000000000000e+02
9.400000000000000000e+02
6.400000000000000000e+02
1.907000000000000000e+03
2.619000000000000000e+03
8.320000000000000000e+02
8.320000000000000000e+02
8.320000000000000000e+02
8.320000000000000000e+02
8.320000000000000000e+02
2.990000000000000000e+02
2.990000000000000000e+02
2.990000000000000000e+02
9.903000000000000000e+03
1.439000000000000000e+03
5.630000000000000000e+02
1.733000000000000000e+03
1.733000000000000000e+03
3.000000000000000000e+00
3.000000000000000000e+00
5.540000000000000000e+02
3.240000000000000000e+02
1.895000000000000000e+03
1.895000000000000000e+03
1.895000000000000000e+03
1.895000000000000000e+03
1.895000000000000000e+03
1.895000000000000000e+03
1.895000000000000000e+03
1.895000000000000000e+03
1.895000000000000000e+03
1.895000000000000000e+03
1.895000000000000000e+03
1.895000000000000000e+03
1.895000000000000000e+03
1.895000000000000000e+03
1.895000000000000000e+03
3.200000000000000000e+01
3.200000000000000000e+01
3.841000000000000000e+03
3.841000000000000000e+03
1.625000000000000000e+03
1.625000000000000000e+03
1.091000000000000000e+03
1.091000000000000000e+03
8.680000000000000000e+02
8.680000000000000000e+02
8.680000000000000000e+02
1.525000000000000000e+03
6.550000000000000000e+02
6.550000000000000000e+02
3.273000000000000000e+03
3.273000000000000000e+03
2.517000000000000000e+03
2.280000000000000000e+02
2.620000000000000000e+02
7.990000000000000000e+02
7.990000000000000000e+02
7.990000000000000000e+02
7.990000000000000000e+02
7.990000000000000000e+02
7.990000000000000000e+02
7.990000000000000000e+02
7.990000000000000000e+02
7.990000000000000000e+02
7.990000000000000000e+02
7.990000000000000000e+02
7.990000000000000000e+02
7.990000000000000000e+02
7.990000000000000000e+02
7.990000000000000000e+02
7.990000000000000000e+02
7.990000000000000000e+02
7.990000000000000000e+02
7.990000000000000000e+02
7.990000000000000000e+02
7.990000000000000000e+02
7.990000000000000000e+02
5.230000000000000000e+02
5.230000000000000000e+02
1.426000000000000000e+03
1.426000000000000000e+03
1.426000000000000000e+03
1.426000000000000000e+03
1.426000000000000000e+03
1.426000000000000000e+03
1.229700000000000000e+04
1.945000000000000000e+03
6.042000000000000000e+03
6.042000000000000000e+03
3.186000000000000000e+03
3.186000000000000000e+03
3.186000000000000000e+03
3.186000000000000000e+03
3.186000000000000000e+03
3.186000000000000000e+03
2.274000000000000000e+03
2.276000000000000000e+03
2.259000000000000000e+03
1.225500000000000000e+04
1.225600000000000000e+04
1.784000000000000000e+03
1.784000000000000000e+03
1.002600000000000000e+04
7.400000000000000000e+01
7.400000000000000000e+01
7.400000000000000000e+01
1.225200000000000000e+04
1.225400000000000000e+04
1.225400000000000000e+04
4.091000000000000000e+03
4.091000000000000000e+03
1.426000000000000000e+03
1.426000000000000000e+03
1.426000000000000000e+03
1.426000000000000000e+03
1.426000000000000000e+03
1.426000000000000000e+03
5.358000000000000000e+03
5.358000000000000000e+03
1.080000000000000000e+02
1.485000000000000000e+03
1.485000000000000000e+03
1.485000000000000000e+03
2.554000000000000000e+03
2.554000000000000000e+03
1.835000000000000000e+03
1.835000000000000000e+03
1.835000000000000000e+03
3.405000000000000000e+03
2.530000000000000000e+02
1.790000000000000000e+03
1.709000000000000000e+03
9.780000000000000000e+02
1.652000000000000000e+03
1.652000000000000000e+03
1.652000000000000000e+03
1.652000000000000000e+03
1.652000000000000000e+03
1.652000000000000000e+03
1.652000000000000000e+03
9.700000000000000000e+01
9.700000000000000000e+01
9.700000000000000000e+01
2.439000000000000000e+03
9.500000000000000000e+02
1.633000000000000000e+03
1.633000000000000000e+03
1.633000000000000000e+03
8.591000000000000000e+03
8.591000000000000000e+03
1.409000000000000000e+03
1.935000000000000000e+03
2.169000000000000000e+03
2.170000000000000000e+03
1.012000000000000000e+03
1.638000000000000000e+03
2.900000000000000000e+01
1.673000000000000000e+03
1.673000000000000000e+03
8.450000000000000000e+02
8.450000000000000000e+02
8.450000000000000000e+02
1.690000000000000000e+03
1.340000000000000000e+02
1.478000000000000000e+03
6.110000000000000000e+02
9.260000000000000000e+02
9.260000000000000000e+02
2.437000000000000000e+03
1.890000000000000000e+03
8.210000000000000000e+02
8.210000000000000000e+02
1.874000000000000000e+03
1.874000000000000000e+03
1.868000000000000000e+03
1.921000000000000000e+03
1.869000000000000000e+03
3.040000000000000000e+03
3.040000000000000000e+03
3.040000000000000000e+03
3.040000000000000000e+03
1.032000000000000000e+03
2.501000000000000000e+03
2.618000000000000000e+03
2.618000000000000000e+03
2.609000000000000000e+03
1.673000000000000000e+03
1.673000000000000000e+03
1.400000000000000000e+01
2.614000000000000000e+03
3.638000000000000000e+03
2.610000000000000000e+03
2.611000000000000000e+03
2.612000000000000000e+03
2.613000000000000000e+03
1.878000000000000000e+03
1.624000000000000000e+03
1.624000000000000000e+03
1.624000000000000000e+03
1.624000000000000000e+03
1.095000000000000000e+03
2.433000000000000000e+03
2.433000000000000000e+03
1.429000000000000000e+03
1.879000000000000000e+03
3.644000000000000000e+03
3.644000000000000000e+03
8.800000000000000000e+01
8.800000000000000000e+01
2.500000000000000000e+03
2.563000000000000000e+03
2.563000000000000000e+03
3.781000000000000000e+03
3.781000000000000000e+03
3.781000000000000000e+03
3.360000000000000000e+02
3.350000000000000000e+02
1.676000000000000000e+03
1.679000000000000000e+03
1.814000000000000000e+03
7.600000000000000000e+02
7.600000000000000000e+02
7.600000000000000000e+02
7.600000000000000000e+02
7.600000000000000000e+02
7.600000000000000000e+02
7.600000000000000000e+02
3.816000000000000000e+03
3.816000000000000000e+03
2.528000000000000000e+03
1.091000000000000000e+03
3.430000000000000000e+02
3.410000000000000000e+02
3.420000000000000000e+02
3.340000000000000000e+02
3.310000000000000000e+02
1.961000000000000000e+03
1.961000000000000000e+03
8.170000000000000000e+02
8.170000000000000000e+02
8.170000000000000000e+02
7.404000000000000000e+03
2.768000000000000000e+03
1.424000000000000000e+03
1.744000000000000000e+03
1.755000000000000000e+03
2.298000000000000000e+03
1.951000000000000000e+03
1.951000000000000000e+03
1.951000000000000000e+03
1.681000000000000000e+03
1.681000000000000000e+03
1.681000000000000000e+03
3.787000000000000000e+03
3.787000000000000000e+03
3.787000000000000000e+03
3.787000000000000000e+03
3.787000000000000000e+03
3.787000000000000000e+03
3.787000000000000000e+03
3.787000000000000000e+03
3.787000000000000000e+03
3.787000000000000000e+03
3.787000000000000000e+03
3.787000000000000000e+03
3.787000000000000000e+03
2.400000000000000000e+02
1.682000000000000000e+03
1.682000000000000000e+03
1.682000000000000000e+03
1.682000000000000000e+03
6.310000000000000000e+02
6.310000000000000000e+02
2.437000000000000000e+03
6.050000000000000000e+02
6.050000000000000000e+02
6.050000000000000000e+02
3.830000000000000000e+02
3.830000000000000000e+02
1.200000000000000000e+01
1.923000000000000000e+03
1.714000000000000000e+03
1.915000000000000000e+03
5.774000000000000000e+03
9.280000000000000000e+02
1.872000000000000000e+03
5.526000000000000000e+03
1.484000000000000000e+03
6.447000000000000000e+03
6.730000000000000000e+02
6.730000000000000000e+02
5.784000000000000000e+03
5.784000000000000000e+03
5.784000000000000000e+03
5.784000000000000000e+03
5.784000000000000000e+03
5.784000000000000000e+03
5.784000000000000000e+03
5.784000000000000000e+03
5.784000000000000000e+03
5.784000000000000000e+03
5.784000000000000000e+03
3.517000000000000000e+03
6.920000000000000000e+03
1.881000000000000000e+03
1.752000000000000000e+03
1.752000000000000000e+03
1.693000000000000000e+03
5.549000000000000000e+03
5.549000000000000000e+03
5.549000000000000000e+03
5.549000000000000000e+03
5.549000000000000000e+03
5.549000000000000000e+03
5.549000000000000000e+03
5.549000000000000000e+03
5.549000000000000000e+03
5.549000000000000000e+03
5.549000000000000000e+03
2.297000000000000000e+03
2.660000000000000000e+02
2.660000000000000000e+02
2.660000000000000000e+02
6.520000000000000000e+02
6.520000000000000000e+02
1.040000000000000000e+02
1.040000000000000000e+02
1.092000000000000000e+03
1.092000000000000000e+03
1.092000000000000000e+03
3.100000000000000000e+01
3.100000000000000000e+01
3.100000000000000000e+01
1.897000000000000000e+03
1.897000000000000000e+03
1.738000000000000000e+03
1.738000000000000000e+03
1.738000000000000000e+03
1.716000000000000000e+03
1.716000000000000000e+03
1.716000000000000000e+03
1.716000000000000000e+03
1.716000000000000000e+03
1.716000000000000000e+03
1.716000000000000000e+03
1.716000000000000000e+03
1.640000000000000000e+02
1.640000000000000000e+02
1.640000000000000000e+02
1.640000000000000000e+02
1.640000000000000000e+02
1.008000000000000000e+03
1.147200000000000000e+04
1.147300000000000000e+04
3.779000000000000000e+03
3.426000000000000000e+03
3.426000000000000000e+03
3.426000000000000000e+03
1.144100000000000000e+04
1.759000000000000000e+03
1.117700000000000000e+04
1.117700000000000000e+04
3.179000000000000000e+03
3.179000000000000000e+03
3.181000000000000000e+03
5.297000000000000000e+03
1.915000000000000000e+03
9.420000000000000000e+02
9.420000000000000000e+02
7.620000000000000000e+02
9.300000000000000000e+02
1.775000000000000000e+03
2.850000000000000000e+02
2.850000000000000000e+02
6.600000000000000000e+01
6.200000000000000000e+02
6.200000000000000000e+02
1.075000000000000000e+03
8.324000000000000000e+03
8.324000000000000000e+03
1.749000000000000000e+03
1.719000000000000000e+03
2.496000000000000000e+03
1.778000000000000000e+03
1.586000000000000000e+03
1.175400000000000000e+04
1.175400000000000000e+04
1.175400000000000000e+04
5.597000000000000000e+03
5.597000000000000000e+03
5.597000000000000000e+03
1.370000000000000000e+02
1.170000000000000000e+02
1.515000000000000000e+03
4.042000000000000000e+03
4.042000000000000000e+03
1.537100000000000000e+04
1.720000000000000000e+03
6.020000000000000000e+02
6.020000000000000000e+02
3.100000000000000000e+01
3.100000000000000000e+01
3.100000000000000000e+01
8.967000000000000000e+03
8.967000000000000000e+03
5.900000000000000000e+01
5.900000000000000000e+01
5.900000000000000000e+01
5.900000000000000000e+01
5.900000000000000000e+01
5.900000000000000000e+01
5.900000000000000000e+01
5.900000000000000000e+01
5.900000000000000000e+01
5.900000000000000000e+01
5.900000000000000000e+01
5.900000000000000000e+01
1.438000000000000000e+03
1.438000000000000000e+03
1.915000000000000000e+03
1.915000000000000000e+03
4.500000000000000000e+01
1.497000000000000000e+03
1.069000000000000000e+03
7.480000000000000000e+02
1.348300000000000000e+04
1.348300000000000000e+04
6.260000000000000000e+02
6.260000000000000000e+02
6.260000000000000000e+02
6.260000000000000000e+02
6.320000000000000000e+02
6.320000000000000000e+02
6.320000000000000000e+02
6.320000000000000000e+02
6.320000000000000000e+02
6.320000000000000000e+02
6.320000000000000000e+02
6.320000000000000000e+02
6.320000000000000000e+02
6.320000000000000000e+02
6.320000000000000000e+02
6.320000000000000000e+02
6.320000000000000000e+02
6.320000000000000000e+02
6.320000000000000000e+02
6.320000000000000000e+02
1.081000000000000000e+03
1.081000000000000000e+03
1.081000000000000000e+03
1.081000000000000000e+03
1.081000000000000000e+03
1.081000000000000000e+03
1.081000000000000000e+03
1.081000000000000000e+03
1.081000000000000000e+03
1.081000000000000000e+03
1.081000000000000000e+03
1.081000000000000000e+03
1.081000000000000000e+03
5.680000000000000000e+02
5.680000000000000000e+02
5.680000000000000000e+02
5.680000000000000000e+02
1.175200000000000000e+04
1.175200000000000000e+04
3.417000000000000000e+03
4.660000000000000000e+02
1.175300000000000000e+04
1.175300000000000000e+04
4.487000000000000000e+03
4.487000000000000000e+03
4.487000000000000000e+03
5.900000000000000000e+01
5.900000000000000000e+01
5.900000000000000000e+01
5.900000000000000000e+01
5.900000000000000000e+01
5.900000000000000000e+01
5.900000000000000000e+01
5.900000000000000000e+01
5.900000000000000000e+01
5.900000000000000000e+01
5.900000000000000000e+01
5.900000000000000000e+01
3.524000000000000000e+03
3.524000000000000000e+03
1.710000000000000000e+03
6.470000000000000000e+02
6.470000000000000000e+02
6.470000000000000000e+02
6.470000000000000000e+02
6.470000000000000000e+02
6.470000000000000000e+02
6.470000000000000000e+02
6.470000000000000000e+02
6.470000000000000000e+02
6.470000000000000000e+02
5.712000000000000000e+03
5.712000000000000000e+03
1.243000000000000000e+03
1.243000000000000000e+03
4.200000000000000000e+01
4.200000000000000000e+01
4.487000000000000000e+03
4.487000000000000000e+03
4.487000000000000000e+03
1.659000000000000000e+03
2.302000000000000000e+03
2.302000000000000000e+03
2.302000000000000000e+03
4.200000000000000000e+01
4.200000000000000000e+01
1.784000000000000000e+03
1.784000000000000000e+03
3.119000000000000000e+03
3.119000000000000000e+03
1.300000000000000000e+02
1.300000000000000000e+02
9.740000000000000000e+02
9.740000000000000000e+02
9.740000000000000000e+02
9.740000000000000000e+02
5.714000000000000000e+03
5.714000000000000000e+03
1.259000000000000000e+03
1.593000000000000000e+03
1.593000000000000000e+03
1.593000000000000000e+03
1.593000000000000000e+03
1.593000000000000000e+03
1.593000000000000000e+03
2.900000000000000000e+01
5.690000000000000000e+02
5.690000000000000000e+02
5.690000000000000000e+02
1.900000000000000000e+01
1.617000000000000000e+03
1.617000000000000000e+03
1.754000000000000000e+03
1.754000000000000000e+03
8.311000000000000000e+03
2.150000000000000000e+02
2.150000000000000000e+02
1.117800000000000000e+04
1.117800000000000000e+04
1.303800000000000000e+04
1.303800000000000000e+04
1.170000000000000000e+02
1.337800000000000000e+04
2.970000000000000000e+02
2.970000000000000000e+02
3.030000000000000000e+02
3.149000000000000000e+03
1.360900000000000000e+04
6.410000000000000000e+02
2.860000000000000000e+02
2.860000000000000000e+02
2.860000000000000000e+02
2.860000000000000000e+02
8.910000000000000000e+02
1.735000000000000000e+03
1.599000000000000000e+03
1.599000000000000000e+03
1.887000000000000000e+03
1.011000000000000000e+03
1.011000000000000000e+03
1.011000000000000000e+03
1.687000000000000000e+03
1.687000000000000000e+03
1.687000000000000000e+03
1.376600000000000000e+04
7.990000000000000000e+02
7.990000000000000000e+02
7.990000000000000000e+02
7.990000000000000000e+02
7.990000000000000000e+02
7.990000000000000000e+02
7.990000000000000000e+02
7.990000000000000000e+02
7.990000000000000000e+02
7.990000000000000000e+02
7.990000000000000000e+02
7.990000000000000000e+02
7.990000000000000000e+02
7.990000000000000000e+02
7.990000000000000000e+02
7.990000000000000000e+02
7.990000000000000000e+02
7.990000000000000000e+02
7.990000000000000000e+02
7.990000000000000000e+02
7.990000000000000000e+02
7.990000000000000000e+02
1.348200000000000000e+04
1.348200000000000000e+04
1.079000000000000000e+03
1.378800000000000000e+04
1.378800000000000000e+04
1.233900000000000000e+04
1.233900000000000000e+04
1.233900000000000000e+04
1.233900000000000000e+04
9.510000000000000000e+02
1.555000000000000000e+03
2.554000000000000000e+03
2.554000000000000000e+03
1.708000000000000000e+03
1.467000000000000000e+03
1.393000000000000000e+04
1.393400000000000000e+04
1.393500000000000000e+04
1.960000000000000000e+03
3.151000000000000000e+03
3.821000000000000000e+03
3.821000000000000000e+03
1.465000000000000000e+03
1.920000000000000000e+03
1.920000000000000000e+03
6.880000000000000000e+02
1.712000000000000000e+03
1.745000000000000000e+03
1.468000000000000000e+03
1.479000000000000000e+03
1.523000000000000000e+03
1.496000000000000000e+03
2.740000000000000000e+02
2.740000000000000000e+02
2.740000000000000000e+02
2.740000000000000000e+02
2.740000000000000000e+02
2.740000000000000000e+02
2.740000000000000000e+02
2.740000000000000000e+02
2.740000000000000000e+02
2.740000000000000000e+02
2.740000000000000000e+02
2.740000000000000000e+02
2.740000000000000000e+02
2.740000000000000000e+02
2.740000000000000000e+02
2.740000000000000000e+02
2.740000000000000000e+02
2.740000000000000000e+02
2.740000000000000000e+02
1.577800000000000000e+04
1.577800000000000000e+04
1.577800000000000000e+04
1.577800000000000000e+04
1.392900000000000000e+04
1.395300000000000000e+04
1.395300000000000000e+04
1.395300000000000000e+04
1.395300000000000000e+04
1.395300000000000000e+04
1.395300000000000000e+04
1.395300000000000000e+04
1.395300000000000000e+04
1.395300000000000000e+04
1.395300000000000000e+04
1.395300000000000000e+04
1.395300000000000000e+04
1.916000000000000000e+03
1.799000000000000000e+03
1.825000000000000000e+03
1.825000000000000000e+03
1.825000000000000000e+03
1.825000000000000000e+03
1.825000000000000000e+03
1.825000000000000000e+03
1.825000000000000000e+03
1.825000000000000000e+03
1.825000000000000000e+03
1.825000000000000000e+03
1.825000000000000000e+03
1.825000000000000000e+03
1.825000000000000000e+03
1.825000000000000000e+03
1.825000000000000000e+03
1.825000000000000000e+03
1.825000000000000000e+03
1.825000000000000000e+03
1.825000000000000000e+03
1.825000000000000000e+03
1.825000000000000000e+03
1.825000000000000000e+03
1.825000000000000000e+03
1.825000000000000000e+03
1.825000000000000000e+03
1.825000000000000000e+03
1.825000000000000000e+03
1.825000000000000000e+03
1.825000000000000000e+03
1.825000000000000000e+03
1.856000000000000000e+03
1.856000000000000000e+03
1.856000000000000000e+03
1.856000000000000000e+03
1.856000000000000000e+03
7.823000000000000000e+03
1.487000000000000000e+03
6.879000000000000000e+03
2.810000000000000000e+02
2.810000000000000000e+02
1.491000000000000000e+03
1.491000000000000000e+03
2.810000000000000000e+02
2.810000000000000000e+02
1.934000000000000000e+03
3.272000000000000000e+03
3.272000000000000000e+03
1.021700000000000000e+04
1.021700000000000000e+04
1.021700000000000000e+04
1.480000000000000000e+02
1.399500000000000000e+04
1.654000000000000000e+03
1.654000000000000000e+03
1.378900000000000000e+04
1.378900000000000000e+04
1.378900000000000000e+04
1.470000000000000000e+03
9.550000000000000000e+02
9.550000000000000000e+02
9.550000000000000000e+02
9.550000000000000000e+02
1.792000000000000000e+03
1.607000000000000000e+03
8.281000000000000000e+03
1.348100000000000000e+04
1.348100000000000000e+04
1.382100000000000000e+04
1.382100000000000000e+04
1.382100000000000000e+04
1.382100000000000000e+04
1.382100000000000000e+04
1.382100000000000000e+04
1.382100000000000000e+04
1.210000000000000000e+02
1.210000000000000000e+02
1.210000000000000000e+02
1.210000000000000000e+02
1.210000000000000000e+02
1.210000000000000000e+02
1.210000000000000000e+02
1.210000000000000000e+02
1.210000000000000000e+02
1.210000000000000000e+02
1.210000000000000000e+02
1.210000000000000000e+02
1.210000000000000000e+02
7.248000000000000000e+03
7.248000000000000000e+03
7.248000000000000000e+03
1.393800000000000000e+04
1.393800000000000000e+04
1.393800000000000000e+04
2.000000000000000000e+01
1.055000000000000000e+03
1.826000000000000000e+03
1.826000000000000000e+03
3.782000000000000000e+03
3.782000000000000000e+03
3.782000000000000000e+03
3.782000000000000000e+03
3.782000000000000000e+03
3.782000000000000000e+03
3.782000000000000000e+03
3.782000000000000000e+03
1.729000000000000000e+03
4.099000000000000000e+03
4.099000000000000000e+03
4.099000000000000000e+03
1.434000000000000000e+03
1.251000000000000000e+03
1.251000000000000000e+03
1.972000000000000000e+03
7.890000000000000000e+02
7.890000000000000000e+02
6.150000000000000000e+02
6.150000000000000000e+02
6.150000000000000000e+02
6.150000000000000000e+02
3.472000000000000000e+03
3.863000000000000000e+03
9.270000000000000000e+02
1.070000000000000000e+03
1.969000000000000000e+03
3.394000000000000000e+03
3.394000000000000000e+03
1.011000000000000000e+03
1.011000000000000000e+03
1.011000000000000000e+03
1.426800000000000000e+04
1.426800000000000000e+04
1.428700000000000000e+04
1.505000000000000000e+03
1.296000000000000000e+04
4.590000000000000000e+02
9.410000000000000000e+02
9.410000000000000000e+02
6.740000000000000000e+02
1.417000000000000000e+04
1.417000000000000000e+04
1.417000000000000000e+04
1.800000000000000000e+01
1.800000000000000000e+01
2.000000000000000000e+01
1.130000000000000000e+03
1.130000000000000000e+03
1.046000000000000000e+03
1.046000000000000000e+03
1.426700000000000000e+04
1.426000000000000000e+04
1.426000000000000000e+04
1.607000000000000000e+03
1.444100000000000000e+04
5.603000000000000000e+03
1.524000000000000000e+03
1.505900000000000000e+04
7.990000000000000000e+02
7.990000000000000000e+02
7.990000000000000000e+02
7.990000000000000000e+02
7.990000000000000000e+02
7.990000000000000000e+02
7.990000000000000000e+02
7.990000000000000000e+02
7.990000000000000000e+02
7.990000000000000000e+02
7.990000000000000000e+02
7.990000000000000000e+02
7.990000000000000000e+02
7.990000000000000000e+02
7.990000000000000000e+02
7.990000000000000000e+02
7.990000000000000000e+02
7.990000000000000000e+02
7.990000000000000000e+02
7.990000000000000000e+02
7.990000000000000000e+02
7.990000000000000000e+02
2.490000000000000000e+02
2.490000000000000000e+02
2.490000000000000000e+02
2.490000000000000000e+02
2.490000000000000000e+02
2.490000000000000000e+02
2.490000000000000000e+02
2.490000000000000000e+02
2.490000000000000000e+02
2.490000000000000000e+02
2.490000000000000000e+02
2.490000000000000000e+02
1.021800000000000000e+04
1.021800000000000000e+04
1.607000000000000000e+03
1.607000000000000000e+03
1.497400000000000000e+04
8.688000000000000000e+03
7.990000000000000000e+02
7.990000000000000000e+02
7.990000000000000000e+02
7.990000000000000000e+02
7.990000000000000000e+02
7.990000000000000000e+02
7.990000000000000000e+02
7.990000000000000000e+02
7.990000000000000000e+02
7.990000000000000000e+02
7.990000000000000000e+02
7.990000000000000000e+02
7.990000000000000000e+02
7.990000000000000000e+02
7.990000000000000000e+02
7.990000000000000000e+02
7.990000000000000000e+02
7.990000000000000000e+02
7.990000000000000000e+02
7.990000000000000000e+02
7.990000000000000000e+02
7.990000000000000000e+02
1.239000000000000000e+03
1.239000000000000000e+03
1.239000000000000000e+03
1.239000000000000000e+03
1.239000000000000000e+03
8.316000000000000000e+03
9.000000000000000000e+01
9.000000000000000000e+01
9.000000000000000000e+01
9.000000000000000000e+01
1.758000000000000000e+03
1.758000000000000000e+03
1.758000000000000000e+03
1.758000000000000000e+03
1.758000000000000000e+03
1.758000000000000000e+03
6.320000000000000000e+02
6.320000000000000000e+02
6.320000000000000000e+02
6.320000000000000000e+02
6.320000000000000000e+02
6.320000000000000000e+02
6.320000000000000000e+02
6.320000000000000000e+02
6.320000000000000000e+02
6.320000000000000000e+02
6.320000000000000000e+02
6.320000000000000000e+02
6.320000000000000000e+02
6.320000000000000000e+02
6.320000000000000000e+02
6.320000000000000000e+02
8.688000000000000000e+03
1.607000000000000000e+03
1.280000000000000000e+02
1.280000000000000000e+02
1.280000000000000000e+02
1.280000000000000000e+02
1.280000000000000000e+02
1.280000000000000000e+02
1.280000000000000000e+02
1.280000000000000000e+02
1.280000000000000000e+02
1.280000000000000000e+02
1.280000000000000000e+02
1.280000000000000000e+02
1.280000000000000000e+02
1.280000000000000000e+02
1.280000000000000000e+02
1.280000000000000000e+02
1.280000000000000000e+02
1.280000000000000000e+02
1.280000000000000000e+02
1.280000000000000000e+02
1.280000000000000000e+02
1.300000000000000000e+02
1.300000000000000000e+02
2.480000000000000000e+02
2.480000000000000000e+02
2.480000000000000000e+02
2.480000000000000000e+02
2.480000000000000000e+02
1.310000000000000000e+02
1.465200000000000000e+04
1.465200000000000000e+04
1.465200000000000000e+04
1.465200000000000000e+04
2.490000000000000000e+02
2.490000000000000000e+02
2.490000000000000000e+02
2.490000000000000000e+02
2.490000000000000000e+02
2.490000000000000000e+02
2.490000000000000000e+02
2.490000000000000000e+02
2.490000000000000000e+02
2.490000000000000000e+02
2.490000000000000000e+02
2.490000000000000000e+02
1.497700000000000000e+04
1.460000000000000000e+02
1.003000000000000000e+03
7.990000000000000000e+02
7.990000000000000000e+02
7.990000000000000000e+02
7.990000000000000000e+02
7.990000000000000000e+02
7.990000000000000000e+02
7.990000000000000000e+02
7.990000000000000000e+02
7.990000000000000000e+02
7.990000000000000000e+02
7.990000000000000000e+02
7.990000000000000000e+02
7.990000000000000000e+02
7.990000000000000000e+02
7.990000000000000000e+02
7.990000000000000000e+02
7.990000000000000000e+02
7.990000000000000000e+02
7.990000000000000000e+02
7.990000000000000000e+02
7.990000000000000000e+02
7.990000000000000000e+02
2.970000000000000000e+02
2.970000000000000000e+02
1.280000000000000000e+02
1.280000000000000000e+02
1.280000000000000000e+02
1.280000000000000000e+02
1.280000000000000000e+02
1.280000000000000000e+02
1.280000000000000000e+02
1.280000000000000000e+02
1.280000000000000000e+02
1.280000000000000000e+02
1.280000000000000000e+02
1.280000000000000000e+02
1.280000000000000000e+02
1.280000000000000000e+02
1.280000000000000000e+02
1.280000000000000000e+02
1.280000000000000000e+02
1.280000000000000000e+02
1.280000000000000000e+02
1.280000000000000000e+02
1.280000000000000000e+02
1.080000000000000000e+02
1.485000000000000000e+03
1.485000000000000000e+03
1.485000000000000000e+03
2.490000000000000000e+02
2.490000000000000000e+02
2.490000000000000000e+02
2.490000000000000000e+02
2.490000000000000000e+02
2.490000000000000000e+02
2.490000000000000000e+02
2.490000000000000000e+02
2.490000000000000000e+02
2.490000000000000000e+02
2.490000000000000000e+02
2.490000000000000000e+02
1.130000000000000000e+03
1.130000000000000000e+03
3.550000000000000000e+02
3.550000000000000000e+02
3.550000000000000000e+02
9.483000000000000000e+03
1.468200000000000000e+04
1.505800000000000000e+04
1.506700000000000000e+04
1.563300000000000000e+04
1.574600000000000000e+04
1.574600000000000000e+04
1.574600000000000000e+04
1.574600000000000000e+04
1.574600000000000000e+04
1.574600000000000000e+04
1.574600000000000000e+04
1.574600000000000000e+04
1.574600000000000000e+04
1.574600000000000000e+04
1.574600000000000000e+04
2.428000000000000000e+03
2.428000000000000000e+03
2.428000000000000000e+03
2.428000000000000000e+03
2.428000000000000000e+03
2.428000000000000000e+03
4.765000000000000000e+03
4.765000000000000000e+03
4.765000000000000000e+03
4.765000000000000000e+03
4.765000000000000000e+03
4.765000000000000000e+03
4.765000000000000000e+03
4.765000000000000000e+03
4.765000000000000000e+03
4.765000000000000000e+03
4.765000000000000000e+03
1.535700000000000000e+04
1.692000000000000000e+03
1.692000000000000000e+03
1.692000000000000000e+03
1.692000000000000000e+03
1.692000000000000000e+03
1.692000000000000000e+03
1.692000000000000000e+03
1.692000000000000000e+03
1.692000000000000000e+03
1.692000000000000000e+03
1.692000000000000000e+03
1.692000000000000000e+03
1.692000000000000000e+03
1.692000000000000000e+03
1.692000000000000000e+03
1.692000000000000000e+03
1.589400000000000000e+04
1.692000000000000000e+03
1.692000000000000000e+03
1.692000000000000000e+03
1.692000000000000000e+03
1.692000000000000000e+03
1.692000000000000000e+03
1.692000000000000000e+03
1.692000000000000000e+03
1.692000000000000000e+03
1.692000000000000000e+03
1.692000000000000000e+03
1.692000000000000000e+03
1.692000000000000000e+03
1.692000000000000000e+03
1.692000000000000000e+03
1.692000000000000000e+03
1.692000000000000000e+03
1.692000000000000000e+03
1.692000000000000000e+03
1.692000000000000000e+03
1.692000000000000000e+03
1.692000000000000000e+03
1.692000000000000000e+03
1.692000000000000000e+03
1.692000000000000000e+03
1.692000000000000000e+03
1.692000000000000000e+03
1.692000000000000000e+03
1.692000000000000000e+03
1.692000000000000000e+03
1.692000000000000000e+03
1.692000000000000000e+03
1.692000000000000000e+03
1.692000000000000000e+03
1.692000000000000000e+03
1.692000000000000000e+03
1.692000000000000000e+03
1.692000000000000000e+03
1.692000000000000000e+03
1.692000000000000000e+03
1.692000000000000000e+03
1.692000000000000000e+03
1.692000000000000000e+03
1.692000000000000000e+03
1.692000000000000000e+03
1.692000000000000000e+03
1.692000000000000000e+03
1.692000000000000000e+03
1.601100000000000000e+04
1.601100000000000000e+04
1.546100000000000000e+04
1.546100000000000000e+04
8.685000000000000000e+03
4.590000000000000000e+02
1.577800000000000000e+04
1.577800000000000000e+04
1.577800000000000000e+04
1.577800000000000000e+04
1.082000000000000000e+03
1.082000000000000000e+03
1.432000000000000000e+03
1.432000000000000000e+03
1.432000000000000000e+03
1.586600000000000000e+04
1.586600000000000000e+04
1.882700000000000000e+04
1.882700000000000000e+04
2.540000000000000000e+02
2.226000000000000000e+03
2.226000000000000000e+03
3.781000000000000000e+03
3.781000000000000000e+03
3.781000000000000000e+03
1.614700000000000000e+04
1.829200000000000000e+04
1.800000000000000000e+03
2.090000000000000000e+02
2.090000000000000000e+02
2.090000000000000000e+02
2.090000000000000000e+02
2.090000000000000000e+02
2.090000000000000000e+02
2.090000000000000000e+02
2.090000000000000000e+02
1.651400000000000000e+04
1.651500000000000000e+04
1.692000000000000000e+03
1.692000000000000000e+03
1.692000000000000000e+03
1.692000000000000000e+03
1.692000000000000000e+03
1.692000000000000000e+03
1.692000000000000000e+03
1.692000000000000000e+03
1.692000000000000000e+03
1.692000000000000000e+03
1.692000000000000000e+03
1.692000000000000000e+03
1.692000000000000000e+03
1.692000000000000000e+03
1.692000000000000000e+03
1.692000000000000000e+03
1.400000000000000000e+02
1.400000000000000000e+02
1.400000000000000000e+02
1.400000000000000000e+02
6.810000000000000000e+02
6.810000000000000000e+02
6.810000000000000000e+02
6.810000000000000000e+02
6.810000000000000000e+02
6.810000000000000000e+02
6.810000000000000000e+02
6.810000000000000000e+02
2.630000000000000000e+02
2.630000000000000000e+02
2.630000000000000000e+02
7.930000000000000000e+02
9.460000000000000000e+02
1.662000000000000000e+03
2.858000000000000000e+03
7.880000000000000000e+02
7.880000000000000000e+02
1.241000000000000000e+03
5.280000000000000000e+02
6.260000000000000000e+02
6.260000000000000000e+02
2.527000000000000000e+03
2.527000000000000000e+03
2.527000000000000000e+03
1.606600000000000000e+04
1.606600000000000000e+04
1.606600000000000000e+04
1.230000000000000000e+02
1.240000000000000000e+02
1.270000000000000000e+02
1.042000000000000000e+03
1.424000000000000000e+03
6.700000000000000000e+01
3.735000000000000000e+03
1.706000000000000000e+03
1.706000000000000000e+03
1.810000000000000000e+03
1.810000000000000000e+03
1.810000000000000000e+03
1.918000000000000000e+03
6.060000000000000000e+02
9.500000000000000000e+02
1.470000000000000000e+02
9.690000000000000000e+02
9.690000000000000000e+02
3.801000000000000000e+03
3.801000000000000000e+03
8.600000000000000000e+02
8.600000000000000000e+02
1.653000000000000000e+03
1.653000000000000000e+03
1.653000000000000000e+03
1.653000000000000000e+03
1.653000000000000000e+03
1.653000000000000000e+03
1.653000000000000000e+03
4.510000000000000000e+02
3.271000000000000000e+03
3.271000000000000000e+03
3.271000000000000000e+03
7.960000000000000000e+02
7.960000000000000000e+02
3.431000000000000000e+03
1.803000000000000000e+03
5.300000000000000000e+01
5.300000000000000000e+01
5.300000000000000000e+01
5.300000000000000000e+01
5.300000000000000000e+01
5.300000000000000000e+01
9.620000000000000000e+02
9.620000000000000000e+02
9.620000000000000000e+02
9.620000000000000000e+02
1.010000000000000000e+02
1.955000000000000000e+03
1.955000000000000000e+03
1.955000000000000000e+03
1.955000000000000000e+03
1.955000000000000000e+03
3.637000000000000000e+03
3.635000000000000000e+03
9.570000000000000000e+02
9.570000000000000000e+02
1.761000000000000000e+03
1.761000000000000000e+03
1.867000000000000000e+03
1.898100000000000000e+04
6.810000000000000000e+02
6.810000000000000000e+02
6.810000000000000000e+02
6.810000000000000000e+02
6.810000000000000000e+02
6.810000000000000000e+02
6.810000000000000000e+02
6.810000000000000000e+02
8.730000000000000000e+02
8.730000000000000000e+02
8.730000000000000000e+02
8.730000000000000000e+02
8.730000000000000000e+02
1.652000000000000000e+03
1.652000000000000000e+03
1.652000000000000000e+03
1.652000000000000000e+03
1.652000000000000000e+03
1.652000000000000000e+03
1.652000000000000000e+03
1.494000000000000000e+03
1.494000000000000000e+03
2.750000000000000000e+02
2.750000000000000000e+02
2.750000000000000000e+02
2.750000000000000000e+02
1.000000000000000000e+03
1.000000000000000000e+03
1.924000000000000000e+03
2.535000000000000000e+03
7.700000000000000000e+01
5.349000000000000000e+03
5.349000000000000000e+03
5.349000000000000000e+03
5.349000000000000000e+03
5.349000000000000000e+03
5.349000000000000000e+03
5.349000000000000000e+03
5.349000000000000000e+03
5.349000000000000000e+03
5.349000000000000000e+03
1.126000000000000000e+03
1.126000000000000000e+03
2.780000000000000000e+02
2.780000000000000000e+02
3.474000000000000000e+03
2.362000000000000000e+03
6.550000000000000000e+02
6.550000000000000000e+02
1.110000000000000000e+02
6.110000000000000000e+02
3.594000000000000000e+03
1.465000000000000000e+03
1.940000000000000000e+03
3.809000000000000000e+03
3.809000000000000000e+03
3.809000000000000000e+03
3.778000000000000000e+03
7.680000000000000000e+02
4.320000000000000000e+02
4.320000000000000000e+02
4.320000000000000000e+02
8.730000000000000000e+02
8.730000000000000000e+02
8.730000000000000000e+02
8.730000000000000000e+02
8.730000000000000000e+02
1.433000000000000000e+03
1.857000000000000000e+03
1.117500000000000000e+04
1.117500000000000000e+04
1.933000000000000000e+03
4.719000000000000000e+03
2.227000000000000000e+03
2.227000000000000000e+03
2.225000000000000000e+03
2.225000000000000000e+03
2.232000000000000000e+03
1.928000000000000000e+03
1.929000000000000000e+03
1.929000000000000000e+03
1.925000000000000000e+03
8.963000000000000000e+03
8.310000000000000000e+02
8.310000000000000000e+02
6.445000000000000000e+03
6.445000000000000000e+03
6.445000000000000000e+03
6.445000000000000000e+03
6.445000000000000000e+03
6.445000000000000000e+03
6.445000000000000000e+03
9.120000000000000000e+02
9.790000000000000000e+02
9.790000000000000000e+02
7.500000000000000000e+01
7.500000000000000000e+01
1.684100000000000000e+04
3.600000000000000000e+01
3.600000000000000000e+01
3.600000000000000000e+01
3.621000000000000000e+03
3.621000000000000000e+03
1.129000000000000000e+03
3.473000000000000000e+03
3.638000000000000000e+03
3.750000000000000000e+03
1.626000000000000000e+03
7.700000000000000000e+01
6.160000000000000000e+02
5.900000000000000000e+01
5.900000000000000000e+01
5.900000000000000000e+01
5.900000000000000000e+01
5.900000000000000000e+01
5.900000000000000000e+01
5.900000000000000000e+01
5.900000000000000000e+01
5.900000000000000000e+01
5.900000000000000000e+01
5.900000000000000000e+01
5.900000000000000000e+01
5.000000000000000000e+00
5.000000000000000000e+00
5.000000000000000000e+00
1.968000000000000000e+03
5.343000000000000000e+03
5.343000000000000000e+03
5.343000000000000000e+03
5.343000000000000000e+03
7.000000000000000000e+02
6.450000000000000000e+02
6.450000000000000000e+02
9.430000000000000000e+02
9.430000000000000000e+02
3.639000000000000000e+03
1.885000000000000000e+03
1.685000000000000000e+03
1.007000000000000000e+03
1.270000000000000000e+02
1.240000000000000000e+02
1.230000000000000000e+02
1.260000000000000000e+02
6.044000000000000000e+03
6.044000000000000000e+03
7.050000000000000000e+02
1.236000000000000000e+03
1.236000000000000000e+03
7.030000000000000000e+02
5.200000000000000000e+01
5.200000000000000000e+01
5.200000000000000000e+01
1.330000000000000000e+02
1.817000000000000000e+03
1.207000000000000000e+03
1.207000000000000000e+03
1.207000000000000000e+03
1.207000000000000000e+03
1.207000000000000000e+03
1.340000000000000000e+02
3.220000000000000000e+02
1.126000000000000000e+03
1.126000000000000000e+03
3.900000000000000000e+02
1.737000000000000000e+03
1.737000000000000000e+03
1.908000000000000000e+03
1.908000000000000000e+03
6.550000000000000000e+02
6.550000000000000000e+02
1.626000000000000000e+03
4.320000000000000000e+02
4.320000000000000000e+02
4.320000000000000000e+02
9.450000000000000000e+02
9.450000000000000000e+02
9.450000000000000000e+02
9.730000000000000000e+02
6.700000000000000000e+01
1.711000000000000000e+03
1.591000000000000000e+03
1.627000000000000000e+03
1.495000000000000000e+03
1.495000000000000000e+03
1.495000000000000000e+03
1.495000000000000000e+03
7.320000000000000000e+03
1.736000000000000000e+03
2.517000000000000000e+03
1.710300000000000000e+04
1.721800000000000000e+04
1.076400000000000000e+04
8.580000000000000000e+02
1.256000000000000000e+03
1.256000000000000000e+03
1.784000000000000000e+03
1.784000000000000000e+03
6.041000000000000000e+03
1.790000000000000000e+03
3.630000000000000000e+02
1.953000000000000000e+03
9.472000000000000000e+03
9.472000000000000000e+03
1.768600000000000000e+04
1.768600000000000000e+04
1.533000000000000000e+03
3.400000000000000000e+02
3.390000000000000000e+02
3.300000000000000000e+02
3.810000000000000000e+02
5.480000000000000000e+02
5.480000000000000000e+02
1.400000000000000000e+01
1.640000000000000000e+03
1.640000000000000000e+03
4.810000000000000000e+02
9.471000000000000000e+03
8.520000000000000000e+02
8.520000000000000000e+02
6.726000000000000000e+03
1.772300000000000000e+04
1.772300000000000000e+04
1.772300000000000000e+04
3.200000000000000000e+01
3.200000000000000000e+01
1.666000000000000000e+03
4.073000000000000000e+03
4.073000000000000000e+03
1.495000000000000000e+03
1.495000000000000000e+03
1.495000000000000000e+03
1.495000000000000000e+03
5.713000000000000000e+03
5.713000000000000000e+03
4.073000000000000000e+03
4.073000000000000000e+03
1.666000000000000000e+03
8.470000000000000000e+02
8.470000000000000000e+02
8.470000000000000000e+02
8.540000000000000000e+02
6.260000000000000000e+02
6.260000000000000000e+02
1.400000000000000000e+01
2.228000000000000000e+03
1.578500000000000000e+04
1.638000000000000000e+03
1.608000000000000000e+03
1.698000000000000000e+03
7.930000000000000000e+02
1.400000000000000000e+01
6.810000000000000000e+02
6.810000000000000000e+02
6.810000000000000000e+02
6.810000000000000000e+02
6.810000000000000000e+02
6.810000000000000000e+02
6.810000000000000000e+02
6.810000000000000000e+02
5.349000000000000000e+03
5.349000000000000000e+03
5.349000000000000000e+03
5.349000000000000000e+03
5.349000000000000000e+03
5.349000000000000000e+03
5.349000000000000000e+03
5.349000000000000000e+03
5.349000000000000000e+03
5.349000000000000000e+03
7.400000000000000000e+01
7.400000000000000000e+01
7.400000000000000000e+01
6.260000000000000000e+02
6.260000000000000000e+02
1.147300000000000000e+04
1.147200000000000000e+04
4.570000000000000000e+02
4.570000000000000000e+02
9.980000000000000000e+02
6.966000000000000000e+03
6.966000000000000000e+03
7.630000000000000000e+02
1.350000000000000000e+02
1.350000000000000000e+02
1.350000000000000000e+02
2.614000000000000000e+03
1.802800000000000000e+04
1.803000000000000000e+04
1.798900000000000000e+04
1.798900000000000000e+04
1.798900000000000000e+04
1.930200000000000000e+04
6.153000000000000000e+03
2.230000000000000000e+03
2.189000000000000000e+03
5.936000000000000000e+03
5.936000000000000000e+03
8.510000000000000000e+02
8.260000000000000000e+02
8.260000000000000000e+02
8.260000000000000000e+02
8.260000000000000000e+02
1.640000000000000000e+03
1.640000000000000000e+03
4.570000000000000000e+02
4.570000000000000000e+02
1.802900000000000000e+04
1.811800000000000000e+04
1.828900000000000000e+04
1.828900000000000000e+04
2.860000000000000000e+02
2.860000000000000000e+02
2.860000000000000000e+02
2.860000000000000000e+02
1.796000000000000000e+03
1.796000000000000000e+03
6.150000000000000000e+02
6.150000000000000000e+02
6.150000000000000000e+02
6.150000000000000000e+02
6.150000000000000000e+02
6.150000000000000000e+02
6.150000000000000000e+02
6.150000000000000000e+02
1.400000000000000000e+02
1.400000000000000000e+02
1.400000000000000000e+02
1.400000000000000000e+02
7.400000000000000000e+01
7.400000000000000000e+01
7.400000000000000000e+01
1.912000000000000000e+03
1.626000000000000000e+03
1.754000000000000000e+03
1.754000000000000000e+03
3.707000000000000000e+03
3.707000000000000000e+03
1.953000000000000000e+03
1.912000000000000000e+03
8.650000000000000000e+02
1.068000000000000000e+04
1.068000000000000000e+04
1.068000000000000000e+04
3.381000000000000000e+03
3.381000000000000000e+03
3.381000000000000000e+03
3.381000000000000000e+03
3.381000000000000000e+03
3.381000000000000000e+03
3.464000000000000000e+03
1.450000000000000000e+02
1.821000000000000000e+03
1.821000000000000000e+03
3.269000000000000000e+03
2.850000000000000000e+02
2.850000000000000000e+02
1.707000000000000000e+03
1.915000000000000000e+03
1.752000000000000000e+03
1.752000000000000000e+03
6.400000000000000000e+02
1.754000000000000000e+03
1.754000000000000000e+03
1.791000000000000000e+03
1.438000000000000000e+03
1.438000000000000000e+03
1.560000000000000000e+02
3.752000000000000000e+03
1.829100000000000000e+04
1.838300000000000000e+04
1.838300000000000000e+04
1.380000000000000000e+02
1.139000000000000000e+03
1.139000000000000000e+03
4.660000000000000000e+02
1.880000000000000000e+04
1.880000000000000000e+04
2.086200000000000000e+04
2.086200000000000000e+04
1.971000000000000000e+03
3.526000000000000000e+03
3.526000000000000000e+03
1.918000000000000000e+04
1.922100000000000000e+04
1.922100000000000000e+04
1.922100000000000000e+04
1.929000000000000000e+04
5.900000000000000000e+01
5.900000000000000000e+01
5.900000000000000000e+01
5.900000000000000000e+01
5.900000000000000000e+01
5.900000000000000000e+01
5.900000000000000000e+01
5.900000000000000000e+01
5.900000000000000000e+01
5.900000000000000000e+01
5.900000000000000000e+01
5.900000000000000000e+01
1.795000000000000000e+03
1.785000000000000000e+03
1.785000000000000000e+03
1.929100000000000000e+04
7.990000000000000000e+02
7.990000000000000000e+02
7.990000000000000000e+02
7.990000000000000000e+02
7.990000000000000000e+02
7.990000000000000000e+02
7.990000000000000000e+02
7.990000000000000000e+02
7.990000000000000000e+02
7.990000000000000000e+02
7.990000000000000000e+02
7.990000000000000000e+02
7.990000000000000000e+02
7.990000000000000000e+02
7.990000000000000000e+02
7.990000000000000000e+02
7.990000000000000000e+02
7.990000000000000000e+02
7.990000000000000000e+02
7.990000000000000000e+02
7.990000000000000000e+02
7.990000000000000000e+02
9.920000000000000000e+02
1.003000000000000000e+03
6.132000000000000000e+03
7.990000000000000000e+02
7.990000000000000000e+02
7.990000000000000000e+02
7.990000000000000000e+02
7.990000000000000000e+02
7.990000000000000000e+02
7.990000000000000000e+02
7.990000000000000000e+02
7.990000000000000000e+02
7.990000000000000000e+02
7.990000000000000000e+02
7.990000000000000000e+02
7.990000000000000000e+02
7.990000000000000000e+02
7.990000000000000000e+02
7.990000000000000000e+02
7.990000000000000000e+02
7.990000000000000000e+02
7.990000000000000000e+02
7.990000000000000000e+02
7.990000000000000000e+02
7.990000000000000000e+02
6.131000000000000000e+03
9.950000000000000000e+02
4.487000000000000000e+03
4.487000000000000000e+03
4.487000000000000000e+03
1.577700000000000000e+04
1.772200000000000000e+04
1.772200000000000000e+04
1.772200000000000000e+04
1.980300000000000000e+04
2.200300000000000000e+04
3.800000000000000000e+02
1.473100000000000000e+04
1.473100000000000000e+04
1.473100000000000000e+04
1.473100000000000000e+04
1.473100000000000000e+04
9.471000000000000000e+03
2.003500000000000000e+04
2.045500000000000000e+04
2.042900000000000000e+04
9.788000000000000000e+03
1.426000000000000000e+03
1.426000000000000000e+03
1.426000000000000000e+03
1.426000000000000000e+03
1.426000000000000000e+03
1.426000000000000000e+03
1.214000000000000000e+03
1.214000000000000000e+03
1.152900000000000000e+04
1.152900000000000000e+04
2.088100000000000000e+04
2.088100000000000000e+04
2.088100000000000000e+04
2.088100000000000000e+04
2.088100000000000000e+04
2.088100000000000000e+04
2.088100000000000000e+04
2.088100000000000000e+04
2.088100000000000000e+04
2.088100000000000000e+04
2.088100000000000000e+04
2.088100000000000000e+04
2.088100000000000000e+04
1.601100000000000000e+04
1.601100000000000000e+04
1.387700000000000000e+04
8.400000000000000000e+02
2.105300000000000000e+04
1.387700000000000000e+04
2.102900000000000000e+04
8.968000000000000000e+03
1.387700000000000000e+04
5.600000000000000000e+02
1.520000000000000000e+03
1.520000000000000000e+03
2.870000000000000000e+02
2.870000000000000000e+02
2.870000000000000000e+02
2.870000000000000000e+02
2.870000000000000000e+02
2.870000000000000000e+02
2.870000000000000000e+02
6.320000000000000000e+02
6.320000000000000000e+02
6.320000000000000000e+02
6.320000000000000000e+02
6.320000000000000000e+02
6.320000000000000000e+02
6.320000000000000000e+02
6.320000000000000000e+02
6.320000000000000000e+02
6.320000000000000000e+02
6.320000000000000000e+02
6.320000000000000000e+02
6.320000000000000000e+02
6.320000000000000000e+02
6.320000000000000000e+02
6.320000000000000000e+02
5.375000000000000000e+03
3.862000000000000000e+03
2.142000000000000000e+04
2.142000000000000000e+04
1.451000000000000000e+03
1.760000000000000000e+03
1.760000000000000000e+03
1.760000000000000000e+03
1.760000000000000000e+03
2.180200000000000000e+04
2.188300000000000000e+04
1.816000000000000000e+03
1.816000000000000000e+03
9.022000000000000000e+03
9.022000000000000000e+03
1.427400000000000000e+04
3.040000000000000000e+02
2.218600000000000000e+04
1.387500000000000000e+04
2.225200000000000000e+04
2.225200000000000000e+04
2.229200000000000000e+04
2.234500000000000000e+04
2.257000000000000000e+03
2.257000000000000000e+03
1.139100000000000000e+04
1.356600000000000000e+04
1.356600000000000000e+04
