3.743000000000000000e+03
9.022000000000000000e+03
9.022000000000000000e+03
7.407000000000000000e+03
7.407000000000000000e+03
7.407000000000000000e+03
7.407000000000000000e+03
7.407000000000000000e+03
7.407000000000000000e+03
7.407000000000000000e+03
7.407000000000000000e+03
7.407000000000000000e+03
7.407000000000000000e+03
7.407000000000000000e+03
7.407000000000000000e+03
1.081000000000000000e+03
1.081000000000000000e+03
1.081000000000000000e+03
1.081000000000000000e+03
1.081000000000000000e+03
1.081000000000000000e+03
1.081000000000000000e+03
1.081000000000000000e+03
1.081000000000000000e+03
1.081000000000000000e+03
1.081000000000000000e+03
1.081000000000000000e+03
1.081000000000000000e+03
9.490000000000000000e+02
7.000000000000000000e+02
2.428000000000000000e+03
2.428000000000000000e+03
2.428000000000000000e+03
2.428000000000000000e+03
2.428000000000000000e+03
2.428000000000000000e+03
1.585000000000000000e+03
1.270000000000000000e+03
1.270000000000000000e+03
1.835000000000000000e+03
1.835000000000000000e+03
1.835000000000000000e+03
2.342000000000000000e+03
2.342000000000000000e+03
2.342000000000000000e+03
2.342000000000000000e+03
1.885000000000000000e+03
1.424000000000000000e+03
1.237300000000000000e+04
1.237300000000000000e+04
1.237300000000000000e+04
3.783000000000000000e+03
3.783000000000000000e+03
3.783000000000000000e+03
3.783000000000000000e+03
3.783000000000000000e+03
3.783000000000000000e+03
3.783000000000000000e+03
3.783000000000000000e+03
3.783000000000000000e+03
3.783000000000000000e+03
3.783000000000000000e+03
3.783000000000000000e+03
2.428000000000000000e+03
2.428000000000000000e+03
2.428000000000000000e+03
2.428000000000000000e+03
2.428000000000000000e+03
2.428000000000000000e+03
1.489000000000000000e+03
1.489000000000000000e+03
1.489000000000000000e+03
1.006000000000000000e+03
4.516000000000000000e+03
1.237300000000000000e+04
1.237300000000000000e+04
1.237300000000000000e+04
1.784000000000000000e+03
1.784000000000000000e+03
1.785000000000000000e+03
1.785000000000000000e+03
5.900000000000000000e+01
5.900000000000000000e+01
5.900000000000000000e+01
5.900000000000000000e+01
5.900000000000000000e+01
5.900000000000000000e+01
5.900000000000000000e+01
5.900000000000000000e+01
5.900000000000000000e+01
5.900000000000000000e+01
5.900000000000000000e+01
5.900000000000000000e+01
1.119000000000000000e+03
1.119000000000000000e+03
1.119000000000000000e+03
1.119000000000000000e+03
1.119000000000000000e+03
1.119000000000000000e+03
1.119000000000000000e+03
1.119000000000000000e+03
1.834000000000000000e+03
1.077000000000000000e+03
1.077000000000000000e+03
8.450000000000000000e+02
8.450000000000000000e+02
8.450000000000000000e+02
9.390000000000000000e+02
9.390000000000000000e+02
9.390000000000000000e+02
1.854000000000000000e+03
1.854000000000000000e+03
6.250000000000000000e+02
6.250000000000000000e+02
1.243000000000000000e+03
1.243000000000000000e+03
1.719000000000000000e+03
2.564000000000000000e+03
2.564000000000000000e+03
9.680000000000000000e+03
9.680000000000000000e+03
9.680000000000000000e+03
1.409000000000000000e+03
8.450000000000000000e+02
8.450000000000000000e+02
8.450000000000000000e+02
6.570000000000000000e+02
1.934000000000000000e+03
1.176000000000000000e+03
1.176000000000000000e+03
1.176000000000000000e+03
1.270000000000000000e+03
1.270000000000000000e+03
8.800000000000000000e+01
8.800000000000000000e+01
1.897000000000000000e+03
1.897000000000000000e+03
9.510000000000000000e+02
9.510000000000000000e+02
2.080000000000000000e+02
2.080000000000000000e+02
2.080000000000000000e+02
2.080000000000000000e+02
2.080000000000000000e+02
2.080000000000000000e+02
2.080000000000000000e+02
2.080000000000000000e+02
2.080000000000000000e+02
2.080000000000000000e+02
2.080000000000000000e+02
2.080000000000000000e+02
2.080000000000000000e+02
2.080000000000000000e+02
2.080000000000000000e+02
2.080000000000000000e+02
2.080000000000000000e+02
2.080000000000000000e+02
2.080000000000000000e+02
1.868000000000000000e+03
2.310000000000000000e+02
2.310000000000000000e+02
6.840000000000000000e+02
6.840000000000000000e+02
6.840000000000000000e+02
1.809000000000000000e+03
6.480000000000000000e+02
1.662000000000000000e+03
2.620000000000000000e+02
9.270000000000000000e+02
6.920000000000000000e+03
8.490000000000000000e+02
6.000000000000000000e+02
6.000000000000000000e+02
3.426000000000000000e+03
3.426000000000000000e+03
3.426000000000000000e+03
1.495000000000000000e+03
1.495000000000000000e+03
1.495000000000000000e+03
1.495000000000000000e+03
1.737000000000000000e+03
1.737000000000000000e+03
1.624000000000000000e+03
1.624000000000000000e+03
1.624000000000000000e+03
1.624000000000000000e+03
8.000000000000000000e+02
6.020000000000000000e+02
6.020000000000000000e+02
7.600000000000000000e+02
7.600000000000000000e+02
7.600000000000000000e+02
7.600000000000000000e+02
7.600000000000000000e+02
7.600000000000000000e+02
7.600000000000000000e+02
1.225100000000000000e+04
6.150000000000000000e+02
6.150000000000000000e+02
6.150000000000000000e+02
6.150000000000000000e+02
1.808000000000000000e+03
1.808000000000000000e+03
1.754000000000000000e+03
1.754000000000000000e+03
6.560000000000000000e+02
6.560000000000000000e+02
4.069000000000000000e+03
1.495000000000000000e+03
1.495000000000000000e+03
1.495000000000000000e+03
1.495000000000000000e+03
1.883000000000000000e+03
1.303800000000000000e+04
1.303800000000000000e+04
2.338000000000000000e+03
2.338000000000000000e+03
2.338000000000000000e+03
2.338000000000000000e+03
1.689000000000000000e+03
6.168000000000000000e+03
6.168000000000000000e+03
6.168000000000000000e+03
1.887000000000000000e+03
6.100000000000000000e+02
6.090000000000000000e+02
1.175400000000000000e+04
1.175400000000000000e+04
1.175400000000000000e+04
1.945000000000000000e+03
6.880000000000000000e+02
1.374700000000000000e+04
1.374700000000000000e+04
9.950000000000000000e+02
1.095000000000000000e+03
8.120000000000000000e+02
8.120000000000000000e+02
8.120000000000000000e+02
8.120000000000000000e+02
8.120000000000000000e+02
8.120000000000000000e+02
8.120000000000000000e+02
1.340000000000000000e+02
7.910000000000000000e+02
2.341000000000000000e+03
2.341000000000000000e+03
2.341000000000000000e+03
2.341000000000000000e+03
6.020000000000000000e+02
6.020000000000000000e+02
1.465200000000000000e+04
1.465200000000000000e+04
8.120000000000000000e+02
8.120000000000000000e+02
8.120000000000000000e+02
8.120000000000000000e+02
8.120000000000000000e+02
8.120000000000000000e+02
8.120000000000000000e+02
2.337000000000000000e+03
2.337000000000000000e+03
2.337000000000000000e+03
2.337000000000000000e+03
1.613000000000000000e+03
1.710300000000000000e+04
9.903000000000000000e+03
3.524000000000000000e+03
3.524000000000000000e+03
7.940000000000000000e+02
7.930000000000000000e+02
6.770000000000000000e+02
6.153000000000000000e+03
9.500000000000000000e+02
3.527000000000000000e+03
3.527000000000000000e+03
8.730000000000000000e+02
8.730000000000000000e+02
8.730000000000000000e+02
8.730000000000000000e+02
8.730000000000000000e+02
1.817000000000000000e+03
8.950000000000000000e+02
8.950000000000000000e+02
2.493000000000000000e+03
1.175200000000000000e+04
1.175200000000000000e+04
1.085000000000000000e+03
9.474000000000000000e+03
7.407000000000000000e+03
7.407000000000000000e+03
7.407000000000000000e+03
7.407000000000000000e+03
7.407000000000000000e+03
7.407000000000000000e+03
7.407000000000000000e+03
7.407000000000000000e+03
7.407000000000000000e+03
7.407000000000000000e+03
7.407000000000000000e+03
7.407000000000000000e+03
9.540000000000000000e+02
8.470000000000000000e+02
8.470000000000000000e+02
8.470000000000000000e+02
1.889000000000000000e+03
7.500000000000000000e+01
7.500000000000000000e+01
6.167000000000000000e+03
2.548000000000000000e+03
2.548000000000000000e+03
2.548000000000000000e+03
1.890000000000000000e+03
5.540000000000000000e+02
1.972000000000000000e+03
1.736000000000000000e+03
8.681000000000000000e+03
6.215000000000000000e+03
9.410000000000000000e+02
9.410000000000000000e+02
6.450000000000000000e+02
6.450000000000000000e+02
6.700000000000000000e+01
1.881000000000000000e+03
1.444100000000000000e+04
1.714000000000000000e+03
6.040000000000000000e+02
7.566000000000000000e+03
1.627000000000000000e+03
6.041000000000000000e+03
3.300000000000000000e+02
3.310000000000000000e+02
1.337800000000000000e+04
3.370000000000000000e+02
3.380000000000000000e+02
3.390000000000000000e+02
3.400000000000000000e+02
3.410000000000000000e+02
3.420000000000000000e+02
3.430000000000000000e+02
3.650000000000000000e+03
7.570000000000000000e+02
7.570000000000000000e+02
7.570000000000000000e+02
2.361000000000000000e+03
2.551000000000000000e+03
1.661000000000000000e+03
1.911000000000000000e+03
1.735000000000000000e+03
8.590000000000000000e+02
9.457000000000000000e+03
4.567000000000000000e+03
5.700000000000000000e+01
5.700000000000000000e+01
1.810000000000000000e+03
1.810000000000000000e+03
1.810000000000000000e+03
5.660000000000000000e+02
2.343000000000000000e+03
2.343000000000000000e+03
2.343000000000000000e+03
2.343000000000000000e+03
1.914000000000000000e+03
1.960000000000000000e+03
1.465000000000000000e+03
6.550000000000000000e+02
6.550000000000000000e+02
7.610000000000000000e+02
1.610000000000000000e+03
3.786000000000000000e+03
9.690000000000000000e+02
9.690000000000000000e+02
9.420000000000000000e+02
9.420000000000000000e+02
7.900000000000000000e+02
9.900000000000000000e+01
9.910000000000000000e+02
1.893000000000000000e+03
1.756000000000000000e+03
1.756000000000000000e+03
1.872000000000000000e+03
2.230000000000000000e+03
6.001000000000000000e+03
6.001000000000000000e+03
6.001000000000000000e+03
3.840000000000000000e+02
3.840000000000000000e+02
3.840000000000000000e+02
4.320000000000000000e+02
4.320000000000000000e+02
4.320000000000000000e+02
9.120000000000000000e+02
9.460000000000000000e+02
1.873000000000000000e+03
1.875000000000000000e+03
1.875000000000000000e+03
3.816000000000000000e+03
3.816000000000000000e+03
9.450000000000000000e+02
9.450000000000000000e+02
9.450000000000000000e+02
1.378900000000000000e+04
1.378900000000000000e+04
1.378900000000000000e+04
7.640000000000000000e+02
1.956000000000000000e+03
1.956000000000000000e+03
1.956000000000000000e+03
1.956000000000000000e+03
1.956000000000000000e+03
1.955000000000000000e+03
1.955000000000000000e+03
1.955000000000000000e+03
1.955000000000000000e+03
1.955000000000000000e+03
1.886000000000000000e+03
1.876000000000000000e+03
8.289000000000000000e+03
8.289000000000000000e+03
8.260000000000000000e+02
8.260000000000000000e+02
8.260000000000000000e+02
8.260000000000000000e+02
6.060000000000000000e+02
1.951000000000000000e+03
1.951000000000000000e+03
1.951000000000000000e+03
1.937000000000000000e+03
1.937000000000000000e+03
4.260000000000000000e+02
4.250000000000000000e+02
3.270000000000000000e+03
1.744000000000000000e+03
1.330000000000000000e+02
3.778000000000000000e+03
1.867000000000000000e+03
3.340000000000000000e+03
6.131000000000000000e+03
7.480000000000000000e+02
8.760000000000000000e+02
8.760000000000000000e+02
8.760000000000000000e+02
8.760000000000000000e+02
8.760000000000000000e+02
8.760000000000000000e+02
8.760000000000000000e+02
8.760000000000000000e+02
8.760000000000000000e+02
8.760000000000000000e+02
8.760000000000000000e+02
8.760000000000000000e+02
8.760000000000000000e+02
8.760000000000000000e+02
8.760000000000000000e+02
8.760000000000000000e+02
8.760000000000000000e+02
8.760000000000000000e+02
8.760000000000000000e+02
8.060000000000000000e+02
1.776000000000000000e+03
8.170000000000000000e+02
8.170000000000000000e+02
8.170000000000000000e+02
8.760000000000000000e+02
8.760000000000000000e+02
8.760000000000000000e+02
8.760000000000000000e+02
8.760000000000000000e+02
8.760000000000000000e+02
8.760000000000000000e+02
8.760000000000000000e+02
8.760000000000000000e+02
8.760000000000000000e+02
8.760000000000000000e+02
8.760000000000000000e+02
8.760000000000000000e+02
8.760000000000000000e+02
8.760000000000000000e+02
8.760000000000000000e+02
8.760000000000000000e+02
8.760000000000000000e+02
8.760000000000000000e+02
8.680000000000000000e+02
8.680000000000000000e+02
8.680000000000000000e+02
1.770000000000000000e+03
1.869000000000000000e+03
8.910000000000000000e+02
9.620000000000000000e+02
9.620000000000000000e+02
9.620000000000000000e+02
9.620000000000000000e+02
7.620000000000000000e+02
1.915000000000000000e+03
1.874000000000000000e+03
1.874000000000000000e+03
7.910000000000000000e+02
6.770000000000000000e+02
1.636300000000000000e+04
1.636300000000000000e+04
1.636300000000000000e+04
1.636300000000000000e+04
1.636300000000000000e+04
1.636300000000000000e+04
1.636300000000000000e+04
1.636300000000000000e+04
2.536000000000000000e+03
1.591000000000000000e+03
1.933000000000000000e+03
1.400000000000000000e+01
3.183000000000000000e+03
3.183000000000000000e+03
3.183000000000000000e+03
3.183000000000000000e+03
3.183000000000000000e+03
1.923000000000000000e+03
1.783000000000000000e+03
2.620000000000000000e+02
9.700000000000000000e+01
9.700000000000000000e+01
9.700000000000000000e+01
2.377000000000000000e+03
1.711000000000000000e+03
1.200000000000000000e+01
1.790000000000000000e+03
4.561000000000000000e+03
1.129000000000000000e+03
2.527000000000000000e+03
2.527000000000000000e+03
2.527000000000000000e+03
3.269000000000000000e+03
2.400000000000000000e+01
2.400000000000000000e+01
1.870000000000000000e+03
1.950000000000000000e+03
1.770000000000000000e+02
1.750000000000000000e+02
1.750000000000000000e+02
1.740000000000000000e+02
1.740000000000000000e+02
1.760000000000000000e+02
1.491000000000000000e+03
1.491000000000000000e+03
9.480000000000000000e+02
7.880000000000000000e+02
7.880000000000000000e+02
3.043000000000000000e+03
3.043000000000000000e+03
3.043000000000000000e+03
3.043000000000000000e+03
3.046000000000000000e+03
3.046000000000000000e+03
3.046000000000000000e+03
3.046000000000000000e+03
9.790000000000000000e+02
9.790000000000000000e+02
4.075000000000000000e+03
2.900000000000000000e+01
9.190000000000000000e+02
3.526000000000000000e+03
3.526000000000000000e+03
1.588000000000000000e+03
2.340000000000000000e+03
2.340000000000000000e+03
2.340000000000000000e+03
2.340000000000000000e+03
1.579000000000000000e+03
1.918000000000000000e+03
7.030000000000000000e+02
1.091000000000000000e+03
9.280000000000000000e+02
4.041000000000000000e+03
4.041000000000000000e+03
7.730000000000000000e+02
7.730000000000000000e+02
1.895000000000000000e+03
1.895000000000000000e+03
1.895000000000000000e+03
1.895000000000000000e+03
1.895000000000000000e+03
1.866000000000000000e+03
7.890000000000000000e+02
7.890000000000000000e+02
8.580000000000000000e+02
1.676000000000000000e+03
3.040000000000000000e+03
3.040000000000000000e+03
3.040000000000000000e+03
3.040000000000000000e+03
1.633000000000000000e+03
1.633000000000000000e+03
1.633000000000000000e+03
1.448000000000000000e+03
3.787000000000000000e+03
3.787000000000000000e+03
3.787000000000000000e+03
3.787000000000000000e+03
3.787000000000000000e+03
3.787000000000000000e+03
3.787000000000000000e+03
3.787000000000000000e+03
3.787000000000000000e+03
3.787000000000000000e+03
3.787000000000000000e+03
3.787000000000000000e+03
3.787000000000000000e+03
9.810000000000000000e+02
2.528000000000000000e+03
6.949000000000000000e+03
6.949000000000000000e+03
2.150000000000000000e+02
2.150000000000000000e+02
1.175300000000000000e+04
1.175300000000000000e+04
1.171700000000000000e+04
1.171700000000000000e+04
1.892000000000000000e+03
1.939000000000000000e+03
3.737000000000000000e+03
3.737000000000000000e+03
8.310000000000000000e+02
8.310000000000000000e+02
8.170000000000000000e+02
8.170000000000000000e+02
8.170000000000000000e+02
9.730000000000000000e+02
1.880000000000000000e+03
6.400000000000000000e+02
8.500000000000000000e+02
8.500000000000000000e+02
8.500000000000000000e+02
8.500000000000000000e+02
8.500000000000000000e+02
8.500000000000000000e+02
1.775000000000000000e+03
1.952000000000000000e+03
9.250000000000000000e+02
9.250000000000000000e+02
8.281000000000000000e+03
7.960000000000000000e+02
7.960000000000000000e+02
7.050000000000000000e+02
1.929000000000000000e+03
1.929000000000000000e+03
2.563000000000000000e+03
2.563000000000000000e+03
1.924000000000000000e+03
1.921000000000000000e+03
1.925000000000000000e+03
1.000000000000000000e+03
1.000000000000000000e+03
1.928000000000000000e+03
3.385000000000000000e+03
1.587600000000000000e+04
2.400000000000000000e+02
2.390000000000000000e+02
3.495000000000000000e+03
7.590000000000000000e+02
7.590000000000000000e+02
7.590000000000000000e+02
2.523000000000000000e+03
2.517000000000000000e+03
9.458000000000000000e+03
9.458000000000000000e+03
9.458000000000000000e+03
9.458000000000000000e+03
9.458000000000000000e+03
9.458000000000000000e+03
9.458000000000000000e+03
9.458000000000000000e+03
9.458000000000000000e+03
9.458000000000000000e+03
7.630000000000000000e+02
5.601000000000000000e+03
1.639000000000000000e+03
1.787000000000000000e+03
2.342000000000000000e+03
2.342000000000000000e+03
2.342000000000000000e+03
2.342000000000000000e+03
1.237300000000000000e+04
1.237300000000000000e+04
1.237300000000000000e+04
7.210000000000000000e+02
1.186000000000000000e+03
5.800000000000000000e+01
2.410000000000000000e+02
1.619000000000000000e+03
1.190000000000000000e+03
1.190000000000000000e+03
1.190000000000000000e+03
1.190000000000000000e+03
1.190000000000000000e+03
1.190000000000000000e+03
1.190000000000000000e+03
1.190000000000000000e+03
1.190000000000000000e+03
1.190000000000000000e+03
1.190000000000000000e+03
1.190000000000000000e+03
1.190000000000000000e+03
1.190000000000000000e+03
1.190000000000000000e+03
1.840000000000000000e+03
9.710000000000000000e+02
9.710000000000000000e+02
1.782800000000000000e+04
2.900000000000000000e+02
1.800000000000000000e+01
1.800000000000000000e+01
1.791000000000000000e+03
1.533000000000000000e+03
1.237300000000000000e+04
1.237300000000000000e+04
1.237300000000000000e+04
1.237300000000000000e+04
1.237300000000000000e+04
1.237300000000000000e+04
6.131000000000000000e+03
1.237300000000000000e+04
1.237300000000000000e+04
1.237300000000000000e+04
9.474000000000000000e+03
1.803000000000000000e+03
1.870700000000000000e+04
1.878500000000000000e+04
1.878500000000000000e+04
1.199100000000000000e+04
7.405000000000000000e+03
7.405000000000000000e+03
7.405000000000000000e+03
1.710000000000000000e+03
1.930200000000000000e+04
1.935500000000000000e+04
6.881000000000000000e+03
6.881000000000000000e+03
2.086600000000000000e+04
8.968000000000000000e+03
5.250000000000000000e+02
5.250000000000000000e+02
5.250000000000000000e+02
5.250000000000000000e+02
2.870000000000000000e+02
2.870000000000000000e+02
2.870000000000000000e+02
2.870000000000000000e+02
2.870000000000000000e+02
2.870000000000000000e+02
2.870000000000000000e+02
5.600000000000000000e+02
5.250000000000000000e+02
5.250000000000000000e+02
5.250000000000000000e+02
5.250000000000000000e+02
5.580000000000000000e+02
4.068000000000000000e+03
8.570000000000000000e+02
8.570000000000000000e+02
8.570000000000000000e+02
1.493000000000000000e+03
1.520000000000000000e+03
1.520000000000000000e+03
2.163600000000000000e+04
2.163600000000000000e+04
2.163600000000000000e+04
2.163600000000000000e+04
2.335000000000000000e+03
2.335000000000000000e+03
2.335000000000000000e+03
2.335000000000000000e+03
6.520000000000000000e+02
6.520000000000000000e+02
9.800000000000000000e+02
5.260000000000000000e+02
5.260000000000000000e+02
5.260000000000000000e+02
5.260000000000000000e+02
2.157400000000000000e+04
2.157400000000000000e+04
1.002600000000000000e+04
