1.796000000000000000e+03
1.796000000000000000e+03
1.374700000000000000e+04
1.374700000000000000e+04
1.784000000000000000e+03
1.784000000000000000e+03
1.965000000000000000e+03
2.303000000000000000e+03
3.527000000000000000e+03
3.527000000000000000e+03
1.912000000000000000e+03
1.951000000000000000e+03
1.951000000000000000e+03
1.951000000000000000e+03
1.735000000000000000e+03
8.910000000000000000e+02
3.644000000000000000e+03
3.644000000000000000e+03
2.536000000000000000e+03
1.171700000000000000e+04
1.171700000000000000e+04
4.487000000000000000e+03
4.487000000000000000e+03
4.487000000000000000e+03
3.100000000000000000e+01
3.100000000000000000e+01
3.100000000000000000e+01
2.431000000000000000e+03
8.640000000000000000e+02
6.150000000000000000e+02
6.150000000000000000e+02
6.150000000000000000e+02
6.150000000000000000e+02
6.150000000000000000e+02
6.150000000000000000e+02
6.150000000000000000e+02
6.150000000000000000e+02
8.963000000000000000e+03
2.080000000000000000e+02
2.080000000000000000e+02
2.080000000000000000e+02
2.080000000000000000e+02
2.080000000000000000e+02
2.080000000000000000e+02
2.080000000000000000e+02
2.080000000000000000e+02
2.080000000000000000e+02
2.080000000000000000e+02
2.080000000000000000e+02
2.080000000000000000e+02
2.080000000000000000e+02
2.080000000000000000e+02
2.080000000000000000e+02
2.080000000000000000e+02
2.080000000000000000e+02
2.080000000000000000e+02
2.080000000000000000e+02
6.470000000000000000e+02
6.470000000000000000e+02
6.470000000000000000e+02
6.470000000000000000e+02
6.470000000000000000e+02
6.470000000000000000e+02
6.470000000000000000e+02
6.470000000000000000e+02
6.470000000000000000e+02
6.470000000000000000e+02
1.716000000000000000e+03
1.716000000000000000e+03
1.716000000000000000e+03
1.716000000000000000e+03
1.716000000000000000e+03
1.716000000000000000e+03
1.716000000000000000e+03
1.716000000000000000e+03
8.120000000000000000e+02
8.120000000000000000e+02
8.120000000000000000e+02
8.120000000000000000e+02
8.120000000000000000e+02
8.120000000000000000e+02
8.120000000000000000e+02
2.493000000000000000e+03
2.528000000000000000e+03
9.700000000000000000e+01
9.700000000000000000e+01
9.700000000000000000e+01
1.255000000000000000e+03
1.255000000000000000e+03
2.339000000000000000e+03
2.339000000000000000e+03
2.339000000000000000e+03
2.339000000000000000e+03
1.443000000000000000e+03
8.310000000000000000e+02
8.310000000000000000e+02
5.800000000000000000e+01
6.260000000000000000e+02
6.260000000000000000e+02
7.950000000000000000e+02
7.950000000000000000e+02
1.662000000000000000e+03
1.750000000000000000e+03
8.281000000000000000e+03
7.630000000000000000e+02
1.778000000000000000e+03
3.760000000000000000e+02
1.961000000000000000e+03
1.961000000000000000e+03
1.002700000000000000e+04
1.002700000000000000e+04
1.002700000000000000e+04
1.002700000000000000e+04
1.002700000000000000e+04
9.472000000000000000e+03
9.472000000000000000e+03
8.640000000000000000e+02
1.110000000000000000e+02
1.870000000000000000e+03
1.004000000000000000e+03
6.160000000000000000e+02
8.260000000000000000e+02
8.260000000000000000e+02
8.260000000000000000e+02
8.260000000000000000e+02
3.783000000000000000e+03
3.783000000000000000e+03
3.783000000000000000e+03
3.783000000000000000e+03
3.783000000000000000e+03
3.783000000000000000e+03
3.783000000000000000e+03
3.783000000000000000e+03
3.783000000000000000e+03
3.783000000000000000e+03
3.783000000000000000e+03
3.783000000000000000e+03
1.868000000000000000e+03
1.881000000000000000e+03
2.335000000000000000e+03
2.335000000000000000e+03
2.335000000000000000e+03
2.335000000000000000e+03
6.949000000000000000e+03
6.949000000000000000e+03
8.738000000000000000e+03
3.426000000000000000e+03
3.426000000000000000e+03
3.426000000000000000e+03
7.200000000000000000e+02
4.487000000000000000e+03
4.487000000000000000e+03
4.487000000000000000e+03
8.470000000000000000e+02
8.470000000000000000e+02
8.470000000000000000e+02
8.570000000000000000e+02
8.570000000000000000e+02
8.570000000000000000e+02
1.464000000000000000e+03
1.464000000000000000e+03
1.464000000000000000e+03
1.738000000000000000e+03
1.738000000000000000e+03
1.738000000000000000e+03
2.769000000000000000e+03
2.770000000000000000e+03
8.820000000000000000e+02
2.768000000000000000e+03
4.069000000000000000e+03
1.738000000000000000e+03
1.738000000000000000e+03
1.738000000000000000e+03
1.654000000000000000e+03
1.654000000000000000e+03
9.830000000000000000e+02
9.830000000000000000e+02
8.170000000000000000e+02
8.170000000000000000e+02
8.170000000000000000e+02
6.260000000000000000e+02
6.260000000000000000e+02
1.687000000000000000e+03
1.687000000000000000e+03
1.687000000000000000e+03
6.550000000000000000e+02
6.550000000000000000e+02
6.560000000000000000e+02
6.560000000000000000e+02
9.250000000000000000e+02
9.250000000000000000e+02
2.591000000000000000e+03
2.591000000000000000e+03
2.588000000000000000e+03
2.588000000000000000e+03
1.171700000000000000e+04
1.171700000000000000e+04
6.400000000000000000e+02
1.470000000000000000e+02
3.800000000000000000e+02
1.260000000000000000e+02
1.230000000000000000e+02
1.270000000000000000e+02
3.635000000000000000e+03
3.465000000000000000e+03
1.695000000000000000e+03
1.695000000000000000e+03
1.695000000000000000e+03
1.010000000000000000e+02
9.310000000000000000e+02
3.000000000000000000e+00
3.000000000000000000e+00
7.940000000000000000e+02
7.930000000000000000e+02
1.175200000000000000e+04
1.175200000000000000e+04
4.260000000000000000e+02
4.250000000000000000e+02
7.720000000000000000e+02
7.590000000000000000e+02
7.590000000000000000e+02
7.590000000000000000e+02
1.733000000000000000e+03
1.733000000000000000e+03
6.966000000000000000e+03
6.966000000000000000e+03
1.667000000000000000e+03
3.050000000000000000e+02
3.020000000000000000e+02
3.040000000000000000e+02
1.439000000000000000e+03
3.823000000000000000e+03
3.823000000000000000e+03
9.970000000000000000e+02
3.474000000000000000e+03
3.060000000000000000e+03
3.060000000000000000e+03
3.060000000000000000e+03
3.060000000000000000e+03
9.500000000000000000e+02
2.433000000000000000e+03
2.433000000000000000e+03
3.185000000000000000e+03
3.185000000000000000e+03
1.638000000000000000e+03
1.637000000000000000e+03
1.300000000000000000e+01
1.300000000000000000e+01
1.300000000000000000e+01
7.900000000000000000e+02
8.220000000000000000e+02
8.220000000000000000e+02
1.720000000000000000e+03
5.480000000000000000e+02
5.480000000000000000e+02
5.480000000000000000e+02
5.480000000000000000e+02
2.232000000000000000e+03
2.232000000000000000e+03
1.012000000000000000e+03
1.935000000000000000e+03
8.330000000000000000e+02
2.169000000000000000e+03
2.080000000000000000e+02
2.080000000000000000e+02
2.080000000000000000e+02
2.080000000000000000e+02
2.080000000000000000e+02
2.080000000000000000e+02
2.080000000000000000e+02
2.080000000000000000e+02
2.080000000000000000e+02
2.080000000000000000e+02
2.080000000000000000e+02
2.080000000000000000e+02
2.080000000000000000e+02
2.080000000000000000e+02
2.080000000000000000e+02
2.080000000000000000e+02
2.080000000000000000e+02
2.080000000000000000e+02
2.080000000000000000e+02
9.250000000000000000e+02
9.250000000000000000e+02
5.306000000000000000e+03
8.320000000000000000e+02
8.320000000000000000e+02
8.320000000000000000e+02
8.320000000000000000e+02
8.320000000000000000e+02
1.424000000000000000e+03
9.780000000000000000e+02
2.160000000000000000e+03
6.840000000000000000e+02
6.840000000000000000e+02
6.840000000000000000e+02
7.127000000000000000e+03
9.988000000000000000e+03
1.895000000000000000e+03
1.895000000000000000e+03
1.895000000000000000e+03
1.895000000000000000e+03
1.895000000000000000e+03
4.566000000000000000e+03
9.690000000000000000e+02
9.690000000000000000e+02
1.091000000000000000e+03
2.619000000000000000e+03
1.665000000000000000e+03
1.008000000000000000e+03
6.040000000000000000e+02
1.591000000000000000e+03
6.480000000000000000e+02
1.494000000000000000e+03
1.494000000000000000e+03
8.800000000000000000e+01
8.800000000000000000e+01
6.510000000000000000e+02
1.255000000000000000e+03
1.255000000000000000e+03
1.673000000000000000e+03
1.673000000000000000e+03
1.330000000000000000e+02
5.580000000000000000e+02
5.580000000000000000e+02
2.900000000000000000e+01
8.520000000000000000e+02
8.520000000000000000e+02
5.700000000000000000e+01
5.700000000000000000e+01
1.409000000000000000e+03
1.719000000000000000e+03
3.183000000000000000e+03
3.183000000000000000e+03
3.183000000000000000e+03
3.183000000000000000e+03
3.183000000000000000e+03
3.524000000000000000e+03
3.524000000000000000e+03
1.755000000000000000e+03
2.433000000000000000e+03
2.433000000000000000e+03
2.435000000000000000e+03
2.435000000000000000e+03
1.129000000000000000e+03
2.750000000000000000e+02
2.750000000000000000e+02
2.750000000000000000e+02
2.750000000000000000e+02
2.080000000000000000e+02
2.080000000000000000e+02
2.080000000000000000e+02
2.080000000000000000e+02
2.080000000000000000e+02
2.080000000000000000e+02
2.080000000000000000e+02
2.080000000000000000e+02
2.080000000000000000e+02
2.080000000000000000e+02
2.080000000000000000e+02
2.080000000000000000e+02
2.080000000000000000e+02
2.080000000000000000e+02
2.080000000000000000e+02
2.080000000000000000e+02
2.080000000000000000e+02
2.080000000000000000e+02
2.080000000000000000e+02
7.690000000000000000e+02
7.690000000000000000e+02
1.657000000000000000e+03
1.657000000000000000e+03
1.028000000000000000e+03
1.029000000000000000e+03
8.170000000000000000e+02
8.170000000000000000e+02
8.170000000000000000e+02
1.658000000000000000e+03
1.658000000000000000e+03
7.660000000000000000e+02
1.609000000000000000e+03
3.637000000000000000e+03
1.885000000000000000e+03
1.647000000000000000e+03
4.960000000000000000e+02
4.960000000000000000e+02
4.960000000000000000e+02
1.945000000000000000e+03
1.752000000000000000e+03
1.752000000000000000e+03
1.807000000000000000e+03
3.830000000000000000e+02
3.830000000000000000e+02
1.433000000000000000e+03
1.810000000000000000e+03
1.810000000000000000e+03
1.810000000000000000e+03
1.057000000000000000e+03
8.230000000000000000e+02
8.230000000000000000e+02
1.890000000000000000e+03
1.889000000000000000e+03
8.730000000000000000e+02
8.730000000000000000e+02
8.730000000000000000e+02
8.730000000000000000e+02
8.730000000000000000e+02
8.240000000000000000e+02
8.240000000000000000e+02
8.240000000000000000e+02
8.240000000000000000e+02
8.240000000000000000e+02
8.240000000000000000e+02
1.962000000000000000e+03
1.962000000000000000e+03
6.550000000000000000e+02
6.550000000000000000e+02
1.586000000000000000e+03
1.755000000000000000e+03
6.260000000000000000e+02
6.260000000000000000e+02
2.300000000000000000e+01
2.300000000000000000e+01
2.523000000000000000e+03
1.491000000000000000e+03
1.491000000000000000e+03
4.782000000000000000e+03
1.938000000000000000e+03
4.075000000000000000e+03
3.600000000000000000e+01
3.600000000000000000e+01
3.600000000000000000e+01
1.690000000000000000e+03
1.625000000000000000e+03
1.625000000000000000e+03
1.633000000000000000e+03
1.633000000000000000e+03
1.633000000000000000e+03
5.349000000000000000e+03
5.349000000000000000e+03
5.349000000000000000e+03
5.349000000000000000e+03
5.349000000000000000e+03
5.349000000000000000e+03
5.349000000000000000e+03
5.349000000000000000e+03
5.349000000000000000e+03
5.349000000000000000e+03
3.787000000000000000e+03
3.787000000000000000e+03
3.787000000000000000e+03
3.787000000000000000e+03
3.787000000000000000e+03
3.787000000000000000e+03
3.787000000000000000e+03
3.787000000000000000e+03
3.787000000000000000e+03
3.787000000000000000e+03
3.787000000000000000e+03
3.787000000000000000e+03
3.787000000000000000e+03
2.343000000000000000e+03
2.343000000000000000e+03
2.343000000000000000e+03
2.343000000000000000e+03
8.260000000000000000e+02
8.260000000000000000e+02
8.260000000000000000e+02
8.260000000000000000e+02
1.915000000000000000e+03
1.915000000000000000e+03
9.471000000000000000e+03
1.740000000000000000e+03
1.740000000000000000e+03
1.483000000000000000e+03
2.224000000000000000e+03
2.224000000000000000e+03
2.228000000000000000e+03
5.936000000000000000e+03
5.936000000000000000e+03
2.189000000000000000e+03
5.950000000000000000e+02
5.895000000000000000e+03
5.895000000000000000e+03
3.394000000000000000e+03
3.394000000000000000e+03
6.042000000000000000e+03
6.042000000000000000e+03
2.230000000000000000e+03
2.232000000000000000e+03
4.719000000000000000e+03
2.225000000000000000e+03
2.225000000000000000e+03
2.227000000000000000e+03
2.227000000000000000e+03
3.840000000000000000e+02
3.840000000000000000e+02
3.840000000000000000e+02
1.588000000000000000e+03
1.589000000000000000e+03
9.480000000000000000e+02
1.679000000000000000e+03
2.793000000000000000e+03
1.610000000000000000e+03
3.752000000000000000e+03
3.637000000000000000e+03
3.639000000000000000e+03
2.231000000000000000e+03
2.231000000000000000e+03
2.231000000000000000e+03
7.680000000000000000e+02
2.233000000000000000e+03
2.233000000000000000e+03
1.340000000000000000e+02
1.175300000000000000e+04
1.175300000000000000e+04
1.620000000000000000e+03
1.620000000000000000e+03
8.780000000000000000e+02
7.880000000000000000e+02
7.880000000000000000e+02
1.895000000000000000e+03
1.895000000000000000e+03
1.895000000000000000e+03
1.895000000000000000e+03
1.895000000000000000e+03
2.342000000000000000e+03
2.342000000000000000e+03
2.342000000000000000e+03
2.342000000000000000e+03
4.069000000000000000e+03
6.560000000000000000e+02
6.560000000000000000e+02
1.147300000000000000e+04
1.147200000000000000e+04
1.627000000000000000e+03
1.121600000000000000e+04
1.750000000000000000e+03
1.476000000000000000e+03
2.342000000000000000e+03
2.342000000000000000e+03
2.342000000000000000e+03
2.342000000000000000e+03
1.895000000000000000e+03
1.895000000000000000e+03
1.895000000000000000e+03
1.895000000000000000e+03
1.895000000000000000e+03
1.491000000000000000e+03
1.491000000000000000e+03
6.150000000000000000e+02
6.150000000000000000e+02
6.150000000000000000e+02
6.150000000000000000e+02
2.517000000000000000e+03
1.681000000000000000e+03
1.681000000000000000e+03
1.681000000000000000e+03
1.756000000000000000e+03
1.756000000000000000e+03
1.340000000000000000e+02
1.952000000000000000e+03
1.952000000000000000e+03
1.923000000000000000e+03
5.480000000000000000e+02
5.480000000000000000e+02
6.430000000000000000e+02
1.875000000000000000e+03
1.875000000000000000e+03
5.250000000000000000e+02
5.250000000000000000e+02
5.250000000000000000e+02
5.250000000000000000e+02
1.200000000000000000e+01
1.968000000000000000e+03
1.640000000000000000e+03
1.640000000000000000e+03
3.300000000000000000e+02
3.310000000000000000e+02
3.320000000000000000e+02
3.330000000000000000e+02
3.340000000000000000e+02
3.350000000000000000e+02
3.360000000000000000e+02
3.370000000000000000e+02
3.380000000000000000e+02
3.390000000000000000e+02
3.400000000000000000e+02
3.410000000000000000e+02
3.420000000000000000e+02
3.430000000000000000e+02
3.524000000000000000e+03
3.524000000000000000e+03
3.525000000000000000e+03
3.525000000000000000e+03
3.525000000000000000e+03
1.653000000000000000e+03
1.653000000000000000e+03
1.653000000000000000e+03
1.653000000000000000e+03
1.653000000000000000e+03
1.653000000000000000e+03
1.653000000000000000e+03
1.652000000000000000e+03
1.652000000000000000e+03
1.652000000000000000e+03
1.652000000000000000e+03
1.652000000000000000e+03
1.652000000000000000e+03
1.652000000000000000e+03
8.450000000000000000e+02
8.450000000000000000e+02
8.450000000000000000e+02
5.350000000000000000e+03
5.350000000000000000e+03
5.350000000000000000e+03
5.350000000000000000e+03
5.350000000000000000e+03
5.350000000000000000e+03
5.350000000000000000e+03
5.350000000000000000e+03
5.350000000000000000e+03
5.350000000000000000e+03
7.600000000000000000e+02
7.600000000000000000e+02
7.600000000000000000e+02
7.600000000000000000e+02
7.600000000000000000e+02
7.600000000000000000e+02
7.600000000000000000e+02
3.743000000000000000e+03
1.095000000000000000e+03
1.250600000000000000e+04
1.250600000000000000e+04
1.698000000000000000e+03
1.091000000000000000e+03
1.783000000000000000e+03
1.601000000000000000e+03
1.601000000000000000e+03
1.624000000000000000e+03
1.624000000000000000e+03
1.624000000000000000e+03
1.624000000000000000e+03
1.340000000000000000e+02
6.150000000000000000e+02
6.150000000000000000e+02
6.150000000000000000e+02
6.150000000000000000e+02
8.550000000000000000e+02
3.841000000000000000e+03
3.841000000000000000e+03
7.030000000000000000e+02
9.750000000000000000e+02
7.000000000000000000e+02
6.880000000000000000e+02
9.420000000000000000e+02
9.420000000000000000e+02
1.626000000000000000e+03
3.820000000000000000e+02
3.820000000000000000e+02
3.820000000000000000e+02
3.820000000000000000e+02
3.820000000000000000e+02
3.820000000000000000e+02
1.400000000000000000e+02
1.400000000000000000e+02
1.400000000000000000e+02
1.400000000000000000e+02
9.540000000000000000e+02
7.640000000000000000e+02
1.775000000000000000e+03
7.620000000000000000e+02
1.465000000000000000e+03
5.280000000000000000e+02
3.900000000000000000e+02
3.810000000000000000e+02
1.803000000000000000e+03
1.068000000000000000e+04
1.068000000000000000e+04
1.068000000000000000e+04
7.730000000000000000e+02
7.730000000000000000e+02
7.880000000000000000e+02
7.880000000000000000e+02
2.259000000000000000e+03
5.480000000000000000e+02
5.480000000000000000e+02
7.910000000000000000e+02
9.903000000000000000e+03
8.060000000000000000e+02
9.810000000000000000e+02
9.900000000000000000e+01
2.372000000000000000e+03
2.372000000000000000e+03
2.372000000000000000e+03
2.372000000000000000e+03
2.372000000000000000e+03
2.372000000000000000e+03
2.372000000000000000e+03
2.372000000000000000e+03
2.372000000000000000e+03
2.372000000000000000e+03
6.770000000000000000e+02
7.480000000000000000e+02
8.738000000000000000e+03
5.660000000000000000e+02
1.972000000000000000e+03
1.496000000000000000e+03
1.915000000000000000e+03
6.450000000000000000e+02
6.450000000000000000e+02
5.900000000000000000e+01
5.900000000000000000e+01
5.900000000000000000e+01
5.900000000000000000e+01
5.900000000000000000e+01
5.900000000000000000e+01
5.900000000000000000e+01
5.900000000000000000e+01
5.900000000000000000e+01
5.900000000000000000e+01
5.900000000000000000e+01
5.900000000000000000e+01
9.458000000000000000e+03
9.458000000000000000e+03
9.458000000000000000e+03
9.458000000000000000e+03
9.458000000000000000e+03
9.458000000000000000e+03
9.458000000000000000e+03
9.458000000000000000e+03
9.458000000000000000e+03
9.458000000000000000e+03
6.400000000000000000e+02
9.810000000000000000e+02
6.270000000000000000e+02
6.270000000000000000e+02
1.620000000000000000e+02
1.620000000000000000e+02
1.620000000000000000e+02
1.620000000000000000e+02
1.610000000000000000e+02
1.610000000000000000e+02
1.610000000000000000e+02
1.610000000000000000e+02
1.623000000000000000e+03
1.623000000000000000e+03
1.623000000000000000e+03
1.623000000000000000e+03
9.270000000000000000e+02
1.866000000000000000e+03
1.689000000000000000e+03
9.400000000000000000e+02
9.400000000000000000e+02
9.400000000000000000e+02
9.400000000000000000e+02
9.400000000000000000e+02
9.400000000000000000e+02
9.400000000000000000e+02
9.400000000000000000e+02
9.400000000000000000e+02
9.400000000000000000e+02
9.400000000000000000e+02
9.400000000000000000e+02
9.400000000000000000e+02
9.400000000000000000e+02
1.480000000000000000e+03
2.260000000000000000e+02
3.737000000000000000e+03
3.737000000000000000e+03
3.182000000000000000e+03
3.182000000000000000e+03
3.186000000000000000e+03
3.186000000000000000e+03
3.186000000000000000e+03
3.186000000000000000e+03
3.186000000000000000e+03
3.186000000000000000e+03
3.782000000000000000e+03
3.782000000000000000e+03
3.782000000000000000e+03
3.782000000000000000e+03
3.782000000000000000e+03
3.782000000000000000e+03
3.782000000000000000e+03
3.782000000000000000e+03
1.448000000000000000e+03
1.872000000000000000e+03
1.883000000000000000e+03
1.649000000000000000e+03
3.621000000000000000e+03
3.621000000000000000e+03
6.520000000000000000e+02
6.520000000000000000e+02
8.210000000000000000e+02
8.210000000000000000e+02
5.934000000000000000e+03
5.934000000000000000e+03
1.393400000000000000e+04
1.392900000000000000e+04
1.392200000000000000e+04
1.225600000000000000e+04
1.533000000000000000e+03
1.210000000000000000e+02
1.210000000000000000e+02
1.210000000000000000e+02
1.210000000000000000e+02
1.210000000000000000e+02
1.210000000000000000e+02
1.210000000000000000e+02
1.210000000000000000e+02
1.210000000000000000e+02
1.210000000000000000e+02
1.210000000000000000e+02
1.210000000000000000e+02
1.210000000000000000e+02
1.070000000000000000e+03
1.847000000000000000e+03
3.594000000000000000e+03
1.613000000000000000e+03
6.020000000000000000e+02
6.020000000000000000e+02
2.150000000000000000e+02
2.150000000000000000e+02
9.620000000000000000e+02
9.620000000000000000e+02
9.620000000000000000e+02
9.620000000000000000e+02
3.043000000000000000e+03
3.043000000000000000e+03
3.043000000000000000e+03
3.043000000000000000e+03
3.046000000000000000e+03
3.046000000000000000e+03
3.046000000000000000e+03
3.046000000000000000e+03
1.348200000000000000e+04
1.348200000000000000e+04
1.348100000000000000e+04
1.348100000000000000e+04
2.337000000000000000e+03
2.337000000000000000e+03
2.337000000000000000e+03
2.337000000000000000e+03
1.892000000000000000e+03
2.502000000000000000e+03
7.650000000000000000e+02
1.297200000000000000e+04
1.297200000000000000e+04
1.297200000000000000e+04
1.297200000000000000e+04
3.823000000000000000e+03
3.823000000000000000e+03
1.600000000000000000e+01
1.600000000000000000e+01
1.600000000000000000e+01
9.390000000000000000e+02
9.390000000000000000e+02
9.390000000000000000e+02
3.040000000000000000e+03
3.040000000000000000e+03
3.040000000000000000e+03
3.040000000000000000e+03
1.091000000000000000e+03
9.300000000000000000e+02
1.424000000000000000e+03
1.255000000000000000e+03
1.255000000000000000e+03
2.860000000000000000e+02
2.860000000000000000e+02
2.860000000000000000e+02
2.860000000000000000e+02
6.168000000000000000e+03
6.168000000000000000e+03
6.168000000000000000e+03
7.890000000000000000e+02
7.890000000000000000e+02
8.000000000000000000e+02
9.450000000000000000e+02
9.450000000000000000e+02
9.450000000000000000e+02
2.338000000000000000e+03
2.338000000000000000e+03
2.338000000000000000e+03
2.338000000000000000e+03
1.805000000000000000e+03
1.805000000000000000e+03
8.540000000000000000e+02
5.540000000000000000e+02
4.036000000000000000e+03
4.040000000000000000e+03
4.040000000000000000e+03
4.040000000000000000e+03
4.040000000000000000e+03
1.096000000000000000e+04
1.096000000000000000e+04
1.096000000000000000e+04
1.096000000000000000e+04
1.096000000000000000e+04
1.096000000000000000e+04
1.823000000000000000e+03
3.404000000000000000e+03
3.405000000000000000e+03
2.291000000000000000e+03
2.291000000000000000e+03
2.291000000000000000e+03
2.291000000000000000e+03
9.844000000000000000e+03
9.844000000000000000e+03
9.844000000000000000e+03
9.844000000000000000e+03
9.844000000000000000e+03
9.844000000000000000e+03
9.844000000000000000e+03
9.844000000000000000e+03
9.844000000000000000e+03
1.133700000000000000e+04
1.133300000000000000e+04
1.133300000000000000e+04
1.133400000000000000e+04
1.133400000000000000e+04
1.133500000000000000e+04
1.133500000000000000e+04
1.662000000000000000e+03
4.320000000000000000e+02
4.320000000000000000e+02
4.320000000000000000e+02
3.639000000000000000e+03
1.556000000000000000e+03
1.556000000000000000e+03
1.556000000000000000e+03
3.240000000000000000e+02
3.250000000000000000e+02
2.400000000000000000e+01
2.400000000000000000e+01
1.903000000000000000e+03
1.903000000000000000e+03
1.902000000000000000e+03
1.902000000000000000e+03
1.640000000000000000e+02
1.640000000000000000e+02
1.640000000000000000e+02
1.640000000000000000e+02
1.640000000000000000e+02
6.580000000000000000e+02
6.580000000000000000e+02
6.580000000000000000e+02
3.820000000000000000e+02
3.820000000000000000e+02
3.820000000000000000e+02
3.820000000000000000e+02
3.820000000000000000e+02
3.820000000000000000e+02
2.410000000000000000e+02
2.420000000000000000e+02
2.390000000000000000e+02
2.400000000000000000e+02
3.821000000000000000e+03
1.937000000000000000e+03
1.937000000000000000e+03
1.939000000000000000e+03
6.282000000000000000e+03
6.281000000000000000e+03
2.563000000000000000e+03
2.563000000000000000e+03
1.924000000000000000e+03
7.500000000000000000e+01
7.500000000000000000e+01
1.921000000000000000e+03
2.535000000000000000e+03
9.883000000000000000e+03
9.882000000000000000e+03
1.638000000000000000e+03
1.256000000000000000e+03
1.256000000000000000e+03
2.434000000000000000e+03
2.434000000000000000e+03
1.887000000000000000e+03
1.207000000000000000e+03
1.207000000000000000e+03
1.207000000000000000e+03
1.207000000000000000e+03
1.207000000000000000e+03
1.817000000000000000e+03
1.696000000000000000e+03
1.696000000000000000e+03
1.696000000000000000e+03
1.785000000000000000e+03
1.785000000000000000e+03
1.885000000000000000e+03
6.050000000000000000e+02
6.050000000000000000e+02
6.050000000000000000e+02
2.437000000000000000e+03
2.810000000000000000e+02
2.810000000000000000e+02
2.860000000000000000e+02
2.860000000000000000e+02
2.860000000000000000e+02
2.860000000000000000e+02
1.736000000000000000e+03
1.523000000000000000e+03
2.500000000000000000e+03
1.814000000000000000e+03
5.966000000000000000e+03
1.378900000000000000e+04
1.378900000000000000e+04
1.378900000000000000e+04
2.591000000000000000e+03
2.591000000000000000e+03
1.816000000000000000e+03
5.250000000000000000e+02
5.250000000000000000e+02
5.250000000000000000e+02
5.250000000000000000e+02
6.200000000000000000e+02
6.200000000000000000e+02
9.120000000000000000e+02
2.527000000000000000e+03
2.527000000000000000e+03
2.527000000000000000e+03
1.963000000000000000e+03
1.963000000000000000e+03
6.966000000000000000e+03
6.966000000000000000e+03
1.241000000000000000e+03
1.486000000000000000e+03
2.340000000000000000e+03
2.340000000000000000e+03
2.340000000000000000e+03
2.340000000000000000e+03
1.869000000000000000e+03
3.750000000000000000e+03
2.549000000000000000e+03
2.527000000000000000e+03
2.527000000000000000e+03
2.527000000000000000e+03
2.527000000000000000e+03
2.527000000000000000e+03
2.527000000000000000e+03
9.010000000000000000e+02
3.760000000000000000e+03
3.760000000000000000e+03
3.760000000000000000e+03
3.428000000000000000e+03
4.037000000000000000e+03
3.403000000000000000e+03
4.039000000000000000e+03
4.038000000000000000e+03
1.133600000000000000e+04
1.133600000000000000e+04
3.185000000000000000e+03
3.185000000000000000e+03
1.845000000000000000e+03
1.915000000000000000e+03
1.714000000000000000e+03
1.919000000000000000e+03
1.919000000000000000e+03
3.179000000000000000e+03
3.179000000000000000e+03
9.950000000000000000e+02
8.591000000000000000e+03
8.591000000000000000e+03
1.465000000000000000e+03
6.090000000000000000e+02
7.566000000000000000e+03
1.350000000000000000e+02
1.350000000000000000e+02
1.350000000000000000e+02
1.749000000000000000e+03
1.599000000000000000e+03
1.599000000000000000e+03
2.520000000000000000e+02
2.520000000000000000e+02
2.520000000000000000e+02
1.823000000000000000e+03
7.102000000000000000e+03
7.102000000000000000e+03
1.251000000000000000e+03
1.251000000000000000e+03
3.495000000000000000e+03
3.650000000000000000e+03
1.400000000000000000e+01
8.730000000000000000e+02
8.730000000000000000e+02
8.730000000000000000e+02
8.730000000000000000e+02
8.730000000000000000e+02
9.280000000000000000e+02
1.918000000000000000e+03
6.060000000000000000e+02
6.000000000000000000e+02
6.000000000000000000e+02
8.580000000000000000e+02
1.908000000000000000e+03
1.908000000000000000e+03
2.900000000000000000e+01
1.489000000000000000e+03
1.489000000000000000e+03
1.489000000000000000e+03
1.839000000000000000e+03
1.839000000000000000e+03
7.610000000000000000e+02
1.520000000000000000e+03
1.520000000000000000e+03
1.303800000000000000e+04
1.303800000000000000e+04
1.920000000000000000e+03
1.920000000000000000e+03
8.590000000000000000e+02
2.342000000000000000e+03
2.342000000000000000e+03
2.342000000000000000e+03
2.342000000000000000e+03
3.517000000000000000e+03
2.780000000000000000e+02
2.780000000000000000e+02
7.670000000000000000e+02
8.311000000000000000e+03
1.703000000000000000e+03
1.703000000000000000e+03
1.703000000000000000e+03
1.703000000000000000e+03
1.703000000000000000e+03
1.703000000000000000e+03
1.703000000000000000e+03
1.703000000000000000e+03
1.703000000000000000e+03
1.703000000000000000e+03
1.703000000000000000e+03
1.704000000000000000e+03
1.704000000000000000e+03
1.704000000000000000e+03
1.704000000000000000e+03
1.704000000000000000e+03
5.200000000000000000e+01
5.200000000000000000e+01
5.200000000000000000e+01
6.041000000000000000e+03
1.867000000000000000e+03
2.590000000000000000e+02
1.092000000000000000e+03
1.092000000000000000e+03
1.092000000000000000e+03
1.581000000000000000e+03
1.873000000000000000e+03
9.190000000000000000e+02
1.667000000000000000e+03
9.630000000000000000e+02
9.790000000000000000e+02
9.790000000000000000e+02
7.400000000000000000e+01
7.400000000000000000e+01
7.400000000000000000e+01
2.650000000000000000e+02
2.650000000000000000e+02
2.650000000000000000e+02
6.260000000000000000e+02
6.260000000000000000e+02
1.782000000000000000e+03
1.782000000000000000e+03
1.782000000000000000e+03
1.782000000000000000e+03
1.782000000000000000e+03
1.782000000000000000e+03
1.782000000000000000e+03
1.782000000000000000e+03
1.782000000000000000e+03
1.782000000000000000e+03
1.782000000000000000e+03
1.782000000000000000e+03
1.782000000000000000e+03
1.782000000000000000e+03
1.782000000000000000e+03
1.782000000000000000e+03
1.782000000000000000e+03
1.782000000000000000e+03
1.782000000000000000e+03
1.782000000000000000e+03
1.782000000000000000e+03
1.782000000000000000e+03
1.782000000000000000e+03
1.782000000000000000e+03
1.782000000000000000e+03
1.782000000000000000e+03
1.782000000000000000e+03
1.782000000000000000e+03
1.782000000000000000e+03
3.150000000000000000e+02
1.955000000000000000e+03
1.955000000000000000e+03
1.955000000000000000e+03
1.955000000000000000e+03
1.955000000000000000e+03
1.876000000000000000e+03
1.619000000000000000e+03
1.952000000000000000e+03
1.776000000000000000e+03
1.450000000000000000e+02
1.874000000000000000e+03
1.874000000000000000e+03
2.660000000000000000e+02
2.660000000000000000e+02
2.660000000000000000e+02
6.153000000000000000e+03
9.730000000000000000e+02
6.700000000000000000e+01
1.710000000000000000e+03
1.790000000000000000e+03
1.754000000000000000e+03
1.754000000000000000e+03
1.772000000000000000e+03
1.772000000000000000e+03
1.940000000000000000e+03
3.831000000000000000e+03
2.591000000000000000e+03
2.591000000000000000e+03
2.586000000000000000e+03
2.586000000000000000e+03
2.588000000000000000e+03
2.588000000000000000e+03
4.748000000000000000e+03
1.602000000000000000e+03
1.602000000000000000e+03
1.601000000000000000e+03
1.601000000000000000e+03
2.588000000000000000e+03
2.588000000000000000e+03
2.586000000000000000e+03
2.586000000000000000e+03
1.900000000000000000e+01
4.518000000000000000e+03
4.518000000000000000e+03
1.956000000000000000e+03
1.956000000000000000e+03
1.956000000000000000e+03
1.956000000000000000e+03
1.956000000000000000e+03
8.738000000000000000e+03
3.801000000000000000e+03
3.801000000000000000e+03
6.167000000000000000e+03
2.341000000000000000e+03
2.341000000000000000e+03
2.341000000000000000e+03
2.341000000000000000e+03
9.430000000000000000e+02
9.430000000000000000e+02
2.342000000000000000e+03
2.342000000000000000e+03
2.342000000000000000e+03
2.342000000000000000e+03
1.649000000000000000e+03
1.915000000000000000e+03
8.120000000000000000e+02
8.120000000000000000e+02
8.120000000000000000e+02
8.120000000000000000e+02
8.120000000000000000e+02
8.120000000000000000e+02
8.120000000000000000e+02
3.786000000000000000e+03
1.750000000000000000e+03
1.928000000000000000e+03
1.929000000000000000e+03
1.929000000000000000e+03
1.000000000000000000e+03
1.000000000000000000e+03
1.925000000000000000e+03
1.933000000000000000e+03
1.117500000000000000e+04
1.117500000000000000e+04
9.007000000000000000e+03
9.007000000000000000e+03
9.007000000000000000e+03
9.007000000000000000e+03
1.076400000000000000e+04
8.200000000000000000e+02
4.042000000000000000e+03
4.042000000000000000e+03
1.091000000000000000e+03
2.501000000000000000e+03
1.693000000000000000e+03
6.166000000000000000e+03
6.165000000000000000e+03
6.164000000000000000e+03
6.163000000000000000e+03
5.780000000000000000e+03
5.774000000000000000e+03
6.162000000000000000e+03
1.878000000000000000e+03
1.879000000000000000e+03
1.006000000000000000e+03
1.633000000000000000e+03
1.633000000000000000e+03
1.633000000000000000e+03
7.960000000000000000e+02
7.960000000000000000e+02
3.431000000000000000e+03
5.300000000000000000e+01
5.300000000000000000e+01
5.300000000000000000e+01
5.300000000000000000e+01
5.300000000000000000e+01
5.300000000000000000e+01
1.430000000000000000e+03
1.429000000000000000e+03
1.428000000000000000e+03
2.970000000000000000e+02
2.970000000000000000e+02
2.970000000000000000e+02
2.970000000000000000e+02
1.140000000000000000e+02
1.140000000000000000e+02
1.140000000000000000e+02
9.580000000000000000e+02
9.580000000000000000e+02
3.030000000000000000e+02
1.280000000000000000e+02
1.280000000000000000e+02
1.280000000000000000e+02
1.280000000000000000e+02
1.280000000000000000e+02
1.280000000000000000e+02
1.280000000000000000e+02
1.280000000000000000e+02
1.280000000000000000e+02
1.280000000000000000e+02
1.280000000000000000e+02
1.280000000000000000e+02
1.280000000000000000e+02
1.280000000000000000e+02
1.280000000000000000e+02
1.280000000000000000e+02
1.280000000000000000e+02
1.280000000000000000e+02
1.280000000000000000e+02
1.280000000000000000e+02
1.280000000000000000e+02
4.069000000000000000e+03
1.958000000000000000e+03
1.934000000000000000e+03
1.040000000000000000e+02
9.510000000000000000e+02
1.175400000000000000e+04
1.175400000000000000e+04
1.175400000000000000e+04
5.680000000000000000e+02
5.680000000000000000e+02
5.680000000000000000e+02
5.680000000000000000e+02
1.079000000000000000e+03
1.240000000000000000e+02
1.382100000000000000e+04
1.382100000000000000e+04
1.382100000000000000e+04
1.382100000000000000e+04
1.382100000000000000e+04
1.382100000000000000e+04
1.382100000000000000e+04
1.560000000000000000e+03
1.447000000000000000e+03
5.310000000000000000e+02
5.310000000000000000e+02
1.916000000000000000e+03
1.659000000000000000e+03
5.640000000000000000e+02
1.969000000000000000e+03
1.759000000000000000e+03
1.376600000000000000e+04
9.789000000000000000e+03
4.092000000000000000e+03
1.500000000000000000e+01
1.500000000000000000e+01
1.434000000000000000e+03
7.990000000000000000e+02
7.990000000000000000e+02
7.990000000000000000e+02
7.990000000000000000e+02
7.990000000000000000e+02
7.990000000000000000e+02
7.990000000000000000e+02
7.990000000000000000e+02
7.990000000000000000e+02
7.990000000000000000e+02
7.990000000000000000e+02
7.990000000000000000e+02
7.990000000000000000e+02
7.990000000000000000e+02
7.990000000000000000e+02
7.990000000000000000e+02
7.990000000000000000e+02
7.990000000000000000e+02
7.990000000000000000e+02
7.990000000000000000e+02
7.990000000000000000e+02
7.990000000000000000e+02
1.415500000000000000e+04
1.415500000000000000e+04
1.415500000000000000e+04
1.415500000000000000e+04
1.077000000000000000e+03
1.077000000000000000e+03
2.488000000000000000e+03
1.071000000000000000e+04
6.190000000000000000e+02
1.187000000000000000e+03
1.187000000000000000e+03
1.187000000000000000e+03
1.187000000000000000e+03
1.187000000000000000e+03
3.852000000000000000e+03
6.001000000000000000e+03
6.001000000000000000e+03
6.001000000000000000e+03
1.280000000000000000e+02
1.280000000000000000e+02
1.280000000000000000e+02
1.280000000000000000e+02
1.280000000000000000e+02
1.280000000000000000e+02
1.280000000000000000e+02
1.280000000000000000e+02
1.280000000000000000e+02
1.280000000000000000e+02
1.280000000000000000e+02
1.280000000000000000e+02
1.280000000000000000e+02
1.280000000000000000e+02
1.280000000000000000e+02
1.280000000000000000e+02
1.280000000000000000e+02
1.280000000000000000e+02
1.280000000000000000e+02
1.280000000000000000e+02
1.280000000000000000e+02
1.259000000000000000e+03
1.300000000000000000e+02
1.300000000000000000e+02
1.607000000000000000e+03
1.840000000000000000e+03
1.408300000000000000e+04
1.408300000000000000e+04
1.011000000000000000e+03
1.011000000000000000e+03
1.011000000000000000e+03
3.851000000000000000e+03
1.487000000000000000e+03
5.290000000000000000e+02
5.290000000000000000e+02
5.290000000000000000e+02
6.740000000000000000e+02
9.845000000000000000e+03
9.845000000000000000e+03
9.845000000000000000e+03
9.845000000000000000e+03
1.445100000000000000e+04
1.444900000000000000e+04
1.187000000000000000e+03
1.187000000000000000e+03
1.187000000000000000e+03
1.187000000000000000e+03
1.187000000000000000e+03
1.444600000000000000e+04
1.444800000000000000e+04
1.444700000000000000e+04
4.500000000000000000e+01
1.069000000000000000e+03
9.410000000000000000e+02
9.410000000000000000e+02
1.280000000000000000e+02
1.280000000000000000e+02
1.280000000000000000e+02
1.280000000000000000e+02
1.280000000000000000e+02
1.280000000000000000e+02
1.280000000000000000e+02
1.280000000000000000e+02
1.280000000000000000e+02
1.280000000000000000e+02
1.280000000000000000e+02
1.280000000000000000e+02
1.280000000000000000e+02
1.280000000000000000e+02
1.280000000000000000e+02
1.280000000000000000e+02
1.280000000000000000e+02
1.280000000000000000e+02
1.280000000000000000e+02
1.280000000000000000e+02
1.280000000000000000e+02
8.300000000000000000e+02
8.300000000000000000e+02
8.300000000000000000e+02
8.300000000000000000e+02
1.444100000000000000e+04
1.966000000000000000e+03
1.524000000000000000e+03
1.524000000000000000e+03
1.465200000000000000e+04
1.465200000000000000e+04
8.688000000000000000e+03
4.200000000000000000e+01
4.200000000000000000e+01
7.580000000000000000e+02
7.580000000000000000e+02
7.580000000000000000e+02
7.580000000000000000e+02
1.843000000000000000e+03
1.835000000000000000e+03
1.835000000000000000e+03
1.835000000000000000e+03
1.092000000000000000e+03
1.092000000000000000e+03
1.092000000000000000e+03
3.900000000000000000e+01
9.490000000000000000e+02
5.606000000000000000e+03
5.606000000000000000e+03
1.259000000000000000e+03
1.497700000000000000e+04
4.800000000000000000e+02
4.800000000000000000e+02
4.800000000000000000e+02
4.800000000000000000e+02
4.800000000000000000e+02
9.846000000000000000e+03
9.846000000000000000e+03
9.846000000000000000e+03
9.846000000000000000e+03
9.846000000000000000e+03
9.846000000000000000e+03
8.316000000000000000e+03
7.990000000000000000e+02
7.990000000000000000e+02
7.990000000000000000e+02
7.990000000000000000e+02
7.990000000000000000e+02
7.990000000000000000e+02
7.990000000000000000e+02
7.990000000000000000e+02
7.990000000000000000e+02
7.990000000000000000e+02
7.990000000000000000e+02
7.990000000000000000e+02
7.990000000000000000e+02
7.990000000000000000e+02
7.990000000000000000e+02
7.990000000000000000e+02
7.990000000000000000e+02
7.990000000000000000e+02
7.990000000000000000e+02
7.990000000000000000e+02
7.990000000000000000e+02
7.990000000000000000e+02
7.990000000000000000e+02
7.990000000000000000e+02
7.990000000000000000e+02
7.990000000000000000e+02
7.990000000000000000e+02
7.990000000000000000e+02
7.990000000000000000e+02
7.990000000000000000e+02
7.990000000000000000e+02
7.990000000000000000e+02
7.990000000000000000e+02
7.990000000000000000e+02
7.990000000000000000e+02
7.990000000000000000e+02
7.990000000000000000e+02
7.990000000000000000e+02
7.990000000000000000e+02
7.990000000000000000e+02
7.990000000000000000e+02
7.990000000000000000e+02
7.990000000000000000e+02
7.990000000000000000e+02
1.280000000000000000e+02
1.280000000000000000e+02
1.280000000000000000e+02
1.280000000000000000e+02
1.280000000000000000e+02
1.280000000000000000e+02
1.280000000000000000e+02
1.280000000000000000e+02
1.280000000000000000e+02
1.280000000000000000e+02
1.280000000000000000e+02
1.280000000000000000e+02
1.280000000000000000e+02
1.280000000000000000e+02
1.280000000000000000e+02
1.280000000000000000e+02
1.280000000000000000e+02
1.280000000000000000e+02
1.280000000000000000e+02
1.280000000000000000e+02
1.280000000000000000e+02
4.765000000000000000e+03
4.765000000000000000e+03
4.765000000000000000e+03
4.765000000000000000e+03
4.765000000000000000e+03
4.765000000000000000e+03
4.765000000000000000e+03
4.765000000000000000e+03
4.765000000000000000e+03
4.765000000000000000e+03
4.765000000000000000e+03
1.768000000000000000e+03
1.768000000000000000e+03
1.080000000000000000e+02
2.530000000000000000e+02
2.000000000000000000e+01
4.034000000000000000e+03
4.034000000000000000e+03
4.034000000000000000e+03
9.847000000000000000e+03
9.847000000000000000e+03
9.847000000000000000e+03
9.847000000000000000e+03
1.082000000000000000e+03
1.082000000000000000e+03
1.563300000000000000e+04
2.200000000000000000e+02
2.200000000000000000e+02
1.140000000000000000e+02
1.140000000000000000e+02
1.140000000000000000e+02
2.428000000000000000e+03
2.428000000000000000e+03
2.428000000000000000e+03
2.428000000000000000e+03
2.428000000000000000e+03
2.428000000000000000e+03
1.020000000000000000e+02
5.973000000000000000e+03
1.897000000000000000e+03
6.016000000000000000e+03
6.016000000000000000e+03
1.715000000000000000e+03
2.594000000000000000e+03
1.586600000000000000e+04
1.586600000000000000e+04
8.679000000000000000e+03
8.679000000000000000e+03
2.303000000000000000e+03
1.340000000000000000e+02
5.700000000000000000e+02
5.700000000000000000e+02
5.700000000000000000e+02
1.637000000000000000e+04
1.637000000000000000e+04
1.637000000000000000e+04
1.637000000000000000e+04
1.637000000000000000e+04
1.637000000000000000e+04
1.632900000000000000e+04
1.722600000000000000e+04
1.153200000000000000e+04
1.153200000000000000e+04
1.153200000000000000e+04
1.721800000000000000e+04
1.721800000000000000e+04
1.710300000000000000e+04
1.772300000000000000e+04
1.772300000000000000e+04
1.772300000000000000e+04
1.497000000000000000e+03
1.786500000000000000e+04
2.540000000000000000e+02
1.380000000000000000e+02
6.281000000000000000e+03
1.239000000000000000e+03
1.239000000000000000e+03
1.239000000000000000e+03
1.239000000000000000e+03
1.239000000000000000e+03
3.290000000000000000e+02
8.691000000000000000e+03
8.691000000000000000e+03
8.691000000000000000e+03
1.870700000000000000e+04
1.867600000000000000e+04
1.684100000000000000e+04
3.526000000000000000e+03
3.526000000000000000e+03
6.110000000000000000e+02
1.907300000000000000e+04
1.907300000000000000e+04
1.922100000000000000e+04
1.922100000000000000e+04
1.922100000000000000e+04
1.919100000000000000e+04
1.926700000000000000e+04
1.926700000000000000e+04
1.926700000000000000e+04
1.077400000000000000e+04
7.990000000000000000e+02
7.990000000000000000e+02
7.990000000000000000e+02
7.990000000000000000e+02
7.990000000000000000e+02
7.990000000000000000e+02
7.990000000000000000e+02
7.990000000000000000e+02
7.990000000000000000e+02
7.990000000000000000e+02
7.990000000000000000e+02
7.990000000000000000e+02
7.990000000000000000e+02
7.990000000000000000e+02
7.990000000000000000e+02
7.990000000000000000e+02
7.990000000000000000e+02
7.990000000000000000e+02
7.990000000000000000e+02
7.990000000000000000e+02
7.990000000000000000e+02
7.990000000000000000e+02
1.768600000000000000e+04
9.920000000000000000e+02
1.772200000000000000e+04
1.772200000000000000e+04
1.772200000000000000e+04
3.417000000000000000e+03
1.577700000000000000e+04
2.226000000000000000e+03
2.226000000000000000e+03
1.980200000000000000e+04
1.473100000000000000e+04
1.473100000000000000e+04
1.473100000000000000e+04
1.473100000000000000e+04
1.473100000000000000e+04
2.163600000000000000e+04
2.163600000000000000e+04
2.163600000000000000e+04
2.163600000000000000e+04
2.003400000000000000e+04
1.175100000000000000e+04
1.175100000000000000e+04
1.175100000000000000e+04
1.175100000000000000e+04
1.175100000000000000e+04
1.175100000000000000e+04
1.175100000000000000e+04
1.175100000000000000e+04
1.175100000000000000e+04
1.175100000000000000e+04
1.175100000000000000e+04
1.175100000000000000e+04
1.175100000000000000e+04
1.152900000000000000e+04
1.214000000000000000e+03
1.214000000000000000e+03
1.601100000000000000e+04
1.601100000000000000e+04
8.968000000000000000e+03
2.130700000000000000e+04
2.130900000000000000e+04
2.142000000000000000e+04
2.142000000000000000e+04
8.750000000000000000e+02
2.193600000000000000e+04
1.199100000000000000e+04
