1.961000000000000000e+03
1.961000000000000000e+03
7.930000000000000000e+02
2.493000000000000000e+03
9.190000000000000000e+02
9.480000000000000000e+02
1.775000000000000000e+03
1.716000000000000000e+03
1.716000000000000000e+03
1.716000000000000000e+03
1.716000000000000000e+03
1.716000000000000000e+03
1.716000000000000000e+03
1.716000000000000000e+03
1.716000000000000000e+03
1.921000000000000000e+03
1.924000000000000000e+03
2.563000000000000000e+03
2.563000000000000000e+03
1.866000000000000000e+03
8.730000000000000000e+02
8.730000000000000000e+02
8.730000000000000000e+02
8.730000000000000000e+02
8.730000000000000000e+02
1.171700000000000000e+04
1.171700000000000000e+04
1.626000000000000000e+03
7.610000000000000000e+02
1.714000000000000000e+03
9.420000000000000000e+02
9.420000000000000000e+02
1.330000000000000000e+02
2.338000000000000000e+03
2.338000000000000000e+03
2.338000000000000000e+03
2.338000000000000000e+03
3.650000000000000000e+03
2.297000000000000000e+03
2.298000000000000000e+03
7.950000000000000000e+02
7.950000000000000000e+02
1.662000000000000000e+03
1.095000000000000000e+03
7.940000000000000000e+02
1.175200000000000000e+04
1.175200000000000000e+04
1.439000000000000000e+03
2.900000000000000000e+01
5.660000000000000000e+02
1.756000000000000000e+03
1.756000000000000000e+03
3.840000000000000000e+02
3.840000000000000000e+02
3.840000000000000000e+02
1.875000000000000000e+03
1.875000000000000000e+03
8.310000000000000000e+02
8.310000000000000000e+02
8.000000000000000000e+02
1.893000000000000000e+03
7.630000000000000000e+02
7.600000000000000000e+02
7.600000000000000000e+02
7.600000000000000000e+02
7.600000000000000000e+02
7.600000000000000000e+02
7.600000000000000000e+02
7.600000000000000000e+02
9.500000000000000000e+02
1.243000000000000000e+03
1.243000000000000000e+03
1.937000000000000000e+03
1.937000000000000000e+03
1.689000000000000000e+03
2.342000000000000000e+03
2.342000000000000000e+03
2.342000000000000000e+03
2.342000000000000000e+03
6.150000000000000000e+02
6.150000000000000000e+02
6.150000000000000000e+02
6.150000000000000000e+02
9.270000000000000000e+02
1.624000000000000000e+03
1.624000000000000000e+03
1.624000000000000000e+03
1.624000000000000000e+03
1.886000000000000000e+03
2.410000000000000000e+02
2.420000000000000000e+02
2.390000000000000000e+02
2.400000000000000000e+02
1.640000000000000000e+02
1.640000000000000000e+02
1.640000000000000000e+02
1.640000000000000000e+02
1.640000000000000000e+02
6.580000000000000000e+02
6.580000000000000000e+02
6.580000000000000000e+02
1.903000000000000000e+03
1.903000000000000000e+03
1.902000000000000000e+03
1.902000000000000000e+03
1.834000000000000000e+03
1.778000000000000000e+03
1.613000000000000000e+03
7.910000000000000000e+02
1.939000000000000000e+03
3.778000000000000000e+03
1.255000000000000000e+03
1.255000000000000000e+03
1.873000000000000000e+03
9.620000000000000000e+02
9.620000000000000000e+02
9.620000000000000000e+02
9.620000000000000000e+02
3.431000000000000000e+03
7.960000000000000000e+02
7.960000000000000000e+02
2.523000000000000000e+03
6.131000000000000000e+03
1.491000000000000000e+03
1.491000000000000000e+03
1.883000000000000000e+03
9.390000000000000000e+02
9.390000000000000000e+02
9.390000000000000000e+02
2.343000000000000000e+03
2.343000000000000000e+03
2.343000000000000000e+03
2.343000000000000000e+03
1.887000000000000000e+03
1.876000000000000000e+03
8.580000000000000000e+02
3.474000000000000000e+03
9.970000000000000000e+02
1.199100000000000000e+04
1.950000000000000000e+03
6.000000000000000000e+02
6.000000000000000000e+02
3.270000000000000000e+03
3.786000000000000000e+03
2.160000000000000000e+03
8.316000000000000000e+03
3.270000000000000000e+03
7.900000000000000000e+02
1.303800000000000000e+04
1.303800000000000000e+04
1.520000000000000000e+03
1.520000000000000000e+03
8.500000000000000000e+02
8.500000000000000000e+02
8.500000000000000000e+02
8.500000000000000000e+02
8.500000000000000000e+02
8.500000000000000000e+02
2.170000000000000000e+03
1.679000000000000000e+03
1.770000000000000000e+03
9.910000000000000000e+02
5.540000000000000000e+02
1.925000000000000000e+03
1.000000000000000000e+03
1.000000000000000000e+03
1.929000000000000000e+03
1.929000000000000000e+03
1.928000000000000000e+03
7.890000000000000000e+02
7.890000000000000000e+02
1.885000000000000000e+03
7.320000000000000000e+03
1.736000000000000000e+03
6.470000000000000000e+02
6.470000000000000000e+02
6.470000000000000000e+02
6.470000000000000000e+02
6.470000000000000000e+02
6.470000000000000000e+02
6.470000000000000000e+02
6.470000000000000000e+02
6.470000000000000000e+02
6.470000000000000000e+02
3.473000000000000000e+03
1.963000000000000000e+03
1.963000000000000000e+03
3.186000000000000000e+03
3.186000000000000000e+03
3.186000000000000000e+03
3.186000000000000000e+03
3.186000000000000000e+03
3.186000000000000000e+03
9.250000000000000000e+02
9.250000000000000000e+02
9.540000000000000000e+02
1.776000000000000000e+03
1.810000000000000000e+03
1.810000000000000000e+03
1.810000000000000000e+03
3.179000000000000000e+03
3.179000000000000000e+03
6.310000000000000000e+02
6.310000000000000000e+02
9.950000000000000000e+02
2.620000000000000000e+02
8.910000000000000000e+02
1.735000000000000000e+03
1.783000000000000000e+03
1.867000000000000000e+03
3.182000000000000000e+03
3.182000000000000000e+03
3.183000000000000000e+03
3.183000000000000000e+03
3.183000000000000000e+03
3.183000000000000000e+03
3.183000000000000000e+03
1.252400000000000000e+04
1.252400000000000000e+04
1.252400000000000000e+04
6.160000000000000000e+02
1.175300000000000000e+04
1.175300000000000000e+04
1.870000000000000000e+03
3.527000000000000000e+03
3.527000000000000000e+03
2.150000000000000000e+02
2.150000000000000000e+02
1.972000000000000000e+03
8.330000000000000000e+02
1.012000000000000000e+03
2.169000000000000000e+03
1.935000000000000000e+03
1.495000000000000000e+03
1.495000000000000000e+03
1.495000000000000000e+03
1.495000000000000000e+03
1.874000000000000000e+03
1.874000000000000000e+03
1.494000000000000000e+03
1.494000000000000000e+03
1.878000000000000000e+03
1.879000000000000000e+03
1.409000000000000000e+03
1.633000000000000000e+03
1.633000000000000000e+03
1.633000000000000000e+03
3.272000000000000000e+03
3.272000000000000000e+03
6.060000000000000000e+02
1.918000000000000000e+03
7.700000000000000000e+01
1.919000000000000000e+03
1.919000000000000000e+03
1.872000000000000000e+03
3.271000000000000000e+03
3.271000000000000000e+03
3.271000000000000000e+03
1.920000000000000000e+03
1.920000000000000000e+03
5.260000000000000000e+02
5.260000000000000000e+02
5.260000000000000000e+02
5.260000000000000000e+02
5.250000000000000000e+02
5.250000000000000000e+02
5.250000000000000000e+02
5.250000000000000000e+02
1.092000000000000000e+03
1.092000000000000000e+03
1.092000000000000000e+03
1.892000000000000000e+03
8.590000000000000000e+02
1.881000000000000000e+03
4.075000000000000000e+03
1.962000000000000000e+03
1.962000000000000000e+03
2.337000000000000000e+03
2.337000000000000000e+03
2.337000000000000000e+03
2.337000000000000000e+03
2.372000000000000000e+03
2.372000000000000000e+03
2.372000000000000000e+03
2.372000000000000000e+03
2.372000000000000000e+03
2.372000000000000000e+03
2.372000000000000000e+03
2.372000000000000000e+03
2.372000000000000000e+03
2.372000000000000000e+03
9.810000000000000000e+02
8.060000000000000000e+02
9.900000000000000000e+01
9.903000000000000000e+03
6.740000000000000000e+02
1.448000000000000000e+03
5.600000000000000000e+02
9.700000000000000000e+01
9.700000000000000000e+01
9.700000000000000000e+01
2.528000000000000000e+03
1.525000000000000000e+03
2.870000000000000000e+02
2.870000000000000000e+02
2.870000000000000000e+02
2.870000000000000000e+02
2.870000000000000000e+02
2.870000000000000000e+02
2.870000000000000000e+02
6.550000000000000000e+02
6.550000000000000000e+02
2.858000000000000000e+03
1.803000000000000000e+03
5.280000000000000000e+02
8.640000000000000000e+02
6.480000000000000000e+02
6.450000000000000000e+02
6.450000000000000000e+02
5.900000000000000000e+01
5.900000000000000000e+01
5.900000000000000000e+01
5.900000000000000000e+01
5.900000000000000000e+01
5.900000000000000000e+01
5.900000000000000000e+01
5.900000000000000000e+01
5.900000000000000000e+01
5.900000000000000000e+01
5.900000000000000000e+01
5.900000000000000000e+01
2.619000000000000000e+03
9.430000000000000000e+02
9.430000000000000000e+02
2.341000000000000000e+03
2.341000000000000000e+03
2.341000000000000000e+03
2.341000000000000000e+03
9.980000000000000000e+02
3.046000000000000000e+03
3.046000000000000000e+03
3.046000000000000000e+03
3.046000000000000000e+03
3.043000000000000000e+03
3.043000000000000000e+03
3.043000000000000000e+03
3.043000000000000000e+03
8.670000000000000000e+02
8.670000000000000000e+02
8.670000000000000000e+02
3.524000000000000000e+03
3.524000000000000000e+03
7.500000000000000000e+01
7.500000000000000000e+01
1.400000000000000000e+01
7.566000000000000000e+03
6.040000000000000000e+02
3.040000000000000000e+03
3.040000000000000000e+03
3.040000000000000000e+03
3.040000000000000000e+03
3.184000000000000000e+03
3.184000000000000000e+03
6.168000000000000000e+03
6.168000000000000000e+03
6.168000000000000000e+03
1.869000000000000000e+03
2.340000000000000000e+03
2.340000000000000000e+03
2.340000000000000000e+03
2.340000000000000000e+03
9.690000000000000000e+02
9.690000000000000000e+02
3.801000000000000000e+03
3.801000000000000000e+03
3.644000000000000000e+03
3.644000000000000000e+03
1.868000000000000000e+03
1.889000000000000000e+03
1.890000000000000000e+03
2.796000000000000000e+03
2.795000000000000000e+03
2.793000000000000000e+03
2.794000000000000000e+03
1.665000000000000000e+03
8.200000000000000000e+02
4.042000000000000000e+03
4.042000000000000000e+03
3.495000000000000000e+03
1.951000000000000000e+03
1.951000000000000000e+03
1.951000000000000000e+03
8.800000000000000000e+01
8.800000000000000000e+01
1.630000000000000000e+02
1.630000000000000000e+02
1.630000000000000000e+02
1.630000000000000000e+02
6.270000000000000000e+02
6.270000000000000000e+02
3.820000000000000000e+02
3.820000000000000000e+02
3.820000000000000000e+02
3.820000000000000000e+02
3.820000000000000000e+02
3.820000000000000000e+02
1.807000000000000000e+03
3.185000000000000000e+03
3.185000000000000000e+03
4.567000000000000000e+03
1.340000000000000000e+02
2.080000000000000000e+02
2.080000000000000000e+02
2.080000000000000000e+02
2.080000000000000000e+02
2.080000000000000000e+02
2.080000000000000000e+02
2.080000000000000000e+02
2.080000000000000000e+02
2.080000000000000000e+02
2.080000000000000000e+02
2.080000000000000000e+02
2.080000000000000000e+02
2.080000000000000000e+02
2.080000000000000000e+02
2.080000000000000000e+02
2.080000000000000000e+02
2.080000000000000000e+02
2.080000000000000000e+02
2.080000000000000000e+02
1.378800000000000000e+04
1.378800000000000000e+04
1.664000000000000000e+03
1.069000000000000000e+03
1.497000000000000000e+03
9.740000000000000000e+02
9.740000000000000000e+02
9.740000000000000000e+02
9.740000000000000000e+02
1.175400000000000000e+04
1.175400000000000000e+04
1.175400000000000000e+04
6.520000000000000000e+02
6.520000000000000000e+02
1.961000000000000000e+03
1.961000000000000000e+03
5.680000000000000000e+02
5.680000000000000000e+02
5.680000000000000000e+02
5.680000000000000000e+02
9.740000000000000000e+02
9.740000000000000000e+02
9.740000000000000000e+02
9.740000000000000000e+02
3.786000000000000000e+03
2.160000000000000000e+03
1.409000000000000000e+03
1.633000000000000000e+03
1.633000000000000000e+03
1.633000000000000000e+03
3.272000000000000000e+03
3.272000000000000000e+03
3.526000000000000000e+03
3.526000000000000000e+03
1.930200000000000000e+04
2.257000000000000000e+03
