1.710300000000000000e+04
1.833300000000000000e+04
1.922200000000000000e+04
1.074700000000000000e+04
1.074700000000000000e+04
1.074700000000000000e+04
1.074700000000000000e+04
5.260000000000000000e+02
5.260000000000000000e+02
5.260000000000000000e+02
5.260000000000000000e+02
9.010000000000000000e+02
1.843000000000000000e+04
1.842900000000000000e+04
4.518000000000000000e+03
4.518000000000000000e+03
4.516000000000000000e+03
8.450000000000000000e+02
8.450000000000000000e+02
8.450000000000000000e+02
2.740000000000000000e+02
2.740000000000000000e+02
2.740000000000000000e+02
2.740000000000000000e+02
2.740000000000000000e+02
2.740000000000000000e+02
2.740000000000000000e+02
2.740000000000000000e+02
2.740000000000000000e+02
2.740000000000000000e+02
2.740000000000000000e+02
2.740000000000000000e+02
2.740000000000000000e+02
2.740000000000000000e+02
2.740000000000000000e+02
2.740000000000000000e+02
2.740000000000000000e+02
2.740000000000000000e+02
2.740000000000000000e+02
1.823000000000000000e+03
2.433000000000000000e+03
2.433000000000000000e+03
2.342000000000000000e+03
2.342000000000000000e+03
2.342000000000000000e+03
2.342000000000000000e+03
1.760000000000000000e+03
1.760000000000000000e+03
1.760000000000000000e+03
1.760000000000000000e+03
2.303000000000000000e+03
3.635000000000000000e+03
4.517000000000000000e+03
3.680000000000000000e+02
3.680000000000000000e+02
2.410000000000000000e+02
1.424000000000000000e+03
1.572000000000000000e+03
1.847000000000000000e+03
1.847000000000000000e+03
1.237300000000000000e+04
1.237300000000000000e+04
1.237300000000000000e+04
1.885000000000000000e+03
1.237300000000000000e+04
1.237300000000000000e+04
1.237300000000000000e+04
5.800000000000000000e+01
7.000000000000000000e+02
6.520000000000000000e+02
6.520000000000000000e+02
5.080000000000000000e+02
8.540000000000000000e+02
8.800000000000000000e+01
8.800000000000000000e+01
2.274000000000000000e+03
1.679000000000000000e+03
8.097000000000000000e+03
6.160000000000000000e+02
2.303000000000000000e+03
5.800000000000000000e+01
5.800000000000000000e+01
1.934000000000000000e+03
1.237300000000000000e+04
1.237300000000000000e+04
1.237300000000000000e+04
8.190000000000000000e+02
1.081000000000000000e+03
1.081000000000000000e+03
1.081000000000000000e+03
1.081000000000000000e+03
1.081000000000000000e+03
1.081000000000000000e+03
1.081000000000000000e+03
1.081000000000000000e+03
1.081000000000000000e+03
1.081000000000000000e+03
1.081000000000000000e+03
1.081000000000000000e+03
1.081000000000000000e+03
1.424000000000000000e+03
6.740000000000000000e+02
7.210000000000000000e+02
6.260000000000000000e+02
6.260000000000000000e+02
1.478000000000000000e+03
1.585000000000000000e+03
3.783000000000000000e+03
3.783000000000000000e+03
3.783000000000000000e+03
3.783000000000000000e+03
3.783000000000000000e+03
3.783000000000000000e+03
3.783000000000000000e+03
3.783000000000000000e+03
3.783000000000000000e+03
3.783000000000000000e+03
3.783000000000000000e+03
3.783000000000000000e+03
2.940000000000000000e+02
2.940000000000000000e+02
2.940000000000000000e+02
2.940000000000000000e+02
2.940000000000000000e+02
2.940000000000000000e+02
6.910000000000000000e+02
5.480000000000000000e+02
5.480000000000000000e+02
2.564000000000000000e+03
1.409000000000000000e+03
6.930000000000000000e+02
1.426000000000000000e+03
1.426000000000000000e+03
1.426000000000000000e+03
1.426000000000000000e+03
1.426000000000000000e+03
1.426000000000000000e+03
1.787000000000000000e+03
6.390000000000000000e+02
1.784000000000000000e+03
1.784000000000000000e+03
1.848000000000000000e+03
1.237300000000000000e+04
1.237300000000000000e+04
1.237300000000000000e+04
5.900000000000000000e+01
5.900000000000000000e+01
5.900000000000000000e+01
5.900000000000000000e+01
5.900000000000000000e+01
5.900000000000000000e+01
5.900000000000000000e+01
5.900000000000000000e+01
5.900000000000000000e+01
5.900000000000000000e+01
5.900000000000000000e+01
5.900000000000000000e+01
1.237300000000000000e+04
1.237300000000000000e+04
1.237300000000000000e+04
2.342000000000000000e+03
2.342000000000000000e+03
2.342000000000000000e+03
2.342000000000000000e+03
1.092000000000000000e+03
1.092000000000000000e+03
1.092000000000000000e+03
1.350000000000000000e+02
1.350000000000000000e+02
1.350000000000000000e+02
1.113000000000000000e+03
5.800000000000000000e+01
1.785000000000000000e+03
1.785000000000000000e+03
2.428000000000000000e+03
2.428000000000000000e+03
2.428000000000000000e+03
2.428000000000000000e+03
2.428000000000000000e+03
2.428000000000000000e+03
1.958000000000000000e+03
6.390000000000000000e+02
1.237300000000000000e+04
1.237300000000000000e+04
1.237300000000000000e+04
1.596000000000000000e+03
1.596000000000000000e+03
9.390000000000000000e+02
9.390000000000000000e+02
9.390000000000000000e+02
1.724000000000000000e+03
1.637000000000000000e+04
1.637000000000000000e+04
1.637000000000000000e+04
1.637000000000000000e+04
1.637000000000000000e+04
1.637000000000000000e+04
1.237300000000000000e+04
1.237300000000000000e+04
1.237300000000000000e+04
2.428000000000000000e+03
2.428000000000000000e+03
2.428000000000000000e+03
2.428000000000000000e+03
2.428000000000000000e+03
2.428000000000000000e+03
1.259000000000000000e+03
3.918000000000000000e+03
8.450000000000000000e+02
8.450000000000000000e+02
8.450000000000000000e+02
1.719000000000000000e+03
5.900000000000000000e+01
5.900000000000000000e+01
5.900000000000000000e+01
5.900000000000000000e+01
5.900000000000000000e+01
5.900000000000000000e+01
5.900000000000000000e+01
5.900000000000000000e+01
5.900000000000000000e+01
5.900000000000000000e+01
5.900000000000000000e+01
5.900000000000000000e+01
3.405000000000000000e+03
1.715000000000000000e+03
1.011000000000000000e+03
1.011000000000000000e+03
1.011000000000000000e+03
2.740000000000000000e+02
2.740000000000000000e+02
2.740000000000000000e+02
2.740000000000000000e+02
2.740000000000000000e+02
2.740000000000000000e+02
2.740000000000000000e+02
2.740000000000000000e+02
2.740000000000000000e+02
2.740000000000000000e+02
2.740000000000000000e+02
2.740000000000000000e+02
2.740000000000000000e+02
2.740000000000000000e+02
2.740000000000000000e+02
2.740000000000000000e+02
2.740000000000000000e+02
2.740000000000000000e+02
2.740000000000000000e+02
1.164500000000000000e+04
1.164500000000000000e+04
1.164500000000000000e+04
1.164500000000000000e+04
1.625000000000000000e+03
1.625000000000000000e+03
8.740000000000000000e+02
4.069000000000000000e+03
1.810000000000000000e+03
1.810000000000000000e+03
1.810000000000000000e+03
9.480000000000000000e+02
1.962000000000000000e+03
1.962000000000000000e+03
9.810000000000000000e+02
2.610000000000000000e+02
2.610000000000000000e+02
1.613000000000000000e+03
5.540000000000000000e+02
1.110000000000000000e+02
8.640000000000000000e+02
3.534000000000000000e+03
1.685000000000000000e+03
1.740000000000000000e+03
1.740000000000000000e+03
2.338000000000000000e+03
2.338000000000000000e+03
2.338000000000000000e+03
2.338000000000000000e+03
1.880000000000000000e+03
5.000000000000000000e+02
5.000000000000000000e+02
1.890000000000000000e+03
7.590000000000000000e+02
7.590000000000000000e+02
7.590000000000000000e+02
3.043000000000000000e+03
3.043000000000000000e+03
3.043000000000000000e+03
3.043000000000000000e+03
3.046000000000000000e+03
3.046000000000000000e+03
3.046000000000000000e+03
3.046000000000000000e+03
1.434000000000000000e+03
2.517000000000000000e+03
1.340000000000000000e+02
3.820000000000000000e+02
3.820000000000000000e+02
3.820000000000000000e+02
3.820000000000000000e+02
3.820000000000000000e+02
3.820000000000000000e+02
1.933000000000000000e+03
1.915000000000000000e+03
1.952000000000000000e+03
3.841000000000000000e+03
3.841000000000000000e+03
3.650000000000000000e+03
3.637000000000000000e+03
3.752000000000000000e+03
3.630000000000000000e+02
3.620000000000000000e+02
3.750000000000000000e+03
3.720000000000000000e+02
3.720000000000000000e+02
3.639000000000000000e+03
7.480000000000000000e+02
3.787000000000000000e+03
3.787000000000000000e+03
3.787000000000000000e+03
3.787000000000000000e+03
3.787000000000000000e+03
3.787000000000000000e+03
3.787000000000000000e+03
3.787000000000000000e+03
3.787000000000000000e+03
3.787000000000000000e+03
3.787000000000000000e+03
3.787000000000000000e+03
3.787000000000000000e+03
1.895000000000000000e+03
1.895000000000000000e+03
1.895000000000000000e+03
1.895000000000000000e+03
1.895000000000000000e+03
1.444100000000000000e+04
2.150000000000000000e+02
2.150000000000000000e+02
3.430000000000000000e+02
3.420000000000000000e+02
3.410000000000000000e+02
3.400000000000000000e+02
3.390000000000000000e+02
3.380000000000000000e+02
3.370000000000000000e+02
3.340000000000000000e+02
3.330000000000000000e+02
3.320000000000000000e+02
3.310000000000000000e+02
3.300000000000000000e+02
1.610000000000000000e+03
7.890000000000000000e+02
7.890000000000000000e+02
6.550000000000000000e+02
6.550000000000000000e+02
2.400000000000000000e+02
2.390000000000000000e+02
1.744000000000000000e+03
1.778000000000000000e+03
2.340000000000000000e+03
2.340000000000000000e+03
2.340000000000000000e+03
2.340000000000000000e+03
1.611000000000000000e+03
7.970000000000000000e+02
7.970000000000000000e+02
7.970000000000000000e+02
1.230800000000000000e+04
1.873000000000000000e+03
6.040000000000000000e+02
8.260000000000000000e+02
8.260000000000000000e+02
8.260000000000000000e+02
8.260000000000000000e+02
4.320000000000000000e+02
4.320000000000000000e+02
4.320000000000000000e+02
1.939000000000000000e+03
1.950000000000000000e+03
1.595000000000000000e+03
1.114000000000000000e+03
1.114000000000000000e+03
1.114000000000000000e+03
1.114000000000000000e+03
1.114000000000000000e+03
1.061000000000000000e+03
1.061000000000000000e+03
1.061000000000000000e+03
1.061000000000000000e+03
1.061000000000000000e+03
1.061000000000000000e+03
1.061000000000000000e+03
1.061000000000000000e+03
1.061000000000000000e+03
1.061000000000000000e+03
1.870000000000000000e+03
1.241000000000000000e+03
1.849000000000000000e+03
1.886000000000000000e+03
1.610000000000000000e+02
1.610000000000000000e+02
1.610000000000000000e+02
1.610000000000000000e+02
6.270000000000000000e+02
6.270000000000000000e+02
1.340000000000000000e+02
8.500000000000000000e+02
8.500000000000000000e+02
8.500000000000000000e+02
8.500000000000000000e+02
8.500000000000000000e+02
8.500000000000000000e+02
2.400000000000000000e+01
2.400000000000000000e+01
3.310000000000000000e+02
2.660000000000000000e+02
2.660000000000000000e+02
2.660000000000000000e+02
1.673000000000000000e+03
1.673000000000000000e+03
7.400000000000000000e+01
7.400000000000000000e+01
7.400000000000000000e+01
1.935000000000000000e+03
1.443000000000000000e+03
3.921000000000000000e+03
3.921000000000000000e+03
3.921000000000000000e+03
3.921000000000000000e+03
2.080000000000000000e+02
2.080000000000000000e+02
2.080000000000000000e+02
2.080000000000000000e+02
2.080000000000000000e+02
2.080000000000000000e+02
2.080000000000000000e+02
2.080000000000000000e+02
2.080000000000000000e+02
2.080000000000000000e+02
2.080000000000000000e+02
2.080000000000000000e+02
2.080000000000000000e+02
2.080000000000000000e+02
2.080000000000000000e+02
2.080000000000000000e+02
2.080000000000000000e+02
2.080000000000000000e+02
2.080000000000000000e+02
1.303800000000000000e+04
1.303800000000000000e+04
2.610000000000000000e+02
2.610000000000000000e+02
3.270000000000000000e+03
1.524000000000000000e+03
1.175500000000000000e+04
1.175500000000000000e+04
1.814000000000000000e+03
2.501000000000000000e+03
1.089000000000000000e+03
1.089000000000000000e+03
8.170000000000000000e+02
8.170000000000000000e+02
8.170000000000000000e+02
1.300000000000000000e+01
1.300000000000000000e+01
1.300000000000000000e+01
7.650000000000000000e+02
1.465000000000000000e+03
9.900000000000000000e+01
1.921000000000000000e+03
9.620000000000000000e+02
9.620000000000000000e+02
9.620000000000000000e+02
9.620000000000000000e+02
1.783000000000000000e+03
8.310000000000000000e+02
8.310000000000000000e+02
1.012000000000000000e+03
2.517000000000000000e+03
3.786000000000000000e+03
2.493000000000000000e+03
1.175200000000000000e+04
1.175200000000000000e+04
7.570000000000000000e+02
7.570000000000000000e+02
7.570000000000000000e+02
1.881000000000000000e+03
3.182000000000000000e+03
3.182000000000000000e+03
8.760000000000000000e+02
8.760000000000000000e+02
8.760000000000000000e+02
8.760000000000000000e+02
8.760000000000000000e+02
8.760000000000000000e+02
8.760000000000000000e+02
8.760000000000000000e+02
8.760000000000000000e+02
8.760000000000000000e+02
8.760000000000000000e+02
8.760000000000000000e+02
8.760000000000000000e+02
8.760000000000000000e+02
8.760000000000000000e+02
8.760000000000000000e+02
8.760000000000000000e+02
8.760000000000000000e+02
8.760000000000000000e+02
1.029000000000000000e+03
1.028000000000000000e+03
1.425000000000000000e+03
1.425000000000000000e+03
9.280000000000000000e+02
1.868000000000000000e+03
9.758000000000000000e+03
9.758000000000000000e+03
1.605500000000000000e+04
1.605500000000000000e+04
1.590000000000000000e+03
4.561000000000000000e+03
1.754000000000000000e+03
1.754000000000000000e+03
7.630000000000000000e+02
1.776000000000000000e+03
1.126000000000000000e+03
1.126000000000000000e+03
1.869000000000000000e+03
6.153000000000000000e+03
1.175300000000000000e+04
1.175300000000000000e+04
3.840000000000000000e+02
3.840000000000000000e+02
3.840000000000000000e+02
9.410000000000000000e+02
9.410000000000000000e+02
7.880000000000000000e+02
7.880000000000000000e+02
8.780000000000000000e+02
3.370000000000000000e+02
3.380000000000000000e+02
3.390000000000000000e+02
3.400000000000000000e+02
3.410000000000000000e+02
3.420000000000000000e+02
3.430000000000000000e+02
1.225100000000000000e+04
1.053600000000000000e+04
7.640000000000000000e+02
1.951000000000000000e+03
1.951000000000000000e+03
1.951000000000000000e+03
7.407000000000000000e+03
7.407000000000000000e+03
7.407000000000000000e+03
7.407000000000000000e+03
7.407000000000000000e+03
7.407000000000000000e+03
7.407000000000000000e+03
7.407000000000000000e+03
7.407000000000000000e+03
7.407000000000000000e+03
7.407000000000000000e+03
7.407000000000000000e+03
1.665000000000000000e+03
8.591000000000000000e+03
8.591000000000000000e+03
7.670000000000000000e+02
1.563300000000000000e+04
7.407000000000000000e+03
7.407000000000000000e+03
7.407000000000000000e+03
7.407000000000000000e+03
7.407000000000000000e+03
7.407000000000000000e+03
7.407000000000000000e+03
7.407000000000000000e+03
7.407000000000000000e+03
7.407000000000000000e+03
7.407000000000000000e+03
7.407000000000000000e+03
1.790000000000000000e+03
2.276000000000000000e+03
2.276000000000000000e+03
2.259000000000000000e+03
2.275000000000000000e+03
1.752000000000000000e+03
1.752000000000000000e+03
1.892000000000000000e+03
1.252400000000000000e+04
1.252400000000000000e+04
1.252400000000000000e+04
8.720000000000000000e+02
1.733000000000000000e+03
1.733000000000000000e+03
1.400000000000000000e+01
1.770000000000000000e+03
1.929000000000000000e+03
1.929000000000000000e+03
3.781000000000000000e+03
3.781000000000000000e+03
3.781000000000000000e+03
7.566000000000000000e+03
7.910000000000000000e+02
2.305000000000000000e+03
2.337000000000000000e+03
2.337000000000000000e+03
2.337000000000000000e+03
2.337000000000000000e+03
6.150000000000000000e+02
6.150000000000000000e+02
6.150000000000000000e+02
6.150000000000000000e+02
6.150000000000000000e+02
6.150000000000000000e+02
6.150000000000000000e+02
6.150000000000000000e+02
1.428700000000000000e+04
1.556000000000000000e+03
1.556000000000000000e+03
1.556000000000000000e+03
1.737000000000000000e+03
1.737000000000000000e+03
2.280000000000000000e+02
9.570000000000000000e+02
9.570000000000000000e+02
3.900000000000000000e+02
9.190000000000000000e+02
1.640000000000000000e+03
1.640000000000000000e+03
1.624000000000000000e+03
1.624000000000000000e+03
1.624000000000000000e+03
1.624000000000000000e+03
1.963000000000000000e+03
1.963000000000000000e+03
4.487000000000000000e+03
4.487000000000000000e+03
4.487000000000000000e+03
8.590000000000000000e+02
3.250000000000000000e+02
3.240000000000000000e+02
3.240000000000000000e+02
7.106000000000000000e+03
1.110000000000000000e+02
8.640000000000000000e+02
2.970000000000000000e+02
2.970000000000000000e+02
6.949000000000000000e+03
6.949000000000000000e+03
5.979000000000000000e+03
6.050000000000000000e+02
6.050000000000000000e+02
6.050000000000000000e+02
6.168000000000000000e+03
6.168000000000000000e+03
6.168000000000000000e+03
8.260000000000000000e+02
8.260000000000000000e+02
8.260000000000000000e+02
8.260000000000000000e+02
4.530000000000000000e+02
6.770000000000000000e+02
1.636300000000000000e+04
1.636300000000000000e+04
1.636300000000000000e+04
1.636300000000000000e+04
1.636300000000000000e+04
1.636300000000000000e+04
1.636300000000000000e+04
1.636300000000000000e+04
2.536000000000000000e+03
1.745000000000000000e+03
3.271000000000000000e+03
3.271000000000000000e+03
3.271000000000000000e+03
8.500000000000000000e+02
8.500000000000000000e+02
8.500000000000000000e+02
8.500000000000000000e+02
8.500000000000000000e+02
8.500000000000000000e+02
3.524000000000000000e+03
3.524000000000000000e+03
2.337000000000000000e+03
2.337000000000000000e+03
2.337000000000000000e+03
2.337000000000000000e+03
5.349000000000000000e+03
5.349000000000000000e+03
5.349000000000000000e+03
5.349000000000000000e+03
5.349000000000000000e+03
5.349000000000000000e+03
5.349000000000000000e+03
5.349000000000000000e+03
5.349000000000000000e+03
5.349000000000000000e+03
5.349000000000000000e+03
5.349000000000000000e+03
5.349000000000000000e+03
5.349000000000000000e+03
5.349000000000000000e+03
5.349000000000000000e+03
5.349000000000000000e+03
5.349000000000000000e+03
5.349000000000000000e+03
5.349000000000000000e+03
1.673000000000000000e+03
1.673000000000000000e+03
6.580000000000000000e+02
6.580000000000000000e+02
6.580000000000000000e+02
1.923000000000000000e+03
1.673000000000000000e+03
1.673000000000000000e+03
5.300000000000000000e+01
5.300000000000000000e+01
5.300000000000000000e+01
5.300000000000000000e+01
5.300000000000000000e+01
5.300000000000000000e+01
1.653000000000000000e+03
1.653000000000000000e+03
1.653000000000000000e+03
1.653000000000000000e+03
1.653000000000000000e+03
1.653000000000000000e+03
1.653000000000000000e+03
1.652000000000000000e+03
1.652000000000000000e+03
1.652000000000000000e+03
1.652000000000000000e+03
1.652000000000000000e+03
1.652000000000000000e+03
1.652000000000000000e+03
1.687000000000000000e+03
1.687000000000000000e+03
1.687000000000000000e+03
8.260000000000000000e+02
8.260000000000000000e+02
8.260000000000000000e+02
8.260000000000000000e+02
1.754000000000000000e+03
1.754000000000000000e+03
1.448000000000000000e+03
1.586000000000000000e+03
9.280000000000000000e+02
8.200000000000000000e+02
1.491000000000000000e+03
1.491000000000000000e+03
1.627000000000000000e+03
6.041000000000000000e+03
5.606000000000000000e+03
5.606000000000000000e+03
7.500000000000000000e+01
7.500000000000000000e+01
3.820000000000000000e+02
3.820000000000000000e+02
3.820000000000000000e+02
3.820000000000000000e+02
3.820000000000000000e+02
3.820000000000000000e+02
3.300000000000000000e+02
3.310000000000000000e+02
1.337800000000000000e+04
3.340000000000000000e+02
3.370000000000000000e+02
3.380000000000000000e+02
3.390000000000000000e+02
3.400000000000000000e+02
3.410000000000000000e+02
3.420000000000000000e+02
3.430000000000000000e+02
6.966000000000000000e+03
6.966000000000000000e+03
2.590000000000000000e+02
4.487000000000000000e+03
4.487000000000000000e+03
4.487000000000000000e+03
5.606000000000000000e+03
5.606000000000000000e+03
1.803000000000000000e+03
6.167000000000000000e+03
9.540000000000000000e+02
1.328200000000000000e+04
3.787000000000000000e+03
3.787000000000000000e+03
3.787000000000000000e+03
3.787000000000000000e+03
3.787000000000000000e+03
3.787000000000000000e+03
3.787000000000000000e+03
3.787000000000000000e+03
3.787000000000000000e+03
3.787000000000000000e+03
3.787000000000000000e+03
3.787000000000000000e+03
3.787000000000000000e+03
4.260000000000000000e+02
4.250000000000000000e+02
3.186000000000000000e+03
3.186000000000000000e+03
3.186000000000000000e+03
3.186000000000000000e+03
3.186000000000000000e+03
3.186000000000000000e+03
1.756000000000000000e+03
1.756000000000000000e+03
3.330000000000000000e+02
3.320000000000000000e+02
2.750000000000000000e+02
2.750000000000000000e+02
2.750000000000000000e+02
2.750000000000000000e+02
1.589000000000000000e+03
1.588000000000000000e+03
1.887000000000000000e+03
2.434000000000000000e+03
2.434000000000000000e+03
1.872000000000000000e+03
8.330000000000000000e+02
1.376600000000000000e+04
8.120000000000000000e+02
8.120000000000000000e+02
8.120000000000000000e+02
8.120000000000000000e+02
8.120000000000000000e+02
8.120000000000000000e+02
8.120000000000000000e+02
9.910000000000000000e+02
2.435000000000000000e+03
2.435000000000000000e+03
6.550000000000000000e+02
6.550000000000000000e+02
1.867000000000000000e+03
9.790000000000000000e+02
9.790000000000000000e+02
1.937000000000000000e+03
1.937000000000000000e+03
1.681000000000000000e+03
1.681000000000000000e+03
1.681000000000000000e+03
9.120000000000000000e+02
3.040000000000000000e+03
3.040000000000000000e+03
3.040000000000000000e+03
3.040000000000000000e+03
1.673000000000000000e+03
1.673000000000000000e+03
3.495000000000000000e+03
2.780000000000000000e+02
2.780000000000000000e+02
3.517000000000000000e+03
9.460000000000000000e+02
7.880000000000000000e+02
7.880000000000000000e+02
3.150000000000000000e+03
3.149000000000000000e+03
7.880000000000000000e+02
7.880000000000000000e+02
3.147000000000000000e+03
1.175400000000000000e+04
1.175400000000000000e+04
1.175400000000000000e+04
6.090000000000000000e+02
2.825000000000000000e+03
9.450000000000000000e+02
9.450000000000000000e+02
9.450000000000000000e+02
7.930000000000000000e+02
1.738000000000000000e+03
1.738000000000000000e+03
1.738000000000000000e+03
1.465000000000000000e+03
1.620000000000000000e+03
1.620000000000000000e+03
1.805000000000000000e+03
1.805000000000000000e+03
5.349000000000000000e+03
5.349000000000000000e+03
5.349000000000000000e+03
5.349000000000000000e+03
5.349000000000000000e+03
5.349000000000000000e+03
5.349000000000000000e+03
5.349000000000000000e+03
5.349000000000000000e+03
5.349000000000000000e+03
1.621300000000000000e+04
1.621300000000000000e+04
1.621200000000000000e+04
7.600000000000000000e+02
7.600000000000000000e+02
7.600000000000000000e+02
7.600000000000000000e+02
7.600000000000000000e+02
7.600000000000000000e+02
7.600000000000000000e+02
9.690000000000000000e+02
9.690000000000000000e+02
9.420000000000000000e+02
9.420000000000000000e+02
6.550000000000000000e+02
6.550000000000000000e+02
9.458000000000000000e+03
9.458000000000000000e+03
9.458000000000000000e+03
9.458000000000000000e+03
9.458000000000000000e+03
9.458000000000000000e+03
9.458000000000000000e+03
9.458000000000000000e+03
9.458000000000000000e+03
9.458000000000000000e+03
8.730000000000000000e+02
8.730000000000000000e+02
8.730000000000000000e+02
8.730000000000000000e+02
8.730000000000000000e+02
1.620000000000000000e+02
1.620000000000000000e+02
1.620000000000000000e+02
1.620000000000000000e+02
1.657000000000000000e+03
1.657000000000000000e+03
1.609000000000000000e+03
8.120000000000000000e+02
8.120000000000000000e+02
8.120000000000000000e+02
8.120000000000000000e+02
8.120000000000000000e+02
8.120000000000000000e+02
8.120000000000000000e+02
6.450000000000000000e+02
6.450000000000000000e+02
1.495000000000000000e+03
1.495000000000000000e+03
1.495000000000000000e+03
1.495000000000000000e+03
1.737000000000000000e+03
1.737000000000000000e+03
1.952000000000000000e+03
3.525000000000000000e+03
3.525000000000000000e+03
3.525000000000000000e+03
9.730000000000000000e+02
1.591600000000000000e+04
1.591600000000000000e+04
1.591600000000000000e+04
1.591600000000000000e+04
1.711000000000000000e+03
2.474000000000000000e+03
1.662000000000000000e+03
2.474000000000000000e+03
6.000000000000000000e+02
6.000000000000000000e+02
3.179000000000000000e+03
3.179000000000000000e+03
3.183000000000000000e+03
3.183000000000000000e+03
3.183000000000000000e+03
3.183000000000000000e+03
3.183000000000000000e+03
8.580000000000000000e+02
8.060000000000000000e+02
1.007000000000000000e+03
3.778000000000000000e+03
6.131000000000000000e+03
1.230800000000000000e+04
3.273000000000000000e+03
3.273000000000000000e+03
1.779000000000000000e+03
3.000000000000000000e+00
3.000000000000000000e+00
1.591000000000000000e+03
1.952000000000000000e+03
9.500000000000000000e+02
2.630000000000000000e+02
2.630000000000000000e+02
2.630000000000000000e+02
1.590000000000000000e+03
2.528000000000000000e+03
9.700000000000000000e+01
9.700000000000000000e+01
9.700000000000000000e+01
1.126000000000000000e+03
1.126000000000000000e+03
1.138100000000000000e+04
1.138100000000000000e+04
1.138100000000000000e+04
1.138100000000000000e+04
1.138100000000000000e+04
1.138100000000000000e+04
1.138100000000000000e+04
1.138100000000000000e+04
6.840000000000000000e+02
6.840000000000000000e+02
6.840000000000000000e+02
1.808000000000000000e+03
1.808000000000000000e+03
1.961000000000000000e+03
1.961000000000000000e+03
2.160000000000000000e+03
6.480000000000000000e+02
3.621000000000000000e+03
3.621000000000000000e+03
4.075000000000000000e+03
2.548000000000000000e+03
2.548000000000000000e+03
2.548000000000000000e+03
1.875000000000000000e+03
1.875000000000000000e+03
3.801000000000000000e+03
3.801000000000000000e+03
2.341000000000000000e+03
2.341000000000000000e+03
2.341000000000000000e+03
2.341000000000000000e+03
1.649000000000000000e+03
1.703000000000000000e+03
1.703000000000000000e+03
1.703000000000000000e+03
1.703000000000000000e+03
1.703000000000000000e+03
1.703000000000000000e+03
1.703000000000000000e+03
1.703000000000000000e+03
1.703000000000000000e+03
1.703000000000000000e+03
1.703000000000000000e+03
1.704000000000000000e+03
1.704000000000000000e+03
1.704000000000000000e+03
1.704000000000000000e+03
1.704000000000000000e+03
5.200000000000000000e+01
5.200000000000000000e+01
5.200000000000000000e+01
8.490000000000000000e+02
7.610000000000000000e+02
2.377000000000000000e+03
7.730000000000000000e+02
7.730000000000000000e+02
1.076400000000000000e+04
6.580000000000000000e+02
6.580000000000000000e+02
6.580000000000000000e+02
1.640000000000000000e+02
1.640000000000000000e+02
1.640000000000000000e+02
1.640000000000000000e+02
1.640000000000000000e+02
7.516000000000000000e+03
7.516000000000000000e+03
7.516000000000000000e+03
7.516000000000000000e+03
7.516000000000000000e+03
7.516000000000000000e+03
7.516000000000000000e+03
7.516000000000000000e+03
4.590000000000000000e+02
1.938000000000000000e+03
1.494000000000000000e+03
1.494000000000000000e+03
3.269000000000000000e+03
1.945000000000000000e+03
1.468000000000000000e+03
1.712000000000000000e+03
7.620000000000000000e+02
6.480000000000000000e+02
2.520000000000000000e+02
2.520000000000000000e+02
2.520000000000000000e+02
1.633000000000000000e+03
1.633000000000000000e+03
1.633000000000000000e+03
1.524000000000000000e+03
4.490000000000000000e+02
4.490000000000000000e+02
3.760000000000000000e+02
1.190000000000000000e+03
1.190000000000000000e+03
1.190000000000000000e+03
1.190000000000000000e+03
1.190000000000000000e+03
1.693700000000000000e+04
1.693600000000000000e+04
1.693700000000000000e+04
1.218000000000000000e+03
4.320000000000000000e+02
4.320000000000000000e+02
4.320000000000000000e+02
6.560000000000000000e+02
6.560000000000000000e+02
4.069000000000000000e+03
4.567000000000000000e+03
3.180000000000000000e+02
1.735000000000000000e+03
8.000000000000000000e+02
1.736000000000000000e+03
9.903000000000000000e+03
1.256000000000000000e+03
1.256000000000000000e+03
1.918000000000000000e+03
7.030000000000000000e+02
1.647000000000000000e+03
7.910000000000000000e+02
6.700000000000000000e+01
5.343000000000000000e+03
5.343000000000000000e+03
5.343000000000000000e+03
5.343000000000000000e+03
1.599000000000000000e+03
1.599000000000000000e+03
1.845000000000000000e+03
1.698000000000000000e+03
2.492000000000000000e+03
3.526000000000000000e+03
3.526000000000000000e+03
6.015000000000000000e+03
6.400000000000000000e+02
1.233900000000000000e+04
1.233900000000000000e+04
1.233900000000000000e+04
1.233900000000000000e+04
5.349000000000000000e+03
5.349000000000000000e+03
5.349000000000000000e+03
5.349000000000000000e+03
5.349000000000000000e+03
5.349000000000000000e+03
5.349000000000000000e+03
5.349000000000000000e+03
5.349000000000000000e+03
5.349000000000000000e+03
1.068000000000000000e+04
1.068000000000000000e+04
1.068000000000000000e+04
1.874000000000000000e+03
1.874000000000000000e+03
1.512000000000000000e+03
1.512000000000000000e+03
1.512000000000000000e+03
2.900000000000000000e+01
2.437000000000000000e+03
1.883000000000000000e+03
3.644000000000000000e+03
3.644000000000000000e+03
7.940000000000000000e+02
9.400000000000000000e+02
9.400000000000000000e+02
9.400000000000000000e+02
9.400000000000000000e+02
9.400000000000000000e+02
9.400000000000000000e+02
9.400000000000000000e+02
9.400000000000000000e+02
9.400000000000000000e+02
9.400000000000000000e+02
9.400000000000000000e+02
9.400000000000000000e+02
9.400000000000000000e+02
9.400000000000000000e+02
2.613000000000000000e+03
1.194000000000000000e+03
1.201000000000000000e+03
1.201000000000000000e+03
8.120000000000000000e+02
8.120000000000000000e+02
8.120000000000000000e+02
8.120000000000000000e+02
8.120000000000000000e+02
8.120000000000000000e+02
8.120000000000000000e+02
1.171700000000000000e+04
1.171700000000000000e+04
8.600000000000000000e+02
8.600000000000000000e+02
1.876000000000000000e+03
1.955000000000000000e+03
1.955000000000000000e+03
1.955000000000000000e+03
1.955000000000000000e+03
1.955000000000000000e+03
7.880000000000000000e+02
7.880000000000000000e+02
1.940000000000000000e+03
1.450000000000000000e+02
1.304300000000000000e+04
9.300000000000000000e+02
2.860000000000000000e+02
2.860000000000000000e+02
2.860000000000000000e+02
2.860000000000000000e+02
1.438000000000000000e+03
1.438000000000000000e+03
2.523000000000000000e+03
1.779000000000000000e+03
1.889000000000000000e+03
2.825000000000000000e+03
8.910000000000000000e+02
7.960000000000000000e+02
7.960000000000000000e+02
6.131000000000000000e+03
1.251000000000000000e+03
1.251000000000000000e+03
1.637000000000000000e+03
1.638000000000000000e+03
3.474000000000000000e+03
1.734000000000000000e+03
2.810000000000000000e+02
2.810000000000000000e+02
1.465200000000000000e+04
1.465200000000000000e+04
1.697000000000000000e+03
1.697000000000000000e+03
1.697000000000000000e+03
9.250000000000000000e+02
9.250000000000000000e+02
1.378800000000000000e+04
1.378800000000000000e+04
7.900000000000000000e+02
3.820000000000000000e+02
3.820000000000000000e+02
3.820000000000000000e+02
3.820000000000000000e+02
3.820000000000000000e+02
3.820000000000000000e+02
1.129000000000000000e+03
1.866000000000000000e+03
1.972000000000000000e+03
1.714000000000000000e+03
1.755000000000000000e+03
9.790000000000000000e+02
9.790000000000000000e+02
3.550000000000000000e+02
3.550000000000000000e+02
3.550000000000000000e+02
1.330000000000000000e+02
3.527000000000000000e+03
3.527000000000000000e+03
1.772000000000000000e+03
1.772000000000000000e+03
2.527000000000000000e+03
2.527000000000000000e+03
2.527000000000000000e+03
1.200000000000000000e+01
5.700000000000000000e+01
5.700000000000000000e+01
1.902000000000000000e+03
1.902000000000000000e+03
1.689000000000000000e+03
1.956000000000000000e+03
1.956000000000000000e+03
1.956000000000000000e+03
1.956000000000000000e+03
1.956000000000000000e+03
6.060000000000000000e+02
5.349000000000000000e+03
5.349000000000000000e+03
5.349000000000000000e+03
5.349000000000000000e+03
5.349000000000000000e+03
5.349000000000000000e+03
5.349000000000000000e+03
5.349000000000000000e+03
5.349000000000000000e+03
5.349000000000000000e+03
5.349000000000000000e+03
5.349000000000000000e+03
5.349000000000000000e+03
5.349000000000000000e+03
5.349000000000000000e+03
5.349000000000000000e+03
5.349000000000000000e+03
5.349000000000000000e+03
5.349000000000000000e+03
5.349000000000000000e+03
5.349000000000000000e+03
5.349000000000000000e+03
5.349000000000000000e+03
5.349000000000000000e+03
5.349000000000000000e+03
5.349000000000000000e+03
5.349000000000000000e+03
5.349000000000000000e+03
5.349000000000000000e+03
5.349000000000000000e+03
1.201000000000000000e+03
3.100000000000000000e+01
3.100000000000000000e+01
3.100000000000000000e+01
1.587600000000000000e+04
2.590000000000000000e+02
1.378900000000000000e+04
1.378900000000000000e+04
1.378900000000000000e+04
6.966000000000000000e+03
6.966000000000000000e+03
1.924000000000000000e+03
2.563000000000000000e+03
2.563000000000000000e+03
1.925000000000000000e+03
1.000000000000000000e+03
1.000000000000000000e+03
1.928000000000000000e+03
9.270000000000000000e+02
1.340000000000000000e+02
5.349000000000000000e+03
5.349000000000000000e+03
5.349000000000000000e+03
5.349000000000000000e+03
5.349000000000000000e+03
5.349000000000000000e+03
5.349000000000000000e+03
5.349000000000000000e+03
5.349000000000000000e+03
5.349000000000000000e+03
1.809000000000000000e+03
9.458000000000000000e+03
9.458000000000000000e+03
9.458000000000000000e+03
9.458000000000000000e+03
9.458000000000000000e+03
9.458000000000000000e+03
9.458000000000000000e+03
9.458000000000000000e+03
9.458000000000000000e+03
9.458000000000000000e+03
3.823000000000000000e+03
3.823000000000000000e+03
3.781000000000000000e+03
3.781000000000000000e+03
3.781000000000000000e+03
3.385000000000000000e+03
2.343000000000000000e+03
2.343000000000000000e+03
2.343000000000000000e+03
2.343000000000000000e+03
6.020000000000000000e+02
6.020000000000000000e+02
1.117500000000000000e+04
1.117500000000000000e+04
4.570000000000000000e+02
4.570000000000000000e+02
4.510000000000000000e+02
6.880000000000000000e+02
6.410000000000000000e+02
3.840000000000000000e+02
3.840000000000000000e+02
3.840000000000000000e+02
5.660000000000000000e+02
5.343000000000000000e+03
5.343000000000000000e+03
5.343000000000000000e+03
5.343000000000000000e+03
1.061000000000000000e+03
1.061000000000000000e+03
1.061000000000000000e+03
1.061000000000000000e+03
1.061000000000000000e+03
1.061000000000000000e+03
1.061000000000000000e+03
1.061000000000000000e+03
1.061000000000000000e+03
1.061000000000000000e+03
5.349000000000000000e+03
5.349000000000000000e+03
5.349000000000000000e+03
5.349000000000000000e+03
5.349000000000000000e+03
5.349000000000000000e+03
5.349000000000000000e+03
5.349000000000000000e+03
5.349000000000000000e+03
5.349000000000000000e+03
7.106000000000000000e+03
1.744000000000000000e+03
1.775000000000000000e+03
6.966000000000000000e+03
6.966000000000000000e+03
7.660000000000000000e+02
1.817000000000000000e+03
1.696000000000000000e+03
1.696000000000000000e+03
1.696000000000000000e+03
1.695000000000000000e+03
1.695000000000000000e+03
1.695000000000000000e+03
1.893000000000000000e+03
1.903000000000000000e+03
1.903000000000000000e+03
7.046000000000000000e+03
1.178200000000000000e+04
3.670000000000000000e+02
3.920000000000000000e+02
3.920000000000000000e+02
2.650000000000000000e+02
2.650000000000000000e+02
2.650000000000000000e+02
9.510000000000000000e+02
1.897000000000000000e+03
1.897000000000000000e+03
1.897000000000000000e+03
1.897000000000000000e+03
1.617100000000000000e+04
1.190000000000000000e+03
1.190000000000000000e+03
1.190000000000000000e+03
1.190000000000000000e+03
1.190000000000000000e+03
1.218000000000000000e+03
5.250000000000000000e+02
5.250000000000000000e+02
5.250000000000000000e+02
5.250000000000000000e+02
1.768600000000000000e+04
1.533000000000000000e+03
1.783600000000000000e+04
1.190000000000000000e+03
1.190000000000000000e+03
1.190000000000000000e+03
1.190000000000000000e+03
1.190000000000000000e+03
1.130000000000000000e+03
1.130000000000000000e+03
1.130000000000000000e+03
1.130000000000000000e+03
1.130000000000000000e+03
1.130000000000000000e+03
9.710000000000000000e+02
1.783600000000000000e+04
1.791000000000000000e+03
2.540000000000000000e+02
1.658000000000000000e+03
1.658000000000000000e+03
1.739000000000000000e+03
1.739000000000000000e+03
1.739000000000000000e+03
1.739000000000000000e+03
1.739000000000000000e+03
1.739000000000000000e+03
1.739000000000000000e+03
1.739000000000000000e+03
2.090000000000000000e+02
2.090000000000000000e+02
2.090000000000000000e+02
2.090000000000000000e+02
2.090000000000000000e+02
2.090000000000000000e+02
2.090000000000000000e+02
2.090000000000000000e+02
1.280000000000000000e+02
1.280000000000000000e+02
1.280000000000000000e+02
1.280000000000000000e+02
1.280000000000000000e+02
1.280000000000000000e+02
1.280000000000000000e+02
1.280000000000000000e+02
1.280000000000000000e+02
1.280000000000000000e+02
1.280000000000000000e+02
1.280000000000000000e+02
1.280000000000000000e+02
1.280000000000000000e+02
1.280000000000000000e+02
1.280000000000000000e+02
1.280000000000000000e+02
1.280000000000000000e+02
1.280000000000000000e+02
1.280000000000000000e+02
1.280000000000000000e+02
1.280000000000000000e+02
1.280000000000000000e+02
1.280000000000000000e+02
1.280000000000000000e+02
1.280000000000000000e+02
1.280000000000000000e+02
1.280000000000000000e+02
1.280000000000000000e+02
1.280000000000000000e+02
1.280000000000000000e+02
1.280000000000000000e+02
1.280000000000000000e+02
1.280000000000000000e+02
1.280000000000000000e+02
1.280000000000000000e+02
1.280000000000000000e+02
1.280000000000000000e+02
1.280000000000000000e+02
1.280000000000000000e+02
1.280000000000000000e+02
1.280000000000000000e+02
1.280000000000000000e+02
1.280000000000000000e+02
1.280000000000000000e+02
1.280000000000000000e+02
1.280000000000000000e+02
1.280000000000000000e+02
1.280000000000000000e+02
1.280000000000000000e+02
1.280000000000000000e+02
1.280000000000000000e+02
1.280000000000000000e+02
1.280000000000000000e+02
1.280000000000000000e+02
1.280000000000000000e+02
1.280000000000000000e+02
1.280000000000000000e+02
1.280000000000000000e+02
1.280000000000000000e+02
1.280000000000000000e+02
1.280000000000000000e+02
1.280000000000000000e+02
1.183000000000000000e+03
1.183000000000000000e+03
1.840000000000000000e+03
1.187000000000000000e+03
1.187000000000000000e+03
1.187000000000000000e+03
1.187000000000000000e+03
1.187000000000000000e+03
1.187000000000000000e+03
1.187000000000000000e+03
1.187000000000000000e+03
1.187000000000000000e+03
1.187000000000000000e+03
1.187000000000000000e+03
1.187000000000000000e+03
1.187000000000000000e+03
1.187000000000000000e+03
1.187000000000000000e+03
9.560000000000000000e+02
9.560000000000000000e+02
9.022000000000000000e+03
9.022000000000000000e+03
1.838000000000000000e+03
1.838000000000000000e+03
1.838000000000000000e+03
1.838000000000000000e+03
1.479000000000000000e+03
1.794700000000000000e+04
6.320000000000000000e+02
6.320000000000000000e+02
6.320000000000000000e+02
6.320000000000000000e+02
6.320000000000000000e+02
6.320000000000000000e+02
6.320000000000000000e+02
6.320000000000000000e+02
6.320000000000000000e+02
6.320000000000000000e+02
6.320000000000000000e+02
6.320000000000000000e+02
6.320000000000000000e+02
6.320000000000000000e+02
6.320000000000000000e+02
6.320000000000000000e+02
1.040000000000000000e+02
1.178500000000000000e+04
6.927000000000000000e+03
1.178400000000000000e+04
1.178300000000000000e+04
1.448000000000000000e+03
1.579000000000000000e+03
1.130000000000000000e+03
1.130000000000000000e+03
5.349000000000000000e+03
5.349000000000000000e+03
5.349000000000000000e+03
5.349000000000000000e+03
5.349000000000000000e+03
5.349000000000000000e+03
5.349000000000000000e+03
5.349000000000000000e+03
5.349000000000000000e+03
5.349000000000000000e+03
3.300000000000000000e+02
4.561000000000000000e+03
6.770000000000000000e+02
1.200000000000000000e+01
6.040000000000000000e+02
2.500000000000000000e+03
1.828500000000000000e+04
3.742000000000000000e+03
6.810000000000000000e+02
6.810000000000000000e+02
6.810000000000000000e+02
6.810000000000000000e+02
6.810000000000000000e+02
6.810000000000000000e+02
6.810000000000000000e+02
6.810000000000000000e+02
1.442000000000000000e+03
1.442000000000000000e+03
1.442000000000000000e+03
1.442000000000000000e+03
1.442000000000000000e+03
1.442000000000000000e+03
1.870700000000000000e+04
1.971000000000000000e+03
3.350000000000000000e+02
3.350000000000000000e+02
1.199100000000000000e+04
1.710000000000000000e+03
4.990000000000000000e+02
3.360000000000000000e+02
3.360000000000000000e+02
7.980000000000000000e+02
7.980000000000000000e+02
7.980000000000000000e+02
1.930200000000000000e+04
5.988000000000000000e+03
1.935500000000000000e+04
6.881000000000000000e+03
6.881000000000000000e+03
5.250000000000000000e+02
5.250000000000000000e+02
5.250000000000000000e+02
5.250000000000000000e+02
1.971500000000000000e+04
1.971400000000000000e+04
1.577700000000000000e+04
1.980200000000000000e+04
1.980200000000000000e+04
5.070000000000000000e+02
1.179000000000000000e+03
1.179000000000000000e+03
1.179000000000000000e+03
1.179000000000000000e+03
1.179000000000000000e+03
1.179000000000000000e+03
2.086600000000000000e+04
2.114700000000000000e+04
2.114700000000000000e+04
8.968000000000000000e+03
8.210000000000000000e+02
8.210000000000000000e+02
1.520000000000000000e+03
1.520000000000000000e+03
8.570000000000000000e+02
8.570000000000000000e+02
8.570000000000000000e+02
1.493000000000000000e+03
5.600000000000000000e+02
2.870000000000000000e+02
2.870000000000000000e+02
2.870000000000000000e+02
2.870000000000000000e+02
2.870000000000000000e+02
2.870000000000000000e+02
2.870000000000000000e+02
1.352200000000000000e+04
1.352200000000000000e+04
3.462000000000000000e+03
5.580000000000000000e+02
2.114700000000000000e+04
2.114700000000000000e+04
2.163600000000000000e+04
2.163600000000000000e+04
2.163600000000000000e+04
2.163600000000000000e+04
2.335000000000000000e+03
2.335000000000000000e+03
2.335000000000000000e+03
2.335000000000000000e+03
5.250000000000000000e+02
5.250000000000000000e+02
5.250000000000000000e+02
5.250000000000000000e+02
5.260000000000000000e+02
5.260000000000000000e+02
5.260000000000000000e+02
5.260000000000000000e+02
2.157400000000000000e+04
2.157400000000000000e+04
1.002600000000000000e+04
2.257000000000000000e+03
1.505000000000000000e+03
1.356600000000000000e+04
1.356600000000000000e+04
