5.400000000000000000e+01
6.896000000000000000e+03
1.598000000000000000e+03
7.030000000000000000e+02
1.230800000000000000e+04
9.620000000000000000e+02
9.620000000000000000e+02
9.620000000000000000e+02
9.620000000000000000e+02
6.400000000000000000e+02
1.883000000000000000e+03
3.823000000000000000e+03
3.823000000000000000e+03
5.350000000000000000e+03
5.350000000000000000e+03
5.350000000000000000e+03
5.350000000000000000e+03
5.350000000000000000e+03
5.350000000000000000e+03
5.350000000000000000e+03
5.350000000000000000e+03
5.350000000000000000e+03
5.350000000000000000e+03
1.400000000000000000e+01
1.735000000000000000e+03
3.856000000000000000e+03
1.873000000000000000e+03
5.900000000000000000e+01
5.900000000000000000e+01
5.900000000000000000e+01
5.900000000000000000e+01
5.900000000000000000e+01
5.900000000000000000e+01
5.900000000000000000e+01
5.900000000000000000e+01
5.900000000000000000e+01
5.900000000000000000e+01
5.900000000000000000e+01
5.900000000000000000e+01
1.243000000000000000e+03
1.243000000000000000e+03
1.785000000000000000e+03
1.785000000000000000e+03
8.490000000000000000e+02
9.280000000000000000e+02
3.048000000000000000e+03
3.048000000000000000e+03
3.048000000000000000e+03
3.048000000000000000e+03
1.937000000000000000e+03
1.937000000000000000e+03
1.624000000000000000e+03
1.624000000000000000e+03
1.624000000000000000e+03
1.624000000000000000e+03
9.903000000000000000e+03
6.153000000000000000e+03
1.171700000000000000e+04
1.171700000000000000e+04
9.690000000000000000e+02
9.690000000000000000e+02
1.439000000000000000e+03
9.250000000000000000e+02
9.250000000000000000e+02
2.822000000000000000e+03
3.475000000000000000e+03
6.150000000000000000e+02
6.150000000000000000e+02
6.150000000000000000e+02
6.150000000000000000e+02
6.150000000000000000e+02
6.150000000000000000e+02
6.150000000000000000e+02
6.150000000000000000e+02
1.869000000000000000e+03
3.475000000000000000e+03
2.822000000000000000e+03
2.821000000000000000e+03
3.476000000000000000e+03
2.335000000000000000e+03
2.335000000000000000e+03
2.335000000000000000e+03
2.335000000000000000e+03
2.338000000000000000e+03
2.338000000000000000e+03
2.338000000000000000e+03
2.338000000000000000e+03
4.075000000000000000e+03
7.600000000000000000e+02
7.600000000000000000e+02
7.600000000000000000e+02
7.600000000000000000e+02
7.600000000000000000e+02
7.600000000000000000e+02
7.600000000000000000e+02
9.480000000000000000e+02
3.621000000000000000e+03
3.621000000000000000e+03
1.923000000000000000e+03
1.952000000000000000e+03
7.640000000000000000e+02
1.933000000000000000e+03
1.117500000000000000e+04
1.117500000000000000e+04
1.924000000000000000e+03
1.512000000000000000e+03
1.512000000000000000e+03
1.512000000000000000e+03
1.776000000000000000e+03
2.760000000000000000e+03
2.760000000000000000e+03
2.759000000000000000e+03
2.759000000000000000e+03
2.761000000000000000e+03
2.761000000000000000e+03
3.367000000000000000e+03
7.050000000000000000e+02
6.880000000000000000e+02
8.760000000000000000e+02
8.760000000000000000e+02
8.760000000000000000e+02
8.760000000000000000e+02
8.760000000000000000e+02
8.760000000000000000e+02
8.760000000000000000e+02
8.760000000000000000e+02
8.760000000000000000e+02
8.760000000000000000e+02
8.760000000000000000e+02
8.760000000000000000e+02
8.760000000000000000e+02
8.760000000000000000e+02
8.760000000000000000e+02
8.760000000000000000e+02
8.760000000000000000e+02
8.760000000000000000e+02
8.760000000000000000e+02
7.910000000000000000e+02
7.590000000000000000e+02
7.590000000000000000e+02
7.590000000000000000e+02
9.730000000000000000e+02
1.790000000000000000e+03
1.710000000000000000e+03
1.610000000000000000e+02
1.610000000000000000e+02
1.610000000000000000e+02
1.610000000000000000e+02
1.620000000000000000e+02
1.620000000000000000e+02
1.620000000000000000e+02
1.620000000000000000e+02
6.270000000000000000e+02
6.270000000000000000e+02
3.820000000000000000e+02
3.820000000000000000e+02
3.820000000000000000e+02
3.820000000000000000e+02
3.820000000000000000e+02
3.820000000000000000e+02
3.800000000000000000e+03
3.800000000000000000e+03
3.800000000000000000e+03
1.928000000000000000e+03
3.431000000000000000e+03
2.795000000000000000e+03
2.796000000000000000e+03
3.650000000000000000e+03
1.465000000000000000e+03
8.591000000000000000e+03
8.591000000000000000e+03
8.260000000000000000e+02
8.260000000000000000e+02
8.260000000000000000e+02
8.260000000000000000e+02
1.834000000000000000e+03
2.260000000000000000e+02
1.870000000000000000e+03
2.563000000000000000e+03
2.563000000000000000e+03
1.925000000000000000e+03
8.450000000000000000e+02
8.450000000000000000e+02
8.450000000000000000e+02
9.540000000000000000e+02
1.914000000000000000e+03
9.260000000000000000e+02
9.260000000000000000e+02
2.825000000000000000e+03
6.090000000000000000e+02
1.956000000000000000e+03
1.956000000000000000e+03
1.956000000000000000e+03
1.956000000000000000e+03
1.956000000000000000e+03
1.955000000000000000e+03
1.955000000000000000e+03
1.955000000000000000e+03
1.955000000000000000e+03
1.955000000000000000e+03
6.020000000000000000e+02
6.020000000000000000e+02
1.945000000000000000e+03
1.588000000000000000e+03
1.589000000000000000e+03
1.756000000000000000e+03
1.756000000000000000e+03
1.733000000000000000e+03
1.733000000000000000e+03
9.390000000000000000e+02
9.390000000000000000e+02
9.390000000000000000e+02
3.040000000000000000e+03
3.040000000000000000e+03
3.040000000000000000e+03
3.040000000000000000e+03
9.190000000000000000e+02
1.866000000000000000e+03
3.043000000000000000e+03
3.043000000000000000e+03
3.043000000000000000e+03
3.043000000000000000e+03
3.046000000000000000e+03
3.046000000000000000e+03
3.046000000000000000e+03
3.046000000000000000e+03
4.069000000000000000e+03
6.260000000000000000e+02
6.260000000000000000e+02
2.760000000000000000e+03
2.760000000000000000e+03
2.759000000000000000e+03
2.759000000000000000e+03
2.761000000000000000e+03
2.761000000000000000e+03
2.761000000000000000e+03
2.761000000000000000e+03
8.590000000000000000e+02
1.868000000000000000e+03
5.878000000000000000e+03
5.879000000000000000e+03
5.362000000000000000e+03
7.610000000000000000e+02
9.430000000000000000e+02
9.430000000000000000e+02
2.341000000000000000e+03
2.341000000000000000e+03
2.341000000000000000e+03
2.341000000000000000e+03
8.640000000000000000e+02
6.160000000000000000e+02
6.150000000000000000e+02
6.150000000000000000e+02
6.150000000000000000e+02
6.150000000000000000e+02
9.310000000000000000e+02
1.470000000000000000e+02
1.000000000000000000e+03
1.000000000000000000e+03
3.840000000000000000e+02
3.840000000000000000e+02
3.840000000000000000e+02
7.630000000000000000e+02
6.260000000000000000e+02
6.260000000000000000e+02
9.698000000000000000e+03
9.698000000000000000e+03
1.673000000000000000e+03
1.673000000000000000e+03
1.520000000000000000e+03
1.520000000000000000e+03
5.700000000000000000e+01
5.700000000000000000e+01
9.630000000000000000e+02
5.540000000000000000e+02
7.700000000000000000e+01
8.820000000000000000e+02
2.768000000000000000e+03
2.769000000000000000e+03
2.770000000000000000e+03
1.807000000000000000e+03
1.839000000000000000e+03
1.839000000000000000e+03
3.783000000000000000e+03
3.783000000000000000e+03
3.783000000000000000e+03
3.783000000000000000e+03
3.783000000000000000e+03
3.783000000000000000e+03
3.783000000000000000e+03
3.783000000000000000e+03
3.783000000000000000e+03
3.783000000000000000e+03
3.783000000000000000e+03
3.783000000000000000e+03
1.591000000000000000e+03
7.620000000000000000e+02
2.745000000000000000e+03
2.744000000000000000e+03
2.744000000000000000e+03
8.740000000000000000e+02
1.625000000000000000e+03
1.625000000000000000e+03
2.620000000000000000e+02
8.690000000000000000e+02
1.597000000000000000e+03
9.380000000000000000e+02
1.823000000000000000e+03
1.641000000000000000e+03
5.600000000000000000e+02
2.870000000000000000e+02
2.870000000000000000e+02
2.870000000000000000e+02
2.870000000000000000e+02
2.870000000000000000e+02
2.870000000000000000e+02
2.870000000000000000e+02
9.400000000000000000e+02
9.400000000000000000e+02
9.400000000000000000e+02
9.400000000000000000e+02
9.400000000000000000e+02
9.400000000000000000e+02
9.400000000000000000e+02
9.400000000000000000e+02
9.400000000000000000e+02
9.400000000000000000e+02
9.400000000000000000e+02
9.400000000000000000e+02
9.400000000000000000e+02
9.400000000000000000e+02
3.000000000000000000e+00
3.000000000000000000e+00
8.720000000000000000e+02
1.495000000000000000e+03
1.495000000000000000e+03
1.495000000000000000e+03
1.495000000000000000e+03
7.960000000000000000e+02
7.960000000000000000e+02
1.633000000000000000e+03
1.633000000000000000e+03
1.633000000000000000e+03
9.500000000000000000e+02
7.500000000000000000e+01
7.500000000000000000e+01
4.487000000000000000e+03
4.487000000000000000e+03
4.487000000000000000e+03
9.480000000000000000e+02
7.816000000000000000e+03
8.580000000000000000e+02
3.640000000000000000e+02
3.816000000000000000e+03
3.816000000000000000e+03
1.821000000000000000e+03
1.821000000000000000e+03
8.570000000000000000e+02
8.570000000000000000e+02
8.570000000000000000e+02
2.493000000000000000e+03
7.566000000000000000e+03
6.000000000000000000e+02
6.000000000000000000e+02
1.600000000000000000e+01
1.600000000000000000e+01
1.600000000000000000e+01
1.951000000000000000e+03
1.951000000000000000e+03
1.951000000000000000e+03
5.964000000000000000e+03
1.643000000000000000e+03
1.644000000000000000e+03
1.646000000000000000e+03
1.572000000000000000e+03
1.910000000000000000e+03
8.680000000000000000e+02
8.680000000000000000e+02
8.680000000000000000e+02
1.330000000000000000e+02
6.131000000000000000e+03
1.938000000000000000e+03
1.890000000000000000e+03
1.889000000000000000e+03
7.900000000000000000e+02
6.880000000000000000e+02
9.750000000000000000e+02
9.750000000000000000e+02
7.000000000000000000e+02
1.972000000000000000e+03
1.689000000000000000e+03
5.250000000000000000e+02
5.250000000000000000e+02
5.250000000000000000e+02
5.250000000000000000e+02
5.260000000000000000e+02
5.260000000000000000e+02
5.260000000000000000e+02
5.260000000000000000e+02
4.516000000000000000e+03
2.796000000000000000e+03
2.795000000000000000e+03
1.635000000000000000e+03
1.893000000000000000e+03
1.595000000000000000e+03
4.320000000000000000e+02
4.320000000000000000e+02
4.320000000000000000e+02
1.489000000000000000e+03
1.489000000000000000e+03
1.489000000000000000e+03
1.619000000000000000e+03
7.560000000000000000e+02
7.560000000000000000e+02
7.560000000000000000e+02
7.560000000000000000e+02
8.670000000000000000e+02
8.670000000000000000e+02
8.670000000000000000e+02
1.256000000000000000e+03
1.256000000000000000e+03
1.092000000000000000e+03
1.092000000000000000e+03
1.092000000000000000e+03
1.175300000000000000e+04
1.175300000000000000e+04
8.200000000000000000e+02
8.730000000000000000e+02
8.730000000000000000e+02
8.730000000000000000e+02
8.730000000000000000e+02
8.730000000000000000e+02
8.500000000000000000e+02
8.500000000000000000e+02
8.500000000000000000e+02
8.500000000000000000e+02
8.500000000000000000e+02
8.500000000000000000e+02
2.337000000000000000e+03
2.337000000000000000e+03
2.337000000000000000e+03
2.337000000000000000e+03
5.580000000000000000e+02
1.658000000000000000e+03
1.658000000000000000e+03
1.834000000000000000e+03
5.000000000000000000e+00
5.000000000000000000e+00
5.000000000000000000e+00
6.560000000000000000e+02
6.560000000000000000e+02
2.761000000000000000e+03
2.761000000000000000e+03
2.760000000000000000e+03
2.760000000000000000e+03
2.759000000000000000e+03
2.759000000000000000e+03
4.069000000000000000e+03
1.939000000000000000e+03
8.910000000000000000e+02
8.000000000000000000e+02
1.207000000000000000e+03
1.207000000000000000e+03
1.207000000000000000e+03
1.207000000000000000e+03
1.207000000000000000e+03
1.686000000000000000e+03
1.812000000000000000e+03
1.812000000000000000e+03
1.625000000000000000e+03
1.625000000000000000e+03
1.195000000000000000e+03
1.195000000000000000e+03
1.195000000000000000e+03
1.195000000000000000e+03
1.195000000000000000e+03
1.195000000000000000e+03
8.740000000000000000e+02
7.900000000000000000e+02
7.890000000000000000e+02
7.890000000000000000e+02
3.524000000000000000e+03
3.524000000000000000e+03
2.343000000000000000e+03
2.343000000000000000e+03
2.343000000000000000e+03
2.343000000000000000e+03
8.760000000000000000e+02
8.760000000000000000e+02
8.760000000000000000e+02
8.760000000000000000e+02
8.760000000000000000e+02
8.760000000000000000e+02
8.760000000000000000e+02
8.760000000000000000e+02
8.760000000000000000e+02
8.760000000000000000e+02
8.760000000000000000e+02
8.760000000000000000e+02
8.760000000000000000e+02
8.760000000000000000e+02
8.760000000000000000e+02
8.760000000000000000e+02
8.760000000000000000e+02
8.760000000000000000e+02
8.760000000000000000e+02
1.872000000000000000e+03
2.564000000000000000e+03
2.340000000000000000e+03
2.340000000000000000e+03
2.340000000000000000e+03
2.340000000000000000e+03
6.550000000000000000e+02
6.550000000000000000e+02
1.929000000000000000e+03
1.929000000000000000e+03
1.921000000000000000e+03
2.793000000000000000e+03
2.794000000000000000e+03
2.795000000000000000e+03
2.796000000000000000e+03
1.875000000000000000e+03
1.875000000000000000e+03
1.962000000000000000e+03
1.962000000000000000e+03
1.963000000000000000e+03
1.963000000000000000e+03
2.372000000000000000e+03
2.372000000000000000e+03
2.372000000000000000e+03
2.372000000000000000e+03
2.372000000000000000e+03
2.372000000000000000e+03
2.372000000000000000e+03
2.372000000000000000e+03
2.372000000000000000e+03
2.372000000000000000e+03
2.160000000000000000e+03
9.458000000000000000e+03
9.458000000000000000e+03
9.458000000000000000e+03
9.458000000000000000e+03
9.458000000000000000e+03
9.458000000000000000e+03
9.458000000000000000e+03
9.458000000000000000e+03
9.458000000000000000e+03
9.458000000000000000e+03
5.900000000000000000e+01
5.900000000000000000e+01
5.900000000000000000e+01
5.900000000000000000e+01
5.900000000000000000e+01
5.900000000000000000e+01
5.900000000000000000e+01
5.900000000000000000e+01
5.900000000000000000e+01
5.900000000000000000e+01
5.900000000000000000e+01
5.900000000000000000e+01
6.450000000000000000e+02
6.450000000000000000e+02
2.371000000000000000e+03
2.371000000000000000e+03
2.371000000000000000e+03
2.371000000000000000e+03
2.371000000000000000e+03
2.371000000000000000e+03
2.371000000000000000e+03
2.371000000000000000e+03
6.480000000000000000e+02
2.434000000000000000e+03
2.434000000000000000e+03
2.433000000000000000e+03
2.433000000000000000e+03
2.435000000000000000e+03
2.435000000000000000e+03
2.342000000000000000e+03
2.342000000000000000e+03
2.342000000000000000e+03
2.342000000000000000e+03
1.409000000000000000e+03
1.915000000000000000e+03
9.270000000000000000e+02
1.340000000000000000e+02
1.783000000000000000e+03
3.495000000000000000e+03
5.660000000000000000e+02
1.752000000000000000e+03
1.752000000000000000e+03
1.752000000000000000e+03
1.752000000000000000e+03
1.091000000000000000e+03
9.950000000000000000e+02
8.800000000000000000e+01
8.800000000000000000e+01
1.867000000000000000e+03
3.151000000000000000e+03
4.487000000000000000e+03
4.487000000000000000e+03
4.487000000000000000e+03
3.830000000000000000e+02
3.830000000000000000e+02
1.736000000000000000e+03
3.785000000000000000e+03
9.450000000000000000e+02
9.450000000000000000e+02
9.450000000000000000e+02
6.700000000000000000e+01
1.874000000000000000e+03
1.874000000000000000e+03
1.879000000000000000e+03
1.878000000000000000e+03
1.443000000000000000e+03
6.726000000000000000e+03
8.520000000000000000e+02
8.520000000000000000e+02
1.220000000000000000e+03
2.787000000000000000e+03
2.788000000000000000e+03
1.635000000000000000e+03
2.860000000000000000e+02
2.860000000000000000e+02
2.860000000000000000e+02
2.860000000000000000e+02
4.068000000000000000e+03
1.887000000000000000e+03
1.876000000000000000e+03
1.892000000000000000e+03
6.949000000000000000e+03
6.949000000000000000e+03
2.528000000000000000e+03
1.639000000000000000e+03
1.788000000000000000e+03
1.775000000000000000e+03
9.970000000000000000e+02
1.809000000000000000e+03
8.470000000000000000e+02
8.470000000000000000e+02
8.470000000000000000e+02
1.493000000000000000e+03
6.560000000000000000e+02
6.560000000000000000e+02
6.110000000000000000e+02
1.478000000000000000e+03
5.250000000000000000e+02
5.250000000000000000e+02
5.250000000000000000e+02
5.250000000000000000e+02
5.260000000000000000e+02
5.260000000000000000e+02
5.260000000000000000e+02
5.260000000000000000e+02
1.223000000000000000e+03
1.223000000000000000e+03
1.223000000000000000e+03
1.803000000000000000e+03
2.747000000000000000e+03
2.746000000000000000e+03
4.567000000000000000e+03
7.730000000000000000e+02
7.730000000000000000e+02
1.199100000000000000e+04
1.200000000000000000e+01
4.042000000000000000e+03
4.042000000000000000e+03
1.810000000000000000e+03
1.810000000000000000e+03
1.810000000000000000e+03
6.800000000000000000e+01
2.783000000000000000e+03
2.782000000000000000e+03
2.783000000000000000e+03
2.781000000000000000e+03
8.060000000000000000e+02
9.810000000000000000e+02
1.881000000000000000e+03
3.763000000000000000e+03
3.763000000000000000e+03
3.763000000000000000e+03
3.763000000000000000e+03
7.173000000000000000e+03
9.420000000000000000e+02
9.420000000000000000e+02
3.060000000000000000e+03
3.060000000000000000e+03
3.060000000000000000e+03
3.060000000000000000e+03
6.040000000000000000e+02
1.738000000000000000e+03
1.738000000000000000e+03
1.738000000000000000e+03
1.784000000000000000e+03
1.784000000000000000e+03
1.784000000000000000e+03
1.784000000000000000e+03
5.363000000000000000e+03
1.491000000000000000e+03
1.491000000000000000e+03
2.778000000000000000e+03
2.779000000000000000e+03
1.071000000000000000e+03
1.071000000000000000e+03
1.071000000000000000e+03
1.175400000000000000e+04
1.175400000000000000e+04
1.175400000000000000e+04
1.424000000000000000e+03
9.170000000000000000e+02
1.193000000000000000e+03
1.193000000000000000e+03
1.193000000000000000e+03
1.193000000000000000e+03
1.193000000000000000e+03
1.193000000000000000e+03
2.793000000000000000e+03
2.793000000000000000e+03
1.255400000000000000e+04
1.916000000000000000e+03
9.510000000000000000e+02
6.250000000000000000e+02
6.250000000000000000e+02
1.378900000000000000e+04
1.378900000000000000e+04
1.378900000000000000e+04
5.363000000000000000e+03
1.176000000000000000e+03
1.176000000000000000e+03
1.176000000000000000e+03
1.900000000000000000e+01
4.072000000000000000e+03
4.072000000000000000e+03
4.072000000000000000e+03
4.072000000000000000e+03
4.072000000000000000e+03
4.072000000000000000e+03
4.072000000000000000e+03
4.072000000000000000e+03
4.072000000000000000e+03
1.488000000000000000e+03
1.488000000000000000e+03
1.060000000000000000e+03
1.835000000000000000e+03
1.835000000000000000e+03
1.835000000000000000e+03
1.515000000000000000e+03
1.197000000000000000e+03
1.197000000000000000e+03
1.197000000000000000e+03
1.034000000000000000e+03
1.034000000000000000e+03
1.034000000000000000e+03
1.034000000000000000e+03
1.395300000000000000e+04
1.395300000000000000e+04
1.395300000000000000e+04
1.395300000000000000e+04
1.395300000000000000e+04
1.395300000000000000e+04
1.395300000000000000e+04
1.395300000000000000e+04
1.395300000000000000e+04
1.395300000000000000e+04
1.395300000000000000e+04
1.395300000000000000e+04
3.342000000000000000e+03
3.342000000000000000e+03
1.961000000000000000e+03
1.961000000000000000e+03
9.740000000000000000e+02
9.740000000000000000e+02
9.740000000000000000e+02
9.740000000000000000e+02
5.640000000000000000e+02
1.819000000000000000e+03
9.490000000000000000e+02
1.788000000000000000e+03
1.934000000000000000e+03
9.630000000000000000e+02
1.571000000000000000e+03
2.786000000000000000e+03
1.426000000000000000e+04
1.426000000000000000e+04
8.630000000000000000e+02
8.630000000000000000e+02
1.176000000000000000e+03
1.176000000000000000e+03
1.176000000000000000e+03
5.966000000000000000e+03
8.680000000000000000e+02
8.680000000000000000e+02
8.680000000000000000e+02
1.310000000000000000e+02
1.418800000000000000e+04
1.101000000000000000e+03
1.426000000000000000e+03
1.426000000000000000e+03
1.426000000000000000e+03
1.426000000000000000e+03
1.426000000000000000e+03
1.426000000000000000e+03
6.160000000000000000e+02
4.042000000000000000e+03
4.042000000000000000e+03
1.897000000000000000e+03
1.081000000000000000e+03
1.081000000000000000e+03
1.081000000000000000e+03
1.081000000000000000e+03
1.081000000000000000e+03
1.081000000000000000e+03
1.081000000000000000e+03
1.081000000000000000e+03
1.081000000000000000e+03
1.081000000000000000e+03
1.081000000000000000e+03
1.081000000000000000e+03
1.081000000000000000e+03
1.200000000000000000e+03
2.808000000000000000e+03
2.809000000000000000e+03
2.810000000000000000e+03
1.190000000000000000e+03
1.190000000000000000e+03
1.190000000000000000e+03
1.190000000000000000e+03
1.190000000000000000e+03
9.650000000000000000e+02
1.819000000000000000e+03
1.035000000000000000e+03
1.035000000000000000e+03
1.035000000000000000e+03
1.035000000000000000e+03
2.794000000000000000e+03
2.794000000000000000e+03
8.316000000000000000e+03
1.467000000000000000e+03
2.428000000000000000e+03
2.428000000000000000e+03
2.428000000000000000e+03
2.428000000000000000e+03
2.428000000000000000e+03
2.428000000000000000e+03
1.186000000000000000e+03
1.367700000000000000e+04
1.223000000000000000e+03
1.223000000000000000e+03
1.223000000000000000e+03
2.777000000000000000e+03
2.777000000000000000e+03
2.777000000000000000e+03
2.777000000000000000e+03
2.777000000000000000e+03
2.777000000000000000e+03
1.230800000000000000e+04
2.851000000000000000e+03
1.768600000000000000e+04
1.836900000000000000e+04
1.847400000000000000e+04
3.742000000000000000e+03
1.858100000000000000e+04
7.029000000000000000e+03
1.900200000000000000e+04
1.900500000000000000e+04
1.900500000000000000e+04
5.881000000000000000e+03
1.930200000000000000e+04
6.881000000000000000e+03
6.881000000000000000e+03
8.870000000000000000e+02
2.163600000000000000e+04
2.163600000000000000e+04
2.163600000000000000e+04
2.163600000000000000e+04
2.777000000000000000e+03
2.777000000000000000e+03
2.777000000000000000e+03
2.777000000000000000e+03
2.777000000000000000e+03
2.777000000000000000e+03
2.010700000000000000e+04
2.010800000000000000e+04
1.208000000000000000e+03
1.208000000000000000e+03
1.208000000000000000e+03
2.106400000000000000e+04
8.968000000000000000e+03
2.197700000000000000e+04
3.078000000000000000e+03
3.077000000000000000e+03
3.079000000000000000e+03
2.245700000000000000e+04
