1.897000000000000000e+03
5.964000000000000000e+03
5.966000000000000000e+03
9.690000000000000000e+02
9.690000000000000000e+02
6.840000000000000000e+02
6.840000000000000000e+02
6.840000000000000000e+02
3.650000000000000000e+03
1.733000000000000000e+03
1.733000000000000000e+03
1.493000000000000000e+03
6.390000000000000000e+02
3.737000000000000000e+03
3.737000000000000000e+03
1.270000000000000000e+03
1.270000000000000000e+03
8.760000000000000000e+02
8.760000000000000000e+02
8.760000000000000000e+02
8.760000000000000000e+02
8.760000000000000000e+02
8.760000000000000000e+02
8.760000000000000000e+02
8.760000000000000000e+02
8.760000000000000000e+02
8.760000000000000000e+02
8.760000000000000000e+02
8.760000000000000000e+02
8.760000000000000000e+02
8.760000000000000000e+02
8.760000000000000000e+02
8.760000000000000000e+02
8.760000000000000000e+02
8.760000000000000000e+02
8.760000000000000000e+02
8.490000000000000000e+02
2.232000000000000000e+03
1.883000000000000000e+03
7.500000000000000000e+01
7.500000000000000000e+01
1.735000000000000000e+03
1.889000000000000000e+03
8.030000000000000000e+02
7.630000000000000000e+02
1.488000000000000000e+03
1.488000000000000000e+03
1.465000000000000000e+03
9.910000000000000000e+02
3.399000000000000000e+03
3.399000000000000000e+03
4.069000000000000000e+03
8.440000000000000000e+02
8.440000000000000000e+02
8.440000000000000000e+02
8.440000000000000000e+02
8.440000000000000000e+02
8.440000000000000000e+02
8.440000000000000000e+02
8.440000000000000000e+02
3.823000000000000000e+03
3.823000000000000000e+03
3.394000000000000000e+03
3.394000000000000000e+03
2.338000000000000000e+03
2.338000000000000000e+03
2.338000000000000000e+03
2.338000000000000000e+03
3.737000000000000000e+03
3.737000000000000000e+03
1.588000000000000000e+03
2.230000000000000000e+03
3.465000000000000000e+03
5.260000000000000000e+02
5.260000000000000000e+02
5.260000000000000000e+02
5.260000000000000000e+02
2.564000000000000000e+03
1.623000000000000000e+03
1.623000000000000000e+03
1.623000000000000000e+03
1.623000000000000000e+03
5.250000000000000000e+02
5.250000000000000000e+02
5.250000000000000000e+02
5.250000000000000000e+02
1.007000000000000000e+03
1.808000000000000000e+03
1.808000000000000000e+03
2.660000000000000000e+02
2.660000000000000000e+02
2.660000000000000000e+02
8.490000000000000000e+02
3.784000000000000000e+03
3.784000000000000000e+03
3.784000000000000000e+03
3.784000000000000000e+03
3.784000000000000000e+03
3.784000000000000000e+03
3.784000000000000000e+03
3.784000000000000000e+03
3.784000000000000000e+03
3.784000000000000000e+03
3.784000000000000000e+03
3.784000000000000000e+03
6.570000000000000000e+02
2.434000000000000000e+03
2.434000000000000000e+03
2.433000000000000000e+03
2.433000000000000000e+03
2.435000000000000000e+03
2.435000000000000000e+03
1.962000000000000000e+03
1.962000000000000000e+03
1.963000000000000000e+03
1.963000000000000000e+03
2.160000000000000000e+03
6.450000000000000000e+02
6.450000000000000000e+02
6.480000000000000000e+02
7.400000000000000000e+01
7.400000000000000000e+01
7.400000000000000000e+01
2.189000000000000000e+03
9.900000000000000000e+01
3.040000000000000000e+03
3.040000000000000000e+03
3.040000000000000000e+03
3.040000000000000000e+03
1.126000000000000000e+03
1.126000000000000000e+03
1.880000000000000000e+03
1.895000000000000000e+03
1.895000000000000000e+03
1.895000000000000000e+03
1.895000000000000000e+03
1.895000000000000000e+03
2.372000000000000000e+03
2.372000000000000000e+03
2.372000000000000000e+03
2.372000000000000000e+03
2.372000000000000000e+03
2.372000000000000000e+03
2.372000000000000000e+03
2.372000000000000000e+03
2.372000000000000000e+03
2.372000000000000000e+03
1.928000000000000000e+03
3.495000000000000000e+03
1.006000000000000000e+03
1.126000000000000000e+03
1.126000000000000000e+03
1.340000000000000000e+02
1.439000000000000000e+03
8.000000000000000000e+00
8.000000000000000000e+00
1.182000000000000000e+03
1.182000000000000000e+03
1.182000000000000000e+03
1.182000000000000000e+03
1.110000000000000000e+02
6.030000000000000000e+02
6.030000000000000000e+02
3.405000000000000000e+03
1.512000000000000000e+03
1.512000000000000000e+03
1.512000000000000000e+03
6.208000000000000000e+03
1.752000000000000000e+03
1.752000000000000000e+03
1.662000000000000000e+03
1.736000000000000000e+03
3.840000000000000000e+02
3.840000000000000000e+02
3.840000000000000000e+02
1.626000000000000000e+03
1.752000000000000000e+03
1.752000000000000000e+03
1.255000000000000000e+03
1.255000000000000000e+03
1.677000000000000000e+03
1.678000000000000000e+03
2.523000000000000000e+03
8.950000000000000000e+02
8.950000000000000000e+02
3.800000000000000000e+03
3.800000000000000000e+03
3.800000000000000000e+03
3.644000000000000000e+03
3.644000000000000000e+03
1.867000000000000000e+03
8.580000000000000000e+02
2.188000000000000000e+03
7.610000000000000000e+02
2.830000000000000000e+02
2.830000000000000000e+02
2.820000000000000000e+02
2.820000000000000000e+02
2.437000000000000000e+03
1.646000000000000000e+03
2.335000000000000000e+03
2.335000000000000000e+03
2.335000000000000000e+03
2.335000000000000000e+03
8.590000000000000000e+02
1.807000000000000000e+03
1.448000000000000000e+03
4.320000000000000000e+02
4.320000000000000000e+02
4.320000000000000000e+02
1.897000000000000000e+03
1.890000000000000000e+03
2.343000000000000000e+03
2.343000000000000000e+03
2.343000000000000000e+03
2.343000000000000000e+03
2.563000000000000000e+03
2.563000000000000000e+03
1.768000000000000000e+03
1.768000000000000000e+03
6.550000000000000000e+02
6.550000000000000000e+02
1.744000000000000000e+03
2.342000000000000000e+03
2.342000000000000000e+03
2.342000000000000000e+03
2.342000000000000000e+03
5.700000000000000000e+01
5.700000000000000000e+01
4.566000000000000000e+03
1.934000000000000000e+03
2.000000000000000000e+01
2.528000000000000000e+03
1.581000000000000000e+03
3.250000000000000000e+02
1.929000000000000000e+03
1.929000000000000000e+03
9.190000000000000000e+02
1.892000000000000000e+03
1.776000000000000000e+03
1.733000000000000000e+03
1.733000000000000000e+03
1.091000000000000000e+03
2.337000000000000000e+03
2.337000000000000000e+03
2.337000000000000000e+03
2.337000000000000000e+03
1.756000000000000000e+03
1.756000000000000000e+03
1.643000000000000000e+03
1.644000000000000000e+03
3.743000000000000000e+03
3.151000000000000000e+03
2.343000000000000000e+03
2.343000000000000000e+03
2.343000000000000000e+03
2.343000000000000000e+03
1.110000000000000000e+02
3.800000000000000000e+03
3.800000000000000000e+03
3.800000000000000000e+03
2.190000000000000000e+03
6.570000000000000000e+02
1.835000000000000000e+03
1.835000000000000000e+03
1.835000000000000000e+03
1.119000000000000000e+03
1.119000000000000000e+03
1.119000000000000000e+03
1.119000000000000000e+03
1.119000000000000000e+03
1.119000000000000000e+03
1.119000000000000000e+03
1.119000000000000000e+03
2.191000000000000000e+03
2.191000000000000000e+03
2.231000000000000000e+03
2.231000000000000000e+03
2.231000000000000000e+03
2.233000000000000000e+03
2.233000000000000000e+03
2.227000000000000000e+03
2.227000000000000000e+03
3.046000000000000000e+03
3.046000000000000000e+03
3.046000000000000000e+03
3.046000000000000000e+03
3.043000000000000000e+03
3.043000000000000000e+03
3.043000000000000000e+03
3.043000000000000000e+03
2.700000000000000000e+01
2.493000000000000000e+03
3.527000000000000000e+03
3.527000000000000000e+03
6.153000000000000000e+03
9.540000000000000000e+02
5.878000000000000000e+03
7.053000000000000000e+03
7.053000000000000000e+03
6.949000000000000000e+03
6.949000000000000000e+03
6.949000000000000000e+03
6.949000000000000000e+03
6.215000000000000000e+03
5.879000000000000000e+03
7.407000000000000000e+03
7.407000000000000000e+03
7.407000000000000000e+03
7.407000000000000000e+03
7.407000000000000000e+03
7.407000000000000000e+03
7.407000000000000000e+03
7.407000000000000000e+03
7.407000000000000000e+03
7.407000000000000000e+03
7.407000000000000000e+03
7.407000000000000000e+03
9.903000000000000000e+03
8.963000000000000000e+03
1.841000000000000000e+03
9.458000000000000000e+03
9.458000000000000000e+03
9.458000000000000000e+03
9.458000000000000000e+03
9.458000000000000000e+03
9.458000000000000000e+03
9.458000000000000000e+03
9.458000000000000000e+03
9.458000000000000000e+03
9.458000000000000000e+03
1.620000000000000000e+03
1.620000000000000000e+03
1.938000000000000000e+03
6.250000000000000000e+02
6.250000000000000000e+02
1.468000000000000000e+03
7.910000000000000000e+02
1.300000000000000000e+02
1.300000000000000000e+02
1.885000000000000000e+03
8.650000000000000000e+02
1.667000000000000000e+03
1.600000000000000000e+01
1.600000000000000000e+01
1.600000000000000000e+01
1.925000000000000000e+03
5.280000000000000000e+02
7.730000000000000000e+02
7.730000000000000000e+02
1.619000000000000000e+03
1.478000000000000000e+03
1.745000000000000000e+03
5.900000000000000000e+01
5.900000000000000000e+01
5.900000000000000000e+01
5.900000000000000000e+01
5.900000000000000000e+01
5.900000000000000000e+01
5.900000000000000000e+01
5.900000000000000000e+01
5.900000000000000000e+01
5.900000000000000000e+01
5.900000000000000000e+01
5.900000000000000000e+01
7.900000000000000000e+02
1.923000000000000000e+03
8.990000000000000000e+02
5.660000000000000000e+02
1.866000000000000000e+03
7.680000000000000000e+02
5.540000000000000000e+02
6.110000000000000000e+02
9.250000000000000000e+02
9.250000000000000000e+02
1.689000000000000000e+03
1.887000000000000000e+03
1.893000000000000000e+03
2.610000000000000000e+02
2.610000000000000000e+02
7.620000000000000000e+02
1.846000000000000000e+03
9.620000000000000000e+02
9.620000000000000000e+02
9.620000000000000000e+02
9.620000000000000000e+02
1.520000000000000000e+03
1.520000000000000000e+03
1.924000000000000000e+03
9.450000000000000000e+02
9.450000000000000000e+02
9.450000000000000000e+02
1.868000000000000000e+03
1.775000000000000000e+03
9.390000000000000000e+02
9.390000000000000000e+02
9.390000000000000000e+02
1.668000000000000000e+03
1.803000000000000000e+03
1.933000000000000000e+03
1.945000000000000000e+03
1.952000000000000000e+03
6.150000000000000000e+02
6.150000000000000000e+02
6.150000000000000000e+02
6.150000000000000000e+02
1.785000000000000000e+03
1.785000000000000000e+03
1.873000000000000000e+03
1.952000000000000000e+03
9.730000000000000000e+02
1.710000000000000000e+03
7.910000000000000000e+02
1.006000000000000000e+03
1.910000000000000000e+03
1.972000000000000000e+03
7.030000000000000000e+02
1.876000000000000000e+03
1.800000000000000000e+01
1.800000000000000000e+01
6.050000000000000000e+02
6.050000000000000000e+02
6.050000000000000000e+02
3.820000000000000000e+02
3.820000000000000000e+02
3.820000000000000000e+02
3.820000000000000000e+02
3.820000000000000000e+02
3.820000000000000000e+02
6.040000000000000000e+02
1.872000000000000000e+03
7.590000000000000000e+02
7.590000000000000000e+02
7.590000000000000000e+02
8.000000000000000000e+02
1.834000000000000000e+03
9.270000000000000000e+02
1.951000000000000000e+03
1.951000000000000000e+03
1.951000000000000000e+03
1.784000000000000000e+03
1.784000000000000000e+03
9.970000000000000000e+02
8.640000000000000000e+02
1.489000000000000000e+03
1.489000000000000000e+03
1.489000000000000000e+03
9.750000000000000000e+02
1.591000000000000000e+03
7.560000000000000000e+02
7.560000000000000000e+02
7.560000000000000000e+02
7.560000000000000000e+02
1.761000000000000000e+03
1.761000000000000000e+03
8.490000000000000000e+02
4.075000000000000000e+03
1.897000000000000000e+03
1.881000000000000000e+03
4.835000000000000000e+03
1.000000000000000000e+03
1.000000000000000000e+03
1.770000000000000000e+03
1.875000000000000000e+03
1.875000000000000000e+03
1.869000000000000000e+03
9.810000000000000000e+02
8.060000000000000000e+02
1.921000000000000000e+03
7.050000000000000000e+02
7.640000000000000000e+02
6.880000000000000000e+02
8.910000000000000000e+02
1.008000000000000000e+03
7.890000000000000000e+02
7.890000000000000000e+02
9.260000000000000000e+02
9.260000000000000000e+02
1.042000000000000000e+03
1.409000000000000000e+03
8.730000000000000000e+02
8.730000000000000000e+02
8.730000000000000000e+02
8.730000000000000000e+02
8.730000000000000000e+02
9.950000000000000000e+02
1.810000000000000000e+03
1.810000000000000000e+03
1.810000000000000000e+03
1.783000000000000000e+03
9.430000000000000000e+02
9.430000000000000000e+02
1.712000000000000000e+03
1.870000000000000000e+03
8.800000000000000000e+01
8.800000000000000000e+01
6.000000000000000000e+02
6.000000000000000000e+02
1.937000000000000000e+03
1.937000000000000000e+03
9.480000000000000000e+02
1.750000000000000000e+03
1.259000000000000000e+03
1.961000000000000000e+03
1.961000000000000000e+03
1.759000000000000000e+03
5.934000000000000000e+03
5.934000000000000000e+03
5.895000000000000000e+03
5.895000000000000000e+03
6.042000000000000000e+03
6.042000000000000000e+03
5.936000000000000000e+03
5.936000000000000000e+03
2.340000000000000000e+03
2.340000000000000000e+03
2.340000000000000000e+03
2.340000000000000000e+03
1.874000000000000000e+03
1.874000000000000000e+03
1.117500000000000000e+04
1.117500000000000000e+04
1.186000000000000000e+03
6.020000000000000000e+02
6.020000000000000000e+02
1.175300000000000000e+04
1.175300000000000000e+04
6.168000000000000000e+03
6.168000000000000000e+03
6.168000000000000000e+03
3.524000000000000000e+03
3.524000000000000000e+03
1.243000000000000000e+03
1.243000000000000000e+03
1.171700000000000000e+04
1.171700000000000000e+04
1.950000000000000000e+03
1.175400000000000000e+04
1.175400000000000000e+04
1.175400000000000000e+04
1.234300000000000000e+04
1.234300000000000000e+04
1.234300000000000000e+04
1.234300000000000000e+04
1.835000000000000000e+03
1.835000000000000000e+03
1.835000000000000000e+03
9.459000000000000000e+03
9.950000000000000000e+02
9.950000000000000000e+02
1.900200000000000000e+04
1.491000000000000000e+03
1.491000000000000000e+03
6.080000000000000000e+02
3.404000000000000000e+03
2.224000000000000000e+03
2.224000000000000000e+03
1.280000000000000000e+02
1.280000000000000000e+02
1.280000000000000000e+02
1.280000000000000000e+02
1.280000000000000000e+02
1.280000000000000000e+02
1.280000000000000000e+02
1.280000000000000000e+02
1.280000000000000000e+02
1.280000000000000000e+02
1.280000000000000000e+02
1.280000000000000000e+02
1.280000000000000000e+02
1.280000000000000000e+02
1.280000000000000000e+02
1.280000000000000000e+02
1.280000000000000000e+02
1.280000000000000000e+02
1.280000000000000000e+02
1.280000000000000000e+02
1.280000000000000000e+02
1.768000000000000000e+03
1.768000000000000000e+03
8.680000000000000000e+02
8.680000000000000000e+02
8.680000000000000000e+02
4.720000000000000000e+03
3.060000000000000000e+03
3.060000000000000000e+03
3.060000000000000000e+03
3.060000000000000000e+03
2.428000000000000000e+03
2.428000000000000000e+03
2.428000000000000000e+03
2.428000000000000000e+03
2.428000000000000000e+03
2.428000000000000000e+03
3.518000000000000000e+03
8.500000000000000000e+02
8.500000000000000000e+02
8.500000000000000000e+02
8.500000000000000000e+02
8.500000000000000000e+02
8.500000000000000000e+02
1.164500000000000000e+04
1.164500000000000000e+04
1.164500000000000000e+04
1.164500000000000000e+04
5.350000000000000000e+03
5.350000000000000000e+03
5.350000000000000000e+03
5.350000000000000000e+03
5.350000000000000000e+03
5.350000000000000000e+03
5.350000000000000000e+03
5.350000000000000000e+03
5.350000000000000000e+03
5.350000000000000000e+03
2.226000000000000000e+03
2.226000000000000000e+03
1.768600000000000000e+04
5.601000000000000000e+03
1.207000000000000000e+03
1.207000000000000000e+03
1.207000000000000000e+03
1.207000000000000000e+03
1.207000000000000000e+03
1.782800000000000000e+04
1.175300000000000000e+04
1.175300000000000000e+04
2.090000000000000000e+02
2.090000000000000000e+02
2.090000000000000000e+02
2.090000000000000000e+02
2.090000000000000000e+02
2.090000000000000000e+02
2.090000000000000000e+02
2.090000000000000000e+02
9.022000000000000000e+03
9.022000000000000000e+03
6.881000000000000000e+03
6.881000000000000000e+03
1.870700000000000000e+04
3.526000000000000000e+03
3.526000000000000000e+03
1.922100000000000000e+04
1.922100000000000000e+04
1.922100000000000000e+04
1.926800000000000000e+04
1.940500000000000000e+04
1.000000000000000000e+02
1.000000000000000000e+02
9.740000000000000000e+02
9.740000000000000000e+02
9.740000000000000000e+02
9.740000000000000000e+02
1.214000000000000000e+03
1.214000000000000000e+03
8.740000000000000000e+02
4.486000000000000000e+03
1.383200000000000000e+04
1.383200000000000000e+04
1.628000000000000000e+03
1.614900000000000000e+04
1.207000000000000000e+03
1.207000000000000000e+03
1.207000000000000000e+03
1.207000000000000000e+03
1.207000000000000000e+03
1.759000000000000000e+03
3.360000000000000000e+02
4.069000000000000000e+03
4.487000000000000000e+03
4.487000000000000000e+03
4.487000000000000000e+03
7.700000000000000000e+01
7.566000000000000000e+03
1.444100000000000000e+04
1.768000000000000000e+03
1.768000000000000000e+03
1.843000000000000000e+03
1.079700000000000000e+04
3.430000000000000000e+03
2.851000000000000000e+03
2.163600000000000000e+04
2.163600000000000000e+04
2.163600000000000000e+04
2.163600000000000000e+04
