4.517000000000000000e+03
2.428000000000000000e+03
2.428000000000000000e+03
2.428000000000000000e+03
2.428000000000000000e+03
2.428000000000000000e+03
2.428000000000000000e+03
1.175400000000000000e+04
1.175400000000000000e+04
1.175400000000000000e+04
5.934000000000000000e+03
5.934000000000000000e+03
5.979000000000000000e+03
1.119000000000000000e+03
1.119000000000000000e+03
1.119000000000000000e+03
1.119000000000000000e+03
1.119000000000000000e+03
1.119000000000000000e+03
1.119000000000000000e+03
1.119000000000000000e+03
2.304000000000000000e+03
2.304000000000000000e+03
5.364000000000000000e+03
6.250000000000000000e+02
6.250000000000000000e+02
1.784000000000000000e+03
1.784000000000000000e+03
8.050000000000000000e+02
1.378900000000000000e+04
1.378900000000000000e+04
1.378900000000000000e+04
1.897000000000000000e+03
4.720000000000000000e+03
8.210000000000000000e+02
8.210000000000000000e+02
9.600000000000000000e+01
9.600000000000000000e+01
9.490000000000000000e+02
6.030000000000000000e+02
6.030000000000000000e+02
9.510000000000000000e+02
1.625000000000000000e+03
1.625000000000000000e+03
2.798000000000000000e+03
1.684900000000000000e+04
8.050000000000000000e+02
1.761000000000000000e+03
1.761000000000000000e+03
6.340000000000000000e+02
7.407000000000000000e+03
7.407000000000000000e+03
7.407000000000000000e+03
7.407000000000000000e+03
7.407000000000000000e+03
7.407000000000000000e+03
7.407000000000000000e+03
7.407000000000000000e+03
7.407000000000000000e+03
7.407000000000000000e+03
7.407000000000000000e+03
7.407000000000000000e+03
1.426000000000000000e+03
1.426000000000000000e+03
1.426000000000000000e+03
1.426000000000000000e+03
1.426000000000000000e+03
1.426000000000000000e+03
6.500000000000000000e+01
8.540000000000000000e+02
1.190000000000000000e+03
1.190000000000000000e+03
1.190000000000000000e+03
1.190000000000000000e+03
1.190000000000000000e+03
9.660000000000000000e+02
1.449000000000000000e+03
5.900000000000000000e+01
5.900000000000000000e+01
5.900000000000000000e+01
5.900000000000000000e+01
5.900000000000000000e+01
5.900000000000000000e+01
5.900000000000000000e+01
5.900000000000000000e+01
5.900000000000000000e+01
5.900000000000000000e+01
5.900000000000000000e+01
5.900000000000000000e+01
1.677000000000000000e+03
1.678000000000000000e+03
3.840000000000000000e+02
3.840000000000000000e+02
3.840000000000000000e+02
8.450000000000000000e+02
8.450000000000000000e+02
8.450000000000000000e+02
9.430000000000000000e+02
9.430000000000000000e+02
2.341000000000000000e+03
2.341000000000000000e+03
2.341000000000000000e+03
2.341000000000000000e+03
1.478000000000000000e+03
1.874000000000000000e+03
1.874000000000000000e+03
2.528000000000000000e+03
1.624000000000000000e+03
1.624000000000000000e+03
1.624000000000000000e+03
1.624000000000000000e+03
8.570000000000000000e+02
8.570000000000000000e+02
8.570000000000000000e+02
2.493000000000000000e+03
7.566000000000000000e+03
1.808000000000000000e+03
1.808000000000000000e+03
7.610000000000000000e+02
1.493000000000000000e+03
1.791000000000000000e+03
7.900000000000000000e+02
2.590000000000000000e+02
2.372000000000000000e+03
2.372000000000000000e+03
2.372000000000000000e+03
2.372000000000000000e+03
2.372000000000000000e+03
2.372000000000000000e+03
2.372000000000000000e+03
2.372000000000000000e+03
2.372000000000000000e+03
2.372000000000000000e+03
2.773000000000000000e+03
2.774000000000000000e+03
2.775000000000000000e+03
1.684000000000000000e+03
5.800000000000000000e+01
1.625000000000000000e+03
1.625000000000000000e+03
2.793000000000000000e+03
2.795000000000000000e+03
2.796000000000000000e+03
5.800000000000000000e+01
1.625000000000000000e+03
1.625000000000000000e+03
3.300000000000000000e+01
3.300000000000000000e+01
1.805000000000000000e+03
1.805000000000000000e+03
8.540000000000000000e+02
1.812000000000000000e+03
1.812000000000000000e+03
4.000000000000000000e+01
8.740000000000000000e+02
1.686000000000000000e+03
1.060000000000000000e+03
5.349000000000000000e+03
5.349000000000000000e+03
5.349000000000000000e+03
5.349000000000000000e+03
5.349000000000000000e+03
5.349000000000000000e+03
5.349000000000000000e+03
5.349000000000000000e+03
5.349000000000000000e+03
5.349000000000000000e+03
1.207000000000000000e+03
1.207000000000000000e+03
1.207000000000000000e+03
1.207000000000000000e+03
1.207000000000000000e+03
1.443000000000000000e+03
2.338000000000000000e+03
2.338000000000000000e+03
2.338000000000000000e+03
2.338000000000000000e+03
1.653000000000000000e+03
1.653000000000000000e+03
1.653000000000000000e+03
1.653000000000000000e+03
1.653000000000000000e+03
1.653000000000000000e+03
1.653000000000000000e+03
5.300000000000000000e+01
5.300000000000000000e+01
5.300000000000000000e+01
5.300000000000000000e+01
5.300000000000000000e+01
5.300000000000000000e+01
1.649000000000000000e+03
1.703000000000000000e+03
1.703000000000000000e+03
1.703000000000000000e+03
1.703000000000000000e+03
1.703000000000000000e+03
1.703000000000000000e+03
1.703000000000000000e+03
1.703000000000000000e+03
1.703000000000000000e+03
1.703000000000000000e+03
1.703000000000000000e+03
1.704000000000000000e+03
1.704000000000000000e+03
1.704000000000000000e+03
1.704000000000000000e+03
1.704000000000000000e+03
5.200000000000000000e+01
5.200000000000000000e+01
5.200000000000000000e+01
1.687000000000000000e+03
1.687000000000000000e+03
1.687000000000000000e+03
1.652000000000000000e+03
1.652000000000000000e+03
1.652000000000000000e+03
1.652000000000000000e+03
1.652000000000000000e+03
1.652000000000000000e+03
1.652000000000000000e+03
1.175200000000000000e+04
1.175200000000000000e+04
7.930000000000000000e+02
7.940000000000000000e+02
1.875000000000000000e+03
1.875000000000000000e+03
2.343000000000000000e+03
2.343000000000000000e+03
2.343000000000000000e+03
2.343000000000000000e+03
3.850000000000000000e+02
3.850000000000000000e+02
2.224000000000000000e+03
2.224000000000000000e+03
2.232000000000000000e+03
1.117500000000000000e+04
1.117500000000000000e+04
6.020000000000000000e+02
6.020000000000000000e+02
1.945000000000000000e+03
1.776000000000000000e+03
3.150000000000000000e+03
2.760000000000000000e+03
2.760000000000000000e+03
2.761000000000000000e+03
2.761000000000000000e+03
2.759000000000000000e+03
2.759000000000000000e+03
1.972000000000000000e+03
2.435000000000000000e+03
2.435000000000000000e+03
2.433000000000000000e+03
2.433000000000000000e+03
2.434000000000000000e+03
2.434000000000000000e+03
1.448000000000000000e+03
7.880000000000000000e+02
7.880000000000000000e+02
8.780000000000000000e+02
8.780000000000000000e+02
1.950000000000000000e+03
1.854000000000000000e+03
1.854000000000000000e+03
1.710000000000000000e+03
9.730000000000000000e+02
6.700000000000000000e+01
1.790000000000000000e+03
9.630000000000000000e+02
9.400000000000000000e+02
9.400000000000000000e+02
9.400000000000000000e+02
9.400000000000000000e+02
9.400000000000000000e+02
9.400000000000000000e+02
9.400000000000000000e+02
9.400000000000000000e+02
9.400000000000000000e+02
9.400000000000000000e+02
9.400000000000000000e+02
9.400000000000000000e+02
9.400000000000000000e+02
9.400000000000000000e+02
1.873000000000000000e+03
1.600000000000000000e+01
1.600000000000000000e+01
1.600000000000000000e+01
2.227000000000000000e+03
2.227000000000000000e+03
2.231000000000000000e+03
2.231000000000000000e+03
2.231000000000000000e+03
2.233000000000000000e+03
2.233000000000000000e+03
3.795000000000000000e+03
6.042000000000000000e+03
6.042000000000000000e+03
2.188000000000000000e+03
3.399000000000000000e+03
3.399000000000000000e+03
2.191000000000000000e+03
2.191000000000000000e+03
3.394000000000000000e+03
3.394000000000000000e+03
5.936000000000000000e+03
5.936000000000000000e+03
2.189000000000000000e+03
5.895000000000000000e+03
5.895000000000000000e+03
2.492000000000000000e+03
1.749000000000000000e+03
1.354200000000000000e+04
1.354200000000000000e+04
1.698000000000000000e+03
1.845000000000000000e+03
3.100000000000000000e+01
3.100000000000000000e+01
3.100000000000000000e+01
3.737000000000000000e+03
3.737000000000000000e+03
1.489000000000000000e+03
1.489000000000000000e+03
1.489000000000000000e+03
1.839000000000000000e+03
1.839000000000000000e+03
7.560000000000000000e+02
7.560000000000000000e+02
7.560000000000000000e+02
7.560000000000000000e+02
2.777000000000000000e+03
2.777000000000000000e+03
2.777000000000000000e+03
2.777000000000000000e+03
2.777000000000000000e+03
2.777000000000000000e+03
1.681000000000000000e+03
1.681000000000000000e+03
1.681000000000000000e+03
1.579000000000000000e+03
1.918000000000000000e+03
6.060000000000000000e+02
3.148000000000000000e+03
7.890000000000000000e+02
7.890000000000000000e+02
1.953000000000000000e+03
2.773000000000000000e+03
2.774000000000000000e+03
2.775000000000000000e+03
6.110000000000000000e+02
9.260000000000000000e+02
9.260000000000000000e+02
1.409000000000000000e+03
5.280000000000000000e+02
2.660000000000000000e+02
2.660000000000000000e+02
2.660000000000000000e+02
8.800000000000000000e+01
8.800000000000000000e+01
1.951000000000000000e+03
1.951000000000000000e+03
1.951000000000000000e+03
1.588000000000000000e+03
1.923000000000000000e+03
1.952000000000000000e+03
1.952000000000000000e+03
1.952000000000000000e+03
7.640000000000000000e+02
1.933000000000000000e+03
2.150000000000000000e+02
2.150000000000000000e+02
1.714000000000000000e+03
1.330000000000000000e+02
1.915000000000000000e+03
2.830000000000000000e+02
2.830000000000000000e+02
2.820000000000000000e+02
2.820000000000000000e+02
2.437000000000000000e+03
6.050000000000000000e+02
6.050000000000000000e+02
6.050000000000000000e+02
3.800000000000000000e+03
3.800000000000000000e+03
3.800000000000000000e+03
3.820000000000000000e+02
3.820000000000000000e+02
3.820000000000000000e+02
3.820000000000000000e+02
3.820000000000000000e+02
3.820000000000000000e+02
8.500000000000000000e+02
8.500000000000000000e+02
8.500000000000000000e+02
8.500000000000000000e+02
8.500000000000000000e+02
8.500000000000000000e+02
2.822000000000000000e+03
3.475000000000000000e+03
1.624000000000000000e+03
1.624000000000000000e+03
1.624000000000000000e+03
1.624000000000000000e+03
1.869000000000000000e+03
2.760000000000000000e+03
2.760000000000000000e+03
2.761000000000000000e+03
2.761000000000000000e+03
2.759000000000000000e+03
2.759000000000000000e+03
1.222000000000000000e+03
1.222000000000000000e+03
1.222000000000000000e+03
9.000000000000000000e+00
5.350000000000000000e+03
5.350000000000000000e+03
5.350000000000000000e+03
5.350000000000000000e+03
5.350000000000000000e+03
5.350000000000000000e+03
5.350000000000000000e+03
5.350000000000000000e+03
5.350000000000000000e+03
5.350000000000000000e+03
1.928000000000000000e+03
3.151000000000000000e+03
4.487000000000000000e+03
4.487000000000000000e+03
4.487000000000000000e+03
3.644000000000000000e+03
3.644000000000000000e+03
3.801000000000000000e+03
3.801000000000000000e+03
3.820000000000000000e+02
3.820000000000000000e+02
3.820000000000000000e+02
3.820000000000000000e+02
3.820000000000000000e+02
3.820000000000000000e+02
1.890000000000000000e+03
1.889000000000000000e+03
1.736000000000000000e+03
1.868000000000000000e+03
1.939000000000000000e+03
1.439000000000000000e+03
1.809000000000000000e+03
3.784000000000000000e+03
3.784000000000000000e+03
3.784000000000000000e+03
3.784000000000000000e+03
3.784000000000000000e+03
3.784000000000000000e+03
3.784000000000000000e+03
3.784000000000000000e+03
3.784000000000000000e+03
3.784000000000000000e+03
3.784000000000000000e+03
3.784000000000000000e+03
1.129000000000000000e+03
1.689000000000000000e+03
1.803000000000000000e+03
9.270000000000000000e+02
1.340000000000000000e+02
1.512000000000000000e+03
1.512000000000000000e+03
1.512000000000000000e+03
8.760000000000000000e+02
8.760000000000000000e+02
8.760000000000000000e+02
8.760000000000000000e+02
8.760000000000000000e+02
8.760000000000000000e+02
8.760000000000000000e+02
8.760000000000000000e+02
8.760000000000000000e+02
8.760000000000000000e+02
8.760000000000000000e+02
8.760000000000000000e+02
8.760000000000000000e+02
8.760000000000000000e+02
8.760000000000000000e+02
8.760000000000000000e+02
8.760000000000000000e+02
8.760000000000000000e+02
8.760000000000000000e+02
1.350000000000000000e+02
1.350000000000000000e+02
1.350000000000000000e+02
5.800000000000000000e+01
1.808000000000000000e+03
1.808000000000000000e+03
6.150000000000000000e+02
6.150000000000000000e+02
6.150000000000000000e+02
6.150000000000000000e+02
6.160000000000000000e+02
7.500000000000000000e+01
7.500000000000000000e+01
5.660000000000000000e+02
4.069000000000000000e+03
1.012000000000000000e+03
6.897000000000000000e+03
9.690000000000000000e+02
9.690000000000000000e+02
1.953000000000000000e+03
1.885000000000000000e+03
8.260000000000000000e+02
8.260000000000000000e+02
8.260000000000000000e+02
8.260000000000000000e+02
2.340000000000000000e+03
2.340000000000000000e+03
2.340000000000000000e+03
2.340000000000000000e+03
8.470000000000000000e+02
8.470000000000000000e+02
8.470000000000000000e+02
1.193000000000000000e+03
1.193000000000000000e+03
1.193000000000000000e+03
1.193000000000000000e+03
1.193000000000000000e+03
1.193000000000000000e+03
6.160000000000000000e+02
8.530000000000000000e+02
8.530000000000000000e+02
1.804000000000000000e+03
8.490000000000000000e+02
1.625000000000000000e+03
1.625000000000000000e+03
7.406000000000000000e+03
7.406000000000000000e+03
7.406000000000000000e+03
7.406000000000000000e+03
7.406000000000000000e+03
7.406000000000000000e+03
7.406000000000000000e+03
7.406000000000000000e+03
7.406000000000000000e+03
7.406000000000000000e+03
7.406000000000000000e+03
7.406000000000000000e+03
1.815000000000000000e+03
6.340000000000000000e+02
2.335000000000000000e+03
2.335000000000000000e+03
2.335000000000000000e+03
2.335000000000000000e+03
8.590000000000000000e+02
7.630000000000000000e+02
7.053000000000000000e+03
7.053000000000000000e+03
1.734000000000000000e+03
9.457000000000000000e+03
7.620000000000000000e+02
1.591000000000000000e+03
1.465000000000000000e+03
6.090000000000000000e+02
2.825000000000000000e+03
1.448000000000000000e+03
1.834000000000000000e+03
1.755000000000000000e+03
1.940000000000000000e+03
1.955000000000000000e+03
1.955000000000000000e+03
1.955000000000000000e+03
1.955000000000000000e+03
1.955000000000000000e+03
1.956000000000000000e+03
1.956000000000000000e+03
1.956000000000000000e+03
1.956000000000000000e+03
1.956000000000000000e+03
9.300000000000000000e+02
6.200000000000000000e+02
6.200000000000000000e+02
1.450000000000000000e+02
5.280000000000000000e+02
2.660000000000000000e+02
2.660000000000000000e+02
2.660000000000000000e+02
4.072000000000000000e+03
4.072000000000000000e+03
4.072000000000000000e+03
4.072000000000000000e+03
4.072000000000000000e+03
4.072000000000000000e+03
4.072000000000000000e+03
4.072000000000000000e+03
4.072000000000000000e+03
1.695000000000000000e+03
1.695000000000000000e+03
1.695000000000000000e+03
1.696000000000000000e+03
1.696000000000000000e+03
1.696000000000000000e+03
1.817000000000000000e+03
1.609000000000000000e+03
7.660000000000000000e+02
1.658000000000000000e+03
1.658000000000000000e+03
1.657000000000000000e+03
1.657000000000000000e+03
1.761000000000000000e+03
1.761000000000000000e+03
7.720000000000000000e+02
8.963000000000000000e+03
1.628000000000000000e+03
1.887000000000000000e+03
1.921000000000000000e+03
9.190000000000000000e+02
9.480000000000000000e+02
4.042000000000000000e+03
4.042000000000000000e+03
1.924000000000000000e+03
2.769000000000000000e+03
2.770000000000000000e+03
8.820000000000000000e+02
1.328200000000000000e+04
3.495000000000000000e+03
3.650000000000000000e+03
5.480000000000000000e+02
5.480000000000000000e+02
6.880000000000000000e+02
1.810000000000000000e+03
1.810000000000000000e+03
1.810000000000000000e+03
1.649000000000000000e+03
8.730000000000000000e+02
8.730000000000000000e+02
8.730000000000000000e+02
8.730000000000000000e+02
8.730000000000000000e+02
8.500000000000000000e+02
8.500000000000000000e+02
8.500000000000000000e+02
8.500000000000000000e+02
8.500000000000000000e+02
8.500000000000000000e+02
2.337000000000000000e+03
2.337000000000000000e+03
2.337000000000000000e+03
2.337000000000000000e+03
1.187000000000000000e+03
1.187000000000000000e+03
1.187000000000000000e+03
1.187000000000000000e+03
1.187000000000000000e+03
1.883000000000000000e+03
6.400000000000000000e+02
9.698000000000000000e+03
9.698000000000000000e+03
1.881000000000000000e+03
1.770000000000000000e+03
9.910000000000000000e+02
2.700000000000000000e+01
5.250000000000000000e+02
5.250000000000000000e+02
5.250000000000000000e+02
5.250000000000000000e+02
9.251000000000000000e+03
1.737000000000000000e+03
1.737000000000000000e+03
9.500000000000000000e+02
7.960000000000000000e+02
7.960000000000000000e+02
1.495000000000000000e+03
1.495000000000000000e+03
1.495000000000000000e+03
1.495000000000000000e+03
4.567000000000000000e+03
1.870000000000000000e+03
8.650000000000000000e+02
5.700000000000000000e+01
5.700000000000000000e+01
8.591000000000000000e+03
8.591000000000000000e+03
7.900000000000000000e+02
2.563000000000000000e+03
2.563000000000000000e+03
1.925000000000000000e+03
1.000000000000000000e+03
1.000000000000000000e+03
1.929000000000000000e+03
1.929000000000000000e+03
1.937000000000000000e+03
1.937000000000000000e+03
4.486000000000000000e+03
5.800000000000000000e+01
8.720000000000000000e+02
1.733000000000000000e+03
1.733000000000000000e+03
3.000000000000000000e+00
3.000000000000000000e+00
6.209000000000000000e+03
1.171700000000000000e+04
1.171700000000000000e+04
1.866000000000000000e+03
7.900000000000000000e+02
8.910000000000000000e+02
9.310000000000000000e+02
1.470000000000000000e+02
3.786000000000000000e+03
1.491000000000000000e+03
1.491000000000000000e+03
1.662000000000000000e+03
8.580000000000000000e+02
1.515000000000000000e+03
8.200000000000000000e+02
3.431000000000000000e+03
6.550000000000000000e+02
6.550000000000000000e+02
1.770000000000000000e+02
1.867000000000000000e+03
5.540000000000000000e+02
8.681000000000000000e+03
6.215000000000000000e+03
1.012000000000000000e+03
1.915000000000000000e+03
3.525000000000000000e+03
3.525000000000000000e+03
3.525000000000000000e+03
1.938000000000000000e+03
7.600000000000000000e+02
7.600000000000000000e+02
7.600000000000000000e+02
7.600000000000000000e+02
7.600000000000000000e+02
7.600000000000000000e+02
7.600000000000000000e+02
4.075000000000000000e+03
1.448000000000000000e+03
4.487000000000000000e+03
4.487000000000000000e+03
4.487000000000000000e+03
1.738000000000000000e+03
1.738000000000000000e+03
1.738000000000000000e+03
9.458000000000000000e+03
9.458000000000000000e+03
9.458000000000000000e+03
9.458000000000000000e+03
9.458000000000000000e+03
9.458000000000000000e+03
9.458000000000000000e+03
9.458000000000000000e+03
9.458000000000000000e+03
9.458000000000000000e+03
5.900000000000000000e+01
5.900000000000000000e+01
5.900000000000000000e+01
5.900000000000000000e+01
5.900000000000000000e+01
5.900000000000000000e+01
5.900000000000000000e+01
5.900000000000000000e+01
5.900000000000000000e+01
5.900000000000000000e+01
5.900000000000000000e+01
5.900000000000000000e+01
6.450000000000000000e+02
6.450000000000000000e+02
2.371000000000000000e+03
2.371000000000000000e+03
2.371000000000000000e+03
2.371000000000000000e+03
2.371000000000000000e+03
2.371000000000000000e+03
2.371000000000000000e+03
2.371000000000000000e+03
6.480000000000000000e+02
3.621000000000000000e+03
3.621000000000000000e+03
9.250000000000000000e+02
9.250000000000000000e+02
9.540000000000000000e+02
1.783000000000000000e+03
6.949000000000000000e+03
6.949000000000000000e+03
6.040000000000000000e+02
1.303800000000000000e+04
1.303800000000000000e+04
3.060000000000000000e+03
3.060000000000000000e+03
3.060000000000000000e+03
3.060000000000000000e+03
9.420000000000000000e+02
9.420000000000000000e+02
1.778000000000000000e+03
8.470000000000000000e+02
8.470000000000000000e+02
8.470000000000000000e+02
1.193000000000000000e+03
1.193000000000000000e+03
1.193000000000000000e+03
1.193000000000000000e+03
1.193000000000000000e+03
1.193000000000000000e+03
1.193000000000000000e+03
1.193000000000000000e+03
1.193000000000000000e+03
1.193000000000000000e+03
1.193000000000000000e+03
1.193000000000000000e+03
1.744000000000000000e+03
2.548000000000000000e+03
2.548000000000000000e+03
2.548000000000000000e+03
8.740000000000000000e+02
1.812000000000000000e+03
1.812000000000000000e+03
4.000000000000000000e+01
3.300000000000000000e+01
3.300000000000000000e+01
8.510000000000000000e+02
4.069000000000000000e+03
8.450000000000000000e+02
8.450000000000000000e+02
8.450000000000000000e+02
3.524000000000000000e+03
3.524000000000000000e+03
1.586000000000000000e+03
6.153000000000000000e+03
3.300000000000000000e+01
3.300000000000000000e+01
3.600000000000000000e+01
3.600000000000000000e+01
3.600000000000000000e+01
1.752000000000000000e+03
1.752000000000000000e+03
1.752000000000000000e+03
1.752000000000000000e+03
1.735000000000000000e+03
3.856000000000000000e+03
8.000000000000000000e+02
1.750000000000000000e+02
1.750000000000000000e+02
1.740000000000000000e+02
1.740000000000000000e+02
1.760000000000000000e+02
9.290000000000000000e+02
2.630000000000000000e+02
2.630000000000000000e+02
2.630000000000000000e+02
9.290000000000000000e+02
1.448000000000000000e+03
3.840000000000000000e+02
3.840000000000000000e+02
3.840000000000000000e+02
7.970000000000000000e+02
7.970000000000000000e+02
7.970000000000000000e+02
1.480000000000000000e+03
3.787000000000000000e+03
3.787000000000000000e+03
3.787000000000000000e+03
3.787000000000000000e+03
3.787000000000000000e+03
3.787000000000000000e+03
3.787000000000000000e+03
3.787000000000000000e+03
3.787000000000000000e+03
3.787000000000000000e+03
3.787000000000000000e+03
3.787000000000000000e+03
3.787000000000000000e+03
2.600000000000000000e+02
6.208000000000000000e+03
9.450000000000000000e+02
9.450000000000000000e+02
9.450000000000000000e+02
6.550000000000000000e+02
6.550000000000000000e+02
1.611000000000000000e+03
6.168000000000000000e+03
6.168000000000000000e+03
6.168000000000000000e+03
7.910000000000000000e+02
2.860000000000000000e+02
2.860000000000000000e+02
2.860000000000000000e+02
2.860000000000000000e+02
1.756000000000000000e+03
1.756000000000000000e+03
8.120000000000000000e+02
8.120000000000000000e+02
8.120000000000000000e+02
8.120000000000000000e+02
8.120000000000000000e+02
8.120000000000000000e+02
8.120000000000000000e+02
7.053000000000000000e+03
7.053000000000000000e+03
9.950000000000000000e+02
3.040000000000000000e+03
3.040000000000000000e+03
3.040000000000000000e+03
3.040000000000000000e+03
9.390000000000000000e+02
9.390000000000000000e+02
9.390000000000000000e+02
3.046000000000000000e+03
3.046000000000000000e+03
3.046000000000000000e+03
3.046000000000000000e+03
3.043000000000000000e+03
3.043000000000000000e+03
3.043000000000000000e+03
3.043000000000000000e+03
9.280000000000000000e+02
1.520000000000000000e+03
1.520000000000000000e+03
9.620000000000000000e+02
9.620000000000000000e+02
9.620000000000000000e+02
9.620000000000000000e+02
1.175300000000000000e+04
1.175300000000000000e+04
3.763000000000000000e+03
3.763000000000000000e+03
3.763000000000000000e+03
3.763000000000000000e+03
9.900000000000000000e+01
9.810000000000000000e+02
8.060000000000000000e+02
9.903000000000000000e+03
2.564000000000000000e+03
1.738000000000000000e+03
1.738000000000000000e+03
1.738000000000000000e+03
5.879000000000000000e+03
5.878000000000000000e+03
1.110000000000000000e+02
8.640000000000000000e+02
6.000000000000000000e+02
6.000000000000000000e+02
1.175500000000000000e+04
1.175500000000000000e+04
2.500000000000000000e+03
1.814000000000000000e+03
2.501000000000000000e+03
1.693000000000000000e+03
8.170000000000000000e+02
8.170000000000000000e+02
8.170000000000000000e+02
1.300000000000000000e+01
1.300000000000000000e+01
1.300000000000000000e+01
7.650000000000000000e+02
2.502000000000000000e+03
6.410000000000000000e+02
1.740000000000000000e+03
1.740000000000000000e+03
7.730000000000000000e+02
7.730000000000000000e+02
7.590000000000000000e+02
7.590000000000000000e+02
7.590000000000000000e+02
1.892000000000000000e+03
1.876000000000000000e+03
1.872000000000000000e+03
1.400000000000000000e+01
3.147000000000000000e+03
6.150000000000000000e+02
6.150000000000000000e+02
6.150000000000000000e+02
6.150000000000000000e+02
6.150000000000000000e+02
6.150000000000000000e+02
6.150000000000000000e+02
6.150000000000000000e+02
1.775000000000000000e+03
9.970000000000000000e+02
9.010000000000000000e+02
1.619000000000000000e+03
1.880000000000000000e+03
1.006000000000000000e+03
4.518000000000000000e+03
4.518000000000000000e+03
9.410000000000000000e+02
9.410000000000000000e+02
1.921000000000000000e+03
1.571000000000000000e+03
6.150000000000000000e+02
6.150000000000000000e+02
6.150000000000000000e+02
6.150000000000000000e+02
9.630000000000000000e+02
5.800000000000000000e+01
2.768000000000000000e+03
2.768000000000000000e+03
3.527000000000000000e+03
3.527000000000000000e+03
1.582000000000000000e+03
1.182000000000000000e+03
1.182000000000000000e+03
1.182000000000000000e+03
1.182000000000000000e+03
6.740000000000000000e+02
1.444100000000000000e+04
2.803000000000000000e+03
2.804000000000000000e+03
2.794000000000000000e+03
1.838000000000000000e+03
1.838000000000000000e+03
1.449000000000000000e+03
3.000000000000000000e+00
3.000000000000000000e+00
1.524000000000000000e+03
1.465200000000000000e+04
1.465200000000000000e+04
1.784000000000000000e+03
1.784000000000000000e+03
1.624000000000000000e+03
1.624000000000000000e+03
1.624000000000000000e+03
1.624000000000000000e+03
9.650000000000000000e+02
9.650000000000000000e+02
2.769000000000000000e+03
7.053000000000000000e+03
7.053000000000000000e+03
1.971000000000000000e+03
1.296000000000000000e+04
1.563300000000000000e+04
2.230500000000000000e+04
9.710000000000000000e+02
7.130000000000000000e+03
7.130000000000000000e+03
7.130000000000000000e+03
2.594000000000000000e+03
1.577800000000000000e+04
1.577800000000000000e+04
1.577800000000000000e+04
1.577800000000000000e+04
1.223000000000000000e+03
1.223000000000000000e+03
1.223000000000000000e+03
1.632900000000000000e+04
1.632800000000000000e+04
2.851000000000000000e+03
1.695000000000000000e+04
1.695000000000000000e+04
1.695100000000000000e+04
1.695100000000000000e+04
1.685000000000000000e+04
1.688100000000000000e+04
1.688100000000000000e+04
1.199100000000000000e+04
1.960000000000000000e+02
1.960000000000000000e+02
6.881000000000000000e+03
6.881000000000000000e+03
5.601000000000000000e+03
1.768600000000000000e+04
1.782800000000000000e+04
1.783600000000000000e+04
9.022000000000000000e+03
9.022000000000000000e+03
2.799000000000000000e+03
2.800000000000000000e+03
1.301000000000000000e+04
3.340000000000000000e+02
1.843100000000000000e+04
1.842900000000000000e+04
1.843000000000000000e+04
3.742000000000000000e+03
8.744000000000000000e+03
1.870700000000000000e+04
5.342000000000000000e+03
3.526000000000000000e+03
3.526000000000000000e+03
1.922100000000000000e+04
1.922100000000000000e+04
1.922100000000000000e+04
5.881000000000000000e+03
3.540000000000000000e+02
1.940500000000000000e+04
1.930200000000000000e+04
2.161900000000000000e+04
2.163600000000000000e+04
2.163600000000000000e+04
2.163600000000000000e+04
2.163600000000000000e+04
2.088500000000000000e+04
2.088500000000000000e+04
2.088500000000000000e+04
2.088500000000000000e+04
1.208000000000000000e+03
1.208000000000000000e+03
1.208000000000000000e+03
8.968000000000000000e+03
2.189800000000000000e+04
1.500000000000000000e+01
1.500000000000000000e+01
3.077000000000000000e+03
2.226800000000000000e+04
1.585000000000000000e+03
