7.407000000000000000e+03
7.407000000000000000e+03
7.407000000000000000e+03
7.407000000000000000e+03
7.407000000000000000e+03
7.407000000000000000e+03
7.407000000000000000e+03
7.407000000000000000e+03
7.407000000000000000e+03
7.407000000000000000e+03
7.407000000000000000e+03
7.407000000000000000e+03
2.488000000000000000e+03
2.343000000000000000e+03
2.343000000000000000e+03
2.343000000000000000e+03
2.343000000000000000e+03
2.337000000000000000e+03
2.337000000000000000e+03
2.337000000000000000e+03
2.337000000000000000e+03
1.873000000000000000e+03
1.700000000000000000e+02
1.700000000000000000e+02
1.700000000000000000e+02
6.001000000000000000e+03
6.001000000000000000e+03
6.001000000000000000e+03
1.110000000000000000e+02
1.515000000000000000e+03
2.189000000000000000e+03
6.042000000000000000e+03
6.042000000000000000e+03
3.330000000000000000e+02
1.710000000000000000e+02
1.710000000000000000e+02
1.710000000000000000e+02
7.940000000000000000e+02
9.540000000000000000e+02
2.338000000000000000e+03
2.338000000000000000e+03
2.338000000000000000e+03
2.338000000000000000e+03
1.750000000000000000e+02
1.750000000000000000e+02
3.787000000000000000e+03
3.787000000000000000e+03
3.787000000000000000e+03
3.787000000000000000e+03
3.787000000000000000e+03
3.787000000000000000e+03
3.787000000000000000e+03
3.787000000000000000e+03
3.787000000000000000e+03
3.787000000000000000e+03
3.787000000000000000e+03
3.787000000000000000e+03
3.787000000000000000e+03
1.878000000000000000e+03
1.879000000000000000e+03
1.876000000000000000e+03
3.783000000000000000e+03
3.783000000000000000e+03
3.783000000000000000e+03
3.783000000000000000e+03
3.783000000000000000e+03
3.783000000000000000e+03
3.783000000000000000e+03
3.783000000000000000e+03
3.783000000000000000e+03
3.783000000000000000e+03
3.783000000000000000e+03
3.783000000000000000e+03
3.040000000000000000e+03
3.040000000000000000e+03
3.040000000000000000e+03
3.040000000000000000e+03
1.690000000000000000e+02
1.690000000000000000e+02
1.690000000000000000e+02
9.250000000000000000e+02
9.250000000000000000e+02
2.428000000000000000e+03
2.428000000000000000e+03
2.428000000000000000e+03
2.428000000000000000e+03
2.428000000000000000e+03
2.428000000000000000e+03
1.034000000000000000e+03
1.034000000000000000e+03
1.034000000000000000e+03
1.034000000000000000e+03
4.075000000000000000e+03
1.610000000000000000e+03
1.953000000000000000e+03
6.040000000000000000e+02
2.188000000000000000e+03
1.489000000000000000e+03
1.489000000000000000e+03
1.489000000000000000e+03
7.566000000000000000e+03
5.350000000000000000e+03
5.350000000000000000e+03
5.350000000000000000e+03
5.350000000000000000e+03
5.350000000000000000e+03
5.350000000000000000e+03
5.350000000000000000e+03
5.350000000000000000e+03
5.350000000000000000e+03
5.350000000000000000e+03
3.525000000000000000e+03
3.525000000000000000e+03
3.525000000000000000e+03
8.200000000000000000e+02
1.845000000000000000e+03
5.250000000000000000e+02
5.250000000000000000e+02
5.250000000000000000e+02
5.250000000000000000e+02
1.883000000000000000e+03
1.733000000000000000e+03
1.733000000000000000e+03
3.763000000000000000e+03
3.763000000000000000e+03
3.763000000000000000e+03
3.763000000000000000e+03
2.335000000000000000e+03
2.335000000000000000e+03
2.335000000000000000e+03
2.335000000000000000e+03
1.586000000000000000e+03
5.823000000000000000e+03
1.889000000000000000e+03
1.200000000000000000e+01
9.730000000000000000e+02
1.790000000000000000e+03
6.700000000000000000e+01
1.572000000000000000e+03
2.341000000000000000e+03
2.341000000000000000e+03
2.341000000000000000e+03
2.341000000000000000e+03
8.470000000000000000e+02
8.470000000000000000e+02
8.470000000000000000e+02
4.069000000000000000e+03
7.730000000000000000e+02
7.730000000000000000e+02
2.825000000000000000e+03
3.431000000000000000e+03
2.493000000000000000e+03
3.840000000000000000e+02
3.840000000000000000e+02
3.840000000000000000e+02
7.970000000000000000e+02
7.970000000000000000e+02
7.970000000000000000e+02
1.611000000000000000e+03
1.791000000000000000e+03
9.690000000000000000e+02
9.690000000000000000e+02
5.979000000000000000e+03
9.400000000000000000e+02
9.400000000000000000e+02
9.400000000000000000e+02
9.400000000000000000e+02
9.400000000000000000e+02
9.400000000000000000e+02
9.400000000000000000e+02
9.400000000000000000e+02
9.400000000000000000e+02
9.400000000000000000e+02
9.400000000000000000e+02
9.400000000000000000e+02
9.400000000000000000e+02
9.400000000000000000e+02
1.933000000000000000e+03
1.945000000000000000e+03
1.117500000000000000e+04
1.117500000000000000e+04
7.640000000000000000e+02
8.060000000000000000e+02
9.810000000000000000e+02
1.951000000000000000e+03
1.951000000000000000e+03
1.951000000000000000e+03
5.480000000000000000e+02
5.480000000000000000e+02
2.970000000000000000e+02
2.970000000000000000e+02
9.280000000000000000e+02
9.730000000000000000e+02
7.406000000000000000e+03
7.406000000000000000e+03
7.406000000000000000e+03
7.406000000000000000e+03
7.406000000000000000e+03
7.406000000000000000e+03
7.406000000000000000e+03
7.406000000000000000e+03
7.406000000000000000e+03
7.406000000000000000e+03
7.406000000000000000e+03
7.406000000000000000e+03
1.872000000000000000e+03
7.900000000000000000e+02
6.060000000000000000e+02
3.518000000000000000e+03
3.518000000000000000e+03
1.868000000000000000e+03
1.581000000000000000e+03
3.650000000000000000e+03
3.150000000000000000e+03
3.360000000000000000e+02
1.918000000000000000e+03
9.620000000000000000e+02
9.620000000000000000e+02
9.620000000000000000e+02
9.620000000000000000e+02
6.160000000000000000e+02
9.450000000000000000e+02
9.450000000000000000e+02
9.450000000000000000e+02
9.190000000000000000e+02
1.867000000000000000e+03
1.752000000000000000e+03
1.752000000000000000e+03
1.752000000000000000e+03
1.752000000000000000e+03
1.720000000000000000e+02
1.720000000000000000e+02
1.720000000000000000e+02
3.370000000000000000e+02
3.310000000000000000e+02
3.320000000000000000e+02
2.660000000000000000e+02
2.660000000000000000e+02
2.660000000000000000e+02
7.141000000000000000e+03
6.897000000000000000e+03
6.400000000000000000e+02
1.738000000000000000e+03
1.738000000000000000e+03
1.738000000000000000e+03
1.923000000000000000e+03
1.952000000000000000e+03
1.952000000000000000e+03
1.952000000000000000e+03
1.737000000000000000e+03
1.737000000000000000e+03
1.803000000000000000e+03
9.270000000000000000e+02
1.340000000000000000e+02
6.013000000000000000e+03
9.007000000000000000e+03
9.007000000000000000e+03
9.007000000000000000e+03
9.007000000000000000e+03
2.563000000000000000e+03
2.563000000000000000e+03
2.260000000000000000e+02
1.903000000000000000e+03
1.903000000000000000e+03
1.874000000000000000e+03
1.874000000000000000e+03
1.624000000000000000e+03
1.624000000000000000e+03
1.624000000000000000e+03
1.624000000000000000e+03
4.567000000000000000e+03
1.588000000000000000e+03
1.892000000000000000e+03
2.820000000000000000e+02
2.820000000000000000e+02
2.940000000000000000e+02
2.940000000000000000e+02
2.940000000000000000e+02
2.940000000000000000e+02
2.940000000000000000e+02
2.940000000000000000e+02
8.640000000000000000e+02
1.893000000000000000e+03
2.610000000000000000e+02
2.610000000000000000e+02
2.830000000000000000e+02
2.830000000000000000e+02
7.053000000000000000e+03
7.053000000000000000e+03
8.730000000000000000e+02
8.730000000000000000e+02
8.730000000000000000e+02
8.730000000000000000e+02
8.730000000000000000e+02
9.430000000000000000e+02
9.430000000000000000e+02
2.434000000000000000e+03
2.434000000000000000e+03
2.433000000000000000e+03
2.433000000000000000e+03
7.560000000000000000e+02
7.560000000000000000e+02
7.560000000000000000e+02
7.560000000000000000e+02
7.590000000000000000e+02
7.590000000000000000e+02
7.590000000000000000e+02
1.881000000000000000e+03
7.960000000000000000e+02
7.960000000000000000e+02
1.915000000000000000e+03
8.820000000000000000e+02
6.000000000000000000e+02
6.000000000000000000e+02
8.200000000000000000e+02
1.443000000000000000e+03
7.680000000000000000e+02
3.399000000000000000e+03
3.399000000000000000e+03
2.191000000000000000e+03
2.191000000000000000e+03
5.936000000000000000e+03
5.936000000000000000e+03
5.895000000000000000e+03
5.895000000000000000e+03
2.492000000000000000e+03
1.749000000000000000e+03
1.698000000000000000e+03
3.147000000000000000e+03
8.500000000000000000e+02
8.500000000000000000e+02
8.500000000000000000e+02
8.500000000000000000e+02
8.500000000000000000e+02
8.500000000000000000e+02
1.012000000000000000e+03
1.921000000000000000e+03
1.126000000000000000e+03
1.126000000000000000e+03
6.390000000000000000e+02
1.744000000000000000e+03
1.776000000000000000e+03
7.610000000000000000e+02
7.910000000000000000e+02
1.929000000000000000e+03
1.929000000000000000e+03
3.046000000000000000e+03
3.046000000000000000e+03
3.046000000000000000e+03
3.046000000000000000e+03
3.043000000000000000e+03
3.043000000000000000e+03
3.043000000000000000e+03
3.043000000000000000e+03
9.730000000000000000e+02
1.734000000000000000e+03
3.800000000000000000e+03
3.800000000000000000e+03
3.800000000000000000e+03
1.579000000000000000e+03
5.660000000000000000e+02
7.600000000000000000e+02
7.600000000000000000e+02
7.600000000000000000e+02
7.600000000000000000e+02
7.600000000000000000e+02
7.600000000000000000e+02
7.600000000000000000e+02
6.989000000000000000e+03
6.989000000000000000e+03
3.517000000000000000e+03
7.670000000000000000e+02
9.458000000000000000e+03
9.458000000000000000e+03
9.458000000000000000e+03
9.458000000000000000e+03
9.458000000000000000e+03
9.458000000000000000e+03
9.458000000000000000e+03
9.458000000000000000e+03
9.458000000000000000e+03
9.458000000000000000e+03
2.372000000000000000e+03
2.372000000000000000e+03
2.372000000000000000e+03
2.372000000000000000e+03
2.372000000000000000e+03
2.372000000000000000e+03
2.372000000000000000e+03
2.372000000000000000e+03
2.372000000000000000e+03
2.372000000000000000e+03
2.371000000000000000e+03
2.371000000000000000e+03
2.371000000000000000e+03
2.371000000000000000e+03
2.371000000000000000e+03
2.371000000000000000e+03
2.371000000000000000e+03
2.371000000000000000e+03
6.450000000000000000e+02
6.450000000000000000e+02
7.053000000000000000e+03
7.053000000000000000e+03
1.928000000000000000e+03
1.000000000000000000e+03
1.000000000000000000e+03
2.660000000000000000e+02
2.660000000000000000e+02
2.660000000000000000e+02
5.280000000000000000e+02
8.520000000000000000e+02
8.520000000000000000e+02
8.450000000000000000e+02
8.450000000000000000e+02
8.450000000000000000e+02
2.340000000000000000e+03
2.340000000000000000e+03
2.340000000000000000e+03
2.340000000000000000e+03
9.950000000000000000e+02
1.756000000000000000e+03
1.756000000000000000e+03
8.490000000000000000e+02
8.910000000000000000e+02
1.870000000000000000e+03
6.966000000000000000e+03
6.966000000000000000e+03
3.621000000000000000e+03
3.621000000000000000e+03
9.910000000000000000e+02
9.260000000000000000e+02
9.260000000000000000e+02
9.750000000000000000e+02
1.619000000000000000e+03
2.435000000000000000e+03
2.435000000000000000e+03
1.662000000000000000e+03
1.875000000000000000e+03
1.875000000000000000e+03
8.963000000000000000e+03
1.869000000000000000e+03
1.465000000000000000e+03
1.591000000000000000e+03
1.409000000000000000e+03
2.870000000000000000e+02
2.870000000000000000e+02
2.870000000000000000e+02
2.870000000000000000e+02
2.870000000000000000e+02
2.870000000000000000e+02
2.870000000000000000e+02
7.500000000000000000e+01
7.500000000000000000e+01
8.580000000000000000e+02
1.849000000000000000e+03
3.465000000000000000e+03
1.887000000000000000e+03
6.949000000000000000e+03
6.949000000000000000e+03
1.972000000000000000e+03
1.783000000000000000e+03
4.068000000000000000e+03
6.153000000000000000e+03
1.468000000000000000e+03
1.925000000000000000e+03
2.528000000000000000e+03
9.750000000000000000e+02
3.350000000000000000e+02
3.340000000000000000e+02
1.885000000000000000e+03
2.342000000000000000e+03
2.342000000000000000e+03
2.342000000000000000e+03
2.342000000000000000e+03
9.903000000000000000e+03
1.808000000000000000e+03
1.808000000000000000e+03
8.570000000000000000e+02
8.570000000000000000e+02
8.570000000000000000e+02
3.420000000000000000e+02
1.938000000000000000e+03
2.610000000000000000e+02
2.610000000000000000e+02
1.939000000000000000e+03
9.698000000000000000e+03
9.698000000000000000e+03
1.890000000000000000e+03
8.120000000000000000e+02
8.120000000000000000e+02
8.120000000000000000e+02
8.120000000000000000e+02
8.120000000000000000e+02
8.120000000000000000e+02
8.120000000000000000e+02
6.150000000000000000e+02
6.150000000000000000e+02
6.150000000000000000e+02
6.150000000000000000e+02
7.890000000000000000e+02
7.890000000000000000e+02
8.760000000000000000e+02
8.760000000000000000e+02
8.760000000000000000e+02
8.760000000000000000e+02
8.760000000000000000e+02
8.760000000000000000e+02
8.760000000000000000e+02
8.760000000000000000e+02
8.760000000000000000e+02
8.760000000000000000e+02
8.760000000000000000e+02
8.760000000000000000e+02
8.760000000000000000e+02
8.760000000000000000e+02
8.760000000000000000e+02
8.760000000000000000e+02
8.760000000000000000e+02
8.760000000000000000e+02
8.760000000000000000e+02
1.251000000000000000e+03
1.251000000000000000e+03
1.493000000000000000e+03
1.770000000000000000e+02
1.745000000000000000e+03
6.550000000000000000e+02
6.550000000000000000e+02
3.151000000000000000e+03
1.006000000000000000e+03
9.480000000000000000e+02
8.600000000000000000e+02
8.600000000000000000e+02
1.689000000000000000e+03
1.175100000000000000e+04
1.175100000000000000e+04
1.175100000000000000e+04
1.175100000000000000e+04
1.175100000000000000e+04
1.175100000000000000e+04
1.175100000000000000e+04
1.175100000000000000e+04
1.175100000000000000e+04
1.175100000000000000e+04
1.175100000000000000e+04
1.175100000000000000e+04
1.175100000000000000e+04
1.175200000000000000e+04
1.175200000000000000e+04
5.540000000000000000e+02
6.110000000000000000e+02
1.775000000000000000e+03
1.866000000000000000e+03
9.390000000000000000e+02
9.390000000000000000e+02
9.390000000000000000e+02
1.915000000000000000e+03
8.591000000000000000e+03
8.591000000000000000e+03
1.791000000000000000e+03
1.424000000000000000e+03
1.937000000000000000e+03
1.937000000000000000e+03
4.486000000000000000e+03
1.921000000000000000e+03
3.060000000000000000e+03
3.060000000000000000e+03
3.060000000000000000e+03
3.060000000000000000e+03
9.420000000000000000e+02
9.420000000000000000e+02
1.740000000000000000e+02
1.740000000000000000e+02
9.290000000000000000e+02
9.290000000000000000e+02
1.464000000000000000e+03
1.464000000000000000e+03
1.464000000000000000e+03
1.924000000000000000e+03
5.700000000000000000e+01
5.700000000000000000e+01
6.880000000000000000e+02
9.900000000000000000e+01
7.930000000000000000e+02
2.231000000000000000e+03
2.231000000000000000e+03
2.231000000000000000e+03
2.233000000000000000e+03
2.233000000000000000e+03
2.232000000000000000e+03
2.227000000000000000e+03
2.227000000000000000e+03
8.170000000000000000e+02
8.170000000000000000e+02
8.170000000000000000e+02
3.495000000000000000e+03
3.820000000000000000e+02
3.820000000000000000e+02
3.820000000000000000e+02
3.820000000000000000e+02
3.820000000000000000e+02
3.820000000000000000e+02
1.439000000000000000e+03
1.486000000000000000e+03
2.437000000000000000e+03
6.960000000000000000e+02
1.810000000000000000e+03
1.810000000000000000e+03
1.810000000000000000e+03
8.590000000000000000e+02
8.681000000000000000e+03
6.215000000000000000e+03
1.848000000000000000e+03
1.571000000000000000e+03
1.902000000000000000e+03
1.902000000000000000e+03
1.330000000000000000e+02
1.778000000000000000e+03
1.714000000000000000e+03
2.150000000000000000e+02
2.150000000000000000e+02
6.740000000000000000e+02
9.280000000000000000e+02
7.630000000000000000e+02
6.050000000000000000e+02
6.050000000000000000e+02
6.050000000000000000e+02
1.439000000000000000e+03
1.712000000000000000e+03
1.760000000000000000e+02
1.770000000000000000e+02
1.750000000000000000e+02
1.750000000000000000e+02
1.740000000000000000e+02
1.740000000000000000e+02
8.260000000000000000e+02
8.260000000000000000e+02
8.260000000000000000e+02
8.260000000000000000e+02
8.760000000000000000e+02
8.760000000000000000e+02
8.760000000000000000e+02
8.760000000000000000e+02
8.760000000000000000e+02
8.760000000000000000e+02
8.760000000000000000e+02
8.760000000000000000e+02
8.760000000000000000e+02
8.760000000000000000e+02
8.760000000000000000e+02
8.760000000000000000e+02
8.760000000000000000e+02
8.760000000000000000e+02
8.760000000000000000e+02
8.760000000000000000e+02
8.760000000000000000e+02
8.760000000000000000e+02
8.760000000000000000e+02
8.800000000000000000e+01
8.800000000000000000e+01
7.620000000000000000e+02
3.783000000000000000e+03
3.783000000000000000e+03
3.783000000000000000e+03
3.783000000000000000e+03
3.783000000000000000e+03
3.783000000000000000e+03
3.783000000000000000e+03
3.783000000000000000e+03
3.783000000000000000e+03
3.783000000000000000e+03
3.783000000000000000e+03
3.783000000000000000e+03
1.760000000000000000e+02
2.446000000000000000e+03
2.446000000000000000e+03
9.010000000000000000e+02
9.650000000000000000e+02
4.042000000000000000e+03
4.042000000000000000e+03
1.809000000000000000e+03
1.950000000000000000e+03
1.207000000000000000e+03
1.207000000000000000e+03
1.207000000000000000e+03
1.207000000000000000e+03
1.207000000000000000e+03
1.628000000000000000e+03
1.770000000000000000e+03
1.768000000000000000e+03
1.768000000000000000e+03
1.305700000000000000e+04
1.305700000000000000e+04
1.305700000000000000e+04
6.000000000000000000e+01
3.795000000000000000e+03
5.900000000000000000e+01
5.900000000000000000e+01
5.900000000000000000e+01
5.900000000000000000e+01
5.900000000000000000e+01
5.900000000000000000e+01
5.900000000000000000e+01
5.900000000000000000e+01
5.900000000000000000e+01
5.900000000000000000e+01
5.900000000000000000e+01
5.900000000000000000e+01
1.784000000000000000e+03
1.784000000000000000e+03
1.187000000000000000e+03
1.187000000000000000e+03
1.187000000000000000e+03
1.187000000000000000e+03
1.187000000000000000e+03
9.650000000000000000e+02
6.260000000000000000e+02
6.260000000000000000e+02
6.020000000000000000e+02
6.020000000000000000e+02
6.168000000000000000e+03
6.168000000000000000e+03
6.168000000000000000e+03
3.524000000000000000e+03
3.524000000000000000e+03
1.175300000000000000e+04
1.175300000000000000e+04
1.171700000000000000e+04
1.171700000000000000e+04
1.243000000000000000e+03
1.243000000000000000e+03
1.916000000000000000e+03
1.710000000000000000e+03
1.092000000000000000e+03
1.092000000000000000e+03
1.092000000000000000e+03
7.030000000000000000e+02
9.510000000000000000e+02
1.784000000000000000e+03
1.784000000000000000e+03
1.840000000000000000e+03
1.175400000000000000e+04
1.175400000000000000e+04
1.175400000000000000e+04
1.200000000000000000e+03
1.296000000000000000e+04
6.340000000000000000e+02
1.354200000000000000e+04
1.354200000000000000e+04
9.710000000000000000e+02
2.480000000000000000e+02
2.480000000000000000e+02
2.480000000000000000e+02
2.480000000000000000e+02
2.480000000000000000e+02
5.800000000000000000e+01
1.012000000000000000e+03
5.934000000000000000e+03
5.934000000000000000e+03
8.050000000000000000e+02
9.800000000000000000e+02
5.575000000000000000e+03
1.077000000000000000e+03
1.077000000000000000e+03
9.490000000000000000e+02
1.491000000000000000e+03
1.491000000000000000e+03
9.457000000000000000e+03
1.303800000000000000e+04
1.303800000000000000e+04
6.340000000000000000e+02
1.378700000000000000e+04
1.378700000000000000e+04
1.378700000000000000e+04
6.030000000000000000e+02
6.030000000000000000e+02
1.784000000000000000e+03
1.784000000000000000e+03
9.500000000000000000e+02
1.844000000000000000e+03
1.844000000000000000e+03
7.680000000000000000e+02
6.080000000000000000e+02
8.281000000000000000e+03
3.394000000000000000e+03
3.394000000000000000e+03
9.740000000000000000e+02
9.740000000000000000e+02
9.740000000000000000e+02
9.740000000000000000e+02
3.030000000000000000e+02
3.527000000000000000e+03
3.527000000000000000e+03
1.710000000000000000e+03
1.415500000000000000e+04
1.415500000000000000e+04
1.415500000000000000e+04
1.415500000000000000e+04
1.444100000000000000e+04
1.465200000000000000e+04
1.465200000000000000e+04
6.881000000000000000e+03
6.881000000000000000e+03
1.884000000000000000e+03
2.304000000000000000e+03
2.304000000000000000e+03
6.020000000000000000e+02
6.020000000000000000e+02
1.500000000000000000e+01
1.500000000000000000e+01
1.563500000000000000e+04
1.035000000000000000e+03
1.035000000000000000e+03
1.035000000000000000e+03
1.035000000000000000e+03
8.120000000000000000e+02
8.120000000000000000e+02
8.120000000000000000e+02
8.120000000000000000e+02
8.120000000000000000e+02
8.120000000000000000e+02
8.120000000000000000e+02
3.350000000000000000e+02
1.637000000000000000e+04
1.637000000000000000e+04
1.637000000000000000e+04
1.637000000000000000e+04
1.637000000000000000e+04
1.637000000000000000e+04
1.801400000000000000e+04
1.632900000000000000e+04
3.340000000000000000e+02
1.502400000000000000e+04
1.502400000000000000e+04
5.601000000000000000e+03
1.768600000000000000e+04
1.782800000000000000e+04
1.801300000000000000e+04
1.789800000000000000e+04
1.789900000000000000e+04
3.146000000000000000e+03
1.801100000000000000e+04
1.801100000000000000e+04
1.801200000000000000e+04
3.742000000000000000e+03
2.488000000000000000e+03
1.870700000000000000e+04
1.878500000000000000e+04
1.878500000000000000e+04
1.872000000000000000e+03
2.851000000000000000e+03
3.526000000000000000e+03
3.526000000000000000e+03
1.614900000000000000e+04
1.922100000000000000e+04
1.922100000000000000e+04
1.922100000000000000e+04
1.843000000000000000e+03
2.088500000000000000e+04
2.088500000000000000e+04
1.214000000000000000e+03
1.214000000000000000e+03
1.152900000000000000e+04
2.107100000000000000e+04
2.107100000000000000e+04
2.107100000000000000e+04
2.107100000000000000e+04
2.107100000000000000e+04
2.107100000000000000e+04
2.107100000000000000e+04
2.107100000000000000e+04
2.107100000000000000e+04
2.107100000000000000e+04
8.968000000000000000e+03
2.163600000000000000e+04
2.163600000000000000e+04
2.163600000000000000e+04
2.163600000000000000e+04
2.121900000000000000e+04
2.121900000000000000e+04
2.121900000000000000e+04
2.121900000000000000e+04
1.176000000000000000e+03
1.176000000000000000e+03
1.176000000000000000e+03
2.167200000000000000e+04
2.167200000000000000e+04
2.167200000000000000e+04
2.167200000000000000e+04
2.167200000000000000e+04
1.980200000000000000e+04
