1.000000000000000000e+00
1.000000000000000000e+00
1.000000000000000000e+00
1.000000000000000000e+00
1.000000000000000000e+00
1.000000000000000000e+00
1.000000000000000000e+00
1.000000000000000000e+00
1.000000000000000000e+00
1.000000000000000000e+00
1.000000000000000000e+00
1.000000000000000000e+00
1.000000000000000000e+00
2.554000000000000000e+03
2.554000000000000000e+03
2.428000000000000000e+03
2.428000000000000000e+03
2.428000000000000000e+03
2.428000000000000000e+03
2.428000000000000000e+03
2.428000000000000000e+03
1.784000000000000000e+03
1.784000000000000000e+03
8.000000000000000000e+00
8.000000000000000000e+00
6.030000000000000000e+02
6.030000000000000000e+02
6.340000000000000000e+02
8.000000000000000000e+00
8.000000000000000000e+00
1.934000000000000000e+03
1.980000000000000000e+02
1.980000000000000000e+02
9.690000000000000000e+02
9.690000000000000000e+02
1.869000000000000000e+03
1.042000000000000000e+03
5.480000000000000000e+02
5.480000000000000000e+02
1.938000000000000000e+03
1.491000000000000000e+03
1.491000000000000000e+03
3.820000000000000000e+02
3.820000000000000000e+02
3.820000000000000000e+02
3.820000000000000000e+02
3.820000000000000000e+02
3.820000000000000000e+02
1.940000000000000000e+02
1.940000000000000000e+02
1.940000000000000000e+02
1.970000000000000000e+02
1.970000000000000000e+02
1.970000000000000000e+02
2.437000000000000000e+03
1.880000000000000000e+03
2.630000000000000000e+02
2.630000000000000000e+02
2.630000000000000000e+02
9.290000000000000000e+02
1.760000000000000000e+02
1.740000000000000000e+02
1.740000000000000000e+02
1.750000000000000000e+02
1.750000000000000000e+02
1.770000000000000000e+02
1.448000000000000000e+03
6.410000000000000000e+02
1.740000000000000000e+03
1.740000000000000000e+03
1.448000000000000000e+03
8.963000000000000000e+03
1.752000000000000000e+03
1.752000000000000000e+03
1.752000000000000000e+03
1.752000000000000000e+03
1.754000000000000000e+03
1.754000000000000000e+03
1.775000000000000000e+03
9.970000000000000000e+02
8.200000000000000000e+02
8.800000000000000000e+01
8.800000000000000000e+01
5.250000000000000000e+02
5.250000000000000000e+02
5.250000000000000000e+02
5.250000000000000000e+02
1.700000000000000000e+02
1.700000000000000000e+02
1.700000000000000000e+02
1.690000000000000000e+02
1.690000000000000000e+02
1.690000000000000000e+02
1.720000000000000000e+02
1.720000000000000000e+02
1.720000000000000000e+02
2.343000000000000000e+03
2.343000000000000000e+03
2.343000000000000000e+03
2.343000000000000000e+03
7.940000000000000000e+02
7.930000000000000000e+02
1.175200000000000000e+04
1.175200000000000000e+04
6.150000000000000000e+02
6.150000000000000000e+02
6.150000000000000000e+02
6.150000000000000000e+02
6.150000000000000000e+02
6.150000000000000000e+02
6.150000000000000000e+02
6.150000000000000000e+02
2.548000000000000000e+03
2.548000000000000000e+03
2.548000000000000000e+03
8.050000000000000000e+02
1.972000000000000000e+03
1.439000000000000000e+03
7.173000000000000000e+03
1.952000000000000000e+03
1.952000000000000000e+03
1.952000000000000000e+03
1.923000000000000000e+03
1.588000000000000000e+03
1.572000000000000000e+03
5.840000000000000000e+02
8.540000000000000000e+02
1.624000000000000000e+03
1.624000000000000000e+03
1.624000000000000000e+03
1.624000000000000000e+03
1.409000000000000000e+03
3.300000000000000000e+01
3.300000000000000000e+01
1.625000000000000000e+03
1.625000000000000000e+03
5.800000000000000000e+01
2.793000000000000000e+03
2.796000000000000000e+03
2.795000000000000000e+03
2.793000000000000000e+03
3.820000000000000000e+02
3.820000000000000000e+02
3.820000000000000000e+02
3.820000000000000000e+02
3.820000000000000000e+02
3.820000000000000000e+02
6.270000000000000000e+02
6.270000000000000000e+02
1.791000000000000000e+03
1.493000000000000000e+03
7.610000000000000000e+02
6.000000000000000000e+02
6.000000000000000000e+02
1.808000000000000000e+03
1.808000000000000000e+03
7.566000000000000000e+03
2.493000000000000000e+03
4.069000000000000000e+03
3.525000000000000000e+03
3.525000000000000000e+03
3.525000000000000000e+03
7.600000000000000000e+02
7.600000000000000000e+02
7.600000000000000000e+02
7.600000000000000000e+02
7.600000000000000000e+02
7.600000000000000000e+02
7.600000000000000000e+02
1.890000000000000000e+03
1.889000000000000000e+03
7.970000000000000000e+02
7.970000000000000000e+02
7.970000000000000000e+02
1.480000000000000000e+03
6.550000000000000000e+02
6.550000000000000000e+02
1.823000000000000000e+03
1.611000000000000000e+03
3.787000000000000000e+03
3.787000000000000000e+03
3.787000000000000000e+03
3.787000000000000000e+03
3.787000000000000000e+03
3.787000000000000000e+03
3.787000000000000000e+03
3.787000000000000000e+03
3.787000000000000000e+03
3.787000000000000000e+03
3.787000000000000000e+03
3.787000000000000000e+03
3.787000000000000000e+03
8.120000000000000000e+02
8.120000000000000000e+02
8.120000000000000000e+02
8.120000000000000000e+02
8.120000000000000000e+02
8.120000000000000000e+02
8.120000000000000000e+02
1.756000000000000000e+03
1.756000000000000000e+03
7.910000000000000000e+02
6.168000000000000000e+03
6.168000000000000000e+03
6.168000000000000000e+03
2.232000000000000000e+03
1.849000000000000000e+03
1.848000000000000000e+03
2.600000000000000000e+02
1.770000000000000000e+02
1.750000000000000000e+02
1.750000000000000000e+02
1.740000000000000000e+02
1.740000000000000000e+02
1.760000000000000000e+02
7.053000000000000000e+03
7.053000000000000000e+03
1.520000000000000000e+03
1.520000000000000000e+03
9.620000000000000000e+02
9.620000000000000000e+02
9.620000000000000000e+02
9.620000000000000000e+02
1.175300000000000000e+04
1.175300000000000000e+04
3.763000000000000000e+03
3.763000000000000000e+03
3.763000000000000000e+03
3.763000000000000000e+03
1.881000000000000000e+03
1.881000000000000000e+03
1.921000000000000000e+03
1.750000000000000000e+03
9.630000000000000000e+02
1.200000000000000000e+01
1.711000000000000000e+03
2.377000000000000000e+03
1.129000000000000000e+03
9.810000000000000000e+02
8.060000000000000000e+02
9.903000000000000000e+03
1.515000000000000000e+03
8.240000000000000000e+02
8.240000000000000000e+02
8.240000000000000000e+02
8.240000000000000000e+02
8.240000000000000000e+02
8.240000000000000000e+02
7.500000000000000000e+01
7.500000000000000000e+01
2.337000000000000000e+03
2.337000000000000000e+03
2.337000000000000000e+03
2.337000000000000000e+03
8.500000000000000000e+02
8.500000000000000000e+02
8.500000000000000000e+02
8.500000000000000000e+02
8.500000000000000000e+02
8.500000000000000000e+02
8.730000000000000000e+02
8.730000000000000000e+02
8.730000000000000000e+02
8.730000000000000000e+02
8.730000000000000000e+02
8.260000000000000000e+02
8.260000000000000000e+02
8.260000000000000000e+02
8.260000000000000000e+02
3.524000000000000000e+03
3.524000000000000000e+03
2.150000000000000000e+02
2.150000000000000000e+02
2.340000000000000000e+03
2.340000000000000000e+03
2.340000000000000000e+03
2.340000000000000000e+03
9.010000000000000000e+02
1.006000000000000000e+03
1.129000000000000000e+03
9.251000000000000000e+03
1.928000000000000000e+03
1.929000000000000000e+03
1.929000000000000000e+03
1.000000000000000000e+03
1.000000000000000000e+03
1.925000000000000000e+03
2.563000000000000000e+03
2.563000000000000000e+03
1.924000000000000000e+03
7.900000000000000000e+02
5.700000000000000000e+01
5.700000000000000000e+01
5.630000000000000000e+02
1.243000000000000000e+03
1.243000000000000000e+03
2.825000000000000000e+03
1.778000000000000000e+03
1.020600000000000000e+04
9.420000000000000000e+02
9.420000000000000000e+02
3.060000000000000000e+03
3.060000000000000000e+03
3.060000000000000000e+03
3.060000000000000000e+03
1.303800000000000000e+04
1.303800000000000000e+04
2.590000000000000000e+02
1.400000000000000000e+01
3.151000000000000000e+03
4.487000000000000000e+03
4.487000000000000000e+03
4.487000000000000000e+03
1.468000000000000000e+03
1.712000000000000000e+03
1.745000000000000000e+03
1.945000000000000000e+03
6.020000000000000000e+02
6.020000000000000000e+02
1.117500000000000000e+04
1.117500000000000000e+04
1.933000000000000000e+03
7.640000000000000000e+02
4.486000000000000000e+03
1.761000000000000000e+03
1.761000000000000000e+03
9.290000000000000000e+02
2.630000000000000000e+02
2.630000000000000000e+02
2.630000000000000000e+02
8.760000000000000000e+02
8.760000000000000000e+02
8.760000000000000000e+02
8.760000000000000000e+02
8.760000000000000000e+02
8.760000000000000000e+02
8.760000000000000000e+02
8.760000000000000000e+02
8.760000000000000000e+02
8.760000000000000000e+02
8.760000000000000000e+02
8.760000000000000000e+02
8.760000000000000000e+02
8.760000000000000000e+02
8.760000000000000000e+02
8.760000000000000000e+02
8.760000000000000000e+02
8.760000000000000000e+02
8.760000000000000000e+02
4.075000000000000000e+03
3.840000000000000000e+02
3.840000000000000000e+02
3.840000000000000000e+02
1.940000000000000000e+03
1.755000000000000000e+03
7.680000000000000000e+02
4.567000000000000000e+03
3.340000000000000000e+02
3.350000000000000000e+02
1.230000000000000000e+02
1.867000000000000000e+03
2.759000000000000000e+03
2.759000000000000000e+03
2.761000000000000000e+03
2.761000000000000000e+03
2.760000000000000000e+03
2.760000000000000000e+03
3.750000000000000000e+03
3.750000000000000000e+03
3.639000000000000000e+03
3.637000000000000000e+03
7.670000000000000000e+02
4.073000000000000000e+03
4.073000000000000000e+03
1.666000000000000000e+03
3.738000000000000000e+03
1.885000000000000000e+03
6.040000000000000000e+02
1.783000000000000000e+03
9.540000000000000000e+02
6.250000000000000000e+02
6.250000000000000000e+02
9.250000000000000000e+02
9.250000000000000000e+02
3.621000000000000000e+03
3.621000000000000000e+03
6.480000000000000000e+02
2.371000000000000000e+03
2.371000000000000000e+03
2.371000000000000000e+03
2.371000000000000000e+03
2.371000000000000000e+03
2.371000000000000000e+03
2.371000000000000000e+03
2.371000000000000000e+03
6.450000000000000000e+02
6.450000000000000000e+02
5.900000000000000000e+01
5.900000000000000000e+01
5.900000000000000000e+01
5.900000000000000000e+01
5.900000000000000000e+01
5.900000000000000000e+01
5.900000000000000000e+01
5.900000000000000000e+01
5.900000000000000000e+01
5.900000000000000000e+01
5.900000000000000000e+01
5.900000000000000000e+01
9.458000000000000000e+03
9.458000000000000000e+03
9.458000000000000000e+03
9.458000000000000000e+03
9.458000000000000000e+03
9.458000000000000000e+03
9.458000000000000000e+03
9.458000000000000000e+03
9.458000000000000000e+03
9.458000000000000000e+03
5.540000000000000000e+02
5.480000000000000000e+02
5.480000000000000000e+02
5.480000000000000000e+02
5.480000000000000000e+02
8.580000000000000000e+02
5.000000000000000000e+00
5.000000000000000000e+00
5.000000000000000000e+00
3.340000000000000000e+02
3.350000000000000000e+02
3.360000000000000000e+02
1.699000000000000000e+03
1.391900000000000000e+04
1.392000000000000000e+04
2.793000000000000000e+03
1.737000000000000000e+03
1.737000000000000000e+03
9.007000000000000000e+03
9.007000000000000000e+03
9.007000000000000000e+03
9.007000000000000000e+03
1.378900000000000000e+04
1.378900000000000000e+04
1.378900000000000000e+04
3.186000000000000000e+03
3.186000000000000000e+03
3.186000000000000000e+03
3.186000000000000000e+03
3.186000000000000000e+03
3.186000000000000000e+03
3.179000000000000000e+03
3.179000000000000000e+03
3.182000000000000000e+03
3.182000000000000000e+03
1.872000000000000000e+03
7.960000000000000000e+02
7.960000000000000000e+02
9.500000000000000000e+02
1.489000000000000000e+03
1.489000000000000000e+03
1.489000000000000000e+03
7.560000000000000000e+02
7.560000000000000000e+02
7.560000000000000000e+02
7.560000000000000000e+02
1.839000000000000000e+03
1.839000000000000000e+03
3.783000000000000000e+03
3.783000000000000000e+03
3.783000000000000000e+03
3.783000000000000000e+03
3.783000000000000000e+03
3.783000000000000000e+03
3.783000000000000000e+03
3.783000000000000000e+03
3.783000000000000000e+03
3.783000000000000000e+03
3.783000000000000000e+03
3.783000000000000000e+03
1.953000000000000000e+03
3.823000000000000000e+03
3.823000000000000000e+03
3.801000000000000000e+03
3.801000000000000000e+03
3.644000000000000000e+03
3.644000000000000000e+03
3.856000000000000000e+03
8.000000000000000000e+02
1.330000000000000000e+02
9.280000000000000000e+02
1.586000000000000000e+03
1.667000000000000000e+03
8.780000000000000000e+02
8.650000000000000000e+02
2.435000000000000000e+03
2.435000000000000000e+03
2.433000000000000000e+03
2.433000000000000000e+03
2.434000000000000000e+03
2.434000000000000000e+03
1.620000000000000000e+03
1.620000000000000000e+03
1.512000000000000000e+03
1.512000000000000000e+03
1.512000000000000000e+03
1.873000000000000000e+03
1.175400000000000000e+04
1.175400000000000000e+04
1.175400000000000000e+04
1.599000000000000000e+03
1.599000000000000000e+03
1.599000000000000000e+03
1.599000000000000000e+03
1.738000000000000000e+03
1.738000000000000000e+03
1.738000000000000000e+03
8.050000000000000000e+02
6.550000000000000000e+02
6.550000000000000000e+02
1.610000000000000000e+03
3.043000000000000000e+03
3.043000000000000000e+03
3.043000000000000000e+03
3.043000000000000000e+03
3.046000000000000000e+03
3.046000000000000000e+03
3.046000000000000000e+03
3.046000000000000000e+03
2.760000000000000000e+03
2.760000000000000000e+03
2.761000000000000000e+03
2.761000000000000000e+03
2.759000000000000000e+03
2.759000000000000000e+03
7.106000000000000000e+03
1.222000000000000000e+03
1.222000000000000000e+03
1.222000000000000000e+03
1.951000000000000000e+03
1.951000000000000000e+03
1.951000000000000000e+03
1.736000000000000000e+03
1.735000000000000000e+03
7.720000000000000000e+02
1.628000000000000000e+03
7.890000000000000000e+02
7.890000000000000000e+02
1.875000000000000000e+03
1.875000000000000000e+03
1.921000000000000000e+03
3.620000000000000000e+02
1.775000000000000000e+03
2.793000000000000000e+03
2.796000000000000000e+03
5.979000000000000000e+03
2.224000000000000000e+03
2.224000000000000000e+03
3.795000000000000000e+03
6.042000000000000000e+03
6.042000000000000000e+03
2.188000000000000000e+03
3.399000000000000000e+03
3.399000000000000000e+03
2.191000000000000000e+03
2.191000000000000000e+03
3.394000000000000000e+03
3.394000000000000000e+03
5.936000000000000000e+03
5.936000000000000000e+03
2.189000000000000000e+03
5.934000000000000000e+03
5.934000000000000000e+03
5.895000000000000000e+03
5.895000000000000000e+03
2.492000000000000000e+03
1.749000000000000000e+03
1.354200000000000000e+04
1.354200000000000000e+04
1.698000000000000000e+03
2.740000000000000000e+02
2.740000000000000000e+02
2.740000000000000000e+02
2.740000000000000000e+02
2.740000000000000000e+02
2.740000000000000000e+02
2.740000000000000000e+02
2.740000000000000000e+02
2.740000000000000000e+02
2.740000000000000000e+02
2.740000000000000000e+02
2.740000000000000000e+02
2.740000000000000000e+02
2.740000000000000000e+02
2.740000000000000000e+02
2.740000000000000000e+02
2.740000000000000000e+02
2.740000000000000000e+02
2.740000000000000000e+02
2.564000000000000000e+03
1.443000000000000000e+03
1.980000000000000000e+02
1.980000000000000000e+02
2.338000000000000000e+03
2.338000000000000000e+03
2.338000000000000000e+03
2.338000000000000000e+03
9.430000000000000000e+02
9.430000000000000000e+02
2.341000000000000000e+03
2.341000000000000000e+03
2.341000000000000000e+03
2.341000000000000000e+03
1.714000000000000000e+03
7.880000000000000000e+02
7.880000000000000000e+02
2.860000000000000000e+02
2.860000000000000000e+02
2.860000000000000000e+02
2.860000000000000000e+02
1.874000000000000000e+03
1.874000000000000000e+03
2.528000000000000000e+03
1.328200000000000000e+04
9.190000000000000000e+02
4.042000000000000000e+03
4.042000000000000000e+03
9.480000000000000000e+02
9.000000000000000000e+00
9.390000000000000000e+02
9.390000000000000000e+02
9.390000000000000000e+02
3.040000000000000000e+03
3.040000000000000000e+03
3.040000000000000000e+03
3.040000000000000000e+03
4.487000000000000000e+03
4.487000000000000000e+03
4.487000000000000000e+03
5.660000000000000000e+02
1.876000000000000000e+03
1.892000000000000000e+03
9.510000000000000000e+02
7.590000000000000000e+02
7.590000000000000000e+02
7.590000000000000000e+02
3.404000000000000000e+03
3.405000000000000000e+03
7.730000000000000000e+02
7.730000000000000000e+02
1.866000000000000000e+03
1.008000000000000000e+03
2.759000000000000000e+03
2.759000000000000000e+03
2.761000000000000000e+03
2.761000000000000000e+03
2.760000000000000000e+03
2.760000000000000000e+03
3.752000000000000000e+03
4.069000000000000000e+03
2.372000000000000000e+03
2.372000000000000000e+03
2.372000000000000000e+03
2.372000000000000000e+03
2.372000000000000000e+03
2.372000000000000000e+03
2.372000000000000000e+03
2.372000000000000000e+03
2.372000000000000000e+03
2.372000000000000000e+03
7.900000000000000000e+02
1.868000000000000000e+03
8.170000000000000000e+02
8.170000000000000000e+02
8.170000000000000000e+02
2.233000000000000000e+03
2.233000000000000000e+03
2.227000000000000000e+03
2.227000000000000000e+03
4.720000000000000000e+03
2.231000000000000000e+03
2.231000000000000000e+03
2.231000000000000000e+03
3.820000000000000000e+02
3.820000000000000000e+02
3.820000000000000000e+02
3.820000000000000000e+02
3.820000000000000000e+02
3.820000000000000000e+02
6.270000000000000000e+02
6.270000000000000000e+02
2.781000000000000000e+03
2.782000000000000000e+03
2.783000000000000000e+03
2.783000000000000000e+03
6.160000000000000000e+02
1.600000000000000000e+01
1.600000000000000000e+01
1.600000000000000000e+01
2.775000000000000000e+03
2.773000000000000000e+03
3.465000000000000000e+03
1.883000000000000000e+03
6.400000000000000000e+02
1.770000000000000000e+03
9.910000000000000000e+02
1.937000000000000000e+03
1.937000000000000000e+03
1.887000000000000000e+03
1.424000000000000000e+03
1.776000000000000000e+03
6.215000000000000000e+03
1.915000000000000000e+03
1.939000000000000000e+03
1.012000000000000000e+03
3.150000000000000000e+03
3.495000000000000000e+03
3.650000000000000000e+03
1.870000000000000000e+03
6.153000000000000000e+03
9.400000000000000000e+02
9.400000000000000000e+02
9.400000000000000000e+02
9.400000000000000000e+02
9.400000000000000000e+02
9.400000000000000000e+02
9.400000000000000000e+02
9.400000000000000000e+02
9.400000000000000000e+02
9.400000000000000000e+02
9.400000000000000000e+02
9.400000000000000000e+02
9.400000000000000000e+02
9.400000000000000000e+02
7.630000000000000000e+02
8.590000000000000000e+02
2.335000000000000000e+03
2.335000000000000000e+03
2.335000000000000000e+03
2.335000000000000000e+03
8.450000000000000000e+02
8.450000000000000000e+02
8.450000000000000000e+02
1.624000000000000000e+03
1.624000000000000000e+03
1.624000000000000000e+03
1.624000000000000000e+03
1.678000000000000000e+03
1.677000000000000000e+03
2.700000000000000000e+01
1.572000000000000000e+03
1.849000000000000000e+03
1.848000000000000000e+03
1.689000000000000000e+03
1.803000000000000000e+03
9.270000000000000000e+02
1.340000000000000000e+02
1.619000000000000000e+03
3.431000000000000000e+03
8.591000000000000000e+03
8.591000000000000000e+03
1.916000000000000000e+03
1.845000000000000000e+03
1.340000000000000000e+02
1.710000000000000000e+02
1.710000000000000000e+02
1.710000000000000000e+02
2.794000000000000000e+03
6.340000000000000000e+02
2.337000000000000000e+03
2.337000000000000000e+03
2.337000000000000000e+03
2.337000000000000000e+03
1.079300000000000000e+04
1.079300000000000000e+04
1.079400000000000000e+04
1.392200000000000000e+04
1.622000000000000000e+03
1.622000000000000000e+03
1.622000000000000000e+03
1.622000000000000000e+03
1.622000000000000000e+03
1.449000000000000000e+03
1.011000000000000000e+03
1.011000000000000000e+03
1.011000000000000000e+03
9.410000000000000000e+02
9.410000000000000000e+02
1.746000000000000000e+03
1.182000000000000000e+03
1.182000000000000000e+03
1.182000000000000000e+03
1.182000000000000000e+03
1.571000000000000000e+03
3.527000000000000000e+03
3.527000000000000000e+03
1.444100000000000000e+04
9.450000000000000000e+02
9.450000000000000000e+02
9.450000000000000000e+02
8.000000000000000000e+00
8.000000000000000000e+00
2.794000000000000000e+03
2.794000000000000000e+03
1.838000000000000000e+03
1.838000000000000000e+03
5.601000000000000000e+03
1.449000000000000000e+03
8.316000000000000000e+03
1.524000000000000000e+03
5.606000000000000000e+03
5.606000000000000000e+03
5.606000000000000000e+03
5.606000000000000000e+03
1.119000000000000000e+03
1.119000000000000000e+03
1.119000000000000000e+03
1.119000000000000000e+03
1.119000000000000000e+03
1.119000000000000000e+03
1.119000000000000000e+03
1.119000000000000000e+03
3.786000000000000000e+03
4.517000000000000000e+03
9.490000000000000000e+02
1.465200000000000000e+04
1.465200000000000000e+04
2.970000000000000000e+02
2.970000000000000000e+02
1.413800000000000000e+04
1.413800000000000000e+04
6.857000000000000000e+03
1.563300000000000000e+04
1.591600000000000000e+04
1.591600000000000000e+04
1.591600000000000000e+04
1.591600000000000000e+04
9.710000000000000000e+02
1.577800000000000000e+04
1.577800000000000000e+04
1.577800000000000000e+04
1.577800000000000000e+04
1.618800000000000000e+04
3.429000000000000000e+03
3.429000000000000000e+03
1.301500000000000000e+04
5.299000000000000000e+03
1.665100000000000000e+04
1.980000000000000000e+02
1.980000000000000000e+02
2.226000000000000000e+03
2.226000000000000000e+03
1.685000000000000000e+04
1.199100000000000000e+04
1.684900000000000000e+04
1.502300000000000000e+04
1.502300000000000000e+04
1.738000000000000000e+03
1.738000000000000000e+03
1.738000000000000000e+03
1.760000000000000000e+03
1.760000000000000000e+03
1.760000000000000000e+03
1.760000000000000000e+03
1.408000000000000000e+04
1.408000000000000000e+04
6.881000000000000000e+03
6.881000000000000000e+03
1.502400000000000000e+04
1.502400000000000000e+04
1.768600000000000000e+04
1.811800000000000000e+04
1.789800000000000000e+04
1.789900000000000000e+04
9.022000000000000000e+03
9.022000000000000000e+03
3.742000000000000000e+03
1.870700000000000000e+04
1.777000000000000000e+03
5.342000000000000000e+03
1.971000000000000000e+03
1.971000000000000000e+03
3.526000000000000000e+03
3.526000000000000000e+03
1.922100000000000000e+04
1.922100000000000000e+04
1.922100000000000000e+04
3.540000000000000000e+02
1.940500000000000000e+04
1.930200000000000000e+04
2.163600000000000000e+04
2.163600000000000000e+04
2.163600000000000000e+04
2.163600000000000000e+04
5.364000000000000000e+03
2.167200000000000000e+04
2.167200000000000000e+04
2.167200000000000000e+04
2.167200000000000000e+04
2.167200000000000000e+04
2.189800000000000000e+04
9.988000000000000000e+03
