5.825000000000000000e+03
4.042000000000000000e+03
4.042000000000000000e+03
3.100000000000000000e+01
3.100000000000000000e+01
3.100000000000000000e+01
9.480000000000000000e+02
1.951000000000000000e+03
1.951000000000000000e+03
1.951000000000000000e+03
2.500000000000000000e+03
2.446000000000000000e+03
2.446000000000000000e+03
2.590000000000000000e+02
2.400000000000000000e+02
2.390000000000000000e+02
2.420000000000000000e+02
2.410000000000000000e+02
1.611000000000000000e+03
1.897000000000000000e+03
1.937000000000000000e+03
1.937000000000000000e+03
2.650000000000000000e+02
2.650000000000000000e+02
2.650000000000000000e+02
1.476000000000000000e+03
1.007000000000000000e+03
1.719000000000000000e+03
1.607000000000000000e+03
1.756000000000000000e+03
1.756000000000000000e+03
1.923000000000000000e+03
1.952000000000000000e+03
1.952000000000000000e+03
7.640000000000000000e+02
6.000000000000000000e+02
6.000000000000000000e+02
1.640000000000000000e+03
1.640000000000000000e+03
3.060000000000000000e+03
3.060000000000000000e+03
3.060000000000000000e+03
3.060000000000000000e+03
9.420000000000000000e+02
9.420000000000000000e+02
2.610000000000000000e+02
2.610000000000000000e+02
2.610000000000000000e+02
2.610000000000000000e+02
2.940000000000000000e+02
2.940000000000000000e+02
2.940000000000000000e+02
2.940000000000000000e+02
2.940000000000000000e+02
2.940000000000000000e+02
3.180000000000000000e+02
6.390000000000000000e+02
1.921000000000000000e+03
1.698000000000000000e+03
9.430000000000000000e+02
9.430000000000000000e+02
7.590000000000000000e+02
7.590000000000000000e+02
7.590000000000000000e+02
7.590000000000000000e+02
7.590000000000000000e+02
7.590000000000000000e+02
9.480000000000000000e+02
1.585000000000000000e+03
7.890000000000000000e+02
7.890000000000000000e+02
1.776000000000000000e+03
1.187000000000000000e+03
1.187000000000000000e+03
1.187000000000000000e+03
1.187000000000000000e+03
1.187000000000000000e+03
2.523000000000000000e+03
3.040000000000000000e+03
3.040000000000000000e+03
3.040000000000000000e+03
3.040000000000000000e+03
1.866000000000000000e+03
1.255000000000000000e+03
1.255000000000000000e+03
5.660000000000000000e+02
1.810000000000000000e+03
1.810000000000000000e+03
1.810000000000000000e+03
1.610000000000000000e+03
1.754000000000000000e+03
1.754000000000000000e+03
1.956000000000000000e+03
1.956000000000000000e+03
1.956000000000000000e+03
1.956000000000000000e+03
1.956000000000000000e+03
1.755000000000000000e+03
1.940000000000000000e+03
3.820000000000000000e+02
3.820000000000000000e+02
3.820000000000000000e+02
3.820000000000000000e+02
3.820000000000000000e+02
3.820000000000000000e+02
6.580000000000000000e+02
6.580000000000000000e+02
6.580000000000000000e+02
1.640000000000000000e+02
1.640000000000000000e+02
1.640000000000000000e+02
1.640000000000000000e+02
1.640000000000000000e+02
8.450000000000000000e+02
8.450000000000000000e+02
8.450000000000000000e+02
2.080000000000000000e+02
2.080000000000000000e+02
2.080000000000000000e+02
2.080000000000000000e+02
2.080000000000000000e+02
2.080000000000000000e+02
2.080000000000000000e+02
2.080000000000000000e+02
2.080000000000000000e+02
2.080000000000000000e+02
2.080000000000000000e+02
2.080000000000000000e+02
2.080000000000000000e+02
2.080000000000000000e+02
2.080000000000000000e+02
2.080000000000000000e+02
2.080000000000000000e+02
2.080000000000000000e+02
2.080000000000000000e+02
7.730000000000000000e+02
7.730000000000000000e+02
2.275000000000000000e+03
6.040000000000000000e+02
1.839000000000000000e+03
1.839000000000000000e+03
4.486000000000000000e+03
6.153000000000000000e+03
5.831000000000000000e+03
5.831000000000000000e+03
5.827000000000000000e+03
1.897000000000000000e+03
1.715000000000000000e+03
3.784000000000000000e+03
3.784000000000000000e+03
3.784000000000000000e+03
3.784000000000000000e+03
3.784000000000000000e+03
3.784000000000000000e+03
3.784000000000000000e+03
3.784000000000000000e+03
3.784000000000000000e+03
3.784000000000000000e+03
3.784000000000000000e+03
3.784000000000000000e+03
5.979000000000000000e+03
3.527000000000000000e+03
3.527000000000000000e+03
7.030000000000000000e+02
9.750000000000000000e+02
1.434000000000000000e+03
1.809000000000000000e+03
6.550000000000000000e+02
6.550000000000000000e+02
3.786000000000000000e+03
1.448000000000000000e+03
3.525000000000000000e+03
3.525000000000000000e+03
3.525000000000000000e+03
1.736000000000000000e+03
8.910000000000000000e+02
1.735000000000000000e+03
9.970000000000000000e+02
8.200000000000000000e+02
1.655000000000000000e+03
3.186000000000000000e+03
3.186000000000000000e+03
3.186000000000000000e+03
3.186000000000000000e+03
3.186000000000000000e+03
3.186000000000000000e+03
3.840000000000000000e+02
3.840000000000000000e+02
3.840000000000000000e+02
9.310000000000000000e+02
1.470000000000000000e+02
2.428000000000000000e+03
2.428000000000000000e+03
2.428000000000000000e+03
2.428000000000000000e+03
2.428000000000000000e+03
2.428000000000000000e+03
9.300000000000000000e+02
2.343000000000000000e+03
2.343000000000000000e+03
2.343000000000000000e+03
2.343000000000000000e+03
1.740000000000000000e+02
1.740000000000000000e+02
1.750000000000000000e+02
1.750000000000000000e+02
1.889000000000000000e+03
8.500000000000000000e+02
8.500000000000000000e+02
8.500000000000000000e+02
8.500000000000000000e+02
8.500000000000000000e+02
8.500000000000000000e+02
3.495000000000000000e+03
2.490000000000000000e+02
2.490000000000000000e+02
2.490000000000000000e+02
2.490000000000000000e+02
2.490000000000000000e+02
2.490000000000000000e+02
2.490000000000000000e+02
2.490000000000000000e+02
2.490000000000000000e+02
2.490000000000000000e+02
2.490000000000000000e+02
2.490000000000000000e+02
3.738000000000000000e+03
1.869000000000000000e+03
9.190000000000000000e+02
9.910000000000000000e+02
2.337000000000000000e+03
2.337000000000000000e+03
2.337000000000000000e+03
2.337000000000000000e+03
6.270000000000000000e+02
6.270000000000000000e+02
1.630000000000000000e+02
1.630000000000000000e+02
1.630000000000000000e+02
1.630000000000000000e+02
9.400000000000000000e+02
9.400000000000000000e+02
9.400000000000000000e+02
9.400000000000000000e+02
9.400000000000000000e+02
9.400000000000000000e+02
9.400000000000000000e+02
9.400000000000000000e+02
9.400000000000000000e+02
9.400000000000000000e+02
9.400000000000000000e+02
9.400000000000000000e+02
9.400000000000000000e+02
9.400000000000000000e+02
1.633000000000000000e+03
1.633000000000000000e+03
1.633000000000000000e+03
7.960000000000000000e+02
7.960000000000000000e+02
3.240000000000000000e+02
3.240000000000000000e+02
3.250000000000000000e+02
2.590000000000000000e+02
7.600000000000000000e+02
7.600000000000000000e+02
7.600000000000000000e+02
7.600000000000000000e+02
7.600000000000000000e+02
7.600000000000000000e+02
7.600000000000000000e+02
1.939000000000000000e+03
9.730000000000000000e+02
1.660000000000000000e+02
1.660000000000000000e+02
1.660000000000000000e+02
1.660000000000000000e+02
1.660000000000000000e+02
1.660000000000000000e+02
1.660000000000000000e+02
1.660000000000000000e+02
1.670000000000000000e+02
1.670000000000000000e+02
1.670000000000000000e+02
1.670000000000000000e+02
1.670000000000000000e+02
1.670000000000000000e+02
1.670000000000000000e+02
1.670000000000000000e+02
6.270000000000000000e+02
6.270000000000000000e+02
3.820000000000000000e+02
3.820000000000000000e+02
3.820000000000000000e+02
3.820000000000000000e+02
3.820000000000000000e+02
3.820000000000000000e+02
2.000000000000000000e+01
3.644000000000000000e+03
3.644000000000000000e+03
3.801000000000000000e+03
3.801000000000000000e+03
1.489000000000000000e+03
1.489000000000000000e+03
1.489000000000000000e+03
1.752000000000000000e+03
1.752000000000000000e+03
5.900000000000000000e+01
5.900000000000000000e+01
5.900000000000000000e+01
5.900000000000000000e+01
5.900000000000000000e+01
5.900000000000000000e+01
5.900000000000000000e+01
5.900000000000000000e+01
5.900000000000000000e+01
5.900000000000000000e+01
5.900000000000000000e+01
5.900000000000000000e+01
1.190000000000000000e+03
1.190000000000000000e+03
1.190000000000000000e+03
1.190000000000000000e+03
1.190000000000000000e+03
1.187000000000000000e+03
1.187000000000000000e+03
1.187000000000000000e+03
1.187000000000000000e+03
1.187000000000000000e+03
2.224000000000000000e+03
2.224000000000000000e+03
2.233000000000000000e+03
2.233000000000000000e+03
7.680000000000000000e+02
2.188000000000000000e+03
3.394000000000000000e+03
3.394000000000000000e+03
2.189000000000000000e+03
2.227000000000000000e+03
2.227000000000000000e+03
8.170000000000000000e+02
8.170000000000000000e+02
8.170000000000000000e+02
2.232000000000000000e+03
1.077000000000000000e+03
1.077000000000000000e+03
3.787000000000000000e+03
3.787000000000000000e+03
3.787000000000000000e+03
3.787000000000000000e+03
3.787000000000000000e+03
3.787000000000000000e+03
3.787000000000000000e+03
3.787000000000000000e+03
3.787000000000000000e+03
3.787000000000000000e+03
3.787000000000000000e+03
3.787000000000000000e+03
3.787000000000000000e+03
8.740000000000000000e+02
6.500000000000000000e+01
5.350000000000000000e+03
5.350000000000000000e+03
5.350000000000000000e+03
5.350000000000000000e+03
5.350000000000000000e+03
5.350000000000000000e+03
5.350000000000000000e+03
5.350000000000000000e+03
5.350000000000000000e+03
5.350000000000000000e+03
3.290000000000000000e+02
2.291000000000000000e+03
2.291000000000000000e+03
2.291000000000000000e+03
2.291000000000000000e+03
1.823000000000000000e+03
1.126000000000000000e+03
1.126000000000000000e+03
8.640000000000000000e+02
1.110000000000000000e+02
5.260000000000000000e+02
5.260000000000000000e+02
5.260000000000000000e+02
5.260000000000000000e+02
5.250000000000000000e+02
5.250000000000000000e+02
5.250000000000000000e+02
5.250000000000000000e+02
1.821000000000000000e+03
1.821000000000000000e+03
1.666000000000000000e+03
4.073000000000000000e+03
4.073000000000000000e+03
4.830000000000000000e+02
4.830000000000000000e+02
3.752000000000000000e+03
7.610000000000000000e+02
1.791000000000000000e+03
1.433000000000000000e+03
1.915000000000000000e+03
4.069000000000000000e+03
1.533000000000000000e+03
5.700000000000000000e+01
5.700000000000000000e+01
7.620000000000000000e+02
1.591000000000000000e+03
3.621000000000000000e+03
3.621000000000000000e+03
9.500000000000000000e+02
1.963000000000000000e+03
1.963000000000000000e+03
7.580000000000000000e+02
7.580000000000000000e+02
7.580000000000000000e+02
7.580000000000000000e+02
1.624000000000000000e+03
1.624000000000000000e+03
1.624000000000000000e+03
1.624000000000000000e+03
1.918000000000000000e+03
9.690000000000000000e+02
9.690000000000000000e+02
3.637000000000000000e+03
1.770000000000000000e+03
1.734000000000000000e+03
3.151000000000000000e+03
2.433000000000000000e+03
2.433000000000000000e+03
1.724000000000000000e+03
1.259000000000000000e+03
1.628000000000000000e+03
3.046000000000000000e+03
3.046000000000000000e+03
3.046000000000000000e+03
3.046000000000000000e+03
3.043000000000000000e+03
3.043000000000000000e+03
3.043000000000000000e+03
3.043000000000000000e+03
2.372000000000000000e+03
2.372000000000000000e+03
2.372000000000000000e+03
2.372000000000000000e+03
2.372000000000000000e+03
2.372000000000000000e+03
2.372000000000000000e+03
2.372000000000000000e+03
2.372000000000000000e+03
2.372000000000000000e+03
1.872000000000000000e+03
1.637000000000000000e+03
5.710000000000000000e+03
5.710000000000000000e+03
7.660000000000000000e+02
1.658000000000000000e+03
1.658000000000000000e+03
1.657000000000000000e+03
1.657000000000000000e+03
3.183000000000000000e+03
3.183000000000000000e+03
3.183000000000000000e+03
3.183000000000000000e+03
3.183000000000000000e+03
2.343000000000000000e+03
2.343000000000000000e+03
2.343000000000000000e+03
2.343000000000000000e+03
1.868000000000000000e+03
1.495000000000000000e+03
1.495000000000000000e+03
1.495000000000000000e+03
1.495000000000000000e+03
1.775000000000000000e+03
5.250000000000000000e+02
5.250000000000000000e+02
5.250000000000000000e+02
5.250000000000000000e+02
1.817000000000000000e+03
1.092000000000000000e+03
1.092000000000000000e+03
1.092000000000000000e+03
2.528000000000000000e+03
3.300000000000000000e+02
3.310000000000000000e+02
3.320000000000000000e+02
3.330000000000000000e+02
3.340000000000000000e+02
3.350000000000000000e+02
3.360000000000000000e+02
1.300000000000000000e+01
1.300000000000000000e+01
1.300000000000000000e+01
1.681000000000000000e+03
1.681000000000000000e+03
1.681000000000000000e+03
1.647000000000000000e+03
9.390000000000000000e+02
9.390000000000000000e+02
9.390000000000000000e+02
3.370000000000000000e+02
3.380000000000000000e+02
3.390000000000000000e+02
3.400000000000000000e+02
3.410000000000000000e+02
3.420000000000000000e+02
3.430000000000000000e+02
1.887000000000000000e+03
1.928000000000000000e+03
4.590000000000000000e+02
1.783000000000000000e+03
6.150000000000000000e+02
6.150000000000000000e+02
6.150000000000000000e+02
6.150000000000000000e+02
3.750000000000000000e+03
8.260000000000000000e+02
8.260000000000000000e+02
8.260000000000000000e+02
8.260000000000000000e+02
7.650000000000000000e+02
2.502000000000000000e+03
1.494000000000000000e+03
1.494000000000000000e+03
7.900000000000000000e+02
1.749000000000000000e+03
1.738000000000000000e+03
1.738000000000000000e+03
1.738000000000000000e+03
1.835000000000000000e+03
1.835000000000000000e+03
1.835000000000000000e+03
2.434000000000000000e+03
2.434000000000000000e+03
1.933000000000000000e+03
3.182000000000000000e+03
3.182000000000000000e+03
6.060000000000000000e+02
1.129000000000000000e+03
1.695000000000000000e+03
1.695000000000000000e+03
1.695000000000000000e+03
1.696000000000000000e+03
1.696000000000000000e+03
1.696000000000000000e+03
3.465000000000000000e+03
1.972000000000000000e+03
1.600000000000000000e+01
1.600000000000000000e+01
1.600000000000000000e+01
2.160000000000000000e+03
1.480000000000000000e+03
2.275000000000000000e+03
9.620000000000000000e+02
9.620000000000000000e+02
9.620000000000000000e+02
9.620000000000000000e+02
2.338000000000000000e+03
2.338000000000000000e+03
2.338000000000000000e+03
2.338000000000000000e+03
1.689000000000000000e+03
8.730000000000000000e+02
8.730000000000000000e+02
8.730000000000000000e+02
8.730000000000000000e+02
8.730000000000000000e+02
1.662000000000000000e+03
3.639000000000000000e+03
9.010000000000000000e+02
1.400000000000000000e+01
2.335000000000000000e+03
2.335000000000000000e+03
2.335000000000000000e+03
2.335000000000000000e+03
7.930000000000000000e+02
6.160000000000000000e+02
1.870000000000000000e+03
1.929000000000000000e+03
1.929000000000000000e+03
1.000000000000000000e+03
1.000000000000000000e+03
1.925000000000000000e+03
1.924000000000000000e+03
7.500000000000000000e+01
7.500000000000000000e+01
1.589000000000000000e+03
1.588000000000000000e+03
6.050000000000000000e+02
6.050000000000000000e+02
6.050000000000000000e+02
2.437000000000000000e+03
2.820000000000000000e+02
2.820000000000000000e+02
2.830000000000000000e+02
2.830000000000000000e+02
1.515000000000000000e+03
5.640000000000000000e+02
9.280000000000000000e+02
1.902000000000000000e+03
1.902000000000000000e+03
1.903000000000000000e+03
1.903000000000000000e+03
1.880000000000000000e+03
1.330000000000000000e+02
1.900000000000000000e+01
1.893000000000000000e+03
1.876000000000000000e+03
1.892000000000000000e+03
5.900000000000000000e+01
5.900000000000000000e+01
5.900000000000000000e+01
5.900000000000000000e+01
5.900000000000000000e+01
5.900000000000000000e+01
5.900000000000000000e+01
5.900000000000000000e+01
5.900000000000000000e+01
5.900000000000000000e+01
5.900000000000000000e+01
5.900000000000000000e+01
1.620000000000000000e+03
1.620000000000000000e+03
6.810000000000000000e+02
6.810000000000000000e+02
6.810000000000000000e+02
6.810000000000000000e+02
6.810000000000000000e+02
6.810000000000000000e+02
6.810000000000000000e+02
6.810000000000000000e+02
6.410000000000000000e+02
1.740000000000000000e+03
1.740000000000000000e+03
1.465000000000000000e+03
6.090000000000000000e+02
2.340000000000000000e+03
2.340000000000000000e+03
2.340000000000000000e+03
2.340000000000000000e+03
2.520000000000000000e+02
2.520000000000000000e+02
2.520000000000000000e+02
1.595000000000000000e+03
3.405000000000000000e+03
4.517000000000000000e+03
3.856000000000000000e+03
1.945000000000000000e+03
7.970000000000000000e+02
7.970000000000000000e+02
7.970000000000000000e+02
1.611000000000000000e+03
1.069000000000000000e+03
2.860000000000000000e+02
2.860000000000000000e+02
2.860000000000000000e+02
2.860000000000000000e+02
9.900000000000000000e+01
9.810000000000000000e+02
8.230000000000000000e+02
8.230000000000000000e+02
1.515000000000000000e+03
6.208000000000000000e+03
2.549000000000000000e+03
1.875000000000000000e+03
1.875000000000000000e+03
2.435000000000000000e+03
2.435000000000000000e+03
1.854000000000000000e+03
1.854000000000000000e+03
1.883000000000000000e+03
1.006000000000000000e+03
9.580000000000000000e+02
9.580000000000000000e+02
3.900000000000000000e+02
7.880000000000000000e+02
7.880000000000000000e+02
3.149000000000000000e+03
3.147000000000000000e+03
7.173000000000000000e+03
1.740000000000000000e+03
1.740000000000000000e+03
1.609000000000000000e+03
1.814000000000000000e+03
1.873000000000000000e+03
6.880000000000000000e+02
5.900000000000000000e+01
5.900000000000000000e+01
5.900000000000000000e+01
5.900000000000000000e+01
5.900000000000000000e+01
5.900000000000000000e+01
5.900000000000000000e+01
5.900000000000000000e+01
5.900000000000000000e+01
5.900000000000000000e+01
5.900000000000000000e+01
5.900000000000000000e+01
6.450000000000000000e+02
6.450000000000000000e+02
6.480000000000000000e+02
9.460000000000000000e+02
8.170000000000000000e+02
8.170000000000000000e+02
8.170000000000000000e+02
1.693000000000000000e+03
2.501000000000000000e+03
8.520000000000000000e+02
8.520000000000000000e+02
8.800000000000000000e+01
8.800000000000000000e+01
1.885000000000000000e+03
1.897000000000000000e+03
4.487000000000000000e+03
4.487000000000000000e+03
4.487000000000000000e+03
8.000000000000000000e+02
9.450000000000000000e+02
9.450000000000000000e+02
9.450000000000000000e+02
1.087000000000000000e+03
1.187000000000000000e+03
1.187000000000000000e+03
1.187000000000000000e+03
1.187000000000000000e+03
1.187000000000000000e+03
3.000000000000000000e+00
3.000000000000000000e+00
1.733000000000000000e+03
1.733000000000000000e+03
5.715000000000000000e+03
1.040000000000000000e+02
1.638000000000000000e+03
1.340000000000000000e+02
9.270000000000000000e+02
8.590000000000000000e+02
3.650000000000000000e+03
1.845000000000000000e+03
1.620000000000000000e+02
1.620000000000000000e+02
1.620000000000000000e+02
1.620000000000000000e+02
1.610000000000000000e+02
1.610000000000000000e+02
1.610000000000000000e+02
1.610000000000000000e+02
1.803000000000000000e+03
5.800000000000000000e+01
1.714000000000000000e+03
1.510000000000000000e+02
4.830000000000000000e+02
4.830000000000000000e+02
2.614000000000000000e+03
1.912000000000000000e+03
2.618000000000000000e+03
2.618000000000000000e+03
2.612000000000000000e+03
2.611000000000000000e+03
2.610000000000000000e+03
2.609000000000000000e+03
3.594000000000000000e+03
2.780000000000000000e+02
2.780000000000000000e+02
7.670000000000000000e+02
3.517000000000000000e+03
6.320000000000000000e+02
6.320000000000000000e+02
6.320000000000000000e+02
6.320000000000000000e+02
6.320000000000000000e+02
6.320000000000000000e+02
6.320000000000000000e+02
6.320000000000000000e+02
6.320000000000000000e+02
6.320000000000000000e+02
6.320000000000000000e+02
6.320000000000000000e+02
6.320000000000000000e+02
6.320000000000000000e+02
6.320000000000000000e+02
6.320000000000000000e+02
8.470000000000000000e+02
8.470000000000000000e+02
8.470000000000000000e+02
1.350000000000000000e+02
1.350000000000000000e+02
1.350000000000000000e+02
1.752000000000000000e+03
1.752000000000000000e+03
5.540000000000000000e+02
1.849000000000000000e+03
1.848000000000000000e+03
4.567000000000000000e+03
1.619000000000000000e+03
1.450000000000000000e+02
1.649000000000000000e+03
1.649000000000000000e+03
5.300000000000000000e+01
5.300000000000000000e+01
5.300000000000000000e+01
5.300000000000000000e+01
5.300000000000000000e+01
5.300000000000000000e+01
1.653000000000000000e+03
1.653000000000000000e+03
1.653000000000000000e+03
1.653000000000000000e+03
1.653000000000000000e+03
1.653000000000000000e+03
1.653000000000000000e+03
1.652000000000000000e+03
1.652000000000000000e+03
1.652000000000000000e+03
1.652000000000000000e+03
1.652000000000000000e+03
1.652000000000000000e+03
1.652000000000000000e+03
1.867000000000000000e+03
1.703000000000000000e+03
1.703000000000000000e+03
1.703000000000000000e+03
1.703000000000000000e+03
1.703000000000000000e+03
1.703000000000000000e+03
1.703000000000000000e+03
1.703000000000000000e+03
1.703000000000000000e+03
1.703000000000000000e+03
1.703000000000000000e+03
1.704000000000000000e+03
1.704000000000000000e+03
1.704000000000000000e+03
1.704000000000000000e+03
1.704000000000000000e+03
5.200000000000000000e+01
5.200000000000000000e+01
5.200000000000000000e+01
1.687000000000000000e+03
1.687000000000000000e+03
1.687000000000000000e+03
1.848000000000000000e+03
1.895000000000000000e+03
1.895000000000000000e+03
1.895000000000000000e+03
1.895000000000000000e+03
1.895000000000000000e+03
1.895000000000000000e+03
1.895000000000000000e+03
1.895000000000000000e+03
1.895000000000000000e+03
1.895000000000000000e+03
1.895000000000000000e+03
1.895000000000000000e+03
1.895000000000000000e+03
1.895000000000000000e+03
1.895000000000000000e+03
1.409000000000000000e+03
7.050000000000000000e+02
7.400000000000000000e+01
7.400000000000000000e+01
7.400000000000000000e+01
1.895000000000000000e+03
1.895000000000000000e+03
1.895000000000000000e+03
1.895000000000000000e+03
1.895000000000000000e+03
1.807000000000000000e+03
6.857000000000000000e+03
9.540000000000000000e+02
1.886000000000000000e+03
1.679000000000000000e+03
6.260000000000000000e+02
6.260000000000000000e+02
3.783000000000000000e+03
3.783000000000000000e+03
3.783000000000000000e+03
3.783000000000000000e+03
3.783000000000000000e+03
3.783000000000000000e+03
3.783000000000000000e+03
3.783000000000000000e+03
3.783000000000000000e+03
3.783000000000000000e+03
3.783000000000000000e+03
3.783000000000000000e+03
1.512000000000000000e+03
1.512000000000000000e+03
1.512000000000000000e+03
6.000000000000000000e+01
7.910000000000000000e+02
2.433000000000000000e+03
2.433000000000000000e+03
8.760000000000000000e+02
8.760000000000000000e+02
8.760000000000000000e+02
8.760000000000000000e+02
8.760000000000000000e+02
8.760000000000000000e+02
8.760000000000000000e+02
8.760000000000000000e+02
8.760000000000000000e+02
8.760000000000000000e+02
8.760000000000000000e+02
8.760000000000000000e+02
8.760000000000000000e+02
8.760000000000000000e+02
8.760000000000000000e+02
8.760000000000000000e+02
8.760000000000000000e+02
8.760000000000000000e+02
8.760000000000000000e+02
1.897000000000000000e+03
1.784000000000000000e+03
1.784000000000000000e+03
8.490000000000000000e+02
2.310000000000000000e+02
2.310000000000000000e+02
1.772000000000000000e+03
1.772000000000000000e+03
1.599000000000000000e+03
1.599000000000000000e+03
3.179000000000000000e+03
3.179000000000000000e+03
1.579000000000000000e+03
1.012000000000000000e+03
1.955000000000000000e+03
1.955000000000000000e+03
1.955000000000000000e+03
1.955000000000000000e+03
1.955000000000000000e+03
7.630000000000000000e+02
5.480000000000000000e+02
5.480000000000000000e+02
8.720000000000000000e+02
4.719000000000000000e+03
8.681000000000000000e+03
6.215000000000000000e+03
6.020000000000000000e+02
6.020000000000000000e+02
7.407000000000000000e+03
7.407000000000000000e+03
7.407000000000000000e+03
7.407000000000000000e+03
7.407000000000000000e+03
7.407000000000000000e+03
7.407000000000000000e+03
7.407000000000000000e+03
7.407000000000000000e+03
7.407000000000000000e+03
7.407000000000000000e+03
7.407000000000000000e+03
9.903000000000000000e+03
7.026000000000000000e+03
1.881000000000000000e+03
3.431000000000000000e+03
4.075000000000000000e+03
8.963000000000000000e+03
8.591000000000000000e+03
8.591000000000000000e+03
2.492000000000000000e+03
1.962000000000000000e+03
1.962000000000000000e+03
2.970000000000000000e+02
2.970000000000000000e+02
9.458000000000000000e+03
9.458000000000000000e+03
9.458000000000000000e+03
9.458000000000000000e+03
9.458000000000000000e+03
9.458000000000000000e+03
9.458000000000000000e+03
9.458000000000000000e+03
9.458000000000000000e+03
9.458000000000000000e+03
7.940000000000000000e+02
2.825000000000000000e+03
9.759000000000000000e+03
9.759000000000000000e+03
1.002700000000000000e+04
1.002700000000000000e+04
1.002700000000000000e+04
1.002700000000000000e+04
1.002700000000000000e+04
6.966000000000000000e+03
6.966000000000000000e+03
3.840000000000000000e+02
3.840000000000000000e+02
3.840000000000000000e+02
1.719000000000000000e+03
6.190000000000000000e+02
5.934000000000000000e+03
5.934000000000000000e+03
2.304000000000000000e+03
2.304000000000000000e+03
6.042000000000000000e+03
6.042000000000000000e+03
3.594000000000000000e+03
1.890000000000000000e+03
4.460000000000000000e+02
4.460000000000000000e+02
4.460000000000000000e+02
4.460000000000000000e+02
4.460000000000000000e+02
4.460000000000000000e+02
1.175400000000000000e+04
1.175400000000000000e+04
1.175400000000000000e+04
1.625000000000000000e+03
1.625000000000000000e+03
1.916000000000000000e+03
7.566000000000000000e+03
8.120000000000000000e+02
8.120000000000000000e+02
8.120000000000000000e+02
8.120000000000000000e+02
8.120000000000000000e+02
8.120000000000000000e+02
8.120000000000000000e+02
1.147300000000000000e+04
1.171700000000000000e+04
1.171700000000000000e+04
1.147200000000000000e+04
2.700000000000000000e+01
1.175500000000000000e+04
1.175500000000000000e+04
6.200000000000000000e+02
6.200000000000000000e+02
6.110000000000000000e+02
1.175200000000000000e+04
1.175200000000000000e+04
2.303000000000000000e+03
2.303000000000000000e+03
3.524000000000000000e+03
3.524000000000000000e+03
5.950000000000000000e+02
1.175300000000000000e+04
1.175300000000000000e+04
1.243000000000000000e+03
1.243000000000000000e+03
1.952000000000000000e+03
1.874000000000000000e+03
1.874000000000000000e+03
5.947000000000000000e+03
2.540000000000000000e+02
1.934000000000000000e+03
1.175400000000000000e+04
1.175400000000000000e+04
1.175400000000000000e+04
1.303800000000000000e+04
1.303800000000000000e+04
1.250300000000000000e+04
1.491000000000000000e+03
1.491000000000000000e+03
5.921000000000000000e+03
5.921000000000000000e+03
7.104000000000000000e+03
7.104000000000000000e+03
7.104000000000000000e+03
7.104000000000000000e+03
7.104000000000000000e+03
7.104000000000000000e+03
1.385300000000000000e+04
1.385300000000000000e+04
1.934000000000000000e+03
2.400000000000000000e+01
2.400000000000000000e+01
1.961000000000000000e+03
1.961000000000000000e+03
1.378900000000000000e+04
1.378900000000000000e+04
1.378900000000000000e+04
6.168000000000000000e+03
6.168000000000000000e+03
6.168000000000000000e+03
9.251000000000000000e+03
7.516000000000000000e+03
7.516000000000000000e+03
7.516000000000000000e+03
7.516000000000000000e+03
7.516000000000000000e+03
7.516000000000000000e+03
7.516000000000000000e+03
7.516000000000000000e+03
1.622000000000000000e+03
1.622000000000000000e+03
1.622000000000000000e+03
1.622000000000000000e+03
1.622000000000000000e+03
6.320000000000000000e+02
6.320000000000000000e+02
6.320000000000000000e+02
6.320000000000000000e+02
6.320000000000000000e+02
6.320000000000000000e+02
6.320000000000000000e+02
6.320000000000000000e+02
6.320000000000000000e+02
6.320000000000000000e+02
6.320000000000000000e+02
6.320000000000000000e+02
6.320000000000000000e+02
6.320000000000000000e+02
6.320000000000000000e+02
6.320000000000000000e+02
8.300000000000000000e+02
8.300000000000000000e+02
8.300000000000000000e+02
8.300000000000000000e+02
9.410000000000000000e+02
9.410000000000000000e+02
9.650000000000000000e+02
6.881000000000000000e+03
6.881000000000000000e+03
1.444100000000000000e+04
4.518000000000000000e+03
4.518000000000000000e+03
9.740000000000000000e+02
9.740000000000000000e+02
9.740000000000000000e+02
9.740000000000000000e+02
1.415500000000000000e+04
1.415500000000000000e+04
1.415500000000000000e+04
1.415500000000000000e+04
1.011000000000000000e+03
1.011000000000000000e+03
1.011000000000000000e+03
1.011000000000000000e+03
1.011000000000000000e+03
1.011000000000000000e+03
1.426700000000000000e+04
1.632900000000000000e+04
1.500000000000000000e+01
1.500000000000000000e+01
1.465200000000000000e+04
1.465200000000000000e+04
9.022000000000000000e+03
9.022000000000000000e+03
2.428000000000000000e+03
2.428000000000000000e+03
2.428000000000000000e+03
2.428000000000000000e+03
2.428000000000000000e+03
2.428000000000000000e+03
2.342000000000000000e+03
2.342000000000000000e+03
2.342000000000000000e+03
2.342000000000000000e+03
1.117500000000000000e+04
1.117500000000000000e+04
1.563500000000000000e+04
1.692000000000000000e+03
1.692000000000000000e+03
1.692000000000000000e+03
1.692000000000000000e+03
1.692000000000000000e+03
1.692000000000000000e+03
1.692000000000000000e+03
1.692000000000000000e+03
1.692000000000000000e+03
1.692000000000000000e+03
1.692000000000000000e+03
1.692000000000000000e+03
1.692000000000000000e+03
1.692000000000000000e+03
1.692000000000000000e+03
1.692000000000000000e+03
5.824000000000000000e+03
5.824000000000000000e+03
5.824000000000000000e+03
5.828000000000000000e+03
5.828000000000000000e+03
1.021700000000000000e+04
1.021700000000000000e+04
1.021700000000000000e+04
5.829000000000000000e+03
5.829000000000000000e+03
5.830000000000000000e+03
5.830000000000000000e+03
1.586600000000000000e+04
1.586600000000000000e+04
5.606000000000000000e+03
5.606000000000000000e+03
1.844500000000000000e+04
1.679300000000000000e+04
1.679300000000000000e+04
1.679300000000000000e+04
1.679300000000000000e+04
1.679300000000000000e+04
1.679300000000000000e+04
1.679300000000000000e+04
1.679300000000000000e+04
1.679300000000000000e+04
1.679200000000000000e+04
1.679200000000000000e+04
1.679200000000000000e+04
1.679200000000000000e+04
1.679200000000000000e+04
1.679200000000000000e+04
1.679200000000000000e+04
1.679200000000000000e+04
1.679200000000000000e+04
3.738000000000000000e+03
2.851000000000000000e+03
2.274000000000000000e+03
1.768600000000000000e+04
1.722300000000000000e+04
1.722300000000000000e+04
1.722700000000000000e+04
8.738000000000000000e+03
1.722200000000000000e+04
1.722400000000000000e+04
1.722600000000000000e+04
1.722200000000000000e+04
1.722500000000000000e+04
2.490000000000000000e+02
2.490000000000000000e+02
2.490000000000000000e+02
2.490000000000000000e+02
2.490000000000000000e+02
2.490000000000000000e+02
2.490000000000000000e+02
2.490000000000000000e+02
2.490000000000000000e+02
2.490000000000000000e+02
2.490000000000000000e+02
2.490000000000000000e+02
1.040000000000000000e+02
1.328200000000000000e+04
3.030000000000000000e+02
1.833500000000000000e+04
9.510000000000000000e+02
5.936000000000000000e+03
5.936000000000000000e+03
1.178200000000000000e+04
8.591000000000000000e+03
8.591000000000000000e+03
6.966000000000000000e+03
6.966000000000000000e+03
1.828500000000000000e+04
1.178500000000000000e+04
1.178300000000000000e+04
2.554000000000000000e+03
2.554000000000000000e+03
4.460000000000000000e+02
4.460000000000000000e+02
4.460000000000000000e+02
4.460000000000000000e+02
4.460000000000000000e+02
4.460000000000000000e+02
1.021600000000000000e+04
1.021600000000000000e+04
1.021600000000000000e+04
5.343000000000000000e+03
5.343000000000000000e+03
5.343000000000000000e+03
5.343000000000000000e+03
1.020000000000000000e+02
3.153000000000000000e+03
9.490000000000000000e+02
3.742000000000000000e+03
1.870700000000000000e+04
1.872000000000000000e+03
8.200000000000000000e+02
3.526000000000000000e+03
3.526000000000000000e+03
1.614900000000000000e+04
1.922100000000000000e+04
1.922100000000000000e+04
1.922100000000000000e+04
7.980000000000000000e+02
7.980000000000000000e+02
7.980000000000000000e+02
4.840000000000000000e+02
4.840000000000000000e+02
4.840000000000000000e+02
4.840000000000000000e+02
4.840000000000000000e+02
1.208000000000000000e+03
1.208000000000000000e+03
1.208000000000000000e+03
2.081000000000000000e+04
1.152900000000000000e+04
1.175100000000000000e+04
1.175100000000000000e+04
1.175100000000000000e+04
1.175100000000000000e+04
1.175100000000000000e+04
1.175100000000000000e+04
1.175100000000000000e+04
1.175100000000000000e+04
1.175100000000000000e+04
1.175100000000000000e+04
1.175100000000000000e+04
1.175100000000000000e+04
1.175100000000000000e+04
2.480000000000000000e+02
2.480000000000000000e+02
2.480000000000000000e+02
2.480000000000000000e+02
2.480000000000000000e+02
2.089600000000000000e+04
2.089600000000000000e+04
9.710000000000000000e+02
2.102900000000000000e+04
2.114200000000000000e+04
2.218700000000000000e+04
2.257000000000000000e+03
2.249200000000000000e+04
2.249200000000000000e+04
2.249200000000000000e+04
2.250200000000000000e+04
2.250200000000000000e+04
