1.808000000000000000e+03
1.808000000000000000e+03
2.341000000000000000e+03
2.341000000000000000e+03
2.341000000000000000e+03
2.341000000000000000e+03
9.430000000000000000e+02
9.430000000000000000e+02
1.046000000000000000e+03
1.046000000000000000e+03
6.250000000000000000e+02
6.250000000000000000e+02
2.338000000000000000e+03
2.338000000000000000e+03
2.338000000000000000e+03
2.338000000000000000e+03
2.343000000000000000e+03
2.343000000000000000e+03
2.343000000000000000e+03
2.343000000000000000e+03
7.600000000000000000e+02
7.600000000000000000e+02
7.600000000000000000e+02
7.600000000000000000e+02
7.600000000000000000e+02
7.600000000000000000e+02
7.600000000000000000e+02
1.875000000000000000e+03
1.875000000000000000e+03
2.870000000000000000e+02
2.870000000000000000e+02
2.870000000000000000e+02
2.870000000000000000e+02
2.870000000000000000e+02
2.870000000000000000e+02
2.870000000000000000e+02
1.091000000000000000e+03
7.610000000000000000e+02
1.866000000000000000e+03
1.972000000000000000e+03
1.883000000000000000e+03
1.867000000000000000e+03
8.580000000000000000e+02
1.803000000000000000e+03
1.689000000000000000e+03
8.500000000000000000e+02
8.500000000000000000e+02
8.500000000000000000e+02
8.500000000000000000e+02
8.500000000000000000e+02
8.500000000000000000e+02
8.730000000000000000e+02
8.730000000000000000e+02
8.730000000000000000e+02
8.730000000000000000e+02
8.730000000000000000e+02
3.043000000000000000e+03
3.043000000000000000e+03
3.043000000000000000e+03
3.043000000000000000e+03
3.046000000000000000e+03
3.046000000000000000e+03
3.046000000000000000e+03
3.046000000000000000e+03
9.480000000000000000e+02
9.420000000000000000e+02
9.420000000000000000e+02
1.938000000000000000e+03
9.390000000000000000e+02
9.390000000000000000e+02
9.390000000000000000e+02
5.700000000000000000e+01
5.700000000000000000e+01
3.840000000000000000e+02
3.840000000000000000e+02
3.840000000000000000e+02
9.690000000000000000e+02
9.690000000000000000e+02
3.040000000000000000e+03
3.040000000000000000e+03
3.040000000000000000e+03
3.040000000000000000e+03
1.873000000000000000e+03
1.887000000000000000e+03
9.270000000000000000e+02
1.139000000000000000e+03
1.139000000000000000e+03
1.937000000000000000e+03
1.937000000000000000e+03
1.892000000000000000e+03
1.876000000000000000e+03
4.320000000000000000e+02
4.320000000000000000e+02
4.320000000000000000e+02
8.760000000000000000e+02
8.760000000000000000e+02
8.760000000000000000e+02
8.760000000000000000e+02
8.760000000000000000e+02
8.760000000000000000e+02
8.760000000000000000e+02
8.760000000000000000e+02
8.760000000000000000e+02
8.760000000000000000e+02
8.760000000000000000e+02
8.760000000000000000e+02
8.760000000000000000e+02
8.760000000000000000e+02
8.760000000000000000e+02
8.760000000000000000e+02
8.760000000000000000e+02
8.760000000000000000e+02
8.760000000000000000e+02
9.450000000000000000e+02
9.450000000000000000e+02
9.450000000000000000e+02
6.550000000000000000e+02
6.550000000000000000e+02
1.914000000000000000e+03
9.950000000000000000e+02
1.893000000000000000e+03
7.580000000000000000e+02
7.580000000000000000e+02
7.580000000000000000e+02
7.580000000000000000e+02
1.872000000000000000e+03
1.869000000000000000e+03
9.970000000000000000e+02
5.660000000000000000e+02
1.870000000000000000e+03
1.409000000000000000e+03
7.890000000000000000e+02
7.890000000000000000e+02
3.151000000000000000e+03
1.428000000000000000e+03
1.429000000000000000e+03
1.430000000000000000e+03
1.881000000000000000e+03
1.783000000000000000e+03
1.889000000000000000e+03
6.040000000000000000e+02
9.250000000000000000e+02
9.250000000000000000e+02
7.590000000000000000e+02
7.590000000000000000e+02
7.590000000000000000e+02
1.880000000000000000e+03
1.255000000000000000e+03
1.255000000000000000e+03
9.810000000000000000e+02
1.840000000000000000e+03
1.489000000000000000e+03
1.489000000000000000e+03
1.489000000000000000e+03
1.868000000000000000e+03
2.434000000000000000e+03
2.434000000000000000e+03
2.433000000000000000e+03
2.433000000000000000e+03
5.540000000000000000e+02
1.619000000000000000e+03
6.150000000000000000e+02
6.150000000000000000e+02
6.150000000000000000e+02
6.150000000000000000e+02
8.570000000000000000e+02
8.570000000000000000e+02
8.570000000000000000e+02
1.624000000000000000e+03
1.624000000000000000e+03
1.624000000000000000e+03
1.624000000000000000e+03
3.048000000000000000e+03
3.048000000000000000e+03
3.048000000000000000e+03
3.048000000000000000e+03
1.885000000000000000e+03
2.528000000000000000e+03
3.495000000000000000e+03
1.310000000000000000e+02
3.650000000000000000e+03
3.763000000000000000e+03
3.763000000000000000e+03
3.763000000000000000e+03
3.763000000000000000e+03
3.621000000000000000e+03
3.621000000000000000e+03
2.340000000000000000e+03
2.340000000000000000e+03
2.340000000000000000e+03
2.340000000000000000e+03
2.337000000000000000e+03
2.337000000000000000e+03
2.337000000000000000e+03
2.337000000000000000e+03
5.580000000000000000e+02
3.743000000000000000e+03
4.567000000000000000e+03
3.784000000000000000e+03
3.784000000000000000e+03
3.784000000000000000e+03
3.784000000000000000e+03
3.784000000000000000e+03
3.784000000000000000e+03
3.784000000000000000e+03
3.784000000000000000e+03
3.784000000000000000e+03
3.784000000000000000e+03
3.784000000000000000e+03
3.784000000000000000e+03
6.131000000000000000e+03
6.949000000000000000e+03
6.949000000000000000e+03
9.903000000000000000e+03
8.591000000000000000e+03
8.591000000000000000e+03
4.075000000000000000e+03
9.190000000000000000e+02
7.630000000000000000e+02
2.335000000000000000e+03
2.335000000000000000e+03
2.335000000000000000e+03
2.335000000000000000e+03
1.171700000000000000e+04
1.171700000000000000e+04
1.874000000000000000e+03
1.874000000000000000e+03
1.916000000000000000e+03
1.243000000000000000e+03
1.243000000000000000e+03
1.890000000000000000e+03
1.175300000000000000e+04
1.175300000000000000e+04
1.491000000000000000e+03
1.491000000000000000e+03
1.563300000000000000e+04
1.768600000000000000e+04
6.881000000000000000e+03
6.881000000000000000e+03
2.106400000000000000e+04
