1.835000000000000000e+03
1.835000000000000000e+03
1.835000000000000000e+03
1.000000000000000000e+00
1.000000000000000000e+00
1.000000000000000000e+00
1.000000000000000000e+00
1.000000000000000000e+00
1.000000000000000000e+00
1.000000000000000000e+00
1.000000000000000000e+00
1.000000000000000000e+00
1.000000000000000000e+00
1.000000000000000000e+00
1.000000000000000000e+00
1.000000000000000000e+00
1.485000000000000000e+03
1.485000000000000000e+03
1.485000000000000000e+03
9.740000000000000000e+02
9.740000000000000000e+02
9.740000000000000000e+02
9.740000000000000000e+02
1.874000000000000000e+03
1.874000000000000000e+03
2.528000000000000000e+03
1.493000000000000000e+03
5.600000000000000000e+02
6.153000000000000000e+03
1.478000000000000000e+03
6.110000000000000000e+02
9.260000000000000000e+02
9.260000000000000000e+02
1.424000000000000000e+03
4.075000000000000000e+03
7.600000000000000000e+02
7.600000000000000000e+02
7.600000000000000000e+02
7.600000000000000000e+02
7.600000000000000000e+02
7.600000000000000000e+02
7.600000000000000000e+02
1.807000000000000000e+03
4.567000000000000000e+03
3.840000000000000000e+02
3.840000000000000000e+02
3.840000000000000000e+02
1.442000000000000000e+03
1.442000000000000000e+03
1.442000000000000000e+03
1.442000000000000000e+03
1.442000000000000000e+03
1.442000000000000000e+03
1.607000000000000000e+03
2.338000000000000000e+03
2.338000000000000000e+03
2.338000000000000000e+03
2.338000000000000000e+03
5.400000000000000000e+01
8.730000000000000000e+02
8.730000000000000000e+02
8.730000000000000000e+02
8.730000000000000000e+02
8.730000000000000000e+02
8.670000000000000000e+02
8.670000000000000000e+02
8.670000000000000000e+02
2.796000000000000000e+03
2.795000000000000000e+03
2.793000000000000000e+03
2.794000000000000000e+03
1.737000000000000000e+03
1.737000000000000000e+03
1.237300000000000000e+04
1.237300000000000000e+04
1.237300000000000000e+04
1.367800000000000000e+04
3.431000000000000000e+03
7.500000000000000000e+01
7.500000000000000000e+01
2.342000000000000000e+03
2.342000000000000000e+03
2.342000000000000000e+03
2.342000000000000000e+03
6.250000000000000000e+02
6.250000000000000000e+02
1.972000000000000000e+03
2.825000000000000000e+03
1.956000000000000000e+03
1.956000000000000000e+03
1.956000000000000000e+03
1.956000000000000000e+03
1.956000000000000000e+03
1.955000000000000000e+03
1.955000000000000000e+03
1.955000000000000000e+03
1.955000000000000000e+03
1.955000000000000000e+03
1.823000000000000000e+03
9.380000000000000000e+02
1.597000000000000000e+03
8.690000000000000000e+02
1.893000000000000000e+03
2.870000000000000000e+02
2.870000000000000000e+02
2.870000000000000000e+02
2.870000000000000000e+02
2.870000000000000000e+02
2.870000000000000000e+02
2.870000000000000000e+02
2.337000000000000000e+03
2.337000000000000000e+03
2.337000000000000000e+03
2.337000000000000000e+03
9.510000000000000000e+02
9.450000000000000000e+02
9.450000000000000000e+02
9.450000000000000000e+02
3.800000000000000000e+03
3.800000000000000000e+03
3.800000000000000000e+03
1.610000000000000000e+02
1.610000000000000000e+02
1.610000000000000000e+02
1.610000000000000000e+02
1.620000000000000000e+02
1.620000000000000000e+02
1.620000000000000000e+02
1.620000000000000000e+02
6.270000000000000000e+02
6.270000000000000000e+02
3.820000000000000000e+02
3.820000000000000000e+02
3.820000000000000000e+02
3.820000000000000000e+02
3.820000000000000000e+02
3.820000000000000000e+02
8.650000000000000000e+02
9.420000000000000000e+02
9.420000000000000000e+02
1.439000000000000000e+03
5.800000000000000000e+01
8.740000000000000000e+02
2.860000000000000000e+02
2.860000000000000000e+02
2.860000000000000000e+02
2.860000000000000000e+02
1.929000000000000000e+03
1.929000000000000000e+03
8.760000000000000000e+02
8.760000000000000000e+02
8.760000000000000000e+02
8.760000000000000000e+02
8.760000000000000000e+02
8.760000000000000000e+02
8.760000000000000000e+02
8.760000000000000000e+02
8.760000000000000000e+02
8.760000000000000000e+02
8.760000000000000000e+02
8.760000000000000000e+02
8.760000000000000000e+02
8.760000000000000000e+02
8.760000000000000000e+02
8.760000000000000000e+02
8.760000000000000000e+02
8.760000000000000000e+02
8.760000000000000000e+02
1.924000000000000000e+03
6.260000000000000000e+02
6.260000000000000000e+02
1.791000000000000000e+03
1.119000000000000000e+03
1.119000000000000000e+03
1.119000000000000000e+03
1.119000000000000000e+03
1.119000000000000000e+03
1.119000000000000000e+03
1.119000000000000000e+03
1.119000000000000000e+03
3.707000000000000000e+03
3.707000000000000000e+03
7.880000000000000000e+02
7.880000000000000000e+02
9.410000000000000000e+02
9.410000000000000000e+02
8.780000000000000000e+02
1.834000000000000000e+03
1.524000000000000000e+03
1.867000000000000000e+03
7.900000000000000000e+02
1.937000000000000000e+03
1.937000000000000000e+03
3.048000000000000000e+03
3.048000000000000000e+03
3.048000000000000000e+03
3.048000000000000000e+03
6.700000000000000000e+01
1.710000000000000000e+03
1.790000000000000000e+03
9.730000000000000000e+02
9.480000000000000000e+02
4.042000000000000000e+03
4.042000000000000000e+03
1.533000000000000000e+03
3.840000000000000000e+02
3.840000000000000000e+02
3.840000000000000000e+02
3.830000000000000000e+02
3.830000000000000000e+02
8.640000000000000000e+02
3.600000000000000000e+01
3.600000000000000000e+01
3.600000000000000000e+01
5.640000000000000000e+02
1.395300000000000000e+04
1.395300000000000000e+04
1.395300000000000000e+04
1.395300000000000000e+04
1.395300000000000000e+04
1.395300000000000000e+04
1.395300000000000000e+04
1.395300000000000000e+04
1.395300000000000000e+04
1.395300000000000000e+04
1.395300000000000000e+04
1.395300000000000000e+04
3.040000000000000000e+03
3.040000000000000000e+03
3.040000000000000000e+03
3.040000000000000000e+03
9.390000000000000000e+02
9.390000000000000000e+02
9.390000000000000000e+02
1.791000000000000000e+03
2.563000000000000000e+03
2.563000000000000000e+03
1.925000000000000000e+03
1.000000000000000000e+03
1.000000000000000000e+03
2.564000000000000000e+03
9.650000000000000000e+02
8.490000000000000000e+02
2.340000000000000000e+03
2.340000000000000000e+03
2.340000000000000000e+03
2.340000000000000000e+03
1.589000000000000000e+03
1.515000000000000000e+03
1.243000000000000000e+03
1.243000000000000000e+03
1.303800000000000000e+04
1.303800000000000000e+04
1.641000000000000000e+03
1.448000000000000000e+03
1.892000000000000000e+03
1.876000000000000000e+03
1.872000000000000000e+03
8.580000000000000000e+02
7.816000000000000000e+03
1.854000000000000000e+03
1.854000000000000000e+03
3.060000000000000000e+03
3.060000000000000000e+03
3.060000000000000000e+03
3.060000000000000000e+03
9.420000000000000000e+02
9.420000000000000000e+02
1.378900000000000000e+04
1.378900000000000000e+04
1.378900000000000000e+04
1.491000000000000000e+03
1.491000000000000000e+03
1.175400000000000000e+04
1.175400000000000000e+04
1.175400000000000000e+04
1.873000000000000000e+03
1.804000000000000000e+03
1.255400000000000000e+04
1.175300000000000000e+04
1.175300000000000000e+04
8.510000000000000000e+02
6.131000000000000000e+03
9.950000000000000000e+02
8.591000000000000000e+03
8.591000000000000000e+03
7.590000000000000000e+02
7.590000000000000000e+02
7.590000000000000000e+02
6.550000000000000000e+02
6.550000000000000000e+02
9.903000000000000000e+03
8.200000000000000000e+02
1.776000000000000000e+03
1.756000000000000000e+03
1.756000000000000000e+03
1.878000000000000000e+03
1.879000000000000000e+03
3.300000000000000000e+01
3.300000000000000000e+01
3.043000000000000000e+03
3.043000000000000000e+03
3.043000000000000000e+03
3.043000000000000000e+03
3.046000000000000000e+03
3.046000000000000000e+03
3.046000000000000000e+03
3.046000000000000000e+03
1.619000000000000000e+03
1.839000000000000000e+03
1.839000000000000000e+03
7.560000000000000000e+02
7.560000000000000000e+02
7.560000000000000000e+02
7.560000000000000000e+02
3.784000000000000000e+03
3.784000000000000000e+03
3.784000000000000000e+03
3.784000000000000000e+03
3.784000000000000000e+03
3.784000000000000000e+03
3.784000000000000000e+03
3.784000000000000000e+03
3.784000000000000000e+03
3.784000000000000000e+03
3.784000000000000000e+03
3.784000000000000000e+03
3.816000000000000000e+03
3.816000000000000000e+03
4.072000000000000000e+03
4.072000000000000000e+03
4.072000000000000000e+03
4.072000000000000000e+03
4.072000000000000000e+03
4.072000000000000000e+03
4.072000000000000000e+03
4.072000000000000000e+03
4.072000000000000000e+03
2.343000000000000000e+03
2.343000000000000000e+03
2.343000000000000000e+03
2.343000000000000000e+03
9.430000000000000000e+02
9.430000000000000000e+02
2.341000000000000000e+03
2.341000000000000000e+03
2.341000000000000000e+03
2.341000000000000000e+03
1.784000000000000000e+03
1.784000000000000000e+03
6.726000000000000000e+03
8.520000000000000000e+02
8.520000000000000000e+02
1.883000000000000000e+03
1.916000000000000000e+03
7.630000000000000000e+02
1.621000000000000000e+03
1.621000000000000000e+03
1.512000000000000000e+03
1.512000000000000000e+03
1.512000000000000000e+03
1.951000000000000000e+03
1.951000000000000000e+03
1.951000000000000000e+03
1.439000000000000000e+03
1.409000000000000000e+03
3.778000000000000000e+03
1.875000000000000000e+03
1.875000000000000000e+03
7.610000000000000000e+02
6.000000000000000000e+02
6.000000000000000000e+02
7.566000000000000000e+03
2.493000000000000000e+03
8.570000000000000000e+02
8.570000000000000000e+02
8.570000000000000000e+02
1.928000000000000000e+03
5.630000000000000000e+02
3.300000000000000000e+01
3.300000000000000000e+01
1.869000000000000000e+03
7.890000000000000000e+02
7.890000000000000000e+02
1.239000000000000000e+03
1.239000000000000000e+03
1.239000000000000000e+03
1.239000000000000000e+03
1.239000000000000000e+03
8.728000000000000000e+03
2.000000000000000000e+01
6.221000000000000000e+03
6.570000000000000000e+02
5.260000000000000000e+02
5.260000000000000000e+02
5.260000000000000000e+02
5.260000000000000000e+02
5.250000000000000000e+02
5.250000000000000000e+02
5.250000000000000000e+02
5.250000000000000000e+02
1.870000000000000000e+03
9.690000000000000000e+02
9.690000000000000000e+02
8.410000000000000000e+02
1.938000000000000000e+03
1.939000000000000000e+03
7.600000000000000000e+02
7.600000000000000000e+02
7.600000000000000000e+02
7.600000000000000000e+02
7.600000000000000000e+02
7.600000000000000000e+02
7.600000000000000000e+02
8.060000000000000000e+02
9.810000000000000000e+02
1.881000000000000000e+03
3.763000000000000000e+03
3.763000000000000000e+03
3.763000000000000000e+03
3.763000000000000000e+03
1.101000000000000000e+03
1.866000000000000000e+03
9.490000000000000000e+02
1.783000000000000000e+03
6.949000000000000000e+03
6.949000000000000000e+03
6.040000000000000000e+02
9.250000000000000000e+02
9.250000000000000000e+02
8.640000000000000000e+02
1.821000000000000000e+03
1.821000000000000000e+03
7.730000000000000000e+02
7.730000000000000000e+02
1.868000000000000000e+03
9.480000000000000000e+02
2.435000000000000000e+03
2.435000000000000000e+03
2.433000000000000000e+03
2.433000000000000000e+03
2.434000000000000000e+03
2.434000000000000000e+03
7.404000000000000000e+03
9.988000000000000000e+03
1.580000000000000000e+02
1.624000000000000000e+03
1.624000000000000000e+03
1.624000000000000000e+03
1.624000000000000000e+03
9.400000000000000000e+02
9.400000000000000000e+02
9.400000000000000000e+02
9.400000000000000000e+02
9.400000000000000000e+02
9.400000000000000000e+02
9.400000000000000000e+02
9.400000000000000000e+02
9.400000000000000000e+02
9.400000000000000000e+02
9.400000000000000000e+02
9.400000000000000000e+02
9.400000000000000000e+02
9.400000000000000000e+02
8.680000000000000000e+02
8.680000000000000000e+02
8.680000000000000000e+02
1.805000000000000000e+03
1.805000000000000000e+03
8.540000000000000000e+02
1.921000000000000000e+03
1.520000000000000000e+03
1.520000000000000000e+03
9.698000000000000000e+03
9.698000000000000000e+03
1.889000000000000000e+03
1.890000000000000000e+03
1.934000000000000000e+03
8.450000000000000000e+02
8.450000000000000000e+02
8.450000000000000000e+02
7.910000000000000000e+02
2.335000000000000000e+03
2.335000000000000000e+03
2.335000000000000000e+03
2.335000000000000000e+03
3.640000000000000000e+02
3.830000000000000000e+02
3.830000000000000000e+02
9.540000000000000000e+02
1.092000000000000000e+03
1.092000000000000000e+03
1.092000000000000000e+03
5.540000000000000000e+02
3.621000000000000000e+03
3.621000000000000000e+03
1.887000000000000000e+03
1.928000000000000000e+03
1.175400000000000000e+04
1.175400000000000000e+04
1.175400000000000000e+04
1.915000000000000000e+03
5.900000000000000000e+01
5.900000000000000000e+01
5.900000000000000000e+01
5.900000000000000000e+01
5.900000000000000000e+01
5.900000000000000000e+01
5.900000000000000000e+01
5.900000000000000000e+01
5.900000000000000000e+01
5.900000000000000000e+01
5.900000000000000000e+01
5.900000000000000000e+01
9.190000000000000000e+02
1.443000000000000000e+03
8.590000000000000000e+02
9.994000000000000000e+03
1.785000000000000000e+03
1.785000000000000000e+03
1.810000000000000000e+03
1.810000000000000000e+03
1.810000000000000000e+03
5.700000000000000000e+01
5.700000000000000000e+01
9.630000000000000000e+02
3.840000000000000000e+02
3.840000000000000000e+02
3.840000000000000000e+02
1.803000000000000000e+03
1.689000000000000000e+03
1.340000000000000000e+02
9.270000000000000000e+02
2.428000000000000000e+03
2.428000000000000000e+03
2.428000000000000000e+03
2.428000000000000000e+03
2.428000000000000000e+03
2.428000000000000000e+03
1.775000000000000000e+03
1.000000000000000000e+00
1.000000000000000000e+00
1.000000000000000000e+00
1.000000000000000000e+00
1.000000000000000000e+00
1.000000000000000000e+00
1.000000000000000000e+00
1.000000000000000000e+00
1.000000000000000000e+00
1.000000000000000000e+00
1.000000000000000000e+00
1.000000000000000000e+00
1.000000000000000000e+00
1.809000000000000000e+03
1.190000000000000000e+03
1.190000000000000000e+03
1.190000000000000000e+03
1.190000000000000000e+03
1.190000000000000000e+03
1.190000000000000000e+03
1.190000000000000000e+03
1.190000000000000000e+03
1.190000000000000000e+03
1.190000000000000000e+03
1.071000000000000000e+03
1.071000000000000000e+03
1.071000000000000000e+03
1.239000000000000000e+03
1.239000000000000000e+03
1.239000000000000000e+03
1.239000000000000000e+03
1.239000000000000000e+03
8.870000000000000000e+02
1.768600000000000000e+04
3.366000000000000000e+03
3.366000000000000000e+03
3.366000000000000000e+03
3.366000000000000000e+03
3.366000000000000000e+03
3.743000000000000000e+03
7.029000000000000000e+03
1.900500000000000000e+04
1.900500000000000000e+04
1.900200000000000000e+04
1.900500000000000000e+04
1.900500000000000000e+04
1.926700000000000000e+04
1.926700000000000000e+04
1.926700000000000000e+04
1.926700000000000000e+04
1.926700000000000000e+04
1.926700000000000000e+04
6.881000000000000000e+03
6.881000000000000000e+03
2.106400000000000000e+04
5.363000000000000000e+03
2.221200000000000000e+04
3.077000000000000000e+03
