1.400000000000000000e+01
2.090000000000000000e+02
1.699000000000000000e+03
3.270000000000000000e+03
3.659000000000000000e+03
4.773000000000000000e+03
3.410000000000000000e+02
5.629000000000000000e+03
5.630000000000000000e+03
3.655000000000000000e+03
1.270000000000000000e+02
1.547000000000000000e+03
1.131900000000000000e+04
5.970000000000000000e+02
4.370000000000000000e+02
4.380000000000000000e+02
4.390000000000000000e+02
4.400000000000000000e+02
2.016000000000000000e+03
3.596000000000000000e+03
9.372000000000000000e+03
1.080600000000000000e+04
2.090000000000000000e+02
2.569000000000000000e+03
6.600000000000000000e+02
3.789000000000000000e+03
1.020900000000000000e+04
8.701000000000000000e+03
1.626000000000000000e+03
1.167100000000000000e+04
1.088000000000000000e+03
1.434000000000000000e+03
2.196000000000000000e+03
2.291000000000000000e+03
4.657000000000000000e+03
2.090000000000000000e+02
1.221000000000000000e+03
1.698000000000000000e+03
3.815000000000000000e+03
7.618000000000000000e+03
8.549000000000000000e+03
3.656000000000000000e+03
2.600000000000000000e+02
1.240000000000000000e+02
1.390000000000000000e+02
1.560000000000000000e+02
3.300000000000000000e+02
5.700000000000000000e+02
7.220000000000000000e+02
1.137000000000000000e+03
1.857000000000000000e+03
2.093000000000000000e+03
2.326000000000000000e+03
2.331000000000000000e+03
3.530000000000000000e+03
1.189400000000000000e+04
1.189500000000000000e+04
3.660000000000000000e+03
5.146000000000000000e+03
5.578000000000000000e+03
3.663000000000000000e+03
3.905000000000000000e+03
4.212000000000000000e+03
3.038000000000000000e+03
6.170000000000000000e+02
7.420000000000000000e+02
4.385000000000000000e+03
7.420000000000000000e+02
1.404000000000000000e+03
4.429000000000000000e+03
4.430000000000000000e+03
4.724000000000000000e+03
4.725000000000000000e+03
4.955000000000000000e+03
4.956000000000000000e+03
4.958000000000000000e+03
4.959000000000000000e+03
4.961000000000000000e+03
4.962000000000000000e+03
4.966000000000000000e+03
4.967000000000000000e+03
4.969000000000000000e+03
4.970000000000000000e+03
7.765000000000000000e+03
1.011800000000000000e+04
1.012200000000000000e+04
1.167100000000000000e+04
2.100000000000000000e+03
1.189600000000000000e+04
2.328000000000000000e+03
2.430000000000000000e+02
2.480000000000000000e+02
6.000000000000000000e+00
1.400000000000000000e+01
2.260000000000000000e+02
3.050000000000000000e+03
4.672000000000000000e+03
4.673000000000000000e+03
8.648000000000000000e+03
1.070700000000000000e+04
5.577000000000000000e+03
6.580000000000000000e+02
3.750000000000000000e+02
3.760000000000000000e+02
3.770000000000000000e+02
3.780000000000000000e+02
4.350000000000000000e+02
4.410000000000000000e+02
4.420000000000000000e+02
4.430000000000000000e+02
9.450000000000000000e+02
9.099000000000000000e+03
3.661000000000000000e+03
8.420000000000000000e+02
8.440000000000000000e+02
4.567000000000000000e+03
4.550000000000000000e+03
1.150000000000000000e+03
9.360000000000000000e+02
9.370000000000000000e+02
9.390000000000000000e+02
9.400000000000000000e+02
2.235000000000000000e+03
2.236000000000000000e+03
1.176500000000000000e+04
3.750000000000000000e+02
3.760000000000000000e+02
3.770000000000000000e+02
3.780000000000000000e+02
1.194500000000000000e+04
3.750000000000000000e+02
3.760000000000000000e+02
3.770000000000000000e+02
3.780000000000000000e+02
3.654000000000000000e+03
4.800000000000000000e+02
7.620000000000000000e+02
4.780000000000000000e+03
7.420000000000000000e+02
4.386000000000000000e+03
5.780000000000000000e+02
3.191000000000000000e+03
3.192000000000000000e+03
1.663000000000000000e+03
4.260000000000000000e+02
7.200000000000000000e+02
1.855000000000000000e+03
2.100000000000000000e+03
2.720000000000000000e+03
3.531000000000000000e+03
3.657000000000000000e+03
3.664000000000000000e+03
1.150000000000000000e+03
1.014700000000000000e+04
4.350000000000000000e+02
4.410000000000000000e+02
4.420000000000000000e+02
4.430000000000000000e+02
4.350000000000000000e+02
4.410000000000000000e+02
4.420000000000000000e+02
4.430000000000000000e+02
2.101000000000000000e+03
7.680000000000000000e+02
1.194500000000000000e+04
1.194500000000000000e+04
1.194500000000000000e+04
4.365000000000000000e+03
6.514000000000000000e+03
2.777000000000000000e+03
1.061000000000000000e+03
1.194500000000000000e+04
3.193000000000000000e+03
5.032000000000000000e+03
5.662000000000000000e+03
3.750000000000000000e+02
3.760000000000000000e+02
3.770000000000000000e+02
3.780000000000000000e+02
2.918000000000000000e+03
2.788000000000000000e+03
7.420000000000000000e+02
4.386000000000000000e+03
3.550000000000000000e+02
6.940000000000000000e+02
7.340000000000000000e+02
8.960000000000000000e+02
2.433000000000000000e+03
2.619000000000000000e+03
5.052000000000000000e+03
2.421000000000000000e+03
1.194500000000000000e+04
3.750000000000000000e+02
3.760000000000000000e+02
3.770000000000000000e+02
3.780000000000000000e+02
4.112000000000000000e+03
2.570000000000000000e+03
2.571000000000000000e+03
8.549000000000000000e+03
3.750000000000000000e+02
3.760000000000000000e+02
3.770000000000000000e+02
3.780000000000000000e+02
1.122000000000000000e+03
1.194500000000000000e+04
9.597000000000000000e+03
8.700000000000000000e+03
8.701000000000000000e+03
4.355000000000000000e+03
4.726000000000000000e+03
4.952000000000000000e+03
4.957000000000000000e+03
4.960000000000000000e+03
4.963000000000000000e+03
4.968000000000000000e+03
7.762000000000000000e+03
1.011500000000000000e+04
1.011900000000000000e+04
2.000000000000000000e+02
4.300000000000000000e+02
1.138000000000000000e+03
1.858000000000000000e+03
2.320000000000000000e+03
4.573000000000000000e+03
4.617000000000000000e+03
3.658000000000000000e+03
1.070700000000000000e+04
1.046300000000000000e+04
1.512000000000000000e+03
9.248000000000000000e+03
6.447000000000000000e+03
3.648000000000000000e+03
2.055000000000000000e+03
2.735000000000000000e+03
2.783000000000000000e+03
3.665000000000000000e+03
2.140000000000000000e+02
3.646000000000000000e+03
3.650000000000000000e+03
3.905000000000000000e+03
4.212000000000000000e+03
1.157000000000000000e+03
7.770000000000000000e+03
7.771000000000000000e+03
1.114300000000000000e+04
1.874000000000000000e+03
4.533000000000000000e+03
4.534000000000000000e+03
4.536000000000000000e+03
4.543000000000000000e+03
4.566000000000000000e+03
4.953000000000000000e+03
4.964000000000000000e+03
7.759000000000000000e+03
7.763000000000000000e+03
1.011600000000000000e+04
1.012000000000000000e+04
1.167100000000000000e+04
1.220000000000000000e+03
1.655000000000000000e+03
4.606000000000000000e+03
6.513000000000000000e+03
3.599000000000000000e+03
1.152800000000000000e+04
7.460000000000000000e+03
1.152800000000000000e+04
1.152900000000000000e+04
3.660000000000000000e+03
1.194500000000000000e+04
5.617000000000000000e+03
6.858000000000000000e+03
1.075700000000000000e+04
1.194500000000000000e+04
1.194500000000000000e+04
3.905000000000000000e+03
4.212000000000000000e+03
3.940000000000000000e+03
3.820000000000000000e+02
8.990000000000000000e+02
4.951000000000000000e+03
1.194500000000000000e+04
1.064800000000000000e+04
1.074000000000000000e+03
5.145000000000000000e+03
1.015000000000000000e+03
3.662000000000000000e+03
8.218000000000000000e+03
1.049000000000000000e+03
1.400000000000000000e+01
2.090000000000000000e+02
1.699000000000000000e+03
3.270000000000000000e+03
1.064500000000000000e+04
1.064600000000000000e+04
1.064700000000000000e+04
1.818000000000000000e+03
8.510000000000000000e+02
9.380000000000000000e+03
4.198000000000000000e+03
4.199000000000000000e+03
8.850000000000000000e+02
3.026000000000000000e+03
1.280000000000000000e+03
4.290000000000000000e+02
2.170000000000000000e+03
1.802000000000000000e+03
3.409000000000000000e+03
1.009000000000000000e+03
1.518000000000000000e+03
1.819000000000000000e+03
2.739000000000000000e+03
2.740000000000000000e+03
3.321000000000000000e+03
2.017000000000000000e+03
2.018000000000000000e+03
2.019000000000000000e+03
2.024000000000000000e+03
4.260000000000000000e+02
7.200000000000000000e+02
1.855000000000000000e+03
2.100000000000000000e+03
2.720000000000000000e+03
3.531000000000000000e+03
2.000000000000000000e+02
4.300000000000000000e+02
1.138000000000000000e+03
1.858000000000000000e+03
2.320000000000000000e+03
4.428000000000000000e+03
4.535000000000000000e+03
4.537000000000000000e+03
4.544000000000000000e+03
4.568000000000000000e+03
4.587000000000000000e+03
4.954000000000000000e+03
4.965000000000000000e+03
1.068000000000000000e+03
1.070000000000000000e+03
1.829000000000000000e+03
2.568000000000000000e+03
1.800000000000000000e+03
2.017000000000000000e+03
2.018000000000000000e+03
2.019000000000000000e+03
2.024000000000000000e+03
1.310000000000000000e+03
2.051000000000000000e+03
7.385000000000000000e+03
2.322000000000000000e+03
1.064900000000000000e+04
1.022300000000000000e+04
5.627000000000000000e+03
1.880000000000000000e+02
5.080000000000000000e+02
