4.260000000000000000e+02
7.200000000000000000e+02
1.855000000000000000e+03
2.100000000000000000e+03
2.720000000000000000e+03
3.531000000000000000e+03
1.869000000000000000e+03
2.910000000000000000e+02
2.984000000000000000e+03
8.528000000000000000e+03
1.064500000000000000e+04
1.064600000000000000e+04
1.064700000000000000e+04
9.590000000000000000e+02
1.057000000000000000e+03
8.639000000000000000e+03
4.018000000000000000e+03
9.420000000000000000e+02
2.237000000000000000e+03
4.241000000000000000e+03
1.280000000000000000e+03
2.187000000000000000e+03
2.189000000000000000e+03
1.226000000000000000e+03
2.530000000000000000e+02
2.530000000000000000e+02
2.570000000000000000e+03
2.571000000000000000e+03
8.549000000000000000e+03
2.090000000000000000e+02
1.221000000000000000e+03
1.698000000000000000e+03
3.815000000000000000e+03
7.618000000000000000e+03
8.549000000000000000e+03
8.990000000000000000e+02
4.951000000000000000e+03
8.572000000000000000e+03
3.750000000000000000e+02
3.760000000000000000e+02
3.770000000000000000e+02
3.780000000000000000e+02
1.826000000000000000e+03
3.750000000000000000e+02
3.760000000000000000e+02
3.770000000000000000e+02
3.780000000000000000e+02
1.567000000000000000e+03
2.099000000000000000e+03
8.233000000000000000e+03
5.634000000000000000e+03
2.738000000000000000e+03
2.780000000000000000e+03
4.111000000000000000e+03
4.394000000000000000e+03
5.132000000000000000e+03
8.559000000000000000e+03
5.199000000000000000e+03
5.199000000000000000e+03
1.071600000000000000e+04
3.659000000000000000e+03
4.773000000000000000e+03
9.735000000000000000e+03
1.819000000000000000e+03
2.241000000000000000e+03
9.381000000000000000e+03
7.405000000000000000e+03
1.324000000000000000e+03
1.325000000000000000e+03
1.900000000000000000e+03
5.636000000000000000e+03
9.995000000000000000e+03
1.125600000000000000e+04
1.824000000000000000e+03
9.995000000000000000e+03
1.610000000000000000e+02
5.490000000000000000e+02
4.370000000000000000e+02
4.380000000000000000e+02
4.390000000000000000e+02
4.400000000000000000e+02
1.801000000000000000e+03
2.322000000000000000e+03
1.122000000000000000e+03
2.788000000000000000e+03
4.573000000000000000e+03
4.617000000000000000e+03
5.712000000000000000e+03
1.056000000000000000e+03
9.030000000000000000e+03
5.884000000000000000e+03
8.210000000000000000e+03
7.600000000000000000e+02
8.670000000000000000e+02
3.920000000000000000e+03
6.580000000000000000e+02
1.049000000000000000e+03
4.160000000000000000e+02
5.332000000000000000e+03
5.629000000000000000e+03
5.630000000000000000e+03
2.783000000000000000e+03
5.032000000000000000e+03
5.662000000000000000e+03
3.193000000000000000e+03
3.750000000000000000e+02
3.760000000000000000e+02
3.770000000000000000e+02
3.780000000000000000e+02
3.654000000000000000e+03
1.856000000000000000e+03
5.794000000000000000e+03
1.400000000000000000e+01
2.090000000000000000e+02
1.699000000000000000e+03
3.270000000000000000e+03
2.200000000000000000e+01
6.004000000000000000e+03
1.131600000000000000e+04
2.200000000000000000e+02
5.900000000000000000e+02
3.663000000000000000e+03
1.801000000000000000e+03
1.170200000000000000e+04
1.900000000000000000e+02
1.229000000000000000e+03
4.378000000000000000e+03
3.655000000000000000e+03
3.710000000000000000e+02
1.465000000000000000e+03
3.750000000000000000e+02
3.760000000000000000e+02
3.770000000000000000e+02
3.780000000000000000e+02
3.650000000000000000e+03
5.637000000000000000e+03
5.633000000000000000e+03
1.518000000000000000e+03
4.290000000000000000e+02
1.240000000000000000e+02
1.390000000000000000e+02
1.560000000000000000e+02
3.300000000000000000e+02
5.700000000000000000e+02
7.220000000000000000e+02
1.137000000000000000e+03
1.857000000000000000e+03
2.093000000000000000e+03
2.326000000000000000e+03
2.331000000000000000e+03
3.530000000000000000e+03
1.189400000000000000e+04
1.189500000000000000e+04
1.012000000000000000e+03
5.970000000000000000e+02
1.580000000000000000e+02
1.799000000000000000e+03
5.688000000000000000e+03
3.661000000000000000e+03
3.510000000000000000e+02
7.766000000000000000e+03
7.769000000000000000e+03
7.767000000000000000e+03
7.768000000000000000e+03
2.670000000000000000e+02
2.680000000000000000e+02
1.899000000000000000e+03
7.030000000000000000e+02
1.000000000000000000e+03
3.104000000000000000e+03
4.132000000000000000e+03
6.897000000000000000e+03
9.501000000000000000e+03
8.970000000000000000e+02
3.601000000000000000e+03
4.859000000000000000e+03
1.082000000000000000e+03
1.130000000000000000e+03
8.240000000000000000e+03
3.750000000000000000e+02
3.760000000000000000e+02
3.770000000000000000e+02
3.780000000000000000e+02
1.130000000000000000e+03
8.240000000000000000e+03
1.064800000000000000e+04
2.164000000000000000e+03
2.164000000000000000e+03
2.164000000000000000e+03
4.010000000000000000e+02
7.680000000000000000e+02
2.971000000000000000e+03
3.018000000000000000e+03
4.391000000000000000e+03
2.060000000000000000e+03
2.187000000000000000e+03
2.189000000000000000e+03
4.350000000000000000e+02
4.410000000000000000e+02
4.420000000000000000e+02
4.430000000000000000e+02
1.064300000000000000e+04
1.064400000000000000e+04
1.270000000000000000e+02
1.547000000000000000e+03
1.131900000000000000e+04
1.185000000000000000e+03
1.186000000000000000e+03
1.187000000000000000e+03
3.665000000000000000e+03
3.656000000000000000e+03
4.350000000000000000e+02
4.410000000000000000e+02
4.420000000000000000e+02
4.430000000000000000e+02
4.350000000000000000e+02
4.410000000000000000e+02
4.420000000000000000e+02
4.430000000000000000e+02
5.130000000000000000e+02
5.160000000000000000e+02
5.170000000000000000e+02
9.620000000000000000e+02
9.640000000000000000e+02
9.670000000000000000e+02
9.680000000000000000e+02
9.700000000000000000e+02
1.548000000000000000e+03
1.549000000000000000e+03
1.880000000000000000e+03
2.091000000000000000e+03
2.096000000000000000e+03
2.097000000000000000e+03
2.327000000000000000e+03
2.332000000000000000e+03
2.371000000000000000e+03
2.372000000000000000e+03
8.232000000000000000e+03
1.560000000000000000e+03
2.556000000000000000e+03
3.191000000000000000e+03
3.192000000000000000e+03
1.015900000000000000e+04
1.334000000000000000e+03
9.501000000000000000e+03
9.501000000000000000e+03
1.820000000000000000e+02
5.100000000000000000e+02
1.561000000000000000e+03
1.863000000000000000e+03
1.969000000000000000e+03
2.147000000000000000e+03
2.294000000000000000e+03
2.295000000000000000e+03
2.297000000000000000e+03
2.484000000000000000e+03
2.557000000000000000e+03
2.748000000000000000e+03
8.368000000000000000e+03
1.024400000000000000e+04
1.030000000000000000e+02
3.004000000000000000e+03
1.110400000000000000e+04
9.360000000000000000e+02
9.370000000000000000e+02
9.390000000000000000e+02
9.400000000000000000e+02
2.235000000000000000e+03
2.236000000000000000e+03
1.176500000000000000e+04
2.101000000000000000e+03
3.820000000000000000e+02
7.390000000000000000e+03
3.905000000000000000e+03
4.212000000000000000e+03
3.905000000000000000e+03
4.212000000000000000e+03
3.905000000000000000e+03
4.212000000000000000e+03
2.140000000000000000e+02
4.900000000000000000e+02
2.120000000000000000e+02
6.987000000000000000e+03
4.710000000000000000e+03
1.482000000000000000e+03
1.983000000000000000e+03
1.541000000000000000e+03
4.700000000000000000e+02
5.605000000000000000e+03
5.606000000000000000e+03
2.454000000000000000e+03
1.066000000000000000e+03
1.878000000000000000e+03
2.485000000000000000e+03
8.221000000000000000e+03
1.220000000000000000e+03
1.655000000000000000e+03
9.450000000000000000e+02
9.099000000000000000e+03
9.440000000000000000e+02
3.223000000000000000e+03
1.071200000000000000e+04
4.448000000000000000e+03
3.420000000000000000e+02
7.136000000000000000e+03
2.739000000000000000e+03
2.740000000000000000e+03
3.321000000000000000e+03
7.560000000000000000e+02
3.236000000000000000e+03
3.237000000000000000e+03
3.238000000000000000e+03
3.239000000000000000e+03
4.779000000000000000e+03
4.050000000000000000e+02
2.404000000000000000e+03
4.050000000000000000e+02
2.404000000000000000e+03
1.230000000000000000e+03
1.231000000000000000e+03
8.244000000000000000e+03
2.300000000000000000e+02
9.210000000000000000e+02
3.150000000000000000e+02
1.353000000000000000e+03
3.664000000000000000e+03
5.196000000000000000e+03
8.990000000000000000e+02
4.951000000000000000e+03
1.056000000000000000e+03
9.030000000000000000e+03
5.860000000000000000e+02
3.503000000000000000e+03
3.504000000000000000e+03
5.578000000000000000e+03
7.324000000000000000e+03
1.068000000000000000e+03
1.070000000000000000e+03
1.829000000000000000e+03
2.568000000000000000e+03
4.310000000000000000e+02
7.260000000000000000e+02
4.591000000000000000e+03
2.480000000000000000e+02
1.370000000000000000e+02
3.005000000000000000e+03
1.132500000000000000e+04
1.132500000000000000e+04
3.035000000000000000e+03
1.714000000000000000e+03
3.320000000000000000e+02
2.090000000000000000e+03
4.350000000000000000e+02
4.410000000000000000e+02
4.420000000000000000e+02
4.430000000000000000e+02
3.269000000000000000e+03
4.231000000000000000e+03
1.770000000000000000e+02
4.771000000000000000e+03
3.940000000000000000e+03
1.529000000000000000e+03
1.030000000000000000e+03
1.470000000000000000e+03
6.513000000000000000e+03
2.777000000000000000e+03
6.514000000000000000e+03
2.328000000000000000e+03
1.291000000000000000e+03
1.040000000000000000e+02
2.918000000000000000e+03
3.660000000000000000e+03
3.660000000000000000e+03
1.014700000000000000e+04
6.447000000000000000e+03
1.120000000000000000e+02
1.120000000000000000e+02
2.016000000000000000e+03
3.596000000000000000e+03
9.372000000000000000e+03
2.017000000000000000e+03
2.018000000000000000e+03
2.019000000000000000e+03
2.024000000000000000e+03
2.017000000000000000e+03
2.018000000000000000e+03
2.019000000000000000e+03
2.024000000000000000e+03
3.084000000000000000e+03
5.680000000000000000e+02
2.325000000000000000e+03
2.200000000000000000e+01
6.004000000000000000e+03
1.131600000000000000e+04
3.750000000000000000e+02
3.760000000000000000e+02
3.770000000000000000e+02
3.780000000000000000e+02
3.657000000000000000e+03
1.561000000000000000e+03
1.863000000000000000e+03
1.969000000000000000e+03
2.147000000000000000e+03
2.294000000000000000e+03
2.295000000000000000e+03
2.297000000000000000e+03
2.484000000000000000e+03
2.557000000000000000e+03
2.748000000000000000e+03
8.368000000000000000e+03
1.024400000000000000e+04
3.658000000000000000e+03
1.397000000000000000e+03
6.170000000000000000e+02
1.150000000000000000e+03
6.600000000000000000e+02
1.170300000000000000e+04
1.170400000000000000e+04
2.060000000000000000e+02
9.597000000000000000e+03
4.280000000000000000e+02
4.639000000000000000e+03
5.046000000000000000e+03
5.048000000000000000e+03
3.066000000000000000e+03
3.067000000000000000e+03
8.990000000000000000e+02
4.951000000000000000e+03
1.580000000000000000e+02
5.120000000000000000e+02
1.665000000000000000e+03
1.067000000000000000e+03
1.641000000000000000e+03
1.830000000000000000e+03
6.590000000000000000e+03
1.015000000000000000e+03
1.512000000000000000e+03
1.061000000000000000e+03
3.750000000000000000e+02
3.760000000000000000e+02
3.770000000000000000e+02
3.780000000000000000e+02
2.094000000000000000e+03
2.098000000000000000e+03
4.710000000000000000e+03
1.051000000000000000e+03
2.750000000000000000e+03
3.750000000000000000e+02
3.760000000000000000e+02
3.770000000000000000e+02
3.780000000000000000e+02
7.600000000000000000e+02
8.670000000000000000e+02
3.920000000000000000e+03
6.230000000000000000e+02
7.540000000000000000e+02
2.124000000000000000e+03
4.880000000000000000e+03
5.233000000000000000e+03
5.234000000000000000e+03
6.917000000000000000e+03
6.927000000000000000e+03
6.983000000000000000e+03
7.105000000000000000e+03
8.281000000000000000e+03
8.306000000000000000e+03
8.310000000000000000e+03
2.782000000000000000e+03
5.659000000000000000e+03
1.183000000000000000e+03
9.951000000000000000e+03
1.827000000000000000e+03
5.661000000000000000e+03
8.503000000000000000e+03
8.603000000000000000e+03
7.050000000000000000e+02
7.060000000000000000e+02
9.220000000000000000e+02
9.350000000000000000e+02
2.990000000000000000e+02
1.600000000000000000e+03
1.786000000000000000e+03
1.300000000000000000e+02
3.750000000000000000e+02
3.760000000000000000e+02
3.770000000000000000e+02
3.780000000000000000e+02
2.000000000000000000e+02
4.300000000000000000e+02
1.138000000000000000e+03
1.858000000000000000e+03
2.320000000000000000e+03
1.120700000000000000e+04
5.627000000000000000e+03
2.413000000000000000e+03
9.480000000000000000e+02
3.599000000000000000e+03
1.152800000000000000e+04
6.782000000000000000e+03
6.783000000000000000e+03
9.660000000000000000e+02
3.662000000000000000e+03
8.218000000000000000e+03
3.789000000000000000e+03
1.020900000000000000e+04
1.870000000000000000e+03
9.650000000000000000e+02
2.560000000000000000e+02
5.750000000000000000e+02
1.395000000000000000e+03
1.094800000000000000e+04
1.094900000000000000e+04
1.993000000000000000e+03
5.577000000000000000e+03
3.038000000000000000e+03
1.890000000000000000e+02
2.412000000000000000e+03
3.083000000000000000e+03
1.658000000000000000e+03
2.003000000000000000e+03
2.061000000000000000e+03
2.473000000000000000e+03
4.890000000000000000e+02
3.658000000000000000e+03
8.470000000000000000e+02
5.130000000000000000e+02
5.160000000000000000e+02
5.170000000000000000e+02
9.620000000000000000e+02
9.640000000000000000e+02
9.670000000000000000e+02
9.680000000000000000e+02
9.700000000000000000e+02
1.548000000000000000e+03
1.549000000000000000e+03
1.880000000000000000e+03
2.091000000000000000e+03
2.096000000000000000e+03
2.097000000000000000e+03
2.327000000000000000e+03
2.332000000000000000e+03
2.371000000000000000e+03
2.372000000000000000e+03
8.232000000000000000e+03
8.480000000000000000e+02
8.480000000000000000e+02
8.480000000000000000e+02
5.578000000000000000e+03
2.600000000000000000e+02
1.724000000000000000e+03
1.012000000000000000e+03
3.100000000000000000e+02
1.132900000000000000e+04
7.456000000000000000e+03
7.456000000000000000e+03
5.617000000000000000e+03
6.858000000000000000e+03
1.075700000000000000e+04
4.030000000000000000e+03
7.263000000000000000e+03
4.031000000000000000e+03
8.165000000000000000e+03
1.717000000000000000e+03
4.990000000000000000e+03
4.993000000000000000e+03
6.859000000000000000e+03
8.774000000000000000e+03
9.736000000000000000e+03
1.194500000000000000e+04
1.194500000000000000e+04
1.194500000000000000e+04
1.194500000000000000e+04
1.194500000000000000e+04
1.194500000000000000e+04
1.194500000000000000e+04
1.194500000000000000e+04
1.194500000000000000e+04
1.194500000000000000e+04
1.194500000000000000e+04
1.194500000000000000e+04
1.194500000000000000e+04
1.194500000000000000e+04
9.247000000000000000e+03
6.150000000000000000e+02
2.135000000000000000e+03
3.460000000000000000e+03
2.990000000000000000e+02
1.600000000000000000e+03
1.786000000000000000e+03
2.087000000000000000e+03
7.650000000000000000e+02
2.059000000000000000e+03
1.092000000000000000e+03
1.954000000000000000e+03
1.086000000000000000e+03
1.083000000000000000e+03
4.559000000000000000e+03
1.135000000000000000e+03
1.130000000000000000e+03
8.240000000000000000e+03
6.210000000000000000e+02
1.933000000000000000e+03
1.940000000000000000e+03
3.316000000000000000e+03
8.549000000000000000e+03
1.030000000000000000e+03
1.470000000000000000e+03
3.646000000000000000e+03
1.771000000000000000e+03
1.080600000000000000e+04
2.110000000000000000e+03
1.557000000000000000e+03
2.108000000000000000e+03
2.112000000000000000e+03
1.126200000000000000e+04
2.111000000000000000e+03
1.880000000000000000e+02
1.118800000000000000e+04
1.137200000000000000e+04
9.735000000000000000e+03
9.394000000000000000e+03
4.519000000000000000e+03
7.234000000000000000e+03
1.830000000000000000e+02
5.110000000000000000e+02
9.630000000000000000e+02
1.126000000000000000e+03
1.227000000000000000e+03
1.569000000000000000e+03
1.664000000000000000e+03
1.968000000000000000e+03
2.088000000000000000e+03
2.102000000000000000e+03
2.323000000000000000e+03
2.719000000000000000e+03
3.346000000000000000e+03
3.471000000000000000e+03
4.509000000000000000e+03
3.409000000000000000e+03
1.105000000000000000e+03
1.678000000000000000e+03
3.355000000000000000e+03
4.783000000000000000e+03
6.114000000000000000e+03
7.640000000000000000e+02
2.073000000000000000e+03
2.800000000000000000e+01
8.010000000000000000e+02
8.020000000000000000e+02
6.087000000000000000e+03
6.088000000000000000e+03
5.199000000000000000e+03
1.011000000000000000e+03
1.059000000000000000e+03
1.280000000000000000e+03
8.900000000000000000e+01
4.340000000000000000e+02
1.570000000000000000e+03
2.484000000000000000e+03
8.222000000000000000e+03
8.230000000000000000e+03
9.550000000000000000e+02
8.962000000000000000e+03
1.818000000000000000e+03
5.712000000000000000e+03
2.421000000000000000e+03
1.153000000000000000e+04
9.994000000000000000e+03
8.856000000000000000e+03
8.600000000000000000e+01
8.878000000000000000e+03
8.779000000000000000e+03
9.995000000000000000e+03
1.126100000000000000e+04
8.689000000000000000e+03
1.085900000000000000e+04
9.995000000000000000e+03
1.126100000000000000e+04
7.459000000000000000e+03
2.283000000000000000e+03
4.475000000000000000e+03
1.163300000000000000e+04
1.163400000000000000e+04
1.163500000000000000e+04
1.163600000000000000e+04
5.850000000000000000e+03
1.046300000000000000e+04
