1.056000000000000000e+03
9.030000000000000000e+03
3.320000000000000000e+02
2.090000000000000000e+03
4.350000000000000000e+02
4.410000000000000000e+02
4.420000000000000000e+02
4.430000000000000000e+02
3.940000000000000000e+03
2.413000000000000000e+03
3.084000000000000000e+03
2.412000000000000000e+03
2.703000000000000000e+03
4.112000000000000000e+03
2.570000000000000000e+02
4.010000000000000000e+02
2.735000000000000000e+03
1.920000000000000000e+03
2.869000000000000000e+03
8.359000000000000000e+03
1.780000000000000000e+02
3.652000000000000000e+03
4.112000000000000000e+03
3.656000000000000000e+03
7.820000000000000000e+02
1.286000000000000000e+03
2.408000000000000000e+03
4.941000000000000000e+03
7.680000000000000000e+02
3.665000000000000000e+03
3.820000000000000000e+02
2.739000000000000000e+03
2.740000000000000000e+03
3.321000000000000000e+03
6.150000000000000000e+02
2.135000000000000000e+03
3.035000000000000000e+03
3.150000000000000000e+02
1.353000000000000000e+03
8.510000000000000000e+02
9.380000000000000000e+03
5.884000000000000000e+03
8.210000000000000000e+03
1.230000000000000000e+03
1.231000000000000000e+03
8.244000000000000000e+03
3.650000000000000000e+03
5.633000000000000000e+03
3.750000000000000000e+02
3.760000000000000000e+02
3.770000000000000000e+02
3.780000000000000000e+02
2.094000000000000000e+03
2.098000000000000000e+03
2.783000000000000000e+03
3.654000000000000000e+03
3.658000000000000000e+03
1.900000000000000000e+02
1.132000000000000000e+03
1.229000000000000000e+03
2.142000000000000000e+03
8.237000000000000000e+03
8.238000000000000000e+03
8.245000000000000000e+03
9.597000000000000000e+03
1.049000000000000000e+03
4.160000000000000000e+02
5.332000000000000000e+03
3.648000000000000000e+03
3.232000000000000000e+03
3.232000000000000000e+03
3.232000000000000000e+03
1.658000000000000000e+03
2.003000000000000000e+03
2.061000000000000000e+03
1.040000000000000000e+02
1.300000000000000000e+02
1.819000000000000000e+03
1.083000000000000000e+03
4.559000000000000000e+03
1.135000000000000000e+03
1.570000000000000000e+03
1.876000000000000000e+03
2.296000000000000000e+03
2.484000000000000000e+03
1.057000000000000000e+03
2.749000000000000000e+03
5.970000000000000000e+02
8.247000000000000000e+03
3.193000000000000000e+03
8.990000000000000000e+02
4.951000000000000000e+03
1.071600000000000000e+04
1.067000000000000000e+03
1.641000000000000000e+03
1.830000000000000000e+03
6.590000000000000000e+03
1.067000000000000000e+03
1.641000000000000000e+03
1.830000000000000000e+03
6.590000000000000000e+03
2.600000000000000000e+02
3.659000000000000000e+03
4.773000000000000000e+03
6.600000000000000000e+02
1.312000000000000000e+03
2.027000000000000000e+03
2.052000000000000000e+03
3.332000000000000000e+03
7.381000000000000000e+03
1.529000000000000000e+03
8.900000000000000000e+01
4.340000000000000000e+02
9.000000000000000000e+00
6.020000000000000000e+02
2.670000000000000000e+03
2.016000000000000000e+03
3.596000000000000000e+03
9.372000000000000000e+03
3.599000000000000000e+03
1.152800000000000000e+04
3.083000000000000000e+03
1.714000000000000000e+03
3.460000000000000000e+03
7.390000000000000000e+03
1.580000000000000000e+02
6.447000000000000000e+03
1.799000000000000000e+03
3.750000000000000000e+02
3.760000000000000000e+02
3.770000000000000000e+02
3.780000000000000000e+02
1.610000000000000000e+02
5.490000000000000000e+02
4.370000000000000000e+02
4.380000000000000000e+02
4.390000000000000000e+02
4.400000000000000000e+02
4.800000000000000000e+02
1.065200000000000000e+04
1.801000000000000000e+03
1.122000000000000000e+03
8.701000000000000000e+03
8.701000000000000000e+03
8.350000000000000000e+02
2.736000000000000000e+03
1.090700000000000000e+04
9.880000000000000000e+02
1.959000000000000000e+03
4.911000000000000000e+03
2.241000000000000000e+03
9.381000000000000000e+03
3.646000000000000000e+03
1.074000000000000000e+03
5.145000000000000000e+03
5.510000000000000000e+02
2.480000000000000000e+02
5.627000000000000000e+03
1.244000000000000000e+03
1.064500000000000000e+04
1.064600000000000000e+04
1.064700000000000000e+04
3.550000000000000000e+02
6.940000000000000000e+02
7.340000000000000000e+02
8.960000000000000000e+02
2.433000000000000000e+03
2.619000000000000000e+03
5.052000000000000000e+03
9.660000000000000000e+02
7.456000000000000000e+03
7.456000000000000000e+03
8.420000000000000000e+02
8.440000000000000000e+02
1.370000000000000000e+02
3.005000000000000000e+03
3.595000000000000000e+03
8.219000000000000000e+03
3.663000000000000000e+03
1.902000000000000000e+03
3.014000000000000000e+03
2.059000000000000000e+03
1.770000000000000000e+02
4.771000000000000000e+03
6.600000000000000000e+02
9.660000000000000000e+02
1.046300000000000000e+04
5.710000000000000000e+02
5.730000000000000000e+02
5.634000000000000000e+03
9.722000000000000000e+03
1.404000000000000000e+03
4.429000000000000000e+03
4.430000000000000000e+03
4.724000000000000000e+03
4.725000000000000000e+03
4.955000000000000000e+03
4.956000000000000000e+03
4.958000000000000000e+03
4.959000000000000000e+03
4.961000000000000000e+03
4.962000000000000000e+03
4.966000000000000000e+03
4.967000000000000000e+03
4.969000000000000000e+03
4.970000000000000000e+03
7.765000000000000000e+03
1.011800000000000000e+04
1.012200000000000000e+04
1.167100000000000000e+04
2.016000000000000000e+03
3.596000000000000000e+03
9.372000000000000000e+03
3.750000000000000000e+02
3.760000000000000000e+02
3.770000000000000000e+02
3.780000000000000000e+02
3.662000000000000000e+03
8.218000000000000000e+03
3.038000000000000000e+03
8.700000000000000000e+03
7.460000000000000000e+03
1.152800000000000000e+04
1.152900000000000000e+04
7.420000000000000000e+02
4.386000000000000000e+03
7.420000000000000000e+02
4.386000000000000000e+03
7.420000000000000000e+02
4.385000000000000000e+03
4.428000000000000000e+03
4.535000000000000000e+03
4.537000000000000000e+03
4.544000000000000000e+03
4.568000000000000000e+03
4.954000000000000000e+03
4.965000000000000000e+03
7.764000000000000000e+03
1.011700000000000000e+04
1.012100000000000000e+04
7.420000000000000000e+02
4.355000000000000000e+03
4.726000000000000000e+03
4.952000000000000000e+03
4.957000000000000000e+03
4.960000000000000000e+03
4.963000000000000000e+03
4.968000000000000000e+03
7.762000000000000000e+03
1.011500000000000000e+04
1.011900000000000000e+04
1.626000000000000000e+03
1.167100000000000000e+04
1.070700000000000000e+04
9.450000000000000000e+02
9.099000000000000000e+03
5.577000000000000000e+03
3.655000000000000000e+03
1.900000000000000000e+02
1.229000000000000000e+03
4.378000000000000000e+03
3.789000000000000000e+03
1.020900000000000000e+04
3.660000000000000000e+03
3.660000000000000000e+03
7.040000000000000000e+02
4.198000000000000000e+03
4.199000000000000000e+03
1.014700000000000000e+04
2.291000000000000000e+03
5.688000000000000000e+03
5.636000000000000000e+03
5.032000000000000000e+03
5.662000000000000000e+03
1.150000000000000000e+03
2.241000000000000000e+03
9.381000000000000000e+03
1.068000000000000000e+03
1.070000000000000000e+03
1.829000000000000000e+03
2.568000000000000000e+03
3.657000000000000000e+03
3.664000000000000000e+03
3.661000000000000000e+03
3.750000000000000000e+02
3.760000000000000000e+02
3.770000000000000000e+02
3.780000000000000000e+02
2.890000000000000000e+02
1.625000000000000000e+03
4.010000000000000000e+02
1.220000000000000000e+03
1.655000000000000000e+03
5.629000000000000000e+03
5.630000000000000000e+03
4.573000000000000000e+03
4.617000000000000000e+03
2.788000000000000000e+03
1.024600000000000000e+04
1.078000000000000000e+03
2.918000000000000000e+03
2.280000000000000000e+02
6.230000000000000000e+02
7.540000000000000000e+02
1.172000000000000000e+03
4.880000000000000000e+03
5.233000000000000000e+03
5.234000000000000000e+03
6.917000000000000000e+03
6.927000000000000000e+03
2.060000000000000000e+03
1.197000000000000000e+03
1.196000000000000000e+03
1.197000000000000000e+03
1.196000000000000000e+03
1.197000000000000000e+03
1.197000000000000000e+03
2.240000000000000000e+03
3.191000000000000000e+03
3.192000000000000000e+03
5.780000000000000000e+02
3.750000000000000000e+02
3.760000000000000000e+02
3.770000000000000000e+02
3.780000000000000000e+02
7.560000000000000000e+02
3.236000000000000000e+03
3.237000000000000000e+03
3.238000000000000000e+03
3.239000000000000000e+03
4.779000000000000000e+03
2.000000000000000000e+02
4.300000000000000000e+02
1.138000000000000000e+03
1.858000000000000000e+03
2.320000000000000000e+03
3.750000000000000000e+02
3.760000000000000000e+02
3.770000000000000000e+02
3.780000000000000000e+02
1.117000000000000000e+04
1.117200000000000000e+04
1.724000000000000000e+03
1.090000000000000000e+03
1.214000000000000000e+03
2.199000000000000000e+03
1.099100000000000000e+04
1.196000000000000000e+03
1.086600000000000000e+04
2.200000000000000000e+01
5.963000000000000000e+03
7.809000000000000000e+03
7.810000000000000000e+03
1.083100000000000000e+04
1.090000000000000000e+03
1.214000000000000000e+03
2.199000000000000000e+03
1.099100000000000000e+04
1.070600000000000000e+04
4.112000000000000000e+03
4.350000000000000000e+02
4.410000000000000000e+02
4.420000000000000000e+02
4.430000000000000000e+02
4.350000000000000000e+02
4.410000000000000000e+02
4.420000000000000000e+02
4.430000000000000000e+02
4.350000000000000000e+02
4.410000000000000000e+02
4.420000000000000000e+02
4.430000000000000000e+02
4.800000000000000000e+02
4.510000000000000000e+02
5.637000000000000000e+03
7.390000000000000000e+03
1.061000000000000000e+03
1.512000000000000000e+03
1.015000000000000000e+03
1.518000000000000000e+03
6.580000000000000000e+02
1.117000000000000000e+04
1.117200000000000000e+04
1.117000000000000000e+04
1.117200000000000000e+04
1.117000000000000000e+04
1.117200000000000000e+04
2.797000000000000000e+03
3.975000000000000000e+03
3.977000000000000000e+03
4.486000000000000000e+03
4.487000000000000000e+03
5.835000000000000000e+03
2.087000000000000000e+03
1.880000000000000000e+02
5.080000000000000000e+02
1.492000000000000000e+03
5.220000000000000000e+03
7.268000000000000000e+03
6.190000000000000000e+02
2.300000000000000000e+02
9.210000000000000000e+02
1.130000000000000000e+03
8.240000000000000000e+03
1.562000000000000000e+03
1.877000000000000000e+03
2.148000000000000000e+03
2.370000000000000000e+03
3.537000000000000000e+03
3.538000000000000000e+03
3.929000000000000000e+03
5.135000000000000000e+03
2.071000000000000000e+03
2.704000000000000000e+03
2.704000000000000000e+03
2.704000000000000000e+03
7.650000000000000000e+02
4.365000000000000000e+03
1.066000000000000000e+03
1.051000000000000000e+03
2.750000000000000000e+03
1.064800000000000000e+04
7.671000000000000000e+03
7.671000000000000000e+03
7.671000000000000000e+03
2.087000000000000000e+03
1.811000000000000000e+03
2.990000000000000000e+02
1.600000000000000000e+03
1.786000000000000000e+03
1.054000000000000000e+03
3.332000000000000000e+03
2.990000000000000000e+02
1.600000000000000000e+03
1.786000000000000000e+03
2.630000000000000000e+03
2.630000000000000000e+03
2.630000000000000000e+03
2.910000000000000000e+02
2.984000000000000000e+03
2.170000000000000000e+02
2.170000000000000000e+02
1.561000000000000000e+03
1.863000000000000000e+03
1.969000000000000000e+03
2.147000000000000000e+03
2.294000000000000000e+03
2.295000000000000000e+03
2.297000000000000000e+03
2.484000000000000000e+03
2.557000000000000000e+03
2.748000000000000000e+03
8.368000000000000000e+03
1.024400000000000000e+04
4.260000000000000000e+02
7.200000000000000000e+02
1.855000000000000000e+03
2.100000000000000000e+03
2.720000000000000000e+03
3.531000000000000000e+03
1.528000000000000000e+03
1.022100000000000000e+04
2.971000000000000000e+03
3.018000000000000000e+03
4.391000000000000000e+03
1.826000000000000000e+03
5.578000000000000000e+03
9.382000000000000000e+03
9.383000000000000000e+03
9.384000000000000000e+03
9.386000000000000000e+03
4.533000000000000000e+03
4.534000000000000000e+03
4.536000000000000000e+03
4.543000000000000000e+03
4.566000000000000000e+03
4.953000000000000000e+03
4.964000000000000000e+03
7.759000000000000000e+03
7.763000000000000000e+03
1.011600000000000000e+04
1.012000000000000000e+04
1.167100000000000000e+04
1.940000000000000000e+02
1.401000000000000000e+03
1.878000000000000000e+03
2.485000000000000000e+03
8.221000000000000000e+03
2.060000000000000000e+02
1.270000000000000000e+02
1.547000000000000000e+03
1.131900000000000000e+04
4.290000000000000000e+02
9.590000000000000000e+02
1.057000000000000000e+03
8.639000000000000000e+03
8.390000000000000000e+02
5.133000000000000000e+03
5.134000000000000000e+03
3.244000000000000000e+03
7.671000000000000000e+03
7.671000000000000000e+03
7.671000000000000000e+03
7.677000000000000000e+03
8.990000000000000000e+02
4.951000000000000000e+03
8.390000000000000000e+02
5.133000000000000000e+03
5.134000000000000000e+03
8.390000000000000000e+02
5.133000000000000000e+03
5.134000000000000000e+03
8.856000000000000000e+03
1.022300000000000000e+04
9.740000000000000000e+02
1.411000000000000000e+03
2.922000000000000000e+03
8.776000000000000000e+03
4.290000000000000000e+02
8.600000000000000000e+01
8.850000000000000000e+02
8.850000000000000000e+02
4.200000000000000000e+02
7.170000000000000000e+02
1.388000000000000000e+03
2.640000000000000000e+02
6.310000000000000000e+02
7.100000000000000000e+02
9.040000000000000000e+02
1.752000000000000000e+03
1.986000000000000000e+03
2.549000000000000000e+03
2.678000000000000000e+03
2.940000000000000000e+03
2.957000000000000000e+03
3.283000000000000000e+03
3.869000000000000000e+03
4.065000000000000000e+03
4.506000000000000000e+03
4.903000000000000000e+03
5.050000000000000000e+03
5.237000000000000000e+03
5.238000000000000000e+03
5.286000000000000000e+03
6.366000000000000000e+03
8.146000000000000000e+03
1.105000000000000000e+03
1.678000000000000000e+03
3.355000000000000000e+03
4.783000000000000000e+03
6.114000000000000000e+03
6.363000000000000000e+03
2.800000000000000000e+01
8.010000000000000000e+02
8.020000000000000000e+02
6.087000000000000000e+03
6.088000000000000000e+03
2.322000000000000000e+03
1.064900000000000000e+04
8.689000000000000000e+03
1.085900000000000000e+04
2.689000000000000000e+03
4.377000000000000000e+03
6.513000000000000000e+03
1.109000000000000000e+04
2.630000000000000000e+03
1.900000000000000000e+01
2.017000000000000000e+03
2.018000000000000000e+03
2.019000000000000000e+03
2.024000000000000000e+03
7.560000000000000000e+02
7.640000000000000000e+02
2.073000000000000000e+03
3.236000000000000000e+03
4.779000000000000000e+03
3.750000000000000000e+02
3.760000000000000000e+02
3.770000000000000000e+02
3.780000000000000000e+02
1.567000000000000000e+03
2.099000000000000000e+03
8.233000000000000000e+03
2.100000000000000000e+03
1.189600000000000000e+04
9.360000000000000000e+02
9.370000000000000000e+02
9.390000000000000000e+02
9.400000000000000000e+02
2.235000000000000000e+03
2.236000000000000000e+03
1.176500000000000000e+04
2.101000000000000000e+03
4.858000000000000000e+03
4.519000000000000000e+03
5.850000000000000000e+03
5.660000000000000000e+02
