4.000000000000000000e+00
1.024500000000000000e+04
2.055000000000000000e+03
1.024700000000000000e+04
2.060000000000000000e+03
1.400000000000000000e+01
4.112000000000000000e+03
2.065000000000000000e+03
8.210000000000000000e+03
8.218000000000000000e+03
6.172000000000000000e+03
6.173000000000000000e+03
6.174000000000000000e+03
4.125000000000000000e+03
6.177000000000000000e+03
6.178000000000000000e+03
6.179000000000000000e+03
8.231000000000000000e+03
2.090000000000000000e+03
2.093000000000000000e+03
2.094000000000000000e+03
8.240000000000000000e+03
4.144000000000000000e+03
2.098000000000000000e+03
8.244000000000000000e+03
2.100000000000000000e+03
2.101000000000000000e+03
4.148000000000000000e+03
6.600000000000000000e+01
2.124000000000000000e+03
4.173000000000000000e+03
8.600000000000000000e+01
8.280000000000000000e+03
8.281000000000000000e+03
4.190000000000000000e+03
9.400000000000000000e+01
4.198000000000000000e+03
4.199000000000000000e+03
1.040000000000000000e+02
4.206000000000000000e+03
4.208000000000000000e+03
8.306000000000000000e+03
1.150000000000000000e+02
2.164000000000000000e+03
2.163000000000000000e+03
2.166000000000000000e+03
4.212000000000000000e+03
8.310000000000000000e+03
4.218000000000000000e+03
1.240000000000000000e+02
2.175000000000000000e+03
1.270000000000000000e+02
1.300000000000000000e+02
1.320000000000000000e+02
4.231000000000000000e+03
1.370000000000000000e+02
1.390000000000000000e+02
4.238000000000000000e+03
4.241000000000000000e+03
1.450000000000000000e+02
1.460000000000000000e+02
2.199000000000000000e+03
1.560000000000000000e+02
1.580000000000000000e+02
1.610000000000000000e+02
8.360000000000000000e+03
8.362000000000000000e+03
8.363000000000000000e+03
8.364000000000000000e+03
4.268000000000000000e+03
4.273000000000000000e+03
1.770000000000000000e+02
2.235000000000000000e+03
2.236000000000000000e+03
2.237000000000000000e+03
1.890000000000000000e+02
2.241000000000000000e+03
4.294000000000000000e+03
2.060000000000000000e+02
2.090000000000000000e+02
2.160000000000000000e+02
2.170000000000000000e+02
4.316000000000000000e+03
6.366000000000000000e+03
1.046300000000000000e+04
4.325000000000000000e+03
4.326000000000000000e+03
2.282000000000000000e+03
2.350000000000000000e+02
2.360000000000000000e+02
2.283000000000000000e+03
2.390000000000000000e+02
2.291000000000000000e+03
2.430000000000000000e+02
2.300000000000000000e+03
2.301000000000000000e+03
2.530000000000000000e+02
2.560000000000000000e+02
4.355000000000000000e+03
2.600000000000000000e+02
2.590000000000000000e+02
2.640000000000000000e+02
2.670000000000000000e+02
2.680000000000000000e+02
4.365000000000000000e+03
2.750000000000000000e+02
2.770000000000000000e+02
2.780000000000000000e+02
2.326000000000000000e+03
2.325000000000000000e+03
2.810000000000000000e+02
2.331000000000000000e+03
2.890000000000000000e+02
4.386000000000000000e+03
4.535000000000000000e+03
4.385000000000000000e+03
4.391000000000000000e+03
3.160000000000000000e+02
8.511000000000000000e+03
8.512000000000000000e+03
3.300000000000000000e+02
3.310000000000000000e+02
3.320000000000000000e+02
4.429000000000000000e+03
4.430000000000000000e+03
3.350000000000000000e+02
4.428000000000000000e+03
4.433000000000000000e+03
3.420000000000000000e+02
4.439000000000000000e+03
4.440000000000000000e+03
4.954000000000000000e+03
3.510000000000000000e+02
3.550000000000000000e+02
2.404000000000000000e+03
8.549000000000000000e+03
8.550000000000000000e+03
4.457000000000000000e+03
2.412000000000000000e+03
2.413000000000000000e+03
3.660000000000000000e+02
4.463000000000000000e+03
8.557000000000000000e+03
8.558000000000000000e+03
3.750000000000000000e+02
3.760000000000000000e+02
3.770000000000000000e+02
3.780000000000000000e+02
3.790000000000000000e+02
4.475000000000000000e+03
3.820000000000000000e+02
8.575000000000000000e+03
2.433000000000000000e+03
4.010000000000000000e+02
1.064500000000000000e+04
1.064600000000000000e+04
1.064700000000000000e+04
4.050000000000000000e+02
1.064800000000000000e+04
4.506000000000000000e+03
1.064900000000000000e+04
1.065000000000000000e+04
7.002000000000000000e+03
4.509000000000000000e+03
1.065100000000000000e+04
4.160000000000000000e+02
7.003000000000000000e+03
4.519000000000000000e+03
4.240000000000000000e+02
2.473000000000000000e+03
4.250000000000000000e+02
4.280000000000000000e+02
4.290000000000000000e+02
4.350000000000000000e+02
4.533000000000000000e+03
4.534000000000000000e+03
4.370000000000000000e+02
4.536000000000000000e+03
4.410000000000000000e+02
4.420000000000000000e+02
4.430000000000000000e+02
4.440000000000000000e+02
4.380000000000000000e+02
6.590000000000000000e+03
4.543000000000000000e+03
4.390000000000000000e+02
4.400000000000000000e+02
4.537000000000000000e+03
4.510000000000000000e+02
4.544000000000000000e+03
8.639000000000000000e+03
4.550000000000000000e+03
4.559000000000000000e+03
4.560000000000000000e+03
4.562000000000000000e+03
1.070700000000000000e+04
4.566000000000000000e+03
4.567000000000000000e+03
1.071200000000000000e+04
4.568000000000000000e+03
1.071600000000000000e+04
4.573000000000000000e+03
4.800000000000000000e+02
4.850000000000000000e+02
4.587000000000000000e+03
4.591000000000000000e+03
4.970000000000000000e+02
8.689000000000000000e+03
2.549000000000000000e+03
8.700000000000000000e+03
4.606000000000000000e+03
5.120000000000000000e+02
2.568000000000000000e+03
2.569000000000000000e+03
2.570000000000000000e+03
2.571000000000000000e+03
4.617000000000000000e+03
5.380000000000000000e+02
4.639000000000000000e+03
1.078300000000000000e+04
5.490000000000000000e+02
4.657000000000000000e+03
4.658000000000000000e+03
1.080600000000000000e+04
5.680000000000000000e+02
2.617000000000000000e+03
5.700000000000000000e+02
5.710000000000000000e+02
2.619000000000000000e+03
5.730000000000000000e+02
1.081300000000000000e+04
5.750000000000000000e+02
8.769000000000000000e+03
8.774000000000000000e+03
8.781000000000000000e+03
5.970000000000000000e+02
6.000000000000000000e+02
2.649000000000000000e+03
6.190000000000000000e+02
1.085900000000000000e+04
6.210000000000000000e+02
6.230000000000000000e+02
6.240000000000000000e+02
4.724000000000000000e+03
4.725000000000000000e+03
4.726000000000000000e+03
6.310000000000000000e+02
2.678000000000000000e+03
6.580000000000000000e+02
6.600000000000000000e+02
6.700000000000000000e+02
2.720000000000000000e+03
4.771000000000000000e+03
4.773000000000000000e+03
4.780000000000000000e+03
2.734000000000000000e+03
2.735000000000000000e+03
2.739000000000000000e+03
2.740000000000000000e+03
6.940000000000000000e+02
1.094800000000000000e+04
1.094900000000000000e+04
7.100000000000000000e+02
4.805000000000000000e+03
2.760000000000000000e+03
7.150000000000000000e+02
6.859000000000000000e+03
6.861000000000000000e+03
6.863000000000000000e+03
2.767000000000000000e+03
2.768000000000000000e+03
7.220000000000000000e+02
7.200000000000000000e+02
7.340000000000000000e+02
2.783000000000000000e+03
2.788000000000000000e+03
7.420000000000000000e+02
1.099100000000000000e+04
1.099300000000000000e+04
1.099400000000000000e+04
7.540000000000000000e+02
7.620000000000000000e+02
7.680000000000000000e+02
7.710000000000000000e+02
6.915000000000000000e+03
6.917000000000000000e+03
6.927000000000000000e+03
1.102400000000000000e+04
4.880000000000000000e+03
1.102900000000000000e+04
6.936000000000000000e+03
6.939000000000000000e+03
4.903000000000000000e+03
8.180000000000000000e+02
2.878000000000000000e+03
9.030000000000000000e+03
8.420000000000000000e+02
8.440000000000000000e+02
8.510000000000000000e+02
4.951000000000000000e+03
4.952000000000000000e+03
8.570000000000000000e+02
4.953000000000000000e+03
4.955000000000000000e+03
4.956000000000000000e+03
4.957000000000000000e+03
4.958000000000000000e+03
4.959000000000000000e+03
4.960000000000000000e+03
4.961000000000000000e+03
4.962000000000000000e+03
4.963000000000000000e+03
4.964000000000000000e+03
7.004000000000000000e+03
2.918000000000000000e+03
4.966000000000000000e+03
4.967000000000000000e+03
4.969000000000000000e+03
4.970000000000000000e+03
4.968000000000000000e+03
4.965000000000000000e+03
7.023000000000000000e+03
7.024000000000000000e+03
7.025000000000000000e+03
7.026000000000000000e+03
4.983000000000000000e+03
9.081000000000000000e+03
9.082000000000000000e+03
4.988000000000000000e+03
2.940000000000000000e+03
8.940000000000000000e+02
4.990000000000000000e+03
8.950000000000000000e+02
4.993000000000000000e+03
8.960000000000000000e+02
8.990000000000000000e+02
9.000000000000000000e+02
5.000000000000000000e+03
9.040000000000000000e+02
9.099000000000000000e+03
2.957000000000000000e+03
2.961000000000000000e+03
2.971000000000000000e+03
9.250000000000000000e+02
9.260000000000000000e+02
7.069000000000000000e+03
7.070000000000000000e+03
5.032000000000000000e+03
9.360000000000000000e+02
9.370000000000000000e+02
9.390000000000000000e+02
9.400000000000000000e+02
7.083000000000000000e+03
7.084000000000000000e+03
9.420000000000000000e+02
9.450000000000000000e+02
7.091000000000000000e+03
7.092000000000000000e+03
7.093000000000000000e+03
5.046000000000000000e+03
7.094000000000000000e+03
5.048000000000000000e+03
5.050000000000000000e+03
7.100000000000000000e+03
3.005000000000000000e+03
5.052000000000000000e+03
9.590000000000000000e+02
7.105000000000000000e+03
9.650000000000000000e+02
7.113000000000000000e+03
3.018000000000000000e+03
3.020000000000000000e+03
5.068000000000000000e+03
5.069000000000000000e+03
5.071000000000000000e+03
7.116000000000000000e+03
5.074000000000000000e+03
3.035000000000000000e+03
5.085000000000000000e+03
3.038000000000000000e+03
7.136000000000000000e+03
3.051000000000000000e+03
1.015000000000000000e+03
1.030000000000000000e+03
3.083000000000000000e+03
7.180000000000000000e+03
3.084000000000000000e+03
1.049000000000000000e+03
5.146000000000000000e+03
5.145000000000000000e+03
1.056000000000000000e+03
9.248000000000000000e+03
1.057000000000000000e+03
1.061000000000000000e+03
1.067000000000000000e+03
1.068000000000000000e+03
1.070000000000000000e+03
1.131200000000000000e+04
1.072000000000000000e+03
1.074000000000000000e+03
1.131900000000000000e+04
1.082000000000000000e+03
1.083000000000000000e+03
1.086000000000000000e+03
1.090000000000000000e+03
7.235000000000000000e+03
7.234000000000000000e+03
1.133500000000000000e+04
5.197000000000000000e+03
5.218000000000000000e+03
7.270000000000000000e+03
1.127000000000000000e+03
7.273000000000000000e+03
1.130000000000000000e+03
5.227000000000000000e+03
1.135000000000000000e+03
1.137000000000000000e+03
7.282000000000000000e+03
5.233000000000000000e+03
5.234000000000000000e+03
5.237000000000000000e+03
5.238000000000000000e+03
3.191000000000000000e+03
3.192000000000000000e+03
3.193000000000000000e+03
7.281000000000000000e+03
1.150000000000000000e+03
3.223000000000000000e+03
9.372000000000000000e+03
1.185000000000000000e+03
1.186000000000000000e+03
1.187000000000000000e+03
9.380000000000000000e+03
9.381000000000000000e+03
5.286000000000000000e+03
1.195000000000000000e+03
7.343000000000000000e+03
3.254000000000000000e+03
1.214000000000000000e+03
1.216000000000000000e+03
9.409000000000000000e+03
1.220000000000000000e+03
1.221000000000000000e+03
3.270000000000000000e+03
3.269000000000000000e+03
1.226000000000000000e+03
1.230000000000000000e+03
1.231000000000000000e+03
3.283000000000000000e+03
5.332000000000000000e+03
3.291000000000000000e+03
3.293000000000000000e+03
1.148500000000000000e+04
1.248000000000000000e+03
1.251000000000000000e+03
7.404000000000000000e+03
7.405000000000000000e+03
7.406000000000000000e+03
3.313000000000000000e+03
7.411000000000000000e+03
3.316000000000000000e+03
1.268000000000000000e+03
3.319000000000000000e+03
3.321000000000000000e+03
1.152800000000000000e+04
1.152900000000000000e+04
1.302000000000000000e+03
3.351000000000000000e+03
7.460000000000000000e+03
7.463000000000000000e+03
1.324000000000000000e+03
1.325000000000000000e+03
1.354000000000000000e+03
3.425000000000000000e+03
3.443000000000000000e+03
1.395000000000000000e+03
1.397000000000000000e+03
1.398000000000000000e+03
1.403000000000000000e+03
1.404000000000000000e+03
9.597000000000000000e+03
3.458000000000000000e+03
3.459000000000000000e+03
3.460000000000000000e+03
3.471000000000000000e+03
3.472000000000000000e+03
1.470000000000000000e+03
7.618000000000000000e+03
3.522000000000000000e+03
5.577000000000000000e+03
3.530000000000000000e+03
5.578000000000000000e+03
3.531000000000000000e+03
7.639000000000000000e+03
7.641000000000000000e+03
1.512000000000000000e+03
1.516000000000000000e+03
5.614000000000000000e+03
5.615000000000000000e+03
5.616000000000000000e+03
1.518000000000000000e+03
1.176500000000000000e+04
1.529000000000000000e+03
1.530000000000000000e+03
5.627000000000000000e+03
5.629000000000000000e+03
5.630000000000000000e+03
5.632000000000000000e+03
5.633000000000000000e+03
5.634000000000000000e+03
5.635000000000000000e+03
5.636000000000000000e+03
5.637000000000000000e+03
9.736000000000000000e+03
9.737000000000000000e+03
1.547000000000000000e+03
3.596000000000000000e+03
3.599000000000000000e+03
5.662000000000000000e+03
9.763000000000000000e+03
9.764000000000000000e+03
9.765000000000000000e+03
9.766000000000000000e+03
5.681000000000000000e+03
3.646000000000000000e+03
3.650000000000000000e+03
3.654000000000000000e+03
3.655000000000000000e+03
3.656000000000000000e+03
3.657000000000000000e+03
3.658000000000000000e+03
3.659000000000000000e+03
3.660000000000000000e+03
3.661000000000000000e+03
3.662000000000000000e+03
3.663000000000000000e+03
3.664000000000000000e+03
3.665000000000000000e+03
7.762000000000000000e+03
7.763000000000000000e+03
7.765000000000000000e+03
7.766000000000000000e+03
7.767000000000000000e+03
7.768000000000000000e+03
1.625000000000000000e+03
1.626000000000000000e+03
7.769000000000000000e+03
9.832000000000000000e+03
1.641000000000000000e+03
1.189300000000000000e+04
1.189400000000000000e+04
1.189500000000000000e+04
1.189600000000000000e+04
3.704000000000000000e+03
1.658000000000000000e+03
1.654000000000000000e+03
1.655000000000000000e+03
1.190500000000000000e+04
1.665000000000000000e+03
1.698000000000000000e+03
5.794000000000000000e+03
1.700000000000000000e+03
1.699000000000000000e+03
1.710000000000000000e+03
1.711000000000000000e+03
1.714000000000000000e+03
1.724000000000000000e+03
3.789000000000000000e+03
5.837000000000000000e+03
5.838000000000000000e+03
1.752000000000000000e+03
5.861000000000000000e+03
5.862000000000000000e+03
3.815000000000000000e+03
5.863000000000000000e+03
7.916000000000000000e+03
5.884000000000000000e+03
1.799000000000000000e+03
1.800000000000000000e+03
3.869000000000000000e+03
1.826000000000000000e+03
1.827000000000000000e+03
1.829000000000000000e+03
1.830000000000000000e+03
1.845000000000000000e+03
1.856000000000000000e+03
1.857000000000000000e+03
3.905000000000000000e+03
1.868000000000000000e+03
1.870000000000000000e+03
1.884000000000000000e+03
3.940000000000000000e+03
1.899000000000000000e+03
1.009200000000000000e+04
1.900000000000000000e+03
1.011500000000000000e+04
1.011600000000000000e+04
1.011700000000000000e+04
1.011800000000000000e+04
1.011900000000000000e+04
1.012000000000000000e+04
1.012100000000000000e+04
1.012200000000000000e+04
1.933000000000000000e+03
1.940000000000000000e+03
1.954000000000000000e+03
1.014700000000000000e+04
1.015900000000000000e+04
1.017700000000000000e+04
1.986000000000000000e+03
1.993000000000000000e+03
8.146000000000000000e+03
2.003000000000000000e+03
1.020500000000000000e+04
2.016000000000000000e+03
1.020900000000000000e+04
1.020800000000000000e+04
2.017000000000000000e+03
2.018000000000000000e+03
2.019000000000000000e+03
4.065000000000000000e+03
2.024000000000000000e+03
2.030000000000000000e+03
1.022300000000000000e+04
6.134000000000000000e+03
