1.580000000000000000e+02
1.771000000000000000e+03
7.767000000000000000e+03
7.768000000000000000e+03
7.766000000000000000e+03
7.769000000000000000e+03
2.291000000000000000e+03
8.701000000000000000e+03
7.234000000000000000e+03
1.224000000000000000e+03
7.168000000000000000e+03
3.084000000000000000e+03
1.068000000000000000e+03
1.070000000000000000e+03
1.829000000000000000e+03
2.568000000000000000e+03
1.133500000000000000e+04
1.133500000000000000e+04
3.750000000000000000e+02
3.760000000000000000e+02
3.770000000000000000e+02
3.780000000000000000e+02
3.650000000000000000e+03
7.460000000000000000e+03
1.152800000000000000e+04
1.152900000000000000e+04
1.194500000000000000e+04
1.080600000000000000e+04
1.400000000000000000e+01
2.090000000000000000e+02
1.699000000000000000e+03
3.270000000000000000e+03
6.000000000000000000e+00
1.400000000000000000e+01
2.260000000000000000e+02
3.050000000000000000e+03
4.672000000000000000e+03
4.673000000000000000e+03
8.648000000000000000e+03
6.000000000000000000e+00
1.400000000000000000e+01
2.260000000000000000e+02
3.050000000000000000e+03
4.672000000000000000e+03
4.673000000000000000e+03
8.648000000000000000e+03
4.428000000000000000e+03
4.535000000000000000e+03
4.537000000000000000e+03
4.544000000000000000e+03
4.568000000000000000e+03
4.954000000000000000e+03
4.965000000000000000e+03
7.764000000000000000e+03
1.011700000000000000e+04
1.012100000000000000e+04
3.750000000000000000e+02
3.760000000000000000e+02
3.770000000000000000e+02
3.780000000000000000e+02
3.750000000000000000e+02
3.760000000000000000e+02
3.770000000000000000e+02
3.780000000000000000e+02
3.655000000000000000e+03
2.035000000000000000e+03
3.750000000000000000e+02
3.760000000000000000e+02
3.770000000000000000e+02
3.780000000000000000e+02
1.056000000000000000e+03
3.750000000000000000e+02
3.760000000000000000e+02
3.770000000000000000e+02
3.780000000000000000e+02
3.658000000000000000e+03
3.750000000000000000e+02
3.760000000000000000e+02
3.770000000000000000e+02
3.780000000000000000e+02
5.970000000000000000e+02
1.064500000000000000e+04
1.064600000000000000e+04
1.064700000000000000e+04
9.725000000000000000e+03
1.122000000000000000e+03
3.750000000000000000e+02
3.760000000000000000e+02
3.770000000000000000e+02
3.780000000000000000e+02
4.350000000000000000e+02
4.410000000000000000e+02
4.420000000000000000e+02
4.430000000000000000e+02
9.382000000000000000e+03
9.383000000000000000e+03
9.384000000000000000e+03
9.386000000000000000e+03
4.558000000000000000e+03
4.558000000000000000e+03
9.597000000000000000e+03
3.660000000000000000e+03
3.654000000000000000e+03
3.654000000000000000e+03
1.071600000000000000e+04
2.560000000000000000e+02
5.750000000000000000e+02
1.395000000000000000e+03
1.094800000000000000e+04
1.094900000000000000e+04
2.560000000000000000e+02
5.750000000000000000e+02
1.395000000000000000e+03
1.094800000000000000e+04
1.094900000000000000e+04
1.194500000000000000e+04
1.194500000000000000e+04
1.194500000000000000e+04
1.194500000000000000e+04
1.194500000000000000e+04
1.194500000000000000e+04
1.194500000000000000e+04
1.194500000000000000e+04
1.194500000000000000e+04
1.194500000000000000e+04
1.194500000000000000e+04
1.015900000000000000e+04
8.701000000000000000e+03
7.234000000000000000e+03
4.405000000000000000e+03
9.365000000000000000e+03
2.649000000000000000e+03
1.954000000000000000e+03
1.086000000000000000e+03
1.064800000000000000e+04
3.820000000000000000e+02
5.578000000000000000e+03
1.827000000000000000e+03
1.067000000000000000e+03
1.641000000000000000e+03
1.830000000000000000e+03
6.590000000000000000e+03
2.734000000000000000e+03
1.014700000000000000e+04
1.714000000000000000e+03
1.071000000000000000e+03
1.158000000000000000e+03
1.163000000000000000e+03
3.012000000000000000e+03
6.940000000000000000e+02
7.340000000000000000e+02
3.243000000000000000e+03
4.640000000000000000e+03
1.528000000000000000e+03
1.022100000000000000e+04
2.918000000000000000e+03
1.826000000000000000e+03
3.663000000000000000e+03
4.198000000000000000e+03
4.199000000000000000e+03
3.656000000000000000e+03
1.049000000000000000e+03
3.150000000000000000e+02
1.353000000000000000e+03
1.466000000000000000e+03
5.086000000000000000e+03
2.090000000000000000e+02
2.569000000000000000e+03
2.090000000000000000e+02
1.221000000000000000e+03
1.698000000000000000e+03
3.815000000000000000e+03
7.618000000000000000e+03
8.549000000000000000e+03
4.365000000000000000e+03
3.661000000000000000e+03
3.646000000000000000e+03
1.625000000000000000e+03
8.700000000000000000e+03
1.404000000000000000e+03
4.429000000000000000e+03
4.430000000000000000e+03
4.724000000000000000e+03
4.725000000000000000e+03
4.955000000000000000e+03
4.956000000000000000e+03
4.958000000000000000e+03
4.959000000000000000e+03
4.961000000000000000e+03
4.962000000000000000e+03
4.966000000000000000e+03
4.967000000000000000e+03
4.969000000000000000e+03
4.970000000000000000e+03
7.765000000000000000e+03
1.011800000000000000e+04
1.012200000000000000e+04
1.167100000000000000e+04
1.185000000000000000e+03
1.186000000000000000e+03
1.187000000000000000e+03
9.450000000000000000e+02
9.099000000000000000e+03
1.061000000000000000e+03
6.210000000000000000e+02
1.933000000000000000e+03
1.940000000000000000e+03
3.316000000000000000e+03
8.549000000000000000e+03
2.570000000000000000e+03
2.571000000000000000e+03
8.549000000000000000e+03
1.518000000000000000e+03
7.560000000000000000e+02
3.236000000000000000e+03
3.237000000000000000e+03
3.238000000000000000e+03
3.239000000000000000e+03
4.779000000000000000e+03
1.015000000000000000e+03
3.460000000000000000e+03
4.173000000000000000e+03
5.085000000000000000e+03
3.662000000000000000e+03
8.218000000000000000e+03
2.016000000000000000e+03
3.596000000000000000e+03
9.372000000000000000e+03
5.577000000000000000e+03
2.000000000000000000e+02
4.300000000000000000e+02
1.138000000000000000e+03
1.858000000000000000e+03
2.320000000000000000e+03
8.350000000000000000e+02
2.736000000000000000e+03
1.090700000000000000e+04
1.626000000000000000e+03
1.167100000000000000e+04
4.533000000000000000e+03
4.534000000000000000e+03
4.536000000000000000e+03
4.543000000000000000e+03
4.566000000000000000e+03
4.953000000000000000e+03
4.964000000000000000e+03
7.759000000000000000e+03
7.763000000000000000e+03
1.011600000000000000e+04
1.012000000000000000e+04
1.167100000000000000e+04
3.648000000000000000e+03
3.665000000000000000e+03
1.398000000000000000e+03
4.370000000000000000e+02
4.380000000000000000e+02
4.390000000000000000e+02
4.400000000000000000e+02
3.038000000000000000e+03
3.652000000000000000e+03
6.580000000000000000e+02
4.510000000000000000e+02
3.657000000000000000e+03
1.512000000000000000e+03
1.270000000000000000e+02
1.547000000000000000e+03
1.131900000000000000e+04
2.413000000000000000e+03
3.940000000000000000e+03
3.664000000000000000e+03
1.529000000000000000e+03
3.083000000000000000e+03
2.412000000000000000e+03
2.100000000000000000e+03
1.189600000000000000e+04
2.739000000000000000e+03
2.740000000000000000e+03
3.321000000000000000e+03
2.735000000000000000e+03
3.051000000000000000e+03
4.439000000000000000e+03
4.440000000000000000e+03
5.068000000000000000e+03
5.069000000000000000e+03
5.071000000000000000e+03
1.209000000000000000e+03
4.441000000000000000e+03
5.070000000000000000e+03
4.350000000000000000e+02
4.410000000000000000e+02
4.420000000000000000e+02
4.430000000000000000e+02
4.355000000000000000e+03
4.726000000000000000e+03
4.952000000000000000e+03
4.957000000000000000e+03
4.960000000000000000e+03
4.963000000000000000e+03
4.968000000000000000e+03
7.762000000000000000e+03
1.011500000000000000e+04
1.011900000000000000e+04
4.350000000000000000e+02
4.410000000000000000e+02
4.420000000000000000e+02
4.430000000000000000e+02
3.659000000000000000e+03
4.773000000000000000e+03
3.660000000000000000e+03
1.022300000000000000e+04
4.035000000000000000e+03
4.037000000000000000e+03
1.220000000000000000e+03
1.655000000000000000e+03
3.013000000000000000e+03
3.457000000000000000e+03
1.194500000000000000e+04
4.800000000000000000e+02
1.773000000000000000e+03
1.775000000000000000e+03
6.910000000000000000e+02
1.373000000000000000e+03
1.715000000000000000e+03
3.896000000000000000e+03
3.898000000000000000e+03
3.968000000000000000e+03
4.001000000000000000e+03
8.620000000000000000e+03
8.624000000000000000e+03
8.628000000000000000e+03
8.634000000000000000e+03
8.641000000000000000e+03
8.645000000000000000e+03
1.017000000000000000e+04
7.411000000000000000e+03
1.213000000000000000e+03
