9.590000000000000000e+02
1.057000000000000000e+03
8.639000000000000000e+03
6.230000000000000000e+02
7.540000000000000000e+02
2.124000000000000000e+03
4.805000000000000000e+03
4.880000000000000000e+03
5.233000000000000000e+03
5.234000000000000000e+03
6.917000000000000000e+03
6.927000000000000000e+03
7.105000000000000000e+03
8.281000000000000000e+03
8.306000000000000000e+03
8.310000000000000000e+03
2.300000000000000000e+02
9.210000000000000000e+02
4.260000000000000000e+02
7.200000000000000000e+02
1.855000000000000000e+03
2.100000000000000000e+03
2.720000000000000000e+03
3.531000000000000000e+03
1.280000000000000000e+03
2.412000000000000000e+03
3.083000000000000000e+03
1.280000000000000000e+03
2.600000000000000000e+01
2.558000000000000000e+03
2.887000000000000000e+03
2.985000000000000000e+03
3.527000000000000000e+03
4.949000000000000000e+03
4.998000000000000000e+03
1.003500000000000000e+04
1.003900000000000000e+04
1.004000000000000000e+04
1.170200000000000000e+04
1.801000000000000000e+03
3.663000000000000000e+03
1.071000000000000000e+03
4.035000000000000000e+03
1.529000000000000000e+03
6.740000000000000000e+02
2.340000000000000000e+03
2.722000000000000000e+03
6.740000000000000000e+02
2.340000000000000000e+03
2.722000000000000000e+03
9.850000000000000000e+02
9.860000000000000000e+02
4.037000000000000000e+03
1.049000000000000000e+03
1.370000000000000000e+02
3.005000000000000000e+03
1.466000000000000000e+03
5.086000000000000000e+03
3.313000000000000000e+03
9.450000000000000000e+02
9.099000000000000000e+03
2.918000000000000000e+03
1.086000000000000000e+03
1.954000000000000000e+03
1.398000000000000000e+03
2.649000000000000000e+03
2.590000000000000000e+02
2.282000000000000000e+03
3.443000000000000000e+03
3.660000000000000000e+03
3.660000000000000000e+03
2.090000000000000000e+02
1.221000000000000000e+03
1.698000000000000000e+03
3.815000000000000000e+03
7.618000000000000000e+03
8.549000000000000000e+03
4.558000000000000000e+03
1.799000000000000000e+03
1.580000000000000000e+02
1.130000000000000000e+03
8.240000000000000000e+03
2.670000000000000000e+02
2.680000000000000000e+02
1.899000000000000000e+03
1.064800000000000000e+04
3.750000000000000000e+02
3.760000000000000000e+02
3.770000000000000000e+02
3.780000000000000000e+02
3.657000000000000000e+03
1.518000000000000000e+03
1.040000000000000000e+02
4.160000000000000000e+02
5.332000000000000000e+03
2.530000000000000000e+02
3.820000000000000000e+02
1.820000000000000000e+02
5.100000000000000000e+02
2.187000000000000000e+03
2.189000000000000000e+03
2.133000000000000000e+03
9.993000000000000000e+03
9.080000000000000000e+02
1.648000000000000000e+03
4.188000000000000000e+03
2.111000000000000000e+03
4.260000000000000000e+02
7.200000000000000000e+02
1.855000000000000000e+03
2.100000000000000000e+03
2.720000000000000000e+03
3.531000000000000000e+03
2.800000000000000000e+01
8.010000000000000000e+02
8.020000000000000000e+02
6.087000000000000000e+03
6.088000000000000000e+03
1.101000000000000000e+03
1.103000000000000000e+03
1.104000000000000000e+03
1.194000000000000000e+03
1.329000000000000000e+03
2.926000000000000000e+03
3.634000000000000000e+03
4.019000000000000000e+03
4.470000000000000000e+03
5.549000000000000000e+03
5.961000000000000000e+03
6.091000000000000000e+03
1.083000000000000000e+03
4.559000000000000000e+03
3.655000000000000000e+03
5.577000000000000000e+03
1.528000000000000000e+03
1.022100000000000000e+04
2.035000000000000000e+03
8.350000000000000000e+02
2.736000000000000000e+03
1.090700000000000000e+04
8.871000000000000000e+03
8.938000000000000000e+03
6.580000000000000000e+02
2.200000000000000000e+02
5.900000000000000000e+02
2.110000000000000000e+03
1.740000000000000000e+02
1.909000000000000000e+03
2.493000000000000000e+03
1.287000000000000000e+03
4.859000000000000000e+03
1.248000000000000000e+03
1.251000000000000000e+03
3.291000000000000000e+03
3.293000000000000000e+03
2.164000000000000000e+03
2.164000000000000000e+03
1.090000000000000000e+03
1.214000000000000000e+03
2.199000000000000000e+03
1.099100000000000000e+04
9.300000000000000000e+01
1.140000000000000000e+02
2.480000000000000000e+02
9.300000000000000000e+01
1.140000000000000000e+02
2.480000000000000000e+02
4.405000000000000000e+03
9.365000000000000000e+03
1.397000000000000000e+03
1.397000000000000000e+03
1.993000000000000000e+03
9.650000000000000000e+02
1.870000000000000000e+03
2.797000000000000000e+03
3.975000000000000000e+03
3.977000000000000000e+03
4.486000000000000000e+03
4.487000000000000000e+03
5.835000000000000000e+03
2.413000000000000000e+03
1.512000000000000000e+03
1.015000000000000000e+03
1.827000000000000000e+03
1.067000000000000000e+03
1.641000000000000000e+03
1.830000000000000000e+03
6.590000000000000000e+03
5.627000000000000000e+03
1.334000000000000000e+03
2.890000000000000000e+02
1.127000000000000000e+03
4.560000000000000000e+03
4.050000000000000000e+02
2.404000000000000000e+03
4.050000000000000000e+02
2.404000000000000000e+03
1.900000000000000000e+02
1.229000000000000000e+03
4.378000000000000000e+03
5.637000000000000000e+03
1.220000000000000000e+03
1.655000000000000000e+03
1.300000000000000000e+02
2.000000000000000000e+02
4.300000000000000000e+02
1.138000000000000000e+03
1.858000000000000000e+03
2.320000000000000000e+03
3.750000000000000000e+02
3.760000000000000000e+02
3.770000000000000000e+02
3.780000000000000000e+02
2.600000000000000000e+01
2.558000000000000000e+03
2.887000000000000000e+03
2.985000000000000000e+03
3.527000000000000000e+03
4.949000000000000000e+03
4.998000000000000000e+03
1.003500000000000000e+04
1.003900000000000000e+04
1.004000000000000000e+04
3.750000000000000000e+02
3.760000000000000000e+02
3.770000000000000000e+02
3.780000000000000000e+02
3.460000000000000000e+03
1.230000000000000000e+03
1.231000000000000000e+03
8.244000000000000000e+03
3.150000000000000000e+02
1.353000000000000000e+03
1.229000000000000000e+03
2.142000000000000000e+03
3.038000000000000000e+03
1.714000000000000000e+03
3.084000000000000000e+03
5.710000000000000000e+02
5.730000000000000000e+02
3.599000000000000000e+03
1.152800000000000000e+04
9.480000000000000000e+02
1.120000000000000000e+02
1.120000000000000000e+02
1.120000000000000000e+02
2.133000000000000000e+03
9.993000000000000000e+03
5.820000000000000000e+02
7.420000000000000000e+02
1.859000000000000000e+03
4.385000000000000000e+03
3.658000000000000000e+03
5.617000000000000000e+03
6.858000000000000000e+03
1.075700000000000000e+04
1.518000000000000000e+03
1.819000000000000000e+03
4.173000000000000000e+03
5.085000000000000000e+03
2.101000000000000000e+03
9.360000000000000000e+02
9.370000000000000000e+02
9.390000000000000000e+02
9.400000000000000000e+02
2.235000000000000000e+03
2.236000000000000000e+03
1.176500000000000000e+04
1.781000000000000000e+03
2.257000000000000000e+03
9.597000000000000000e+03
1.900000000000000000e+02
1.132000000000000000e+03
1.229000000000000000e+03
2.142000000000000000e+03
8.237000000000000000e+03
8.238000000000000000e+03
8.245000000000000000e+03
4.280000000000000000e+02
4.639000000000000000e+03
5.046000000000000000e+03
5.048000000000000000e+03
3.066000000000000000e+03
3.067000000000000000e+03
1.287000000000000000e+03
4.859000000000000000e+03
8.780000000000000000e+02
1.432000000000000000e+03
1.639000000000000000e+03
3.051000000000000000e+03
4.439000000000000000e+03
4.440000000000000000e+03
5.068000000000000000e+03
5.069000000000000000e+03
5.071000000000000000e+03
3.051000000000000000e+03
4.439000000000000000e+03
4.440000000000000000e+03
5.068000000000000000e+03
5.069000000000000000e+03
5.071000000000000000e+03
2.600000000000000000e+01
2.558000000000000000e+03
2.887000000000000000e+03
2.985000000000000000e+03
3.527000000000000000e+03
4.949000000000000000e+03
4.998000000000000000e+03
1.003500000000000000e+04
1.003900000000000000e+04
1.004000000000000000e+04
9.660000000000000000e+02
3.750000000000000000e+02
3.760000000000000000e+02
3.770000000000000000e+02
3.780000000000000000e+02
4.800000000000000000e+02
4.800000000000000000e+02
2.291000000000000000e+03
1.213000000000000000e+03
7.324000000000000000e+03
5.050000000000000000e+02
9.009000000000000000e+03
2.094000000000000000e+03
2.098000000000000000e+03
3.750000000000000000e+02
3.760000000000000000e+02
3.770000000000000000e+02
3.780000000000000000e+02
9.430000000000000000e+02
5.578000000000000000e+03
3.896000000000000000e+03
3.898000000000000000e+03
3.968000000000000000e+03
4.001000000000000000e+03
8.620000000000000000e+03
8.624000000000000000e+03
8.628000000000000000e+03
8.634000000000000000e+03
8.641000000000000000e+03
8.645000000000000000e+03
1.017000000000000000e+04
3.896000000000000000e+03
3.898000000000000000e+03
3.968000000000000000e+03
4.001000000000000000e+03
1.017000000000000000e+04
6.600000000000000000e+02
8.420000000000000000e+02
8.440000000000000000e+02
1.150000000000000000e+03
1.737000000000000000e+03
5.970000000000000000e+02
4.900000000000000000e+02
3.650000000000000000e+03
6.000000000000000000e+00
1.400000000000000000e+01
2.260000000000000000e+02
3.050000000000000000e+03
4.672000000000000000e+03
4.673000000000000000e+03
8.648000000000000000e+03
6.000000000000000000e+00
1.400000000000000000e+01
2.260000000000000000e+02
3.050000000000000000e+03
4.672000000000000000e+03
4.673000000000000000e+03
8.648000000000000000e+03
3.035000000000000000e+03
1.724000000000000000e+03
4.370000000000000000e+02
4.380000000000000000e+02
4.390000000000000000e+02
4.400000000000000000e+02
1.826000000000000000e+03
1.826000000000000000e+03
1.940000000000000000e+02
1.401000000000000000e+03
5.636000000000000000e+03
7.405000000000000000e+03
7.404000000000000000e+03
4.144000000000000000e+03
4.208000000000000000e+03
1.072000000000000000e+03
4.463000000000000000e+03
4.591000000000000000e+03
4.325000000000000000e+03
4.326000000000000000e+03
7.510000000000000000e+02
6.171000000000000000e+03
2.560000000000000000e+02
5.750000000000000000e+02
1.395000000000000000e+03
1.094800000000000000e+04
1.094900000000000000e+04
2.560000000000000000e+02
5.750000000000000000e+02
1.395000000000000000e+03
1.094800000000000000e+04
1.094900000000000000e+04
9.650000000000000000e+02
3.320000000000000000e+02
2.090000000000000000e+03
1.209000000000000000e+03
4.441000000000000000e+03
5.070000000000000000e+03
4.350000000000000000e+02
4.410000000000000000e+02
4.420000000000000000e+02
4.430000000000000000e+02
1.770000000000000000e+02
4.771000000000000000e+03
3.940000000000000000e+03
1.185000000000000000e+03
1.186000000000000000e+03
1.187000000000000000e+03
3.750000000000000000e+02
3.760000000000000000e+02
3.770000000000000000e+02
3.780000000000000000e+02
2.480000000000000000e+02
1.541000000000000000e+03
5.339000000000000000e+03
9.780000000000000000e+03
1.320000000000000000e+02
1.009200000000000000e+04
3.450000000000000000e+02
3.664000000000000000e+03
2.111000000000000000e+03
3.789000000000000000e+03
1.020900000000000000e+04
4.850000000000000000e+02
1.015900000000000000e+04
6.540000000000000000e+02
4.770000000000000000e+03
3.191000000000000000e+03
3.192000000000000000e+03
3.662000000000000000e+03
8.218000000000000000e+03
1.080600000000000000e+04
1.130000000000000000e+03
8.240000000000000000e+03
3.661000000000000000e+03
3.510000000000000000e+02
7.680000000000000000e+02
1.105000000000000000e+03
2.971000000000000000e+03
3.018000000000000000e+03
4.391000000000000000e+03
3.269000000000000000e+03
4.231000000000000000e+03
8.910000000000000000e+02
1.290000000000000000e+03
4.942000000000000000e+03
1.291000000000000000e+03
4.010000000000000000e+02
1.856000000000000000e+03
2.472000000000000000e+03
7.396000000000000000e+03
1.068000000000000000e+03
1.070000000000000000e+03
1.829000000000000000e+03
2.568000000000000000e+03
1.135000000000000000e+03
5.553000000000000000e+03
8.030000000000000000e+02
1.024700000000000000e+04
7.459000000000000000e+03
8.247000000000000000e+03
3.550000000000000000e+02
6.940000000000000000e+02
7.340000000000000000e+02
8.960000000000000000e+02
2.433000000000000000e+03
2.619000000000000000e+03
5.052000000000000000e+03
1.528000000000000000e+03
1.022100000000000000e+04
2.739000000000000000e+03
2.740000000000000000e+03
3.321000000000000000e+03
2.734000000000000000e+03
2.390000000000000000e+02
1.074000000000000000e+03
5.145000000000000000e+03
1.624000000000000000e+03
1.626000000000000000e+03
4.355000000000000000e+03
4.428000000000000000e+03
4.429000000000000000e+03
4.533000000000000000e+03
4.534000000000000000e+03
4.535000000000000000e+03
4.536000000000000000e+03
4.537000000000000000e+03
4.543000000000000000e+03
4.544000000000000000e+03
4.566000000000000000e+03
4.568000000000000000e+03
4.724000000000000000e+03
4.726000000000000000e+03
4.952000000000000000e+03
4.953000000000000000e+03
4.954000000000000000e+03
4.955000000000000000e+03
4.957000000000000000e+03
4.958000000000000000e+03
4.960000000000000000e+03
4.961000000000000000e+03
4.963000000000000000e+03
4.964000000000000000e+03
4.965000000000000000e+03
4.966000000000000000e+03
4.968000000000000000e+03
4.969000000000000000e+03
7.762000000000000000e+03
7.763000000000000000e+03
7.764000000000000000e+03
7.765000000000000000e+03
1.070000000000000000e+04
1.625000000000000000e+03
5.196000000000000000e+03
1.270000000000000000e+02
1.547000000000000000e+03
1.131900000000000000e+04
4.350000000000000000e+02
4.410000000000000000e+02
4.420000000000000000e+02
4.430000000000000000e+02
1.610000000000000000e+02
5.490000000000000000e+02
1.920000000000000000e+02
4.936000000000000000e+03
1.056000000000000000e+03
1.823000000000000000e+03
2.600000000000000000e+01
2.558000000000000000e+03
2.887000000000000000e+03
2.985000000000000000e+03
3.527000000000000000e+03
4.949000000000000000e+03
4.998000000000000000e+03
1.003500000000000000e+04
1.003900000000000000e+04
1.004000000000000000e+04
8.850000000000000000e+02
1.658000000000000000e+03
2.003000000000000000e+03
2.061000000000000000e+03
4.198000000000000000e+03
4.199000000000000000e+03
1.268000000000000000e+03
1.224000000000000000e+03
7.168000000000000000e+03
2.280000000000000000e+02
6.230000000000000000e+02
7.540000000000000000e+02
1.172000000000000000e+03
4.880000000000000000e+03
5.233000000000000000e+03
5.234000000000000000e+03
6.917000000000000000e+03
6.927000000000000000e+03
1.644000000000000000e+03
9.420000000000000000e+02
2.237000000000000000e+03
4.241000000000000000e+03
2.610000000000000000e+02
4.890000000000000000e+02
1.682000000000000000e+03
2.466000000000000000e+03
5.196000000000000000e+03
2.200000000000000000e+02
9.960000000000000000e+02
5.680000000000000000e+02
2.325000000000000000e+03
7.420000000000000000e+02
1.859000000000000000e+03
4.385000000000000000e+03
1.560000000000000000e+03
2.556000000000000000e+03
1.976000000000000000e+03
5.576000000000000000e+03
6.941000000000000000e+03
3.750000000000000000e+02
3.760000000000000000e+02
3.770000000000000000e+02
3.780000000000000000e+02
4.710000000000000000e+03
2.120000000000000000e+02
6.987000000000000000e+03
8.572000000000000000e+03
2.570000000000000000e+02
2.100000000000000000e+03
1.189600000000000000e+04
2.600000000000000000e+01
2.558000000000000000e+03
2.887000000000000000e+03
2.985000000000000000e+03
3.527000000000000000e+03
4.949000000000000000e+03
4.998000000000000000e+03
1.003500000000000000e+04
1.003900000000000000e+04
1.004000000000000000e+04
1.071600000000000000e+04
5.634000000000000000e+03
6.000000000000000000e+00
1.400000000000000000e+01
2.260000000000000000e+02
3.050000000000000000e+03
4.672000000000000000e+03
4.673000000000000000e+03
8.648000000000000000e+03
2.016000000000000000e+03
3.596000000000000000e+03
9.372000000000000000e+03
2.241000000000000000e+03
9.381000000000000000e+03
1.073000000000000000e+03
2.322000000000000000e+03
1.801000000000000000e+03
1.122000000000000000e+03
1.324000000000000000e+03
1.325000000000000000e+03
1.900000000000000000e+03
7.130000000000000000e+02
7.140000000000000000e+02
2.401000000000000000e+03
1.105000000000000000e+03
2.600000000000000000e+01
2.558000000000000000e+03
2.887000000000000000e+03
2.985000000000000000e+03
3.527000000000000000e+03
4.949000000000000000e+03
4.998000000000000000e+03
1.003500000000000000e+04
1.003900000000000000e+04
1.004000000000000000e+04
8.010000000000000000e+02
8.020000000000000000e+02
2.410000000000000000e+03
3.635000000000000000e+03
3.921000000000000000e+03
6.088000000000000000e+03
4.858000000000000000e+03
5.780000000000000000e+02
1.061000000000000000e+03
5.884000000000000000e+03
8.210000000000000000e+03
2.788000000000000000e+03
2.788000000000000000e+03
7.600000000000000000e+02
8.670000000000000000e+02
3.920000000000000000e+03
3.193000000000000000e+03
5.032000000000000000e+03
5.662000000000000000e+03
2.783000000000000000e+03
5.629000000000000000e+03
5.630000000000000000e+03
4.573000000000000000e+03
4.617000000000000000e+03
2.530000000000000000e+02
1.777000000000000000e+03
1.908000000000000000e+03
3.665000000000000000e+03
3.905000000000000000e+03
4.212000000000000000e+03
3.905000000000000000e+03
4.212000000000000000e+03
3.905000000000000000e+03
4.212000000000000000e+03
5.578000000000000000e+03
1.049000000000000000e+03
1.051000000000000000e+03
2.750000000000000000e+03
2.860000000000000000e+02
5.633000000000000000e+03
2.059000000000000000e+03
1.478000000000000000e+03
4.979000000000000000e+03
7.818000000000000000e+03
8.127000000000000000e+03
8.260000000000000000e+03
1.083000000000000000e+04
3.659000000000000000e+03
4.773000000000000000e+03
4.910000000000000000e+02
4.558000000000000000e+03
3.457000000000000000e+03
6.940000000000000000e+02
7.340000000000000000e+02
3.243000000000000000e+03
1.158000000000000000e+03
1.163000000000000000e+03
3.012000000000000000e+03
3.750000000000000000e+02
3.760000000000000000e+02
3.770000000000000000e+02
3.780000000000000000e+02
3.654000000000000000e+03
4.448000000000000000e+03
3.472000000000000000e+03
8.010000000000000000e+02
8.020000000000000000e+02
2.410000000000000000e+03
3.635000000000000000e+03
3.921000000000000000e+03
6.088000000000000000e+03
6.447000000000000000e+03
5.688000000000000000e+03
1.880000000000000000e+02
1.118800000000000000e+04
2.735000000000000000e+03
2.600000000000000000e+02
8.940000000000000000e+02
1.099300000000000000e+04
4.710000000000000000e+03
2.328000000000000000e+03
6.513000000000000000e+03
8.165000000000000000e+03
1.105000000000000000e+03
7.456000000000000000e+03
7.456000000000000000e+03
1.245000000000000000e+03
1.677000000000000000e+03
1.770000000000000000e+03
2.137000000000000000e+03
1.761000000000000000e+03
1.771000000000000000e+03
1.773000000000000000e+03
1.775000000000000000e+03
4.510000000000000000e+02
3.646000000000000000e+03
3.656000000000000000e+03
2.600000000000000000e+01
2.558000000000000000e+03
2.887000000000000000e+03
2.985000000000000000e+03
3.527000000000000000e+03
4.949000000000000000e+03
4.998000000000000000e+03
1.003500000000000000e+04
1.003900000000000000e+04
1.004000000000000000e+04
2.600000000000000000e+01
2.558000000000000000e+03
2.887000000000000000e+03
2.985000000000000000e+03
3.527000000000000000e+03
4.949000000000000000e+03
4.998000000000000000e+03
1.003500000000000000e+04
1.003900000000000000e+04
1.004000000000000000e+04
2.600000000000000000e+01
2.558000000000000000e+03
2.887000000000000000e+03
2.985000000000000000e+03
3.527000000000000000e+03
4.949000000000000000e+03
4.998000000000000000e+03
1.003500000000000000e+04
1.003900000000000000e+04
1.004000000000000000e+04
1.498000000000000000e+03
2.060000000000000000e+03
8.990000000000000000e+02
4.951000000000000000e+03
1.014700000000000000e+04
4.350000000000000000e+02
4.410000000000000000e+02
4.420000000000000000e+02
4.430000000000000000e+02
4.350000000000000000e+02
4.410000000000000000e+02
4.420000000000000000e+02
4.430000000000000000e+02
1.092000000000000000e+03
1.867000000000000000e+03
7.770000000000000000e+03
7.771000000000000000e+03
1.114300000000000000e+04
9.940000000000000000e+02
4.426000000000000000e+03
1.005200000000000000e+04
1.221000000000000000e+03
1.030000000000000000e+02
3.004000000000000000e+03
1.110400000000000000e+04
5.860000000000000000e+02
1.716000000000000000e+03
2.910000000000000000e+02
2.984000000000000000e+03
3.503000000000000000e+03
3.504000000000000000e+03
3.576000000000000000e+03
6.230000000000000000e+02
7.540000000000000000e+02
2.124000000000000000e+03
4.880000000000000000e+03
5.233000000000000000e+03
5.234000000000000000e+03
6.917000000000000000e+03
6.927000000000000000e+03
7.105000000000000000e+03
8.281000000000000000e+03
8.306000000000000000e+03
8.310000000000000000e+03
1.762000000000000000e+03
3.471000000000000000e+03
4.509000000000000000e+03
1.557000000000000000e+03
2.108000000000000000e+03
2.112000000000000000e+03
1.126200000000000000e+04
6.190000000000000000e+02
1.120700000000000000e+04
1.513000000000000000e+03
1.105000000000000000e+03
3.420000000000000000e+02
7.136000000000000000e+03
4.290000000000000000e+02
1.715000000000000000e+03
4.519000000000000000e+03
5.338000000000000000e+03
2.283000000000000000e+03
4.475000000000000000e+03
7.820000000000000000e+02
1.286000000000000000e+03
2.408000000000000000e+03
4.941000000000000000e+03
2.600000000000000000e+01
2.558000000000000000e+03
2.887000000000000000e+03
2.985000000000000000e+03
3.527000000000000000e+03
4.949000000000000000e+03
4.998000000000000000e+03
1.003500000000000000e+04
1.003900000000000000e+04
1.004000000000000000e+04
1.101000000000000000e+03
1.103000000000000000e+03
1.104000000000000000e+03
1.194000000000000000e+03
1.329000000000000000e+03
2.926000000000000000e+03
3.634000000000000000e+03
4.019000000000000000e+03
4.470000000000000000e+03
5.549000000000000000e+03
5.961000000000000000e+03
6.091000000000000000e+03
1.101000000000000000e+03
1.103000000000000000e+03
1.104000000000000000e+03
1.194000000000000000e+03
1.329000000000000000e+03
2.926000000000000000e+03
3.634000000000000000e+03
4.019000000000000000e+03
4.470000000000000000e+03
5.549000000000000000e+03
5.961000000000000000e+03
6.091000000000000000e+03
1.101000000000000000e+03
1.103000000000000000e+03
1.104000000000000000e+03
1.194000000000000000e+03
1.329000000000000000e+03
2.926000000000000000e+03
3.634000000000000000e+03
4.019000000000000000e+03
4.470000000000000000e+03
5.549000000000000000e+03
5.961000000000000000e+03
6.091000000000000000e+03
2.135000000000000000e+03
4.620000000000000000e+03
2.580000000000000000e+02
1.215000000000000000e+03
6.200000000000000000e+03
1.130700000000000000e+04
1.130800000000000000e+04
1.105000000000000000e+03
1.678000000000000000e+03
3.355000000000000000e+03
4.783000000000000000e+03
6.114000000000000000e+03
2.301000000000000000e+03
1.054000000000000000e+03
9.550000000000000000e+02
7.820000000000000000e+02
1.286000000000000000e+03
2.408000000000000000e+03
4.941000000000000000e+03
4.365000000000000000e+03
1.433000000000000000e+03
5.287000000000000000e+03
9.990000000000000000e+02
1.288000000000000000e+03
2.508000000000000000e+03
3.217000000000000000e+03
3.260000000000000000e+03
4.944000000000000000e+03
4.945000000000000000e+03
4.946000000000000000e+03
9.990000000000000000e+02
1.288000000000000000e+03
2.508000000000000000e+03
3.217000000000000000e+03
3.260000000000000000e+03
4.944000000000000000e+03
4.945000000000000000e+03
4.946000000000000000e+03
1.009000000000000000e+03
1.728000000000000000e+03
2.800000000000000000e+01
8.010000000000000000e+02
8.020000000000000000e+02
6.087000000000000000e+03
6.088000000000000000e+03
4.640000000000000000e+03
3.509000000000000000e+03
3.409000000000000000e+03
1.064500000000000000e+04
1.064600000000000000e+04
1.064700000000000000e+04
2.111000000000000000e+03
1.542000000000000000e+03
1.433000000000000000e+03
1.280000000000000000e+03
1.105000000000000000e+03
1.678000000000000000e+03
3.355000000000000000e+03
4.783000000000000000e+03
6.114000000000000000e+03
8.010000000000000000e+02
1.718000000000000000e+03
1.791000000000000000e+03
6.199000000000000000e+03
1.557000000000000000e+03
2.108000000000000000e+03
2.112000000000000000e+03
1.126200000000000000e+04
3.470000000000000000e+03
2.250000000000000000e+03
2.687000000000000000e+03
1.280000000000000000e+03
7.234000000000000000e+03
3.409000000000000000e+03
6.910000000000000000e+02
1.373000000000000000e+03
1.715000000000000000e+03
9.994000000000000000e+03
2.421000000000000000e+03
1.153000000000000000e+04
1.101000000000000000e+03
1.103000000000000000e+03
1.104000000000000000e+03
1.194000000000000000e+03
1.329000000000000000e+03
2.926000000000000000e+03
3.634000000000000000e+03
4.019000000000000000e+03
4.470000000000000000e+03
5.549000000000000000e+03
5.961000000000000000e+03
6.091000000000000000e+03
1.433000000000000000e+03
1.762000000000000000e+03
6.200000000000000000e+03
1.130700000000000000e+04
1.130800000000000000e+04
2.600000000000000000e+01
2.558000000000000000e+03
2.887000000000000000e+03
2.985000000000000000e+03
3.527000000000000000e+03
4.949000000000000000e+03
4.998000000000000000e+03
1.003500000000000000e+04
1.003900000000000000e+04
1.004000000000000000e+04
8.856000000000000000e+03
9.031000000000000000e+03
1.332000000000000000e+03
8.600000000000000000e+01
1.869000000000000000e+03
5.633000000000000000e+03
9.520000000000000000e+02
9.995000000000000000e+03
1.126100000000000000e+04
8.689000000000000000e+03
1.085900000000000000e+04
4.290000000000000000e+02
7.610000000000000000e+02
1.621000000000000000e+03
1.245000000000000000e+03
1.273000000000000000e+03
1.677000000000000000e+03
1.770000000000000000e+03
2.143000000000000000e+03
2.964000000000000000e+03
3.643000000000000000e+03
3.816000000000000000e+03
1.602000000000000000e+03
1.061900000000000000e+04
2.030000000000000000e+03
9.995000000000000000e+03
1.126100000000000000e+04
2.283000000000000000e+03
4.475000000000000000e+03
1.163300000000000000e+04
1.163400000000000000e+04
1.163500000000000000e+04
1.163600000000000000e+04
1.107400000000000000e+04
5.850000000000000000e+03
4.072000000000000000e+03
7.620000000000000000e+03
1.139900000000000000e+04
