1.024400000000000000e+04
1.024500000000000000e+04
6.000000000000000000e+00
1.024700000000000000e+04
4.000000000000000000e+00
9.000000000000000000e+00
8.198000000000000000e+03
2.059000000000000000e+03
2.060000000000000000e+03
4.109000000000000000e+03
1.400000000000000000e+01
2.061000000000000000e+03
4.112000000000000000e+03
8.210000000000000000e+03
2.200000000000000000e+01
4.120000000000000000e+03
2.500000000000000000e+01
8.218000000000000000e+03
2.600000000000000000e+01
6.172000000000000000e+03
6.173000000000000000e+03
6.174000000000000000e+03
4.125000000000000000e+03
2.073000000000000000e+03
1.026700000000000000e+04
1.026800000000000000e+04
3.600000000000000000e+01
8.231000000000000000e+03
2.088000000000000000e+03
6.185000000000000000e+03
6.186000000000000000e+03
2.090000000000000000e+03
4.137000000000000000e+03
8.237000000000000000e+03
8.238000000000000000e+03
2.093000000000000000e+03
8.240000000000000000e+03
4.144000000000000000e+03
2.098000000000000000e+03
2.094000000000000000e+03
8.244000000000000000e+03
2.101000000000000000e+03
2.102000000000000000e+03
8.245000000000000000e+03
2.100000000000000000e+03
4.148000000000000000e+03
4.150000000000000000e+03
1.030100000000000000e+04
2.110000000000000000e+03
2.111000000000000000e+03
6.600000000000000000e+01
4.170000000000000000e+03
4.173000000000000000e+03
8.100000000000000000e+01
8.200000000000000000e+01
4.178000000000000000e+03
6.228000000000000000e+03
6.226000000000000000e+03
8.600000000000000000e+01
2.135000000000000000e+03
8.400000000000000000e+01
8.900000000000000000e+01
4.184000000000000000e+03
2.052000000000000000e+03
9.300000000000000000e+01
2.142000000000000000e+03
2.143000000000000000e+03
1.033600000000000000e+04
2.147000000000000000e+03
6.243000000000000000e+03
4.198000000000000000e+03
4.199000000000000000e+03
1.040000000000000000e+02
1.034300000000000000e+04
4.203000000000000000e+03
4.204000000000000000e+03
4.206000000000000000e+03
1.120000000000000000e+02
4.208000000000000000e+03
1.140000000000000000e+02
4.212000000000000000e+03
2.164000000000000000e+03
1.240000000000000000e+02
1.260000000000000000e+02
1.270000000000000000e+02
4.224000000000000000e+03
1.300000000000000000e+02
1.320000000000000000e+02
4.231000000000000000e+03
2.185000000000000000e+03
1.370000000000000000e+02
2.187000000000000000e+03
1.390000000000000000e+02
2.189000000000000000e+03
4.238000000000000000e+03
1.450000000000000000e+02
1.460000000000000000e+02
4.241000000000000000e+03
6.289000000000000000e+03
6.290000000000000000e+03
4.370000000000000000e+02
2.199000000000000000e+03
4.380000000000000000e+02
1.560000000000000000e+02
1.580000000000000000e+02
4.390000000000000000e+02
1.620000000000000000e+02
1.610000000000000000e+02
1.640000000000000000e+02
8.360000000000000000e+03
8.362000000000000000e+03
8.363000000000000000e+03
8.364000000000000000e+03
4.268000000000000000e+03
8.368000000000000000e+03
4.273000000000000000e+03
1.770000000000000000e+02
1.830000000000000000e+02
2.235000000000000000e+03
2.236000000000000000e+03
1.890000000000000000e+02
1.900000000000000000e+02
2.237000000000000000e+03
1.920000000000000000e+02
2.241000000000000000e+03
1.880000000000000000e+02
4.292000000000000000e+03
1.960000000000000000e+02
4.294000000000000000e+03
8.390000000000000000e+03
2.000000000000000000e+02
2.090000000000000000e+02
4.314000000000000000e+03
6.363000000000000000e+03
4.316000000000000000e+03
2.200000000000000000e+02
4.318000000000000000e+03
4.319000000000000000e+03
2.272000000000000000e+03
2.260000000000000000e+02
4.325000000000000000e+03
4.326000000000000000e+03
2.300000000000000000e+02
2.281000000000000000e+03
2.282000000000000000e+03
2.283000000000000000e+03
2.380000000000000000e+02
2.390000000000000000e+02
2.291000000000000000e+03
2.450000000000000000e+02
2.294000000000000000e+03
2.295000000000000000e+03
2.480000000000000000e+02
2.297000000000000000e+03
2.300000000000000000e+03
2.530000000000000000e+02
2.560000000000000000e+02
2.580000000000000000e+02
2.590000000000000000e+02
2.600000000000000000e+02
2.670000000000000000e+02
2.680000000000000000e+02
4.365000000000000000e+03
6.411000000000000000e+03
6.412000000000000000e+03
2.320000000000000000e+03
2.322000000000000000e+03
2.750000000000000000e+02
2.323000000000000000e+03
2.325000000000000000e+03
2.326000000000000000e+03
1.052000000000000000e+04
2.810000000000000000e+02
4.378000000000000000e+03
2.331000000000000000e+03
2.328000000000000000e+03
2.860000000000000000e+02
2.890000000000000000e+02
4.386000000000000000e+03
2.910000000000000000e+02
2.340000000000000000e+03
2.341000000000000000e+03
4.385000000000000000e+03
4.391000000000000000e+03
2.990000000000000000e+02
6.447000000000000000e+03
3.060000000000000000e+02
4.405000000000000000e+03
3.100000000000000000e+02
3.150000000000000000e+02
3.210000000000000000e+02
4.424000000000000000e+03
3.300000000000000000e+02
3.310000000000000000e+02
3.320000000000000000e+02
4.426000000000000000e+03
3.350000000000000000e+02
4.432000000000000000e+03
8.528000000000000000e+03
3.420000000000000000e+02
4.439000000000000000e+03
4.440000000000000000e+03
3.450000000000000000e+02
4.441000000000000000e+03
4.444000000000000000e+03
4.445000000000000000e+03
3.510000000000000000e+02
2.401000000000000000e+03
3.540000000000000000e+02
8.549000000000000000e+03
8.550000000000000000e+03
3.600000000000000000e+02
3.610000000000000000e+02
2.410000000000000000e+03
4.457000000000000000e+03
2.412000000000000000e+03
2.413000000000000000e+03
3.660000000000000000e+02
4.463000000000000000e+03
2.408000000000000000e+03
6.513000000000000000e+03
6.514000000000000000e+03
6.518000000000000000e+03
3.750000000000000000e+02
3.760000000000000000e+02
3.770000000000000000e+02
3.780000000000000000e+02
3.790000000000000000e+02
1.061900000000000000e+04
3.800000000000000000e+02
3.820000000000000000e+02
8.575000000000000000e+03
1.061700000000000000e+04
6.528000000000000000e+03
4.475000000000000000e+03
3.880000000000000000e+02
3.900000000000000000e+02
3.920000000000000000e+02
4.010000000000000000e+02
1.064500000000000000e+04
1.064600000000000000e+04
1.064700000000000000e+04
1.064800000000000000e+04
4.100000000000000000e+02
4.509000000000000000e+03
4.160000000000000000e+02
4.180000000000000000e+02
4.240000000000000000e+02
2.473000000000000000e+03
4.250000000000000000e+02
4.280000000000000000e+02
4.290000000000000000e+02
4.300000000000000000e+02
4.310000000000000000e+02
4.340000000000000000e+02
4.350000000000000000e+02
2.484000000000000000e+03
4.533000000000000000e+03
4.534000000000000000e+03
2.487000000000000000e+03
2.488000000000000000e+03
4.410000000000000000e+02
4.420000000000000000e+02
4.430000000000000000e+02
4.440000000000000000e+02
4.536000000000000000e+03
6.590000000000000000e+03
4.543000000000000000e+03
8.639000000000000000e+03
4.400000000000000000e+02
4.510000000000000000e+02
8.648000000000000000e+03
2.508000000000000000e+03
4.559000000000000000e+03
4.560000000000000000e+03
4.562000000000000000e+03
6.613000000000000000e+03
4.566000000000000000e+03
1.071200000000000000e+04
4.720000000000000000e+02
1.071600000000000000e+04
4.573000000000000000e+03
4.790000000000000000e+02
4.800000000000000000e+02
4.830000000000000000e+02
4.850000000000000000e+02
4.890000000000000000e+02
4.900000000000000000e+02
4.586000000000000000e+03
2.540000000000000000e+03
4.591000000000000000e+03
8.689000000000000000e+03
4.594000000000000000e+03
5.050000000000000000e+02
8.700000000000000000e+03
2.557000000000000000e+03
2.556000000000000000e+03
5.110000000000000000e+02
5.080000000000000000e+02
2.558000000000000000e+03
1.075700000000000000e+04
2.566000000000000000e+03
2.565000000000000000e+03
2.568000000000000000e+03
4.617000000000000000e+03
2.570000000000000000e+03
2.571000000000000000e+03
4.620000000000000000e+03
1.028000000000000000e+04
1.028100000000000000e+04
5.290000000000000000e+02
2.585000000000000000e+03
4.639000000000000000e+03
4.640000000000000000e+03
5.430000000000000000e+02
1.078900000000000000e+04
1.079000000000000000e+04
5.490000000000000000e+02
1.080600000000000000e+04
5.680000000000000000e+02
2.617000000000000000e+03
5.700000000000000000e+02
5.710000000000000000e+02
5.720000000000000000e+02
1.081300000000000000e+04
5.730000000000000000e+02
5.750000000000000000e+02
4.672000000000000000e+03
4.673000000000000000e+03
5.780000000000000000e+02
8.774000000000000000e+03
5.820000000000000000e+02
5.860000000000000000e+02
5.900000000000000000e+02
1.083100000000000000e+04
5.970000000000000000e+02
6.000000000000000000e+02
2.649000000000000000e+03
6.020000000000000000e+02
2.661000000000000000e+03
6.170000000000000000e+02
1.085900000000000000e+04
6.210000000000000000e+02
2.670000000000000000e+03
6.260000000000000000e+02
2.685000000000000000e+03
4.734000000000000000e+03
4.737000000000000000e+03
4.738000000000000000e+03
4.739000000000000000e+03
4.740000000000000000e+03
4.741000000000000000e+03
4.743000000000000000e+03
4.744000000000000000e+03
4.745000000000000000e+03
4.746000000000000000e+03
6.510000000000000000e+02
4.748000000000000000e+03
4.749000000000000000e+03
4.751000000000000000e+03
4.754000000000000000e+03
6.580000000000000000e+02
6.600000000000000000e+02
6.590000000000000000e+02
8.856000000000000000e+03
1.090700000000000000e+04
2.719000000000000000e+03
2.720000000000000000e+03
6.710000000000000000e+02
2.722000000000000000e+03
6.740000000000000000e+02
4.771000000000000000e+03
4.773000000000000000e+03
1.091500000000000000e+04
8.871000000000000000e+03
2.727000000000000000e+03
4.779000000000000000e+03
4.780000000000000000e+03
2.734000000000000000e+03
2.735000000000000000e+03
2.736000000000000000e+03
2.737000000000000000e+03
6.910000000000000000e+02
2.739000000000000000e+03
2.740000000000000000e+03
6.940000000000000000e+02
4.787000000000000000e+03
2.748000000000000000e+03
2.750000000000000000e+03
7.030000000000000000e+02
4.798000000000000000e+03
4.800000000000000000e+03
7.070000000000000000e+02
1.094800000000000000e+04
1.094900000000000000e+04
7.080000000000000000e+02
2.760000000000000000e+03
7.130000000000000000e+02
7.140000000000000000e+02
6.859000000000000000e+03
4.810000000000000000e+03
6.861000000000000000e+03
4.812000000000000000e+03
2.767000000000000000e+03
6.863000000000000000e+03
7.200000000000000000e+02
7.220000000000000000e+02
7.240000000000000000e+02
7.260000000000000000e+02
2.777000000000000000e+03
2.778000000000000000e+03
8.924000000000000000e+03
7.340000000000000000e+02
2.783000000000000000e+03
2.788000000000000000e+03
7.420000000000000000e+02
8.938000000000000000e+03
1.099100000000000000e+04
7.560000000000000000e+02
2.807000000000000000e+03
7.620000000000000000e+02
4.859000000000000000e+03
4.858000000000000000e+03
7.640000000000000000e+02
7.670000000000000000e+02
7.680000000000000000e+02
7.690000000000000000e+02
7.700000000000000000e+02
7.710000000000000000e+02
7.720000000000000000e+02
7.820000000000000000e+02
1.102900000000000000e+04
6.941000000000000000e+03
1.103700000000000000e+04
6.942000000000000000e+03
8.010000000000000000e+02
8.020000000000000000e+02
6.945000000000000000e+03
2.853000000000000000e+03
9.009000000000000000e+03
2.879000000000000000e+03
4.929000000000000000e+03
1.107300000000000000e+04
8.350000000000000000e+02
8.360000000000000000e+02
9.030000000000000000e+03
2.887000000000000000e+03
4.936000000000000000e+03
8.420000000000000000e+02
8.440000000000000000e+02
4.941000000000000000e+03
4.942000000000000000e+03
8.470000000000000000e+02
4.944000000000000000e+03
4.945000000000000000e+03
4.946000000000000000e+03
8.510000000000000000e+02
4.949000000000000000e+03
4.951000000000000000e+03
4.953000000000000000e+03
8.570000000000000000e+02
1.109800000000000000e+04
8.590000000000000000e+02
1.110100000000000000e+04
4.964000000000000000e+03
2.918000000000000000e+03
4.972000000000000000e+03
8.850000000000000000e+02
4.983000000000000000e+03
8.910000000000000000e+02
4.990000000000000000e+03
4.993000000000000000e+03
8.970000000000000000e+02
8.990000000000000000e+02
2.948000000000000000e+03
7.041000000000000000e+03
7.046000000000000000e+03
9.000000000000000000e+02
4.998000000000000000e+03
9.099000000000000000e+03
9.080000000000000000e+02
2.961000000000000000e+03
9.210000000000000000e+02
2.971000000000000000e+03
9.240000000000000000e+02
9.270000000000000000e+02
9.310000000000000000e+02
1.117300000000000000e+04
5.032000000000000000e+03
9.360000000000000000e+02
9.370000000000000000e+02
9.390000000000000000e+02
9.400000000000000000e+02
2.984000000000000000e+03
9.420000000000000000e+02
9.430000000000000000e+02
9.129000000000000000e+03
9.450000000000000000e+02
2.985000000000000000e+03
9.480000000000000000e+02
5.046000000000000000e+03
5.048000000000000000e+03
5.051000000000000000e+03
9.550000000000000000e+02
3.005000000000000000e+03
9.590000000000000000e+02
9.630000000000000000e+02
3.012000000000000000e+03
9.650000000000000000e+02
9.660000000000000000e+02
1.120700000000000000e+04
3.013000000000000000e+03
1.120800000000000000e+04
3.018000000000000000e+03
5.066000000000000000e+03
3.020000000000000000e+03
5.068000000000000000e+03
5.069000000000000000e+03
5.071000000000000000e+03
3.024000000000000000e+03
5.070000000000000000e+03
3.026000000000000000e+03
3.028000000000000000e+03
9.850000000000000000e+02
9.860000000000000000e+02
3.035000000000000000e+03
5.085000000000000000e+03
3.038000000000000000e+03
5.086000000000000000e+03
7.136000000000000000e+03
9.940000000000000000e+02
3.042000000000000000e+03
9.960000000000000000e+02
3.045000000000000000e+03
9.990000000000000000e+02
1.000000000000000000e+03
3.050000000000000000e+03
3.051000000000000000e+03
1.009000000000000000e+03
1.010000000000000000e+03
1.015000000000000000e+03
1.125600000000000000e+04
7.161000000000000000e+03
3.066000000000000000e+03
3.067000000000000000e+03
1.126100000000000000e+04
7.168000000000000000e+03
1.025000000000000000e+03
1.030000000000000000e+03
7.176000000000000000e+03
3.083000000000000000e+03
3.084000000000000000e+03
7.180000000000000000e+03
3.096000000000000000e+03
1.049000000000000000e+03
5.145000000000000000e+03
1.051000000000000000e+03
1.054000000000000000e+03
9.247000000000000000e+03
1.056000000000000000e+03
3.104000000000000000e+03
1.057000000000000000e+03
3.105000000000000000e+03
3.106000000000000000e+03
1.061000000000000000e+03
1.066000000000000000e+03
1.067000000000000000e+03
1.068000000000000000e+03
1.070000000000000000e+03
1.071000000000000000e+03
5.168000000000000000e+03
1.072000000000000000e+03
1.073000000000000000e+03
1.131200000000000000e+04
1.074000000000000000e+03
1.131600000000000000e+04
1.078000000000000000e+03
1.131900000000000000e+04
1.131700000000000000e+04
1.082000000000000000e+03
1.083000000000000000e+03
3.132000000000000000e+03
1.085000000000000000e+03
1.086000000000000000e+03
7.233000000000000000e+03
1.090000000000000000e+03
1.132900000000000000e+04
1.092000000000000000e+03
7.237000000000000000e+03
7.238000000000000000e+03
7.234000000000000000e+03
1.133700000000000000e+04
3.145000000000000000e+03
5.196000000000000000e+03
5.197000000000000000e+03
1.120900000000000000e+04
3.165000000000000000e+03
7.263000000000000000e+03
1.122000000000000000e+03
3.172000000000000000e+03
1.126000000000000000e+03
1.127000000000000000e+03
1.130000000000000000e+03
9.323000000000000000e+03
3.180000000000000000e+03
1.137200000000000000e+04
1.132000000000000000e+03
1.135000000000000000e+03
1.137000000000000000e+03
7.282000000000000000e+03
1.138000000000000000e+03
7.281000000000000000e+03
7.285000000000000000e+03
3.191000000000000000e+03
3.192000000000000000e+03
3.193000000000000000e+03
3.194000000000000000e+03
3.197000000000000000e+03
1.150000000000000000e+03
7.297000000000000000e+03
1.158000000000000000e+03
1.163000000000000000e+03
3.217000000000000000e+03
7.314000000000000000e+03
9.365000000000000000e+03
3.222000000000000000e+03
1.175000000000000000e+03
3.223000000000000000e+03
1.177000000000000000e+03
3.224000000000000000e+03
7.324000000000000000e+03
9.372000000000000000e+03
1.185000000000000000e+03
1.186000000000000000e+03
1.187000000000000000e+03
9.380000000000000000e+03
9.381000000000000000e+03
3.236000000000000000e+03
3.237000000000000000e+03
3.238000000000000000e+03
3.239000000000000000e+03
3.243000000000000000e+03
1.195000000000000000e+03
7.343000000000000000e+03
9.394000000000000000e+03
9.395000000000000000e+03
1.209000000000000000e+03
5.305000000000000000e+03
3.260000000000000000e+03
1.213000000000000000e+03
1.214000000000000000e+03
1.215000000000000000e+03
1.216000000000000000e+03
1.220000000000000000e+03
1.221000000000000000e+03
3.270000000000000000e+03
3.269000000000000000e+03
1.224000000000000000e+03
1.226000000000000000e+03
1.227000000000000000e+03
3.276000000000000000e+03
1.229000000000000000e+03
1.230000000000000000e+03
1.231000000000000000e+03
5.332000000000000000e+03
7.381000000000000000e+03
3.291000000000000000e+03
1.245000000000000000e+03
1.148500000000000000e+04
3.293000000000000000e+03
1.248000000000000000e+03
1.251000000000000000e+03
1.253000000000000000e+03
1.257000000000000000e+03
7.404000000000000000e+03
7.405000000000000000e+03
3.313000000000000000e+03
7.411000000000000000e+03
3.316000000000000000e+03
1.268000000000000000e+03
3.319000000000000000e+03
1.273000000000000000e+03
3.321000000000000000e+03
1.279000000000000000e+03
1.280000000000000000e+03
3.332000000000000000e+03
1.286000000000000000e+03
1.287000000000000000e+03
1.288000000000000000e+03
1.152800000000000000e+04
1.152900000000000000e+04
1.289000000000000000e+03
1.290000000000000000e+03
1.153000000000000000e+04
3.346000000000000000e+03
3.348000000000000000e+03
7.456000000000000000e+03
1.312000000000000000e+03
7.459000000000000000e+03
7.460000000000000000e+03
7.461000000000000000e+03
7.463000000000000000e+03
1.324000000000000000e+03
1.325000000000000000e+03
1.157900000000000000e+04
1.347000000000000000e+03
1.348000000000000000e+03
1.353000000000000000e+03
3.409000000000000000e+03
3.411000000000000000e+03
1.373000000000000000e+03
3.425000000000000000e+03
1.394000000000000000e+03
1.395000000000000000e+03
3.443000000000000000e+03
1.397000000000000000e+03
1.398000000000000000e+03
9.591000000000000000e+03
9.597000000000000000e+03
3.457000000000000000e+03
3.458000000000000000e+03
3.459000000000000000e+03
3.460000000000000000e+03
1.165400000000000000e+04
3.471000000000000000e+03
3.472000000000000000e+03
3.473000000000000000e+03
3.474000000000000000e+03
9.622000000000000000e+03
9.634000000000000000e+03
3.492000000000000000e+03
5.551000000000000000e+03
3.504000000000000000e+03
5.553000000000000000e+03
3.503000000000000000e+03
1.459000000000000000e+03
3.508000000000000000e+03
3.509000000000000000e+03
7.606000000000000000e+03
1.170200000000000000e+04
7.607000000000000000e+03
1.170300000000000000e+04
1.466000000000000000e+03
1.170400000000000000e+04
9.651000000000000000e+03
9.659000000000000000e+03
1.470000000000000000e+03
9.664000000000000000e+03
7.618000000000000000e+03
5.575000000000000000e+03
5.576000000000000000e+03
5.577000000000000000e+03
3.530000000000000000e+03
3.531000000000000000e+03
5.578000000000000000e+03
3.527000000000000000e+03
1.493000000000000000e+03
5.590000000000000000e+03
1.494000000000000000e+03
7.641000000000000000e+03
5.595000000000000000e+03
9.691000000000000000e+03
9.692000000000000000e+03
9.693000000000000000e+03
1.505000000000000000e+03
1.512000000000000000e+03
1.513000000000000000e+03
1.516000000000000000e+03
1.518000000000000000e+03
5.617000000000000000e+03
9.716000000000000000e+03
1.176500000000000000e+04
1.528000000000000000e+03
1.529000000000000000e+03
5.627000000000000000e+03
5.629000000000000000e+03
5.630000000000000000e+03
5.633000000000000000e+03
5.634000000000000000e+03
5.635000000000000000e+03
5.636000000000000000e+03
5.637000000000000000e+03
1.178100000000000000e+04
9.735000000000000000e+03
9.736000000000000000e+03
9.737000000000000000e+03
1.178300000000000000e+04
1.547000000000000000e+03
3.596000000000000000e+03
1.178200000000000000e+04
3.599000000000000000e+03
3.600000000000000000e+03
3.601000000000000000e+03
1.560000000000000000e+03
1.561000000000000000e+03
5.662000000000000000e+03
1.569000000000000000e+03
3.632000000000000000e+03
3.635000000000000000e+03
5.688000000000000000e+03
3.646000000000000000e+03
1.600000000000000000e+03
3.650000000000000000e+03
1.602000000000000000e+03
3.654000000000000000e+03
3.655000000000000000e+03
3.656000000000000000e+03
3.657000000000000000e+03
3.658000000000000000e+03
3.659000000000000000e+03
3.660000000000000000e+03
3.661000000000000000e+03
3.662000000000000000e+03
3.663000000000000000e+03
3.664000000000000000e+03
3.665000000000000000e+03
1.618000000000000000e+03
7.763000000000000000e+03
5.715000000000000000e+03
5.716000000000000000e+03
7.766000000000000000e+03
7.767000000000000000e+03
7.768000000000000000e+03
7.769000000000000000e+03
9.832000000000000000e+03
1.641000000000000000e+03
9.837000000000000000e+03
1.652000000000000000e+03
1.189300000000000000e+04
1.189400000000000000e+04
1.189500000000000000e+04
1.189600000000000000e+04
1.654000000000000000e+03
1.655000000000000000e+03
1.658000000000000000e+03
1.664000000000000000e+03
7.809000000000000000e+03
7.810000000000000000e+03
1.677000000000000000e+03
1.684000000000000000e+03
3.743000000000000000e+03
1.698000000000000000e+03
1.699000000000000000e+03
1.700000000000000000e+03
1.714000000000000000e+03
1.715000000000000000e+03
1.716000000000000000e+03
1.717000000000000000e+03
1.724000000000000000e+03
1.728000000000000000e+03
3.777000000000000000e+03
1.737000000000000000e+03
3.789000000000000000e+03
7.888000000000000000e+03
7.889000000000000000e+03
7.890000000000000000e+03
7.892000000000000000e+03
7.893000000000000000e+03
7.894000000000000000e+03
7.896000000000000000e+03
7.897000000000000000e+03
7.898000000000000000e+03
5.861000000000000000e+03
5.862000000000000000e+03
5.863000000000000000e+03
3.815000000000000000e+03
1.770000000000000000e+03
1.771000000000000000e+03
1.773000000000000000e+03
1.775000000000000000e+03
1.776000000000000000e+03
1.778000000000000000e+03
1.780000000000000000e+03
1.786000000000000000e+03
5.884000000000000000e+03
7.934000000000000000e+03
1.799000000000000000e+03
1.801000000000000000e+03
9.994000000000000000e+03
7.950000000000000000e+03
3.857000000000000000e+03
1.818000000000000000e+03
1.819000000000000000e+03
1.821000000000000000e+03
1.824000000000000000e+03
1.826000000000000000e+03
1.827000000000000000e+03
1.829000000000000000e+03
1.830000000000000000e+03
1.003500000000000000e+04
1.843000000000000000e+03
1.845000000000000000e+03
1.003900000000000000e+04
3.896000000000000000e+03
1.004000000000000000e+04
3.898000000000000000e+03
1.856000000000000000e+03
3.905000000000000000e+03
1.857000000000000000e+03
1.858000000000000000e+03
1.005200000000000000e+04
3.909000000000000000e+03
1.859000000000000000e+03
1.863000000000000000e+03
5.963000000000000000e+03
1.868000000000000000e+03
1.870000000000000000e+03
3.921000000000000000e+03
1.007400000000000000e+04
3.940000000000000000e+03
1.008800000000000000e+04
1.008900000000000000e+04
1.899000000000000000e+03
1.009200000000000000e+04
1.900000000000000000e+03
3.950000000000000000e+03
1.009500000000000000e+04
6.001000000000000000e+03
6.004000000000000000e+03
3.968000000000000000e+03
1.011200000000000000e+04
1.011300000000000000e+04
1.011600000000000000e+04
1.012000000000000000e+04
1.931000000000000000e+03
1.933000000000000000e+03
1.940000000000000000e+03
3.990000000000000000e+03
1.013700000000000000e+04
6.043000000000000000e+03
8.093000000000000000e+03
8.094000000000000000e+03
4.001000000000000000e+03
6.050000000000000000e+03
1.014700000000000000e+04
1.954000000000000000e+03
6.053000000000000000e+03
1.015900000000000000e+04
1.968000000000000000e+03
1.969000000000000000e+03
6.069000000000000000e+03
1.975000000000000000e+03
1.976000000000000000e+03
1.017000000000000000e+04
6.077000000000000000e+03
4.030000000000000000e+03
4.031000000000000000e+03
1.017500000000000000e+04
4.037000000000000000e+03
6.088000000000000000e+03
1.993000000000000000e+03
6.092000000000000000e+03
2.003000000000000000e+03
6.100000000000000000e+03
6.101000000000000000e+03
6.102000000000000000e+03
2.016000000000000000e+03
2.017000000000000000e+03
2.018000000000000000e+03
2.019000000000000000e+03
1.020900000000000000e+04
2.021000000000000000e+03
8.165000000000000000e+03
2.024000000000000000e+03
2.027000000000000000e+03
1.022100000000000000e+04
2.035000000000000000e+03
6.131000000000000000e+03
6.134000000000000000e+03
6.141000000000000000e+03
4.095000000000000000e+03
