1.518000000000000000e+03
4.260000000000000000e+02
7.200000000000000000e+02
1.855000000000000000e+03
2.100000000000000000e+03
2.720000000000000000e+03
3.531000000000000000e+03
5.578000000000000000e+03
8.580000000000000000e+02
3.165000000000000000e+03
3.750000000000000000e+02
3.760000000000000000e+02
3.770000000000000000e+02
3.780000000000000000e+02
1.082000000000000000e+03
4.160000000000000000e+02
4.310000000000000000e+02
7.260000000000000000e+02
2.164000000000000000e+03
2.301000000000000000e+03
4.533000000000000000e+03
4.534000000000000000e+03
4.536000000000000000e+03
4.543000000000000000e+03
4.566000000000000000e+03
4.953000000000000000e+03
4.964000000000000000e+03
7.759000000000000000e+03
7.763000000000000000e+03
1.011600000000000000e+04
1.012000000000000000e+04
1.167100000000000000e+04
1.270000000000000000e+02
1.547000000000000000e+03
1.131900000000000000e+04
1.064800000000000000e+04
3.210000000000000000e+03
1.012400000000000000e+04
1.406000000000000000e+03
1.880000000000000000e+02
5.080000000000000000e+02
3.550000000000000000e+02
6.940000000000000000e+02
7.340000000000000000e+02
8.960000000000000000e+02
2.433000000000000000e+03
2.619000000000000000e+03
5.052000000000000000e+03
1.528000000000000000e+03
1.022100000000000000e+04
3.750000000000000000e+02
3.760000000000000000e+02
3.770000000000000000e+02
3.780000000000000000e+02
1.130000000000000000e+03
8.240000000000000000e+03
1.827000000000000000e+03
3.210000000000000000e+03
1.012400000000000000e+04
1.826000000000000000e+03
2.110000000000000000e+03
3.905000000000000000e+03
4.212000000000000000e+03
1.150000000000000000e+03
3.193000000000000000e+03
1.818000000000000000e+03
3.254000000000000000e+03
4.109000000000000000e+03
1.580000000000000000e+02
3.599000000000000000e+03
1.152800000000000000e+04
1.512000000000000000e+03
3.750000000000000000e+02
3.760000000000000000e+02
3.770000000000000000e+02
3.780000000000000000e+02
3.655000000000000000e+03
5.577000000000000000e+03
4.587000000000000000e+03
4.428000000000000000e+03
4.535000000000000000e+03
4.537000000000000000e+03
4.544000000000000000e+03
4.568000000000000000e+03
4.954000000000000000e+03
4.965000000000000000e+03
7.764000000000000000e+03
1.011700000000000000e+04
1.012100000000000000e+04
4.567000000000000000e+03
3.940000000000000000e+03
4.350000000000000000e+02
4.410000000000000000e+02
4.420000000000000000e+02
4.430000000000000000e+02
1.061000000000000000e+03
1.240000000000000000e+02
1.390000000000000000e+02
1.560000000000000000e+02
3.300000000000000000e+02
5.700000000000000000e+02
7.220000000000000000e+02
1.137000000000000000e+03
1.857000000000000000e+03
2.093000000000000000e+03
2.326000000000000000e+03
2.331000000000000000e+03
3.530000000000000000e+03
1.189400000000000000e+04
1.189500000000000000e+04
3.420000000000000000e+02
7.136000000000000000e+03
2.739000000000000000e+03
2.740000000000000000e+03
3.321000000000000000e+03
5.884000000000000000e+03
8.210000000000000000e+03
4.370000000000000000e+02
4.380000000000000000e+02
4.390000000000000000e+02
4.400000000000000000e+02
9.597000000000000000e+03
7.680000000000000000e+02
2.060000000000000000e+03
4.606000000000000000e+03
8.510000000000000000e+02
9.380000000000000000e+03
8.510000000000000000e+02
9.380000000000000000e+03
5.634000000000000000e+03
2.421000000000000000e+03
1.801000000000000000e+03
3.654000000000000000e+03
5.032000000000000000e+03
5.662000000000000000e+03
2.783000000000000000e+03
5.629000000000000000e+03
5.630000000000000000e+03
4.573000000000000000e+03
4.617000000000000000e+03
1.820000000000000000e+02
1.067000000000000000e+03
1.641000000000000000e+03
1.830000000000000000e+03
6.590000000000000000e+03
3.038000000000000000e+03
3.197000000000000000e+03
4.972000000000000000e+03
3.222000000000000000e+03
4.178000000000000000e+03
8.420000000000000000e+02
8.440000000000000000e+02
2.055000000000000000e+03
8.701000000000000000e+03
2.090000000000000000e+02
1.221000000000000000e+03
1.698000000000000000e+03
3.815000000000000000e+03
7.618000000000000000e+03
8.549000000000000000e+03
7.767000000000000000e+03
7.768000000000000000e+03
2.164000000000000000e+03
2.164000000000000000e+03
8.990000000000000000e+02
4.951000000000000000e+03
3.750000000000000000e+02
3.760000000000000000e+02
3.770000000000000000e+02
3.780000000000000000e+02
6.210000000000000000e+02
1.933000000000000000e+03
1.940000000000000000e+03
3.316000000000000000e+03
8.549000000000000000e+03
2.570000000000000000e+03
2.571000000000000000e+03
8.549000000000000000e+03
8.689000000000000000e+03
1.085900000000000000e+04
2.918000000000000000e+03
5.688000000000000000e+03
2.016000000000000000e+03
3.596000000000000000e+03
9.372000000000000000e+03
1.625000000000000000e+03
2.111000000000000000e+03
2.090000000000000000e+02
2.569000000000000000e+03
1.400000000000000000e+01
2.090000000000000000e+02
1.699000000000000000e+03
3.270000000000000000e+03
1.400000000000000000e+01
2.090000000000000000e+02
1.699000000000000000e+03
3.270000000000000000e+03
4.550000000000000000e+03
1.070700000000000000e+04
1.626000000000000000e+03
1.167100000000000000e+04
5.000000000000000000e+03
5.615000000000000000e+03
1.238000000000000000e+03
2.952000000000000000e+03
3.367000000000000000e+03
4.985000000000000000e+03
4.986000000000000000e+03
1.122500000000000000e+04
1.830000000000000000e+02
5.110000000000000000e+02
9.630000000000000000e+02
1.126000000000000000e+03
1.227000000000000000e+03
1.569000000000000000e+03
1.664000000000000000e+03
1.968000000000000000e+03
2.088000000000000000e+03
2.102000000000000000e+03
2.323000000000000000e+03
2.719000000000000000e+03
3.346000000000000000e+03
1.065200000000000000e+04
2.035000000000000000e+03
8.350000000000000000e+02
2.736000000000000000e+03
1.090700000000000000e+04
5.710000000000000000e+02
5.730000000000000000e+02
3.351000000000000000e+03
1.139600000000000000e+04
7.420000000000000000e+02
4.385000000000000000e+03
7.420000000000000000e+02
1.529000000000000000e+03
3.660000000000000000e+03
3.191000000000000000e+03
3.192000000000000000e+03
4.050000000000000000e+02
2.404000000000000000e+03
4.050000000000000000e+02
2.404000000000000000e+03
2.272000000000000000e+03
1.056000000000000000e+03
3.659000000000000000e+03
4.773000000000000000e+03
3.320000000000000000e+02
2.090000000000000000e+03
5.970000000000000000e+02
1.080600000000000000e+04
3.656000000000000000e+03
3.650000000000000000e+03
3.658000000000000000e+03
2.241000000000000000e+03
9.381000000000000000e+03
1.088000000000000000e+03
1.434000000000000000e+03
2.196000000000000000e+03
4.355000000000000000e+03
4.726000000000000000e+03
4.952000000000000000e+03
4.957000000000000000e+03
4.960000000000000000e+03
4.963000000000000000e+03
4.968000000000000000e+03
7.762000000000000000e+03
1.011500000000000000e+04
1.011900000000000000e+04
1.122000000000000000e+03
4.350000000000000000e+02
4.410000000000000000e+02
4.420000000000000000e+02
4.430000000000000000e+02
4.350000000000000000e+02
4.410000000000000000e+02
4.420000000000000000e+02
4.430000000000000000e+02
1.049000000000000000e+03
9.870000000000000000e+02
2.668000000000000000e+03
3.936000000000000000e+03
6.740000000000000000e+02
2.340000000000000000e+03
2.722000000000000000e+03
6.740000000000000000e+02
2.340000000000000000e+03
2.722000000000000000e+03
3.508000000000000000e+03
1.073000000000000000e+03
1.014700000000000000e+04
4.800000000000000000e+02
2.291000000000000000e+03
4.198000000000000000e+03
4.199000000000000000e+03
4.457000000000000000e+03
4.250000000000000000e+02
7.281000000000000000e+03
3.458000000000000000e+03
3.459000000000000000e+03
3.662000000000000000e+03
8.218000000000000000e+03
1.074000000000000000e+03
5.145000000000000000e+03
7.460000000000000000e+03
1.152800000000000000e+04
1.152900000000000000e+04
3.663000000000000000e+03
3.664000000000000000e+03
6.580000000000000000e+02
1.658000000000000000e+03
2.003000000000000000e+03
2.061000000000000000e+03
3.600000000000000000e+01
3.750000000000000000e+02
3.760000000000000000e+02
3.770000000000000000e+02
3.780000000000000000e+02
1.220000000000000000e+03
1.655000000000000000e+03
5.196000000000000000e+03
1.610000000000000000e+02
5.490000000000000000e+02
2.094000000000000000e+03
2.098000000000000000e+03
3.750000000000000000e+02
3.760000000000000000e+02
3.770000000000000000e+02
3.780000000000000000e+02
7.770000000000000000e+03
7.771000000000000000e+03
1.114300000000000000e+04
1.221000000000000000e+03
1.046300000000000000e+04
3.789000000000000000e+03
1.020900000000000000e+04
1.230000000000000000e+03
1.231000000000000000e+03
8.244000000000000000e+03
4.658000000000000000e+03
5.074000000000000000e+03
9.763000000000000000e+03
3.657000000000000000e+03
3.820000000000000000e+02
1.132500000000000000e+04
1.132500000000000000e+04
5.146000000000000000e+03
2.000000000000000000e+02
4.300000000000000000e+02
1.138000000000000000e+03
1.858000000000000000e+03
2.320000000000000000e+03
3.665000000000000000e+03
1.078000000000000000e+03
3.182000000000000000e+03
3.231000000000000000e+03
3.460000000000000000e+03
2.412000000000000000e+03
1.714000000000000000e+03
3.083000000000000000e+03
2.413000000000000000e+03
3.084000000000000000e+03
7.770000000000000000e+03
7.771000000000000000e+03
1.114300000000000000e+04
8.701000000000000000e+03
1.801000000000000000e+03
1.300000000000000000e+02
1.870000000000000000e+03
9.480000000000000000e+02
3.100000000000000000e+02
1.132900000000000000e+04
3.660000000000000000e+03
5.633000000000000000e+03
6.600000000000000000e+02
3.646000000000000000e+03
2.241000000000000000e+03
9.381000000000000000e+03
1.580000000000000000e+02
5.120000000000000000e+02
1.665000000000000000e+03
1.799000000000000000e+03
6.447000000000000000e+03
3.661000000000000000e+03
7.613000000000000000e+03
1.071600000000000000e+04
5.636000000000000000e+03
2.788000000000000000e+03
4.112000000000000000e+03
7.420000000000000000e+02
4.386000000000000000e+03
1.404000000000000000e+03
4.429000000000000000e+03
4.430000000000000000e+03
4.724000000000000000e+03
4.725000000000000000e+03
4.955000000000000000e+03
4.956000000000000000e+03
4.958000000000000000e+03
4.959000000000000000e+03
4.961000000000000000e+03
4.962000000000000000e+03
4.966000000000000000e+03
4.967000000000000000e+03
4.969000000000000000e+03
4.970000000000000000e+03
7.765000000000000000e+03
1.011800000000000000e+04
1.012200000000000000e+04
1.167100000000000000e+04
7.460000000000000000e+03
1.152800000000000000e+04
1.152900000000000000e+04
5.680000000000000000e+02
2.325000000000000000e+03
1.820000000000000000e+02
5.100000000000000000e+02
1.020500000000000000e+04
3.905000000000000000e+03
4.212000000000000000e+03
3.905000000000000000e+03
4.212000000000000000e+03
1.015000000000000000e+03
7.599000000000000000e+03
7.600000000000000000e+03
7.601000000000000000e+03
7.602000000000000000e+03
7.603000000000000000e+03
7.604000000000000000e+03
1.099600000000000000e+04
1.099700000000000000e+04
7.420000000000000000e+02
4.386000000000000000e+03
8.700000000000000000e+03
3.750000000000000000e+02
3.760000000000000000e+02
3.770000000000000000e+02
3.780000000000000000e+02
8.400000000000000000e+01
5.637000000000000000e+03
6.600000000000000000e+01
4.657000000000000000e+03
2.570000000000000000e+03
2.571000000000000000e+03
8.549000000000000000e+03
1.530000000000000000e+03
9.450000000000000000e+02
9.099000000000000000e+03
2.735000000000000000e+03
4.990000000000000000e+03
4.993000000000000000e+03
6.859000000000000000e+03
8.774000000000000000e+03
9.736000000000000000e+03
1.068000000000000000e+03
1.070000000000000000e+03
1.829000000000000000e+03
2.568000000000000000e+03
7.560000000000000000e+02
3.236000000000000000e+03
3.237000000000000000e+03
3.238000000000000000e+03
3.239000000000000000e+03
4.779000000000000000e+03
7.640000000000000000e+02
2.073000000000000000e+03
9.995000000000000000e+03
1.126100000000000000e+04
1.800000000000000000e+03
1.064900000000000000e+04
5.660000000000000000e+02
1.022300000000000000e+04
1.109000000000000000e+04
1.107200000000000000e+04
1.244000000000000000e+03
2.100000000000000000e+03
1.189600000000000000e+04
3.750000000000000000e+02
3.760000000000000000e+02
3.770000000000000000e+02
3.780000000000000000e+02
2.017000000000000000e+03
2.018000000000000000e+03
2.019000000000000000e+03
2.024000000000000000e+03
2.017000000000000000e+03
2.018000000000000000e+03
2.019000000000000000e+03
2.024000000000000000e+03
1.238000000000000000e+03
