5.617000000000000000e+03
6.858000000000000000e+03
1.075700000000000000e+04
1.127000000000000000e+03
4.560000000000000000e+03
5.645000000000000000e+03
9.768000000000000000e+03
9.769000000000000000e+03
7.234000000000000000e+03
1.580000000000000000e+02
7.420000000000000000e+02
4.386000000000000000e+03
1.080600000000000000e+04
4.550000000000000000e+03
4.428000000000000000e+03
4.535000000000000000e+03
4.537000000000000000e+03
4.544000000000000000e+03
4.568000000000000000e+03
4.954000000000000000e+03
4.965000000000000000e+03
7.764000000000000000e+03
1.011700000000000000e+04
1.012100000000000000e+04
2.060000000000000000e+03
7.766000000000000000e+03
7.769000000000000000e+03
4.710000000000000000e+03
1.071600000000000000e+04
9.248000000000000000e+03
3.905000000000000000e+03
4.212000000000000000e+03
1.320000000000000000e+02
1.009200000000000000e+04
4.850000000000000000e+02
5.032000000000000000e+03
5.662000000000000000e+03
7.420000000000000000e+02
4.386000000000000000e+03
3.660000000000000000e+03
3.654000000000000000e+03
1.056000000000000000e+03
1.397000000000000000e+03
3.650000000000000000e+03
1.070700000000000000e+04
4.457000000000000000e+03
7.620000000000000000e+02
4.780000000000000000e+03
2.164000000000000000e+03
4.710000000000000000e+03
1.716000000000000000e+03
4.658000000000000000e+03
5.074000000000000000e+03
9.763000000000000000e+03
4.587000000000000000e+03
4.350000000000000000e+02
4.410000000000000000e+02
4.420000000000000000e+02
4.430000000000000000e+02
3.269000000000000000e+03
4.231000000000000000e+03
8.510000000000000000e+02
9.380000000000000000e+03
9.450000000000000000e+02
9.099000000000000000e+03
1.121000000000000000e+03
5.680000000000000000e+02
2.325000000000000000e+03
2.413000000000000000e+03
3.600000000000000000e+01
3.663000000000000000e+03
7.680000000000000000e+02
1.530000000000000000e+03
1.529000000000000000e+03
2.090000000000000000e+02
2.569000000000000000e+03
4.198000000000000000e+03
4.199000000000000000e+03
9.650000000000000000e+02
2.101000000000000000e+03
3.508000000000000000e+03
9.660000000000000000e+02
4.610000000000000000e+02
1.135000000000000000e+03
2.412000000000000000e+03
2.200000000000000000e+02
5.900000000000000000e+02
8.700000000000000000e+03
1.990000000000000000e+02
1.658000000000000000e+03
2.003000000000000000e+03
1.993000000000000000e+03
1.083000000000000000e+03
4.559000000000000000e+03
4.173000000000000000e+03
5.085000000000000000e+03
1.248000000000000000e+03
1.251000000000000000e+03
3.291000000000000000e+03
3.293000000000000000e+03
3.813000000000000000e+03
1.144300000000000000e+04
1.144400000000000000e+04
4.567000000000000000e+03
4.606000000000000000e+03
1.518000000000000000e+03
1.799000000000000000e+03
6.447000000000000000e+03
5.578000000000000000e+03
2.530000000000000000e+03
9.360000000000000000e+02
9.370000000000000000e+02
9.390000000000000000e+02
9.400000000000000000e+02
2.235000000000000000e+03
2.236000000000000000e+03
1.176500000000000000e+04
2.082000000000000000e+03
1.123000000000000000e+03
1.978000000000000000e+03
1.015000000000000000e+03
4.365000000000000000e+03
4.657000000000000000e+03
6.600000000000000000e+02
1.224000000000000000e+03
7.168000000000000000e+03
4.900000000000000000e+02
1.570000000000000000e+03
2.484000000000000000e+03
8.222000000000000000e+03
8.230000000000000000e+03
1.870000000000000000e+03
1.740000000000000000e+02
1.909000000000000000e+03
2.493000000000000000e+03
4.448000000000000000e+03
4.144000000000000000e+03
2.910000000000000000e+02
2.984000000000000000e+03
2.600000000000000000e+02
6.700000000000000000e+02
1.064800000000000000e+04
4.290000000000000000e+02
8.990000000000000000e+02
4.951000000000000000e+03
2.160000000000000000e+02
2.200000000000000000e+01
5.963000000000000000e+03
7.809000000000000000e+03
7.810000000000000000e+03
1.083100000000000000e+04
1.900000000000000000e+02
1.132000000000000000e+03
1.229000000000000000e+03
2.142000000000000000e+03
8.237000000000000000e+03
8.238000000000000000e+03
8.245000000000000000e+03
2.735000000000000000e+03
1.049000000000000000e+03
4.109000000000000000e+03
1.404000000000000000e+03
4.429000000000000000e+03
4.430000000000000000e+03
4.724000000000000000e+03
4.725000000000000000e+03
4.955000000000000000e+03
4.956000000000000000e+03
4.958000000000000000e+03
4.959000000000000000e+03
4.961000000000000000e+03
4.962000000000000000e+03
4.966000000000000000e+03
4.967000000000000000e+03
4.969000000000000000e+03
4.970000000000000000e+03
7.765000000000000000e+03
1.011800000000000000e+04
1.012200000000000000e+04
1.167100000000000000e+04
3.656000000000000000e+03
3.522000000000000000e+03
7.002000000000000000e+03
7.003000000000000000e+03
7.004000000000000000e+03
7.023000000000000000e+03
7.024000000000000000e+03
7.025000000000000000e+03
7.026000000000000000e+03
7.069000000000000000e+03
7.070000000000000000e+03
7.083000000000000000e+03
7.084000000000000000e+03
7.091000000000000000e+03
7.092000000000000000e+03
7.093000000000000000e+03
7.094000000000000000e+03
7.100000000000000000e+03
7.113000000000000000e+03
7.116000000000000000e+03
8.280000000000000000e+03
9.409000000000000000e+03
1.190500000000000000e+04
1.072000000000000000e+03
6.190000000000000000e+02
1.061000000000000000e+03
2.135000000000000000e+03
4.620000000000000000e+03
3.460000000000000000e+03
1.580000000000000000e+02
5.120000000000000000e+02
1.665000000000000000e+03
3.503000000000000000e+03
3.940000000000000000e+03
2.739000000000000000e+03
2.740000000000000000e+03
3.321000000000000000e+03
1.724000000000000000e+03
8.470000000000000000e+02
3.664000000000000000e+03
3.657000000000000000e+03
1.856000000000000000e+03
4.800000000000000000e+02
3.038000000000000000e+03
8.420000000000000000e+02
8.440000000000000000e+02
3.165000000000000000e+03
8.400000000000000000e+01
3.351000000000000000e+03
1.139600000000000000e+04
1.801000000000000000e+03
2.059000000000000000e+03
4.428000000000000000e+03
4.535000000000000000e+03
4.537000000000000000e+03
4.544000000000000000e+03
4.568000000000000000e+03
4.954000000000000000e+03
4.965000000000000000e+03
7.639000000000000000e+03
3.789000000000000000e+03
1.020900000000000000e+04
2.200000000000000000e+02
9.960000000000000000e+02
4.010000000000000000e+02
2.890000000000000000e+02
6.210000000000000000e+02
1.933000000000000000e+03
1.940000000000000000e+03
3.316000000000000000e+03
8.549000000000000000e+03
2.570000000000000000e+03
2.571000000000000000e+03
8.549000000000000000e+03
5.050000000000000000e+02
9.009000000000000000e+03
3.665000000000000000e+03
5.710000000000000000e+02
5.730000000000000000e+02
3.254000000000000000e+03
6.580000000000000000e+02
1.130000000000000000e+03
8.240000000000000000e+03
1.230000000000000000e+03
1.231000000000000000e+03
8.244000000000000000e+03
3.820000000000000000e+02
1.900000000000000000e+02
1.229000000000000000e+03
4.378000000000000000e+03
3.191000000000000000e+03
3.192000000000000000e+03
7.280000000000000000e+02
3.150000000000000000e+02
1.353000000000000000e+03
3.658000000000000000e+03
1.770000000000000000e+02
4.771000000000000000e+03
1.150000000000000000e+03
3.193000000000000000e+03
2.783000000000000000e+03
5.629000000000000000e+03
5.630000000000000000e+03
4.573000000000000000e+03
4.617000000000000000e+03
2.788000000000000000e+03
1.280000000000000000e+03
1.826000000000000000e+03
5.970000000000000000e+02
2.770000000000000000e+02
2.780000000000000000e+02
1.710000000000000000e+03
1.711000000000000000e+03
2.272000000000000000e+03
1.067000000000000000e+03
1.641000000000000000e+03
1.830000000000000000e+03
6.590000000000000000e+03
1.512000000000000000e+03
4.370000000000000000e+02
4.380000000000000000e+02
4.390000000000000000e+02
4.400000000000000000e+02
3.646000000000000000e+03
2.291000000000000000e+03
1.040000000000000000e+02
3.662000000000000000e+03
8.218000000000000000e+03
1.270000000000000000e+02
1.547000000000000000e+03
1.131900000000000000e+04
1.714000000000000000e+03
1.500000000000000000e+02
1.395000000000000000e+03
1.398000000000000000e+03
5.520000000000000000e+02
3.504000000000000000e+03
1.103700000000000000e+04
1.107300000000000000e+04
3.083000000000000000e+03
2.016000000000000000e+03
3.596000000000000000e+03
9.372000000000000000e+03
2.090000000000000000e+02
1.221000000000000000e+03
1.698000000000000000e+03
3.815000000000000000e+03
7.618000000000000000e+03
8.549000000000000000e+03
2.055000000000000000e+03
3.652000000000000000e+03
4.463000000000000000e+03
4.591000000000000000e+03
4.208000000000000000e+03
1.014700000000000000e+04
1.122000000000000000e+03
5.577000000000000000e+03
1.300000000000000000e+02
3.661000000000000000e+03
8.990000000000000000e+02
4.951000000000000000e+03
7.460000000000000000e+03
1.152800000000000000e+04
1.152900000000000000e+04
1.221000000000000000e+03
2.300000000000000000e+03
4.125000000000000000e+03
2.000000000000000000e+02
4.300000000000000000e+02
1.138000000000000000e+03
1.858000000000000000e+03
2.320000000000000000e+03
2.301000000000000000e+03
1.626000000000000000e+03
1.167100000000000000e+04
4.533000000000000000e+03
4.534000000000000000e+03
4.536000000000000000e+03
4.543000000000000000e+03
4.566000000000000000e+03
4.953000000000000000e+03
4.964000000000000000e+03
7.759000000000000000e+03
7.763000000000000000e+03
1.011600000000000000e+04
1.012000000000000000e+04
1.167100000000000000e+04
2.094000000000000000e+03
2.098000000000000000e+03
8.940000000000000000e+02
1.099300000000000000e+04
2.035000000000000000e+03
8.350000000000000000e+02
2.736000000000000000e+03
1.090700000000000000e+04
1.528000000000000000e+03
1.022100000000000000e+04
3.066000000000000000e+03
3.067000000000000000e+03
3.100000000000000000e+02
1.132900000000000000e+04
1.250000000000000000e+02
1.220000000000000000e+03
1.655000000000000000e+03
2.918000000000000000e+03
3.197000000000000000e+03
4.972000000000000000e+03
2.120000000000000000e+02
6.987000000000000000e+03
1.398000000000000000e+03
7.767000000000000000e+03
7.768000000000000000e+03
2.017000000000000000e+03
2.018000000000000000e+03
2.019000000000000000e+03
2.024000000000000000e+03
3.905000000000000000e+03
4.212000000000000000e+03
8.480000000000000000e+02
1.155500000000000000e+04
1.155600000000000000e+04
1.155700000000000000e+04
7.420000000000000000e+02
3.750000000000000000e+02
3.760000000000000000e+02
3.770000000000000000e+02
3.780000000000000000e+02
3.750000000000000000e+02
3.760000000000000000e+02
3.770000000000000000e+02
3.780000000000000000e+02
3.750000000000000000e+02
3.760000000000000000e+02
3.770000000000000000e+02
3.780000000000000000e+02
3.750000000000000000e+02
3.760000000000000000e+02
3.770000000000000000e+02
3.780000000000000000e+02
3.750000000000000000e+02
3.760000000000000000e+02
3.770000000000000000e+02
3.780000000000000000e+02
3.750000000000000000e+02
3.760000000000000000e+02
3.770000000000000000e+02
3.780000000000000000e+02
2.017000000000000000e+03
2.018000000000000000e+03
2.019000000000000000e+03
2.024000000000000000e+03
4.533000000000000000e+03
4.534000000000000000e+03
4.536000000000000000e+03
4.543000000000000000e+03
4.566000000000000000e+03
4.953000000000000000e+03
4.964000000000000000e+03
7.759000000000000000e+03
7.763000000000000000e+03
1.011600000000000000e+04
1.012000000000000000e+04
1.167100000000000000e+04
9.382000000000000000e+03
9.383000000000000000e+03
9.384000000000000000e+03
9.386000000000000000e+03
6.600000000000000000e+01
3.750000000000000000e+02
3.760000000000000000e+02
3.770000000000000000e+02
3.780000000000000000e+02
9.489000000000000000e+03
1.068000000000000000e+03
1.070000000000000000e+03
1.829000000000000000e+03
2.568000000000000000e+03
2.029000000000000000e+03
4.280000000000000000e+02
4.639000000000000000e+03
5.046000000000000000e+03
5.048000000000000000e+03
4.050000000000000000e+02
2.404000000000000000e+03
1.080600000000000000e+04
1.132500000000000000e+04
3.905000000000000000e+03
4.212000000000000000e+03
5.000000000000000000e+03
5.615000000000000000e+03
4.990000000000000000e+03
4.993000000000000000e+03
6.859000000000000000e+03
8.774000000000000000e+03
9.736000000000000000e+03
4.988000000000000000e+03
5.614000000000000000e+03
8.769000000000000000e+03
8.781000000000000000e+03
1.400000000000000000e+01
2.090000000000000000e+02
1.699000000000000000e+03
3.270000000000000000e+03
4.050000000000000000e+02
2.404000000000000000e+03
4.350000000000000000e+02
4.410000000000000000e+02
4.420000000000000000e+02
4.430000000000000000e+02
7.404000000000000000e+03
1.820000000000000000e+02
5.100000000000000000e+02
4.355000000000000000e+03
4.726000000000000000e+03
4.952000000000000000e+03
4.957000000000000000e+03
4.960000000000000000e+03
4.963000000000000000e+03
4.968000000000000000e+03
7.762000000000000000e+03
1.011500000000000000e+04
1.011900000000000000e+04
7.405000000000000000e+03
1.291000000000000000e+03
3.035000000000000000e+03
4.112000000000000000e+03
3.084000000000000000e+03
4.355000000000000000e+03
4.726000000000000000e+03
4.952000000000000000e+03
4.957000000000000000e+03
4.960000000000000000e+03
4.963000000000000000e+03
4.968000000000000000e+03
7.762000000000000000e+03
1.011500000000000000e+04
1.011900000000000000e+04
4.549000000000000000e+03
4.519000000000000000e+03
1.064500000000000000e+04
1.064600000000000000e+04
1.064700000000000000e+04
4.350000000000000000e+02
4.410000000000000000e+02
4.420000000000000000e+02
4.430000000000000000e+02
7.170000000000000000e+02
1.388000000000000000e+03
3.660000000000000000e+03
8.990000000000000000e+02
4.951000000000000000e+03
1.890000000000000000e+02
3.659000000000000000e+03
4.773000000000000000e+03
5.146000000000000000e+03
2.241000000000000000e+03
9.381000000000000000e+03
1.221000000000000000e+03
8.510000000000000000e+02
9.380000000000000000e+03
3.750000000000000000e+02
3.760000000000000000e+02
3.770000000000000000e+02
3.780000000000000000e+02
4.970000000000000000e+02
1.099400000000000000e+04
2.164000000000000000e+03
8.990000000000000000e+02
4.951000000000000000e+03
2.241000000000000000e+03
9.381000000000000000e+03
1.046300000000000000e+04
2.245000000000000000e+03
8.968000000000000000e+03
1.102400000000000000e+04
2.971000000000000000e+03
3.018000000000000000e+03
4.391000000000000000e+03
2.071000000000000000e+03
3.320000000000000000e+02
2.090000000000000000e+03
6.150000000000000000e+02
2.135000000000000000e+03
1.081600000000000000e+04
8.701000000000000000e+03
1.082000000000000000e+03
2.396000000000000000e+03
8.366000000000000000e+03
8.367000000000000000e+03
1.185000000000000000e+03
1.186000000000000000e+03
1.187000000000000000e+03
2.100000000000000000e+03
1.189600000000000000e+04
1.066000000000000000e+03
8.701000000000000000e+03
1.054000000000000000e+03
2.164000000000000000e+03
2.164000000000000000e+03
3.232000000000000000e+03
3.232000000000000000e+03
3.232000000000000000e+03
3.655000000000000000e+03
1.561000000000000000e+03
1.863000000000000000e+03
1.969000000000000000e+03
2.147000000000000000e+03
2.294000000000000000e+03
2.295000000000000000e+03
2.297000000000000000e+03
2.484000000000000000e+03
2.557000000000000000e+03
2.748000000000000000e+03
8.368000000000000000e+03
1.024400000000000000e+04
3.654000000000000000e+03
4.325000000000000000e+03
4.326000000000000000e+03
4.350000000000000000e+02
4.410000000000000000e+02
4.420000000000000000e+02
4.430000000000000000e+02
7.420000000000000000e+02
4.385000000000000000e+03
7.234000000000000000e+03
1.830000000000000000e+02
5.110000000000000000e+02
9.630000000000000000e+02
1.126000000000000000e+03
1.227000000000000000e+03
1.569000000000000000e+03
1.664000000000000000e+03
1.968000000000000000e+03
2.088000000000000000e+03
2.102000000000000000e+03
2.323000000000000000e+03
2.719000000000000000e+03
3.346000000000000000e+03
9.597000000000000000e+03
1.132500000000000000e+04
4.160000000000000000e+02
5.332000000000000000e+03
1.074000000000000000e+03
5.145000000000000000e+03
7.419000000000000000e+03
1.610000000000000000e+02
5.490000000000000000e+02
1.940000000000000000e+02
1.401000000000000000e+03
3.599000000000000000e+03
1.152800000000000000e+04
9.420000000000000000e+02
2.237000000000000000e+03
4.241000000000000000e+03
1.818000000000000000e+03
3.458000000000000000e+03
3.459000000000000000e+03
1.224000000000000000e+03
7.168000000000000000e+03
2.300000000000000000e+02
9.210000000000000000e+02
1.716000000000000000e+03
5.553000000000000000e+03
7.605000000000000000e+03
1.221000000000000000e+03
3.425000000000000000e+03
5.644000000000000000e+03
5.646000000000000000e+03
1.370000000000000000e+02
3.005000000000000000e+03
3.409000000000000000e+03
1.625000000000000000e+03
4.250000000000000000e+02
7.281000000000000000e+03
1.880000000000000000e+02
5.080000000000000000e+02
4.260000000000000000e+02
7.200000000000000000e+02
1.855000000000000000e+03
2.100000000000000000e+03
2.720000000000000000e+03
3.531000000000000000e+03
1.800000000000000000e+03
5.820000000000000000e+02
1.868000000000000000e+03
5.627000000000000000e+03
6.010000000000000000e+02
8.702000000000000000e+03
1.022300000000000000e+04
1.102500000000000000e+04
1.163300000000000000e+04
1.163400000000000000e+04
1.163500000000000000e+04
1.163600000000000000e+04
1.178500000000000000e+04
