4.000000000000000000e+00
6.000000000000000000e+00
8.198000000000000000e+03
9.000000000000000000e+00
1.000000000000000000e+01
1.300000000000000000e+01
1.400000000000000000e+01
1.700000000000000000e+01
8.210000000000000000e+03
2.200000000000000000e+01
8.218000000000000000e+03
8.219000000000000000e+03
2.800000000000000000e+01
2.600000000000000000e+01
8.222000000000000000e+03
8.221000000000000000e+03
3.400000000000000000e+01
8.227000000000000000e+03
3.600000000000000000e+01
8.229000000000000000e+03
8.230000000000000000e+03
8.231000000000000000e+03
8.232000000000000000e+03
8.233000000000000000e+03
8.237000000000000000e+03
8.238000000000000000e+03
8.240000000000000000e+03
8.244000000000000000e+03
8.245000000000000000e+03
8.247000000000000000e+03
6.600000000000000000e+01
8.260000000000000000e+03
7.800000000000000000e+01
8.400000000000000000e+01
8.600000000000000000e+01
8.700000000000000000e+01
8.280000000000000000e+03
8.900000000000000000e+01
8.281000000000000000e+03
9.300000000000000000e+01
9.400000000000000000e+01
9.700000000000000000e+01
1.030000000000000000e+02
1.040000000000000000e+02
1.120000000000000000e+02
1.140000000000000000e+02
1.150000000000000000e+02
8.306000000000000000e+03
8.310000000000000000e+03
1.240000000000000000e+02
1.250000000000000000e+02
1.270000000000000000e+02
1.300000000000000000e+02
1.320000000000000000e+02
1.370000000000000000e+02
1.380000000000000000e+02
1.390000000000000000e+02
1.430000000000000000e+02
1.450000000000000000e+02
1.460000000000000000e+02
1.500000000000000000e+02
1.560000000000000000e+02
1.580000000000000000e+02
1.600000000000000000e+02
1.610000000000000000e+02
1.620000000000000000e+02
1.640000000000000000e+02
8.359000000000000000e+03
8.360000000000000000e+03
8.362000000000000000e+03
8.363000000000000000e+03
8.364000000000000000e+03
1.740000000000000000e+02
8.368000000000000000e+03
1.770000000000000000e+02
1.780000000000000000e+02
1.820000000000000000e+02
1.830000000000000000e+02
1.880000000000000000e+02
1.890000000000000000e+02
1.900000000000000000e+02
1.910000000000000000e+02
8.386000000000000000e+03
1.950000000000000000e+02
1.960000000000000000e+02
1.940000000000000000e+02
1.990000000000000000e+02
2.000000000000000000e+02
2.030000000000000000e+02
2.090000000000000000e+02
2.120000000000000000e+02
2.140000000000000000e+02
2.150000000000000000e+02
2.160000000000000000e+02
2.170000000000000000e+02
2.200000000000000000e+02
2.210000000000000000e+02
2.230000000000000000e+02
2.260000000000000000e+02
2.280000000000000000e+02
2.300000000000000000e+02
2.350000000000000000e+02
2.360000000000000000e+02
2.380000000000000000e+02
2.390000000000000000e+02
2.450000000000000000e+02
2.480000000000000000e+02
2.530000000000000000e+02
2.560000000000000000e+02
2.580000000000000000e+02
2.590000000000000000e+02
2.600000000000000000e+02
2.610000000000000000e+02
2.670000000000000000e+02
2.680000000000000000e+02
2.690000000000000000e+02
2.740000000000000000e+02
2.750000000000000000e+02
2.770000000000000000e+02
2.780000000000000000e+02
2.810000000000000000e+02
2.840000000000000000e+02
2.860000000000000000e+02
2.870000000000000000e+02
2.890000000000000000e+02
2.910000000000000000e+02
2.990000000000000000e+02
3.040000000000000000e+02
3.060000000000000000e+02
3.070000000000000000e+02
3.100000000000000000e+02
3.150000000000000000e+02
3.160000000000000000e+02
3.170000000000000000e+02
8.511000000000000000e+03
8.512000000000000000e+03
3.300000000000000000e+02
3.310000000000000000e+02
3.320000000000000000e+02
3.350000000000000000e+02
3.360000000000000000e+02
3.390000000000000000e+02
3.410000000000000000e+02
3.420000000000000000e+02
3.450000000000000000e+02
3.480000000000000000e+02
3.510000000000000000e+02
3.540000000000000000e+02
3.550000000000000000e+02
8.549000000000000000e+03
8.550000000000000000e+03
3.570000000000000000e+02
3.600000000000000000e+02
3.610000000000000000e+02
8.555000000000000000e+03
8.557000000000000000e+03
8.558000000000000000e+03
8.559000000000000000e+03
3.710000000000000000e+02
3.750000000000000000e+02
3.760000000000000000e+02
3.770000000000000000e+02
3.780000000000000000e+02
3.790000000000000000e+02
8.572000000000000000e+03
3.800000000000000000e+02
3.820000000000000000e+02
8.575000000000000000e+03
3.900000000000000000e+02
3.910000000000000000e+02
3.930000000000000000e+02
4.010000000000000000e+02
4.050000000000000000e+02
4.090000000000000000e+02
4.110000000000000000e+02
4.140000000000000000e+02
4.160000000000000000e+02
4.180000000000000000e+02
4.200000000000000000e+02
4.240000000000000000e+02
4.250000000000000000e+02
8.618000000000000000e+03
4.280000000000000000e+02
4.290000000000000000e+02
4.300000000000000000e+02
4.340000000000000000e+02
4.350000000000000000e+02
4.360000000000000000e+02
4.370000000000000000e+02
4.380000000000000000e+02
4.390000000000000000e+02
4.400000000000000000e+02
4.410000000000000000e+02
4.420000000000000000e+02
4.430000000000000000e+02
4.440000000000000000e+02
8.639000000000000000e+03
4.510000000000000000e+02
8.648000000000000000e+03
4.620000000000000000e+02
8.657000000000000000e+03
4.650000000000000000e+02
4.700000000000000000e+02
4.720000000000000000e+02
4.750000000000000000e+02
4.790000000000000000e+02
4.800000000000000000e+02
4.810000000000000000e+02
4.830000000000000000e+02
4.850000000000000000e+02
4.890000000000000000e+02
4.900000000000000000e+02
4.940000000000000000e+02
4.970000000000000000e+02
8.689000000000000000e+03
5.050000000000000000e+02
8.700000000000000000e+03
5.090000000000000000e+02
5.080000000000000000e+02
5.110000000000000000e+02
5.120000000000000000e+02
5.130000000000000000e+02
5.150000000000000000e+02
5.160000000000000000e+02
5.170000000000000000e+02
5.190000000000000000e+02
5.270000000000000000e+02
5.290000000000000000e+02
5.390000000000000000e+02
5.480000000000000000e+02
5.490000000000000000e+02
5.660000000000000000e+02
5.680000000000000000e+02
5.700000000000000000e+02
5.710000000000000000e+02
5.720000000000000000e+02
8.765000000000000000e+03
5.730000000000000000e+02
5.750000000000000000e+02
8.769000000000000000e+03
5.780000000000000000e+02
8.774000000000000000e+03
5.820000000000000000e+02
5.860000000000000000e+02
8.781000000000000000e+03
5.900000000000000000e+02
5.940000000000000000e+02
5.970000000000000000e+02
6.000000000000000000e+02
6.010000000000000000e+02
6.020000000000000000e+02
6.170000000000000000e+02
6.210000000000000000e+02
6.230000000000000000e+02
6.240000000000000000e+02
6.260000000000000000e+02
6.500000000000000000e+02
6.580000000000000000e+02
6.590000000000000000e+02
6.600000000000000000e+02
6.620000000000000000e+02
8.856000000000000000e+03
6.690000000000000000e+02
6.700000000000000000e+02
6.730000000000000000e+02
6.740000000000000000e+02
8.871000000000000000e+03
8.878000000000000000e+03
8.879000000000000000e+03
8.880000000000000000e+03
6.910000000000000000e+02
6.940000000000000000e+02
6.980000000000000000e+02
7.040000000000000000e+02
7.070000000000000000e+02
7.080000000000000000e+02
7.130000000000000000e+02
7.140000000000000000e+02
7.200000000000000000e+02
7.220000000000000000e+02
7.240000000000000000e+02
7.340000000000000000e+02
7.420000000000000000e+02
8.938000000000000000e+03
7.490000000000000000e+02
7.500000000000000000e+02
7.510000000000000000e+02
7.540000000000000000e+02
7.560000000000000000e+02
7.580000000000000000e+02
7.600000000000000000e+02
7.620000000000000000e+02
7.650000000000000000e+02
7.670000000000000000e+02
7.680000000000000000e+02
7.690000000000000000e+02
7.700000000000000000e+02
7.710000000000000000e+02
7.720000000000000000e+02
7.760000000000000000e+02
7.820000000000000000e+02
7.870000000000000000e+02
8.991000000000000000e+03
8.010000000000000000e+02
8.020000000000000000e+02
8.030000000000000000e+02
8.040000000000000000e+02
9.009000000000000000e+03
8.290000000000000000e+02
8.320000000000000000e+02
8.330000000000000000e+02
8.350000000000000000e+02
8.360000000000000000e+02
8.370000000000000000e+02
9.030000000000000000e+03
8.390000000000000000e+02
8.420000000000000000e+02
8.440000000000000000e+02
8.470000000000000000e+02
8.480000000000000000e+02
8.490000000000000000e+02
8.510000000000000000e+02
8.570000000000000000e+02
8.580000000000000000e+02
8.670000000000000000e+02
8.780000000000000000e+02
8.850000000000000000e+02
8.880000000000000000e+02
8.940000000000000000e+02
8.950000000000000000e+02
8.960000000000000000e+02
8.970000000000000000e+02
8.990000000000000000e+02
9.000000000000000000e+02
9.040000000000000000e+02
9.099000000000000000e+03
9.080000000000000000e+02
9.107000000000000000e+03
9.210000000000000000e+02
9.230000000000000000e+02
9.250000000000000000e+02
9.260000000000000000e+02
9.270000000000000000e+02
9.310000000000000000e+02
9.360000000000000000e+02
9.370000000000000000e+02
9.390000000000000000e+02
9.400000000000000000e+02
9.420000000000000000e+02
9.440000000000000000e+02
9.450000000000000000e+02
9.136000000000000000e+03
9.470000000000000000e+02
9.480000000000000000e+02
9.460000000000000000e+02
9.550000000000000000e+02
9.590000000000000000e+02
9.620000000000000000e+02
9.630000000000000000e+02
9.640000000000000000e+02
9.650000000000000000e+02
9.660000000000000000e+02
9.670000000000000000e+02
9.680000000000000000e+02
9.700000000000000000e+02
9.740000000000000000e+02
9.770000000000000000e+02
9.850000000000000000e+02
9.860000000000000000e+02
9.940000000000000000e+02
9.960000000000000000e+02
9.990000000000000000e+02
1.010000000000000000e+03
1.015000000000000000e+03
1.016000000000000000e+03
1.025000000000000000e+03
9.220000000000000000e+03
9.222000000000000000e+03
1.030000000000000000e+03
1.034000000000000000e+03
1.049000000000000000e+03
1.051000000000000000e+03
1.054000000000000000e+03
1.055000000000000000e+03
1.056000000000000000e+03
9.248000000000000000e+03
1.057000000000000000e+03
1.061000000000000000e+03
1.064000000000000000e+03
1.066000000000000000e+03
1.067000000000000000e+03
1.068000000000000000e+03
1.069000000000000000e+03
1.070000000000000000e+03
1.071000000000000000e+03
1.072000000000000000e+03
1.073000000000000000e+03
1.074000000000000000e+03
1.078000000000000000e+03
1.082000000000000000e+03
1.083000000000000000e+03
1.086000000000000000e+03
1.090000000000000000e+03
1.092000000000000000e+03
1.100000000000000000e+03
1.101000000000000000e+03
1.103000000000000000e+03
1.104000000000000000e+03
1.105000000000000000e+03
1.122000000000000000e+03
1.123000000000000000e+03
1.126000000000000000e+03
1.127000000000000000e+03
1.130000000000000000e+03
9.323000000000000000e+03
1.132000000000000000e+03
1.131000000000000000e+03
1.134000000000000000e+03
1.135000000000000000e+03
1.137000000000000000e+03
1.138000000000000000e+03
1.150000000000000000e+03
1.154000000000000000e+03
1.155000000000000000e+03
1.157000000000000000e+03
1.158000000000000000e+03
1.163000000000000000e+03
1.172000000000000000e+03
9.365000000000000000e+03
1.177000000000000000e+03
1.179000000000000000e+03
9.372000000000000000e+03
1.185000000000000000e+03
1.186000000000000000e+03
1.187000000000000000e+03
9.380000000000000000e+03
9.381000000000000000e+03
9.382000000000000000e+03
9.383000000000000000e+03
9.384000000000000000e+03
9.386000000000000000e+03
1.194000000000000000e+03
1.195000000000000000e+03
1.196000000000000000e+03
1.199000000000000000e+03
1.201000000000000000e+03
9.394000000000000000e+03
9.395000000000000000e+03
1.206000000000000000e+03
1.209000000000000000e+03
1.213000000000000000e+03
1.214000000000000000e+03
1.215000000000000000e+03
1.216000000000000000e+03
9.409000000000000000e+03
1.220000000000000000e+03
1.221000000000000000e+03
1.224000000000000000e+03
1.226000000000000000e+03
1.227000000000000000e+03
1.228000000000000000e+03
1.229000000000000000e+03
1.230000000000000000e+03
1.231000000000000000e+03
1.243000000000000000e+03
1.244000000000000000e+03
1.245000000000000000e+03
1.248000000000000000e+03
1.251000000000000000e+03
1.253000000000000000e+03
1.257000000000000000e+03
1.262000000000000000e+03
1.268000000000000000e+03
1.280000000000000000e+03
1.286000000000000000e+03
1.288000000000000000e+03
9.481000000000000000e+03
1.291000000000000000e+03
9.489000000000000000e+03
9.493000000000000000e+03
1.302000000000000000e+03
9.494000000000000000e+03
9.497000000000000000e+03
9.501000000000000000e+03
1.309000000000000000e+03
1.313000000000000000e+03
1.314000000000000000e+03
1.315000000000000000e+03
1.316000000000000000e+03
1.317000000000000000e+03
1.323000000000000000e+03
1.324000000000000000e+03
1.325000000000000000e+03
1.329000000000000000e+03
1.333000000000000000e+03
1.334000000000000000e+03
1.341000000000000000e+03
9.541000000000000000e+03
9.543000000000000000e+03
1.353000000000000000e+03
1.354000000000000000e+03
1.359000000000000000e+03
1.365000000000000000e+03
1.373000000000000000e+03
1.374000000000000000e+03
1.388000000000000000e+03
1.392000000000000000e+03
1.394000000000000000e+03
1.395000000000000000e+03
1.397000000000000000e+03
1.398000000000000000e+03
1.401000000000000000e+03
1.403000000000000000e+03
1.404000000000000000e+03
9.597000000000000000e+03
1.406000000000000000e+03
1.411000000000000000e+03
1.414000000000000000e+03
1.421000000000000000e+03
1.432000000000000000e+03
1.433000000000000000e+03
1.446000000000000000e+03
9.640000000000000000e+03
9.644000000000000000e+03
9.645000000000000000e+03
1.465000000000000000e+03
1.466000000000000000e+03
1.470000000000000000e+03
1.478000000000000000e+03
1.482000000000000000e+03
9.675000000000000000e+03
1.492000000000000000e+03
1.504000000000000000e+03
1.505000000000000000e+03
1.512000000000000000e+03
1.513000000000000000e+03
1.515000000000000000e+03
1.516000000000000000e+03
1.518000000000000000e+03
1.523000000000000000e+03
1.526000000000000000e+03
1.528000000000000000e+03
1.529000000000000000e+03
1.530000000000000000e+03
1.532000000000000000e+03
9.725000000000000000e+03
9.726000000000000000e+03
1.540000000000000000e+03
1.541000000000000000e+03
1.542000000000000000e+03
9.735000000000000000e+03
9.736000000000000000e+03
9.737000000000000000e+03
1.547000000000000000e+03
1.548000000000000000e+03
1.549000000000000000e+03
1.556000000000000000e+03
9.750000000000000000e+03
1.560000000000000000e+03
1.561000000000000000e+03
1.562000000000000000e+03
1.567000000000000000e+03
1.569000000000000000e+03
1.570000000000000000e+03
9.763000000000000000e+03
9.764000000000000000e+03
9.765000000000000000e+03
9.766000000000000000e+03
9.768000000000000000e+03
9.769000000000000000e+03
1.577000000000000000e+03
1.579000000000000000e+03
9.771000000000000000e+03
9.773000000000000000e+03
9.774000000000000000e+03
9.781000000000000000e+03
1.600000000000000000e+03
1.602000000000000000e+03
9.796000000000000000e+03
9.797000000000000000e+03
1.623000000000000000e+03
1.625000000000000000e+03
1.626000000000000000e+03
9.820000000000000000e+03
1.639000000000000000e+03
9.832000000000000000e+03
1.641000000000000000e+03
1.644000000000000000e+03
9.836000000000000000e+03
9.838000000000000000e+03
9.839000000000000000e+03
1.648000000000000000e+03
9.837000000000000000e+03
1.652000000000000000e+03
1.654000000000000000e+03
1.655000000000000000e+03
1.658000000000000000e+03
1.664000000000000000e+03
1.665000000000000000e+03
1.668000000000000000e+03
1.676000000000000000e+03
1.677000000000000000e+03
1.678000000000000000e+03
1.682000000000000000e+03
1.687000000000000000e+03
1.698000000000000000e+03
1.699000000000000000e+03
1.700000000000000000e+03
1.708000000000000000e+03
1.710000000000000000e+03
1.711000000000000000e+03
1.714000000000000000e+03
1.715000000000000000e+03
1.716000000000000000e+03
1.717000000000000000e+03
1.724000000000000000e+03
1.728000000000000000e+03
1.731000000000000000e+03
1.736000000000000000e+03
1.737000000000000000e+03
1.738000000000000000e+03
1.739000000000000000e+03
1.740000000000000000e+03
9.936000000000000000e+03
1.745000000000000000e+03
9.937000000000000000e+03
1.747000000000000000e+03
1.751000000000000000e+03
9.947000000000000000e+03
9.948000000000000000e+03
9.949000000000000000e+03
9.950000000000000000e+03
1.761000000000000000e+03
9.959000000000000000e+03
1.768000000000000000e+03
1.770000000000000000e+03
1.771000000000000000e+03
1.773000000000000000e+03
1.775000000000000000e+03
1.777000000000000000e+03
1.778000000000000000e+03
1.781000000000000000e+03
1.782000000000000000e+03
1.785000000000000000e+03
9.978000000000000000e+03
1.786000000000000000e+03
9.980000000000000000e+03
1.793000000000000000e+03
1.794000000000000000e+03
1.797000000000000000e+03
1.799000000000000000e+03
1.800000000000000000e+03
1.801000000000000000e+03
1.000200000000000000e+04
1.811000000000000000e+03
1.818000000000000000e+03
1.819000000000000000e+03
1.821000000000000000e+03
1.825000000000000000e+03
1.826000000000000000e+03
1.827000000000000000e+03
1.829000000000000000e+03
1.830000000000000000e+03
1.843000000000000000e+03
1.003500000000000000e+04
1.845000000000000000e+03
1.003900000000000000e+04
1.004000000000000000e+04
1.853000000000000000e+03
1.856000000000000000e+03
1.857000000000000000e+03
1.858000000000000000e+03
1.005200000000000000e+04
1.863000000000000000e+03
1.868000000000000000e+03
1.870000000000000000e+03
1.872000000000000000e+03
1.006400000000000000e+04
1.874000000000000000e+03
1.876000000000000000e+03
1.877000000000000000e+03
1.878000000000000000e+03
1.880000000000000000e+03
1.007900000000000000e+04
1.899000000000000000e+03
1.900000000000000000e+03
1.009200000000000000e+04
1.901000000000000000e+03
1.902000000000000000e+03
1.908000000000000000e+03
1.909000000000000000e+03
1.917000000000000000e+03
1.918000000000000000e+03
1.920000000000000000e+03
1.011500000000000000e+04
1.011600000000000000e+04
1.011700000000000000e+04
1.011800000000000000e+04
1.011900000000000000e+04
1.012000000000000000e+04
1.012100000000000000e+04
1.012200000000000000e+04
1.931000000000000000e+03
1.012400000000000000e+04
1.933000000000000000e+03
1.940000000000000000e+03
1.013700000000000000e+04
1.014200000000000000e+04
1.954000000000000000e+03
1.014700000000000000e+04
1.015900000000000000e+04
1.968000000000000000e+03
1.969000000000000000e+03
1.975000000000000000e+03
1.976000000000000000e+03
1.017000000000000000e+04
1.983000000000000000e+03
1.993000000000000000e+03
1.018500000000000000e+04
1.018600000000000000e+04
2.000000000000000000e+03
2.003000000000000000e+03
1.020400000000000000e+04
1.020500000000000000e+04
1.020600000000000000e+04
1.020800000000000000e+04
2.017000000000000000e+03
2.018000000000000000e+03
2.019000000000000000e+03
1.020900000000000000e+04
2.016000000000000000e+03
2.021000000000000000e+03
2.024000000000000000e+03
2.025000000000000000e+03
2.029000000000000000e+03
1.022100000000000000e+04
1.022300000000000000e+04
2.035000000000000000e+03
2.036000000000000000e+03
1.024400000000000000e+04
2.053000000000000000e+03
1.024600000000000000e+04
1.024700000000000000e+04
2.054000000000000000e+03
2.055000000000000000e+03
2.059000000000000000e+03
2.060000000000000000e+03
2.071000000000000000e+03
1.026700000000000000e+04
1.026800000000000000e+04
2.087000000000000000e+03
2.088000000000000000e+03
1.028000000000000000e+04
2.090000000000000000e+03
2.091000000000000000e+03
1.028300000000000000e+04
2.093000000000000000e+03
2.094000000000000000e+03
1.028100000000000000e+04
2.096000000000000000e+03
2.097000000000000000e+03
2.098000000000000000e+03
2.099000000000000000e+03
2.100000000000000000e+03
2.101000000000000000e+03
2.102000000000000000e+03
2.103000000000000000e+03
2.108000000000000000e+03
2.110000000000000000e+03
2.111000000000000000e+03
2.112000000000000000e+03
1.030300000000000000e+04
2.124000000000000000e+03
2.134000000000000000e+03
2.135000000000000000e+03
2.137000000000000000e+03
2.142000000000000000e+03
2.147000000000000000e+03
2.148000000000000000e+03
2.163000000000000000e+03
2.164000000000000000e+03
2.166000000000000000e+03
2.172000000000000000e+03
2.175000000000000000e+03
2.184000000000000000e+03
2.199000000000000000e+03
2.235000000000000000e+03
2.236000000000000000e+03
2.237000000000000000e+03
2.239000000000000000e+03
2.240000000000000000e+03
2.241000000000000000e+03
2.257000000000000000e+03
2.258000000000000000e+03
2.261000000000000000e+03
2.262000000000000000e+03
2.263000000000000000e+03
2.269000000000000000e+03
1.046300000000000000e+04
2.272000000000000000e+03
2.283000000000000000e+03
2.291000000000000000e+03
2.294000000000000000e+03
2.295000000000000000e+03
2.297000000000000000e+03
2.300000000000000000e+03
2.301000000000000000e+03
2.320000000000000000e+03
2.322000000000000000e+03
2.323000000000000000e+03
2.324000000000000000e+03
2.325000000000000000e+03
2.326000000000000000e+03
2.327000000000000000e+03
2.328000000000000000e+03
1.052000000000000000e+04
2.331000000000000000e+03
2.332000000000000000e+03
2.334000000000000000e+03
2.340000000000000000e+03
2.362000000000000000e+03
2.364000000000000000e+03
2.370000000000000000e+03
2.371000000000000000e+03
2.372000000000000000e+03
2.382000000000000000e+03
2.401000000000000000e+03
2.404000000000000000e+03
2.408000000000000000e+03
2.412000000000000000e+03
2.413000000000000000e+03
1.061300000000000000e+04
2.421000000000000000e+03
2.423000000000000000e+03
1.061400000000000000e+04
2.425000000000000000e+03
1.061900000000000000e+04
2.429000000000000000e+03
2.433000000000000000e+03
2.437000000000000000e+03
2.439000000000000000e+03
1.064300000000000000e+04
1.064400000000000000e+04
1.064500000000000000e+04
1.064600000000000000e+04
1.064700000000000000e+04
1.064800000000000000e+04
2.454000000000000000e+03
1.065200000000000000e+04
1.065300000000000000e+04
1.065400000000000000e+04
2.466000000000000000e+03
2.472000000000000000e+03
2.473000000000000000e+03
1.067500000000000000e+04
2.484000000000000000e+03
2.485000000000000000e+03
2.493000000000000000e+03
2.508000000000000000e+03
1.070600000000000000e+04
1.070700000000000000e+04
1.071200000000000000e+04
1.071500000000000000e+04
1.071600000000000000e+04
1.071700000000000000e+04
2.527000000000000000e+03
1.071900000000000000e+04
2.529000000000000000e+03
2.530000000000000000e+03
2.536000000000000000e+03
2.539000000000000000e+03
2.545000000000000000e+03
2.549000000000000000e+03
2.555000000000000000e+03
2.556000000000000000e+03
2.557000000000000000e+03
2.558000000000000000e+03
1.075700000000000000e+04
2.566000000000000000e+03
2.565000000000000000e+03
2.568000000000000000e+03
2.569000000000000000e+03
2.570000000000000000e+03
2.571000000000000000e+03
1.076400000000000000e+04
1.076000000000000000e+04
1.076500000000000000e+04
1.077600000000000000e+04
2.585000000000000000e+03
1.078300000000000000e+04
2.596000000000000000e+03
2.601000000000000000e+03
2.603000000000000000e+03
2.613000000000000000e+03
1.080600000000000000e+04
2.616000000000000000e+03
2.617000000000000000e+03
2.619000000000000000e+03
1.081300000000000000e+04
2.622000000000000000e+03
2.623000000000000000e+03
2.624000000000000000e+03
1.081900000000000000e+04
2.628000000000000000e+03
2.630000000000000000e+03
2.637000000000000000e+03
1.083000000000000000e+04
1.083100000000000000e+04
2.639000000000000000e+03
2.649000000000000000e+03
2.650000000000000000e+03
1.084500000000000000e+04
1.084800000000000000e+04
1.084900000000000000e+04
1.085100000000000000e+04
1.085200000000000000e+04
1.085900000000000000e+04
2.670000000000000000e+03
2.685000000000000000e+03
2.703000000000000000e+03
2.704000000000000000e+03
2.705000000000000000e+03
2.707000000000000000e+03
1.090100000000000000e+04
1.090600000000000000e+04
1.090700000000000000e+04
2.719000000000000000e+03
2.720000000000000000e+03
2.722000000000000000e+03
2.728000000000000000e+03
2.734000000000000000e+03
2.735000000000000000e+03
2.736000000000000000e+03
2.737000000000000000e+03
2.738000000000000000e+03
2.739000000000000000e+03
2.740000000000000000e+03
2.744000000000000000e+03
2.746000000000000000e+03
2.747000000000000000e+03
2.748000000000000000e+03
2.749000000000000000e+03
2.750000000000000000e+03
1.093900000000000000e+04
2.752000000000000000e+03
1.093800000000000000e+04
2.754000000000000000e+03
1.094800000000000000e+04
1.094900000000000000e+04
2.760000000000000000e+03
2.767000000000000000e+03
2.768000000000000000e+03
2.770000000000000000e+03
2.777000000000000000e+03
2.778000000000000000e+03
1.097000000000000000e+04
2.780000000000000000e+03
2.783000000000000000e+03
2.788000000000000000e+03
2.792000000000000000e+03
1.099100000000000000e+04
1.099300000000000000e+04
1.099400000000000000e+04
1.101900000000000000e+04
1.102600000000000000e+04
1.102900000000000000e+04
1.103700000000000000e+04
2.853000000000000000e+03
2.864000000000000000e+03
2.869000000000000000e+03
1.106300000000000000e+04
2.878000000000000000e+03
1.107300000000000000e+04
2.887000000000000000e+03
2.889000000000000000e+03
1.108200000000000000e+04
1.109800000000000000e+04
1.109900000000000000e+04
1.110100000000000000e+04
1.110400000000000000e+04
2.917000000000000000e+03
2.918000000000000000e+03
2.922000000000000000e+03
2.926000000000000000e+03
2.935000000000000000e+03
1.114300000000000000e+04
2.961000000000000000e+03
2.964000000000000000e+03
2.971000000000000000e+03
1.116900000000000000e+04
1.117000000000000000e+04
1.117200000000000000e+04
1.117300000000000000e+04
1.117400000000000000e+04
2.984000000000000000e+03
2.985000000000000000e+03
1.118200000000000000e+04
1.118300000000000000e+04
1.118600000000000000e+04
1.118800000000000000e+04
3.004000000000000000e+03
3.005000000000000000e+03
3.012000000000000000e+03
1.120400000000000000e+04
3.014000000000000000e+03
1.120500000000000000e+04
3.013000000000000000e+03
3.018000000000000000e+03
3.020000000000000000e+03
3.024000000000000000e+03
3.026000000000000000e+03
1.122300000000000000e+04
3.033000000000000000e+03
1.122500000000000000e+04
3.035000000000000000e+03
3.036000000000000000e+03
3.037000000000000000e+03
3.038000000000000000e+03
3.042000000000000000e+03
3.045000000000000000e+03
3.050000000000000000e+03
3.051000000000000000e+03
3.055000000000000000e+03
3.060000000000000000e+03
3.066000000000000000e+03
3.067000000000000000e+03
1.126200000000000000e+04
3.080000000000000000e+03
3.083000000000000000e+03
3.084000000000000000e+03
3.105000000000000000e+03
3.106000000000000000e+03
3.107000000000000000e+03
1.130700000000000000e+04
1.130800000000000000e+04
1.131000000000000000e+04
3.120000000000000000e+03
1.131200000000000000e+04
1.131600000000000000e+04
1.131700000000000000e+04
1.131900000000000000e+04
1.132300000000000000e+04
3.132000000000000000e+03
1.132500000000000000e+04
1.132900000000000000e+04
3.139000000000000000e+03
1.133500000000000000e+04
3.145000000000000000e+03
1.133700000000000000e+04
3.163000000000000000e+03
3.165000000000000000e+03
1.137200000000000000e+04
3.182000000000000000e+03
3.191000000000000000e+03
3.192000000000000000e+03
3.193000000000000000e+03
3.194000000000000000e+03
3.197000000000000000e+03
3.210000000000000000e+03
3.217000000000000000e+03
3.220000000000000000e+03
3.223000000000000000e+03
3.224000000000000000e+03
3.231000000000000000e+03
3.232000000000000000e+03
3.236000000000000000e+03
3.237000000000000000e+03
3.238000000000000000e+03
3.239000000000000000e+03
3.241000000000000000e+03
3.243000000000000000e+03
3.244000000000000000e+03
1.144300000000000000e+04
1.144400000000000000e+04
3.254000000000000000e+03
3.260000000000000000e+03
3.269000000000000000e+03
3.270000000000000000e+03
3.276000000000000000e+03
3.277000000000000000e+03
3.291000000000000000e+03
1.148500000000000000e+04
3.293000000000000000e+03
3.313000000000000000e+03
3.315000000000000000e+03
3.316000000000000000e+03
3.317000000000000000e+03
3.319000000000000000e+03
3.321000000000000000e+03
1.152700000000000000e+04
1.152800000000000000e+04
1.152900000000000000e+04
3.346000000000000000e+03
3.348000000000000000e+03
3.350000000000000000e+03
3.351000000000000000e+03
1.154300000000000000e+04
3.355000000000000000e+03
1.155500000000000000e+04
1.155600000000000000e+04
1.155700000000000000e+04
1.156200000000000000e+04
1.156300000000000000e+04
1.156400000000000000e+04
3.372000000000000000e+03
3.387000000000000000e+03
1.158100000000000000e+04
1.158200000000000000e+04
1.159100000000000000e+04
1.159200000000000000e+04
1.160000000000000000e+04
3.409000000000000000e+03
3.411000000000000000e+03
3.416000000000000000e+03
3.417000000000000000e+03
3.423000000000000000e+03
3.425000000000000000e+03
1.163200000000000000e+04
1.163300000000000000e+04
1.163400000000000000e+04
3.443000000000000000e+03
1.163500000000000000e+04
1.163600000000000000e+04
3.457000000000000000e+03
3.458000000000000000e+03
3.459000000000000000e+03
3.460000000000000000e+03
1.165900000000000000e+04
3.471000000000000000e+03
3.472000000000000000e+03
3.473000000000000000e+03
3.474000000000000000e+03
3.492000000000000000e+03
3.503000000000000000e+03
3.504000000000000000e+03
3.508000000000000000e+03
3.509000000000000000e+03
1.170600000000000000e+04
1.170700000000000000e+04
3.522000000000000000e+03
1.171600000000000000e+04
1.171700000000000000e+04
3.527000000000000000e+03
1.172100000000000000e+04
3.530000000000000000e+03
3.531000000000000000e+03
3.532000000000000000e+03
1.172200000000000000e+04
3.537000000000000000e+03
3.538000000000000000e+03
3.546000000000000000e+03
1.176500000000000000e+04
3.576000000000000000e+03
1.178300000000000000e+04
1.178600000000000000e+04
3.595000000000000000e+03
3.596000000000000000e+03
3.599000000000000000e+03
3.601000000000000000e+03
3.618000000000000000e+03
3.632000000000000000e+03
3.634000000000000000e+03
3.643000000000000000e+03
3.646000000000000000e+03
3.648000000000000000e+03
3.650000000000000000e+03
3.652000000000000000e+03
3.654000000000000000e+03
3.655000000000000000e+03
3.656000000000000000e+03
3.657000000000000000e+03
3.658000000000000000e+03
3.659000000000000000e+03
3.660000000000000000e+03
3.661000000000000000e+03
3.662000000000000000e+03
3.663000000000000000e+03
3.664000000000000000e+03
3.665000000000000000e+03
1.188500000000000000e+04
1.188600000000000000e+04
1.188900000000000000e+04
1.189300000000000000e+04
1.189400000000000000e+04
1.189500000000000000e+04
1.189600000000000000e+04
1.190500000000000000e+04
1.190600000000000000e+04
3.743000000000000000e+03
3.758000000000000000e+03
3.774000000000000000e+03
3.778000000000000000e+03
3.789000000000000000e+03
3.804000000000000000e+03
3.813000000000000000e+03
3.815000000000000000e+03
3.816000000000000000e+03
3.858000000000000000e+03
3.867000000000000000e+03
3.893000000000000000e+03
3.896000000000000000e+03
3.898000000000000000e+03
3.910000000000000000e+03
3.913000000000000000e+03
3.914000000000000000e+03
3.916000000000000000e+03
3.919000000000000000e+03
3.920000000000000000e+03
3.923000000000000000e+03
3.929000000000000000e+03
3.940000000000000000e+03
3.947000000000000000e+03
3.950000000000000000e+03
3.966000000000000000e+03
3.968000000000000000e+03
3.970000000000000000e+03
3.971000000000000000e+03
3.980000000000000000e+03
3.986000000000000000e+03
3.991000000000000000e+03
4.001000000000000000e+03
4.007000000000000000e+03
4.019000000000000000e+03
4.024000000000000000e+03
4.027000000000000000e+03
4.030000000000000000e+03
4.031000000000000000e+03
4.034000000000000000e+03
4.035000000000000000e+03
4.037000000000000000e+03
4.090000000000000000e+03
4.100000000000000000e+03
4.109000000000000000e+03
4.111000000000000000e+03
4.112000000000000000e+03
4.120000000000000000e+03
4.125000000000000000e+03
4.137000000000000000e+03
4.144000000000000000e+03
4.148000000000000000e+03
4.150000000000000000e+03
4.159000000000000000e+03
4.162000000000000000e+03
4.170000000000000000e+03
4.173000000000000000e+03
4.184000000000000000e+03
4.188000000000000000e+03
4.189000000000000000e+03
4.190000000000000000e+03
4.198000000000000000e+03
4.199000000000000000e+03
4.203000000000000000e+03
4.204000000000000000e+03
4.206000000000000000e+03
4.208000000000000000e+03
4.210000000000000000e+03
4.217000000000000000e+03
4.224000000000000000e+03
4.231000000000000000e+03
4.238000000000000000e+03
4.241000000000000000e+03
4.268000000000000000e+03
4.273000000000000000e+03
4.274000000000000000e+03
4.286000000000000000e+03
4.292000000000000000e+03
4.294000000000000000e+03
4.300000000000000000e+03
4.314000000000000000e+03
4.316000000000000000e+03
4.318000000000000000e+03
4.319000000000000000e+03
4.325000000000000000e+03
4.326000000000000000e+03
4.355000000000000000e+03
4.365000000000000000e+03
4.376000000000000000e+03
4.378000000000000000e+03
4.383000000000000000e+03
4.385000000000000000e+03
4.386000000000000000e+03
4.391000000000000000e+03
4.401000000000000000e+03
4.405000000000000000e+03
4.424000000000000000e+03
4.425000000000000000e+03
4.426000000000000000e+03
4.428000000000000000e+03
4.429000000000000000e+03
4.430000000000000000e+03
4.438000000000000000e+03
4.439000000000000000e+03
4.440000000000000000e+03
4.441000000000000000e+03
4.444000000000000000e+03
4.445000000000000000e+03
4.448000000000000000e+03
4.449000000000000000e+03
4.457000000000000000e+03
4.463000000000000000e+03
4.470000000000000000e+03
4.475000000000000000e+03
4.477000000000000000e+03
4.509000000000000000e+03
4.511000000000000000e+03
4.519000000000000000e+03
4.533000000000000000e+03
4.534000000000000000e+03
4.535000000000000000e+03
4.536000000000000000e+03
4.537000000000000000e+03
4.543000000000000000e+03
4.544000000000000000e+03
4.549000000000000000e+03
4.550000000000000000e+03
4.559000000000000000e+03
4.560000000000000000e+03
4.562000000000000000e+03
4.566000000000000000e+03
4.567000000000000000e+03
4.568000000000000000e+03
4.573000000000000000e+03
4.586000000000000000e+03
4.587000000000000000e+03
4.591000000000000000e+03
4.594000000000000000e+03
4.606000000000000000e+03
4.617000000000000000e+03
4.620000000000000000e+03
4.633000000000000000e+03
4.638000000000000000e+03
4.639000000000000000e+03
4.640000000000000000e+03
4.657000000000000000e+03
4.658000000000000000e+03
4.672000000000000000e+03
4.673000000000000000e+03
4.710000000000000000e+03
4.724000000000000000e+03
4.725000000000000000e+03
4.726000000000000000e+03
4.733000000000000000e+03
4.737000000000000000e+03
4.738000000000000000e+03
4.739000000000000000e+03
4.740000000000000000e+03
4.741000000000000000e+03
4.742000000000000000e+03
4.743000000000000000e+03
4.744000000000000000e+03
4.745000000000000000e+03
4.746000000000000000e+03
4.747000000000000000e+03
4.748000000000000000e+03
4.749000000000000000e+03
4.756000000000000000e+03
4.771000000000000000e+03
4.773000000000000000e+03
4.779000000000000000e+03
4.780000000000000000e+03
4.781000000000000000e+03
4.783000000000000000e+03
4.805000000000000000e+03
4.810000000000000000e+03
4.812000000000000000e+03
4.856000000000000000e+03
4.858000000000000000e+03
4.859000000000000000e+03
4.864000000000000000e+03
4.880000000000000000e+03
4.928000000000000000e+03
4.929000000000000000e+03
4.935000000000000000e+03
4.941000000000000000e+03
4.944000000000000000e+03
4.945000000000000000e+03
4.946000000000000000e+03
4.949000000000000000e+03
4.951000000000000000e+03
4.952000000000000000e+03
4.953000000000000000e+03
4.954000000000000000e+03
4.955000000000000000e+03
4.956000000000000000e+03
4.957000000000000000e+03
4.958000000000000000e+03
4.959000000000000000e+03
4.960000000000000000e+03
4.961000000000000000e+03
4.962000000000000000e+03
4.963000000000000000e+03
4.964000000000000000e+03
4.965000000000000000e+03
4.966000000000000000e+03
4.967000000000000000e+03
4.968000000000000000e+03
4.969000000000000000e+03
4.970000000000000000e+03
4.972000000000000000e+03
4.979000000000000000e+03
4.983000000000000000e+03
4.985000000000000000e+03
4.986000000000000000e+03
4.988000000000000000e+03
4.990000000000000000e+03
4.993000000000000000e+03
4.998000000000000000e+03
5.000000000000000000e+03
5.032000000000000000e+03
5.046000000000000000e+03
5.048000000000000000e+03
5.049000000000000000e+03
5.051000000000000000e+03
5.052000000000000000e+03
5.066000000000000000e+03
5.068000000000000000e+03
5.069000000000000000e+03
5.070000000000000000e+03
5.071000000000000000e+03
5.074000000000000000e+03
5.075000000000000000e+03
5.081000000000000000e+03
5.085000000000000000e+03
5.086000000000000000e+03
5.112000000000000000e+03
5.133000000000000000e+03
5.134000000000000000e+03
5.135000000000000000e+03
5.145000000000000000e+03
5.146000000000000000e+03
5.168000000000000000e+03
5.176000000000000000e+03
5.196000000000000000e+03
5.197000000000000000e+03
5.199000000000000000e+03
5.220000000000000000e+03
5.221000000000000000e+03
5.222000000000000000e+03
5.223000000000000000e+03
5.233000000000000000e+03
5.234000000000000000e+03
5.297000000000000000e+03
5.305000000000000000e+03
5.320000000000000000e+03
5.332000000000000000e+03
5.334000000000000000e+03
5.389000000000000000e+03
5.506000000000000000e+03
5.510000000000000000e+03
5.511000000000000000e+03
5.549000000000000000e+03
5.553000000000000000e+03
5.554000000000000000e+03
5.570000000000000000e+03
5.571000000000000000e+03
5.575000000000000000e+03
5.576000000000000000e+03
5.577000000000000000e+03
5.578000000000000000e+03
5.586000000000000000e+03
5.595000000000000000e+03
5.605000000000000000e+03
5.606000000000000000e+03
5.607000000000000000e+03
5.608000000000000000e+03
5.614000000000000000e+03
5.615000000000000000e+03
5.616000000000000000e+03
5.617000000000000000e+03
5.627000000000000000e+03
5.629000000000000000e+03
5.630000000000000000e+03
5.633000000000000000e+03
5.634000000000000000e+03
5.635000000000000000e+03
5.636000000000000000e+03
5.637000000000000000e+03
5.644000000000000000e+03
5.645000000000000000e+03
5.646000000000000000e+03
5.647000000000000000e+03
5.662000000000000000e+03
5.681000000000000000e+03
5.683000000000000000e+03
5.684000000000000000e+03
5.688000000000000000e+03
5.692000000000000000e+03
5.705000000000000000e+03
5.706000000000000000e+03
5.707000000000000000e+03
5.712000000000000000e+03
5.724000000000000000e+03
5.725000000000000000e+03
5.747000000000000000e+03
5.763000000000000000e+03
5.790000000000000000e+03
5.820000000000000000e+03
5.837000000000000000e+03
5.838000000000000000e+03
5.850000000000000000e+03
5.875000000000000000e+03
5.884000000000000000e+03
5.961000000000000000e+03
5.963000000000000000e+03
5.994000000000000000e+03
6.001000000000000000e+03
6.004000000000000000e+03
6.010000000000000000e+03
6.023000000000000000e+03
6.034000000000000000e+03
6.043000000000000000e+03
6.049000000000000000e+03
6.050000000000000000e+03
6.069000000000000000e+03
6.070000000000000000e+03
6.077000000000000000e+03
6.081000000000000000e+03
6.082000000000000000e+03
6.084000000000000000e+03
6.087000000000000000e+03
6.088000000000000000e+03
6.091000000000000000e+03
6.092000000000000000e+03
6.093000000000000000e+03
6.094000000000000000e+03
6.096000000000000000e+03
6.098000000000000000e+03
6.099000000000000000e+03
6.103000000000000000e+03
6.112000000000000000e+03
6.113000000000000000e+03
6.114000000000000000e+03
6.131000000000000000e+03
6.132000000000000000e+03
6.134000000000000000e+03
6.138000000000000000e+03
6.141000000000000000e+03
6.142000000000000000e+03
6.144000000000000000e+03
6.152000000000000000e+03
6.154000000000000000e+03
6.171000000000000000e+03
6.172000000000000000e+03
6.173000000000000000e+03
6.174000000000000000e+03
6.177000000000000000e+03
6.178000000000000000e+03
6.179000000000000000e+03
6.180000000000000000e+03
6.185000000000000000e+03
6.186000000000000000e+03
6.200000000000000000e+03
6.202000000000000000e+03
6.203000000000000000e+03
6.209000000000000000e+03
6.226000000000000000e+03
6.228000000000000000e+03
6.229000000000000000e+03
6.236000000000000000e+03
6.250000000000000000e+03
6.251000000000000000e+03
6.280000000000000000e+03
6.363000000000000000e+03
6.411000000000000000e+03
6.412000000000000000e+03
6.447000000000000000e+03
6.513000000000000000e+03
6.514000000000000000e+03
6.520000000000000000e+03
6.521000000000000000e+03
6.522000000000000000e+03
6.558000000000000000e+03
6.590000000000000000e+03
6.601000000000000000e+03
6.620000000000000000e+03
6.740000000000000000e+03
6.782000000000000000e+03
6.783000000000000000e+03
6.784000000000000000e+03
6.785000000000000000e+03
6.786000000000000000e+03
6.787000000000000000e+03
6.788000000000000000e+03
6.789000000000000000e+03
6.835000000000000000e+03
6.836000000000000000e+03
6.838000000000000000e+03
6.846000000000000000e+03
6.847000000000000000e+03
6.859000000000000000e+03
6.861000000000000000e+03
6.863000000000000000e+03
6.895000000000000000e+03
6.917000000000000000e+03
6.927000000000000000e+03
6.941000000000000000e+03
6.942000000000000000e+03
6.983000000000000000e+03
6.987000000000000000e+03
7.002000000000000000e+03
7.003000000000000000e+03
7.004000000000000000e+03
7.023000000000000000e+03
7.024000000000000000e+03
7.025000000000000000e+03
7.026000000000000000e+03
7.034000000000000000e+03
7.035000000000000000e+03
7.059000000000000000e+03
7.060000000000000000e+03
7.064000000000000000e+03
7.069000000000000000e+03
7.070000000000000000e+03
7.083000000000000000e+03
7.084000000000000000e+03
7.091000000000000000e+03
7.092000000000000000e+03
7.093000000000000000e+03
7.094000000000000000e+03
7.100000000000000000e+03
7.105000000000000000e+03
7.113000000000000000e+03
7.116000000000000000e+03
7.125000000000000000e+03
7.127000000000000000e+03
7.133000000000000000e+03
7.136000000000000000e+03
7.140000000000000000e+03
7.168000000000000000e+03
7.176000000000000000e+03
7.180000000000000000e+03
7.182000000000000000e+03
7.210000000000000000e+03
7.229000000000000000e+03
7.232000000000000000e+03
7.233000000000000000e+03
7.234000000000000000e+03
7.235000000000000000e+03
7.237000000000000000e+03
7.238000000000000000e+03
7.262000000000000000e+03
7.263000000000000000e+03
7.268000000000000000e+03
7.273000000000000000e+03
7.280000000000000000e+03
7.281000000000000000e+03
7.282000000000000000e+03
7.290000000000000000e+03
7.291000000000000000e+03
7.297000000000000000e+03
7.314000000000000000e+03
7.316000000000000000e+03
7.343000000000000000e+03
7.354000000000000000e+03
7.355000000000000000e+03
7.358000000000000000e+03
7.359000000000000000e+03
7.379000000000000000e+03
7.387000000000000000e+03
7.396000000000000000e+03
7.404000000000000000e+03
7.405000000000000000e+03
7.406000000000000000e+03
7.408000000000000000e+03
7.411000000000000000e+03
7.414000000000000000e+03
7.417000000000000000e+03
7.418000000000000000e+03
7.419000000000000000e+03
7.443000000000000000e+03
7.459000000000000000e+03
7.460000000000000000e+03
7.461000000000000000e+03
7.605000000000000000e+03
7.606000000000000000e+03
7.607000000000000000e+03
7.608000000000000000e+03
7.618000000000000000e+03
7.639000000000000000e+03
7.640000000000000000e+03
7.641000000000000000e+03
7.644000000000000000e+03
7.651000000000000000e+03
7.658000000000000000e+03
7.659000000000000000e+03
7.660000000000000000e+03
7.661000000000000000e+03
7.671000000000000000e+03
7.762000000000000000e+03
7.763000000000000000e+03
7.765000000000000000e+03
7.766000000000000000e+03
7.767000000000000000e+03
7.768000000000000000e+03
7.769000000000000000e+03
7.770000000000000000e+03
7.771000000000000000e+03
7.807000000000000000e+03
7.809000000000000000e+03
7.810000000000000000e+03
7.818000000000000000e+03
7.832000000000000000e+03
7.859000000000000000e+03
7.860000000000000000e+03
7.889000000000000000e+03
7.890000000000000000e+03
7.891000000000000000e+03
7.893000000000000000e+03
7.894000000000000000e+03
7.895000000000000000e+03
7.897000000000000000e+03
7.898000000000000000e+03
7.899000000000000000e+03
7.937000000000000000e+03
7.953000000000000000e+03
8.034000000000000000e+03
8.056000000000000000e+03
8.057000000000000000e+03
8.091000000000000000e+03
8.093000000000000000e+03
8.094000000000000000e+03
8.095000000000000000e+03
8.120000000000000000e+03
8.121000000000000000e+03
8.124000000000000000e+03
8.127000000000000000e+03
8.165000000000000000e+03
8.166000000000000000e+03
