2.000000000000000000e+00
1.024400000000000000e+04
4.000000000000000000e+00
1.024600000000000000e+04
1.024700000000000000e+04
2.055000000000000000e+03
8.198000000000000000e+03
2.059000000000000000e+03
2.060000000000000000e+03
4.109000000000000000e+03
2.061000000000000000e+03
4.112000000000000000e+03
8.210000000000000000e+03
2.071000000000000000e+03
4.120000000000000000e+03
2.500000000000000000e+01
8.218000000000000000e+03
6.171000000000000000e+03
6.172000000000000000e+03
6.173000000000000000e+03
6.174000000000000000e+03
6.177000000000000000e+03
6.178000000000000000e+03
6.179000000000000000e+03
3.600000000000000000e+01
8.231000000000000000e+03
2.087000000000000000e+03
6.185000000000000000e+03
2.090000000000000000e+03
6.186000000000000000e+03
4.137000000000000000e+03
8.237000000000000000e+03
8.238000000000000000e+03
2.094000000000000000e+03
4.144000000000000000e+03
8.240000000000000000e+03
2.098000000000000000e+03
4.143000000000000000e+03
2.100000000000000000e+03
2.101000000000000000e+03
8.244000000000000000e+03
8.245000000000000000e+03
4.148000000000000000e+03
2.110000000000000000e+03
2.111000000000000000e+03
4.159000000000000000e+03
6.600000000000000000e+01
6.700000000000000000e+01
4.170000000000000000e+03
8.400000000000000000e+01
8.600000000000000000e+01
2.135000000000000000e+03
2.142000000000000000e+03
2.147000000000000000e+03
1.034200000000000000e+04
1.040000000000000000e+02
4.204000000000000000e+03
4.206000000000000000e+03
4.208000000000000000e+03
4.212000000000000000e+03
2.164000000000000000e+03
1.270000000000000000e+02
4.224000000000000000e+03
1.300000000000000000e+02
6.275000000000000000e+03
1.350000000000000000e+02
4.231000000000000000e+03
1.370000000000000000e+02
4.238000000000000000e+03
1.430000000000000000e+02
1.450000000000000000e+02
1.460000000000000000e+02
4.241000000000000000e+03
4.370000000000000000e+02
1.530000000000000000e+02
4.380000000000000000e+02
1.580000000000000000e+02
4.390000000000000000e+02
1.610000000000000000e+02
1.620000000000000000e+02
8.360000000000000000e+03
8.362000000000000000e+03
8.363000000000000000e+03
4.268000000000000000e+03
8.364000000000000000e+03
8.368000000000000000e+03
1.770000000000000000e+02
4.273000000000000000e+03
2.235000000000000000e+03
2.236000000000000000e+03
1.890000000000000000e+02
1.900000000000000000e+02
2.237000000000000000e+03
1.880000000000000000e+02
1.940000000000000000e+02
4.292000000000000000e+03
4.294000000000000000e+03
2.000000000000000000e+02
2.250000000000000000e+03
2.060000000000000000e+02
2.120000000000000000e+02
2.262000000000000000e+03
2.170000000000000000e+02
4.314000000000000000e+03
6.363000000000000000e+03
2.200000000000000000e+02
2.210000000000000000e+02
4.316000000000000000e+03
1.046300000000000000e+04
2.272000000000000000e+03
4.318000000000000000e+03
4.325000000000000000e+03
2.300000000000000000e+02
4.326000000000000000e+03
2.285000000000000000e+03
2.380000000000000000e+02
2.287000000000000000e+03
2.288000000000000000e+03
2.430000000000000000e+02
2.294000000000000000e+03
2.295000000000000000e+03
2.297000000000000000e+03
2.301000000000000000e+03
2.302000000000000000e+03
2.560000000000000000e+02
4.355000000000000000e+03
2.600000000000000000e+02
2.620000000000000000e+02
6.411000000000000000e+03
6.412000000000000000e+03
2.320000000000000000e+03
2.740000000000000000e+02
2.322000000000000000e+03
4.378000000000000000e+03
2.840000000000000000e+02
2.890000000000000000e+02
4.386000000000000000e+03
2.910000000000000000e+02
2.340000000000000000e+03
4.391000000000000000e+03
2.990000000000000000e+02
6.447000000000000000e+03
3.150000000000000000e+02
4.420000000000000000e+03
1.056400000000000000e+04
3.320000000000000000e+02
4.429000000000000000e+03
4.428000000000000000e+03
3.350000000000000000e+02
3.360000000000000000e+02
4.435000000000000000e+03
3.410000000000000000e+02
4.449000000000000000e+03
3.540000000000000000e+02
3.550000000000000000e+02
3.570000000000000000e+02
2.408000000000000000e+03
4.457000000000000000e+03
2.412000000000000000e+03
2.413000000000000000e+03
4.463000000000000000e+03
6.513000000000000000e+03
6.514000000000000000e+03
1.061300000000000000e+04
2.421000000000000000e+03
3.750000000000000000e+02
3.760000000000000000e+02
3.770000000000000000e+02
3.780000000000000000e+02
3.790000000000000000e+02
1.061900000000000000e+04
3.820000000000000000e+02
6.529000000000000000e+03
6.530000000000000000e+03
2.433000000000000000e+03
3.900000000000000000e+02
3.930000000000000000e+02
4.010000000000000000e+02
1.064500000000000000e+04
1.064600000000000000e+04
1.064700000000000000e+04
1.064800000000000000e+04
1.064900000000000000e+04
1.065000000000000000e+04
1.065100000000000000e+04
4.509000000000000000e+03
6.558000000000000000e+03
4.160000000000000000e+02
4.180000000000000000e+02
4.519000000000000000e+03
4.240000000000000000e+02
4.250000000000000000e+02
4.280000000000000000e+02
4.290000000000000000e+02
4.300000000000000000e+02
6.578000000000000000e+03
4.350000000000000000e+02
2.484000000000000000e+03
4.533000000000000000e+03
4.534000000000000000e+03
4.535000000000000000e+03
4.536000000000000000e+03
4.410000000000000000e+02
4.420000000000000000e+02
4.430000000000000000e+02
4.440000000000000000e+02
4.537000000000000000e+03
6.590000000000000000e+03
4.543000000000000000e+03
4.544000000000000000e+03
4.400000000000000000e+02
8.635000000000000000e+03
8.639000000000000000e+03
4.550000000000000000e+03
2.508000000000000000e+03
4.610000000000000000e+02
4.559000000000000000e+03
4.560000000000000000e+03
8.657000000000000000e+03
1.070600000000000000e+04
1.070700000000000000e+04
4.562000000000000000e+03
4.566000000000000000e+03
4.567000000000000000e+03
1.071200000000000000e+04
4.568000000000000000e+03
4.750000000000000000e+02
1.071600000000000000e+04
4.573000000000000000e+03
4.810000000000000000e+02
2.530000000000000000e+03
4.830000000000000000e+02
4.850000000000000000e+02
4.587000000000000000e+03
4.940000000000000000e+02
4.591000000000000000e+03
8.689000000000000000e+03
4.594000000000000000e+03
8.700000000000000000e+03
2.557000000000000000e+03
4.606000000000000000e+03
5.080000000000000000e+02
5.120000000000000000e+02
1.075700000000000000e+04
2.568000000000000000e+03
4.617000000000000000e+03
4.639000000000000000e+03
1.109900000000000000e+04
5.490000000000000000e+02
4.657000000000000000e+03
4.658000000000000000e+03
1.080600000000000000e+04
5.660000000000000000e+02
2.617000000000000000e+03
2.619000000000000000e+03
5.720000000000000000e+02
1.081300000000000000e+04
5.750000000000000000e+02
2.628000000000000000e+03
8.774000000000000000e+03
5.820000000000000000e+02
5.900000000000000000e+02
5.970000000000000000e+02
6.000000000000000000e+02
2.661000000000000000e+03
4.710000000000000000e+03
6.190000000000000000e+02
1.085900000000000000e+04
4.724000000000000000e+03
4.726000000000000000e+03
2.685000000000000000e+03
2.687000000000000000e+03
2.688000000000000000e+03
4.738000000000000000e+03
4.740000000000000000e+03
4.744000000000000000e+03
4.746000000000000000e+03
4.749000000000000000e+03
6.540000000000000000e+02
4.751000000000000000e+03
6.580000000000000000e+02
6.590000000000000000e+02
6.600000000000000000e+02
6.730000000000000000e+02
2.722000000000000000e+03
4.771000000000000000e+03
6.740000000000000000e+02
4.770000000000000000e+03
4.773000000000000000e+03
4.779000000000000000e+03
4.780000000000000000e+03
2.734000000000000000e+03
4.782000000000000000e+03
2.739000000000000000e+03
2.740000000000000000e+03
6.940000000000000000e+02
1.093800000000000000e+04
2.748000000000000000e+03
7.030000000000000000e+02
7.040000000000000000e+02
1.094800000000000000e+04
1.094900000000000000e+04
6.859000000000000000e+03
6.861000000000000000e+03
2.767000000000000000e+03
6.863000000000000000e+03
2.770000000000000000e+03
7.240000000000000000e+02
7.280000000000000000e+02
2.777000000000000000e+03
7.340000000000000000e+02
2.783000000000000000e+03
2.788000000000000000e+03
7.420000000000000000e+02
7.490000000000000000e+02
7.510000000000000000e+02
2.802000000000000000e+03
7.560000000000000000e+02
7.620000000000000000e+02
4.859000000000000000e+03
7.650000000000000000e+02
7.670000000000000000e+02
7.680000000000000000e+02
7.690000000000000000e+02
7.700000000000000000e+02
7.710000000000000000e+02
7.820000000000000000e+02
1.102900000000000000e+04
6.941000000000000000e+03
6.942000000000000000e+03
2.852000000000000000e+03
2.853000000000000000e+03
2.864000000000000000e+03
9.030000000000000000e+03
4.935000000000000000e+03
8.420000000000000000e+02
6.987000000000000000e+03
8.440000000000000000e+02
4.941000000000000000e+03
8.470000000000000000e+02
8.480000000000000000e+02
8.490000000000000000e+02
4.946000000000000000e+03
4.944000000000000000e+03
4.945000000000000000e+03
8.510000000000000000e+02
4.951000000000000000e+03
8.560000000000000000e+02
4.953000000000000000e+03
4.954000000000000000e+03
1.109800000000000000e+04
4.955000000000000000e+03
1.110100000000000000e+04
4.958000000000000000e+03
8.570000000000000000e+02
4.952000000000000000e+03
4.961000000000000000e+03
4.957000000000000000e+03
4.960000000000000000e+03
4.964000000000000000e+03
4.965000000000000000e+03
4.966000000000000000e+03
2.918000000000000000e+03
4.963000000000000000e+03
4.969000000000000000e+03
4.968000000000000000e+03
2.914000000000000000e+03
4.983000000000000000e+03
7.034000000000000000e+03
7.035000000000000000e+03
4.990000000000000000e+03
8.950000000000000000e+02
8.960000000000000000e+02
4.993000000000000000e+03
8.970000000000000000e+02
8.990000000000000000e+02
9.000000000000000000e+02
2.961000000000000000e+03
9.210000000000000000e+02
2.971000000000000000e+03
9.270000000000000000e+02
9.280000000000000000e+02
1.117300000000000000e+04
1.117400000000000000e+04
2.984000000000000000e+03
9.360000000000000000e+02
9.370000000000000000e+02
9.390000000000000000e+02
9.400000000000000000e+02
5.032000000000000000e+03
9.420000000000000000e+02
9.430000000000000000e+02
9.460000000000000000e+02
9.480000000000000000e+02
5.046000000000000000e+03
5.048000000000000000e+03
9.550000000000000000e+02
5.052000000000000000e+03
3.005000000000000000e+03
9.590000000000000000e+02
9.650000000000000000e+02
9.660000000000000000e+02
3.013000000000000000e+03
3.018000000000000000e+03
3.020000000000000000e+03
3.024000000000000000e+03
3.026000000000000000e+03
5.074000000000000000e+03
3.028000000000000000e+03
3.027000000000000000e+03
3.030000000000000000e+03
3.035000000000000000e+03
3.038000000000000000e+03
3.042000000000000000e+03
9.950000000000000000e+02
9.960000000000000000e+02
3.045000000000000000e+03
9.990000000000000000e+02
1.000000000000000000e+03
1.009000000000000000e+03
1.015000000000000000e+03
3.066000000000000000e+03
3.067000000000000000e+03
1.126100000000000000e+04
1.030000000000000000e+03
7.176000000000000000e+03
3.084000000000000000e+03
7.180000000000000000e+03
1.049000000000000000e+03
5.146000000000000000e+03
5.145000000000000000e+03
1.054000000000000000e+03
9.247000000000000000e+03
1.056000000000000000e+03
3.104000000000000000e+03
5.150000000000000000e+03
1.057000000000000000e+03
1.061000000000000000e+03
1.067000000000000000e+03
1.068000000000000000e+03
1.070000000000000000e+03
1.131200000000000000e+04
1.072000000000000000e+03
5.168000000000000000e+03
1.074000000000000000e+03
1.078000000000000000e+03
1.131900000000000000e+04
5.176000000000000000e+03
5.177000000000000000e+03
1.083000000000000000e+03
3.132000000000000000e+03
5.180000000000000000e+03
5.181000000000000000e+03
5.185000000000000000e+03
7.234000000000000000e+03
1.092000000000000000e+03
7.237000000000000000e+03
7.238000000000000000e+03
1.133700000000000000e+04
5.196000000000000000e+03
5.197000000000000000e+03
5.199000000000000000e+03
5.209000000000000000e+03
3.165000000000000000e+03
1.122000000000000000e+03
5.220000000000000000e+03
5.221000000000000000e+03
5.222000000000000000e+03
5.223000000000000000e+03
7.268000000000000000e+03
5.225000000000000000e+03
3.172000000000000000e+03
1.130000000000000000e+03
1.132000000000000000e+03
1.127000000000000000e+03
3.182000000000000000e+03
1.135000000000000000e+03
5.224000000000000000e+03
7.281000000000000000e+03
7.282000000000000000e+03
1.138000000000000000e+03
3.189000000000000000e+03
3.191000000000000000e+03
3.192000000000000000e+03
3.193000000000000000e+03
3.194000000000000000e+03
1.150000000000000000e+03
1.154000000000000000e+03
7.302000000000000000e+03
3.210000000000000000e+03
1.168000000000000000e+03
3.217000000000000000e+03
7.314000000000000000e+03
9.365000000000000000e+03
3.223000000000000000e+03
1.175000000000000000e+03
1.177000000000000000e+03
1.178000000000000000e+03
3.224000000000000000e+03
9.372000000000000000e+03
1.179000000000000000e+03
3.231000000000000000e+03
3.232000000000000000e+03
3.236000000000000000e+03
3.237000000000000000e+03
3.238000000000000000e+03
3.239000000000000000e+03
9.380000000000000000e+03
9.382000000000000000e+03
9.383000000000000000e+03
9.384000000000000000e+03
1.196000000000000000e+03
9.386000000000000000e+03
1.199000000000000000e+03
3.254000000000000000e+03
3.260000000000000000e+03
1.220000000000000000e+03
3.269000000000000000e+03
3.275000000000000000e+03
1.229000000000000000e+03
1.230000000000000000e+03
1.231000000000000000e+03
5.332000000000000000e+03
7.405000000000000000e+03
1.262000000000000000e+03
3.319000000000000000e+03
3.321000000000000000e+03
1.280000000000000000e+03
1.286000000000000000e+03
1.288000000000000000e+03
1.152800000000000000e+04
1.152900000000000000e+04
3.348000000000000000e+03
3.349000000000000000e+03
3.350000000000000000e+03
3.351000000000000000e+03
7.456000000000000000e+03
7.459000000000000000e+03
7.460000000000000000e+03
1.156200000000000000e+04
1.323000000000000000e+03
1.156300000000000000e+04
1.156400000000000000e+04
1.341000000000000000e+03
9.543000000000000000e+03
1.159200000000000000e+04
1.353000000000000000e+03
1.359000000000000000e+03
3.409000000000000000e+03
1.365000000000000000e+03
1.369000000000000000e+03
3.422000000000000000e+03
1.163300000000000000e+04
1.163400000000000000e+04
1.395000000000000000e+03
1.163500000000000000e+04
1.397000000000000000e+03
1.163600000000000000e+04
5.496000000000000000e+03
1.401000000000000000e+03
1.403000000000000000e+03
9.597000000000000000e+03
9.598000000000000000e+03
9.599000000000000000e+03
3.458000000000000000e+03
3.459000000000000000e+03
3.460000000000000000e+03
5.509000000000000000e+03
5.508000000000000000e+03
3.471000000000000000e+03
3.472000000000000000e+03
1.449000000000000000e+03
3.503000000000000000e+03
3.504000000000000000e+03
5.553000000000000000e+03
7.606000000000000000e+03
7.607000000000000000e+03
1.470000000000000000e+03
5.576000000000000000e+03
5.577000000000000000e+03
5.578000000000000000e+03
9.675000000000000000e+03
1.172400000000000000e+04
1.172600000000000000e+04
1.492000000000000000e+03
7.641000000000000000e+03
1.497000000000000000e+03
5.595000000000000000e+03
1.512000000000000000e+03
1.513000000000000000e+03
1.516000000000000000e+03
1.518000000000000000e+03
5.617000000000000000e+03
1.176500000000000000e+04
1.529000000000000000e+03
1.530000000000000000e+03
5.627000000000000000e+03
5.629000000000000000e+03
5.630000000000000000e+03
9.725000000000000000e+03
5.633000000000000000e+03
5.634000000000000000e+03
5.635000000000000000e+03
5.636000000000000000e+03
5.637000000000000000e+03
9.736000000000000000e+03
9.737000000000000000e+03
1.178400000000000000e+04
1.547000000000000000e+03
3.596000000000000000e+03
5.645000000000000000e+03
3.601000000000000000e+03
1.561000000000000000e+03
1.180300000000000000e+04
5.662000000000000000e+03
9.763000000000000000e+03
9.764000000000000000e+03
9.765000000000000000e+03
9.766000000000000000e+03
9.768000000000000000e+03
9.769000000000000000e+03
1.579000000000000000e+03
3.632000000000000000e+03
5.688000000000000000e+03
3.646000000000000000e+03
3.648000000000000000e+03
1.600000000000000000e+03
3.650000000000000000e+03
1.602000000000000000e+03
3.654000000000000000e+03
3.655000000000000000e+03
3.656000000000000000e+03
3.657000000000000000e+03
3.658000000000000000e+03
3.659000000000000000e+03
3.660000000000000000e+03
3.661000000000000000e+03
3.662000000000000000e+03
3.663000000000000000e+03
3.664000000000000000e+03
3.665000000000000000e+03
7.762000000000000000e+03
7.763000000000000000e+03
7.765000000000000000e+03
1.625000000000000000e+03
1.626000000000000000e+03
7.772000000000000000e+03
7.773000000000000000e+03
7.774000000000000000e+03
7.775000000000000000e+03
9.832000000000000000e+03
1.641000000000000000e+03
5.747000000000000000e+03
1.189300000000000000e+04
1.654000000000000000e+03
1.655000000000000000e+03
1.189600000000000000e+04
3.704000000000000000e+03
1.658000000000000000e+03
1.663000000000000000e+03
1.665000000000000000e+03
1.687000000000000000e+03
7.832000000000000000e+03
3.743000000000000000e+03
5.807000000000000000e+03
5.808000000000000000e+03
5.809000000000000000e+03
1.714000000000000000e+03
1.715000000000000000e+03
1.716000000000000000e+03
5.812000000000000000e+03
5.814000000000000000e+03
5.810000000000000000e+03
5.815000000000000000e+03
1.724000000000000000e+03
1.736000000000000000e+03
1.738000000000000000e+03
1.740000000000000000e+03
3.789000000000000000e+03
7.889000000000000000e+03
7.893000000000000000e+03
7.897000000000000000e+03
1.771000000000000000e+03
1.786000000000000000e+03
5.884000000000000000e+03
1.799000000000000000e+03
1.800000000000000000e+03
1.801000000000000000e+03
1.804000000000000000e+03
1.811000000000000000e+03
3.867000000000000000e+03
1.821000000000000000e+03
1.826000000000000000e+03
1.829000000000000000e+03
1.830000000000000000e+03
3.884000000000000000e+03
1.843000000000000000e+03
1.845000000000000000e+03
3.905000000000000000e+03
1.858000000000000000e+03
3.910000000000000000e+03
1.863000000000000000e+03
3.916000000000000000e+03
1.869000000000000000e+03
1.870000000000000000e+03
8.034000000000000000e+03
3.940000000000000000e+03
1.008800000000000000e+04
1.008900000000000000e+04
3.947000000000000000e+03
3.948000000000000000e+03
3.950000000000000000e+03
3.970000000000000000e+03
3.971000000000000000e+03
1.011600000000000000e+04
1.011700000000000000e+04
1.011500000000000000e+04
1.011900000000000000e+04
1.012000000000000000e+04
1.012100000000000000e+04
1.012400000000000000e+04
1.942000000000000000e+03
8.093000000000000000e+03
4.000000000000000000e+03
6.049000000000000000e+03
6.050000000000000000e+03
1.969000000000000000e+03
6.069000000000000000e+03
1.976000000000000000e+03
1.993000000000000000e+03
2.003000000000000000e+03
1.020800000000000000e+04
1.020900000000000000e+04
2.016000000000000000e+03
2.017000000000000000e+03
2.018000000000000000e+03
2.021000000000000000e+03
2.019000000000000000e+03
2.024000000000000000e+03
2.029000000000000000e+03
6.131000000000000000e+03
6.132000000000000000e+03
6.134000000000000000e+03
4.090000000000000000e+03
