4.097000000000000000e+03
1.024400000000000000e+04
2.052000000000000000e+03
8.198000000000000000e+03
6.000000000000000000e+00
4.000000000000000000e+00
9.000000000000000000e+00
2.059000000000000000e+03
2.060000000000000000e+03
4.109000000000000000e+03
1.400000000000000000e+01
2.061000000000000000e+03
4.112000000000000000e+03
6.160000000000000000e+03
8.210000000000000000e+03
2.071000000000000000e+03
4.120000000000000000e+03
8.218000000000000000e+03
2.600000000000000000e+01
8.220000000000000000e+03
4.125000000000000000e+03
8.221000000000000000e+03
6.172000000000000000e+03
6.173000000000000000e+03
2.081000000000000000e+03
3.400000000000000000e+01
6.174000000000000000e+03
3.600000000000000000e+01
6.177000000000000000e+03
6.179000000000000000e+03
2.087000000000000000e+03
8.231000000000000000e+03
8.232000000000000000e+03
8.233000000000000000e+03
2.091000000000000000e+03
2.090000000000000000e+03
2.093000000000000000e+03
2.094000000000000000e+03
8.237000000000000000e+03
8.240000000000000000e+03
4.144000000000000000e+03
2.098000000000000000e+03
2.096000000000000000e+03
2.097000000000000000e+03
8.244000000000000000e+03
2.099000000000000000e+03
2.101000000000000000e+03
4.150000000000000000e+03
8.249000000000000000e+03
2.100000000000000000e+03
8.251000000000000000e+03
6.199000000000000000e+03
8.245000000000000000e+03
8.255000000000000000e+03
2.112000000000000000e+03
8.258000000000000000e+03
2.124000000000000000e+03
4.173000000000000000e+03
4.178000000000000000e+03
8.400000000000000000e+01
6.229000000000000000e+03
8.600000000000000000e+01
2.133000000000000000e+03
2.135000000000000000e+03
8.281000000000000000e+03
9.300000000000000000e+01
9.400000000000000000e+01
2.142000000000000000e+03
9.381000000000000000e+03
2.147000000000000000e+03
4.198000000000000000e+03
4.199000000000000000e+03
1.040000000000000000e+02
8.295000000000000000e+03
1.034200000000000000e+04
6.251000000000000000e+03
8.300000000000000000e+03
4.206000000000000000e+03
4.208000000000000000e+03
1.140000000000000000e+02
1.150000000000000000e+02
4.212000000000000000e+03
2.164000000000000000e+03
8.306000000000000000e+03
8.310000000000000000e+03
1.240000000000000000e+02
1.270000000000000000e+02
4.225000000000000000e+03
1.300000000000000000e+02
1.320000000000000000e+02
4.231000000000000000e+03
1.370000000000000000e+02
1.390000000000000000e+02
2.800000000000000000e+01
4.238000000000000000e+03
1.450000000000000000e+02
1.460000000000000000e+02
4.241000000000000000e+03
1.500000000000000000e+02
2.199000000000000000e+03
1.560000000000000000e+02
1.580000000000000000e+02
1.610000000000000000e+02
1.620000000000000000e+02
1.640000000000000000e+02
8.360000000000000000e+03
8.362000000000000000e+03
8.363000000000000000e+03
8.364000000000000000e+03
4.268000000000000000e+03
1.740000000000000000e+02
4.420000000000000000e+02
1.770000000000000000e+02
8.368000000000000000e+03
4.273000000000000000e+03
2.235000000000000000e+03
2.236000000000000000e+03
1.890000000000000000e+02
1.900000000000000000e+02
2.237000000000000000e+03
2.240000000000000000e+03
2.241000000000000000e+03
1.940000000000000000e+02
1.880000000000000000e+02
4.292000000000000000e+03
2.245000000000000000e+03
4.294000000000000000e+03
1.990000000000000000e+02
2.000000000000000000e+02
2.060000000000000000e+02
2.070000000000000000e+02
2.090000000000000000e+02
2.120000000000000000e+02
2.140000000000000000e+02
2.263000000000000000e+03
8.570000000000000000e+02
2.170000000000000000e+02
4.314000000000000000e+03
2.262000000000000000e+03
2.200000000000000000e+02
4.316000000000000000e+03
1.046300000000000000e+04
2.272000000000000000e+03
2.260000000000000000e+02
2.280000000000000000e+02
4.325000000000000000e+03
2.300000000000000000e+02
4.326000000000000000e+03
1.046800000000000000e+04
2.282000000000000000e+03
2.350000000000000000e+02
2.360000000000000000e+02
2.283000000000000000e+03
2.380000000000000000e+02
2.390000000000000000e+02
2.291000000000000000e+03
2.294000000000000000e+03
2.295000000000000000e+03
2.296000000000000000e+03
2.480000000000000000e+02
2.298000000000000000e+03
2.297000000000000000e+03
4.348000000000000000e+03
2.300000000000000000e+03
2.530000000000000000e+02
2.301000000000000000e+03
2.560000000000000000e+02
4.355000000000000000e+03
2.600000000000000000e+02
2.610000000000000000e+02
2.590000000000000000e+02
2.670000000000000000e+02
4.364000000000000000e+03
2.680000000000000000e+02
1.051000000000000000e+04
2.690000000000000000e+02
2.320000000000000000e+03
2.740000000000000000e+02
2.750000000000000000e+02
2.322000000000000000e+03
2.326000000000000000e+03
2.327000000000000000e+03
1.052000000000000000e+04
4.378000000000000000e+03
2.331000000000000000e+03
2.332000000000000000e+03
2.820000000000000000e+02
2.334000000000000000e+03
2.890000000000000000e+02
4.386000000000000000e+03
2.910000000000000000e+02
2.340000000000000000e+03
4.385000000000000000e+03
4.391000000000000000e+03
2.990000000000000000e+02
6.447000000000000000e+03
3.060000000000000000e+02
4.405000000000000000e+03
3.100000000000000000e+02
8.503000000000000000e+03
3.150000000000000000e+02
3.160000000000000000e+02
3.170000000000000000e+02
2.371000000000000000e+03
2.372000000000000000e+03
2.376000000000000000e+03
3.300000000000000000e+02
3.310000000000000000e+02
4.426000000000000000e+03
4.429000000000000000e+03
4.430000000000000000e+03
4.428000000000000000e+03
3.350000000000000000e+02
3.320000000000000000e+02
4.952000000000000000e+03
4.439000000000000000e+03
4.440000000000000000e+03
4.441000000000000000e+03
3.440000000000000000e+02
3.480000000000000000e+02
3.510000000000000000e+02
4.448000000000000000e+03
2.401000000000000000e+03
6.176000000000000000e+03
3.550000000000000000e+02
3.570000000000000000e+02
8.549000000000000000e+03
8.550000000000000000e+03
2.408000000000000000e+03
8.555000000000000000e+03
2.412000000000000000e+03
2.413000000000000000e+03
3.650000000000000000e+02
4.463000000000000000e+03
6.178000000000000000e+03
4.957000000000000000e+03
8.557000000000000000e+03
8.558000000000000000e+03
1.061300000000000000e+04
3.750000000000000000e+02
3.760000000000000000e+02
3.770000000000000000e+02
3.780000000000000000e+02
1.061900000000000000e+04
8.572000000000000000e+03
3.790000000000000000e+02
3.820000000000000000e+02
8.575000000000000000e+03
3.800000000000000000e+02
6.529000000000000000e+03
4.960000000000000000e+03
6.530000000000000000e+03
2.433000000000000000e+03
2.437000000000000000e+03
4.486000000000000000e+03
4.487000000000000000e+03
6.531000000000000000e+03
4.963000000000000000e+03
3.960000000000000000e+02
4.010000000000000000e+02
1.064800000000000000e+04
2.459000000000000000e+03
8.603000000000000000e+03
4.509000000000000000e+03
4.140000000000000000e+02
6.558000000000000000e+03
4.160000000000000000e+02
4.511000000000000000e+03
4.180000000000000000e+02
2.466000000000000000e+03
4.200000000000000000e+02
4.519000000000000000e+03
2.472000000000000000e+03
2.473000000000000000e+03
4.240000000000000000e+02
4.280000000000000000e+02
4.290000000000000000e+02
4.300000000000000000e+02
4.350000000000000000e+02
2.484000000000000000e+03
2.485000000000000000e+03
4.533000000000000000e+03
4.390000000000000000e+02
4.534000000000000000e+03
4.536000000000000000e+03
4.370000000000000000e+02
4.380000000000000000e+02
4.400000000000000000e+02
4.535000000000000000e+03
6.590000000000000000e+03
4.543000000000000000e+03
4.537000000000000000e+03
4.544000000000000000e+03
4.410000000000000000e+02
4.510000000000000000e+02
4.430000000000000000e+02
4.440000000000000000e+02
2.493000000000000000e+03
8.639000000000000000e+03
8.648000000000000000e+03
1.026700000000000000e+04
2.508000000000000000e+03
1.026800000000000000e+04
4.559000000000000000e+03
4.560000000000000000e+03
8.657000000000000000e+03
4.562000000000000000e+03
1.070700000000000000e+04
4.566000000000000000e+03
4.568000000000000000e+03
1.071200000000000000e+04
1.071500000000000000e+04
1.071600000000000000e+04
4.573000000000000000e+03
1.071700000000000000e+04
4.800000000000000000e+02
4.810000000000000000e+02
2.530000000000000000e+03
4.830000000000000000e+02
4.850000000000000000e+02
8.238000000000000000e+03
4.890000000000000000e+02
4.591000000000000000e+03
8.689000000000000000e+03
4.594000000000000000e+03
8.700000000000000000e+03
2.557000000000000000e+03
2.558000000000000000e+03
5.080000000000000000e+02
5.120000000000000000e+02
5.130000000000000000e+02
5.160000000000000000e+02
5.170000000000000000e+02
1.075700000000000000e+04
5.190000000000000000e+02
2.568000000000000000e+03
4.617000000000000000e+03
2.569000000000000000e+03
8.717000000000000000e+03
8.718000000000000000e+03
1.109500000000000000e+04
2.585000000000000000e+03
5.390000000000000000e+02
4.638000000000000000e+03
4.639000000000000000e+03
4.640000000000000000e+03
1.078300000000000000e+04
1.109900000000000000e+04
5.490000000000000000e+02
5.520000000000000000e+02
1.080600000000000000e+04
2.617000000000000000e+03
5.700000000000000000e+02
5.710000000000000000e+02
5.720000000000000000e+02
5.730000000000000000e+02
8.765000000000000000e+03
1.081300000000000000e+04
4.672000000000000000e+03
4.673000000000000000e+03
5.780000000000000000e+02
1.081900000000000000e+04
5.750000000000000000e+02
2.623000000000000000e+03
8.774000000000000000e+03
2.630000000000000000e+03
6.728000000000000000e+03
5.820000000000000000e+02
5.860000000000000000e+02
2.628000000000000000e+03
5.900000000000000000e+02
5.970000000000000000e+02
6.000000000000000000e+02
2.649000000000000000e+03
6.020000000000000000e+02
1.084900000000000000e+04
1.085000000000000000e+04
4.710000000000000000e+03
2.662000000000000000e+03
6.190000000000000000e+02
1.085900000000000000e+04
2.670000000000000000e+03
6.230000000000000000e+02
6.240000000000000000e+02
4.724000000000000000e+03
4.725000000000000000e+03
6.300000000000000000e+02
4.726000000000000000e+03
6.500000000000000000e+02
6.510000000000000000e+02
2.704000000000000000e+03
6.580000000000000000e+02
2.707000000000000000e+03
6.600000000000000000e+02
6.590000000000000000e+02
8.856000000000000000e+03
1.090700000000000000e+04
2.718000000000000000e+03
2.720000000000000000e+03
2.722000000000000000e+03
4.771000000000000000e+03
6.740000000000000000e+02
4.773000000000000000e+03
8.871000000000000000e+03
2.728000000000000000e+03
4.779000000000000000e+03
4.780000000000000000e+03
2.733000000000000000e+03
2.734000000000000000e+03
2.735000000000000000e+03
2.736000000000000000e+03
2.739000000000000000e+03
2.740000000000000000e+03
6.910000000000000000e+02
6.940000000000000000e+02
2.748000000000000000e+03
2.749000000000000000e+03
7.030000000000000000e+02
7.050000000000000000e+02
7.060000000000000000e+02
1.094800000000000000e+04
1.094900000000000000e+04
4.805000000000000000e+03
2.760000000000000000e+03
7.130000000000000000e+02
7.140000000000000000e+02
6.859000000000000000e+03
6.861000000000000000e+03
6.863000000000000000e+03
2.767000000000000000e+03
7.200000000000000000e+02
2.770000000000000000e+03
7.220000000000000000e+02
7.240000000000000000e+02
2.780000000000000000e+03
7.340000000000000000e+02
2.783000000000000000e+03
2.788000000000000000e+03
7.420000000000000000e+02
8.938000000000000000e+03
2.797000000000000000e+03
7.490000000000000000e+02
1.099100000000000000e+04
1.099300000000000000e+04
7.540000000000000000e+02
7.560000000000000000e+02
1.099600000000000000e+04
1.099700000000000000e+04
1.099800000000000000e+04
7.600000000000000000e+02
7.620000000000000000e+02
4.859000000000000000e+03
4.858000000000000000e+03
7.650000000000000000e+02
2.813000000000000000e+03
7.670000000000000000e+02
7.680000000000000000e+02
7.690000000000000000e+02
7.700000000000000000e+02
7.710000000000000000e+02
7.720000000000000000e+02
6.917000000000000000e+03
7.820000000000000000e+02
6.927000000000000000e+03
4.880000000000000000e+03
1.102900000000000000e+04
1.103700000000000000e+04
8.010000000000000000e+02
8.020000000000000000e+02
8.030000000000000000e+02
2.851000000000000000e+03
2.853000000000000000e+03
8.110000000000000000e+02
8.160000000000000000e+02
2.864000000000000000e+03
1.106300000000000000e+04
3.013000000000000000e+03
2.878000000000000000e+03
1.107300000000000000e+04
8.350000000000000000e+02
8.370000000000000000e+02
9.030000000000000000e+03
2.887000000000000000e+03
8.390000000000000000e+02
8.420000000000000000e+02
6.987000000000000000e+03
8.440000000000000000e+02
4.941000000000000000e+03
8.470000000000000000e+02
8.480000000000000000e+02
8.490000000000000000e+02
4.944000000000000000e+03
8.510000000000000000e+02
4.945000000000000000e+03
4.949000000000000000e+03
4.946000000000000000e+03
1.109000000000000000e+04
8.560000000000000000e+02
4.953000000000000000e+03
1.109800000000000000e+04
4.955000000000000000e+03
4.956000000000000000e+03
1.110100000000000000e+04
4.958000000000000000e+03
4.959000000000000000e+03
4.954000000000000000e+03
4.961000000000000000e+03
4.962000000000000000e+03
8.670000000000000000e+02
4.964000000000000000e+03
4.965000000000000000e+03
4.966000000000000000e+03
4.967000000000000000e+03
2.918000000000000000e+03
4.969000000000000000e+03
4.970000000000000000e+03
8.750000000000000000e+02
2.924000000000000000e+03
4.972000000000000000e+03
4.968000000000000000e+03
2.921000000000000000e+03
4.983000000000000000e+03
1.112800000000000000e+04
2.619000000000000000e+03
7.034000000000000000e+03
7.035000000000000000e+03
8.940000000000000000e+02
4.990000000000000000e+03
8.950000000000000000e+02
4.993000000000000000e+03
8.970000000000000000e+02
8.960000000000000000e+02
9.000000000000000000e+02
2.948000000000000000e+03
4.998000000000000000e+03
1.114300000000000000e+04
9.097000000000000000e+03
9.099000000000000000e+03
2.961000000000000000e+03
2.964000000000000000e+03
9.210000000000000000e+02
9.220000000000000000e+02
2.971000000000000000e+03
9.250000000000000000e+02
9.260000000000000000e+02
9.270000000000000000e+02
9.280000000000000000e+02
1.117000000000000000e+04
1.117200000000000000e+04
1.117300000000000000e+04
1.117400000000000000e+04
9.350000000000000000e+02
2.984000000000000000e+03
9.360000000000000000e+02
9.370000000000000000e+02
9.390000000000000000e+02
9.400000000000000000e+02
2.985000000000000000e+03
5.032000000000000000e+03
9.430000000000000000e+02
9.420000000000000000e+02
9.450000000000000000e+02
5.046000000000000000e+03
5.048000000000000000e+03
5.052000000000000000e+03
5.053000000000000000e+03
3.005000000000000000e+03
9.590000000000000000e+02
7.105000000000000000e+03
9.620000000000000000e+02
9.640000000000000000e+02
3.012000000000000000e+03
9.650000000000000000e+02
9.660000000000000000e+02
3.014000000000000000e+03
9.670000000000000000e+02
9.680000000000000000e+02
9.700000000000000000e+02
5.068000000000000000e+03
5.069000000000000000e+03
5.070000000000000000e+03
5.071000000000000000e+03
3.020000000000000000e+03
5.066000000000000000e+03
3.018000000000000000e+03
3.024000000000000000e+03
9.850000000000000000e+02
9.860000000000000000e+02
3.035000000000000000e+03
5.081000000000000000e+03
5.085000000000000000e+03
3.038000000000000000e+03
5.086000000000000000e+03
9.940000000000000000e+02
9.960000000000000000e+02
9.990000000000000000e+02
1.000000000000000000e+03
7.145000000000000000e+03
3.050000000000000000e+03
3.051000000000000000e+03
1.015000000000000000e+03
1.016000000000000000e+03
3.066000000000000000e+03
3.067000000000000000e+03
1.126200000000000000e+04
7.168000000000000000e+03
1.030000000000000000e+03
1.034000000000000000e+03
3.083000000000000000e+03
3.084000000000000000e+03
5.133000000000000000e+03
5.134000000000000000e+03
7.180000000000000000e+03
1.049000000000000000e+03
5.145000000000000000e+03
1.054000000000000000e+03
9.247000000000000000e+03
3.104000000000000000e+03
1.057000000000000000e+03
1.056000000000000000e+03
5.150000000000000000e+03
1.055000000000000000e+03
1.061000000000000000e+03
1.066000000000000000e+03
1.067000000000000000e+03
1.068000000000000000e+03
1.069000000000000000e+03
1.131000000000000000e+04
1.071000000000000000e+03
1.072000000000000000e+03
1.073000000000000000e+03
5.168000000000000000e+03
1.070000000000000000e+03
1.131200000000000000e+04
1.074000000000000000e+03
3.122000000000000000e+03
1.131900000000000000e+04
5.177000000000000000e+03
1.082000000000000000e+03
1.083000000000000000e+03
3.132000000000000000e+03
1.132500000000000000e+04
1.086000000000000000e+03
5.181000000000000000e+03
5.180000000000000000e+03
1.132900000000000000e+04
1.090000000000000000e+03
7.233000000000000000e+03
7.234000000000000000e+03
7.237000000000000000e+03
7.238000000000000000e+03
1.133700000000000000e+04
5.197000000000000000e+03
3.165000000000000000e+03
7.263000000000000000e+03
1.121000000000000000e+03
1.122000000000000000e+03
1.123000000000000000e+03
5.220000000000000000e+03
5.221000000000000000e+03
5.222000000000000000e+03
5.223000000000000000e+03
7.268000000000000000e+03
5.225000000000000000e+03
1.130000000000000000e+03
1.127000000000000000e+03
1.137200000000000000e+04
3.174000000000000000e+03
5.224000000000000000e+03
1.135000000000000000e+03
1.132000000000000000e+03
1.137000000000000000e+03
7.282000000000000000e+03
1.138000000000000000e+03
5.233000000000000000e+03
7.285000000000000000e+03
5.234000000000000000e+03
3.191000000000000000e+03
3.192000000000000000e+03
3.193000000000000000e+03
3.194000000000000000e+03
1.148000000000000000e+03
3.197000000000000000e+03
1.150000000000000000e+03
1.154000000000000000e+03
1.139700000000000000e+04
1.158000000000000000e+03
7.302000000000000000e+03
1.139800000000000000e+04
1.163000000000000000e+03
3.217000000000000000e+03
1.172000000000000000e+03
9.365000000000000000e+03
3.222000000000000000e+03
1.174000000000000000e+03
3.223000000000000000e+03
1.177000000000000000e+03
9.372000000000000000e+03
3.232000000000000000e+03
1.185000000000000000e+03
1.186000000000000000e+03
1.187000000000000000e+03
3.236000000000000000e+03
3.237000000000000000e+03
3.238000000000000000e+03
3.239000000000000000e+03
9.380000000000000000e+03
9.382000000000000000e+03
9.383000000000000000e+03
3.243000000000000000e+03
1.196000000000000000e+03
9.384000000000000000e+03
9.386000000000000000e+03
1.199000000000000000e+03
7.343000000000000000e+03
5.295000000000000000e+03
9.394000000000000000e+03
9.395000000000000000e+03
3.245000000000000000e+03
1.206000000000000000e+03
1.209000000000000000e+03
3.260000000000000000e+03
1.213000000000000000e+03
1.214000000000000000e+03
7.358000000000000000e+03
1.216000000000000000e+03
7.359000000000000000e+03
1.220000000000000000e+03
1.221000000000000000e+03
3.270000000000000000e+03
3.269000000000000000e+03
1.224000000000000000e+03
1.226000000000000000e+03
1.229000000000000000e+03
1.230000000000000000e+03
1.231000000000000000e+03
5.332000000000000000e+03
7.381000000000000000e+03
3.503000000000000000e+03
3.291000000000000000e+03
1.244000000000000000e+03
3.293000000000000000e+03
1.148500000000000000e+04
1.248000000000000000e+03
1.251000000000000000e+03
7.404000000000000000e+03
7.405000000000000000e+03
3.313000000000000000e+03
7.411000000000000000e+03
1.268000000000000000e+03
3.319000000000000000e+03
3.321000000000000000e+03
5.378000000000000000e+03
3.332000000000000000e+03
1.286000000000000000e+03
1.287000000000000000e+03
1.152800000000000000e+04
1.152900000000000000e+04
1.288000000000000000e+03
1.291000000000000000e+03
5.389000000000000000e+03
3.348000000000000000e+03
9.492000000000000000e+03
5.404000000000000000e+03
5.406000000000000000e+03
1.312000000000000000e+03
7.456000000000000000e+03
5.553000000000000000e+03
7.460000000000000000e+03
7.461000000000000000e+03
3.364000000000000000e+03
7.459000000000000000e+03
1.155800000000000000e+04
1.156200000000000000e+04
1.156300000000000000e+04
1.324000000000000000e+03
1.325000000000000000e+03
1.156400000000000000e+04
1.158100000000000000e+04
1.344000000000000000e+03
1.159200000000000000e+04
1.353000000000000000e+03
1.354000000000000000e+03
1.373000000000000000e+03
1.161400000000000000e+04
3.425000000000000000e+03
1.162100000000000000e+04
1.163300000000000000e+04
1.163400000000000000e+04
3.443000000000000000e+03
1.395000000000000000e+03
1.397000000000000000e+03
1.398000000000000000e+03
1.399000000000000000e+03
1.163500000000000000e+04
1.401000000000000000e+03
1.163600000000000000e+04
1.403000000000000000e+03
1.404000000000000000e+03
9.597000000000000000e+03
9.598000000000000000e+03
9.599000000000000000e+03
3.457000000000000000e+03
5.508000000000000000e+03
3.460000000000000000e+03
1.416000000000000000e+03
1.421000000000000000e+03
3.471000000000000000e+03
1.441000000000000000e+03
1.449000000000000000e+03
9.645000000000000000e+03
7.599000000000000000e+03
7.600000000000000000e+03
7.601000000000000000e+03
7.602000000000000000e+03
7.603000000000000000e+03
7.604000000000000000e+03
3.509000000000000000e+03
7.606000000000000000e+03
7.607000000000000000e+03
3.504000000000000000e+03
3.508000000000000000e+03
1.466000000000000000e+03
7.608000000000000000e+03
1.470000000000000000e+03
5.566000000000000000e+03
7.618000000000000000e+03
5.570000000000000000e+03
3.527000000000000000e+03
5.577000000000000000e+03
3.530000000000000000e+03
5.578000000000000000e+03
3.531000000000000000e+03
1.492000000000000000e+03
7.641000000000000000e+03
1.174100000000000000e+04
1.174200000000000000e+04
1.512000000000000000e+03
1.513000000000000000e+03
1.515000000000000000e+03
1.516000000000000000e+03
1.518000000000000000e+03
5.617000000000000000e+03
1.176500000000000000e+04
1.525000000000000000e+03
7.671000000000000000e+03
1.528000000000000000e+03
1.529000000000000000e+03
5.626000000000000000e+03
5.627000000000000000e+03
9.721000000000000000e+03
5.629000000000000000e+03
5.630000000000000000e+03
9.726000000000000000e+03
5.633000000000000000e+03
5.634000000000000000e+03
5.635000000000000000e+03
5.636000000000000000e+03
5.637000000000000000e+03
9.735000000000000000e+03
9.736000000000000000e+03
9.737000000000000000e+03
1.547000000000000000e+03
3.596000000000000000e+03
1.548000000000000000e+03
1.549000000000000000e+03
3.599000000000000000e+03
3.601000000000000000e+03
1.555000000000000000e+03
1.556000000000000000e+03
1.561000000000000000e+03
5.661000000000000000e+03
5.662000000000000000e+03
1.567000000000000000e+03
1.570000000000000000e+03
1.582000000000000000e+03
3.632000000000000000e+03
5.688000000000000000e+03
3.643000000000000000e+03
3.646000000000000000e+03
3.648000000000000000e+03
1.600000000000000000e+03
1.602000000000000000e+03
3.650000000000000000e+03
3.651000000000000000e+03
3.654000000000000000e+03
3.655000000000000000e+03
3.656000000000000000e+03
3.657000000000000000e+03
5.706000000000000000e+03
3.658000000000000000e+03
3.660000000000000000e+03
3.661000000000000000e+03
3.662000000000000000e+03
3.663000000000000000e+03
3.664000000000000000e+03
3.665000000000000000e+03
7.762000000000000000e+03
7.763000000000000000e+03
3.659000000000000000e+03
7.765000000000000000e+03
1.625000000000000000e+03
1.626000000000000000e+03
7.770000000000000000e+03
7.771000000000000000e+03
7.773000000000000000e+03
7.774000000000000000e+03
7.775000000000000000e+03
7.772000000000000000e+03
9.832000000000000000e+03
1.641000000000000000e+03
1.188500000000000000e+04
1.188600000000000000e+04
1.188900000000000000e+04
7.795000000000000000e+03
1.652000000000000000e+03
1.189300000000000000e+04
1.189400000000000000e+04
1.189500000000000000e+04
1.189600000000000000e+04
3.704000000000000000e+03
5.747000000000000000e+03
1.655000000000000000e+03
1.654000000000000000e+03
1.658000000000000000e+03
1.663000000000000000e+03
1.665000000000000000e+03
1.682000000000000000e+03
1.688000000000000000e+03
1.698000000000000000e+03
1.699000000000000000e+03
1.701000000000000000e+03
1.702000000000000000e+03
5.807000000000000000e+03
5.808000000000000000e+03
5.809000000000000000e+03
1.714000000000000000e+03
1.715000000000000000e+03
5.810000000000000000e+03
1.717000000000000000e+03
1.718000000000000000e+03
3.767000000000000000e+03
5.814000000000000000e+03
5.812000000000000000e+03
5.815000000000000000e+03
1.716000000000000000e+03
1.724000000000000000e+03
5.820000000000000000e+03
3.771000000000000000e+03
1.728000000000000000e+03
1.737000000000000000e+03
5.835000000000000000e+03
3.789000000000000000e+03
3.804000000000000000e+03
3.815000000000000000e+03
3.816000000000000000e+03
1.771000000000000000e+03
1.773000000000000000e+03
1.775000000000000000e+03
1.776000000000000000e+03
1.785000000000000000e+03
1.786000000000000000e+03
5.884000000000000000e+03
1.791000000000000000e+03
1.799000000000000000e+03
1.801000000000000000e+03
9.993000000000000000e+03
7.280000000000000000e+03
1.818000000000000000e+03
1.819000000000000000e+03
1.826000000000000000e+03
1.827000000000000000e+03
1.829000000000000000e+03
1.830000000000000000e+03
1.843000000000000000e+03
1.003500000000000000e+04
1.845000000000000000e+03
1.003900000000000000e+04
3.896000000000000000e+03
1.004000000000000000e+04
3.898000000000000000e+03
1.856000000000000000e+03
1.857000000000000000e+03
1.858000000000000000e+03
3.905000000000000000e+03
1.005200000000000000e+04
3.910000000000000000e+03
1.863000000000000000e+03
1.869000000000000000e+03
1.870000000000000000e+03
3.920000000000000000e+03
3.923000000000000000e+03
1.876000000000000000e+03
1.878000000000000000e+03
1.880000000000000000e+03
1.884000000000000000e+03
8.034000000000000000e+03
3.940000000000000000e+03
1.896000000000000000e+03
1.008900000000000000e+04
1.008800000000000000e+04
1.899000000000000000e+03
1.009200000000000000e+04
1.900000000000000000e+03
1.902000000000000000e+03
3.948000000000000000e+03
3.947000000000000000e+03
3.950000000000000000e+03
1.909000000000000000e+03
8.057000000000000000e+03
1.195000000000000000e+03
3.966000000000000000e+03
3.968000000000000000e+03
1.011500000000000000e+04
1.011600000000000000e+04
1.011700000000000000e+04
1.011800000000000000e+04
3.975000000000000000e+03
1.012000000000000000e+04
3.977000000000000000e+03
1.012200000000000000e+04
1.012100000000000000e+04
1.011900000000000000e+04
1.933000000000000000e+03
6.034000000000000000e+03
6.040000000000000000e+03
1.013700000000000000e+04
2.423000000000000000e+03
4.001000000000000000e+03
1.954000000000000000e+03
1.014700000000000000e+04
1.015900000000000000e+04
1.969000000000000000e+03
1.017000000000000000e+04
1.978000000000000000e+03
6.077000000000000000e+03
4.030000000000000000e+03
4.031000000000000000e+03
6.080000000000000000e+03
6.081000000000000000e+03
6.082000000000000000e+03
4.035000000000000000e+03
6.084000000000000000e+03
4.037000000000000000e+03
6.087000000000000000e+03
6.088000000000000000e+03
1.993000000000000000e+03
4.042000000000000000e+03
6.092000000000000000e+03
2.003000000000000000e+03
2.016000000000000000e+03
1.020900000000000000e+04
6.113000000000000000e+03
1.020800000000000000e+04
2.017000000000000000e+03
8.165000000000000000e+03
2.018000000000000000e+03
2.019000000000000000e+03
2.024000000000000000e+03
6.112000000000000000e+03
8.166000000000000000e+03
2.027000000000000000e+03
2.025000000000000000e+03
1.022100000000000000e+04
1.022300000000000000e+04
6.129000000000000000e+03
6.131000000000000000e+03
6.132000000000000000e+03
2.035000000000000000e+03
6.134000000000000000e+03
4.475000000000000000e+03
4.089000000000000000e+03
6.138000000000000000e+03
2.047000000000000000e+03
