6.144000000000000000e+03
1.024400000000000000e+04
4.000000000000000000e+00
8.198000000000000000e+03
6.000000000000000000e+00
6.152000000000000000e+03
9.000000000000000000e+00
2.059000000000000000e+03
2.060000000000000000e+03
2.061000000000000000e+03
1.400000000000000000e+01
4.112000000000000000e+03
2.071000000000000000e+03
4.120000000000000000e+03
8.218000000000000000e+03
1.026700000000000000e+04
8.220000000000000000e+03
1.026800000000000000e+04
6.172000000000000000e+03
6.173000000000000000e+03
6.174000000000000000e+03
2.081000000000000000e+03
6.177000000000000000e+03
6.179000000000000000e+03
6.178000000000000000e+03
2.087000000000000000e+03
8.232000000000000000e+03
8.233000000000000000e+03
8.231000000000000000e+03
2.091000000000000000e+03
2.090000000000000000e+03
8.237000000000000000e+03
8.238000000000000000e+03
2.094000000000000000e+03
2.096000000000000000e+03
2.097000000000000000e+03
8.240000000000000000e+03
2.099000000000000000e+03
2.100000000000000000e+03
8.245000000000000000e+03
2.101000000000000000e+03
8.244000000000000000e+03
2.098000000000000000e+03
4.144000000000000000e+03
6.202000000000000000e+03
8.249000000000000000e+03
8.251000000000000000e+03
8.247000000000000000e+03
8.255000000000000000e+03
8.258000000000000000e+03
4.168000000000000000e+03
2.124000000000000000e+03
2.133000000000000000e+03
8.600000000000000000e+01
2.135000000000000000e+03
8.281000000000000000e+03
9.000000000000000000e+01
2.142000000000000000e+03
2.143000000000000000e+03
9.400000000000000000e+01
2.147000000000000000e+03
1.034200000000000000e+04
8.295000000000000000e+03
1.040000000000000000e+02
6.251000000000000000e+03
8.300000000000000000e+03
4.206000000000000000e+03
4.208000000000000000e+03
8.306000000000000000e+03
1.150000000000000000e+02
4.212000000000000000e+03
8.310000000000000000e+03
1.270000000000000000e+02
1.300000000000000000e+02
1.350000000000000000e+02
4.231000000000000000e+03
1.370000000000000000e+02
4.238000000000000000e+03
4.241000000000000000e+03
1.500000000000000000e+02
1.580000000000000000e+02
1.610000000000000000e+02
1.620000000000000000e+02
1.640000000000000000e+02
8.360000000000000000e+03
8.362000000000000000e+03
8.363000000000000000e+03
4.268000000000000000e+03
8.364000000000000000e+03
1.740000000000000000e+02
8.368000000000000000e+03
1.770000000000000000e+02
4.273000000000000000e+03
2.235000000000000000e+03
2.236000000000000000e+03
1.890000000000000000e+02
1.900000000000000000e+02
2.237000000000000000e+03
2.240000000000000000e+03
2.241000000000000000e+03
1.940000000000000000e+02
1.880000000000000000e+02
2.245000000000000000e+03
4.294000000000000000e+03
2.000000000000000000e+02
2.060000000000000000e+02
2.070000000000000000e+02
4.304000000000000000e+03
2.090000000000000000e+02
2.120000000000000000e+02
2.170000000000000000e+02
4.314000000000000000e+03
6.363000000000000000e+03
2.200000000000000000e+02
4.316000000000000000e+03
4.318000000000000000e+03
1.046300000000000000e+04
2.260000000000000000e+02
2.280000000000000000e+02
4.325000000000000000e+03
2.300000000000000000e+02
4.326000000000000000e+03
2.380000000000000000e+02
2.294000000000000000e+03
2.295000000000000000e+03
2.296000000000000000e+03
2.297000000000000000e+03
2.298000000000000000e+03
2.530000000000000000e+02
2.301000000000000000e+03
2.560000000000000000e+02
4.355000000000000000e+03
2.600000000000000000e+02
2.320000000000000000e+03
2.750000000000000000e+02
2.327000000000000000e+03
1.052000000000000000e+04
4.378000000000000000e+03
2.332000000000000000e+03
2.890000000000000000e+02
4.386000000000000000e+03
2.910000000000000000e+02
4.385000000000000000e+03
2.341000000000000000e+03
4.391000000000000000e+03
2.990000000000000000e+02
6.447000000000000000e+03
3.150000000000000000e+02
2.364000000000000000e+03
3.170000000000000000e+02
2.371000000000000000e+03
2.372000000000000000e+03
2.377000000000000000e+03
4.428000000000000000e+03
3.320000000000000000e+02
4.429000000000000000e+03
4.430000000000000000e+03
3.350000000000000000e+02
4.952000000000000000e+03
4.448000000000000000e+03
4.449000000000000000e+03
3.540000000000000000e+02
8.549000000000000000e+03
8.550000000000000000e+03
2.410000000000000000e+03
2.412000000000000000e+03
2.413000000000000000e+03
8.557000000000000000e+03
4.463000000000000000e+03
8.558000000000000000e+03
6.513000000000000000e+03
4.957000000000000000e+03
3.710000000000000000e+02
4.470000000000000000e+03
3.750000000000000000e+02
3.760000000000000000e+02
3.770000000000000000e+02
3.780000000000000000e+02
3.790000000000000000e+02
8.572000000000000000e+03
1.061900000000000000e+04
3.820000000000000000e+02
3.830000000000000000e+02
4.960000000000000000e+03
4.486000000000000000e+03
2.439000000000000000e+03
4.487000000000000000e+03
3.970000000000000000e+02
4.010000000000000000e+02
1.064800000000000000e+04
4.509000000000000000e+03
4.140000000000000000e+02
4.511000000000000000e+03
4.160000000000000000e+02
4.180000000000000000e+02
4.200000000000000000e+02
4.519000000000000000e+03
2.472000000000000000e+03
4.240000000000000000e+02
4.280000000000000000e+02
4.290000000000000000e+02
4.300000000000000000e+02
4.350000000000000000e+02
2.484000000000000000e+03
4.533000000000000000e+03
4.534000000000000000e+03
4.535000000000000000e+03
4.536000000000000000e+03
4.410000000000000000e+02
4.420000000000000000e+02
4.430000000000000000e+02
4.440000000000000000e+02
4.537000000000000000e+03
2.493000000000000000e+03
4.543000000000000000e+03
4.544000000000000000e+03
8.639000000000000000e+03
8.648000000000000000e+03
4.559000000000000000e+03
4.560000000000000000e+03
8.657000000000000000e+03
1.070600000000000000e+04
1.070700000000000000e+04
4.562000000000000000e+03
4.566000000000000000e+03
4.568000000000000000e+03
1.071200000000000000e+04
1.071600000000000000e+04
4.573000000000000000e+03
2.530000000000000000e+03
4.830000000000000000e+02
4.850000000000000000e+02
4.910000000000000000e+02
4.591000000000000000e+03
2.556000000000000000e+03
8.700000000000000000e+03
2.557000000000000000e+03
5.080000000000000000e+02
5.120000000000000000e+02
5.130000000000000000e+02
5.160000000000000000e+02
5.170000000000000000e+02
2.568000000000000000e+03
4.617000000000000000e+03
2.569000000000000000e+03
4.633000000000000000e+03
2.585000000000000000e+03
5.390000000000000000e+02
1.109800000000000000e+04
4.638000000000000000e+03
4.639000000000000000e+03
1.078300000000000000e+04
5.490000000000000000e+02
5.520000000000000000e+02
1.110100000000000000e+04
2.611000000000000000e+03
1.080600000000000000e+04
2.617000000000000000e+03
5.710000000000000000e+02
5.720000000000000000e+02
1.081300000000000000e+04
5.730000000000000000e+02
5.750000000000000000e+02
4.672000000000000000e+03
4.673000000000000000e+03
5.780000000000000000e+02
2.628000000000000000e+03
2.630000000000000000e+03
6.728000000000000000e+03
5.900000000000000000e+02
5.970000000000000000e+02
6.000000000000000000e+02
6.020000000000000000e+02
1.084900000000000000e+04
1.085000000000000000e+04
4.710000000000000000e+03
6.190000000000000000e+02
2.670000000000000000e+03
6.230000000000000000e+02
6.240000000000000000e+02
1.086700000000000000e+04
4.724000000000000000e+03
4.725000000000000000e+03
6.300000000000000000e+02
4.726000000000000000e+03
6.580000000000000000e+02
2.707000000000000000e+03
6.600000000000000000e+02
6.590000000000000000e+02
8.856000000000000000e+03
1.090700000000000000e+04
2.718000000000000000e+03
4.771000000000000000e+03
4.773000000000000000e+03
4.779000000000000000e+03
4.780000000000000000e+03
2.734000000000000000e+03
4.783000000000000000e+03
2.736000000000000000e+03
2.739000000000000000e+03
2.740000000000000000e+03
2.748000000000000000e+03
2.749000000000000000e+03
2.750000000000000000e+03
7.030000000000000000e+02
1.094800000000000000e+04
1.094900000000000000e+04
4.805000000000000000e+03
2.760000000000000000e+03
2.767000000000000000e+03
2.770000000000000000e+03
7.240000000000000000e+02
2.783000000000000000e+03
2.788000000000000000e+03
7.420000000000000000e+02
7.470000000000000000e+02
2.797000000000000000e+03
1.099300000000000000e+04
7.540000000000000000e+02
7.560000000000000000e+02
2.806000000000000000e+03
7.600000000000000000e+02
7.610000000000000000e+02
7.620000000000000000e+02
7.650000000000000000e+02
2.813000000000000000e+03
7.670000000000000000e+02
7.680000000000000000e+02
7.690000000000000000e+02
7.700000000000000000e+02
7.710000000000000000e+02
7.720000000000000000e+02
6.917000000000000000e+03
6.927000000000000000e+03
4.880000000000000000e+03
1.102900000000000000e+04
1.103700000000000000e+04
8.010000000000000000e+02
8.020000000000000000e+02
8.110000000000000000e+02
2.878000000000000000e+03
1.107300000000000000e+04
1.107400000000000000e+04
8.350000000000000000e+02
8.370000000000000000e+02
9.030000000000000000e+03
8.390000000000000000e+02
8.420000000000000000e+02
6.987000000000000000e+03
8.440000000000000000e+02
8.470000000000000000e+02
8.480000000000000000e+02
8.490000000000000000e+02
8.510000000000000000e+02
4.951000000000000000e+03
8.560000000000000000e+02
4.953000000000000000e+03
4.954000000000000000e+03
8.570000000000000000e+02
4.955000000000000000e+03
4.956000000000000000e+03
4.958000000000000000e+03
8.630000000000000000e+02
4.959000000000000000e+03
4.961000000000000000e+03
4.962000000000000000e+03
8.670000000000000000e+02
4.964000000000000000e+03
4.965000000000000000e+03
4.966000000000000000e+03
4.967000000000000000e+03
2.918000000000000000e+03
4.969000000000000000e+03
2.922000000000000000e+03
4.970000000000000000e+03
4.963000000000000000e+03
4.968000000000000000e+03
2.926000000000000000e+03
9.078000000000000000e+03
4.985000000000000000e+03
4.986000000000000000e+03
8.940000000000000000e+02
8.990000000000000000e+02
2.948000000000000000e+03
9.000000000000000000e+02
1.114300000000000000e+04
9.099000000000000000e+03
2.961000000000000000e+03
2.964000000000000000e+03
9.210000000000000000e+02
2.971000000000000000e+03
9.270000000000000000e+02
1.117000000000000000e+04
1.117200000000000000e+04
2.984000000000000000e+03
9.360000000000000000e+02
9.370000000000000000e+02
9.390000000000000000e+02
9.400000000000000000e+02
5.032000000000000000e+03
5.038000000000000000e+03
9.430000000000000000e+02
9.420000000000000000e+02
9.450000000000000000e+02
2.996000000000000000e+03
5.046000000000000000e+03
5.048000000000000000e+03
9.550000000000000000e+02
3.005000000000000000e+03
9.590000000000000000e+02
7.105000000000000000e+03
9.620000000000000000e+02
9.640000000000000000e+02
9.650000000000000000e+02
9.660000000000000000e+02
9.670000000000000000e+02
9.680000000000000000e+02
9.700000000000000000e+02
5.066000000000000000e+03
3.020000000000000000e+03
3.018000000000000000e+03
9.740000000000000000e+02
3.024000000000000000e+03
1.122500000000000000e+04
5.081000000000000000e+03
3.035000000000000000e+03
3.038000000000000000e+03
9.950000000000000000e+02
9.960000000000000000e+02
1.000000000000000000e+03
3.050000000000000000e+03
1.015000000000000000e+03
5.112000000000000000e+03
1.016000000000000000e+03
3.066000000000000000e+03
3.067000000000000000e+03
3.065000000000000000e+03
1.030000000000000000e+03
3.083000000000000000e+03
3.084000000000000000e+03
7.180000000000000000e+03
5.133000000000000000e+03
5.134000000000000000e+03
1.049000000000000000e+03
5.145000000000000000e+03
1.051000000000000000e+03
1.054000000000000000e+03
3.104000000000000000e+03
1.057000000000000000e+03
1.056000000000000000e+03
1.061000000000000000e+03
1.066000000000000000e+03
1.068000000000000000e+03
5.164000000000000000e+03
1.070000000000000000e+03
3.119000000000000000e+03
5.168000000000000000e+03
1.131200000000000000e+04
1.072000000000000000e+03
3.123000000000000000e+03
1.074000000000000000e+03
1.131900000000000000e+04
1.083000000000000000e+03
7.233000000000000000e+03
7.234000000000000000e+03
1.092000000000000000e+03
1.133700000000000000e+04
1.100000000000000000e+03
1.101000000000000000e+03
5.197000000000000000e+03
1.103000000000000000e+03
1.104000000000000000e+03
1.105000000000000000e+03
5.199000000000000000e+03
1.121000000000000000e+03
1.122000000000000000e+03
1.123000000000000000e+03
1.127000000000000000e+03
1.130000000000000000e+03
1.132000000000000000e+03
1.134000000000000000e+03
1.135000000000000000e+03
7.280000000000000000e+03
5.233000000000000000e+03
1.138000000000000000e+03
5.234000000000000000e+03
3.191000000000000000e+03
3.192000000000000000e+03
3.193000000000000000e+03
1.150000000000000000e+03
1.172000000000000000e+03
3.223000000000000000e+03
1.177000000000000000e+03
9.372000000000000000e+03
3.232000000000000000e+03
1.185000000000000000e+03
1.186000000000000000e+03
1.187000000000000000e+03
9.380000000000000000e+03
9.381000000000000000e+03
3.236000000000000000e+03
5.287000000000000000e+03
3.237000000000000000e+03
3.238000000000000000e+03
3.239000000000000000e+03
5.282000000000000000e+03
1.194000000000000000e+03
3.245000000000000000e+03
9.382000000000000000e+03
7.343000000000000000e+03
9.383000000000000000e+03
9.384000000000000000e+03
9.386000000000000000e+03
1.195000000000000000e+03
7.358000000000000000e+03
7.359000000000000000e+03
1.220000000000000000e+03
1.221000000000000000e+03
3.270000000000000000e+03
3.269000000000000000e+03
1.229000000000000000e+03
1.230000000000000000e+03
1.231000000000000000e+03
5.332000000000000000e+03
3.291000000000000000e+03
1.244000000000000000e+03
1.245000000000000000e+03
3.293000000000000000e+03
1.148500000000000000e+04
1.248000000000000000e+03
1.251000000000000000e+03
5.347000000000000000e+03
5.348000000000000000e+03
7.404000000000000000e+03
1.150000000000000000e+04
7.405000000000000000e+03
3.315000000000000000e+03
3.319000000000000000e+03
3.321000000000000000e+03
1.273000000000000000e+03
1.152800000000000000e+04
1.152900000000000000e+04
5.389000000000000000e+03
3.355000000000000000e+03
7.460000000000000000e+03
7.461000000000000000e+03
1.323000000000000000e+03
1.329000000000000000e+03
1.334000000000000000e+03
1.159200000000000000e+04
1.353000000000000000e+03
3.411000000000000000e+03
1.163300000000000000e+04
1.163400000000000000e+04
1.395000000000000000e+03
1.163500000000000000e+04
1.397000000000000000e+03
1.398000000000000000e+03
1.399000000000000000e+03
9.590000000000000000e+03
1.401000000000000000e+03
1.163600000000000000e+04
1.403000000000000000e+03
1.404000000000000000e+03
9.597000000000000000e+03
1.411000000000000000e+03
1.416000000000000000e+03
1.166000000000000000e+04
1.421000000000000000e+03
3.470000000000000000e+03
3.471000000000000000e+03
1.450000000000000000e+03
5.549000000000000000e+03
3.503000000000000000e+03
3.504000000000000000e+03
3.509000000000000000e+03
7.606000000000000000e+03
7.607000000000000000e+03
7.608000000000000000e+03
5.566000000000000000e+03
1.470000000000000000e+03
7.618000000000000000e+03
5.577000000000000000e+03
1.482000000000000000e+03
9.675000000000000000e+03
5.578000000000000000e+03
1.487000000000000000e+03
7.641000000000000000e+03
1.512000000000000000e+03
1.513000000000000000e+03
1.515000000000000000e+03
1.516000000000000000e+03
1.518000000000000000e+03
1.176500000000000000e+04
1.526000000000000000e+03
1.528000000000000000e+03
1.529000000000000000e+03
5.626000000000000000e+03
5.627000000000000000e+03
9.721000000000000000e+03
5.629000000000000000e+03
5.630000000000000000e+03
5.634000000000000000e+03
5.635000000000000000e+03
1.541000000000000000e+03
1.547000000000000000e+03
1.548000000000000000e+03
1.549000000000000000e+03
3.596000000000000000e+03
3.599000000000000000e+03
9.740000000000000000e+03
9.741000000000000000e+03
1.556000000000000000e+03
1.560000000000000000e+03
1.561000000000000000e+03
5.662000000000000000e+03
1.567000000000000000e+03
1.570000000000000000e+03
3.618000000000000000e+03
3.632000000000000000e+03
3.634000000000000000e+03
3.635000000000000000e+03
3.636000000000000000e+03
3.643000000000000000e+03
3.646000000000000000e+03
1.600000000000000000e+03
3.648000000000000000e+03
1.602000000000000000e+03
3.650000000000000000e+03
3.651000000000000000e+03
3.654000000000000000e+03
3.655000000000000000e+03
3.656000000000000000e+03
3.657000000000000000e+03
3.658000000000000000e+03
3.659000000000000000e+03
3.660000000000000000e+03
3.661000000000000000e+03
3.662000000000000000e+03
3.663000000000000000e+03
3.664000000000000000e+03
3.665000000000000000e+03
7.762000000000000000e+03
7.763000000000000000e+03
1.621000000000000000e+03
7.765000000000000000e+03
1.625000000000000000e+03
1.626000000000000000e+03
7.770000000000000000e+03
7.771000000000000000e+03
9.832000000000000000e+03
1.188900000000000000e+04
1.189300000000000000e+04
1.654000000000000000e+03
1.655000000000000000e+03
1.189600000000000000e+04
3.704000000000000000e+03
1.658000000000000000e+03
3.707000000000000000e+03
7.807000000000000000e+03
1.663000000000000000e+03
1.665000000000000000e+03
1.677000000000000000e+03
1.678000000000000000e+03
3.743000000000000000e+03
1.698000000000000000e+03
1.699000000000000000e+03
1.715000000000000000e+03
3.771000000000000000e+03
1.724000000000000000e+03
5.820000000000000000e+03
1.737000000000000000e+03
5.835000000000000000e+03
3.789000000000000000e+03
5.850000000000000000e+03
1.761000000000000000e+03
1.763000000000000000e+03
3.815000000000000000e+03
3.816000000000000000e+03
1.770000000000000000e+03
3.830000000000000000e+03
1.786000000000000000e+03
1.799000000000000000e+03
1.801000000000000000e+03
9.993000000000000000e+03
1.811000000000000000e+03
1.819000000000000000e+03
1.826000000000000000e+03
1.829000000000000000e+03
1.843000000000000000e+03
1.845000000000000000e+03
7.998000000000000000e+03
7.999000000000000000e+03
3.905000000000000000e+03
1.858000000000000000e+03
1.863000000000000000e+03
5.961000000000000000e+03
1.867000000000000000e+03
1.869000000000000000e+03
1.870000000000000000e+03
3.920000000000000000e+03
3.921000000000000000e+03
3.923000000000000000e+03
1.876000000000000000e+03
1.880000000000000000e+03
3.940000000000000000e+03
5.994000000000000000e+03
1.909000000000000000e+03
6.010000000000000000e+03
3.966000000000000000e+03
1.011500000000000000e+04
1.011600000000000000e+04
1.011700000000000000e+04
1.011800000000000000e+04
3.975000000000000000e+03
1.012000000000000000e+04
1.012100000000000000e+04
3.977000000000000000e+03
1.012200000000000000e+04
1.011900000000000000e+04
1.933000000000000000e+03
1.013700000000000000e+04
4.014000000000000000e+03
1.015900000000000000e+04
1.969000000000000000e+03
4.019000000000000000e+03
6.070000000000000000e+03
1.978000000000000000e+03
1.983000000000000000e+03
6.088000000000000000e+03
1.993000000000000000e+03
4.042000000000000000e+03
6.091000000000000000e+03
6.093000000000000000e+03
6.094000000000000000e+03
6.096000000000000000e+03
6.098000000000000000e+03
6.099000000000000000e+03
6.100000000000000000e+03
6.101000000000000000e+03
6.102000000000000000e+03
2.003000000000000000e+03
8.157000000000000000e+03
8.158000000000000000e+03
1.020800000000000000e+04
6.113000000000000000e+03
6.114000000000000000e+03
1.020900000000000000e+04
2.016000000000000000e+03
2.017000000000000000e+03
2.018000000000000000e+03
2.019000000000000000e+03
2.024000000000000000e+03
6.112000000000000000e+03
2.025000000000000000e+03
1.022100000000000000e+04
1.022300000000000000e+04
6.129000000000000000e+03
6.131000000000000000e+03
2.035000000000000000e+03
6.134000000000000000e+03
6.138000000000000000e+03
6.142000000000000000e+03
2.047000000000000000e+03
