3.648000000000000000e+03
1.801000000000000000e+03
3.038000000000000000e+03
3.940000000000000000e+03
1.080600000000000000e+04
1.056000000000000000e+03
9.030000000000000000e+03
3.659000000000000000e+03
4.773000000000000000e+03
1.580000000000000000e+02
5.120000000000000000e+02
1.665000000000000000e+03
1.068000000000000000e+03
1.070000000000000000e+03
1.829000000000000000e+03
2.568000000000000000e+03
9.597000000000000000e+03
3.232000000000000000e+03
3.232000000000000000e+03
3.232000000000000000e+03
1.819000000000000000e+03
3.657000000000000000e+03
1.370000000000000000e+02
3.005000000000000000e+03
1.625000000000000000e+03
2.241000000000000000e+03
9.381000000000000000e+03
1.512000000000000000e+03
1.061000000000000000e+03
9.660000000000000000e+02
9.450000000000000000e+02
9.099000000000000000e+03
6.580000000000000000e+02
7.461000000000000000e+03
2.094000000000000000e+03
2.098000000000000000e+03
3.662000000000000000e+03
8.218000000000000000e+03
3.750000000000000000e+02
3.760000000000000000e+02
3.770000000000000000e+02
3.780000000000000000e+02
1.071600000000000000e+04
5.634000000000000000e+03
3.646000000000000000e+03
8.470000000000000000e+02
8.480000000000000000e+02
1.230000000000000000e+03
1.231000000000000000e+03
8.244000000000000000e+03
5.637000000000000000e+03
1.900000000000000000e+02
1.132000000000000000e+03
1.229000000000000000e+03
2.142000000000000000e+03
8.237000000000000000e+03
8.238000000000000000e+03
8.245000000000000000e+03
1.067000000000000000e+03
1.641000000000000000e+03
1.830000000000000000e+03
6.590000000000000000e+03
3.750000000000000000e+02
3.760000000000000000e+02
3.770000000000000000e+02
3.780000000000000000e+02
3.905000000000000000e+03
4.212000000000000000e+03
4.830000000000000000e+02
5.970000000000000000e+02
3.648000000000000000e+03
1.300000000000000000e+02
3.750000000000000000e+02
3.760000000000000000e+02
3.770000000000000000e+02
3.780000000000000000e+02
3.661000000000000000e+03
1.122000000000000000e+03
3.663000000000000000e+03
3.655000000000000000e+03
5.577000000000000000e+03
5.710000000000000000e+02
5.730000000000000000e+02
1.900000000000000000e+02
1.229000000000000000e+03
4.378000000000000000e+03
1.015000000000000000e+03
3.650000000000000000e+03
3.654000000000000000e+03
8.510000000000000000e+02
9.380000000000000000e+03
1.570000000000000000e+03
2.484000000000000000e+03
8.222000000000000000e+03
8.230000000000000000e+03
2.918000000000000000e+03
8.420000000000000000e+02
8.440000000000000000e+02
3.599000000000000000e+03
1.152800000000000000e+04
3.658000000000000000e+03
1.580000000000000000e+02
1.799000000000000000e+03
8.510000000000000000e+02
9.380000000000000000e+03
3.150000000000000000e+02
1.353000000000000000e+03
1.400000000000000000e+01
2.090000000000000000e+02
1.699000000000000000e+03
3.270000000000000000e+03
1.400000000000000000e+01
2.090000000000000000e+02
1.699000000000000000e+03
3.270000000000000000e+03
2.090000000000000000e+02
2.569000000000000000e+03
2.090000000000000000e+02
1.221000000000000000e+03
1.698000000000000000e+03
3.815000000000000000e+03
7.618000000000000000e+03
8.549000000000000000e+03
7.770000000000000000e+03
7.771000000000000000e+03
1.114300000000000000e+04
7.560000000000000000e+02
3.236000000000000000e+03
3.237000000000000000e+03
3.238000000000000000e+03
3.239000000000000000e+03
4.779000000000000000e+03
2.000000000000000000e+02
4.300000000000000000e+02
1.138000000000000000e+03
1.858000000000000000e+03
2.320000000000000000e+03
1.770000000000000000e+02
4.771000000000000000e+03
2.016000000000000000e+03
3.596000000000000000e+03
9.372000000000000000e+03
8.990000000000000000e+02
4.951000000000000000e+03
5.130000000000000000e+02
5.160000000000000000e+02
5.170000000000000000e+02
9.620000000000000000e+02
9.640000000000000000e+02
9.670000000000000000e+02
9.680000000000000000e+02
9.700000000000000000e+02
1.548000000000000000e+03
1.549000000000000000e+03
1.880000000000000000e+03
2.091000000000000000e+03
2.096000000000000000e+03
2.097000000000000000e+03
2.327000000000000000e+03
2.332000000000000000e+03
2.371000000000000000e+03
2.372000000000000000e+03
8.232000000000000000e+03
3.656000000000000000e+03
5.688000000000000000e+03
3.750000000000000000e+02
3.760000000000000000e+02
3.770000000000000000e+02
3.780000000000000000e+02
4.350000000000000000e+02
4.410000000000000000e+02
4.420000000000000000e+02
4.430000000000000000e+02
1.529000000000000000e+03
2.739000000000000000e+03
2.740000000000000000e+03
3.321000000000000000e+03
6.150000000000000000e+02
2.135000000000000000e+03
3.320000000000000000e+02
2.090000000000000000e+03
8.701000000000000000e+03
4.350000000000000000e+02
4.410000000000000000e+02
4.420000000000000000e+02
4.430000000000000000e+02
4.350000000000000000e+02
4.410000000000000000e+02
4.420000000000000000e+02
4.430000000000000000e+02
1.518000000000000000e+03
1.049000000000000000e+03
1.067000000000000000e+03
1.641000000000000000e+03
1.830000000000000000e+03
6.590000000000000000e+03
3.665000000000000000e+03
3.750000000000000000e+02
3.760000000000000000e+02
3.770000000000000000e+02
3.780000000000000000e+02
1.061000000000000000e+03
3.664000000000000000e+03
1.040000000000000000e+02
3.820000000000000000e+02
1.220000000000000000e+03
1.655000000000000000e+03
8.701000000000000000e+03
3.750000000000000000e+02
3.760000000000000000e+02
3.770000000000000000e+02
3.780000000000000000e+02
3.660000000000000000e+03
3.660000000000000000e+03
5.636000000000000000e+03
3.664000000000000000e+03
1.040000000000000000e+02
3.905000000000000000e+03
4.212000000000000000e+03
2.300000000000000000e+02
9.210000000000000000e+02
5.578000000000000000e+03
1.064800000000000000e+04
5.520000000000000000e+02
1.270000000000000000e+02
1.547000000000000000e+03
1.131900000000000000e+04
7.030000000000000000e+02
1.000000000000000000e+03
3.104000000000000000e+03
2.704000000000000000e+03
2.704000000000000000e+03
8.010000000000000000e+02
1.718000000000000000e+03
1.791000000000000000e+03
6.199000000000000000e+03
4.350000000000000000e+02
4.410000000000000000e+02
4.420000000000000000e+02
4.430000000000000000e+02
1.940000000000000000e+02
1.401000000000000000e+03
1.561000000000000000e+03
1.863000000000000000e+03
1.969000000000000000e+03
2.147000000000000000e+03
2.294000000000000000e+03
2.295000000000000000e+03
2.297000000000000000e+03
2.484000000000000000e+03
2.557000000000000000e+03
2.748000000000000000e+03
8.368000000000000000e+03
1.024400000000000000e+04
1.066000000000000000e+03
1.878000000000000000e+03
2.485000000000000000e+03
8.221000000000000000e+03
2.301000000000000000e+03
2.728000000000000000e+03
1.131000000000000000e+04
1.818000000000000000e+03
2.111000000000000000e+03
1.058000000000000000e+03
2.738000000000000000e+03
2.780000000000000000e+03
4.111000000000000000e+03
4.394000000000000000e+03
5.132000000000000000e+03
8.559000000000000000e+03
2.738000000000000000e+03
2.738000000000000000e+03
1.880000000000000000e+02
5.080000000000000000e+02
4.290000000000000000e+02
2.640000000000000000e+02
6.310000000000000000e+02
7.100000000000000000e+02
9.040000000000000000e+02
1.752000000000000000e+03
1.986000000000000000e+03
2.549000000000000000e+03
2.678000000000000000e+03
2.940000000000000000e+03
2.957000000000000000e+03
3.283000000000000000e+03
3.869000000000000000e+03
4.065000000000000000e+03
4.506000000000000000e+03
4.903000000000000000e+03
5.050000000000000000e+03
5.237000000000000000e+03
5.238000000000000000e+03
5.286000000000000000e+03
6.366000000000000000e+03
8.146000000000000000e+03
3.659000000000000000e+03
4.773000000000000000e+03
2.407000000000000000e+03
1.060000000000000000e+04
2.491000000000000000e+03
1.271000000000000000e+03
8.689000000000000000e+03
1.085900000000000000e+04
1.046300000000000000e+04
2.017000000000000000e+03
2.018000000000000000e+03
2.019000000000000000e+03
2.024000000000000000e+03
1.880000000000000000e+02
5.080000000000000000e+02
2.704000000000000000e+03
2.704000000000000000e+03
1.012000000000000000e+03
7.280000000000000000e+03
7.280000000000000000e+03
3.750000000000000000e+02
3.760000000000000000e+02
3.770000000000000000e+02
3.780000000000000000e+02
2.100000000000000000e+03
1.189600000000000000e+04
2.101000000000000000e+03
1.663000000000000000e+03
1.567000000000000000e+03
2.099000000000000000e+03
8.233000000000000000e+03
2.017000000000000000e+03
2.018000000000000000e+03
2.019000000000000000e+03
2.024000000000000000e+03
2.108000000000000000e+03
2.112000000000000000e+03
1.126200000000000000e+04
