4.350000000000000000e+02
4.410000000000000000e+02
4.420000000000000000e+02
4.430000000000000000e+02
1.880000000000000000e+02
5.080000000000000000e+02
1.818000000000000000e+03
1.046300000000000000e+04
2.738000000000000000e+03
2.780000000000000000e+03
4.111000000000000000e+03
4.394000000000000000e+03
5.132000000000000000e+03
8.559000000000000000e+03
3.661000000000000000e+03
2.739000000000000000e+03
2.740000000000000000e+03
3.321000000000000000e+03
7.390000000000000000e+03
1.049000000000000000e+03
2.918000000000000000e+03
1.058000000000000000e+03
3.664000000000000000e+03
1.064800000000000000e+04
1.770000000000000000e+02
4.771000000000000000e+03
3.660000000000000000e+03
8.470000000000000000e+02
3.750000000000000000e+02
3.760000000000000000e+02
3.770000000000000000e+02
3.780000000000000000e+02
3.750000000000000000e+02
3.760000000000000000e+02
3.770000000000000000e+02
3.780000000000000000e+02
3.658000000000000000e+03
4.350000000000000000e+02
4.410000000000000000e+02
4.420000000000000000e+02
4.430000000000000000e+02
3.651000000000000000e+03
5.578000000000000000e+03
3.750000000000000000e+02
3.760000000000000000e+02
3.770000000000000000e+02
3.780000000000000000e+02
3.665000000000000000e+03
2.094000000000000000e+03
2.098000000000000000e+03
3.659000000000000000e+03
4.773000000000000000e+03
1.512000000000000000e+03
1.061000000000000000e+03
3.599000000000000000e+03
1.152800000000000000e+04
1.080600000000000000e+04
3.750000000000000000e+02
3.760000000000000000e+02
3.770000000000000000e+02
3.780000000000000000e+02
9.660000000000000000e+02
3.662000000000000000e+03
8.218000000000000000e+03
1.071600000000000000e+04
3.654000000000000000e+03
2.000000000000000000e+02
4.300000000000000000e+02
1.138000000000000000e+03
1.858000000000000000e+03
2.320000000000000000e+03
7.560000000000000000e+02
3.236000000000000000e+03
3.237000000000000000e+03
3.238000000000000000e+03
3.239000000000000000e+03
4.779000000000000000e+03
6.580000000000000000e+02
1.083000000000000000e+03
4.559000000000000000e+03
8.990000000000000000e+02
4.951000000000000000e+03
3.663000000000000000e+03
1.880000000000000000e+02
5.080000000000000000e+02
2.017000000000000000e+03
2.018000000000000000e+03
2.019000000000000000e+03
2.024000000000000000e+03
1.135000000000000000e+03
3.650000000000000000e+03
7.030000000000000000e+02
1.000000000000000000e+03
3.104000000000000000e+03
3.038000000000000000e+03
8.700000000000000000e+03
3.820000000000000000e+02
3.648000000000000000e+03
1.724000000000000000e+03
1.370000000000000000e+02
3.005000000000000000e+03
5.710000000000000000e+02
5.730000000000000000e+02
3.655000000000000000e+03
5.577000000000000000e+03
3.657000000000000000e+03
3.656000000000000000e+03
3.320000000000000000e+02
2.090000000000000000e+03
1.270000000000000000e+02
1.547000000000000000e+03
1.131900000000000000e+04
4.350000000000000000e+02
4.410000000000000000e+02
4.420000000000000000e+02
4.430000000000000000e+02
5.970000000000000000e+02
1.801000000000000000e+03
1.068000000000000000e+03
1.070000000000000000e+03
1.829000000000000000e+03
2.568000000000000000e+03
1.130000000000000000e+03
8.240000000000000000e+03
1.230000000000000000e+03
1.231000000000000000e+03
8.244000000000000000e+03
2.016000000000000000e+03
3.596000000000000000e+03
9.372000000000000000e+03
3.905000000000000000e+03
4.212000000000000000e+03
3.905000000000000000e+03
4.212000000000000000e+03
1.799000000000000000e+03
1.580000000000000000e+02
3.646000000000000000e+03
1.015000000000000000e+03
1.518000000000000000e+03
1.561000000000000000e+03
1.863000000000000000e+03
1.969000000000000000e+03
2.147000000000000000e+03
2.294000000000000000e+03
2.295000000000000000e+03
2.297000000000000000e+03
2.484000000000000000e+03
2.557000000000000000e+03
2.748000000000000000e+03
8.368000000000000000e+03
1.024400000000000000e+04
2.017000000000000000e+03
2.018000000000000000e+03
2.019000000000000000e+03
2.024000000000000000e+03
3.750000000000000000e+02
3.760000000000000000e+02
3.770000000000000000e+02
3.780000000000000000e+02
4.858000000000000000e+03
1.567000000000000000e+03
2.099000000000000000e+03
8.233000000000000000e+03
