2.376000000000000000e+03
3.750000000000000000e+02
3.760000000000000000e+02
3.770000000000000000e+02
3.780000000000000000e+02
2.094000000000000000e+03
2.098000000000000000e+03
3.750000000000000000e+02
3.760000000000000000e+02
3.770000000000000000e+02
3.780000000000000000e+02
1.819000000000000000e+03
2.788000000000000000e+03
1.080600000000000000e+04
1.046300000000000000e+04
9.450000000000000000e+02
9.099000000000000000e+03
9.660000000000000000e+02
4.405000000000000000e+03
9.365000000000000000e+03
1.224000000000000000e+03
7.168000000000000000e+03
1.248000000000000000e+03
1.251000000000000000e+03
3.291000000000000000e+03
3.293000000000000000e+03
2.059000000000000000e+03
3.471000000000000000e+03
4.509000000000000000e+03
3.820000000000000000e+02
8.420000000000000000e+02
8.440000000000000000e+02
2.890000000000000000e+02
2.016000000000000000e+03
3.596000000000000000e+03
9.372000000000000000e+03
1.061000000000000000e+03
1.512000000000000000e+03
1.015000000000000000e+03
6.580000000000000000e+02
3.191000000000000000e+03
3.192000000000000000e+03
2.060000000000000000e+03
7.680000000000000000e+02
1.150000000000000000e+03
7.460000000000000000e+03
1.152800000000000000e+04
1.152900000000000000e+04
7.461000000000000000e+03
3.665000000000000000e+03
9.420000000000000000e+02
2.237000000000000000e+03
4.241000000000000000e+03
7.390000000000000000e+03
1.801000000000000000e+03
3.789000000000000000e+03
1.020900000000000000e+04
8.350000000000000000e+02
2.736000000000000000e+03
1.090700000000000000e+04
3.038000000000000000e+03
1.610000000000000000e+02
5.490000000000000000e+02
3.750000000000000000e+02
3.760000000000000000e+02
3.770000000000000000e+02
3.780000000000000000e+02
3.661000000000000000e+03
1.799000000000000000e+03
6.447000000000000000e+03
1.580000000000000000e+02
7.040000000000000000e+02
2.241000000000000000e+03
9.381000000000000000e+03
2.560000000000000000e+02
5.750000000000000000e+02
1.395000000000000000e+03
1.094800000000000000e+04
1.094900000000000000e+04
2.560000000000000000e+02
5.750000000000000000e+02
1.395000000000000000e+03
1.094800000000000000e+04
1.094900000000000000e+04
9.660000000000000000e+02
3.750000000000000000e+02
3.760000000000000000e+02
3.770000000000000000e+02
3.780000000000000000e+02
2.059000000000000000e+03
4.449000000000000000e+03
3.620000000000000000e+02
3.620000000000000000e+02
3.620000000000000000e+02
1.070600000000000000e+04
9.480000000000000000e+02
9.480000000000000000e+02
2.421000000000000000e+03
2.111000000000000000e+03
9.597000000000000000e+03
1.900000000000000000e+02
1.132000000000000000e+03
1.229000000000000000e+03
2.142000000000000000e+03
8.237000000000000000e+03
8.238000000000000000e+03
8.245000000000000000e+03
3.409000000000000000e+03
3.659000000000000000e+03
4.773000000000000000e+03
1.071600000000000000e+04
5.634000000000000000e+03
4.428000000000000000e+03
4.535000000000000000e+03
4.537000000000000000e+03
4.544000000000000000e+03
4.568000000000000000e+03
4.954000000000000000e+03
4.965000000000000000e+03
7.764000000000000000e+03
1.011700000000000000e+04
1.012100000000000000e+04
1.070700000000000000e+04
1.626000000000000000e+03
1.167100000000000000e+04
4.355000000000000000e+03
4.726000000000000000e+03
4.952000000000000000e+03
4.957000000000000000e+03
4.960000000000000000e+03
4.963000000000000000e+03
4.968000000000000000e+03
7.762000000000000000e+03
1.011500000000000000e+04
1.011900000000000000e+04
7.420000000000000000e+02
4.428000000000000000e+03
4.535000000000000000e+03
4.537000000000000000e+03
4.544000000000000000e+03
4.568000000000000000e+03
4.954000000000000000e+03
4.965000000000000000e+03
7.764000000000000000e+03
1.011700000000000000e+04
1.012100000000000000e+04
7.420000000000000000e+02
4.385000000000000000e+03
7.420000000000000000e+02
4.386000000000000000e+03
7.420000000000000000e+02
4.386000000000000000e+03
1.404000000000000000e+03
4.429000000000000000e+03
4.430000000000000000e+03
4.724000000000000000e+03
4.725000000000000000e+03
4.955000000000000000e+03
4.956000000000000000e+03
4.958000000000000000e+03
4.959000000000000000e+03
4.961000000000000000e+03
4.962000000000000000e+03
4.966000000000000000e+03
4.967000000000000000e+03
4.969000000000000000e+03
4.970000000000000000e+03
7.765000000000000000e+03
1.011800000000000000e+04
1.012200000000000000e+04
1.167100000000000000e+04
2.918000000000000000e+03
2.200000000000000000e+01
5.963000000000000000e+03
7.809000000000000000e+03
7.810000000000000000e+03
1.083100000000000000e+04
3.664000000000000000e+03
1.134000000000000000e+03
2.718000000000000000e+03
2.718000000000000000e+03
5.710000000000000000e+02
5.730000000000000000e+02
6.600000000000000000e+02
4.573000000000000000e+03
4.617000000000000000e+03
1.625000000000000000e+03
4.010000000000000000e+02
2.120000000000000000e+02
6.987000000000000000e+03
4.710000000000000000e+03
3.599000000000000000e+03
1.152800000000000000e+04
1.625000000000000000e+03
2.210000000000000000e+02
8.871000000000000000e+03
8.938000000000000000e+03
1.117000000000000000e+04
1.117200000000000000e+04
1.117000000000000000e+04
1.117200000000000000e+04
8.390000000000000000e+02
5.133000000000000000e+03
5.134000000000000000e+03
2.291000000000000000e+03
4.198000000000000000e+03
4.199000000000000000e+03
1.014700000000000000e+04
2.733000000000000000e+03
4.510000000000000000e+02
4.800000000000000000e+02
2.735000000000000000e+03
4.160000000000000000e+02
5.332000000000000000e+03
1.014700000000000000e+04
1.049000000000000000e+03
1.049000000000000000e+03
3.232000000000000000e+03
3.232000000000000000e+03
3.232000000000000000e+03
3.658000000000000000e+03
1.724000000000000000e+03
5.617000000000000000e+03
6.858000000000000000e+03
1.075700000000000000e+04
1.132500000000000000e+04
1.132500000000000000e+04
2.600000000000000000e+02
1.900000000000000000e+02
1.229000000000000000e+03
4.378000000000000000e+03
1.070700000000000000e+04
7.420000000000000000e+02
7.420000000000000000e+02
4.385000000000000000e+03
7.420000000000000000e+02
4.386000000000000000e+03
7.420000000000000000e+02
4.386000000000000000e+03
1.056000000000000000e+03
2.280000000000000000e+02
6.230000000000000000e+02
7.540000000000000000e+02
1.172000000000000000e+03
4.880000000000000000e+03
5.233000000000000000e+03
5.234000000000000000e+03
6.917000000000000000e+03
6.927000000000000000e+03
2.703000000000000000e+03
3.150000000000000000e+02
1.353000000000000000e+03
3.650000000000000000e+03
9.650000000000000000e+02
1.870000000000000000e+03
1.397000000000000000e+03
1.993000000000000000e+03
2.560000000000000000e+02
5.750000000000000000e+02
1.395000000000000000e+03
1.094800000000000000e+04
1.094900000000000000e+04
2.560000000000000000e+02
5.750000000000000000e+02
1.395000000000000000e+03
1.094800000000000000e+04
1.094900000000000000e+04
5.617000000000000000e+03
6.858000000000000000e+03
1.075700000000000000e+04
1.068000000000000000e+03
1.070000000000000000e+03
1.829000000000000000e+03
2.568000000000000000e+03
2.739000000000000000e+03
2.740000000000000000e+03
3.321000000000000000e+03
3.750000000000000000e+02
3.760000000000000000e+02
3.770000000000000000e+02
3.780000000000000000e+02
7.560000000000000000e+02
3.236000000000000000e+03
3.237000000000000000e+03
3.238000000000000000e+03
3.239000000000000000e+03
4.779000000000000000e+03
2.000000000000000000e+02
4.300000000000000000e+02
1.138000000000000000e+03
1.858000000000000000e+03
2.320000000000000000e+03
1.580000000000000000e+02
5.120000000000000000e+02
1.665000000000000000e+03
8.510000000000000000e+02
9.380000000000000000e+03
3.654000000000000000e+03
3.654000000000000000e+03
5.577000000000000000e+03
3.655000000000000000e+03
4.112000000000000000e+03
1.040000000000000000e+02
1.135000000000000000e+03
1.083000000000000000e+03
4.559000000000000000e+03
5.820000000000000000e+03
5.629000000000000000e+03
5.630000000000000000e+03
2.783000000000000000e+03
5.032000000000000000e+03
5.662000000000000000e+03
3.656000000000000000e+03
7.460000000000000000e+03
1.152800000000000000e+04
1.152900000000000000e+04
8.700000000000000000e+03
3.035000000000000000e+03
3.750000000000000000e+02
3.760000000000000000e+02
3.770000000000000000e+02
3.780000000000000000e+02
3.648000000000000000e+03
3.966000000000000000e+03
5.389000000000000000e+03
5.970000000000000000e+02
8.510000000000000000e+02
9.380000000000000000e+03
1.529000000000000000e+03
6.150000000000000000e+02
2.135000000000000000e+03
3.940000000000000000e+03
3.269000000000000000e+03
4.231000000000000000e+03
4.350000000000000000e+02
4.410000000000000000e+02
4.420000000000000000e+02
4.430000000000000000e+02
3.320000000000000000e+02
2.090000000000000000e+03
1.658000000000000000e+03
2.003000000000000000e+03
2.061000000000000000e+03
1.220000000000000000e+03
1.655000000000000000e+03
3.905000000000000000e+03
4.212000000000000000e+03
3.905000000000000000e+03
4.212000000000000000e+03
7.404000000000000000e+03
1.229000000000000000e+03
2.142000000000000000e+03
1.090000000000000000e+03
1.214000000000000000e+03
2.199000000000000000e+03
1.099100000000000000e+04
1.230000000000000000e+03
1.231000000000000000e+03
8.244000000000000000e+03
2.948000000000000000e+03
6.000000000000000000e+00
1.400000000000000000e+01
2.260000000000000000e+02
3.050000000000000000e+03
4.672000000000000000e+03
4.673000000000000000e+03
8.648000000000000000e+03
8.470000000000000000e+02
3.150000000000000000e+02
1.353000000000000000e+03
9.097000000000000000e+03
2.376000000000000000e+03
2.376000000000000000e+03
4.148000000000000000e+03
3.948000000000000000e+03
5.808000000000000000e+03
9.420000000000000000e+02
2.237000000000000000e+03
4.241000000000000000e+03
3.503000000000000000e+03
3.504000000000000000e+03
1.103700000000000000e+04
1.107300000000000000e+04
2.530000000000000000e+02
1.122000000000000000e+03
1.030000000000000000e+03
1.470000000000000000e+03
5.130000000000000000e+02
5.160000000000000000e+02
5.170000000000000000e+02
9.620000000000000000e+02
9.640000000000000000e+02
9.670000000000000000e+02
9.680000000000000000e+02
9.700000000000000000e+02
1.548000000000000000e+03
1.549000000000000000e+03
1.880000000000000000e+03
2.091000000000000000e+03
2.096000000000000000e+03
2.097000000000000000e+03
2.327000000000000000e+03
2.332000000000000000e+03
2.371000000000000000e+03
2.372000000000000000e+03
8.232000000000000000e+03
3.660000000000000000e+03
3.660000000000000000e+03
3.170000000000000000e+02
1.421000000000000000e+03
1.515000000000000000e+03
3.646000000000000000e+03
2.788000000000000000e+03
5.780000000000000000e+02
5.860000000000000000e+02
8.970000000000000000e+02
3.601000000000000000e+03
4.859000000000000000e+03
3.657000000000000000e+03
1.770000000000000000e+02
4.771000000000000000e+03
4.910000000000000000e+02
1.086500000000000000e+04
4.350000000000000000e+02
4.410000000000000000e+02
4.420000000000000000e+02
4.430000000000000000e+02
4.350000000000000000e+02
4.410000000000000000e+02
4.420000000000000000e+02
4.430000000000000000e+02
3.662000000000000000e+03
8.218000000000000000e+03
4.350000000000000000e+02
4.410000000000000000e+02
4.420000000000000000e+02
4.430000000000000000e+02
3.165000000000000000e+03
3.194000000000000000e+03
5.150000000000000000e+03
5.812000000000000000e+03
7.772000000000000000e+03
5.181000000000000000e+03
5.810000000000000000e+03
5.813000000000000000e+03
7.774000000000000000e+03
7.773000000000000000e+03
5.177000000000000000e+03
5.814000000000000000e+03
6.529000000000000000e+03
7.302000000000000000e+03
5.224000000000000000e+03
5.815000000000000000e+03
5.223000000000000000e+03
1.117400000000000000e+04
5.221000000000000000e+03
5.222000000000000000e+03
6.558000000000000000e+03
3.066000000000000000e+03
3.067000000000000000e+03
1.370000000000000000e+02
3.005000000000000000e+03
3.663000000000000000e+03
1.300000000000000000e+02
2.740000000000000000e+02
7.034000000000000000e+03
7.035000000000000000e+03
3.193000000000000000e+03
2.272000000000000000e+03
3.600000000000000000e+01
8.400000000000000000e+01
4.109000000000000000e+03
2.864000000000000000e+03
3.947000000000000000e+03
5.225000000000000000e+03
1.117000000000000000e+04
1.117200000000000000e+04
8.390000000000000000e+02
5.133000000000000000e+03
5.134000000000000000e+03
8.247000000000000000e+03
5.626000000000000000e+03
2.240000000000000000e+03
9.400000000000000000e+01
1.150000000000000000e+02
3.440000000000000000e+02
4.350000000000000000e+02
4.410000000000000000e+02
4.420000000000000000e+02
4.430000000000000000e+02
2.110000000000000000e+03
2.081000000000000000e+03
4.533000000000000000e+03
4.534000000000000000e+03
4.536000000000000000e+03
4.543000000000000000e+03
4.566000000000000000e+03
4.953000000000000000e+03
4.964000000000000000e+03
7.759000000000000000e+03
7.763000000000000000e+03
1.011600000000000000e+04
1.012000000000000000e+04
1.167100000000000000e+04
4.467000000000000000e+03
4.364000000000000000e+03
1.320000000000000000e+02
1.009200000000000000e+04
7.030000000000000000e+02
1.000000000000000000e+03
3.104000000000000000e+03
2.140000000000000000e+02
9.675000000000000000e+03
2.630000000000000000e+03
2.630000000000000000e+03
1.069000000000000000e+03
1.978000000000000000e+03
1.890000000000000000e+02
9.247000000000000000e+03
2.630000000000000000e+03
2.630000000000000000e+03
2.630000000000000000e+03
2.630000000000000000e+03
2.630000000000000000e+03
4.260000000000000000e+02
7.200000000000000000e+02
1.855000000000000000e+03
2.100000000000000000e+03
2.720000000000000000e+03
3.531000000000000000e+03
2.070000000000000000e+02
1.051000000000000000e+03
2.750000000000000000e+03
7.650000000000000000e+02
2.704000000000000000e+03
2.704000000000000000e+03
2.704000000000000000e+03
2.300000000000000000e+02
9.210000000000000000e+02
9.382000000000000000e+03
9.383000000000000000e+03
9.384000000000000000e+03
9.386000000000000000e+03
4.290000000000000000e+02
2.035000000000000000e+03
1.054000000000000000e+03
1.940000000000000000e+02
1.401000000000000000e+03
1.185000000000000000e+03
1.186000000000000000e+03
1.187000000000000000e+03
1.528000000000000000e+03
1.022100000000000000e+04
2.071000000000000000e+03
1.121000000000000000e+03
2.245000000000000000e+03
3.245000000000000000e+03
1.123000000000000000e+03
6.190000000000000000e+02
3.905000000000000000e+03
4.212000000000000000e+03
2.971000000000000000e+03
3.018000000000000000e+03
4.391000000000000000e+03
2.377000000000000000e+03
5.807000000000000000e+03
2.990000000000000000e+02
1.600000000000000000e+03
1.786000000000000000e+03
2.301000000000000000e+03
5.050000000000000000e+02
9.009000000000000000e+03
1.270000000000000000e+02
1.547000000000000000e+03
1.131900000000000000e+04
5.813000000000000000e+03
7.775000000000000000e+03
6.530000000000000000e+03
3.651000000000000000e+03
5.578000000000000000e+03
7.234000000000000000e+03
2.910000000000000000e+02
2.984000000000000000e+03
1.064800000000000000e+04
7.130000000000000000e+02
7.140000000000000000e+02
2.401000000000000000e+03
8.010000000000000000e+02
1.718000000000000000e+03
1.791000000000000000e+03
6.199000000000000000e+03
4.850000000000000000e+02
9.590000000000000000e+02
1.057000000000000000e+03
8.639000000000000000e+03
1.737000000000000000e+03
1.528000000000000000e+03
1.022100000000000000e+04
3.750000000000000000e+02
3.760000000000000000e+02
3.770000000000000000e+02
3.780000000000000000e+02
4.533000000000000000e+03
4.534000000000000000e+03
4.536000000000000000e+03
4.543000000000000000e+03
4.566000000000000000e+03
4.953000000000000000e+03
4.964000000000000000e+03
7.759000000000000000e+03
7.763000000000000000e+03
1.011600000000000000e+04
1.012000000000000000e+04
1.167100000000000000e+04
1.051000000000000000e+03
2.750000000000000000e+03
1.350000000000000000e+02
3.470000000000000000e+03
9.400000000000000000e+01
1.150000000000000000e+02
1.130000000000000000e+03
8.240000000000000000e+03
8.370000000000000000e+02
6.113000000000000000e+03
9.400000000000000000e+01
1.150000000000000000e+02
5.338000000000000000e+03
1.602000000000000000e+03
1.061900000000000000e+04
5.287000000000000000e+03
2.530000000000000000e+03
7.030000000000000000e+02
1.000000000000000000e+03
3.104000000000000000e+03
2.070000000000000000e+02
2.200000000000000000e+01
6.004000000000000000e+03
1.131600000000000000e+04
2.380000000000000000e+02
1.177000000000000000e+03
2.833000000000000000e+03
1.740000000000000000e+02
1.909000000000000000e+03
2.493000000000000000e+03
3.320000000000000000e+02
2.090000000000000000e+03
1.074000000000000000e+03
5.145000000000000000e+03
3.313000000000000000e+03
2.390000000000000000e+02
3.471000000000000000e+03
4.509000000000000000e+03
9.550000000000000000e+02
1.092000000000000000e+03
1.101000000000000000e+03
1.103000000000000000e+03
1.104000000000000000e+03
1.194000000000000000e+03
1.329000000000000000e+03
2.926000000000000000e+03
3.634000000000000000e+03
4.019000000000000000e+03
4.470000000000000000e+03
5.549000000000000000e+03
5.961000000000000000e+03
6.091000000000000000e+03
8.555000000000000000e+03
1.500000000000000000e+02
1.395000000000000000e+03
1.416000000000000000e+03
1.117000000000000000e+04
1.117200000000000000e+04
1.820000000000000000e+02
5.100000000000000000e+02
1.012000000000000000e+03
1.012000000000000000e+03
5.339000000000000000e+03
9.780000000000000000e+03
1.541000000000000000e+03
1.117000000000000000e+04
1.117200000000000000e+04
6.580000000000000000e+02
8.390000000000000000e+02
5.133000000000000000e+03
5.134000000000000000e+03
7.600000000000000000e+02
8.670000000000000000e+02
3.920000000000000000e+03
1.291000000000000000e+03
7.820000000000000000e+02
1.286000000000000000e+03
2.408000000000000000e+03
4.941000000000000000e+03
1.117000000000000000e+04
1.117200000000000000e+04
1.240000000000000000e+02
1.390000000000000000e+02
1.560000000000000000e+02
3.300000000000000000e+02
5.700000000000000000e+02
7.220000000000000000e+02
1.137000000000000000e+03
1.857000000000000000e+03
2.093000000000000000e+03
2.326000000000000000e+03
2.331000000000000000e+03
3.530000000000000000e+03
1.189400000000000000e+04
1.189500000000000000e+04
5.199000000000000000e+03
5.199000000000000000e+03
5.199000000000000000e+03
3.013000000000000000e+03
8.390000000000000000e+02
5.133000000000000000e+03
5.134000000000000000e+03
1.117000000000000000e+04
1.117200000000000000e+04
8.572000000000000000e+03
4.448000000000000000e+03
8.990000000000000000e+02
4.951000000000000000e+03
1.030000000000000000e+03
1.470000000000000000e+03
7.390000000000000000e+03
8.701000000000000000e+03
8.701000000000000000e+03
2.133000000000000000e+03
9.993000000000000000e+03
3.223000000000000000e+03
1.071200000000000000e+04
1.555000000000000000e+03
1.518000000000000000e+03
2.728000000000000000e+03
1.131000000000000000e+04
1.518000000000000000e+03
3.232000000000000000e+03
9.430000000000000000e+02
8.856000000000000000e+03
8.110000000000000000e+02
8.110000000000000000e+02
8.110000000000000000e+02
9.740000000000000000e+02
1.411000000000000000e+03
2.922000000000000000e+03
1.022300000000000000e+04
4.290000000000000000e+02
9.210000000000000000e+02
8.600000000000000000e+01
8.600000000000000000e+01
1.171000000000000000e+03
4.429000000000000000e+03
4.724000000000000000e+03
4.955000000000000000e+03
4.958000000000000000e+03
4.961000000000000000e+03
4.966000000000000000e+03
4.969000000000000000e+03
7.170000000000000000e+02
1.388000000000000000e+03
4.594000000000000000e+03
1.117300000000000000e+04
4.200000000000000000e+02
6.363000000000000000e+03
6.363000000000000000e+03
1.869000000000000000e+03
2.800000000000000000e+01
8.010000000000000000e+02
8.020000000000000000e+02
6.087000000000000000e+03
6.088000000000000000e+03
2.377000000000000000e+03
3.119000000000000000e+03
4.014000000000000000e+03
8.157000000000000000e+03
8.158000000000000000e+03
4.750000000000000000e+02
2.630000000000000000e+03
5.807000000000000000e+03
1.416000000000000000e+03
1.525000000000000000e+03
2.322000000000000000e+03
4.260000000000000000e+02
7.200000000000000000e+02
1.855000000000000000e+03
2.100000000000000000e+03
2.720000000000000000e+03
3.531000000000000000e+03
7.610000000000000000e+02
1.621000000000000000e+03
1.245000000000000000e+03
1.273000000000000000e+03
1.677000000000000000e+03
1.770000000000000000e+03
2.143000000000000000e+03
1.161400000000000000e+04
1.162100000000000000e+04
1.085000000000000000e+04
5.081000000000000000e+03
1.084900000000000000e+04
5.081000000000000000e+03
1.084900000000000000e+04
1.492000000000000000e+03
5.220000000000000000e+03
7.268000000000000000e+03
1.012000000000000000e+03
5.627000000000000000e+03
5.627000000000000000e+03
1.880000000000000000e+02
5.080000000000000000e+02
1.155800000000000000e+04
2.630000000000000000e+03
2.630000000000000000e+03
1.163300000000000000e+04
1.163400000000000000e+04
1.163500000000000000e+04
1.163600000000000000e+04
2.530000000000000000e+03
2.017000000000000000e+03
2.018000000000000000e+03
2.019000000000000000e+03
2.024000000000000000e+03
3.024000000000000000e+03
2.921000000000000000e+03
7.280000000000000000e+03
2.025000000000000000e+03
4.710000000000000000e+03
1.567000000000000000e+03
2.099000000000000000e+03
8.233000000000000000e+03
2.100000000000000000e+03
1.189600000000000000e+04
2.101000000000000000e+03
9.360000000000000000e+02
9.370000000000000000e+02
9.390000000000000000e+02
9.400000000000000000e+02
2.235000000000000000e+03
2.236000000000000000e+03
1.176500000000000000e+04
1.663000000000000000e+03
3.750000000000000000e+02
3.760000000000000000e+02
3.770000000000000000e+02
3.780000000000000000e+02
2.017000000000000000e+03
2.018000000000000000e+03
2.019000000000000000e+03
2.024000000000000000e+03
8.560000000000000000e+02
3.096000000000000000e+03
1.107400000000000000e+04
1.450000000000000000e+03
