1.400000000000000000e+01
2.090000000000000000e+02
1.699000000000000000e+03
3.270000000000000000e+03
3.654000000000000000e+03
3.660000000000000000e+03
1.238000000000000000e+03
2.952000000000000000e+03
3.367000000000000000e+03
4.985000000000000000e+03
4.986000000000000000e+03
1.122500000000000000e+04
2.164000000000000000e+03
1.404000000000000000e+03
4.429000000000000000e+03
4.430000000000000000e+03
4.724000000000000000e+03
4.725000000000000000e+03
4.955000000000000000e+03
4.956000000000000000e+03
4.958000000000000000e+03
4.959000000000000000e+03
4.961000000000000000e+03
4.962000000000000000e+03
4.966000000000000000e+03
4.967000000000000000e+03
4.969000000000000000e+03
4.970000000000000000e+03
7.765000000000000000e+03
1.011800000000000000e+04
1.012200000000000000e+04
1.167100000000000000e+04
4.350000000000000000e+02
4.410000000000000000e+02
4.420000000000000000e+02
4.430000000000000000e+02
5.118000000000000000e+03
2.017000000000000000e+03
2.018000000000000000e+03
2.019000000000000000e+03
2.024000000000000000e+03
1.070700000000000000e+04
2.017000000000000000e+03
2.018000000000000000e+03
2.019000000000000000e+03
2.024000000000000000e+03
3.750000000000000000e+02
3.760000000000000000e+02
3.770000000000000000e+02
3.780000000000000000e+02
3.750000000000000000e+02
3.760000000000000000e+02
3.770000000000000000e+02
3.780000000000000000e+02
3.750000000000000000e+02
3.760000000000000000e+02
3.770000000000000000e+02
3.780000000000000000e+02
9.597000000000000000e+03
3.940000000000000000e+03
4.350000000000000000e+02
4.410000000000000000e+02
4.420000000000000000e+02
4.430000000000000000e+02
4.350000000000000000e+02
4.410000000000000000e+02
4.420000000000000000e+02
4.430000000000000000e+02
3.750000000000000000e+02
3.760000000000000000e+02
3.770000000000000000e+02
3.780000000000000000e+02
2.090000000000000000e+02
1.221000000000000000e+03
1.698000000000000000e+03
3.815000000000000000e+03
7.618000000000000000e+03
8.549000000000000000e+03
3.656000000000000000e+03
3.905000000000000000e+03
4.212000000000000000e+03
3.905000000000000000e+03
4.212000000000000000e+03
3.905000000000000000e+03
4.212000000000000000e+03
1.580000000000000000e+02
2.094000000000000000e+03
2.098000000000000000e+03
4.990000000000000000e+03
4.993000000000000000e+03
6.859000000000000000e+03
8.774000000000000000e+03
9.736000000000000000e+03
3.550000000000000000e+02
6.940000000000000000e+02
7.340000000000000000e+02
8.960000000000000000e+02
2.433000000000000000e+03
2.619000000000000000e+03
5.052000000000000000e+03
2.734000000000000000e+03
3.750000000000000000e+02
3.760000000000000000e+02
3.770000000000000000e+02
3.780000000000000000e+02
3.100000000000000000e+02
1.132900000000000000e+04
3.197000000000000000e+03
4.972000000000000000e+03
4.100000000000000000e+02
4.100000000000000000e+02
6.600000000000000000e+02
1.625000000000000000e+03
4.858000000000000000e+03
4.858000000000000000e+03
2.164000000000000000e+03
4.010000000000000000e+02
1.049000000000000000e+03
4.658000000000000000e+03
5.074000000000000000e+03
9.763000000000000000e+03
1.080600000000000000e+04
1.064800000000000000e+04
3.789000000000000000e+03
1.020900000000000000e+04
1.040000000000000000e+02
3.750000000000000000e+02
3.760000000000000000e+02
3.770000000000000000e+02
3.780000000000000000e+02
4.984000000000000000e+03
8.775000000000000000e+03
8.100000000000000000e+01
6.210000000000000000e+02
1.933000000000000000e+03
1.940000000000000000e+03
3.316000000000000000e+03
8.549000000000000000e+03
4.286000000000000000e+03
9.959000000000000000e+03
7.412000000000000000e+03
2.164000000000000000e+03
2.164000000000000000e+03
2.090000000000000000e+02
2.569000000000000000e+03
6.613000000000000000e+03
1.132500000000000000e+04
4.550000000000000000e+03
4.567000000000000000e+03
1.194500000000000000e+04
1.300000000000000000e+02
8.990000000000000000e+02
4.951000000000000000e+03
5.577000000000000000e+03
8.400000000000000000e+01
7.130000000000000000e+02
7.140000000000000000e+02
2.401000000000000000e+03
2.100000000000000000e+03
1.189600000000000000e+04
2.200000000000000000e+02
9.960000000000000000e+02
4.280000000000000000e+02
4.639000000000000000e+03
5.046000000000000000e+03
5.048000000000000000e+03
3.661000000000000000e+03
2.291000000000000000e+03
1.856000000000000000e+03
5.680000000000000000e+02
2.325000000000000000e+03
1.580000000000000000e+02
5.120000000000000000e+02
1.665000000000000000e+03
5.000000000000000000e+03
5.615000000000000000e+03
1.194500000000000000e+04
1.194500000000000000e+04
1.194500000000000000e+04
3.150000000000000000e+02
1.353000000000000000e+03
5.710000000000000000e+02
5.730000000000000000e+02
3.351000000000000000e+03
1.139600000000000000e+04
2.016000000000000000e+03
3.596000000000000000e+03
9.372000000000000000e+03
1.081600000000000000e+04
2.055000000000000000e+03
3.193000000000000000e+03
3.191000000000000000e+03
3.192000000000000000e+03
1.150000000000000000e+03
1.015100000000000000e+04
4.587000000000000000e+03
3.600000000000000000e+01
1.626000000000000000e+03
1.167100000000000000e+04
1.071600000000000000e+04
3.820000000000000000e+02
1.020500000000000000e+04
7.767000000000000000e+03
7.768000000000000000e+03
9.450000000000000000e+02
9.099000000000000000e+03
3.646000000000000000e+03
4.370000000000000000e+02
4.380000000000000000e+02
4.390000000000000000e+02
4.400000000000000000e+02
1.530000000000000000e+03
1.122000000000000000e+03
1.194500000000000000e+04
2.241000000000000000e+03
9.381000000000000000e+03
3.664000000000000000e+03
1.194500000000000000e+04
2.090000000000000000e+02
1.221000000000000000e+03
1.698000000000000000e+03
3.815000000000000000e+03
7.618000000000000000e+03
8.549000000000000000e+03
1.194500000000000000e+04
1.194500000000000000e+04
1.194500000000000000e+04
1.194500000000000000e+04
3.662000000000000000e+03
8.218000000000000000e+03
2.860000000000000000e+02
9.978000000000000000e+03
7.766000000000000000e+03
7.769000000000000000e+03
2.649000000000000000e+03
4.591000000000000000e+03
3.663000000000000000e+03
3.665000000000000000e+03
8.700000000000000000e+03
5.578000000000000000e+03
2.016000000000000000e+03
3.596000000000000000e+03
9.372000000000000000e+03
1.046300000000000000e+04
1.240000000000000000e+02
1.390000000000000000e+02
1.560000000000000000e+02
3.300000000000000000e+02
5.700000000000000000e+02
7.220000000000000000e+02
1.137000000000000000e+03
1.857000000000000000e+03
2.093000000000000000e+03
2.326000000000000000e+03
2.331000000000000000e+03
3.530000000000000000e+03
1.189400000000000000e+04
1.189500000000000000e+04
8.701000000000000000e+03
3.254000000000000000e+03
8.100000000000000000e+01
1.400000000000000000e+01
2.090000000000000000e+02
1.699000000000000000e+03
3.270000000000000000e+03
4.355000000000000000e+03
4.726000000000000000e+03
4.952000000000000000e+03
4.957000000000000000e+03
4.960000000000000000e+03
4.963000000000000000e+03
4.968000000000000000e+03
7.762000000000000000e+03
1.011500000000000000e+04
1.011900000000000000e+04
4.050000000000000000e+02
2.404000000000000000e+03
4.350000000000000000e+02
4.410000000000000000e+02
4.420000000000000000e+02
4.430000000000000000e+02
3.650000000000000000e+03
4.050000000000000000e+02
2.404000000000000000e+03
3.750000000000000000e+02
3.760000000000000000e+02
3.770000000000000000e+02
3.780000000000000000e+02
3.750000000000000000e+02
3.760000000000000000e+02
3.770000000000000000e+02
3.780000000000000000e+02
1.631000000000000000e+03
3.549000000000000000e+03
1.120000000000000000e+02
2.570000000000000000e+03
2.571000000000000000e+03
8.549000000000000000e+03
5.970000000000000000e+02
8.420000000000000000e+02
8.440000000000000000e+02
2.060000000000000000e+02
1.194500000000000000e+04
4.800000000000000000e+02
4.734000000000000000e+03
1.795000000000000000e+03
7.211000000000000000e+03
2.029000000000000000e+03
3.659000000000000000e+03
4.773000000000000000e+03
8.057000000000000000e+03
4.428000000000000000e+03
4.535000000000000000e+03
4.537000000000000000e+03
4.544000000000000000e+03
4.568000000000000000e+03
4.954000000000000000e+03
4.965000000000000000e+03
7.764000000000000000e+03
1.011700000000000000e+04
1.012100000000000000e+04
1.014700000000000000e+04
6.447000000000000000e+03
1.799000000000000000e+03
1.801000000000000000e+03
9.360000000000000000e+02
9.370000000000000000e+02
9.390000000000000000e+02
9.400000000000000000e+02
2.235000000000000000e+03
2.236000000000000000e+03
1.176500000000000000e+04
8.701000000000000000e+03
3.510000000000000000e+02
5.629000000000000000e+03
5.630000000000000000e+03
4.573000000000000000e+03
4.617000000000000000e+03
2.788000000000000000e+03
1.779000000000000000e+03
1.977000000000000000e+03
2.735000000000000000e+03
8.300000000000000000e+02
4.989000000000000000e+03
8.773000000000000000e+03
2.530000000000000000e+02
8.100000000000000000e+01
5.146000000000000000e+03
4.657000000000000000e+03
4.254000000000000000e+03
4.254000000000000000e+03
4.985000000000000000e+03
4.986000000000000000e+03
2.777000000000000000e+03
5.578000000000000000e+03
9.248000000000000000e+03
1.123000000000000000e+03
4.254000000000000000e+03
3.320000000000000000e+02
2.090000000000000000e+03
2.783000000000000000e+03
3.658000000000000000e+03
1.082000000000000000e+03
1.056000000000000000e+03
9.030000000000000000e+03
1.194500000000000000e+04
1.120000000000000000e+02
3.654000000000000000e+03
3.660000000000000000e+03
1.120000000000000000e+02
3.655000000000000000e+03
1.090000000000000000e+03
1.214000000000000000e+03
2.199000000000000000e+03
1.099100000000000000e+04
5.032000000000000000e+03
5.662000000000000000e+03
1.194500000000000000e+04
1.132500000000000000e+04
1.324000000000000000e+03
1.325000000000000000e+03
1.900000000000000000e+03
1.194500000000000000e+04
3.220000000000000000e+03
4.533000000000000000e+03
4.534000000000000000e+03
4.536000000000000000e+03
4.543000000000000000e+03
4.566000000000000000e+03
4.953000000000000000e+03
4.964000000000000000e+03
7.759000000000000000e+03
7.763000000000000000e+03
1.011600000000000000e+04
1.012000000000000000e+04
1.167100000000000000e+04
2.670000000000000000e+02
2.680000000000000000e+02
1.899000000000000000e+03
1.220000000000000000e+03
1.655000000000000000e+03
4.606000000000000000e+03
4.160000000000000000e+02
2.380000000000000000e+02
1.177000000000000000e+03
1.074000000000000000e+03
5.145000000000000000e+03
7.460000000000000000e+03
1.152800000000000000e+04
1.152900000000000000e+04
1.064500000000000000e+04
1.064600000000000000e+04
1.064700000000000000e+04
3.420000000000000000e+02
7.136000000000000000e+03
7.460000000000000000e+03
1.152800000000000000e+04
1.152900000000000000e+04
4.988000000000000000e+03
5.614000000000000000e+03
8.769000000000000000e+03
8.781000000000000000e+03
2.160000000000000000e+02
1.185000000000000000e+03
1.186000000000000000e+03
1.187000000000000000e+03
3.066000000000000000e+03
3.067000000000000000e+03
3.503000000000000000e+03
4.198000000000000000e+03
4.199000000000000000e+03
4.858000000000000000e+03
1.818000000000000000e+03
2.300000000000000000e+02
9.210000000000000000e+02
7.234000000000000000e+03
1.361000000000000000e+03
7.605000000000000000e+03
4.200000000000000000e+02
9.420000000000000000e+02
2.237000000000000000e+03
4.241000000000000000e+03
1.859000000000000000e+03
4.290000000000000000e+02
1.406000000000000000e+03
4.864000000000000000e+03
2.301000000000000000e+03
1.859000000000000000e+03
3.409000000000000000e+03
2.600000000000000000e+01
2.558000000000000000e+03
2.887000000000000000e+03
2.985000000000000000e+03
3.527000000000000000e+03
4.949000000000000000e+03
4.998000000000000000e+03
1.003500000000000000e+04
1.003900000000000000e+04
1.004000000000000000e+04
3.522000000000000000e+03
7.002000000000000000e+03
7.003000000000000000e+03
7.004000000000000000e+03
7.023000000000000000e+03
7.024000000000000000e+03
7.025000000000000000e+03
7.026000000000000000e+03
7.069000000000000000e+03
7.070000000000000000e+03
7.083000000000000000e+03
7.084000000000000000e+03
7.091000000000000000e+03
7.092000000000000000e+03
7.093000000000000000e+03
7.094000000000000000e+03
7.100000000000000000e+03
7.113000000000000000e+03
7.116000000000000000e+03
8.280000000000000000e+03
9.409000000000000000e+03
1.190500000000000000e+04
8.850000000000000000e+02
1.880000000000000000e+02
5.080000000000000000e+02
2.430000000000000000e+02
1.310000000000000000e+03
2.051000000000000000e+03
7.385000000000000000e+03
2.910000000000000000e+02
1.800000000000000000e+03
6.363000000000000000e+03
1.064900000000000000e+04
1.000200000000000000e+04
1.022300000000000000e+04
7.411000000000000000e+03
