6.144000000000000000e+03
1.024400000000000000e+04
4.000000000000000000e+00
2.059000000000000000e+03
2.060000000000000000e+03
2.061000000000000000e+03
1.400000000000000000e+01
4.111000000000000000e+03
6.160000000000000000e+03
2.071000000000000000e+03
4.120000000000000000e+03
8.218000000000000000e+03
2.600000000000000000e+01
6.172000000000000000e+03
8.221000000000000000e+03
6.173000000000000000e+03
6.174000000000000000e+03
2.081000000000000000e+03
6.177000000000000000e+03
6.179000000000000000e+03
6.178000000000000000e+03
3.400000000000000000e+01
8.229000000000000000e+03
2.087000000000000000e+03
2.088000000000000000e+03
8.231000000000000000e+03
8.233000000000000000e+03
6.185000000000000000e+03
2.091000000000000000e+03
2.093000000000000000e+03
2.094000000000000000e+03
8.232000000000000000e+03
8.240000000000000000e+03
2.096000000000000000e+03
2.098000000000000000e+03
2.099000000000000000e+03
2.100000000000000000e+03
2.101000000000000000e+03
2.102000000000000000e+03
8.244000000000000000e+03
2.097000000000000000e+03
8.245000000000000000e+03
6.202000000000000000e+03
2.111000000000000000e+03
2.112000000000000000e+03
4.162000000000000000e+03
2.124000000000000000e+03
6.229000000000000000e+03
8.600000000000000000e+01
2.135000000000000000e+03
8.280000000000000000e+03
8.281000000000000000e+03
9.000000000000000000e+01
6.236000000000000000e+03
6.237000000000000000e+03
9.400000000000000000e+01
2.142000000000000000e+03
6.242000000000000000e+03
2.147000000000000000e+03
1.020000000000000000e+02
1.034200000000000000e+04
1.040000000000000000e+02
4.206000000000000000e+03
4.208000000000000000e+03
8.306000000000000000e+03
1.150000000000000000e+02
4.212000000000000000e+03
8.310000000000000000e+03
1.240000000000000000e+02
1.270000000000000000e+02
1.300000000000000000e+02
1.320000000000000000e+02
4.231000000000000000e+03
1.370000000000000000e+02
1.390000000000000000e+02
4.238000000000000000e+03
4.241000000000000000e+03
1.500000000000000000e+02
2.199000000000000000e+03
1.560000000000000000e+02
1.580000000000000000e+02
1.610000000000000000e+02
1.620000000000000000e+02
1.640000000000000000e+02
8.360000000000000000e+03
8.362000000000000000e+03
8.363000000000000000e+03
4.268000000000000000e+03
8.364000000000000000e+03
1.740000000000000000e+02
8.368000000000000000e+03
1.770000000000000000e+02
4.273000000000000000e+03
1.830000000000000000e+02
1.840000000000000000e+02
2.235000000000000000e+03
2.236000000000000000e+03
1.890000000000000000e+02
1.900000000000000000e+02
2.239000000000000000e+03
2.237000000000000000e+03
2.241000000000000000e+03
1.940000000000000000e+02
2.240000000000000000e+03
1.880000000000000000e+02
2.245000000000000000e+03
4.294000000000000000e+03
2.000000000000000000e+02
2.060000000000000000e+02
2.090000000000000000e+02
2.120000000000000000e+02
2.140000000000000000e+02
2.170000000000000000e+02
6.363000000000000000e+03
2.200000000000000000e+02
4.316000000000000000e+03
4.318000000000000000e+03
1.046300000000000000e+04
2.280000000000000000e+02
4.325000000000000000e+03
2.300000000000000000e+02
4.326000000000000000e+03
2.285000000000000000e+03
2.380000000000000000e+02
2.287000000000000000e+03
2.288000000000000000e+03
2.390000000000000000e+02
2.294000000000000000e+03
2.295000000000000000e+03
1.048600000000000000e+04
2.297000000000000000e+03
2.530000000000000000e+02
2.302000000000000000e+03
2.560000000000000000e+02
2.580000000000000000e+02
4.355000000000000000e+03
2.600000000000000000e+02
2.320000000000000000e+03
2.740000000000000000e+02
2.323000000000000000e+03
2.090000000000000000e+03
2.750000000000000000e+02
2.326000000000000000e+03
2.327000000000000000e+03
2.328000000000000000e+03
2.322000000000000000e+03
4.378000000000000000e+03
2.331000000000000000e+03
2.332000000000000000e+03
2.860000000000000000e+02
2.890000000000000000e+02
4.386000000000000000e+03
4.535000000000000000e+03
4.385000000000000000e+03
4.391000000000000000e+03
4.393000000000000000e+03
2.990000000000000000e+02
4.537000000000000000e+03
6.447000000000000000e+03
3.060000000000000000e+02
3.150000000000000000e+02
3.170000000000000000e+02
8.511000000000000000e+03
8.512000000000000000e+03
3.210000000000000000e+02
2.371000000000000000e+03
2.372000000000000000e+03
3.300000000000000000e+02
3.310000000000000000e+02
3.320000000000000000e+02
4.429000000000000000e+03
4.428000000000000000e+03
3.350000000000000000e+02
3.450000000000000000e+02
4.954000000000000000e+03
2.401000000000000000e+03
4.449000000000000000e+03
3.540000000000000000e+02
8.549000000000000000e+03
8.550000000000000000e+03
2.408000000000000000e+03
2.410000000000000000e+03
2.412000000000000000e+03
2.413000000000000000e+03
8.557000000000000000e+03
4.463000000000000000e+03
8.558000000000000000e+03
6.513000000000000000e+03
6.514000000000000000e+03
4.144000000000000000e+03
1.061300000000000000e+04
3.750000000000000000e+02
6.520000000000000000e+03
6.521000000000000000e+03
6.522000000000000000e+03
3.760000000000000000e+02
3.800000000000000000e+02
8.572000000000000000e+03
3.820000000000000000e+02
8.575000000000000000e+03
3.770000000000000000e+02
3.780000000000000000e+02
3.790000000000000000e+02
3.900000000000000000e+02
3.930000000000000000e+02
4.010000000000000000e+02
1.064800000000000000e+04
4.511000000000000000e+03
4.160000000000000000e+02
2.465000000000000000e+03
4.519000000000000000e+03
4.240000000000000000e+02
2.472000000000000000e+03
4.280000000000000000e+02
4.290000000000000000e+02
4.300000000000000000e+02
4.350000000000000000e+02
2.484000000000000000e+03
2.485000000000000000e+03
4.370000000000000000e+02
4.380000000000000000e+02
4.390000000000000000e+02
4.400000000000000000e+02
4.533000000000000000e+03
4.534000000000000000e+03
4.536000000000000000e+03
2.493000000000000000e+03
6.590000000000000000e+03
4.543000000000000000e+03
4.410000000000000000e+02
4.420000000000000000e+02
4.430000000000000000e+02
4.440000000000000000e+02
4.544000000000000000e+03
8.639000000000000000e+03
4.559000000000000000e+03
4.560000000000000000e+03
1.070600000000000000e+04
1.070700000000000000e+04
4.562000000000000000e+03
4.566000000000000000e+03
4.700000000000000000e+02
4.568000000000000000e+03
1.071500000000000000e+04
1.071600000000000000e+04
1.071700000000000000e+04
4.573000000000000000e+03
2.530000000000000000e+03
4.830000000000000000e+02
8.237000000000000000e+03
4.850000000000000000e+02
8.238000000000000000e+03
2.540000000000000000e+03
4.591000000000000000e+03
8.700000000000000000e+03
2.557000000000000000e+03
2.558000000000000000e+03
5.110000000000000000e+02
5.120000000000000000e+02
5.130000000000000000e+02
5.080000000000000000e+02
5.160000000000000000e+02
5.170000000000000000e+02
4.613000000000000000e+03
2.568000000000000000e+03
2.569000000000000000e+03
4.617000000000000000e+03
8.717000000000000000e+03
8.718000000000000000e+03
4.633000000000000000e+03
2.585000000000000000e+03
5.390000000000000000e+02
1.028300000000000000e+04
4.639000000000000000e+03
1.078300000000000000e+04
5.480000000000000000e+02
5.490000000000000000e+02
5.520000000000000000e+02
1.080600000000000000e+04
2.617000000000000000e+03
5.700000000000000000e+02
5.710000000000000000e+02
5.720000000000000000e+02
8.765000000000000000e+03
5.730000000000000000e+02
1.081300000000000000e+04
5.750000000000000000e+02
2.628000000000000000e+03
2.630000000000000000e+03
5.860000000000000000e+02
8.779000000000000000e+03
5.900000000000000000e+02
5.940000000000000000e+02
5.970000000000000000e+02
6.000000000000000000e+02
1.084900000000000000e+04
1.085000000000000000e+04
4.710000000000000000e+03
6.190000000000000000e+02
6.230000000000000000e+02
6.240000000000000000e+02
6.260000000000000000e+02
1.086700000000000000e+04
4.724000000000000000e+03
4.726000000000000000e+03
6.580000000000000000e+02
6.590000000000000000e+02
6.600000000000000000e+02
8.856000000000000000e+03
1.090500000000000000e+04
2.718000000000000000e+03
2.719000000000000000e+03
2.720000000000000000e+03
4.771000000000000000e+03
4.773000000000000000e+03
4.779000000000000000e+03
4.783000000000000000e+03
2.739000000000000000e+03
2.740000000000000000e+03
2.748000000000000000e+03
2.749000000000000000e+03
7.030000000000000000e+02
7.040000000000000000e+02
1.094800000000000000e+04
1.094900000000000000e+04
4.805000000000000000e+03
2.760000000000000000e+03
7.130000000000000000e+02
7.140000000000000000e+02
6.861000000000000000e+03
6.863000000000000000e+03
2.767000000000000000e+03
7.200000000000000000e+02
2.770000000000000000e+03
7.220000000000000000e+02
7.240000000000000000e+02
2.777000000000000000e+03
2.780000000000000000e+03
2.783000000000000000e+03
2.786000000000000000e+03
2.788000000000000000e+03
7.420000000000000000e+02
1.099100000000000000e+04
7.540000000000000000e+02
7.560000000000000000e+02
2.805000000000000000e+03
7.600000000000000000e+02
4.858000000000000000e+03
4.859000000000000000e+03
7.650000000000000000e+02
2.813000000000000000e+03
7.670000000000000000e+02
7.680000000000000000e+02
7.690000000000000000e+02
7.700000000000000000e+02
7.710000000000000000e+02
7.720000000000000000e+02
6.917000000000000000e+03
7.820000000000000000e+02
6.927000000000000000e+03
4.880000000000000000e+03
1.102900000000000000e+04
1.103700000000000000e+04
8.010000000000000000e+02
8.020000000000000000e+02
8.110000000000000000e+02
8.160000000000000000e+02
2.878000000000000000e+03
1.107300000000000000e+04
8.370000000000000000e+02
9.030000000000000000e+03
2.887000000000000000e+03
8.390000000000000000e+02
8.420000000000000000e+02
6.987000000000000000e+03
8.440000000000000000e+02
4.941000000000000000e+03
8.460000000000000000e+02
8.470000000000000000e+02
8.510000000000000000e+02
4.949000000000000000e+03
4.951000000000000000e+03
4.952000000000000000e+03
8.570000000000000000e+02
7.002000000000000000e+03
7.003000000000000000e+03
7.004000000000000000e+03
4.953000000000000000e+03
4.957000000000000000e+03
4.955000000000000000e+03
4.960000000000000000e+03
4.958000000000000000e+03
2.914000000000000000e+03
8.670000000000000000e+02
4.964000000000000000e+03
4.963000000000000000e+03
2.918000000000000000e+03
4.961000000000000000e+03
4.968000000000000000e+03
4.966000000000000000e+03
4.969000000000000000e+03
4.965000000000000000e+03
7.023000000000000000e+03
7.024000000000000000e+03
7.025000000000000000e+03
7.026000000000000000e+03
9.078000000000000000e+03
7.034000000000000000e+03
7.035000000000000000e+03
8.970000000000000000e+02
8.990000000000000000e+02
9.000000000000000000e+02
4.998000000000000000e+03
1.114300000000000000e+04
9.099000000000000000e+03
2.961000000000000000e+03
9.210000000000000000e+02
2.971000000000000000e+03
7.069000000000000000e+03
7.070000000000000000e+03
9.270000000000000000e+02
1.117000000000000000e+04
1.117100000000000000e+04
1.117200000000000000e+04
9.360000000000000000e+02
9.370000000000000000e+02
2.985000000000000000e+03
9.390000000000000000e+02
9.400000000000000000e+02
7.083000000000000000e+03
7.084000000000000000e+03
9.430000000000000000e+02
5.032000000000000000e+03
9.450000000000000000e+02
9.420000000000000000e+02
7.091000000000000000e+03
7.092000000000000000e+03
7.093000000000000000e+03
5.046000000000000000e+03
7.094000000000000000e+03
5.048000000000000000e+03
7.100000000000000000e+03
3.005000000000000000e+03
9.590000000000000000e+02
7.105000000000000000e+03
9.620000000000000000e+02
9.630000000000000000e+02
9.640000000000000000e+02
9.650000000000000000e+02
9.660000000000000000e+02
9.670000000000000000e+02
9.680000000000000000e+02
7.113000000000000000e+03
9.700000000000000000e+02
9.690000000000000000e+02
7.116000000000000000e+03
3.020000000000000000e+03
3.018000000000000000e+03
3.024000000000000000e+03
7.125000000000000000e+03
9.850000000000000000e+02
9.860000000000000000e+02
3.035000000000000000e+03
5.081000000000000000e+03
3.038000000000000000e+03
9.950000000000000000e+02
1.000000000000000000e+03
1.010000000000000000e+03
1.011000000000000000e+03
1.015000000000000000e+03
5.112000000000000000e+03
3.066000000000000000e+03
3.067000000000000000e+03
1.126000000000000000e+04
1.126200000000000000e+04
1.030000000000000000e+03
1.034000000000000000e+03
3.083000000000000000e+03
3.084000000000000000e+03
7.180000000000000000e+03
5.133000000000000000e+03
5.134000000000000000e+03
3.096000000000000000e+03
1.049000000000000000e+03
5.145000000000000000e+03
1.054000000000000000e+03
3.104000000000000000e+03
1.057000000000000000e+03
1.058000000000000000e+03
1.059000000000000000e+03
1.056000000000000000e+03
1.061000000000000000e+03
1.066000000000000000e+03
1.067000000000000000e+03
1.068000000000000000e+03
1.069000000000000000e+03
1.070000000000000000e+03
5.164000000000000000e+03
5.168000000000000000e+03
1.072000000000000000e+03
1.074000000000000000e+03
3.122000000000000000e+03
1.131900000000000000e+04
1.083000000000000000e+03
3.132000000000000000e+03
1.090000000000000000e+03
7.234000000000000000e+03
5.196000000000000000e+03
1.100000000000000000e+03
5.197000000000000000e+03
1.105000000000000000e+03
1.121000000000000000e+03
1.122000000000000000e+03
1.123000000000000000e+03
1.126000000000000000e+03
1.127000000000000000e+03
1.130000000000000000e+03
3.180000000000000000e+03
1.132000000000000000e+03
1.134000000000000000e+03
1.135000000000000000e+03
7.280000000000000000e+03
1.137000000000000000e+03
1.138000000000000000e+03
7.282000000000000000e+03
5.233000000000000000e+03
3.189000000000000000e+03
5.234000000000000000e+03
3.191000000000000000e+03
3.192000000000000000e+03
3.193000000000000000e+03
1.150000000000000000e+03
7.297000000000000000e+03
1.168000000000000000e+03
1.172000000000000000e+03
1.177000000000000000e+03
1.179000000000000000e+03
9.372000000000000000e+03
3.232000000000000000e+03
1.185000000000000000e+03
1.186000000000000000e+03
1.187000000000000000e+03
9.380000000000000000e+03
3.236000000000000000e+03
3.237000000000000000e+03
3.238000000000000000e+03
3.240000000000000000e+03
3.239000000000000000e+03
9.381000000000000000e+03
9.382000000000000000e+03
9.383000000000000000e+03
3.245000000000000000e+03
9.384000000000000000e+03
7.343000000000000000e+03
9.386000000000000000e+03
5.295000000000000000e+03
1.195000000000000000e+03
3.244000000000000000e+03
3.255000000000000000e+03
3.256000000000000000e+03
1.214000000000000000e+03
1.215000000000000000e+03
9.409000000000000000e+03
1.220000000000000000e+03
1.221000000000000000e+03
3.269000000000000000e+03
3.270000000000000000e+03
1.227000000000000000e+03
1.229000000000000000e+03
1.230000000000000000e+03
1.231000000000000000e+03
1.232000000000000000e+03
5.332000000000000000e+03
3.291000000000000000e+03
3.293000000000000000e+03
1.148500000000000000e+04
1.248000000000000000e+03
1.251000000000000000e+03
7.404000000000000000e+03
7.405000000000000000e+03
3.313000000000000000e+03
3.319000000000000000e+03
3.321000000000000000e+03
1.280000000000000000e+03
1.286000000000000000e+03
1.152700000000000000e+04
1.152800000000000000e+04
1.152900000000000000e+04
1.291000000000000000e+03
5.389000000000000000e+03
3.346000000000000000e+03
3.348000000000000000e+03
3.355000000000000000e+03
5.404000000000000000e+03
5.406000000000000000e+03
7.460000000000000000e+03
7.461000000000000000e+03
1.323000000000000000e+03
1.159200000000000000e+04
1.353000000000000000e+03
1.359000000000000000e+03
1.361000000000000000e+03
1.365000000000000000e+03
1.163300000000000000e+04
1.163400000000000000e+04
1.395000000000000000e+03
1.163500000000000000e+04
1.397000000000000000e+03
1.398000000000000000e+03
1.163600000000000000e+04
1.401000000000000000e+03
1.403000000000000000e+03
9.597000000000000000e+03
3.460000000000000000e+03
1.421000000000000000e+03
9.644000000000000000e+03
3.503000000000000000e+03
3.504000000000000000e+03
5.551000000000000000e+03
5.553000000000000000e+03
7.606000000000000000e+03
7.607000000000000000e+03
7.608000000000000000e+03
1.470000000000000000e+03
9.665000000000000000e+03
3.522000000000000000e+03
7.618000000000000000e+03
3.527000000000000000e+03
5.577000000000000000e+03
3.530000000000000000e+03
9.675000000000000000e+03
5.578000000000000000e+03
3.531000000000000000e+03
7.636000000000000000e+03
5.590000000000000000e+03
7.639000000000000000e+03
7.641000000000000000e+03
5.605000000000000000e+03
1.512000000000000000e+03
1.515000000000000000e+03
1.516000000000000000e+03
1.518000000000000000e+03
1.176500000000000000e+04
7.671000000000000000e+03
1.529000000000000000e+03
5.626000000000000000e+03
5.627000000000000000e+03
9.721000000000000000e+03
5.629000000000000000e+03
5.630000000000000000e+03
5.634000000000000000e+03
5.635000000000000000e+03
1.541000000000000000e+03
1.547000000000000000e+03
1.548000000000000000e+03
1.549000000000000000e+03
3.596000000000000000e+03
3.599000000000000000e+03
3.601000000000000000e+03
1.561000000000000000e+03
5.662000000000000000e+03
1.567000000000000000e+03
1.569000000000000000e+03
3.632000000000000000e+03
3.635000000000000000e+03
3.646000000000000000e+03
3.648000000000000000e+03
1.600000000000000000e+03
3.650000000000000000e+03
3.651000000000000000e+03
3.654000000000000000e+03
3.655000000000000000e+03
3.656000000000000000e+03
3.657000000000000000e+03
3.658000000000000000e+03
3.659000000000000000e+03
3.660000000000000000e+03
3.661000000000000000e+03
3.662000000000000000e+03
3.663000000000000000e+03
3.664000000000000000e+03
3.665000000000000000e+03
7.762000000000000000e+03
7.763000000000000000e+03
7.765000000000000000e+03
1.625000000000000000e+03
7.770000000000000000e+03
7.771000000000000000e+03
1.626000000000000000e+03
9.832000000000000000e+03
1.641000000000000000e+03
5.747000000000000000e+03
7.795000000000000000e+03
1.189300000000000000e+04
1.189400000000000000e+04
1.189500000000000000e+04
1.189600000000000000e+04
3.704000000000000000e+03
1.654000000000000000e+03
1.655000000000000000e+03
1.658000000000000000e+03
3.707000000000000000e+03
7.807000000000000000e+03
1.664000000000000000e+03
1.665000000000000000e+03
1.190500000000000000e+04
1.663000000000000000e+03
1.678000000000000000e+03
7.824000000000000000e+03
7.825000000000000000e+03
7.832000000000000000e+03
3.743000000000000000e+03
1.698000000000000000e+03
1.699000000000000000e+03
1.714000000000000000e+03
1.715000000000000000e+03
1.716000000000000000e+03
1.724000000000000000e+03
1.738000000000000000e+03
1.740000000000000000e+03
3.789000000000000000e+03
5.850000000000000000e+03
3.815000000000000000e+03
1.786000000000000000e+03
1.799000000000000000e+03
1.801000000000000000e+03
1.811000000000000000e+03
1.819000000000000000e+03
1.821000000000000000e+03
1.826000000000000000e+03
1.827000000000000000e+03
1.829000000000000000e+03
1.830000000000000000e+03
1.843000000000000000e+03
1.003500000000000000e+04
1.003900000000000000e+04
1.004000000000000000e+04
1.857000000000000000e+03
1.858000000000000000e+03
3.905000000000000000e+03
3.909000000000000000e+03
1.863000000000000000e+03
1.867000000000000000e+03
1.870000000000000000e+03
3.920000000000000000e+03
3.921000000000000000e+03
3.923000000000000000e+03
1.876000000000000000e+03
1.878000000000000000e+03
1.880000000000000000e+03
3.940000000000000000e+03
5.994000000000000000e+03
1.009200000000000000e+04
1.909000000000000000e+03
6.010000000000000000e+03
3.966000000000000000e+03
1.011500000000000000e+04
1.011600000000000000e+04
1.011700000000000000e+04
1.011900000000000000e+04
1.012000000000000000e+04
1.012100000000000000e+04
1.933000000000000000e+03
1.013700000000000000e+04
6.050000000000000000e+03
4.014000000000000000e+03
1.015900000000000000e+04
1.968000000000000000e+03
1.969000000000000000e+03
6.069000000000000000e+03
1.978000000000000000e+03
6.077000000000000000e+03
6.088000000000000000e+03
1.993000000000000000e+03
6.092000000000000000e+03
6.098000000000000000e+03
6.099000000000000000e+03
6.100000000000000000e+03
6.101000000000000000e+03
6.102000000000000000e+03
2.003000000000000000e+03
4.058000000000000000e+03
8.157000000000000000e+03
6.110000000000000000e+03
8.158000000000000000e+03
2.016000000000000000e+03
1.020900000000000000e+04
6.113000000000000000e+03
6.114000000000000000e+03
2.017000000000000000e+03
2.018000000000000000e+03
2.019000000000000000e+03
1.020800000000000000e+04
2.024000000000000000e+03
6.112000000000000000e+03
2.025000000000000000e+03
2.029000000000000000e+03
1.022300000000000000e+04
6.131000000000000000e+03
6.132000000000000000e+03
6.134000000000000000e+03
4.089000000000000000e+03
6.138000000000000000e+03
