1.728000000000000000e+03
4.250000000000000000e+02
7.281000000000000000e+03
7.420000000000000000e+02
4.385000000000000000e+03
2.376000000000000000e+03
3.232000000000000000e+03
3.232000000000000000e+03
2.071000000000000000e+03
7.770000000000000000e+03
7.771000000000000000e+03
1.114300000000000000e+04
7.671000000000000000e+03
3.550000000000000000e+02
6.940000000000000000e+02
7.340000000000000000e+02
8.960000000000000000e+02
2.433000000000000000e+03
2.619000000000000000e+03
5.052000000000000000e+03
3.236000000000000000e+03
1.069000000000000000e+03
5.571000000000000000e+03
5.570000000000000000e+03
5.570000000000000000e+03
5.860000000000000000e+02
8.366000000000000000e+03
8.367000000000000000e+03
8.367000000000000000e+03
8.366000000000000000e+03
8.366000000000000000e+03
2.059000000000000000e+03
3.232000000000000000e+03
3.232000000000000000e+03
1.066000000000000000e+03
1.500000000000000000e+02
1.395000000000000000e+03
9.300000000000000000e+01
1.140000000000000000e+02
2.480000000000000000e+02
4.858000000000000000e+03
3.013000000000000000e+03
7.420000000000000000e+02
4.386000000000000000e+03
7.420000000000000000e+02
4.386000000000000000e+03
7.560000000000000000e+02
3.236000000000000000e+03
3.237000000000000000e+03
3.238000000000000000e+03
3.239000000000000000e+03
4.779000000000000000e+03
2.000000000000000000e+02
4.300000000000000000e+02
1.138000000000000000e+03
1.858000000000000000e+03
2.320000000000000000e+03
2.738000000000000000e+03
4.111000000000000000e+03
2.738000000000000000e+03
4.111000000000000000e+03
1.770000000000000000e+02
4.771000000000000000e+03
5.570000000000000000e+03
5.570000000000000000e+03
5.570000000000000000e+03
2.071000000000000000e+03
1.856000000000000000e+03
3.750000000000000000e+02
3.760000000000000000e+02
3.770000000000000000e+02
3.780000000000000000e+02
9.597000000000000000e+03
7.470000000000000000e+02
4.152000000000000000e+03
2.630000000000000000e+03
8.366000000000000000e+03
8.367000000000000000e+03
1.056000000000000000e+03
9.030000000000000000e+03
4.533000000000000000e+03
4.534000000000000000e+03
4.536000000000000000e+03
4.543000000000000000e+03
4.566000000000000000e+03
4.953000000000000000e+03
4.964000000000000000e+03
7.759000000000000000e+03
7.763000000000000000e+03
1.011600000000000000e+04
1.012000000000000000e+04
1.167100000000000000e+04
1.500000000000000000e+02
1.395000000000000000e+03
1.416000000000000000e+03
4.393000000000000000e+03
4.393000000000000000e+03
4.393000000000000000e+03
3.256000000000000000e+03
1.561000000000000000e+03
1.863000000000000000e+03
1.969000000000000000e+03
2.147000000000000000e+03
2.294000000000000000e+03
2.295000000000000000e+03
2.297000000000000000e+03
2.484000000000000000e+03
2.557000000000000000e+03
2.748000000000000000e+03
8.368000000000000000e+03
1.024400000000000000e+04
1.570000000000000000e+03
1.876000000000000000e+03
2.296000000000000000e+03
2.484000000000000000e+03
1.066000000000000000e+03
1.057000000000000000e+03
2.749000000000000000e+03
1.561000000000000000e+03
1.863000000000000000e+03
1.969000000000000000e+03
2.147000000000000000e+03
2.294000000000000000e+03
2.295000000000000000e+03
2.297000000000000000e+03
2.484000000000000000e+03
2.557000000000000000e+03
2.748000000000000000e+03
8.368000000000000000e+03
1.024400000000000000e+04
1.878000000000000000e+03
2.485000000000000000e+03
8.221000000000000000e+03
4.010000000000000000e+02
1.819000000000000000e+03
4.112000000000000000e+03
1.530000000000000000e+03
1.030000000000000000e+03
1.470000000000000000e+03
1.870000000000000000e+03
1.993000000000000000e+03
9.650000000000000000e+02
1.397000000000000000e+03
1.397000000000000000e+03
2.560000000000000000e+02
5.750000000000000000e+02
1.395000000000000000e+03
1.094800000000000000e+04
1.094900000000000000e+04
2.560000000000000000e+02
5.750000000000000000e+02
1.395000000000000000e+03
1.094800000000000000e+04
1.094900000000000000e+04
7.030000000000000000e+02
1.000000000000000000e+03
3.104000000000000000e+03
4.658000000000000000e+03
5.074000000000000000e+03
9.763000000000000000e+03
1.116800000000000000e+04
8.390000000000000000e+02
5.133000000000000000e+03
5.134000000000000000e+03
1.081900000000000000e+04
1.811000000000000000e+03
2.797000000000000000e+03
3.975000000000000000e+03
3.977000000000000000e+03
4.486000000000000000e+03
4.487000000000000000e+03
5.835000000000000000e+03
3.658000000000000000e+03
4.350000000000000000e+02
4.410000000000000000e+02
4.420000000000000000e+02
4.430000000000000000e+02
2.094000000000000000e+03
2.098000000000000000e+03
2.090000000000000000e+02
1.221000000000000000e+03
1.698000000000000000e+03
3.815000000000000000e+03
7.618000000000000000e+03
8.549000000000000000e+03
2.090000000000000000e+02
2.569000000000000000e+03
1.400000000000000000e+01
2.090000000000000000e+02
1.699000000000000000e+03
3.270000000000000000e+03
5.570000000000000000e+03
5.570000000000000000e+03
5.570000000000000000e+03
4.700000000000000000e+02
5.605000000000000000e+03
2.704000000000000000e+03
2.704000000000000000e+03
2.704000000000000000e+03
5.339000000000000000e+03
9.780000000000000000e+03
3.013000000000000000e+03
1.054000000000000000e+03
4.990000000000000000e+03
4.993000000000000000e+03
6.859000000000000000e+03
8.774000000000000000e+03
9.736000000000000000e+03
1.580000000000000000e+02
5.120000000000000000e+02
1.665000000000000000e+03
1.830000000000000000e+02
5.110000000000000000e+02
9.630000000000000000e+02
1.126000000000000000e+03
1.227000000000000000e+03
1.569000000000000000e+03
1.664000000000000000e+03
1.968000000000000000e+03
2.088000000000000000e+03
2.102000000000000000e+03
2.323000000000000000e+03
2.719000000000000000e+03
3.346000000000000000e+03
1.771000000000000000e+03
1.040000000000000000e+02
2.971000000000000000e+03
3.018000000000000000e+03
4.391000000000000000e+03
2.120000000000000000e+02
6.987000000000000000e+03
4.710000000000000000e+03
2.100000000000000000e+03
1.189600000000000000e+04
2.262000000000000000e+03
5.570000000000000000e+03
5.570000000000000000e+03
5.570000000000000000e+03
5.130000000000000000e+02
5.160000000000000000e+02
5.170000000000000000e+02
9.620000000000000000e+02
9.640000000000000000e+02
9.670000000000000000e+02
9.680000000000000000e+02
9.700000000000000000e+02
1.548000000000000000e+03
1.549000000000000000e+03
1.880000000000000000e+03
2.091000000000000000e+03
2.096000000000000000e+03
2.097000000000000000e+03
2.327000000000000000e+03
2.332000000000000000e+03
2.371000000000000000e+03
2.372000000000000000e+03
8.232000000000000000e+03
5.688000000000000000e+03
1.799000000000000000e+03
6.447000000000000000e+03
1.580000000000000000e+02
5.634000000000000000e+03
8.390000000000000000e+02
5.133000000000000000e+03
5.134000000000000000e+03
5.223000000000000000e+03
1.117400000000000000e+04
5.177000000000000000e+03
5.814000000000000000e+03
7.773000000000000000e+03
5.813000000000000000e+03
7.775000000000000000e+03
5.813000000000000000e+03
7.774000000000000000e+03
5.181000000000000000e+03
5.810000000000000000e+03
7.772000000000000000e+03
5.221000000000000000e+03
5.222000000000000000e+03
6.558000000000000000e+03
4.280000000000000000e+02
4.639000000000000000e+03
5.046000000000000000e+03
5.048000000000000000e+03
3.066000000000000000e+03
3.067000000000000000e+03
1.940000000000000000e+02
1.401000000000000000e+03
3.443000000000000000e+03
8.871000000000000000e+03
8.938000000000000000e+03
2.590000000000000000e+02
2.282000000000000000e+03
2.649000000000000000e+03
1.398000000000000000e+03
8.871000000000000000e+03
8.938000000000000000e+03
4.010000000000000000e+02
3.038000000000000000e+03
1.068000000000000000e+03
1.070000000000000000e+03
1.829000000000000000e+03
2.568000000000000000e+03
1.068000000000000000e+03
1.070000000000000000e+03
1.829000000000000000e+03
2.568000000000000000e+03
1.229000000000000000e+03
2.142000000000000000e+03
2.017000000000000000e+03
2.018000000000000000e+03
2.019000000000000000e+03
2.024000000000000000e+03
2.017000000000000000e+03
2.018000000000000000e+03
2.019000000000000000e+03
2.024000000000000000e+03
6.600000000000000000e+01
3.458000000000000000e+03
3.459000000000000000e+03
4.457000000000000000e+03
1.990000000000000000e+02
4.710000000000000000e+03
8.572000000000000000e+03
5.176000000000000000e+03
1.880000000000000000e+02
1.118800000000000000e+04
1.196000000000000000e+03
1.086600000000000000e+04
6.690000000000000000e+02
9.107000000000000000e+03
1.209000000000000000e+03
4.441000000000000000e+03
5.070000000000000000e+03
2.200000000000000000e+02
9.960000000000000000e+02
6.000000000000000000e+00
1.400000000000000000e+01
2.260000000000000000e+02
3.050000000000000000e+03
4.672000000000000000e+03
4.673000000000000000e+03
8.648000000000000000e+03
6.000000000000000000e+00
1.400000000000000000e+01
2.260000000000000000e+02
3.050000000000000000e+03
4.672000000000000000e+03
4.673000000000000000e+03
8.648000000000000000e+03
1.213000000000000000e+03
1.213000000000000000e+03
3.896000000000000000e+03
3.898000000000000000e+03
3.968000000000000000e+03
4.001000000000000000e+03
8.620000000000000000e+03
8.624000000000000000e+03
8.628000000000000000e+03
8.634000000000000000e+03
8.641000000000000000e+03
8.645000000000000000e+03
1.017000000000000000e+04
3.896000000000000000e+03
3.898000000000000000e+03
3.968000000000000000e+03
4.001000000000000000e+03
1.017000000000000000e+04
9.940000000000000000e+02
4.426000000000000000e+03
1.005200000000000000e+04
3.051000000000000000e+03
4.439000000000000000e+03
4.440000000000000000e+03
5.068000000000000000e+03
5.069000000000000000e+03
5.071000000000000000e+03
7.671000000000000000e+03
7.671000000000000000e+03
7.671000000000000000e+03
7.677000000000000000e+03
7.671000000000000000e+03
7.671000000000000000e+03
7.671000000000000000e+03
3.350000000000000000e+03
1.074000000000000000e+03
5.145000000000000000e+03
5.225000000000000000e+03
6.529000000000000000e+03
7.302000000000000000e+03
4.109000000000000000e+03
8.400000000000000000e+01
2.272000000000000000e+03
4.148000000000000000e+03
3.600000000000000000e+01
5.150000000000000000e+03
5.812000000000000000e+03
1.492000000000000000e+03
7.490000000000000000e+02
7.490000000000000000e+02
7.490000000000000000e+02
5.607000000000000000e+03
5.820000000000000000e+03
5.820000000000000000e+03
5.820000000000000000e+03
1.034000000000000000e+03
1.071500000000000000e+04
1.071700000000000000e+04
3.750000000000000000e+02
3.760000000000000000e+02
3.770000000000000000e+02
3.780000000000000000e+02
2.120000000000000000e+02
6.987000000000000000e+03
4.710000000000000000e+03
2.240000000000000000e+03
5.000000000000000000e+03
5.615000000000000000e+03
1.990000000000000000e+02
1.082000000000000000e+03
1.082000000000000000e+03
2.140000000000000000e+02
7.390000000000000000e+03
9.450000000000000000e+02
9.099000000000000000e+03
9.300000000000000000e+01
1.140000000000000000e+02
2.480000000000000000e+02
9.300000000000000000e+01
1.140000000000000000e+02
2.480000000000000000e+02
2.530000000000000000e+02
4.606000000000000000e+03
4.567000000000000000e+03
4.428000000000000000e+03
4.535000000000000000e+03
4.537000000000000000e+03
4.544000000000000000e+03
4.568000000000000000e+03
4.954000000000000000e+03
4.965000000000000000e+03
7.764000000000000000e+03
1.011700000000000000e+04
1.012100000000000000e+04
4.587000000000000000e+03
5.146000000000000000e+03
5.570000000000000000e+03
5.570000000000000000e+03
5.570000000000000000e+03
5.480000000000000000e+02
7.671000000000000000e+03
7.671000000000000000e+03
7.671000000000000000e+03
4.700000000000000000e+02
5.605000000000000000e+03
1.117000000000000000e+04
1.117200000000000000e+04
3.232000000000000000e+03
3.232000000000000000e+03
3.013000000000000000e+03
4.370000000000000000e+02
4.380000000000000000e+02
4.390000000000000000e+02
4.400000000000000000e+02
1.801000000000000000e+03
5.645000000000000000e+03
9.768000000000000000e+03
9.769000000000000000e+03
1.248000000000000000e+03
1.251000000000000000e+03
3.291000000000000000e+03
3.293000000000000000e+03
3.313000000000000000e+03
2.390000000000000000e+02
5.196000000000000000e+03
4.112000000000000000e+03
1.051000000000000000e+03
2.750000000000000000e+03
4.533000000000000000e+03
4.534000000000000000e+03
4.536000000000000000e+03
4.543000000000000000e+03
4.566000000000000000e+03
4.953000000000000000e+03
4.964000000000000000e+03
7.759000000000000000e+03
7.763000000000000000e+03
1.011600000000000000e+04
1.012000000000000000e+04
1.167100000000000000e+04
1.196000000000000000e+03
1.197000000000000000e+03
1.196000000000000000e+03
1.197000000000000000e+03
3.646000000000000000e+03
3.650000000000000000e+03
5.633000000000000000e+03
8.110000000000000000e+02
8.110000000000000000e+02
8.010000000000000000e+02
8.020000000000000000e+02
2.410000000000000000e+03
3.635000000000000000e+03
3.921000000000000000e+03
6.088000000000000000e+03
5.647000000000000000e+03
9.771000000000000000e+03
4.573000000000000000e+03
4.617000000000000000e+03
5.629000000000000000e+03
5.630000000000000000e+03
2.783000000000000000e+03
5.032000000000000000e+03
5.662000000000000000e+03
3.193000000000000000e+03
3.191000000000000000e+03
3.192000000000000000e+03
5.860000000000000000e+02
4.910000000000000000e+02
1.183000000000000000e+03
9.951000000000000000e+03
2.782000000000000000e+03
5.659000000000000000e+03
1.183000000000000000e+03
9.951000000000000000e+03
8.603000000000000000e+03
7.050000000000000000e+02
7.060000000000000000e+02
9.220000000000000000e+02
9.350000000000000000e+02
8.503000000000000000e+03
5.661000000000000000e+03
1.068000000000000000e+03
1.070000000000000000e+03
1.829000000000000000e+03
2.568000000000000000e+03
8.580000000000000000e+02
1.014600000000000000e+04
1.602000000000000000e+03
1.061900000000000000e+04
1.092000000000000000e+03
3.820000000000000000e+02
1.518000000000000000e+03
3.663000000000000000e+03
8.030000000000000000e+02
3.351000000000000000e+03
1.139600000000000000e+04
3.084000000000000000e+03
2.412000000000000000e+03
2.413000000000000000e+03
2.060000000000000000e+02
1.122000000000000000e+03
2.890000000000000000e+02
6.513000000000000000e+03
2.777000000000000000e+03
6.514000000000000000e+03
5.645000000000000000e+03
9.768000000000000000e+03
9.769000000000000000e+03
5.339000000000000000e+03
9.780000000000000000e+03
4.710000000000000000e+03
5.606000000000000000e+03
1.541000000000000000e+03
4.700000000000000000e+02
5.605000000000000000e+03
6.580000000000000000e+02
5.627000000000000000e+03
9.660000000000000000e+02
3.150000000000000000e+02
1.353000000000000000e+03
4.160000000000000000e+02
5.332000000000000000e+03
1.049000000000000000e+03
1.046300000000000000e+04
1.012000000000000000e+03
1.012000000000000000e+03
1.056000000000000000e+03
9.030000000000000000e+03
2.656000000000000000e+03
7.680000000000000000e+02
1.067000000000000000e+03
1.641000000000000000e+03
1.830000000000000000e+03
6.590000000000000000e+03
1.030000000000000000e+03
1.470000000000000000e+03
1.244000000000000000e+03
1.130000000000000000e+03
8.240000000000000000e+03
1.230000000000000000e+03
1.231000000000000000e+03
8.244000000000000000e+03
8.700000000000000000e+03
2.328000000000000000e+03
2.780000000000000000e+03
2.780000000000000000e+03
1.714000000000000000e+03
5.636000000000000000e+03
2.060000000000000000e+03
4.710000000000000000e+03
2.120000000000000000e+02
6.987000000000000000e+03
2.738000000000000000e+03
2.780000000000000000e+03
4.111000000000000000e+03
4.394000000000000000e+03
5.132000000000000000e+03
8.559000000000000000e+03
2.971000000000000000e+03
3.018000000000000000e+03
4.391000000000000000e+03
7.460000000000000000e+03
1.152800000000000000e+04
1.152900000000000000e+04
1.078000000000000000e+03
2.990000000000000000e+02
1.600000000000000000e+03
1.786000000000000000e+03
8.571000000000000000e+03
1.724000000000000000e+03
1.015000000000000000e+03
2.111000000000000000e+03
5.607000000000000000e+03
8.510000000000000000e+02
9.380000000000000000e+03
8.420000000000000000e+02
8.440000000000000000e+02
3.750000000000000000e+02
3.760000000000000000e+02
3.770000000000000000e+02
3.780000000000000000e+02
3.750000000000000000e+02
3.760000000000000000e+02
3.770000000000000000e+02
3.780000000000000000e+02
3.750000000000000000e+02
3.760000000000000000e+02
3.770000000000000000e+02
3.780000000000000000e+02
7.620000000000000000e+02
4.780000000000000000e+03
4.657000000000000000e+03
1.370000000000000000e+02
3.005000000000000000e+03
3.662000000000000000e+03
8.218000000000000000e+03
1.068000000000000000e+03
1.070000000000000000e+03
1.829000000000000000e+03
2.568000000000000000e+03
5.710000000000000000e+02
5.730000000000000000e+02
4.858000000000000000e+03
2.600000000000000000e+02
8.366000000000000000e+03
8.367000000000000000e+03
2.059000000000000000e+03
7.650000000000000000e+02
4.710000000000000000e+03
5.570000000000000000e+03
1.066000000000000000e+03
5.570000000000000000e+03
5.570000000000000000e+03
1.300000000000000000e+02
5.570000000000000000e+03
3.033000000000000000e+03
4.700000000000000000e+02
5.605000000000000000e+03
1.512000000000000000e+03
1.061000000000000000e+03
5.637000000000000000e+03
7.600000000000000000e+02
8.670000000000000000e+02
3.920000000000000000e+03
8.701000000000000000e+03
4.550000000000000000e+03
9.300000000000000000e+01
1.140000000000000000e+02
2.480000000000000000e+02
3.655000000000000000e+03
5.577000000000000000e+03
4.448000000000000000e+03
3.223000000000000000e+03
1.071200000000000000e+04
2.133000000000000000e+03
9.993000000000000000e+03
3.905000000000000000e+03
4.212000000000000000e+03
3.905000000000000000e+03
4.212000000000000000e+03
3.905000000000000000e+03
4.212000000000000000e+03
3.940000000000000000e+03
7.420000000000000000e+02
1.240000000000000000e+02
1.390000000000000000e+02
1.560000000000000000e+02
3.300000000000000000e+02
5.700000000000000000e+02
7.220000000000000000e+02
1.137000000000000000e+03
1.857000000000000000e+03
2.093000000000000000e+03
2.326000000000000000e+03
2.331000000000000000e+03
3.530000000000000000e+03
1.189400000000000000e+04
1.189500000000000000e+04
1.529000000000000000e+03
6.150000000000000000e+02
2.135000000000000000e+03
1.900000000000000000e+02
1.132000000000000000e+03
1.229000000000000000e+03
2.142000000000000000e+03
8.237000000000000000e+03
8.238000000000000000e+03
8.245000000000000000e+03
1.071600000000000000e+04
5.970000000000000000e+02
1.012000000000000000e+03
1.012000000000000000e+03
8.470000000000000000e+02
2.200000000000000000e+02
5.900000000000000000e+02
1.016000000000000000e+03
3.750000000000000000e+02
3.760000000000000000e+02
3.770000000000000000e+02
3.780000000000000000e+02
5.146000000000000000e+03
3.320000000000000000e+02
2.090000000000000000e+03
4.350000000000000000e+02
4.410000000000000000e+02
4.420000000000000000e+02
4.430000000000000000e+02
4.350000000000000000e+02
4.410000000000000000e+02
4.420000000000000000e+02
4.430000000000000000e+02
1.245000000000000000e+03
1.677000000000000000e+03
1.770000000000000000e+03
2.137000000000000000e+03
5.570000000000000000e+03
5.570000000000000000e+03
5.570000000000000000e+03
3.232000000000000000e+03
3.460000000000000000e+03
3.083000000000000000e+03
1.826000000000000000e+03
2.087000000000000000e+03
1.080600000000000000e+04
3.035000000000000000e+03
4.355000000000000000e+03
4.726000000000000000e+03
4.952000000000000000e+03
4.957000000000000000e+03
4.960000000000000000e+03
4.963000000000000000e+03
4.968000000000000000e+03
7.762000000000000000e+03
1.011500000000000000e+04
1.011900000000000000e+04
8.970000000000000000e+02
3.601000000000000000e+03
4.859000000000000000e+03
9.850000000000000000e+02
9.860000000000000000e+02
9.850000000000000000e+02
9.860000000000000000e+02
1.073000000000000000e+03
3.508000000000000000e+03
3.509000000000000000e+03
6.740000000000000000e+02
2.340000000000000000e+03
2.722000000000000000e+03
6.740000000000000000e+02
2.340000000000000000e+03
2.722000000000000000e+03
5.884000000000000000e+03
8.210000000000000000e+03
2.600000000000000000e+01
2.558000000000000000e+03
2.887000000000000000e+03
2.985000000000000000e+03
3.527000000000000000e+03
4.949000000000000000e+03
4.998000000000000000e+03
1.003500000000000000e+04
1.003900000000000000e+04
1.004000000000000000e+04
3.660000000000000000e+03
3.660000000000000000e+03
5.820000000000000000e+03
8.390000000000000000e+02
5.133000000000000000e+03
5.134000000000000000e+03
5.190000000000000000e+02
1.158100000000000000e+04
1.529000000000000000e+03
2.739000000000000000e+03
2.740000000000000000e+03
3.321000000000000000e+03
8.701000000000000000e+03
4.383000000000000000e+03
1.117000000000000000e+04
1.117200000000000000e+04
1.541000000000000000e+03
1.993000000000000000e+03
8.219000000000000000e+03
3.661000000000000000e+03
1.540000000000000000e+03
1.482000000000000000e+03
1.983000000000000000e+03
1.101000000000000000e+03
1.103000000000000000e+03
1.104000000000000000e+03
1.194000000000000000e+03
1.329000000000000000e+03
2.926000000000000000e+03
3.634000000000000000e+03
4.019000000000000000e+03
4.470000000000000000e+03
5.549000000000000000e+03
5.961000000000000000e+03
6.091000000000000000e+03
2.555000000000000000e+03
7.460000000000000000e+03
1.152800000000000000e+04
1.152900000000000000e+04
1.678000000000000000e+03
6.114000000000000000e+03
4.830000000000000000e+02
1.024600000000000000e+04
2.101000000000000000e+03
9.360000000000000000e+02
9.370000000000000000e+02
9.390000000000000000e+02
9.400000000000000000e+02
2.235000000000000000e+03
2.236000000000000000e+03
1.176500000000000000e+04
8.390000000000000000e+02
5.133000000000000000e+03
5.134000000000000000e+03
1.117000000000000000e+04
1.117200000000000000e+04
3.659000000000000000e+03
4.773000000000000000e+03
8.480000000000000000e+02
3.665000000000000000e+03
1.626000000000000000e+03
1.167100000000000000e+04
1.070700000000000000e+04
1.663000000000000000e+03
3.648000000000000000e+03
7.671000000000000000e+03
7.671000000000000000e+03
7.671000000000000000e+03
8.370000000000000000e+02
8.380000000000000000e+02
6.113000000000000000e+03
4.111000000000000000e+03
4.111000000000000000e+03
5.820000000000000000e+03
5.820000000000000000e+03
8.390000000000000000e+02
5.133000000000000000e+03
5.134000000000000000e+03
1.117000000000000000e+04
1.117200000000000000e+04
1.117000000000000000e+04
1.117200000000000000e+04
1.117000000000000000e+04
1.117200000000000000e+04
5.578000000000000000e+03
7.040000000000000000e+02
8.990000000000000000e+02
4.951000000000000000e+03
7.461000000000000000e+03
3.657000000000000000e+03
8.700000000000000000e+03
1.090000000000000000e+03
1.214000000000000000e+03
2.199000000000000000e+03
1.099100000000000000e+04
1.054000000000000000e+03
1.876000000000000000e+03
2.484000000000000000e+03
8.229000000000000000e+03
4.112000000000000000e+03
1.334000000000000000e+03
3.595000000000000000e+03
1.500000000000000000e+02
1.395000000000000000e+03
7.229000000000000000e+03
9.735000000000000000e+03
9.735000000000000000e+03
8.571000000000000000e+03
9.394000000000000000e+03
2.269000000000000000e+03
3.055000000000000000e+03
8.227000000000000000e+03
1.158200000000000000e+04
1.137200000000000000e+04
3.269000000000000000e+03
4.231000000000000000e+03
8.390000000000000000e+02
5.133000000000000000e+03
5.134000000000000000e+03
1.067000000000000000e+03
1.641000000000000000e+03
1.830000000000000000e+03
6.590000000000000000e+03
1.067000000000000000e+03
1.641000000000000000e+03
1.830000000000000000e+03
6.590000000000000000e+03
7.671000000000000000e+03
9.080000000000000000e+02
1.648000000000000000e+03
5.199000000000000000e+03
5.199000000000000000e+03
2.241000000000000000e+03
9.381000000000000000e+03
2.291000000000000000e+03
1.014700000000000000e+04
2.735000000000000000e+03
4.800000000000000000e+02
4.510000000000000000e+02
2.600000000000000000e+01
2.558000000000000000e+03
2.887000000000000000e+03
2.985000000000000000e+03
3.527000000000000000e+03
4.949000000000000000e+03
4.998000000000000000e+03
1.003500000000000000e+04
1.003900000000000000e+04
1.004000000000000000e+04
5.820000000000000000e+03
5.820000000000000000e+03
5.820000000000000000e+03
5.820000000000000000e+03
3.013000000000000000e+03
1.785000000000000000e+03
2.263000000000000000e+03
1.081900000000000000e+04
1.902000000000000000e+03
3.014000000000000000e+03
1.064500000000000000e+04
1.064600000000000000e+04
1.064700000000000000e+04
2.918000000000000000e+03
5.780000000000000000e+02
1.900000000000000000e+02
1.132000000000000000e+03
1.229000000000000000e+03
2.142000000000000000e+03
8.237000000000000000e+03
8.238000000000000000e+03
8.245000000000000000e+03
1.135000000000000000e+03
1.083000000000000000e+03
4.559000000000000000e+03
8.160000000000000000e+02
4.089000000000000000e+03
5.295000000000000000e+03
5.404000000000000000e+03
5.406000000000000000e+03
7.795000000000000000e+03
1.324000000000000000e+03
1.325000000000000000e+03
1.900000000000000000e+03
3.510000000000000000e+02
9.050000000000000000e+02
4.666000000000000000e+03
1.287000000000000000e+03
4.859000000000000000e+03
1.777000000000000000e+03
1.071000000000000000e+03
1.071000000000000000e+03
1.158000000000000000e+03
1.163000000000000000e+03
3.012000000000000000e+03
6.940000000000000000e+02
7.340000000000000000e+02
3.243000000000000000e+03
3.457000000000000000e+03
4.558000000000000000e+03
4.640000000000000000e+03
4.558000000000000000e+03
4.035000000000000000e+03
4.037000000000000000e+03
3.013000000000000000e+03
7.456000000000000000e+03
7.456000000000000000e+03
1.610000000000000000e+02
5.490000000000000000e+02
2.739000000000000000e+03
2.740000000000000000e+03
3.321000000000000000e+03
2.630000000000000000e+03
2.739000000000000000e+03
2.740000000000000000e+03
3.321000000000000000e+03
4.800000000000000000e+02
1.773000000000000000e+03
1.775000000000000000e+03
2.630000000000000000e+03
4.710000000000000000e+03
3.966000000000000000e+03
5.389000000000000000e+03
1.639000000000000000e+03
8.780000000000000000e+02
1.432000000000000000e+03
8.110000000000000000e+02
8.110000000000000000e+02
8.555000000000000000e+03
2.703000000000000000e+03
1.529000000000000000e+03
1.117000000000000000e+04
1.117200000000000000e+04
8.390000000000000000e+02
5.133000000000000000e+03
5.134000000000000000e+03
2.788000000000000000e+03
3.254000000000000000e+03
1.056000000000000000e+03
9.030000000000000000e+03
1.334000000000000000e+03
8.970000000000000000e+02
3.601000000000000000e+03
4.859000000000000000e+03
8.370000000000000000e+02
8.380000000000000000e+02
6.113000000000000000e+03
2.738000000000000000e+03
4.111000000000000000e+03
2.738000000000000000e+03
4.111000000000000000e+03
2.990000000000000000e+02
1.600000000000000000e+03
1.786000000000000000e+03
3.664000000000000000e+03
9.460000000000000000e+02
9.365000000000000000e+03
6.600000000000000000e+02
1.064800000000000000e+04
2.860000000000000000e+02
3.966000000000000000e+03
5.389000000000000000e+03
8.390000000000000000e+02
5.133000000000000000e+03
5.134000000000000000e+03
7.900000000000000000e+02
8.370000000000000000e+02
6.113000000000000000e+03
2.703000000000000000e+03
1.466000000000000000e+03
5.086000000000000000e+03
1.086000000000000000e+03
1.954000000000000000e+03
1.117000000000000000e+04
1.117200000000000000e+04
1.070700000000000000e+04
1.497000000000000000e+03
1.819000000000000000e+03
2.600000000000000000e+01
2.558000000000000000e+03
2.887000000000000000e+03
2.985000000000000000e+03
3.527000000000000000e+03
4.949000000000000000e+03
4.998000000000000000e+03
1.003500000000000000e+04
1.003900000000000000e+04
1.004000000000000000e+04
1.117000000000000000e+04
1.117200000000000000e+04
3.654000000000000000e+03
3.654000000000000000e+03
3.656000000000000000e+03
1.069000000000000000e+03
1.856000000000000000e+03
4.350000000000000000e+02
4.410000000000000000e+02
4.420000000000000000e+02
4.430000000000000000e+02
1.270000000000000000e+02
1.547000000000000000e+03
1.131900000000000000e+04
6.000000000000000000e+00
1.400000000000000000e+01
2.260000000000000000e+02
3.050000000000000000e+03
4.672000000000000000e+03
4.673000000000000000e+03
8.648000000000000000e+03
1.068000000000000000e+03
1.070000000000000000e+03
1.829000000000000000e+03
2.568000000000000000e+03
7.671000000000000000e+03
7.671000000000000000e+03
1.067000000000000000e+03
1.641000000000000000e+03
1.830000000000000000e+03
6.590000000000000000e+03
1.067000000000000000e+03
1.641000000000000000e+03
1.830000000000000000e+03
6.590000000000000000e+03
1.224000000000000000e+03
7.168000000000000000e+03
1.150000000000000000e+03
1.291000000000000000e+03
1.625000000000000000e+03
3.599000000000000000e+03
1.152800000000000000e+04
2.480000000000000000e+02
8.780000000000000000e+02
1.432000000000000000e+03
1.051000000000000000e+03
2.750000000000000000e+03
6.150000000000000000e+02
2.135000000000000000e+03
4.355000000000000000e+03
4.726000000000000000e+03
4.952000000000000000e+03
4.957000000000000000e+03
4.960000000000000000e+03
4.963000000000000000e+03
4.968000000000000000e+03
7.762000000000000000e+03
1.011500000000000000e+04
1.011900000000000000e+04
1.900000000000000000e+02
1.229000000000000000e+03
4.378000000000000000e+03
3.789000000000000000e+03
1.020900000000000000e+04
1.117000000000000000e+04
1.117200000000000000e+04
1.117000000000000000e+04
1.117200000000000000e+04
2.630000000000000000e+03
2.630000000000000000e+03
2.630000000000000000e+03
9.430000000000000000e+02
4.463000000000000000e+03
7.405000000000000000e+03
4.591000000000000000e+03
1.072000000000000000e+03
4.208000000000000000e+03
4.325000000000000000e+03
4.326000000000000000e+03
1.127000000000000000e+03
4.560000000000000000e+03
4.144000000000000000e+03
2.059000000000000000e+03
7.650000000000000000e+02
5.199000000000000000e+03
5.199000000000000000e+03
1.117000000000000000e+04
1.117200000000000000e+04
9.480000000000000000e+02
2.421000000000000000e+03
4.365000000000000000e+03
2.910000000000000000e+02
2.984000000000000000e+03
2.135000000000000000e+03
4.620000000000000000e+03
7.671000000000000000e+03
1.562000000000000000e+03
1.877000000000000000e+03
2.148000000000000000e+03
2.370000000000000000e+03
3.537000000000000000e+03
3.538000000000000000e+03
3.929000000000000000e+03
5.135000000000000000e+03
1.562000000000000000e+03
1.877000000000000000e+03
2.148000000000000000e+03
2.370000000000000000e+03
3.537000000000000000e+03
3.538000000000000000e+03
3.929000000000000000e+03
5.135000000000000000e+03
1.562000000000000000e+03
1.877000000000000000e+03
2.148000000000000000e+03
2.370000000000000000e+03
3.537000000000000000e+03
3.538000000000000000e+03
3.929000000000000000e+03
5.135000000000000000e+03
2.376000000000000000e+03
1.830000000000000000e+02
5.110000000000000000e+02
9.630000000000000000e+02
1.126000000000000000e+03
1.227000000000000000e+03
1.569000000000000000e+03
1.664000000000000000e+03
1.968000000000000000e+03
2.088000000000000000e+03
2.102000000000000000e+03
2.323000000000000000e+03
2.719000000000000000e+03
3.346000000000000000e+03
7.090000000000000000e+02
3.165000000000000000e+03
3.194000000000000000e+03
9.072000000000000000e+03
2.300000000000000000e+02
9.210000000000000000e+02
3.576000000000000000e+03
2.082000000000000000e+03
2.376000000000000000e+03
5.820000000000000000e+03
3.232000000000000000e+03
3.232000000000000000e+03
1.884000000000000000e+03
2.301000000000000000e+03
3.240000000000000000e+03
3.240000000000000000e+03
3.240000000000000000e+03
4.393000000000000000e+03
2.728000000000000000e+03
1.131000000000000000e+04
1.245000000000000000e+03
1.677000000000000000e+03
1.770000000000000000e+03
2.137000000000000000e+03
3.232000000000000000e+03
3.232000000000000000e+03
2.630000000000000000e+03
1.370000000000000000e+02
2.324000000000000000e+03
3.005000000000000000e+03
1.085000000000000000e+04
1.220000000000000000e+03
1.655000000000000000e+03
1.768000000000000000e+03
2.103000000000000000e+03
1.658000000000000000e+03
2.003000000000000000e+03
2.061000000000000000e+03
2.437000000000000000e+03
5.338000000000000000e+03
8.750000000000000000e+02
1.896000000000000000e+03
8.750000000000000000e+02
1.896000000000000000e+03
4.076000000000000000e+03
2.704000000000000000e+03
4.076000000000000000e+03
4.076000000000000000e+03
2.530000000000000000e+03
1.068000000000000000e+03
1.070000000000000000e+03
1.829000000000000000e+03
2.568000000000000000e+03
6.530000000000000000e+03
7.671000000000000000e+03
2.283000000000000000e+03
4.475000000000000000e+03
6.190000000000000000e+02
8.367000000000000000e+03
8.367000000000000000e+03
8.367000000000000000e+03
9.420000000000000000e+02
2.237000000000000000e+03
4.241000000000000000e+03
2.703000000000000000e+03
9.420000000000000000e+02
2.237000000000000000e+03
4.241000000000000000e+03
3.232000000000000000e+03
2.630000000000000000e+03
1.910000000000000000e+02
1.234000000000000000e+03
1.058000000000000000e+03
2.035000000000000000e+03
1.542000000000000000e+03
3.232000000000000000e+03
4.750000000000000000e+02
2.500000000000000000e+01
1.280000000000000000e+03
1.676000000000000000e+03
9.740000000000000000e+02
1.411000000000000000e+03
2.922000000000000000e+03
9.097000000000000000e+03
1.890000000000000000e+02
3.503000000000000000e+03
3.504000000000000000e+03
2.262000000000000000e+03
4.112000000000000000e+03
2.280000000000000000e+02
6.230000000000000000e+02
7.540000000000000000e+02
1.172000000000000000e+03
4.880000000000000000e+03
5.233000000000000000e+03
5.234000000000000000e+03
6.917000000000000000e+03
6.927000000000000000e+03
6.230000000000000000e+02
7.540000000000000000e+02
4.880000000000000000e+03
5.233000000000000000e+03
5.234000000000000000e+03
6.917000000000000000e+03
6.927000000000000000e+03
3.471000000000000000e+03
4.509000000000000000e+03
5.180000000000000000e+03
5.809000000000000000e+03
4.198000000000000000e+03
4.199000000000000000e+03
1.268000000000000000e+03
1.513000000000000000e+03
1.513000000000000000e+03
5.224000000000000000e+03
5.815000000000000000e+03
3.948000000000000000e+03
5.808000000000000000e+03
1.768000000000000000e+03
2.103000000000000000e+03
8.990000000000000000e+02
4.951000000000000000e+03
8.750000000000000000e+02
1.896000000000000000e+03
2.910000000000000000e+02
2.984000000000000000e+03
1.116900000000000000e+04
1.116900000000000000e+04
1.116900000000000000e+04
3.750000000000000000e+02
3.760000000000000000e+02
3.770000000000000000e+02
3.780000000000000000e+02
9.382000000000000000e+03
9.383000000000000000e+03
9.384000000000000000e+03
9.386000000000000000e+03
2.864000000000000000e+03
3.947000000000000000e+03
7.820000000000000000e+02
1.286000000000000000e+03
2.408000000000000000e+03
4.941000000000000000e+03
1.740000000000000000e+02
1.909000000000000000e+03
2.493000000000000000e+03
6.910000000000000000e+02
1.373000000000000000e+03
1.715000000000000000e+03
3.470000000000000000e+03
1.053100000000000000e+04
3.409000000000000000e+03
1.567000000000000000e+03
2.099000000000000000e+03
8.233000000000000000e+03
1.884000000000000000e+03
9.550000000000000000e+02
2.108000000000000000e+03
2.112000000000000000e+03
1.126200000000000000e+04
3.232000000000000000e+03
5.338000000000000000e+03
2.704000000000000000e+03
2.704000000000000000e+03
2.108000000000000000e+03
2.112000000000000000e+03
1.126200000000000000e+04
4.290000000000000000e+02
5.606000000000000000e+03
3.409000000000000000e+03
4.350000000000000000e+02
4.410000000000000000e+02
4.420000000000000000e+02
4.430000000000000000e+02
2.630000000000000000e+03
2.630000000000000000e+03
4.260000000000000000e+02
7.200000000000000000e+02
1.855000000000000000e+03
2.100000000000000000e+03
2.720000000000000000e+03
3.531000000000000000e+03
1.518000000000000000e+03
4.594000000000000000e+03
1.117300000000000000e+04
8.850000000000000000e+02
9.590000000000000000e+02
1.057000000000000000e+03
8.639000000000000000e+03
3.550000000000000000e+02
6.940000000000000000e+02
7.340000000000000000e+02
8.960000000000000000e+02
2.433000000000000000e+03
2.619000000000000000e+03
5.052000000000000000e+03
2.090000000000000000e+02
2.569000000000000000e+03
1.400000000000000000e+01
2.090000000000000000e+02
1.699000000000000000e+03
3.270000000000000000e+03
8.219000000000000000e+03
1.109800000000000000e+04
1.109900000000000000e+04
1.869000000000000000e+03
8.390000000000000000e+02
5.133000000000000000e+03
5.134000000000000000e+03
8.390000000000000000e+02
5.133000000000000000e+03
5.134000000000000000e+03
1.055000000000000000e+03
3.315000000000000000e+03
1.939000000000000000e+03
8.580000000000000000e+02
1.014600000000000000e+04
8.580000000000000000e+02
1.014600000000000000e+04
7.560000000000000000e+02
3.236000000000000000e+03
3.237000000000000000e+03
3.238000000000000000e+03
3.239000000000000000e+03
4.779000000000000000e+03
3.544000000000000000e+03
3.545000000000000000e+03
1.040700000000000000e+04
1.040700000000000000e+04
1.040700000000000000e+04
1.040700000000000000e+04
9.031000000000000000e+03
1.040700000000000000e+04
1.040700000000000000e+04
1.040700000000000000e+04
1.040700000000000000e+04
5.605000000000000000e+03
2.630000000000000000e+03
1.430000000000000000e+02
8.600000000000000000e+01
6.363000000000000000e+03
1.171000000000000000e+03
4.429000000000000000e+03
4.724000000000000000e+03
4.955000000000000000e+03
4.958000000000000000e+03
4.961000000000000000e+03
4.966000000000000000e+03
4.969000000000000000e+03
6.363000000000000000e+03
5.820000000000000000e+03
2.322000000000000000e+03
1.071800000000000000e+04
1.064900000000000000e+04
1.081700000000000000e+04
1.081800000000000000e+04
5.164000000000000000e+03
8.689000000000000000e+03
1.085900000000000000e+04
2.110000000000000000e+03
5.705000000000000000e+03
5.706000000000000000e+03
5.627000000000000000e+03
5.627000000000000000e+03
1.880000000000000000e+02
5.080000000000000000e+02
3.234000000000000000e+03
2.738000000000000000e+03
2.738000000000000000e+03
2.738000000000000000e+03
2.738000000000000000e+03
2.738000000000000000e+03
1.117000000000000000e+04
1.117200000000000000e+04
2.738000000000000000e+03
2.780000000000000000e+03
4.111000000000000000e+03
4.394000000000000000e+03
5.132000000000000000e+03
8.559000000000000000e+03
2.738000000000000000e+03
4.111000000000000000e+03
2.738000000000000000e+03
4.111000000000000000e+03
2.738000000000000000e+03
2.738000000000000000e+03
1.830000000000000000e+02
5.110000000000000000e+02
9.630000000000000000e+02
1.126000000000000000e+03
1.227000000000000000e+03
1.569000000000000000e+03
1.664000000000000000e+03
1.968000000000000000e+03
2.088000000000000000e+03
2.102000000000000000e+03
2.323000000000000000e+03
2.719000000000000000e+03
3.346000000000000000e+03
2.112000000000000000e+03
3.122000000000000000e+03
1.126200000000000000e+04
2.025000000000000000e+03
1.163300000000000000e+04
1.163400000000000000e+04
1.163500000000000000e+04
1.163600000000000000e+04
9.954000000000000000e+03
5.850000000000000000e+03
7.125000000000000000e+03
3.244000000000000000e+03
5.850000000000000000e+03
7.125000000000000000e+03
5.850000000000000000e+03
