2.000000000000000000e+00
4.000000000000000000e+00
1.024600000000000000e+04
8.198000000000000000e+03
6.000000000000000000e+00
2.060000000000000000e+03
2.061000000000000000e+03
1.400000000000000000e+01
4.112000000000000000e+03
8.210000000000000000e+03
1.900000000000000000e+01
2.073000000000000000e+03
8.218000000000000000e+03
8.219000000000000000e+03
6.172000000000000000e+03
8.221000000000000000e+03
6.173000000000000000e+03
6.174000000000000000e+03
4.125000000000000000e+03
6.177000000000000000e+03
6.178000000000000000e+03
6.179000000000000000e+03
3.600000000000000000e+01
8.220000000000000000e+03
8.231000000000000000e+03
2.088000000000000000e+03
8.232000000000000000e+03
8.233000000000000000e+03
2.091000000000000000e+03
2.090000000000000000e+03
8.237000000000000000e+03
8.238000000000000000e+03
2.094000000000000000e+03
2.096000000000000000e+03
2.097000000000000000e+03
4.144000000000000000e+03
2.098000000000000000e+03
4.148000000000000000e+03
8.245000000000000000e+03
2.102000000000000000e+03
2.099000000000000000e+03
2.100000000000000000e+03
8.240000000000000000e+03
8.244000000000000000e+03
8.249000000000000000e+03
8.251000000000000000e+03
8.255000000000000000e+03
6.600000000000000000e+01
6.700000000000000000e+01
8.258000000000000000e+03
4.170000000000000000e+03
8.400000000000000000e+01
8.600000000000000000e+01
2.135000000000000000e+03
8.900000000000000000e+01
2.142000000000000000e+03
4.190000000000000000e+03
1.033900000000000000e+04
4.198000000000000000e+03
4.199000000000000000e+03
1.040000000000000000e+02
1.034200000000000000e+04
8.295000000000000000e+03
4.204000000000000000e+03
8.300000000000000000e+03
4.206000000000000000e+03
4.208000000000000000e+03
2.163000000000000000e+03
4.212000000000000000e+03
2.166000000000000000e+03
1.270000000000000000e+02
4.224000000000000000e+03
1.300000000000000000e+02
4.231000000000000000e+03
1.370000000000000000e+02
4.238000000000000000e+03
1.430000000000000000e+02
1.450000000000000000e+02
1.460000000000000000e+02
4.241000000000000000e+03
2.199000000000000000e+03
1.530000000000000000e+02
1.580000000000000000e+02
1.610000000000000000e+02
1.620000000000000000e+02
1.640000000000000000e+02
8.359000000000000000e+03
4.268000000000000000e+03
4.273000000000000000e+03
1.780000000000000000e+02
1.770000000000000000e+02
1.830000000000000000e+02
1.880000000000000000e+02
1.890000000000000000e+02
1.900000000000000000e+02
2.237000000000000000e+03
2.240000000000000000e+03
2.241000000000000000e+03
1.920000000000000000e+02
1.930000000000000000e+02
4.292000000000000000e+03
2.000000000000000000e+02
2.060000000000000000e+02
2.090000000000000000e+02
2.120000000000000000e+02
2.262000000000000000e+03
2.170000000000000000e+02
4.314000000000000000e+03
4.316000000000000000e+03
1.046300000000000000e+04
2.272000000000000000e+03
2.260000000000000000e+02
4.325000000000000000e+03
2.300000000000000000e+02
4.326000000000000000e+03
2.282000000000000000e+03
2.283000000000000000e+03
2.380000000000000000e+02
2.390000000000000000e+02
2.291000000000000000e+03
2.430000000000000000e+02
2.296000000000000000e+03
2.480000000000000000e+02
2.298000000000000000e+03
2.300000000000000000e+03
2.530000000000000000e+02
2.301000000000000000e+03
2.560000000000000000e+02
4.355000000000000000e+03
2.600000000000000000e+02
2.590000000000000000e+02
6.411000000000000000e+03
6.412000000000000000e+03
2.670000000000000000e+02
2.680000000000000000e+02
2.710000000000000000e+02
2.320000000000000000e+03
2.322000000000000000e+03
2.323000000000000000e+03
1.051600000000000000e+04
2.750000000000000000e+02
1.051700000000000000e+04
2.327000000000000000e+03
4.533000000000000000e+03
2.332000000000000000e+03
4.534000000000000000e+03
2.860000000000000000e+02
2.840000000000000000e+02
4.385000000000000000e+03
4.386000000000000000e+03
2.910000000000000000e+02
2.340000000000000000e+03
1.053100000000000000e+04
4.536000000000000000e+03
4.391000000000000000e+03
2.990000000000000000e+02
6.447000000000000000e+03
4.405000000000000000e+03
3.150000000000000000e+02
2.371000000000000000e+03
2.372000000000000000e+03
4.420000000000000000e+03
4.426000000000000000e+03
3.320000000000000000e+02
4.428000000000000000e+03
4.429000000000000000e+03
3.350000000000000000e+02
4.137000000000000000e+03
3.390000000000000000e+02
4.435000000000000000e+03
4.439000000000000000e+03
4.440000000000000000e+03
4.441000000000000000e+03
3.440000000000000000e+02
4.448000000000000000e+03
3.550000000000000000e+02
3.570000000000000000e+02
8.549000000000000000e+03
8.550000000000000000e+03
4.457000000000000000e+03
2.412000000000000000e+03
2.413000000000000000e+03
4.463000000000000000e+03
6.513000000000000000e+03
1.061300000000000000e+04
3.750000000000000000e+02
3.760000000000000000e+02
3.770000000000000000e+02
3.780000000000000000e+02
3.790000000000000000e+02
8.571000000000000000e+03
4.475000000000000000e+03
3.820000000000000000e+02
8.575000000000000000e+03
3.810000000000000000e+02
2.433000000000000000e+03
8.588000000000000000e+03
4.010000000000000000e+02
1.064500000000000000e+04
1.064600000000000000e+04
1.064700000000000000e+04
1.064800000000000000e+04
1.064900000000000000e+04
1.065000000000000000e+04
1.065100000000000000e+04
1.065200000000000000e+04
4.509000000000000000e+03
4.140000000000000000e+02
1.065300000000000000e+04
4.160000000000000000e+02
1.065400000000000000e+04
4.180000000000000000e+02
4.200000000000000000e+02
4.519000000000000000e+03
4.240000000000000000e+02
2.473000000000000000e+03
4.250000000000000000e+02
1.066600000000000000e+04
4.280000000000000000e+02
4.290000000000000000e+02
4.300000000000000000e+02
1.066700000000000000e+04
4.340000000000000000e+02
4.350000000000000000e+02
2.484000000000000000e+03
2.485000000000000000e+03
4.370000000000000000e+02
4.380000000000000000e+02
4.390000000000000000e+02
4.410000000000000000e+02
4.420000000000000000e+02
4.430000000000000000e+02
4.440000000000000000e+02
4.400000000000000000e+02
6.590000000000000000e+03
4.535000000000000000e+03
4.537000000000000000e+03
4.544000000000000000e+03
4.543000000000000000e+03
4.510000000000000000e+02
4.540000000000000000e+03
8.639000000000000000e+03
8.648000000000000000e+03
1.026700000000000000e+04
1.026800000000000000e+04
4.559000000000000000e+03
4.560000000000000000e+03
4.562000000000000000e+03
1.070700000000000000e+04
6.613000000000000000e+03
4.566000000000000000e+03
1.071200000000000000e+04
4.568000000000000000e+03
1.071600000000000000e+04
4.573000000000000000e+03
4.800000000000000000e+02
4.810000000000000000e+02
4.830000000000000000e+02
4.890000000000000000e+02
2.539000000000000000e+03
4.591000000000000000e+03
8.689000000000000000e+03
8.700000000000000000e+03
5.080000000000000000e+02
5.110000000000000000e+02
5.120000000000000000e+02
5.130000000000000000e+02
5.160000000000000000e+02
5.170000000000000000e+02
5.190000000000000000e+02
2.568000000000000000e+03
4.617000000000000000e+03
1.028000000000000000e+04
1.028100000000000000e+04
2.585000000000000000e+03
4.639000000000000000e+03
4.640000000000000000e+03
5.490000000000000000e+02
5.660000000000000000e+02
1.080600000000000000e+04
2.617000000000000000e+03
5.710000000000000000e+02
5.720000000000000000e+02
1.081300000000000000e+04
2.622000000000000000e+03
5.750000000000000000e+02
2.623000000000000000e+03
2.624000000000000000e+03
5.780000000000000000e+02
5.730000000000000000e+02
4.672000000000000000e+03
4.673000000000000000e+03
5.820000000000000000e+02
6.728000000000000000e+03
5.860000000000000000e+02
5.970000000000000000e+02
2.649000000000000000e+03
2.661000000000000000e+03
4.710000000000000000e+03
6.190000000000000000e+02
1.085900000000000000e+04
4.724000000000000000e+03
4.726000000000000000e+03
6.300000000000000000e+02
2.685000000000000000e+03
4.738000000000000000e+03
4.740000000000000000e+03
4.744000000000000000e+03
4.746000000000000000e+03
4.749000000000000000e+03
4.751000000000000000e+03
6.580000000000000000e+02
2.707000000000000000e+03
6.600000000000000000e+02
6.590000000000000000e+02
8.856000000000000000e+03
2.719000000000000000e+03
2.720000000000000000e+03
2.722000000000000000e+03
6.740000000000000000e+02
4.771000000000000000e+03
4.773000000000000000e+03
4.779000000000000000e+03
4.780000000000000000e+03
4.782000000000000000e+03
2.739000000000000000e+03
2.740000000000000000e+03
6.910000000000000000e+02
6.940000000000000000e+02
2.749000000000000000e+03
2.755000000000000000e+03
1.094800000000000000e+04
1.094900000000000000e+04
2.760000000000000000e+03
6.861000000000000000e+03
6.863000000000000000e+03
2.767000000000000000e+03
7.200000000000000000e+02
7.240000000000000000e+02
2.777000000000000000e+03
7.340000000000000000e+02
2.783000000000000000e+03
2.788000000000000000e+03
7.420000000000000000e+02
1.099100000000000000e+04
2.802000000000000000e+03
7.560000000000000000e+02
7.620000000000000000e+02
4.859000000000000000e+03
7.640000000000000000e+02
9.660000000000000000e+02
7.670000000000000000e+02
7.680000000000000000e+02
7.690000000000000000e+02
7.700000000000000000e+02
7.710000000000000000e+02
7.720000000000000000e+02
1.102900000000000000e+04
1.103700000000000000e+04
6.941000000000000000e+03
6.942000000000000000e+03
2.853000000000000000e+03
2.864000000000000000e+03
2.869000000000000000e+03
1.107300000000000000e+04
3.015000000000000000e+03
4.936000000000000000e+03
8.420000000000000000e+02
6.987000000000000000e+03
8.440000000000000000e+02
1.109000000000000000e+04
8.510000000000000000e+02
4.952000000000000000e+03
4.953000000000000000e+03
4.954000000000000000e+03
4.955000000000000000e+03
4.957000000000000000e+03
4.958000000000000000e+03
4.960000000000000000e+03
4.961000000000000000e+03
4.963000000000000000e+03
4.964000000000000000e+03
4.965000000000000000e+03
2.918000000000000000e+03
4.966000000000000000e+03
4.968000000000000000e+03
4.969000000000000000e+03
4.972000000000000000e+03
8.850000000000000000e+02
4.985000000000000000e+03
4.986000000000000000e+03
2.619000000000000000e+03
8.950000000000000000e+02
8.960000000000000000e+02
8.970000000000000000e+02
9.000000000000000000e+02
9.092000000000000000e+03
1.114300000000000000e+04
5.000000000000000000e+03
9.098000000000000000e+03
9.099000000000000000e+03
2.961000000000000000e+03
7.059000000000000000e+03
7.060000000000000000e+03
9.210000000000000000e+02
2.971000000000000000e+03
9.270000000000000000e+02
1.116800000000000000e+04
5.032000000000000000e+03
2.984000000000000000e+03
9.420000000000000000e+02
9.430000000000000000e+02
9.450000000000000000e+02
9.460000000000000000e+02
1.118800000000000000e+04
5.046000000000000000e+03
5.048000000000000000e+03
5.052000000000000000e+03
3.005000000000000000e+03
9.590000000000000000e+02
9.620000000000000000e+02
9.630000000000000000e+02
3.012000000000000000e+03
3.013000000000000000e+03
9.640000000000000000e+02
9.670000000000000000e+02
9.680000000000000000e+02
9.650000000000000000e+02
9.700000000000000000e+02
3.018000000000000000e+03
3.020000000000000000e+03
5.068000000000000000e+03
5.069000000000000000e+03
5.071000000000000000e+03
5.070000000000000000e+03
3.026000000000000000e+03
1.122500000000000000e+04
9.850000000000000000e+02
3.035000000000000000e+03
9.860000000000000000e+02
5.086000000000000000e+03
3.038000000000000000e+03
9.940000000000000000e+02
9.950000000000000000e+02
3.042000000000000000e+03
3.045000000000000000e+03
3.050000000000000000e+03
3.051000000000000000e+03
1.009000000000000000e+03
7.158000000000000000e+03
1.015000000000000000e+03
7.161000000000000000e+03
3.066000000000000000e+03
3.067000000000000000e+03
7.168000000000000000e+03
3.083000000000000000e+03
3.084000000000000000e+03
1.049000000000000000e+03
5.145000000000000000e+03
1.054000000000000000e+03
9.247000000000000000e+03
1.057000000000000000e+03
1.061000000000000000e+03
1.066000000000000000e+03
1.067000000000000000e+03
1.068000000000000000e+03
1.070000000000000000e+03
1.071000000000000000e+03
1.131200000000000000e+04
1.073000000000000000e+03
1.072000000000000000e+03
1.074000000000000000e+03
1.078000000000000000e+03
1.131900000000000000e+04
1.083000000000000000e+03
3.132000000000000000e+03
5.185000000000000000e+03
1.090000000000000000e+03
7.237000000000000000e+03
7.238000000000000000e+03
1.133700000000000000e+04
5.197000000000000000e+03
3.165000000000000000e+03
1.122000000000000000e+03
1.123000000000000000e+03
3.172000000000000000e+03
5.220000000000000000e+03
1.126000000000000000e+03
1.127000000000000000e+03
7.268000000000000000e+03
7.273000000000000000e+03
1.130000000000000000e+03
1.132000000000000000e+03
1.137200000000000000e+04
1.135000000000000000e+03
7.281000000000000000e+03
7.282000000000000000e+03
1.138000000000000000e+03
7.285000000000000000e+03
3.191000000000000000e+03
3.192000000000000000e+03
3.193000000000000000e+03
3.194000000000000000e+03
3.197000000000000000e+03
1.150000000000000000e+03
7.297000000000000000e+03
1.157000000000000000e+03
1.158000000000000000e+03
1.163000000000000000e+03
7.314000000000000000e+03
9.365000000000000000e+03
1.175000000000000000e+03
3.223000000000000000e+03
1.177000000000000000e+03
1.178000000000000000e+03
3.224000000000000000e+03
9.372000000000000000e+03
9.380000000000000000e+03
9.381000000000000000e+03
3.236000000000000000e+03
3.237000000000000000e+03
3.238000000000000000e+03
3.239000000000000000e+03
9.382000000000000000e+03
3.243000000000000000e+03
1.196000000000000000e+03
1.197000000000000000e+03
9.383000000000000000e+03
1.199000000000000000e+03
9.384000000000000000e+03
9.386000000000000000e+03
9.394000000000000000e+03
1.163600000000000000e+04
1.209000000000000000e+03
1.213000000000000000e+03
1.214000000000000000e+03
1.216000000000000000e+03
1.220000000000000000e+03
1.221000000000000000e+03
3.269000000000000000e+03
1.224000000000000000e+03
1.226000000000000000e+03
1.227000000000000000e+03
1.229000000000000000e+03
1.230000000000000000e+03
1.231000000000000000e+03
5.332000000000000000e+03
3.291000000000000000e+03
3.293000000000000000e+03
1.248000000000000000e+03
1.251000000000000000e+03
7.405000000000000000e+03
3.313000000000000000e+03
3.317000000000000000e+03
3.319000000000000000e+03
3.321000000000000000e+03
3.346000000000000000e+03
3.348000000000000000e+03
7.456000000000000000e+03
1.158100000000000000e+04
1.159200000000000000e+04
1.353000000000000000e+03
3.409000000000000000e+03
1.373000000000000000e+03
3.425000000000000000e+03
1.163300000000000000e+04
1.163400000000000000e+04
1.395000000000000000e+03
3.443000000000000000e+03
1.397000000000000000e+03
1.398000000000000000e+03
1.163500000000000000e+04
5.496000000000000000e+03
9.592000000000000000e+03
1.402000000000000000e+03
1.403000000000000000e+03
9.593000000000000000e+03
9.597000000000000000e+03
3.457000000000000000e+03
3.458000000000000000e+03
3.459000000000000000e+03
3.460000000000000000e+03
5.509000000000000000e+03
3.471000000000000000e+03
3.472000000000000000e+03
3.503000000000000000e+03
3.504000000000000000e+03
3.508000000000000000e+03
3.509000000000000000e+03
1.466000000000000000e+03
9.660000000000000000e+03
5.566000000000000000e+03
7.618000000000000000e+03
5.576000000000000000e+03
5.577000000000000000e+03
5.578000000000000000e+03
3.531000000000000000e+03
1.492000000000000000e+03
7.641000000000000000e+03
5.595000000000000000e+03
1.174300000000000000e+04
1.512000000000000000e+03
1.513000000000000000e+03
1.518000000000000000e+03
5.615000000000000000e+03
5.616000000000000000e+03
1.529000000000000000e+03
9.722000000000000000e+03
5.627000000000000000e+03
9.721000000000000000e+03
5.629000000000000000e+03
5.630000000000000000e+03
5.633000000000000000e+03
5.634000000000000000e+03
5.635000000000000000e+03
5.636000000000000000e+03
5.637000000000000000e+03
9.735000000000000000e+03
1.178600000000000000e+04
3.595000000000000000e+03
1.548000000000000000e+03
1.549000000000000000e+03
3.596000000000000000e+03
1.547000000000000000e+03
3.601000000000000000e+03
5.662000000000000000e+03
1.567000000000000000e+03
1.569000000000000000e+03
1.570000000000000000e+03
3.632000000000000000e+03
5.688000000000000000e+03
5.692000000000000000e+03
3.646000000000000000e+03
1.600000000000000000e+03
3.651000000000000000e+03
3.652000000000000000e+03
3.654000000000000000e+03
3.655000000000000000e+03
3.656000000000000000e+03
3.657000000000000000e+03
3.658000000000000000e+03
3.659000000000000000e+03
3.660000000000000000e+03
3.661000000000000000e+03
3.662000000000000000e+03
3.663000000000000000e+03
5.712000000000000000e+03
3.664000000000000000e+03
7.762000000000000000e+03
3.665000000000000000e+03
7.763000000000000000e+03
7.765000000000000000e+03
1.625000000000000000e+03
7.770000000000000000e+03
7.771000000000000000e+03
1.626000000000000000e+03
1.641000000000000000e+03
1.188900000000000000e+04
1.652000000000000000e+03
1.654000000000000000e+03
1.655000000000000000e+03
3.704000000000000000e+03
1.189600000000000000e+04
1.658000000000000000e+03
1.663000000000000000e+03
1.664000000000000000e+03
1.665000000000000000e+03
1.698000000000000000e+03
1.714000000000000000e+03
1.715000000000000000e+03
1.728000000000000000e+03
3.789000000000000000e+03
7.889000000000000000e+03
7.893000000000000000e+03
7.897000000000000000e+03
3.815000000000000000e+03
1.771000000000000000e+03
1.773000000000000000e+03
1.775000000000000000e+03
1.786000000000000000e+03
5.884000000000000000e+03
1.799000000000000000e+03
1.800000000000000000e+03
1.801000000000000000e+03
1.804000000000000000e+03
1.000000000000000000e+04
1.000900000000000000e+04
1.818000000000000000e+03
1.819000000000000000e+03
1.826000000000000000e+03
1.827000000000000000e+03
1.829000000000000000e+03
1.830000000000000000e+03
3.877000000000000000e+03
3.884000000000000000e+03
1.843000000000000000e+03
1.845000000000000000e+03
3.896000000000000000e+03
3.898000000000000000e+03
1.856000000000000000e+03
3.905000000000000000e+03
1.858000000000000000e+03
1.005200000000000000e+04
1.869000000000000000e+03
1.870000000000000000e+03
1.876000000000000000e+03
1.878000000000000000e+03
1.880000000000000000e+03
8.034000000000000000e+03
3.940000000000000000e+03
1.008800000000000000e+04
1.008900000000000000e+04
3.947000000000000000e+03
1.899000000000000000e+03
3.950000000000000000e+03
8.060000000000000000e+03
1.920000000000000000e+03
3.968000000000000000e+03
1.011500000000000000e+04
1.011600000000000000e+04
1.011700000000000000e+04
1.011900000000000000e+04
1.012000000000000000e+04
1.012100000000000000e+04
1.933000000000000000e+03
1.013700000000000000e+04
1.014000000000000000e+04
8.093000000000000000e+03
4.000000000000000000e+03
4.001000000000000000e+03
1.014700000000000000e+04
1.015300000000000000e+04
1.968000000000000000e+03
1.976000000000000000e+03
1.017000000000000000e+04
4.035000000000000000e+03
4.037000000000000000e+03
1.993000000000000000e+03
2.003000000000000000e+03
2.016000000000000000e+03
1.020900000000000000e+04
1.020800000000000000e+04
1.022300000000000000e+04
6.129000000000000000e+03
6.134000000000000000e+03
