6.144000000000000000e+03
2.000000000000000000e+00
4.000000000000000000e+00
6.000000000000000000e+00
1.024700000000000000e+04
2.055000000000000000e+03
9.000000000000000000e+00
8.198000000000000000e+03
2.059000000000000000e+03
2.060000000000000000e+03
1.400000000000000000e+01
4.112000000000000000e+03
1.700000000000000000e+01
8.210000000000000000e+03
2.200000000000000000e+01
4.120000000000000000e+03
8.218000000000000000e+03
6.171000000000000000e+03
6.172000000000000000e+03
6.173000000000000000e+03
6.174000000000000000e+03
8.221000000000000000e+03
6.177000000000000000e+03
6.178000000000000000e+03
6.179000000000000000e+03
3.400000000000000000e+01
3.600000000000000000e+01
8.231000000000000000e+03
2.088000000000000000e+03
8.233000000000000000e+03
2.090000000000000000e+03
1.028300000000000000e+04
2.094000000000000000e+03
4.144000000000000000e+03
8.240000000000000000e+03
2.098000000000000000e+03
2.099000000000000000e+03
2.100000000000000000e+03
8.244000000000000000e+03
2.102000000000000000e+03
2.101000000000000000e+03
6.200000000000000000e+03
6.202000000000000000e+03
4.159000000000000000e+03
4.161000000000000000e+03
6.600000000000000000e+01
6.700000000000000000e+01
2.124000000000000000e+03
4.173000000000000000e+03
7.800000000000000000e+01
8.400000000000000000e+01
8.600000000000000000e+01
2.135000000000000000e+03
8.280000000000000000e+03
4.184000000000000000e+03
8.281000000000000000e+03
8.700000000000000000e+01
9.300000000000000000e+01
4.189000000000000000e+03
2.142000000000000000e+03
9.400000000000000000e+01
4.198000000000000000e+03
4.199000000000000000e+03
1.040000000000000000e+02
1.030000000000000000e+02
6.251000000000000000e+03
4.206000000000000000e+03
4.208000000000000000e+03
2.161000000000000000e+03
1.140000000000000000e+02
8.306000000000000000e+03
4.212000000000000000e+03
1.150000000000000000e+02
8.310000000000000000e+03
1.270000000000000000e+02
2.175000000000000000e+03
1.300000000000000000e+02
6.275000000000000000e+03
1.320000000000000000e+02
4.231000000000000000e+03
2.184000000000000000e+03
1.370000000000000000e+02
4.238000000000000000e+03
1.430000000000000000e+02
4.241000000000000000e+03
4.370000000000000000e+02
2.199000000000000000e+03
2.201000000000000000e+03
1.530000000000000000e+02
2.203000000000000000e+03
4.380000000000000000e+02
1.580000000000000000e+02
1.600000000000000000e+02
4.390000000000000000e+02
6.138000000000000000e+03
1.610000000000000000e+02
1.640000000000000000e+02
8.360000000000000000e+03
8.362000000000000000e+03
8.363000000000000000e+03
8.364000000000000000e+03
4.268000000000000000e+03
4.273000000000000000e+03
1.770000000000000000e+02
1.830000000000000000e+02
2.235000000000000000e+03
2.236000000000000000e+03
1.890000000000000000e+02
4.286000000000000000e+03
2.237000000000000000e+03
1.920000000000000000e+02
2.241000000000000000e+03
1.880000000000000000e+02
4.292000000000000000e+03
4.294000000000000000e+03
2.000000000000000000e+02
2.090000000000000000e+02
2.120000000000000000e+02
2.140000000000000000e+02
2.485000000000000000e+03
8.570000000000000000e+02
2.170000000000000000e+02
4.314000000000000000e+03
6.363000000000000000e+03
2.200000000000000000e+02
4.316000000000000000e+03
4.318000000000000000e+03
1.046300000000000000e+04
2.240000000000000000e+02
2.260000000000000000e+02
4.325000000000000000e+03
4.326000000000000000e+03
2.282000000000000000e+03
2.283000000000000000e+03
2.390000000000000000e+02
2.291000000000000000e+03
2.480000000000000000e+02
2.301000000000000000e+03
2.530000000000000000e+02
2.560000000000000000e+02
4.355000000000000000e+03
2.600000000000000000e+02
2.590000000000000000e+02
2.670000000000000000e+02
2.680000000000000000e+02
4.365000000000000000e+03
8.670000000000000000e+02
2.710000000000000000e+02
2.320000000000000000e+03
8.680000000000000000e+02
2.322000000000000000e+03
2.323000000000000000e+03
2.750000000000000000e+02
2.770000000000000000e+02
2.780000000000000000e+02
2.325000000000000000e+03
1.052000000000000000e+04
2.810000000000000000e+02
2.840000000000000000e+02
2.860000000000000000e+02
2.870000000000000000e+02
4.385000000000000000e+03
4.386000000000000000e+03
2.890000000000000000e+02
2.340000000000000000e+03
4.391000000000000000e+03
2.990000000000000000e+02
6.447000000000000000e+03
4.405000000000000000e+03
3.100000000000000000e+02
2.364000000000000000e+03
8.511000000000000000e+03
8.512000000000000000e+03
4.426000000000000000e+03
4.428000000000000000e+03
4.429000000000000000e+03
3.320000000000000000e+02
3.350000000000000000e+02
3.360000000000000000e+02
4.433000000000000000e+03
4.430000000000000000e+03
4.439000000000000000e+03
4.440000000000000000e+03
3.450000000000000000e+02
4.441000000000000000e+03
3.510000000000000000e+02
2.401000000000000000e+03
3.540000000000000000e+02
3.550000000000000000e+02
2.404000000000000000e+03
3.570000000000000000e+02
8.549000000000000000e+03
8.550000000000000000e+03
2.408000000000000000e+03
4.457000000000000000e+03
2.410000000000000000e+03
4.956000000000000000e+03
2.412000000000000000e+03
8.557000000000000000e+03
8.558000000000000000e+03
2.413000000000000000e+03
4.463000000000000000e+03
8.555000000000000000e+03
2.921000000000000000e+03
1.061300000000000000e+04
4.959000000000000000e+03
3.750000000000000000e+02
3.760000000000000000e+02
3.770000000000000000e+02
3.780000000000000000e+02
3.790000000000000000e+02
8.572000000000000000e+03
1.061900000000000000e+04
3.820000000000000000e+02
4.475000000000000000e+03
2.433000000000000000e+03
4.962000000000000000e+03
3.970000000000000000e+02
4.010000000000000000e+02
4.050000000000000000e+02
1.064500000000000000e+04
1.064600000000000000e+04
1.064800000000000000e+04
1.064700000000000000e+04
1.064900000000000000e+04
1.065000000000000000e+04
1.065200000000000000e+04
4.509000000000000000e+03
1.065300000000000000e+04
1.065400000000000000e+04
4.160000000000000000e+02
1.065100000000000000e+04
4.519000000000000000e+03
4.240000000000000000e+02
2.473000000000000000e+03
4.250000000000000000e+02
4.280000000000000000e+02
4.290000000000000000e+02
4.300000000000000000e+02
4.350000000000000000e+02
4.533000000000000000e+03
4.534000000000000000e+03
4.535000000000000000e+03
4.536000000000000000e+03
4.410000000000000000e+02
4.420000000000000000e+02
4.430000000000000000e+02
4.440000000000000000e+02
4.537000000000000000e+03
6.590000000000000000e+03
4.543000000000000000e+03
4.544000000000000000e+03
4.400000000000000000e+02
4.510000000000000000e+02
8.648000000000000000e+03
4.559000000000000000e+03
4.560000000000000000e+03
4.650000000000000000e+02
4.562000000000000000e+03
1.070700000000000000e+04
4.566000000000000000e+03
4.700000000000000000e+02
4.568000000000000000e+03
1.071200000000000000e+04
1.071600000000000000e+04
4.573000000000000000e+03
2.527000000000000000e+03
4.800000000000000000e+02
4.810000000000000000e+02
2.530000000000000000e+03
4.850000000000000000e+02
4.586000000000000000e+03
4.910000000000000000e+02
4.940000000000000000e+02
4.591000000000000000e+03
4.970000000000000000e+02
8.689000000000000000e+03
2.556000000000000000e+03
5.090000000000000000e+02
8.700000000000000000e+03
5.110000000000000000e+02
5.120000000000000000e+02
5.080000000000000000e+02
5.150000000000000000e+02
2.568000000000000000e+03
4.617000000000000000e+03
2.569000000000000000e+03
4.620000000000000000e+03
5.250000000000000000e+02
5.290000000000000000e+02
2.585000000000000000e+03
4.633000000000000000e+03
5.400000000000000000e+02
1.109800000000000000e+04
1.078300000000000000e+04
4.639000000000000000e+03
4.640000000000000000e+03
5.480000000000000000e+02
5.490000000000000000e+02
5.510000000000000000e+02
1.110100000000000000e+04
1.080600000000000000e+04
5.680000000000000000e+02
2.617000000000000000e+03
5.710000000000000000e+02
5.720000000000000000e+02
1.081300000000000000e+04
2.622000000000000000e+03
2.623000000000000000e+03
4.672000000000000000e+03
4.673000000000000000e+03
2.624000000000000000e+03
5.750000000000000000e+02
2.628000000000000000e+03
5.730000000000000000e+02
8.774000000000000000e+03
2.630000000000000000e+03
5.820000000000000000e+02
8.769000000000000000e+03
5.860000000000000000e+02
8.781000000000000000e+03
5.900000000000000000e+02
1.083100000000000000e+04
5.970000000000000000e+02
6.000000000000000000e+02
2.649000000000000000e+03
6.020000000000000000e+02
1.084500000000000000e+04
4.710000000000000000e+03
6.170000000000000000e+02
1.085900000000000000e+04
2.670000000000000000e+03
6.230000000000000000e+02
6.240000000000000000e+02
6.260000000000000000e+02
4.724000000000000000e+03
4.725000000000000000e+03
4.726000000000000000e+03
6.360000000000000000e+02
4.733000000000000000e+03
9.420000000000000000e+02
6.580000000000000000e+02
6.590000000000000000e+02
6.600000000000000000e+02
6.620000000000000000e+02
1.090700000000000000e+04
6.700000000000000000e+02
2.719000000000000000e+03
2.720000000000000000e+03
2.722000000000000000e+03
6.740000000000000000e+02
4.771000000000000000e+03
4.773000000000000000e+03
4.780000000000000000e+03
4.782000000000000000e+03
6.830000000000000000e+03
2.736000000000000000e+03
4.783000000000000000e+03
2.735000000000000000e+03
6.910000000000000000e+02
2.739000000000000000e+03
2.740000000000000000e+03
6.940000000000000000e+02
6.835000000000000000e+03
6.838000000000000000e+03
4.785000000000000000e+03
1.093800000000000000e+04
7.020000000000000000e+02
7.040000000000000000e+02
1.094800000000000000e+04
4.805000000000000000e+03
1.094900000000000000e+04
2.760000000000000000e+03
7.130000000000000000e+02
7.140000000000000000e+02
6.859000000000000000e+03
6.861000000000000000e+03
2.767000000000000000e+03
6.863000000000000000e+03
7.200000000000000000e+02
7.240000000000000000e+02
7.320000000000000000e+02
7.340000000000000000e+02
2.783000000000000000e+03
2.788000000000000000e+03
7.420000000000000000e+02
1.098400000000000000e+04
1.099100000000000000e+04
7.510000000000000000e+02
1.099300000000000000e+04
2.802000000000000000e+03
7.540000000000000000e+02
1.099400000000000000e+04
7.550000000000000000e+02
7.600000000000000000e+02
7.620000000000000000e+02
4.859000000000000000e+03
7.680000000000000000e+02
7.710000000000000000e+02
6.917000000000000000e+03
7.820000000000000000e+02
6.927000000000000000e+03
4.880000000000000000e+03
1.102500000000000000e+04
1.102900000000000000e+04
1.103700000000000000e+04
8.010000000000000000e+02
8.020000000000000000e+02
2.853000000000000000e+03
2.864000000000000000e+03
2.878000000000000000e+03
8.300000000000000000e+02
4.928000000000000000e+03
4.929000000000000000e+03
8.320000000000000000e+02
8.350000000000000000e+02
1.107300000000000000e+04
9.030000000000000000e+03
6.983000000000000000e+03
4.936000000000000000e+03
4.935000000000000000e+03
8.420000000000000000e+02
6.987000000000000000e+03
8.440000000000000000e+02
4.941000000000000000e+03
8.510000000000000000e+02
4.951000000000000000e+03
4.952000000000000000e+03
4.953000000000000000e+03
8.580000000000000000e+02
7.002000000000000000e+03
7.003000000000000000e+03
4.957000000000000000e+03
7.004000000000000000e+03
4.954000000000000000e+03
4.960000000000000000e+03
4.955000000000000000e+03
4.958000000000000000e+03
4.961000000000000000e+03
4.964000000000000000e+03
4.965000000000000000e+03
4.966000000000000000e+03
8.630000000000000000e+02
4.963000000000000000e+03
4.969000000000000000e+03
4.968000000000000000e+03
8.740000000000000000e+02
2.918000000000000000e+03
2.925000000000000000e+03
4.967000000000000000e+03
7.023000000000000000e+03
7.024000000000000000e+03
7.025000000000000000e+03
7.026000000000000000e+03
4.970000000000000000e+03
4.972000000000000000e+03
2.933000000000000000e+03
8.850000000000000000e+02
4.983000000000000000e+03
9.078000000000000000e+03
2.619000000000000000e+03
4.988000000000000000e+03
4.990000000000000000e+03
8.940000000000000000e+02
8.950000000000000000e+02
4.993000000000000000e+03
8.970000000000000000e+02
8.990000000000000000e+02
9.000000000000000000e+02
8.960000000000000000e+02
5.000000000000000000e+03
9.099000000000000000e+03
2.961000000000000000e+03
2.964000000000000000e+03
2.971000000000000000e+03
7.069000000000000000e+03
7.070000000000000000e+03
5.032000000000000000e+03
9.360000000000000000e+02
9.370000000000000000e+02
7.083000000000000000e+03
7.084000000000000000e+03
9.400000000000000000e+02
5.038000000000000000e+03
2.991000000000000000e+03
9.390000000000000000e+02
9.430000000000000000e+02
9.450000000000000000e+02
7.091000000000000000e+03
7.092000000000000000e+03
7.093000000000000000e+03
7.094000000000000000e+03
5.046000000000000000e+03
5.048000000000000000e+03
9.136000000000000000e+03
9.460000000000000000e+02
5.049000000000000000e+03
7.100000000000000000e+03
3.005000000000000000e+03
5.052000000000000000e+03
3.004000000000000000e+03
7.105000000000000000e+03
9.630000000000000000e+02
3.012000000000000000e+03
9.650000000000000000e+02
7.113000000000000000e+03
3.018000000000000000e+03
7.116000000000000000e+03
3.020000000000000000e+03
5.068000000000000000e+03
5.069000000000000000e+03
3.024000000000000000e+03
5.071000000000000000e+03
5.070000000000000000e+03
9.850000000000000000e+02
9.860000000000000000e+02
3.035000000000000000e+03
3.036000000000000000e+03
5.085000000000000000e+03
3.038000000000000000e+03
5.086000000000000000e+03
9.940000000000000000e+02
3.042000000000000000e+03
7.140000000000000000e+03
9.960000000000000000e+02
3.050000000000000000e+03
3.051000000000000000e+03
1.009000000000000000e+03
1.010000000000000000e+03
1.015000000000000000e+03
5.112000000000000000e+03
3.065000000000000000e+03
3.066000000000000000e+03
3.067000000000000000e+03
7.168000000000000000e+03
9.220000000000000000e+03
1.030000000000000000e+03
9.222000000000000000e+03
7.176000000000000000e+03
3.083000000000000000e+03
3.084000000000000000e+03
7.180000000000000000e+03
5.140000000000000000e+03
3.093000000000000000e+03
1.049000000000000000e+03
5.145000000000000000e+03
1.054000000000000000e+03
9.248000000000000000e+03
1.056000000000000000e+03
3.105000000000000000e+03
3.106000000000000000e+03
1.061000000000000000e+03
1.067000000000000000e+03
1.068000000000000000e+03
1.130700000000000000e+04
1.070000000000000000e+03
1.071000000000000000e+03
1.131200000000000000e+04
1.073000000000000000e+03
3.120000000000000000e+03
3.123000000000000000e+03
1.131600000000000000e+04
1.131700000000000000e+04
1.078000000000000000e+03
1.131900000000000000e+04
5.168000000000000000e+03
1.072000000000000000e+03
1.082000000000000000e+03
1.083000000000000000e+03
3.132000000000000000e+03
1.132500000000000000e+04
1.086000000000000000e+03
1.132300000000000000e+04
5.185000000000000000e+03
9.282000000000000000e+03
1.132900000000000000e+04
1.090000000000000000e+03
8.765000000000000000e+03
7.235000000000000000e+03
7.237000000000000000e+03
7.238000000000000000e+03
1.133700000000000000e+04
7.234000000000000000e+03
1.100000000000000000e+03
5.197000000000000000e+03
1.105000000000000000e+03
3.165000000000000000e+03
1.122000000000000000e+03
5.220000000000000000e+03
7.268000000000000000e+03
1.126000000000000000e+03
1.127000000000000000e+03
7.273000000000000000e+03
1.130000000000000000e+03
9.323000000000000000e+03
5.227000000000000000e+03
3.182000000000000000e+03
1.135000000000000000e+03
5.233000000000000000e+03
5.234000000000000000e+03
1.138000000000000000e+03
7.282000000000000000e+03
7.285000000000000000e+03
7.281000000000000000e+03
3.191000000000000000e+03
3.192000000000000000e+03
3.193000000000000000e+03
3.194000000000000000e+03
3.197000000000000000e+03
1.150000000000000000e+03
1.152000000000000000e+03
7.297000000000000000e+03
1.158000000000000000e+03
1.140100000000000000e+04
3.210000000000000000e+03
1.163000000000000000e+03
1.141000000000000000e+04
3.220000000000000000e+03
9.365000000000000000e+03
3.223000000000000000e+03
7.322000000000000000e+03
7.323000000000000000e+03
9.372000000000000000e+03
3.231000000000000000e+03
1.185000000000000000e+03
1.186000000000000000e+03
1.187000000000000000e+03
9.380000000000000000e+03
9.381000000000000000e+03
3.243000000000000000e+03
1.195000000000000000e+03
7.343000000000000000e+03
1.144300000000000000e+04
1.144400000000000000e+04
3.254000000000000000e+03
1.209000000000000000e+03
1.213000000000000000e+03
7.358000000000000000e+03
7.359000000000000000e+03
1.214000000000000000e+03
9.409000000000000000e+03
1.216000000000000000e+03
1.220000000000000000e+03
1.221000000000000000e+03
3.270000000000000000e+03
3.269000000000000000e+03
1.224000000000000000e+03
1.226000000000000000e+03
1.227000000000000000e+03
1.229000000000000000e+03
1.230000000000000000e+03
1.231000000000000000e+03
5.329000000000000000e+03
5.332000000000000000e+03
3.291000000000000000e+03
1.244000000000000000e+03
3.293000000000000000e+03
1.246000000000000000e+03
1.148500000000000000e+04
1.248000000000000000e+03
1.249000000000000000e+03
1.251000000000000000e+03
7.396000000000000000e+03
1.150000000000000000e+04
7.405000000000000000e+03
7.404000000000000000e+03
7.406000000000000000e+03
1.262000000000000000e+03
3.313000000000000000e+03
3.321000000000000000e+03
1.286000000000000000e+03
1.152700000000000000e+04
1.152800000000000000e+04
1.152900000000000000e+04
3.346000000000000000e+03
3.348000000000000000e+03
3.351000000000000000e+03
3.355000000000000000e+03
1.074000000000000000e+03
7.459000000000000000e+03
7.460000000000000000e+03
1.324000000000000000e+03
1.325000000000000000e+03
3.372000000000000000e+03
7.477000000000000000e+03
1.334000000000000000e+03
7.479000000000000000e+03
7.480000000000000000e+03
7.478000000000000000e+03
1.159100000000000000e+04
9.543000000000000000e+03
1.159200000000000000e+04
3.409000000000000000e+03
3.411000000000000000e+03
1.373000000000000000e+03
1.385000000000000000e+03
1.388000000000000000e+03
1.392000000000000000e+03
1.163300000000000000e+04
1.163400000000000000e+04
1.395000000000000000e+03
3.443000000000000000e+03
1.397000000000000000e+03
1.398000000000000000e+03
1.163500000000000000e+04
5.496000000000000000e+03
1.163600000000000000e+04
1.403000000000000000e+03
1.404000000000000000e+03
9.597000000000000000e+03
3.457000000000000000e+03
3.458000000000000000e+03
3.459000000000000000e+03
3.460000000000000000e+03
5.510000000000000000e+03
5.511000000000000000e+03
1.416000000000000000e+03
3.471000000000000000e+03
3.472000000000000000e+03
3.492000000000000000e+03
9.640000000000000000e+03
3.503000000000000000e+03
3.504000000000000000e+03
3.508000000000000000e+03
3.509000000000000000e+03
7.606000000000000000e+03
7.605000000000000000e+03
7.608000000000000000e+03
1.466000000000000000e+03
2.734000000000000000e+03
1.470000000000000000e+03
3.522000000000000000e+03
7.618000000000000000e+03
5.577000000000000000e+03
5.578000000000000000e+03
3.531000000000000000e+03
1.492000000000000000e+03
3.542000000000000000e+03
5.591000000000000000e+03
7.641000000000000000e+03
1.497000000000000000e+03
5.605000000000000000e+03
1.512000000000000000e+03
1.513000000000000000e+03
1.516000000000000000e+03
5.614000000000000000e+03
5.615000000000000000e+03
5.616000000000000000e+03
1.519000000000000000e+03
1.518000000000000000e+03
1.176500000000000000e+04
1.525000000000000000e+03
1.529000000000000000e+03
1.530000000000000000e+03
5.627000000000000000e+03
1.532000000000000000e+03
5.629000000000000000e+03
5.630000000000000000e+03
5.633000000000000000e+03
5.634000000000000000e+03
5.635000000000000000e+03
5.636000000000000000e+03
5.637000000000000000e+03
9.736000000000000000e+03
9.737000000000000000e+03
1.547000000000000000e+03
3.596000000000000000e+03
3.599000000000000000e+03
3.601000000000000000e+03
1.556000000000000000e+03
1.560000000000000000e+03
5.662000000000000000e+03
1.567000000000000000e+03
1.569000000000000000e+03
5.681000000000000000e+03
3.635000000000000000e+03
3.636000000000000000e+03
5.688000000000000000e+03
3.643000000000000000e+03
3.646000000000000000e+03
1.130800000000000000e+04
1.600000000000000000e+03
3.650000000000000000e+03
1.602000000000000000e+03
3.654000000000000000e+03
3.656000000000000000e+03
3.657000000000000000e+03
3.658000000000000000e+03
3.659000000000000000e+03
3.660000000000000000e+03
3.661000000000000000e+03
3.662000000000000000e+03
3.663000000000000000e+03
3.664000000000000000e+03
3.665000000000000000e+03
7.762000000000000000e+03
7.763000000000000000e+03
7.765000000000000000e+03
7.766000000000000000e+03
7.767000000000000000e+03
7.768000000000000000e+03
7.769000000000000000e+03
1.626000000000000000e+03
1.625000000000000000e+03
1.641000000000000000e+03
1.188500000000000000e+04
1.188600000000000000e+04
1.652000000000000000e+03
1.189300000000000000e+04
1.654000000000000000e+03
1.655000000000000000e+03
3.704000000000000000e+03
1.189600000000000000e+04
1.658000000000000000e+03
3.707000000000000000e+03
7.807000000000000000e+03
1.664000000000000000e+03
1.190500000000000000e+04
7.809000000000000000e+03
7.810000000000000000e+03
1.665000000000000000e+03
1.676000000000000000e+03
1.678000000000000000e+03
1.687000000000000000e+03
3.743000000000000000e+03
1.697000000000000000e+03
1.698000000000000000e+03
1.699000000000000000e+03
3.751000000000000000e+03
1.710000000000000000e+03
7.855000000000000000e+03
1.711000000000000000e+03
1.714000000000000000e+03
1.715000000000000000e+03
1.716000000000000000e+03
1.728000000000000000e+03
1.731000000000000000e+03
1.736000000000000000e+03
1.737000000000000000e+03
5.837000000000000000e+03
5.838000000000000000e+03
3.789000000000000000e+03
3.791000000000000000e+03
3.813000000000000000e+03
3.815000000000000000e+03
3.816000000000000000e+03
9.959000000000000000e+03
1.771000000000000000e+03
1.773000000000000000e+03
1.775000000000000000e+03
1.776000000000000000e+03
9.978000000000000000e+03
1.786000000000000000e+03
5.884000000000000000e+03
1.799000000000000000e+03
1.800000000000000000e+03
1.801000000000000000e+03
1.818000000000000000e+03
3.867000000000000000e+03
1.826000000000000000e+03
1.829000000000000000e+03
1.830000000000000000e+03
1.845000000000000000e+03
3.893000000000000000e+03
3.896000000000000000e+03
3.898000000000000000e+03
7.998000000000000000e+03
7.999000000000000000e+03
1.856000000000000000e+03
3.905000000000000000e+03
1.858000000000000000e+03
1.005200000000000000e+04
5.963000000000000000e+03
3.916000000000000000e+03
1.870000000000000000e+03
3.920000000000000000e+03
3.921000000000000000e+03
1.878000000000000000e+03
1.887000000000000000e+03
3.940000000000000000e+03
5.994000000000000000e+03
1.899000000000000000e+03
1.009200000000000000e+04
1.900000000000000000e+03
3.950000000000000000e+03
3.947000000000000000e+03
6.001000000000000000e+03
6.004000000000000000e+03
6.010000000000000000e+03
3.968000000000000000e+03
3.970000000000000000e+03
1.011500000000000000e+04
1.011600000000000000e+04
1.011700000000000000e+04
3.971000000000000000e+03
1.011900000000000000e+04
1.012000000000000000e+04
1.012100000000000000e+04
1.011800000000000000e+04
1.931000000000000000e+03
1.012200000000000000e+04
1.933000000000000000e+03
1.012400000000000000e+04
4.001000000000000000e+03
1.954000000000000000e+03
1.014700000000000000e+04
1.961000000000000000e+03
1.015900000000000000e+04
1.968000000000000000e+03
8.120000000000000000e+03
8.121000000000000000e+03
1.017000000000000000e+04
6.079000000000000000e+03
4.035000000000000000e+03
4.037000000000000000e+03
6.088000000000000000e+03
1.993000000000000000e+03
6.098000000000000000e+03
2.003000000000000000e+03
6.100000000000000000e+03
6.101000000000000000e+03
6.102000000000000000e+03
6.099000000000000000e+03
1.020500000000000000e+04
1.020800000000000000e+04
2.017000000000000000e+03
2.018000000000000000e+03
2.019000000000000000e+03
1.020900000000000000e+04
2.021000000000000000e+03
6.114000000000000000e+03
2.016000000000000000e+03
2.024000000000000000e+03
2.025000000000000000e+03
6.126000000000000000e+03
1.022300000000000000e+04
6.131000000000000000e+03
2.036000000000000000e+03
2.035000000000000000e+03
6.134000000000000000e+03
4.090000000000000000e+03
6.141000000000000000e+03
